42_54
42
54
42_54
54
42
50_62
50
42
42_62
49_61
49
42
42_61
48_60
48
42
42
40
60
40
42_54_66
42
54
54
42
54_66
42
50_62_74
50
42
42_62_74
49_61_73
49
42
42_61_73
48_60_72
48
40
40
43
60_72
43
38_42_42_54_66
38
38
38
38
38
38
38
38
38
38
38
38
38
38
38
38
38
38
38
38
38
38
38
38
38
38
38
42
38
38
38
38
38
38
38
42_54_54
38
38
38
38
38
38
38
38
38
38
38
38
38
38
38
38
38
38
38
38
38
38
38
38
38
38
38
54
38
38
38
38
38
38
38
42_42_54
38
38
38
38
38
38
38
38
38
38
38
38
38
38
54_66
38
38
38
38
38
38
38
38
38
38
38
38
38
38_42
38
38
38
38
38
38
42_50_50_62_74
38
38
38
38
38
38
38
38
38
38
38
38
38
38
38
38
38
38
38
38
38
38
38
38
38
38
38
38
38
38
38
38
38
38
38
38
38
38
38
38
38
38
38
38
38
38
38
38
38
38
38
38
38
38
38
38
38
38
38
38
38
38
38
38
38
38
38
38
38
38
38
38
38
38
38
38
38
38
38
38
38
38
38_50
38
38
38
38
38
38
38
38
38
38
38
38
38
38
38
38
38
38
38
38
42_42_50
38
38
38
38
38
38
38
38
38
38
38
38
38
38
38
38
38
38
38
38
38
38
38
38
38
38
38
38_42_62_74
38
38
38
38
38
38
38_42_49_49_61_73
38
38
38
38
38
38
38
38
38
38
38
38
38
38
38
38
38
38
38
38
38
38
38
38
38
38
38
38
38
38
38
38
38
38
38
38
38
38
38
38
38
38
38
38
38
38
38
38
38
38
38
38
38
38
38
38
38
38
38
38
38
38
38
38
38
38
38
38
38
38
38
38
38
38
38
38
38
38
38
38
38
38
38
38
38
38
49
38
38
38
38
38
38
38
38
38
38
38
38
38
38
42_42_49
38
38
38
38
38
38
38
38
38
38
38
38
38
38
38
38
38
38
38
38
38
38
38
38
38
38
38
38_42_61_73
38
38
38
38
38
38
42_48_48_60_72
38
38
38
38
38
38
38
38
38
38
38
38
38
38
38
38
38
38
38
38
38
38
38
38
38
38
38
38
38
38
38
38
38
38
38
38
38
38
38
38
38
38
38
38
38
38
38
38
38
38
38
38
38
38
38
38
38
38
38
38
38
38
38
38
38
38
38
38
38
38
38
38
38
38
38
38
38
38
38
38
38
38
38_48
38
38
38
38
38
38
38
38
38
38
38
38
38
38
38
38
38
38
38
38
42_42_48
38
38
38
38
38
38
38
38
38
38
38
38
38
38
38
38
38
38
38
38
38
38
38
38
38
38
38
38_42
38
38
38
38
38
38
38_40_40_42
38
38
38
38
38
38
38
38
38
38
38
38
38
38
38
38
38
38
38
38
60_72
38
38
38
38
38
38
38
40
38
38
38
38
38_40_42_42_54_66
38
38
38
38
38
38
38
38
38
38
38
38
38
38
38
38
38
38
38
38
38
38
38
38
38
38
38
42
38
38
38
38
38
38
38
42_54_54
38
38
38
38
38
38
38
38
38
38
38
38
38
38
38
38
38
38
38
38
38
38
38
38
38
38
38
54
38
38
38
38
38
38
38
42_42_54
38
38
38
38
38
38
38
38
38
38
38
38
38
38
54_66
38
38
38
38
38
38
38
38
38
38
38
38
38
38_42
38
38
38
38
38
38
42_50_50_62_74
38
38
38
38
38
38
38
38
38
38
38
38
38
38
38
38
38
38
38
38
38
38
38
38
38
38
38
38
38
38
38
38
38
38
38
38
38
38
38
38
38
38
38
38
38
38
38
38
38
38
38
38
38
38
38
38
38
38
38
38
38
38
38
38
38
38
38
38
38
38
38
38
38
38
38
38
38
38
38
38
38
38
38_50
38
38
38
38
38
38
38
38
38
38
38
38
38
38
38
38
38
38
38
38
42_42_50
38
38
38
38
38
38
38
38
38
38
38
38
38
38
38
38
38
38
38
38
38
38
38
38
38
38
38
38_42_62_74
38
38
38
38
38
38
38_42_49_49_61_73
38
38
38
38
38
38
38
38
38
38
38
38
38
38
38
38
38
38
38
38
38
38
38
38
38
38
38
38
38
38
38
38
38
38
38
38
38
38
38
38
38
38
38
38
38
38
38
38
38
38
38
38
38
38
38
38
38
38
38
38
38
38
38
38
38
38
38
38
38
38
38
38
38
38
38
38
38
38
38
38
38
38
38
38
38
38
38
38
38
38
49
38
38
38
38
38
38
38
38
38
38
38
38
38
38
42_42_49
38
38
38
38
38
38
38
38
38
38
38
38
38
38
38
38
38
38
38
38
38
38
38
38
38
38
38
38_42_61_73
38
38
38
38
38
38
42_48_48_60_72
38
38
38
38
38
38
38
38
38
38
38
38
38
38
38
38
38
38
38
38
38
38
38
38
38
38
38
38
38
38
38
38
38
38
38
38
38
38
38
38
38
38
38
38
38
38
38
38
38
38
38
38
38
38
38
38
38
38
38
38
38
38
38
38
38
38
38
38
38
38
38
38
38
38
38
38
38
38
38
38
38
38
38_48
38
38
38
38
38
38
38
38
38
38
38
38
38
38
38
38
38
38
38
38
40_40_48
38
38
38
38
38
38
38
38
38
38
38
38
38
38
38
38
38
38
38
38
38
38
38
38
38
38
38
38_40
38
38
38
38
38
38
38_40_43_43
38
38
38
38
38
38
38
38
38
38
38
38
38
38
38
38
38
38
38
38
60_72
38
38
38
38
38
38
38
43
38_42_42_43_54_66
38
42
38_42_54_54
38
38
54
38
30_35_38_42_42_46_54
35_38_46_54_66
42
38_42_50_50_62_74
38
38
38
38
38
38
30
38_50
38
38
35_38_42_42_50
35_38
38
42_62_74
38
38_42_49_49_61_73
38
38
38
38
38
38
38
38
49
38
30_35_38_42_42_49
35_38
42_61_73
38_42_48_48_60_72
38
38
38
38
38
38
30
38_48
38
38
35_38_42_42_48
35_38
38
42
38
38_40_40_42
38
38
60_72
40
38
38_40_42_42_54_66
38
42
38_42_54_54
38
38
54
38
30_35_38_42_42_46_54
35_38_46_54_66
42
38_42_50_50_62_74
38
38
38
38
38
38
30
38_50
38
38
35_38_42_42_50
35_38
38
42_62_74
38
38_42_49_49_61_73
38
38
38
38
38
38
38
38
49
38
30_35_38_42_42_49
35_38
42_61_73
38_42_48_48_60_72
38
38
38
38
38
38
38
38
30
38_48
38
38
35_38_40_40_48
35_38
38
40
38
38_40_43_43
38
38
60_72
43
38
38_42_42_43_54_66
38
42
38_42_54_54
38
38
54
38
30_35_38_42_42_46_54
35_38_46_54_66
42
38_42_50_50_62_74
38
38
38
38
38
38
38
38
30
38_50
38
38
35_38_42_42_50
35_38
38
42_62_74
38
38_42_49_49_61_73
38
38
38
38
38
38
38
38
49
38
30_35_38_42_42_49
35_38
42_61_73
38_42_48_48_60_72
38
38
38
38
38
38
38
38
30
38_48
38
38
35_38_42_42_48
35_38
38
42
38
38_40_40_42
38
38
60_72
40
38
38_40_42_42_54_66
38
42
38_42_54_54
38
38
54
38
30_35_38_42_42_46_54
35_38_46_54_66
42
38_42_50_50_62_74
38
38
38
38
38
38
38
38
30
38_50
38
38
35_38_42_42_50
35_38
38
42_62_74
38
38_42_49_49_61_73
38
38
38
38
38
38
38
38
49
38
30_35_38_42_42_49
35_38
42_61_73
38_42_48_48_60_72
38
38
38
38
38
38
38
38
30
38_48
38
38
28_35_38_40_40_48_49_57
28_35_38_40_49_57
31_35_38_40_43_43_49_57
60_72
31_35_38_43_49_57
30_35_42_43_46_49_57_78
35_46_49
30_30_42_46_54
46
30_30_38_42_46_54_57
78
38_46
30_30_42_46_50_74
46
30_30_35_46
35_46
30_30_46
46
30_30_38_42_46_50
74
38_46
30_30_42_46_49_73
46
30_30_35_46
35_46
30_30_46
46
30_30_38_42_46_49
73
38_46
30_30_42_46_48_72
46
30_30_35_46
35_46
30_30_46
46
30_30_38_42_46_48_57
72
38_46_57
28_30_35_40_42_46_57
35_46_57
28_30_35_40_42_46_54_57_66
35_46_57
30_30_42_46_54
46
30_30_38_42_46_54
54_66
38_46
30_30_42_46_50_62_74
46
30_30_35_46
35_46
30_30_46
46
30_30_38_42_46_50
38_46_62_74
30_30_42_46_49_61_73
46
30_30_35_46
35_46
30_30_46
46
30_30_38_42_46_49
38_46_61_73
30_30_42_46_48_60_72
46
30_30_35_46
35_46
30_30_46
46
28_30_38_40_46_48_57
38_46_57
28_31_35_40_43_46_57
60_72
35_46_57
30_31_35_42_43_46_57_78
35_46_57
30_30_42_46_54
46
30_30_38_42_46_54
78
38_46
30_30_42_46_50_74
46
30_30_35_46
35_46
30_30_46
46
30_30_38_42_46_50
74
38_46
30_30_42_46_49_73
46
30_30_35_46
35_46
30_30_46
46
30_30_38_42_46_49
73
38_46
30_30_42_46_48_72
46
30_30_35_46
35_46
30_30_46
46
30_30_38_42_46_48_57
72
38_46_57
28_30_35_40_42_46_57
35_46_57
28_30_35_40_42_46_54_57_66
35_46_57
30_30_42_46_54
46
30_30_38_42_46_54
54_66
38_46
30_30_42_46_50_62_74
46
30_30_35_46
35_46
30_30_46
46
30_30_38_42_46_50
38_46_62_74
30_30_42_46_49_61_73
46
30_30_35_46
35_46
30_30_46
46
30_30_38_42_46_49
38_46_61_73
30_30_42_46_48_60_72
46
30_30_35_46
35
38
38_46
30_30_38_46
38
46
28_30_35_40_46_48
35
38
38_46
28_31_38_40_43_46
38
60_72
46
30_31_35_42_43_46_49_54_57
30_35_46_57
28_40_42_46_47_49_52_54
28_46
28_38_40_40_46_47_47_52_52
28_38_46
33_40_45_46_47_52_52_57_74
33_46_74
30_35_42_45_46_49_52_54_57_74
30_35_46_74
30_46_74
30_46
30_38_42_42_46_49_54
74
30_38_46
30_42_42_46_74
30_46
30_35_42_42_46
30_35_46_74
42
30_42_46_73
30_46
42
30_38_42_46
73
30_38_46
42
30_42_46
30_46
42
30_35_42_46
30_35_46
42
30_42_46
30_46
42
30_38_42_46
30_38_46
42
30_42_46
30_46
42
30_35_42_46_49_54
30_35_46
28_40_42_46_47_49_52_54
28_46
28_38_40_40_46_47_47_52_52
28_38_46
33_40_45_46_47_52_52_57_74
33_46_74
30_35_42_45_46_49_52_54_57_74
30_35_46_74
30_46_74
30_46
30_38_42_42_46_49_54
74
30_38_46
30_42_42_46_74
30_46
30_35_42_42_46
35_46_74
42
30_30_42_46_73
46
42
30_30_38_42_46
73
38_46
42
30_30_42_46
46
42
30_30_35_42_46
35_46
42
30_30_35_42_46
35_46
42
30_30_38_42_46_49
38_46_49
42
30_30_42_46
46
42
30_30_35_42_46_49_54_66
35_46_66
28_30_40_42_46_47_49_52_54_64
46_64
28_28_38_40_40_46_47_47_52_52_64
38_46_64
28_33_40_45_46_47_52_52_57_69
46_69
30_33_35_42_45_46_49_52_54_57_66
35_46
30_30_46
66
46
30_30_38_42_46_49_54
38_46
30_30_42_46_49_54_66
46_66
30_30_35_42_42_46_49_49_54_54_66
35_46_66
28_30_40_42_46_47_49_52_54_64
46_64
28_28_38_40_40_46_47_47_52_52_64
38_46_64
28_33_40_45_46_47_52_52_57_69
46_69
28_33_35_40_45_46_47_52_52_57_64
35_46
28_28_46
64
46
28_28_38_40_46_47_52
38_46
28_30_42_46_49_54_66
46_66
30_30_35_42_42_46_49_49_54_54_66
35_46_66
28_30_40_42_46_47_49_52_54_64
46_64
28_28_38_40_40_46_47_47_52_52_64
38_46_64
28_33_40_45_46_47_52_52_57_69
46_69
30_33_35_42_45_46_49_52_54_57_66
35_46
30_30_46
66
46
30_30_38_42_46_49_54
38_46
30_30_42_46_49_54_66
46_66
30_30_35_42_42_46_49_49_54_54_66
35_46_66
28_30_35_40_42_46_47_49_52_54_64
35_46_64
28_28_38_40_40_46_47_47_49_52_52_64
38_46_49
46
64
46
28_35_37_40_46_47_49_52_56_61_73
35_46_73
35_37_46_47_49_54_56_59_61_71
46_71
35_35_38_46_47_47_54_54_59_59_71
38_46
46
71
46
30_35_35_42_46_47_49_54_54_57_59_66
35_46_57_66
28_30_40_42_46_47_49_52_54_64
46_64
28_28_38_40_40_46_47_47_52_52_64
38_46_64
28_33_40_45_46_47_52_52_57_69
46_69
30_33_35_42_45_46_49_52_54_57_66
35_46
30_30_46
66
46
30_30_38_42_46_49_54
38_46
30_30_42_46_49_54_66
46_66
30_30_35_42_42_46_49_49_54_54_66
35_46_66
28_30_40_42_46_47_49_52_54_64
46_64
28_28_38_40_40_46_47_52_52_64
38_46_64
28_33_40_45_46_52_52_57_69
46_69
28_33_35_40_45_46_47_52_52_57_64
35_46
28_28_46
64
46
28_28_38_40_46_47_52_57
38_46_57
28_30_42_46_49_54_66
46_66
30_30_35_42_42_46_49_49_54_54_66
35_46_66
28_30_40_42_46_47_49_52_54_64
46_64
28_28_38_40_40_46_47_47_52_52_64
38_46_64
28_33_40_45_46_47_52_52_57_69
46_69
30_33_35_42_45_46_49_52_54_57_66
35_46
30_30_35_46
66
35_46
30_30_38_42_46_49_54
38_46
30_30_42_46_49_54_66
46_66
30_30_35_42_42_46_49_49_54_54_66
35_46_66
30_31_35_42_43_46_49_50_54_55_67
35_46_67
31_31_38_43_43_49_50_50_55_55_67
38_49
46
46
35
35
38
67
38
35_38
35_38
31_31_41_43_43_43_43_50_55
43
41_43
30_31_38_42_42_43
38
38
42
38
28_30_35_40_40_42_57_59
35_57_59
59
59
40_47_59
59
35_47_52_59
35_59
28_38_40_52_54_59
38_59
54_55_59
59
52_55_59
40
52_54
59
35_38_40_52_54_59
50_52
35_59
35_37_38_49_50_59
35_59
49_49_59
59
49_55_59
59
35_49_55_59
35_59
38_49_59_59
38_59
55_59_59
59
31_37_43_43_55_59
59
30_31_35_42_42_43_43_59
35_59
28_30_35_40_40_42_42_57_59
35_57_59
59
59
40_47_59
59
35_47_52_59
35_59
28_38_38_38_40_52_54_59
38_59
54_55_59
59
55_57_59
59
35_57_59_61
61_62
35_59
33_35_38_38_45_59_61_62
35_59
59
59
59
59
38_57_61
38
38_57_59
38
31_33_35_43_45_50_55_57_59_59
35_57
43_55_59
43
43
43
31_33_35_43_45_49_50_52_55_55_57_57_57
35_49_57
41_54_57
41
41
41
28_33_35_40_40_45_52_54_57_57_59
35_57_59
59
59
40_47_59
59
35_47_52_59
35_59
38_52_54_59
38_59
54_55_59
59
28_40_52_55_59
52_54
59
35_38_40_52_54_59
50_52
35_59
35_37_38_40_49_50_59
35_59
49_49_59
59
49_55_59
59
35_49_55_59
35_59
38_49_59_59
38_59
55_59_59
59
37_43_43_43_55_59
59
35_42_42_42_43_43_43_59
35_59
35_40_40_40_42_42_42_57_59
35_40_57_59
35_59
35_59
40_40_47_59
40_59
35_35_47_52_59
35_35_59
38_38_38_40_52_54_59
38_59
54_55_59
59
55_57_59
38_59
35_37_57_59_61
61_62
35_59
33_35_37_38_45_57_59_61_62
35_57_59
59
59
59
59
33_33_35_45_45_57_59_61
35_59
31_33_38_43_45_57_59_59
38_59
59
59
59
59
35_59
35_59
35_59
35_59
59
59
59
59
35_59
35_59
35_38_42_42_42_43_54_59
38
38
38
38
38
38
38
38
38
38
38
38
38
38
38
38
38
38
38
38
38
38
38
38
38
38
38
42
38
38
38
38
38
38
38
42_54_54
38
38
38
38
38
38
38
38
38
38
38
38
38
38
38
38
38
38
38
38
35_59
38
38
38
38
38
38
38
38
38
38
38
38
38
38
42_42_54_54
38
38
38
38
38
38
38
38
38
38
38
38
38
38
31_54_59
38
38
38
38
38
38
38
38
38
38
38
38
38
38_42
38
38
38
38
38
38
42_50_50_62
38
38
38
38
38
38
38
38
38
38
38
38
38
38
38
38
38
38
38
38
38
38
38
38
38
38
38
38
38
38
38
38
38
38
38
38
38
38
38
38
38
38
38
38
38
38
38
38
38
38
38
38
38
38
38
38
38
38
38
38
38
38
38
38
38
38
38
38
38
38
38
38
38
38
38
38
38
38
38
38
38
38
38_50
38
38
38
38
38
38
38
38
38
38
38
38
38
38
38
38
38
38
38
38
42_42_50
38
38
38
38
38
38
38
38
38
38
38
38
38
38
38
38
38
38
38
38
38
38
38
38
38
38
38
38_42_62
38
38
38
38
38
38
38_42_49_49_61
38
38
38
38
38
38
38
38
38
38
38
38
38
38
38
38
38
38
38
38
38
38
38
38
38
38
38
38
38
38
38
38_42
38
38
38
38
38
38
38
38
38
38
38
38
38
38
38
38
38
38
38
38
38
38
38
38
38
38
38
38
38
38
38
38
38
38
38
38
38
38
38
38
38
38
38
38
38
38
38
38
38
38
38
38
38
38
49
38
38
38
38
38
38
38
38
38
38
38
38
38
38
30_42_42_44_49
38
38
38
38
38
38
38
38
38
38
38
38
38
38
38
38
38
38
38
38
38
38
38
38
38
38
38
38_42_61
38
38
38
38
38
38
42_48_48_60
38
38
38
38
38
38
38
38
38
38
38
38
38
38
38
38
38
38
38
38
38
44
38
38
38
38
38
38
38
38
38
38
38
38
38
30_30_38_44
38
38
38
38
38
38
38
38
38
38
38
38
38
38
38
38
38
38
38
38
38
38
38
38
38
38
38
38
38
38
38
38
38
38
38
38
38
38
38
38
38
38
38
38
38
38
38
38_48
38
38
38
38
38
38
38_44
38
38
38
38
38
38
38
38
38
38
38
38
38
30_30_42_42_44_48
38
38
38
38
38
38
38
38
38
38
38
38
38
38
38
38
38
38
38
38
38
38
38
38
38
38
38
38_42
38
38
38
38
38
38
38_40_40_42
38
38
38
38
38
38
38
38
38
38
38
38
38
38
38
38
38
38
38
38
44_60
38
38
38
38
38
38
38
40
38
38
38
38
38
38
38
30_30_38_40_42_42_44_54_66
38
38
38
38
38
38
38
38
38
38
38
38
38
38
38
38
38
38
38
38
38
38
38
38
38
38
38
38
42
38
38
38
38
38
38
38
42_54_54
38
38
38
38
38
38
38
38
38
38
38
38
38
38
38
38
38
38
38
38
44
38
38
38
38
38
38
38
54
38
38
38
38
38
38
38
30_30_42_42_44_54
38
38
38
38
38
38
38
38
38
38
38
38
38
38
54_66
38
38
38
38
38
38
38
38
38
38
38
38
38
38_42
38
38
38
38
38
38
42_50_50_62_74
38
38
38
38
38
38
38
38
38
38
38
38
38
38
38
38
38
38
38
38
38
44
38
38
38
38
38
38
38
38
38
38
38
38
38
30_30_38_44
38
38
38
38
38
38
38
38
38
38
38
38
38
38
38
38
38
38
38
38
38
38
38
38
38
38
38
38
38
38
38
38
38
38
38
38
38
38
38
38
38
38
38
38
38
38
38
38_50
38
38
38
38
38
38
38_44
38
38
38
38
38
38
38
38
38
38
38
38
38
30_30_42_42_44_50
38
38
38
38
38
38
38
38
38
38
38
38
38
38
38
38
38
38
38
38
38
38
38
38
38
38
38
38_42_62_74
38
38
38
38
38
38
38_42_49_49_61_73
38
38
38
38
38
38
38
38
38
38
38
38
38
38
38
38
38
38
38
38
44
38
38
38
38
38
38
38
38
38
38
38
38
38
38
30_30_38_44
38
38
38
38
38
38
38
38
38
38
38
38
38
38
38
38
38
38
38
38
38
38
38
38
38
38
38
38
38
38
38
38
38
38
38
38
38
38
38
38
38
38
38
38
38
38
38
38
38
38
38
38
38
38
38
44_49
38
38
38
38
38
38
38
38
38
38
38
38
38
38
30_30_42_42_44_49
38
38
38
38
38
38
38
38
38
38
38
38
38
38
38
38
38
38
38
38
38
38
38
38
38
38
38
38_42_61_73
38
38
38
38
38
38
42_48_48_60_72
38
38
38
38
38
38
38
38
38
38
38
38
38
38
38
38
38
38
38
38
38
44
38
38
38
38
38
38
38
38
38
38
38
38
38
30_30_38_38
38
38_48_48
38
38_48_48
38
38_47_48
38
38_47_47
38
38_47_47
38
38_45_47
38
38_45_45
38
38_45_45
38
38_43_45
38
38
38_43_43
38
38_43_43
38_38
38_41_43
38
38_41_41
38
38_41_41
38
38_40_41
38
38_40_40
38
38_40_40
38
38_38_40
38
38_38_38
38
38_38_38
38
38
36_38_38
38
36_36_38
38
38
36_36_38
38
35_36_38_48
38
35_35_38
38
35_35_38
38
33_35_38
38
33_33_38
38
33_33_38
38
31_33_38
38
31_31_38
38
31_31_38_38
38
29_31_38
38
29_29_38
30_30_38_40
38
29_29_38
38
28_29_38
38
28_28_38
38
28_28_38
38
26_28_38
38
26_26_38
38
26_26_38
38
24_26_38
38
24_24_38
38_38
24_24_38
38
23_24_38
38
38
23_23_38
38
23_23_38
38
23_38_40
38
38
38
38
38
38
38_43
38
38
38
38
38
38
38
38
38
38
38
38
38
38
38
38
38
38
38
38
38
38
60_72
38
38
38
38
38
38
38
43
38
30_30_35_42_42_46_57
35_42_46_57
30_30_42_46_54_54
46_54
30_30_38_42_42_46_54
38_42_46
30_30_42_46_50_50
46
30_30_35_46
35_46
30_30_46
50
46
30_30_38_42_42_46_50
38_42_46
30_30_42_46_49_49
46
30_30_35_46
35_46
30_30_46
49
46
30_30_38_42_42_46_49
38_42_46
30_30_42_46_48_48
46
30_30_35_46
35_46
30_30_46
48
46
30_30_38_42_42_46_48_57
38_42_46_57
30_30_35_40_40_42_46_57
35_40_46_57
30_30_35_40_42_42_46_54_57_66
35_42_46_57
30_30_42_46_54_54
46_54
30_30_38_42_42_46_54
54_66
38_42_46
30_30_42_46_50_50_62_74
46
30_30_35_46
35_46
30_30_46
50
46
30_30_38_42_42_46_50
38_42_46_62_74
30_30_42_46_49_49_61_73
46
30_30_35_46
35_46
30_30_46
49
46
30_30_38_42_42_46_49
38_42_46_61_73
30_30_42_46_48_48_60_72
46
30_30_35
35
38_46
38_46
30_30_38
38_48
30_30_38_40_40_48
38
40
30_30_38_40_43_43
38
38
60_72
43
38
30_30_35_42_43_46_49_54_57_66
35_46_57_66
28_30_40_42_46_47_49_52_54_64
46_64
28_28_38_40_40_46_47_47_52_52_64
38_46_64
28_33_40_45_46_47_52_52_57_69
46_69
30_33_35_42_45_46_49_52_54_57_66
35_46
30_30_46
66
46
30_30_38_42_46_49_54
38_46
30_30_42_46_49_54_66
46_66
30_30_35_42_42_46_49_49_54_54_66
35_46_66
28_30_40_42_46_47_49_52_54_64
46_64
28_28_38_40_40_46_47_47_52_52_64
38_46_64
28_33_40_45_46_47_52_52_57_69
46_69
28_33_35_40_45_46_47_52_52_57_64
35_46
28_28_46
64
46
28_28_38_40_46_47_52
38_46
28_30_42_46_49_54_66
46_66
30_30_35_42_42_46_49_49_54_54_66
35_46_66
28_30_40_42_46_47_49_52_54_64
46_64
28_28_38_40_40_46_47_47_52_52_64
38_46_64
28_33_40_45_46_47_52_52_57_69
46_69
30_33_35_42_45_46_49_52_54_57_66
35_46
30_30_46
66
46
30_30_38_42_46_49_54
38_46
30_30_42_46_49_54_66
46_66
30_30_35_42_42_46_49_49_54_54_66
35_46_66
28_30_35_40_42_46_47_49_52_54_64
35_46_64
28_28_38_40_40_46_47_47_49_52_52_64
38_46_49
46
64
46
28_35_37_40_46_47_49_52_56_61_73
35_46_73
35_37_46_47_49_54_56_59_61_71
46_71
35_35_38_46_47_47_54_54_59_59_71
38_46
46
71
46
30_35_35_42_46_47_49_54_54_57_59_66
35_46_57_66
28_30_40_42_46_47_49_52_54_64
46_64
28_28_38_40_40_46_47_47_52_52_64
38_46_64
28_33_40_45_46_47_52_52_57_69
46_69
30_33_35_42_45_46_49_52_54_57_66
35_46_66
30_30_46_66
46_66
30_30_38_42_46_49_54_57
38_46_57
30_30_42_46_49_54_66
46_66
30_30_35_42_42_46_49_49_54_54_66
35_46_66
28_30_40_42_46_47_49_52_54_64
46_64
28_28_38_40_40_46_47_47_52_52_64
38_46_64
28_33_40_45_46_47_52_52_57_69
46_69
28_33_35_40_45_46_47_52_52_57_64
35_46_64
28_28_46_64
46_64
28_28_38_40_46_47_52_57
38_46_57
28_30_42_46_49_54_66
46_66
30_30_35_42_42_46_49_49_54_54_66
35_46_66
28_30_40_42_46_47_49_52_54_64
46_64
28_28_38_40_40_46_47_47_52_52_64
38_46_64
28_33_40_45_46_47_52_52_57_69
46_69
30_33_35_42_45_46_49_52_54_57_66
35_46
30_30_35_46
66
35_46
30_30_38_42_46_49_54_57
38_46_57
30_30_42_46_49_54_66
46_66
30_30_35_42_42_46_49_49_54_54_66
35_46_66
30_31_35_42_43_49_50_54_55_67
35_67
31_31_38_43_43_50_50_55_55_67
38
38
38
38
38
35
35
38
38
38
67
38
31_31_43_43_43_50_55
43
41
41
30_31_38_42_43
38
28_30_35_40_40_42_57_59
35_57_59
59
59
40_47_59
59
35_47_52_59
35_59
28_38_40_52_54_59
38_59
54_55_59
59
52_55_59
40
52_54
59
35_38_40_52_54_59
50_52
35_59
35_37_38_49_50_59
35_59
49_49_59
59
49_55_59
59
59
59
35_49_55_59
35_59
38_49_59_59
38_59
55_59_59
59
59
59
31_37_43_43_55_59
59
30_31_35_42_42_43_43_59
35_59
28_30_35_40_40_42_42_59
35_59
59
59
40_47_59
59
35_47_52_59
35_59
28_38_38_38_40_52_54_59
38_59
54_55_59
59
55_57_59
59
35_57_59_59_61
61_62
35_59_59
33_35_38_38_45_59_61_62
35_59
59
59
59
59
38_57_61
38
38_57_59
38
31_33_35_43_45_50_55_57_59_59
35_57
43_55_59
43
43
43
31_33_35_43_45_49_50_52_55_55_57_57_57
35_49_57
41_54_57
41
41
41
28_33_35_40_40_45_52_54_57_57_59
35_57_59
59
59
40_47_59
59
35_47_52_59
35_59
38_52_54_59
38_59
54_55_59
59
28_40_52_55_59
40
52_54
59
35_38_40_52_54_59
50_52
35_59
35_37_38_49_50_59
35_59
49_49_59
59
59
59
49_55_59
59
35_49_55_59
35_59
38_49_59_59
38_59
55_59_59
59
59
59
31_37_43_43_55_59
59
30_31_35_42_42_43_43_59
35_59
28_30_35_40_40_42_42_59
35_59
59
59
59
59
40_47_59
59
28_28_35_47_52_59
35_59
28_38_38_38_40_52_54_59
38_59
54_55_59
59
59
59
55_57_59
59
35_38_38_57_59_61
61_62
35_59
33_35_38_38_45_59_61_62
35_59
59
59
59
59
38_57_61
38
38_57_59
38
31_33_35_43_45_50_55_57_59_59
35_57
43_55_59
43
43
31
43
33_35_43_45_49_50_52_55_55_57_57_57
35_49_57
41_54_57
41
41
33
41
28_35_40_40_45_52_54_57_59
35_59
59
59
40_47_59
59
35_47_52_59
35_59
28_38_40_52_54_59
38_59
54_55_59
59
52_55_59
40
52_54
59
35_52_54_59
50_52
35_59
33_35_40_49_50_59
35_59
49_49_59
59
59
59
49_55_59
59
35_49_55_59
35_59
33_38_45_49_59_59
38_59
55_59_59
59
43_43_43_45_55_59
59
35_42_42_42_43_43_43_59
35_59
35_40_40_40_42_42_42_59
35_59
59
59
35_40_59
59
35_40_40_47_59
59
35_35_40_47_52_59
35_59
35_38_38_38_40_52_54_59
38_59
54_55_59
59
55_57_59
59
35_38_38_57_59_61
61_62
35_59
33_35_38_38_45_59_61_62
35_59
59
59
59
59
59
59
59
59
59
59
59
33_59_61
33_35_57_59
33_35_57_59
31_35_43_45_59_59
35_59
59
59
59
59
59
59
59
59
59
59
59
59
31_59
31_59
31_59
30_35_38_42_42_43_54_66
38
38
38
38
38
38
38
38
38
38
38
38
38
38
38
38
38
38
38
38
38
38
38
38
38
38
38
35_42
38
38
38
38
38
38
38
30_30_54
38
38
38
38
38
38
38
38
38
38
38
38
38
38
38
38
38
38
38
38
38
38
38
38
38
38
38
38
38
38
38
38
38
38
30_30_42_54
38
38
38
38
38
38
38
38
38
38
38
38
38
38
54_66
38
38
38
38
38
38
38
38
38
38
38
38
38
38_42
38
38
38
38
38
38
30_30_50_62_74
38
38
38
38
38
38
38
38
38
38
38
38
38
38
38
38
38
38
38
38
38
38
38
38
38
38
38
38
38
38
38
38
38
38
30_30_38
38
38
38
38
38
38
38
38
38
38
38
38
38
38
38
38
38
38
38
38
38
38
38
38
38
38
38
38
38
38
38
38
38
38
30_30
38
38
38
38
38
38
38
38
38
38
38
38
38
38_50
38
38
38
38
38
38
38
38
38
38
38
38
38
38
38
38
38
38
38
38
30_30_42
38
38
38
38
38
38
38
38
38
38
38
38
38
38
38
38
38
38
38
38
38
38
38
38
38
38
38
38_42_62_74
38
38
38
38
38
38
30_30_38_49_61_73
38
38
38
38
38
38
38
38
38
38
38
38
38
38
38
38
38
38
38
38
38
38
38
38
38
38
38
38
38
38
38
30_30_38_42_42
38
38
38
38
38
38
38
38
38
38
38
38
38
38
38
38
38
38
38
38
38
38
38
38
38
38
38
38
38
38
38
38
38
38
30_30
38
38
38
38
38
38
38
38
38
38
38
38
38
38
38
38
38
38
38
38
49
38
38
38
38
38
38
38
38
38
38
38
38
38
38
30_30_42
38
38
38
38
38
38
38
38
38
38
38
38
38
38
38
38
38
38
38
38
38
38
38
38
38
38
38
38_42_61_73
38
38
38
38
38
38
30_30_48_60_72
38
38
38
38
38
38
38
38
38
38
38
38
38
38
38
38
38
38
38
38
38
38
38
38
38
38
38
38
38
38
38
38
38
38
30_30_38
38
38
38
38
38
38
38
38
38
38
38
38
38
38
38
38
38
38
38
38
38
38
38
38
38
38
38
38
38
38
38
38
38
38
30_30
38
38
38
38
38
38
38
38
38
38
38
38
38
38_48
38
38
38
38
38
38
38
38
38
38
38
38
38
38
38
38
38
38
38
38
30_30_42
38
38
38
38
38
38
38
38
38
38
38
38
38
38
38
38
38
38
38
38
38
38
38
38
38
38
38
38_42
38
38
38
38
38
38
30_30_38_40
38
38
38
38
38
38
38
38
38
38
38
38
38
38
38
38
38
38
38
38
60_72
38
38
38
38
38
38
38
40
38
38
38
38
38
38
38
30_30_38_42_42_54_66
38
38
38
38
38
38
38
38
38
38
38
38
38
38
38
38
38
38
38
38
38
38
38
38
38
38
38
38
42
38
38
38
38
38
38
38
30_30_54
38
38
38
38
38
38
38
38
38
38
38
38
38
38
38
38
38
38
38
38
38
38
38
38
38
38
38
54
38
38
38
38
38
38
38
30_30_42
38
38
38
38
38
38
38
38
38
38
38
38
38
38
54_66
38
38
38
38
38
38
38
38
38
38
38
38
38
38_42
38
38
38
38
38
38
30_30_50_62_74
38
38
38
38
38
38
38
38
38
38
38
38
38
38
38
38
38
38
38
38
38
38
38
38
38
38
38
38
38
38
38
38
38
38
30_30_38
38
38
38
38
38
38
38
38
38
38
38
38
38
38
38
38
38
38
38
38
38
38
38
38
38
38
38
38
38
38
38
38
38
38
30_30
38
38
38
38
38
38
38
38
38
38
38
38
38
38_50
38
38
38
38
38
38
38
38
38
38
38
38
38
38
38
38
38
38
38
38
30_30_42
38
38
38
38
38
38
38
38
38
38
38
38
38
38
38
38
38
38
38
38
38
38
38
38
38
38
38
38_42_62_74
38
38
38
38
38
38
30_30_38_49_61_73
38
38
38
38
38
38
38
38
38
38
38
38
38
38
38
38
38
38
38
38
38
38
38
38
38
38
38
38
38
38
38
38
38
38
30_30_38
38
38
38
38
38
38
38
38
38
38
38
38
38
38
38
38
38
38
38
38
38
38
38
38
38
38
38
38
38
38
38
38
38
38
38
30_30
38
38
38
38
38
38
38
38
38
38
38
38
38
38
38
38
38
38
38
38
49
38
38
38
38
38
38
38
38
38
38
38
38
38
38
30_30_42
38
38
38
38
38
38
38
38
38
38
38
38
38
38
38
38
38
38
38
38
38
38
38
38
38
38
38
38_42_61_73
38
38
38
38
38
38
30_30_48_60_72
38
38
38
38
38
38
38
38
38
38
38
38
38
38
38
38
38
38
38
38
38
38
38
38
38
38
38
38
38
38
38
38
38
38
30_30_38
38
38
38
38
38
38
38
38
38
38
38
38
38
38
38
38
38
38
38
38
38
38
38
38
38
38
38
38
38
38
38
38
38
38
30_30
38
38
38
38
38
38
38
38
38
38
38
38
38
38_48
38
38
38
38
38
38
38
38
38
38
38
38
38
38
38
38
38
38
38
38
30_30_40
38
38
38
38
38
38
38
38
38
38
38
38
38
38
38
38
38
38
38
38
38
38
38
38
38
38
38
38_40
38
38
38
38
38
38
30_30_38_43
38
38
38
38
38
38
38
38
38
38
38
38
38
38
38
38
38
38
38
38
60_72
38
38
38
38
38
38
38
43
38
38
38
38
38
38
38
30_30_35_38_42_54_66
38
35_38
42
30_30_38_54
38
38
38
30_30_35_38_42_54
35_38_54_66
42
30_30_38_50_62_74
38
38
38
30_30_35_38
35_38
30_30_38
38_50
38
38
30_30_35_38_41_42
35_38_41
42_62_74
30_30_38_49_61_73
38
38
38
30_30_35_38
35_38
30_30_38
38
38
49
38
30_30_35_38_42
35_38
42_61_73
30_30_38_48_60_72
38
38
38
30_30_35_38
35_38
30_30_38
38_48
38
38
30_30_35_38_41_42
35_38_41
42
30_30_38_40
38
38
60_72
40
38
30_30_35_38_42_54_66
35_38
42
30_30_38_54
38
38
54
38
30_30_35_38_42
35_38_54_66
42
30_30_38_50_62_74
38
38
38
30_30_35_38
35_38
30_30_38
38_50
38
38
30_30_35_38_41_42
35_38_41
42_62_74
30_30_38_49_61_73
38
38
38
30_30_35_38
35_38
30_30_38
38
38
49
38
30_30_35_38_42
35_38
42_61_73
30_30_38_48_60_72
38
38
38
30_30_35_38
35_38
30_30_38
38_48
38
38
30_30_35_38_40_41
35_38_41
40
30_30_38_43
38
38
60_72
43
38
30_30_35_38_41_42_42_54_66
35_38_41
42
30_30_38_42_54_54
38
38
38
30_30_35_38_41_42_42_54_54
35_38_41_54_66
42
30_30_38_42_50_50_62_74
38
38
38
30_30_35_38_41
35_38_41
30_30_38
38_50
38
38
30_30_35_38_41_42_42_50
35_38_41
42_62_74
30_30_38_42_49_49_61_73
38
38
38
30_30_35_38_41
35_38_41
30_30_38
38
38
49
38
30_30_35_38_41_42_42_49
35_38_41
42_61_73
30_30_38_42_48_48_60_72
38
38
38
30_30_35_38_41
35_38_41
30_30_38
38_48
38
38
30_30_35_38_41_42_42_48
35_38_41
42
30_30_38_40_40_42
38
38
60_72
40
38
30_30_35_38_40_41_42_42_54_66
35_38_41
42
30_30_38_42_54_54
38
38
54
38
30_30_35_38_41_42_42_54
35_38_41_54_66
42
30_30_38_42_50_50_62_74
38
38
38
30_30_35_38_41
35_38_41
30_30_38
38_50
38
38
30_30_35_38_41_42_42_50
35_38_41
42_62_74
30_30_38_42_49_49_61_73
38
38
38
30_30_35_38_41
35_38_41
30_30_38
38
38
49
38
30_30_35_38_41_42_42_49
35_38_41
42_61_73
30_30_38_42_48_48_60_72
38
38
38
30_30_35_38
35_38
38_57_61
38_57
30_30
48
30_30_35_38_40_40_48_49_61_66
35_38_49
40
30_30_38_40_43_43_43_57_66_69
38_43_57
38_41
60_72
43
38_41
30_30_35_42_43_46_57_66_69_71
35_46_57
30_30_42_46_54_66_78
46
30_30_38_42_46_54_66_71_73_78
38_46
30_30_42_46_50_66_74
46
35_46
35_46
30_30_46_50_52_74_76
46
30_30_38_46_50_52_74_76
38_46
30_30_42_46_50_66_74
46
35_46
35_46
30_30_42_46_49_66_73
46
30_30_38_42_46_49_66_73
38_46
30_36_42_46_48_66_72_72_73
46
35_46
35_46
35_36_46_47_48_71_72
46
33_35_38_45_46_47_57_69_71
38_46_57
30_33_35_42_45_46_57_66_68_69_72
68_69
35_46_57
30_30_35_46_57_66_69
35_46_57
30_30_42_46_54_66_78
46
30_30_38_42_46_54_66_78
38_46
30_30_42_46_50_66_66_68_74
46
35_46_68_69
68_69
35_46
30_30_46_50_52_66_68_74_76
46
30_30_38_46_50_52_74_76
38_46
30_30_42_46_50_61_66_66_74
46
35_46
35_46
30_30_42_46_49_66_73
46
30_30_38_42_46_49_66_73
38_46
30_36_42_46_48_60_61_66_72
46
35_46
35_46
35_36_46_47_48_60_61_71_72
46
33_35_38_45_46_47_57_61_66_69_71
66_69
38_46_57
30_33_35_42_45_46_57_66_69_69_71
71_76
35_46_57
30_30_35_46_57_74_76
35_46_57
30_30_42_46_54_66_78
46
30_30_38_42_46_54_66_78
38_46
30_30_42_46_50_66_74
46
35_46
35_46
30_30_46_50_52_74_76
46
30_30_38_46_50_52_74_76
38_46_74
30_30_42_46_50_66_74_75
46
35_46
35_46
30_30_42_46_49_66_73
46
30_30_38_42_46_49_66_73
38_46
30_36_42_46_48_66_72_75_78
46
35_46
35_46
35_36_46_47_48_71_72
46_78
33_35_38_45_46_47_57_69_71_80
38_46_57
30_33_35_42_45_46_49_54_57_66_69_80_81
80_81
78_80
78_80
35_46_57
30_35_42_46_49_54_57_80_81
80_81
78_80
78_80
35_46_57
30_42_46_49_54_54_61_66_80_81
80_81
78_80
76_78
46
28_30_38_42_46_47_49_52_54_54_59_61_64_66_76_78
38_46
28_30_42_46_47_49_52_54_54_59_61_64_66
46
30_35_42_46_49_54_54_61_66
35_46
30_42_46_49_54_54_61_66
46
28_30_38_42_46_47_49_52_54_54_59_61_64_66_78
38_46
28_33_45_46_47_52_52_57_59_63_64
46
35_46
35_46_63
46_64
46_64
38_46_69
38_46_69
46_71
46
35_46
71
35_46
46_69_71
46
38_46_57_71_73
33_45_52_57
73_76
38_46_57
35_46_57_76_78
78_81
35_46_57_69
30_35_42_46_57_81_81
35_46_57
30_30_42_46_54_66_78
81_81
46
30_30_38_42_46_54_66_78
38_46
30_30_42_46_50_66_74_81_81
46
35_46_81_81
35_46
30_30_46_50_52_74_76
81_81
46
30_30_38_46_50_52_74_76
38_46
30_30_42_46_50_66_74_81_81
46
35_46_81_81
35_46
30_30_42_46_49_66_73
81_81
46
30_30_38_42_46_49_66_73
38_46
30_36_42_46_48_66_72_81_81
46
35_46_81_81
35_46
35_36_46_47_48_71_72_81_81
81_81
46
33_35_38_45_46_47_57_69_71_81_81
81_81
38_46_57
30_33_35_42_45_46_57_66_69_81_81
35_46_57
30_30_35_46_57_81_81
80_81
35_46_57
30_30_42_46_54_66_78_78_80
78_78
78_81
46
30_30_38_42_46_54_66_78_78_81
78_80
76_80
38_46
30_30_42_46_50_66_74_76_78
46
35_46
35_46
30_30_46_50_52_74_76_78_78
78_81
76_81
76_78
46
30_30_38_46_50_52_74_76
76_78
38_46
30_30_42_46_50_66_74_76_78
76_78
73_76
46
35_46
35_46
30_30_42_46_49_66_73
46
30_30_38_42_46_49_66_73_73_73
73_76
73_76
38_46
30_36_42_46_48_66_72_72_73
46
35_46
35_46
35_36_46_47_48_71_72_72_72
72_73
73_76
76_78
46
33_35_38_45_46_47_57_69_71_78_80
80_81
80_81
78_80
38_46_57
30_33_35_42_45_46_57_66_69_78_81
81_83
35_46_57
30_30_35_46_57
35_46_57
30_30_42_46_54_66_78_83_85
46
30_30_38_42_46_54_66_78_83_85
38_46
30_30_42_46_50_66_74_83_84
46
35_46
35_46
30_30_46_50_52_74_76_84_84
46
30_30_38_46_50_52_74_76_83_84
38_46
30_30_42_46_50_66_74_83_84
46
35_46
35_46
30_30_42_46_49_66_73_83_84
46
30_30_38_42_46_49_66_73_81_83
81_83
38_46
30_36_42_46_48_66_72_83_84
46
35_46
35_46
35_36_46_47_48_71_72_83_84
46
33_35_38_45_46_47_57_69_71_81_83
81_83
81_83
38_46_57
30_33_35_42_45_46_49_54_57_66_69_78_81
78_80
78_80
78_81
35_46_57
30_35_42_46_49_54_57_78_81
78_80
78_80
78_81
35_46_57
30_42_46_49_54_54_61_66_78_81
78_80
78_80
78_81
46
28_30_38_42_46_47_49_52_54_54_59_61_64_66_78_81
78_81
78_81
78_80
38_46
28_30_42_46_47_49_52_54_54_59_61_64_66_78_80
78_81
78_81
78_78
46
30_35_42_46_49_54_54_61_66_78_78
78_80
78_80
78_81
35_46
30_42_46_49_54_54_61_66_78_81
76_78
46
28_30_38_42_46_47_49_52_54_54_59_61_64_66_76_78
38_46
28_33_45_46_47_52_52_57_59_63_64
46
35_46
35_46
46_63_64
46
38_46_64_69
38_46
46_69_71
46
35_46_78
35_46
46_69_71
46
38_46_63_69
38_46
35_46_63_64
35_46
35_46_64_69
35_46
46_69_71
46
38_46
38_46
46_69_71
46
35_46
33_35_45_46_52_57
46
46
31_38_43_46
38_43_46
30_31_35_42_46_69
35_42_46
28_30_35_40_40_57_59
35_57_59
59
59
40_47_59
59
35_47_52_59
35_59
28_38_40_52_54_59
38_59
54_55_59
59
52_55_59
40
52_54
59
35_52_54_59
50_52
35_59
35_37_40_49_50_59
35_59
49_49_59
59
49_55_59
59
59
59
35_49_55_59
35_59
38_49_59_59
38_59
55_59_59
59
59
59
37_43_43_43_55_59
59
35_42_42_42_43_43_43_59
35_59
35_40_40_40_42_42_42_59
35_59
59
59
40_47_59
59
35_35_40_47_52_59
35_59
35_38_38_38_40_52_54_59
38_59
54_55_59
59
55_57_59
59
35_38_40_57_59_59_61
61_62
35_59_59
33_35_38_40_45_59_61_62
35_59
59
59
59
59
38_57_61
38
38_57_59
38
31_33_35_43_45_50_55_57_59_59
35_57
43_55_59
43
43
43
31_33_35_43_45_49_50_52_55_55_57_57_57
35_49_57
41_54_57
41
41
41
28_33_35_40_40_45_52_54_57_57_59
35_57_59
59
59
40_47_59
59
28_28_35_47_52_59
35_59
28_38_40_52_54_59
38_59
54_55_59
59
52_55_59
40
52_54
59
35_35_40_52_54_59
50_52
35_59
35_35_37_49_50_59
35_59
49_49_59
59
49_55_59
59
59
59
35_49_55_59
35_59
38_49_59_59
38_59
55_59_59
59
59
59
37_40_43_43_55_59
59
35_42_42_43_43_59
40
35_59
28_35_40_40_42_42_59
35_59
59
59
40_47_59
59
28_35_35_47_52_59
35_59
35_38_38_40_40_52_54_59
38_59
54_55_59
59
55_57_59
59
35_40_40_57_59_59_61
61_62
35_59_59
33_35_38_40_45_59_61_62
35_59
59
59
59
59
38_57_61
38
38_57_59
38
31_33_35_43_45_50_55_57_59_59
35_57
43_55_59
43
43
43
31_33_35_43_45_49_50_52_55_55_57_57_57
35_49_57
41_54_57
41
41
41
29_33_35_45_52_54_57_57_59_69_69_69
35_57_59
59_65_65_65_69_69_69
59
59
59
29_29_35_59
35_59
29_31_38_59_65_65_65_71_71_71
38_59
59_67_67_67_71_71_71
59
59
59
31_31_35_59_59
35_59_59
31_32_35_59_67_67_67_72_72_72
35_59
59_68_68_68_72_72_72
59
59
59
32_32_35_59
35_59
35
35
32_34_35_41_68_68_68_74_74_74
35_41
34_34_35_43_57_74_74_74_75_75_75
35_43_57
34_34_35_41_49_74_74_74_75_75_75
35_41_49
28_34_35_40_57_59_66_71_74_74_74
57_59
59
35
59
40_47_59
59
35_47_52_59
35_59
28_38_40_52_54_59_62_66_67_71
38_59
54_55_59
59
52_55_59
52_54
59
35_52_54_59
50_52
35_59
33_35_40_49_50_59_62_64_67_69
59
49_49_59
59
59
35
59
49_55_59
59
35_49_55_59
35_59
33_38_45_49_59_59
38_59
55_59_59
59
43_43_45_55_59
59
35_42_42_43_43_59
35_59
35_40_40_42_42_59_64_66_69_71
59
35_40_59
35
59
35_40_40_47_59
59
35_35_40_47_52_59
35_59
35_38_38_52_54_59_62_66_67_71
38_59
54_55_59
59
55_57_59
59
35_57_59_61
61_62
35_59
33_35_38_61_62_62_64_67_69
35
38
38
38
38
35
35
38_47
38_47
45_47_57_61
45_47
45_47_57_59
45_47
31_33_35_57_59_59
35_57
43_45_55_59
43_45
43_45
43_45
31_33_35_49_55_57_57
35_49_57
41_43_54_57
41_43
41_43
41_43
28_33_35_40_54_57_59_64_66_69_71
57_59
59
35
59
40_47_59
59
35_47_52_59
35_59
28_38_40_52_54_59_62_66_67_71
38_59
54_55_59
59
52_55_59
52_54
59
35_52_54_59
50_52
35_59
33_35_40_49_50_57_59_62_64_67_69
57_59
49_49_59
35
59
49_55_59
59
35_49_55_59
35_59
33_38_45_49_59_59
38_59
55_59_59
59
33_45_45_45_55_59
59
33_35_35_45_45_47_47_59
35_59
35_35_36_47_47_48_48_55_59_64_69
59
48_52_59
35
59
52_55_59
59
35_52_55_59
35_59
38_52_59_59
38_59
55_59_59
59
52_55_59
59
35_36_36_48_48_48_52_55_55_59
35_59
35_35_36_47_47_48_48_54_55_59_59
59
47_52_59
35
59
52_55_59
59
35_52_55_59
35
35
59
35
38_52_59_59
38_59
38_55_59_59
38_59
52_55_59
59
35_35_35_47_47_47_52_59
35_59
34_35_35_46_46_47_47_49_53_54_58_59
35_49
46_50
35_50_55
35
35_50_55
35
35_38_41_50_58
35_38_41
35_55_58
35
35_50_55
35
34_34_35_46_46_46_50_53_53_58_58
35
33_34_35_41_45_45_46_46_52_53_57_58
35_41
35_45_52
35
35_52_55
35
35_52_55
35
38_41_52_59
55_59
38_41
35_52_55
35
33_33_35_45_45_45_52_52_52_57_57
35
32_33_35_41_44_44_45_45_51_52_56_57
35_41
35_44_48_60
35
35_48_50_60_62
35
35_50_51_62_63
35
35_38_41_48_51_60_63
35_38_41
35_48_50_60_62
35
35_50_51_62_63
35
35_48_51_60_63
35
31_32_35_41_43_43_44_48_50_51_55_56_60
35_41
35_43_48_60
35
35_48_50_60_62
35
35_50_51_62_63
35
35_38_41_48_51_60_63
35_38_41
35_48_50_60_62
35
35_50_51_62_63
35
35_48_51_60_63
35
30_31_35_41_42_42_43_48_49_50_54_55_60
35_41
35_42_48_60
35
35_48_50_60_62
35
35_50_51_62_63
35
35_38_41_48_51_60_63
35_38_41
35_48_50_60_62
35
35_50_51_62_63
35
35_48_51_60_63
35
29_30_35_41_41_42_48_48_49_49_53_54_57_60
44_44
35_41_49_57
44_44
43_43
43_43
48_48
48_48
50_50
50_50
48_48
48_48
51_51
51_51
48_48
48_48
50_50
50_50
56_56
56_56
55_55
55_55
53_53
53_53
51_51
51_51
50_50
50_50
48_48
29_41_48_53
48_48
47_47
47_47
48_48_48_60_60_67_72_72
48_60_60_67_72_72
48_48
