36
40
43
48
72
76
79
84
52
60
52_62
53_60
53
55
64
62
55
64
57_65
53_57_65
62
53
55_64
62
55
57
64_65
57
65_67
59
59
55_64
67
55
57
64_65
57
65_67
59
69
60
57
60_69
65
57
59_67
65
59
60_69
67
60
69
71
62
59_62_67_71
59
60
69
67
60
62
69_71
62
71
64_72
64_72
60_69
60
62
69_71
62
64
71
72
64_72
65
74
65
74
62
71
62
64
72
71
64
65_72
74
67
76
64_76
67_72
64
65
72
74
65
67
74
76
67
76
69
77
65_77
69_74
65
67
76
74
67
69_76_77
69_77
71_79
67
79
71_76
67_69
76_77
69
71_77_79
71
79
72_81
81
69_77
72
69
71
77_79
71
72_79
81
74
83
71_74_83
79
71
72_79
81
72
74_81_83
74
83
76
84
72_76_84
81
72
74
81
83
74
76_83
84
76
84
77
86
86
74_77_83
74
83
76
84
76
84
77
86
86
77
79_88
88
79_86
77
77
76_86
84
76
74_84
83
76_84
76_79_84
83
79
83
77
81
77_81
76
79
79
76
77_86
76_77
86
84
76
74_84
83
74_83
72
81
72
74
81
83
83
74
77
81
77
81
76
79
76_79
74_77
74_77
76
84
76
74_84
83
74
72_83
81
72
71_81
79
72
81
81
72_76_79
76
74_79
77
74
77
72
76
72
76
74
83
72
74_83
81
72
71_81
79
79
69_71
77
77_79
69_71
79
71
74_77
72_77
74
76
72_76
71_74
74
71
72_81
81
71_72_79
71
69_79
77
69
77
67
76
69_77
77
67_76
69
65
76
67_74
65
64_74
72
72
64
65_74
65_74
64
72
64
62_72
71
62
60_71
69
69
60
62_71
69_71
60
62
60
59_69
67
59
57_67
65
57
59_65
67
57_65
67
59
57
55
65
64
53_55
62_64
55_64
64
53_62
55
52_62
60
53
52
50
60
59
50
59
52_60
50
60
52
48_72
50_60_64
47_48
47
48
48
47
72
64
60
45
47
60_64_72
45
44
44
45
64
60
72
45
48
48
40_64_72_76
48
48
41
41
48
42_72_76
48_64
42
48
43_48_64
72
76
43
48
44_72_76_84
48
44
48
48
45
45
48
76_84
72
42_48
72_76_84
84
72_76
42
48
43_48
76
79
84
48
88
52
55
76_79
74_76
79
77
74
77
76_79
76
79
77_81
81
74_83
77
74
72_83
81
72_81_83
74
74
76_79_83
72_79
81
76
71_72_81
79
71
79
72
81
72
81
74
77
71_79
77
74
69_71
77_79
71_79
71
79
72_76
69
77
72
76
67
69_76_77
67
76
77
69
69
77
71_74
67_76
74
71
65_67
76
74
65
74
67_76
67_76
72
69
65_74
72
69
64
74
65_72
64
72
65_74
65
67_74
71
72
64_71
67
72
62_71
64
64_72
64
72
65_69
62_71
65_69
62
60
69_71
60
62_69_71
62
71
67
64
60_69
64
67
59_60
67_69
59
69
60
67
60
69
62_65
59_67
62_65
59
57
67
65
57
59_65
67
59
67
60_64
55
67
60
64
55
57_67
65
59
67
59
67
64
60
55
67
64
60
55
57
67
65
57
59_65
67
59
67
60_64
64
60
60
72
72
60
62
70
70
62
64_72
64
72
65
69
60_72
65_69
60_72
62
70
62
70
72
64
64
72
65_69
65
62
69_74
62
64_74
72
66
74
66
74
67
71
62
67_71_74
62
74
64
72
64
66_72_74
66
67_74
71
67
71
64
76
64
66_76
74
66
68_74
76
68
69_76
72
69
64
72_76
64
66_76
74
66
68
74
76
68
76
69_72
69
72
67
79
67
69_79
77
71_79
71
79
72
76
67
76_79
72
67
69_79
77
69
71_77
79
71
79
72_76
67
79
76
72
67
69_79
77
69_71
77
79
71
79
72_76
67
76
79
72
67
69_79
77
69
77
71
79
71
79
72
76
76
69
72
84
69_84
68
83
84
69
65_69_84
74
65
74
84
69
69
68
84
83
68_83
69_84
69
84
71_74
67_71_74
83
67
66
83
82
82
66
83
67
67
64
83
72
64_72_83
67
67
66_83
82
66_82
67_83
67
83
69
72
65_69_72_81
65
64
80
80
81
65
65
62
81
71
71
62
65_81
65
64
81
80
80
64
65_81
65
81
67
71
64_71
67_79
64
63
79
78
63
78
64_79
64
79
60
69
60_69
64_79
64
63
79
78
63_78
64_79
64
79
65
69
62_65_69
77
62
61
76
61
76
62
77
62_77
68
60
62
77
77
61_62
76
76
77
62
60
68
61
77
62
67
59
77
62
61_77
62_76
67_77
62
76
61
59
77
62
60
68
62_77
62_77
61
76
62_76_77
61
60
62_68
77
59_67
77
59
67
77
74
74
71
67_71
65
67
62
65
62
59
59
42_63
63
60
42
60
57
57
54
51
54
51
48
48
45
45
42
42
31
40
43
48
48
55
43
48
48
43
55
48
31
40
43
48
31
40
43
48
48
55
43
48
48
43
48
31
55
40
43
31
48
38
43
48
48
53
43
48
48
43
48
31
38
53
31_48
43
38
43
47
47_53
43
47
47
43
31_38
43_47
47
53
36
43
48
52
36
