69
74
78
81
38
38_42
42
45
45
42
42
50
45_50
45_54
54
50
50_57
57
54
62
62
57
57_66
66
62
62
69
69
66
74
78
66_83
71
86
71
66
66
62
62
66
66
59
62
59
62
54
54
59
59
50
50_54
47
47_50
86
50
42
42
47
47
38
38
71
42
74
79
42
31_83
31
35
35
38
35_38
43
35
43
38
38
47
43_47
50
43
47
50
55
50_55
50
59
83
55
59
55
62
62
59
69
74
78
59
66
81
66
62
62
57
57
62
62
54
54
57
57
50
50_54
54
45
50
45
42
42_45
45
38
38
42
81
42
45
69
45
50
76
79
81
49_50
49_52
45_52
49
45
49
40
40
45
45
33
33
45
45
69
74
45
78
81
50
42
42
45
45
38
74
38_78
42
69
81
42
33
33
45
69
45
76
49
79
81
49_52
52
45
45
49
49
40
79
81
40
45
45
33
33
45
69
45
74
42
78
81
38_42
42
42
45
45
74
50
78
69
81
50_54
54
57
57
62
62
61
79_81
69_76
76
61
64
64
57
61
57
61_74
54
78
74_78
69
54
57
57
50
50
54
54
49
69_76_79_81
76
49
52
45
45
49
49
42
74
78
79
81
69
74
78
42
45
38_45
38
42
73
42_76
81
33
85
57
33
52_57
57
52
49_57
49
52
52
45
45
49
49
40
45
40
37
37
40
40
33
33_43
43
42
42
40
69
40
38
74
78
42
38
81
42_45
42_45
42
50
45
50
54
45
50_54
57
50
54_57
62
62
57
78
81
74
57_66
66
62
62
69
74
66_69
78
83
66_71
86
66_71
62_66
66
62
66
59
62
59
54
62
54
59
59
50
54
50
47
50
47
42
50
86
42
47
38_47
71
42
38
74
42
31
79
83
35
31
35_38
38
35
43
35
38_43
38
47
47
43
50
43
47
55
47
55
50
50_59
59
55
79
62
55
83
59_62
69
74
66
59
78
81
66
62
62
57
62
57
54_62
54
57
57
50
54
50
54
45
50
42
42
45
78
38
81
45
38_42
42
45
69
45
50
76
79
49
50
81
49_52
52
45
49
45
40
49
40
81
45
33_45
69
33
45
74
45
78
45
81
50
42
50
42
45
38
45
38
69
42
74_78
81
42
33
69
33
45
76
45
79
49
81
52
49
45
52
49
45
49
40
81
40
45
33
45
69
33
45_74
78
42
45
81
38_42
42
45
42
50
45
74_78
81
54
50
57
54
69
62
57
81
61_69_79
62_76
61_64
64
57
57_61
76
61
54
78
74
79
54
57
78
74
81
69
50_57
54
50
49
54
76
69_79_81
49
52
45
76
49
45
79
74_78
81
42
49
78
74
42
45
45
38
38_73
42
76
81
33_42
69
85
33_57
52
57
57
52
49_57
49
52
52
45
45_49
40_49
40
45
37
85
40
37
33
40
43
33
42
43
42
40
40
38
78
81
69_74
38
42
42
45
45
42
42
50
50
45
54
45
50_54
50
57
54_57
54
62
62
57
57
66
81
66
62
69_78
74
62
69
66_69
82
70_74_79
66
67
62_67
58_62
58
62
62
55
58
55
58
50
50
55
55
46
46
50
50
43
43
46
46
38
38
43
34_43
34
38
38
39
75_79
67_70
34_39
34_43
39_43
39_46
46
43
43_51
51
46
46
55
55
51
51
58
58
55
55
63
63
58
58
67
67
63
70
63
74_77_82_86
70
65
62
65
62_65
65
58
62
58
62
53
53_58
58
50
50
53
53
46
46
50
50
41
41
46
46
38
38
41
41
29
29
35
35
38
38
35
74
79
83
79_86
35_41
83
74_86
38
41
47
38
41_47
36_41
36
39
39
43
43
39
75
79
84
87
48
39
79
75
84
87
48
43
43
51
51
48
45_48
45
49
49
52
49_52
76
81
85
88
57
49
81
85
76
88
57
52
52_61
61
57
50_57
50
53
53
57
53
57
77
81
86
89
62
53
62
81
57
77
86_89
57
65
65
62
55_62
67
55
67
63
63_75
67
79
82
87
67
58
79
82
58_63_75
87
63
55
55_58
58
56
59
56
59
53
53
56
74
77
56_83
50
86
50
53
77
74_83_86
44_53
44
53
53
45
81_85
73_76
69
45_69
64
64
69
69
61
61
64
64
57
61
57
61
52
52
57
57
49
49
52
52
45
45
55
54
55
54
52
74
69
78
38_52
81
69
42
38
42_45
42_45
42
50
50
45
45
54
54
50
50
57
57
54
54
62
62
57
57
66
66
62
62
69
69
66
74
78
83
86
66
71
66_71
66
62
62
66
59
59
62
62
54
54
59
59
50
50_54
54
47
47
50
50
42
42
47
47
38
42_71
38
74
79
83
42
31
31
35
35
38
38
35
43
35
38
38
47
47
43
43_50
50
47
47
55
55
50
50
59
59
55
55
62
62
59
69
74
59
78
66
81
66
62
62
57
57
62
62
54
54_57
50_57
50
54
45_54
50
45
50
42
42
45
45
38
38
42
42
45
45
50
50
49
76_79_81
69
49
52
52
45
45
49
49
40
40
45
33
33
45
45
45
78
74
45
50
50
42
42
45
45
38
38
42
42
33
74
78
33_45
45
76
69_79_81
49
52
49
45
52
45_49
49
40
40
45
33
45
45
45
78
74
42_69
38_42
42
38
42_45
45
50
69
74
54
50
78
54
57
57_69
62
76
62_79
81
61
69_79
76
81
61
64
64
57
57
61
74
78
61
81
54_86
54
57
57
50
54
54
45
45
50
50
54
76
54
57
79
81
61_88
57
64
61
76
79_81
88
64_69
57_69
74
57
78_81_86
62
62_66
57_66
62
57
62
54
54_57
57
50
50
54
45
50
45
50
42
42
45
38
45
38
