45_48_64
47_50
48_52_69
68
69
71
53_57_69
55
57
71
50_72
71
69
71
72
71
72
71
52_57
56
57
56
69
71
57_57_72
60
62_71
72
74
55_64_72
71
53_69
69
62_71
69
71
52_72
50_72
71
72
71
72
71
72
71
60
69
52_59_69
68
69
68
57
66
56_64
52_59_67
57_60_67
65
64
65
50_67
65
67
65
67
65
55_59
64
48_64
62
64
57
56
53_57
69
52_71
69
71
72
50_62_72
71
60_72
71
72
74
52_59_69
68
65
68
69
68
69
68
69
57_69
68
69
45
45_48_64
47_50
48_52_69
68
69
71
53_57_69
55
57
71
50_72
71
69
71
72
71
72
71
52_57
56
57
56
69
71
57_57_72
60
62_71
72
74
55_64_72
71
53_69
69
62_71
69
71
52_72
50_72
71
72
71
72
71
72
71
60
69
52_59_69
68
69
68
57
66
56_64
52_59_67
57_60_67
65
64
65
50_67
65
67
65
67
65
55_59
64
48_64
62
64
57
56
53_57
69
52_71
69
71
72
50_62_72
71
60_72
71
72
74
52_59_69
68
65
68
69
68
69
68
69
57_69
68
69
45
44_71
69
71
52
72
71
69
71
45_72
74
53_72
74
47_76
74
72
74
76
74
76
74
55
72
74
48_76
55
60_76
77
79
57_79
77
79
77
76
53_81
71
54_72
71
72
74
55_67
77
59_76
74
72
48_72
71
72
55
57
59
60_76
79
57_77
76
59_74
72
56_71
72
57_57_71
72
74
72
74
72
74
72
48
71
50_72
71
52_62_69
68
54_60_69
68
69
55_59_72
71
57_57_72
71
72
50_74
76
52_74
72
74
72
57_71
56
57
56
69
45_69_69
64
60
52
57
