64
64
64
64
65
65
64_64
65
65
65
65
67
67
67
67
67
67
72
55
72
48
48_72
64
55
48
64
65
50_50
48
65
50
50
60
52
67
52
72
72
72
67
52
52
60
62_67
55_59
55
67
67
67
67
55
55
59
62_67
64
64
60
60
60
64
64
60
62_64
59
60
62
60
64
62
64
64
62
64
60_67
62
59
64
62
55
55
64
67
55
60
65
64_65
55_62
65
64
64
65
65
65
62_65
64_65
64
67
67
48
48
67
48_48_64_64
67
67
67
69
53_53_69
60
65
69
65
69
53
53_71_71
71
69
60
69
71
71
72
72
71
52_60
52
72
67
72
72
72
52
74_74
60_67
52
74
74
74
76
74
76
65
50
76
50
71
76
76
50
76
50_77
71_77
77
65
77
77
77
52
52
64
79
79
72_79
79
52
72_79
64
52
79
60
53
53
72
81
81_81
81
53
81
60
72
53
81
67
55
55_74
74
74
71
67
55
72_74
71
74
72_74
55_72
72_72
72
74
74
57_57
74
66
72
74_74
57
66
74_76
76_76
57_72
76
76
76
59
67
74
59
74
74
74
67
59
74
59
74
74
74
60_67
60
76
76
76
72
67
76
69
60
76
72
76
60_78
78
78
69
78
71
78
78
59
59
79
79
74
79
59
59
79
79
79
71
57
57
71
71
74
71
71
71
57
71
57_72
72
72
72
72
72
55
55
74
74
74
55
55
74
74
74
54
54
67
59_76
76
76
74
74
67
76
76
54
59_69
54
76
78
78
78
69
78_78
78
52_71
52
79
64
79
79
52
52
79
79
79
50_64
71
69
69
50
69
69
69
69
71
50
71
71
50
71
71
71
52
72
72
72
52
52
72
72
72
52
54
57_69
54
74
74
74
69
57
74
54_74_74
54
55
67
55
62
71
71
71
67
55
55
62
64
48_67
48
71
71
71
67
69
69
64
69
48_48
69
69
69
71
71
67
71
50_62
50
71
69_69
71
69
71
67_71
69
62_69
71
50
72
50
69_71
72
69
69
71_71
69
71
66
60
38
38
69
69
69
66
60
38
38
67
67
67
67_67
67
67
62
59
67
67
43
43
43
43
50
50
50
50
67
67
55_55
62
67
59
55
64
55
64
64
64_65
65
64
64
65
65
65
65
67
67
67
67
67
67
72
55
64
48
72
72
48
50
64
48
55
65
48
50
65
50
52
50_67
60
52
72
72
72
67
52
60
52
59
62
67
55
67
67
55
55
67
67
67
62
59
55
64
60
60_64
64
64
60
62
64
59
60_62_64
60
62
64
60
64
64
59_60
62
64
62_67
64
62
55
55
65
64
62
67
60
64_65
55
65
55
65
64
65
65
62
67
65
64
64
65
67_67
48
48
64
48
48
64
67
67
67
69
69
60_65_69
53
53
71
69
71
60
69_71
53_69
65
53
71
72
71
67
72
71
60
72
52
52
72
72
74
72
60_74
67
74
52
52
74
74
76
65
76
71
50_76
74
50
76
76
71
65
77
77
77
50
76
50
77_77
77
64_72
52_52
79_79
79
64
72_79
52_52_79
79
53
60
72
53_81
81
81
60
53_81_81
72_81
53
55_74
71
67
74
55
74
74
67_72
55
74
72
55
72
71
74
72
72
74
57_72
74_74
57
72
66
74
74
76
57
72
66
74_76
76
57
76
76
76
59
59_74
74
74
67
74
74
67
59
59
74
74
74
60
60
72
67
76
76
76
67
76
69_72
76
78
60
60_78
76
78
69
78
78
71
59
59
74_78
79
79
79
59
59
79
79
79
74
71
57
71
57
71
71
71
71
57_71_72
57
72
72
72
72
72
55
55
74_74
74
55
55
74_74
74
54
54
67_76
59_76
76
76
59
67_69_76
54
76
78
54_78
78
69
78
78
78
71
52
79
52
79
79
64
52
52_79_79
79
71
50
50_69
69
69
64
69
69
71
69
71
50_71
50
71
71_71
52
52
72
72_72
72
52_72_72
52
54
69
54_57
74
74
74
57
54
69
74
74
54_74
55
55
67
71
62_71
71
67
55
55_62
48
48
67
64
71
71
71
69
48_69
48_64_67
69
69
69
69
71
71
50
71
50
67
62
71
69
69
71
71
69
50
71
50
62_69
67
69_71
71
69
69
69
71
69
71
71
38
66
38
60
69
69
69
66
38_67
38
60
67
67
67
67
67
67
62
67
43
43
59
67
43
43
50
50
50
50
67
67
67
59
55
55
62
55
55
71
71
71
72
72
71
71
71
72
72
72
72
74
74
74
74_74
74
55
71_79
79
55
74
79
71
55
53_55
69
53
74
53
53
52
69
67
52
73
79
79
52
52
79
67
73
65
55
55
74
82
82
82
65_74
55
55_82
82
82
64
69
57
73
57
73
73
64
57_62
67
69
71
57
71_73
71
73
73
64_67
69
62
73
73
45
45
73
71
71
71
65
64
71
69
45
74
74
73
73
45_73
74
65
71
64
73
74
74
57
76
57
76
76
74
64
57
57
73
76
76
76
74
55
55_57_77
77
77
76
55
74
55_57_77
79
77
79
77_79
76
79_79
77
79
53
62
53_81
81
81
81
53
62_81
79
79
53
79
81
77
79
79
79
55
55
76
67_81
81
81
67
76
55
55
74
82
81
82
81_82
81
74
82_82
82
73
81
57
57
81
64
81
57
57
64
73
79
81
79_81_81
79
45
79
77
79_79
69
73_77_77
45
45_77
73
77
77
76
69
45
76_76
76
76
76
50
50
77
74
77
77
69
50_50
74
70_77
79
79
77_77_79
69
69
45
69
45
77_77_77
79
79
70
79
69
45
45
67
69
77
77_77
76
76
76
67
76_76
76
65_69
38
74
74
38
74
65
67
69
74
38
38
74
74
74
56_65_67
83
56
83
83
64_65
57
57_72
74
56
56_83
84
83
84
83
84
72
64
57_84
57
84
59_62
59
86
84
71
86
86
59
62
71
59
72
86
86
86
71
80
62
59
72
59
80
80
80
71
81
62
60_64_69
80
59
59_60
80_81
81
69
81
60
64
60
81
81
62_68
62
83
65
83
83
65
83
83
68
83
62_62
59
74
59
74
74
60
74
60
59
59
76
76
76
74
74
60
60
76
76
62
62_76
77
77
77
62_77
62
77_77
62
71
62_71
71
64
71
62
62
72
71
71
64
72
72
64
65
64
72
72_74
74
74
72
65
65
74
74
74
65
59
68
64_68
68
50
50
59
68
64
50
68
50
68
69
64
69
48_48
60_69
48
47_47
60
64
48
47
47
48
48
69
69
64
69
69
71
69
48
48
71_71
50_64
50
71
71
71
69
72
50
50_52
72
52
64
72
68
71
72
69
72
71_71
72
52
64_68
69
52
72
71
72
72
71
71
68
71
69
71
71_72
72
72
40
59
40
71
68
71
71
40
59
69
64
69
40
69
69
64
69
69
69
45
45_60
64
69
69
45
45
52
52
52
52
57
57
69
69
69
60
64
57
76
76
57
76
76
77
76_77
77
76
77
77
77
79
79
79
79
79
79
64
79
48
48
84
84
84
65
50
50
48
77
79
64
48
50
65
50
77
67
52
76
52
84
52
84
84
52_76
74
67
74
76
67
79
52
52
79
79
76
79
72
79
53
53_69
67
52
79
52
72
53
69
70
53
55
55_70
76
76
76
70
55
55_69
72
76
74
74
76
70
74
76
69
76
67
76
74
74
70
55_72
74
76
55
67
76
76
57_77
77
70
65
55_57_69
76
77
55
77
65
77
57
77
69
57
79
79
58_64_67
58_79
79
79
58
58
67_79
64
52
52
60
67_70
70
70
52
52
60
70
67_70
70
53
60
69
65
53
69
69
53
65
53
69
69
69
60
46
65
58
74
74_74
46
60
46_65
58
72
72_72
46
74
74
74
60
72
62
65
70
70
72
43
43_70
72
70
69
43
62
65
43
69
69
70
70
69
70
64
48_70
60
69
69_70
48
48
48
67
70
60
64_67_70
67_70
67
67
67
69
60
65
69
41
41
69
70
69
41
69_70
62_70
41
69
60_65
69
69
60_69
60
70
62
53
53
70
70
69
60
69
58_67
69
60
67
55_67
53
53_55
58
67
67
55
67
55
65
65
60
57
57
65
57
65_65
60
65
57_57_58
58
62
57
57
58_77
57_77
77
58
64
77
62
79
77_79
77
79
55
55
57
57
64
79
79
65
79
55
55
81
81
81
53
53
81
53
53
55
81
81
55
65
74
65
74
74
53_53
55
55
74
74
76
52_74
76
52_53
67
53_76
65
52_76
52
76
76
67
77
69
50
77_77
50
77
50_52_77
50_77
52_67
69
65
71
50
67_71
71
50
55
52
52
57
71
72
72
48_72
71
50
48_50_64
55_65
71
48
57
72
48
72
72
59
74
64
74
62
47_74
47
74
74
62_74
47_59_64
47
48
48
47
62
64
47
59
67
67
48_67
48
60
62
67
60
67
45
67
59
45
47
47
60
45
43
59
43
45
62
60
79
79
79
59
79
43
79
79
45
45
43
62
43
67
43
45_62_71
71
71
45
71
67
41
43
71
41_71
43_62
41
41
40
67
40
72
72
64
72
40
40
67
64
41
72
41_69
72
72
72
41
74
41_74
72_74
69
74_74
74
71
43
43
67
76
76
76
74
76
74
76
74
43
76
43
67
71
76
74
76
74
76
74
74
74
76
74
76
43
62_76
43
67
74
43
74
74
43
67
72
62
72
72
72
72
72
72
67
36
72
64
36
72
72
72
64
72
67
36
36
71
71
71
72
72
71
71
71
72
72
72
72
74
74
74
74_74
74
55
71_79
79
55
74
79
71
55
53_55
69
53
74
53
53
52
69
67
52
73
79
79
52
52
79
67
73
65
55
55
74
82
82
82
65_74
55
55_82
82
82
64
69
57
73
57
73
73
64
57_62
67
69
71
57
71_73
71
73
73
64_67
69
62
73
73
45
45
73
71
71
71
65
64
71
69
45
74
74
73
73
45_73
74
65
71
64
73
74
74
57
76
57
76
76
74
64
57
57
73
76
76
76
74
55
55_57_77
77
77
76
55
74
55_57_77
79
77
79
77_79
76
79_79
77
79
53
62
53_81
81
81
81
53
62_81
79
79
53
79
81
77
79
79
79
55
55
76
67_81
81
81
67
76
55
55
74
82
81
82
81_82
81
74
82_82
82
73
81
57
57
81
64
81
57
57
64
73
79
81
79_81_81
79
45
79
77
79_79
69
73_77_77
45
45_77
73
77
77
76
69
45
76_76
76
76
76
50
50
77
74
77
77
69
50_50
74
70_77
79
79
77_77_79
69
69
45
69
45
77_77_77
79
79
70
79
69
45
45
67
69
77
77_77
76
76
76
67
76_76
76
65_69
38
74
74
38
74
65
67
69
74
38
38
74
74
74
56_65_67
83
56
83
83
64_65
57
57_72
74
56
56_83
84
83
84
83
84
72
64
57_84
57
84
59_62
59
86
84
71
86
86
59
62
71
59
72
86
86
86
71
80
62
59
72
59
80
80
80
71
81
62
60_64_69
80
59
59_60
80_81
81
69
81
60
64
60
81
81
62_68
62
83
65
83
83
65
83
83
68
83
62_62
59
74
59
74
74
60
74
60
59
59
76
76
76
74
74
60
60
76
76
62
62_76
77
77
77
62_77
62
77_77
62
71
62_71
71
64
71
62
62
72
71
71
64
72
72
64
65
64
72
72_74
74
74
72
65
65
74
74
74
65
59
68
64_68
68
50
50
59
68
64
50
68
50
68
69
64
69
48_48
60_69
48
47_47
60
64
48
47
47
48
48
69
69
64
69
69
71
69
48
48
71_71
50_64
50
71
71
71
69
72
50
50_52
72
52
64
72
68
71
72
69
72
71_71
72
52
64_68
69
52
72
71
72
72
71
71
68
71
69
71
71_72
72
72
40
59
40
71
68
71
71
40
59
69
64
69
40
69
69
64
69
69
69
45
45_60
64
69
69
45
45
52
52
52
52
57
57
69
69
69
60
64
57
76
76
57
76
76
77
76_77
77
76
77
77
77
79
79
79
79
79
79
64
79
48
48
84
84
84
65
50
50
48
77
79
64
48
50
65
50
77
67
52
76
52
84
52
84
84
52_76
74
67
74
76
67
79
52
52
79
79
76
79
72
79
53
53_69
67
52
79
52
72
53
69
70
53
55
55_70
76
76
76
70
55
55_69
72
76
74
74
76
70
74
76
69
76
67
76
74
74
70
55_72
74
76
55
67
76
76
57_77
77
70
65
55_57_69
76
77
55
77
65
77
57
77
69
57
79
79
58_64_67
58_79
79
79
58
58
67_79
64
52
52
60
67_70
70
70
52
52
60
70
67_70
70
53
60
69
65
53
69
69
53
65
53
69
69
69
60
46
65
58
74
74_74
46
60
46_65
58
72
72_72
46
74
74
74
60
72
62
65
70
70
72
43
43_70
72
70
69
43
62
65
43
69
69
70
70
69
70
64
48_70
60
69
69_70
48
48
48
67
70
60
64_67_70
67_70
67
67
67
69
60
65
69
41
41
69
70
69
41
69_70
62_70
41
69
60_65
69
69
60_69
60
70
62
53
53
70
70
69
60
69
58_67
69
60
67
55_67
53
53_55
58
67
67
55
67
55
65
65
60
57
57
65
57
65_65
60
65
57_57_58
58
62
57
57
58_77
57_77
77
58
64
77
62
79
77_79
77
79
55
55
57
57
64
79
79
65
79
55
55
81
81
81
53
53
81
53
53
55
81
81
55
65
74
65
74
74
53_53
55
55
74
74
76
52_74
76
52_53
67
53_76
65
52_76
52
76
76
67
77
69
50
77_77
50
77
50_52_77
50_77
52_67
69
65
71
50
67_71
71
50
55
52
52
57
71
72
72
48_72
71
50
48_50_64
55_65
71
48
57
72
48
72
72
59
74
64
74
62
47_74
47
74
74
62_74
47_59_64
47
48
48
47
62
64
47
59
67
67
48_67
48
60
62
67
60
67
45
67
59
45
47
47
60
45
43
59
43
45
62
60
79
79
79
59
79
43
79
79
45
45
43
62
43
67
43
45_62_71
71
71
45
71
67
41
43
71
41_71
43_62
41
41
40
67
40
72
72
64
72
40
40
67
64
41
72
41_69
72
72
72
41
74
41_74
72_74
69
74_74
74
71
43
43
67
76
76
76
74
76
74
76
74
43
76
43
67
71
76
74
76
74
76
74
74
74
76
74
76
43
62_76
43
67
74
43
74
74
43
67
72
62
72
72
72
72
72
72
67
36
72
64
36
72
72
72
64
72
67
36
36
60
67
75
60
65_74
67
75
74
65
53
67_75
75
67
65
74
53
55
65
74
72
63
55
72
71
62
63
71
63
72
62
51
63
72
65
51
74
67
65
50
75
74
68
67
77
50
48
75
48
47
47
68
77
67
43
75
67
65
75
43
74
65
67
74
75
48
67
63
75
72
63
48_72
44_65
74
44
41
41
43
65_74
43
72
63
43
72
71
62
43
63
71
62
72
48
63
72
67
48
69
67
43
63
43_69
71
62
71
62
63
72
39
63
39_72
74
65
75
65
74
36
67
75
36
68_77
67
68
77
67
75
41
67
75
74
65
41
43
74
65
43
72
63
55
62
72
63_71
62
71
63
72
72
63
55
65
80
53
51_53
51
50
80
50
65
79
63
46
62_79
77
63
46
62
77
63
79
51
63
79
67
75
67
75
51
68
77
48
48
44
44
46
46
77
68
75
67
46
75
74
67
46
65
74
65
75
67
39
67
75
39
67
60
75
60
65
67
74
75
65
67_74
75
53
67
75
65_74
53
55
74
65
72
63
55
71
72
62
63
71
62_72
63
51
63
72
65
74
51
75
67
50
74
65
77
75
68
50
67
48
48
47
47
77
68
67
75
43
75
74
65
67
43
74
65
75
67
48
67
75
72
63
63
48_72
74
44
65
44
41
41
43
43
65
74
43_72
63
72
43
71
62
63
71
62
72
63
48
72
48
67
69
43
67
63
43
62
71
69
63
71
62
72
39
63
39_72
65
74
65
75
67
74
36
67_68
36
75
77
68
77
75
67
41
75
67
74
65
41
43
43
74
65
63
72
55
62
63
72
71
62
63
71
72
63
72
55
77
65
53
79
77
53
80
51
79
51
50
50
80
65
46
79
63
79
62
77
46_63
77
62
79
63
51
63
75_79
67
75
51
67
77
68
48
48
44
44
46
46
77
68
67
75
46
67
65_75
46_74
65
74
75
67
39
67
75
39
79
51
70
79
77
70
51
69
77
69
79
70
50
79
70
72_81
50
48
72
81
82
74
48
75
74
82
75
74
46_77
72_74
46
72_77
58
74
70
58
75
74
72
70
75
56
72
77
74
75
77
56
72
74
75
77
72
55
74
55
77
79
76
74
79
80
76
77
53
80
77
79
76
53
76_79
49
82
79
49
46
46
48
48
82
79
77
80
36
76_77
80
36
79
76
79
77
80
41
77
79
41
80
79
72
77
53
80
72
53
77
47
79
74
80
74
47
79
77
77
71
55
75
55
71
74_75
74
60
72
75
71_75
72_74
71
74
77
74
60
59
74
77
75
67
75
74
67
59
74
75
72
60
75
72
72
67
72
67
78
75
60
57
78
75
79
74
74
72
81
79
57
72
81
70
74
58
58
70
74
69
72
60
69
67
72
60
70
67
70
62
72
62
62
62
70
72
70
50_66
69
66
50
69
70
70
55
67
67
55
50
50
43
67
67
43
67
53
53
68
67
68
70
52
70
72
72
73
67
68
67
52
70
68
55
70
72
73
72
72
73
72
70
55
70
76
48
76
48
73
72
77
56
70
56
72
68
50
70
68
65
50
77
65
74
59
79
59
80
79
80
51
79
79
51
77
74
77
75
60
72
60
70
75
79
72
68
79
77
53
70
67
68
53
75
77
65
67
62
75
74
63
62
65
74
72
63
62
72
55
71
55_60
62
71
69
60
53
62
71
69
53
71
62_63
72
63
51
72
65
74
51
67
65
75
74
68
67
75
50
77
68
50_65
74
77
65
74
67
75
48
67
75
65
74
48
43
74
65
72
63
71
72
63
62
43
71
62
72
63
51
72
63
51
65
74
50
75
67
74
65
50
77
48
75
68
67
48
47
47
77
68
75
43_67
43_65
67_75
74
65
74
75
67
48
75
63
67
72
63
72
48
65
44_74
44
41
41
43
43
65
74
72
63
43
72
62
63_71
43
62
71
63_72
36
72
63
36
70
79
51
69_79
70
77
51
77
69
70
79
50
79
70
72
81
50
48
72
81
74
82
48
74_75
82
75
77
74
46
74
72
46
77
74
58
72
70
58
75
70
72
74
72
75_77
56
74
56
74
75
77
72
75
77
55
72
74
55
77
79
74
76
79
80
76
53
77
80
79
76_77
53
76
79
49
79_82
46
49
46
48
48
79
82
80
77
36
80
36
79
76
77
79
76
77_80
41
77
79
80
41
79
77
53
72
53
80
72
77
79
80
47
74
74
79
77
47
77
75
55
71
55_71
74
75
74
75
72
60
71_75
74
72
74
71
74_77
60
59
74
77
75
67
75
67
74
59
74
75
72
60
75
72
72
67
72
67
78
75
60
57
75
78
74
79
74
72
79
81
57
72
81
70
58
74
58
70
74
60
69
72
69
60
67
72
70
67
70
62
62
72
62
62
70
72
66
50_69
70
66
50_69
70
70
67_67
55
55
50
50
43
67
67
43
67
53
53
67_68
68
70
52
70
72
72
73
67
68
67
52
70
68
55
70
72
73
72
72
73
72
70
55
70
76
48
76
48
73
72
77
56
56
70
72
68
70
50
68
65
50
77
65
74
59
79
59
80
79
80
79
51
77
79
51
74
77
75
72
60
60
70_75
79
72
68
77
53
79
70
67
53
68
75
77
65
75
67
62
74
62
65
63
72_74
63
72
62
55
71
60
62
71
69
55
60
62
69
53
71
62
63
71
72
53
63
72
65
51
74
51
65_67
75
74
67
68
77
50
75
68
65
74
50
77
65
74
75
67
48
75
67
74
65
48
43
65
74
72
63
71
72
63
62
43
71
62
72
63
51
63_72
51
65
74
50
75
67
74
50
65
48
77
68
75
67
48
47
47
68
77
43
75
67
75
74
43_67
65
74
65
48
75
67
67_75
72
63
72
48_63
44_74
65
41_44
41
43
43
65
74
72
63
43
63
72
71
62
43
71
62
72
63
36
63
72
36
64
64
64
64
65
65
64_64
65
65
65
65
67
67
67
67
67
67
72
55
72
48
48_72
64
55
48
64
65
50_50
48
65
50
50
60
52
67
52
72
72
72
67
52
52
60
62_67
55_59
55
67
67
67
67
55
55
59
62_67
64
64
60
60
60
64
64
60
62_64
59
60
62
60
64
62
64
64
62
64
60_67
62
59
64
62
55
55
64
67
55
60
65
64_65
55_62
65
64
64
65
65
65
62_65
64_65
64
67
67
48
48
67
48_48_64_64
67
67
67
69
53_53_69
60
65
69
65
69
53
53_71_71
71
69
60
69
71
71
72
72
71
52_60
52
72
67
72
72
72
52
74_74
60_67
52
74
74
74
76
74
76
65
50
76
50
71
76
76
50
76
50_77
71_77
77
65
77
77
77
52
52
64
79
79
72_79
79
52
72_79
64
52
79
60
53
53
72
81
81_81
81
53
81
60
72
53
81
67
55
55_74
74
74
71
67
55
72_74
71
74
72_74
55_72
72_72
72
74
74
57_57
74
66
72
74_74
57
66
74_76
76_76
57_72
76
76
76
59
67
74
59
74
74
74
67
59
74
59
74
74
74
60_67
60
76
76
76
72
67
76
69
60
76
72
76
60_78
78
78
69
78
71
78
78
59
59
79
79
74
79
59
59
79
79
79
71
57
57
71
71
74
71
71
71
57
71
57_72
72
72
72
72
72
55
55
74
74
74
55
55
74
74
74
54
54
67
59_76
76
76
74
74
67
76
76
54
59_69
54
76
78
78
78
69
78_78
78
52_71
52
79
64
79
79
52
52
79
79
79
50_64
71
69
69
50
69
69
69
69
71
50
71
71
50
71
71
71
52
72
72
72
52
52
72
72
72
52
54
57_69
54
74
74
74
69
57
74
54_74_74
54
55
67
55
62
71
71
71
67
55
55
62
64
48_67
48
71
71
71
67
69
69
64
69
48_48
69
69
69
71
71
67
71
50_62
50
71
69_69
71
69
71
67_71
69
62_69
71
50
72
50
69_71
72
69
69
71_71
69
71
66
60
38
38
69
69
69
66
60
38
38
67
67
67
67_67
67
67
62
59
67
67
43
43
43
43
50
50
50
50
67
67
55_55
62
67
59
55
64
55
64
64
64_65
65
64
64
65
65
65
65
67
67
67
67
67
67
72
55
64
48
72
72
48
50
64
48
55
65
48
50
65
50
52
50_67
60
52
72
72
72
67
52
60
52
59
62
67
55
67
67
55
55
67
67
67
62
59
55
64
60
60_64
64
64
60
62
64
59
60_62_64
60
62
64
60
64
64
59_60
62
64
62_67
64
62
55
55
65
64
62
67
60
64_65
55
65
55
65
64
65
65
62
67
65
64
64
65
67_67
48
48
64
48
48
64
67
67
67
69
69
60_65_69
53
53
71
69
71
60
69_71
53_69
65
53
71
72
71
67
72
71
60
72
52
52
72
72
74
72
60_74
67
74
52
52
74
74
76
65
76
71
50_76
74
50
76
76
71
65
77
77
77
50
76
50
77_77
77
64_72
52_52
79_79
79
64
72_79
52_52_79
79
53
60
72
53_81
81
81
60
53_81_81
72_81
53
55_74
71
67
74
55
74
74
67_72
55
74
72
55
72
71
74
72
72
74
57_72
74_74
57
72
66
74
74
76
57
72
66
74_76
76
57
76
76
76
59
59_74
74
74
67
74
74
67
59
59
74
74
74
60
60
72
67
76
76
76
67
76
69_72
76
78
60
60_78
76
78
69
78
78
71
59
59
74_78
79
79
79
59
59
79
79
79
74
71
57
71
57
71
71
71
71
57_71_72
57
72
72
72
72
72
55
55
74_74
74
55
55
74_74
74
54
54
67_76
59_76
76
76
59
67_69_76
54
76
78
54_78
78
69
78
78
78
71
52
79
52
79
79
64
52
52_79_79
79
71
50
50_69
69
69
64
69
69
71
69
71
50_71
50
71
71_71
52
52
72
72_72
72
52_72_72
52
54
69
54_57
74
74
74
57
54
69
74
74
54_74
55
55
67
71
62_71
71
67
55
55_62
48
48
67
64
71
71
71
69
48_69
48_64_67
69
69
69
69
71
71
50
71
50
67
62
71
69
69
71
71
69
50
71
50
62_69
67
69_71
71
69
69
69
71
69
71
71
38
66
38
60
69
69
69
66
38_67
38
60
67
67
67
67
67
67
62
67
43
43
59
67
43
43
50
50
50
50
67
67
67
59
55
55
62
55
55
71
71
71
72
72
71
71
71
72
72
72
72
74
74
74
74_74
74
55
71_79
79
55
74
79
71
55
53_55
69
53
74
53
53
52
69
67
52
73
79
79
52
52
79
67
73
65
55
55
74
82
82
82
65_74
55
55_82
82
82
64
69
57
73
57
73
73
64
57_62
67
69
71
57
71_73
71
73
73
64_67
69
62
73
73
45
45
73
71
71
71
65
64
71
69
45
74
74
73
73
45_73
74
65
71
64
73
74
74
57
76
57
76
76
74
64
57
57
73
76
76
76
74
55
55_57_77
77
77
76
55
74
55_57_77
79
77
79
77_79
76
79_79
77
79
53
62
53_81
81
81
81
53
62_81
79
79
53
79
81
77
79
79
79
55
55
76
67_81
81
81
67
76
55
55
74
82
81
82
81_82
81
74
82_82
82
73
81
57
57
81
64
81
57
57
64
73
79
81
79_81_81
79
45
79
77
79_79
69
73_77_77
45
45_77
73
77
77
76
69
45
76_76
76
76
76
50
50
77
74
77
77
69
50_50
74
70_77
79
79
77_77_79
69
69
45
69
45
77_77_77
79
79
70
79
69
45
45
67
69
77
77_77
76
76
76
67
76_76
76
65_69
38
74
74
38
74
65
67
69
74
38
38
74
74
74
56_65_67
83
56
83
83
64_65
57
57_72
74
56
56_83
84
83
84
83
84
72
64
57_84
57
84
59_62
59
86
84
71
86
86
59
62
71
59
72
86
86
86
71
80
62
59
72
59
80
80
80
71
81
62
60_64_69
80
59
59_60
80_81
81
69
81
60
64
60
81
81
62_68
62
83
65
83
83
65
83
83
68
83
62_62
59
74
59
74
74
60
74
60
59
59
76
76
76
74
74
60
60
76
76
62
62_76
77
77
77
62_77
62
77_77
62
71
62_71
71
64
71
62
62
72
71
71
64
72
72
64
65
64
72
72_74
74
74
72
65
65
74
74
74
65
59
68
64_68
68
50
50
59
68
64
50
68
50
68
69
64
69
48_48
60_69
48
47_47
60
64
48
47
47
48
48
69
69
64
69
69
71
69
48
48
71_71
50_64
50
71
71
71
69
72
50
50_52
72
52
64
72
68
71
72
69
72
71_71
72
52
64_68
69
52
72
71
72
72
71
71
68
71
69
71
71_72
72
72
40
59
40
71
68
71
71
40
59
69
64
69
40
69
69
64
69
69
69
45
45_60
64
69
69
45
45
52
52
52
52
57
57
69
69
69
60
64
57
76
76
57
76
76
77
76_77
77
76
77
77
77
79
79
79
79
79
79
64
79
48
48
84
84
84
65
50
50
48
77
79
64
48
50
65
50
77
67
52
76
52
84
52
84
84
52_76
74
67
74
76
67
79
52
52
79
79
76
79
72
79
53
53_69
67
52
79
52
72
53
69
70
53
55
55_70
76
76
76
70
55
55_69
72
76
74
74
76
70
74
76
69
76
67
76
74
74
70
55_72
74
76
55
67
76
76
57_77
77
70
65
55_57_69
76
77
55
77
65
77
57
77
69
57
79
79
58_64_67
58_79
79
79
58
58
67_79
64
52
52
60
67_70
70
70
52
52
60
70
67_70
70
53
60
69
65
53
69
69
53
65
53
69
69
69
60
46
65
58
74
74_74
46
60
46_65
58
72
72_72
46
74
74
74
60
72
62
65
70
70
72
43
43_70
72
70
69
43
62
65
43
69
69
70
70
69
70
64
48_70
60
69
69_70
48
48
48
67
70
60
64_67_70
67_70
67
67
67
69
60
65
69
41
41
69
70
69
41
69_70
62_70
41
69
60_65
69
69
60_69
60
70
62
53
53
70
70
69
60
69
58_67
69
60
67
55_67
53
53_55
58
67
67
55
67
55
65
65
60
57
57
65
57
65_65
60
65
57_57_58
58
62
57
57
58_77
57_77
77
58
64
77
62
79
77_79
77
79
55
55
57
57
64
79
79
65
79
55
55
81
81
81
53
53
81
53
53
55
81
81
55
65
74
65
74
74
53_53
55
55
74
74
76
52_74
76
52_53
67
53_76
65
52_76
52
76
76
67
77
69
50
77_77
50
77
50_52_77
50_77
52_67
69
65
71
50
67_71
71
50
55
52
52
57
71
72
72
48_72
71
50
48_50_64
55_65
71
48
57
72
48
72
72
59
74
64
74
62
47_74
47
74
74
62_74
47_59_64
47
48
48
47
62
64
47
59
67
67
48_67
48
60
62
67
60
67
45
67
59
45
47
47
60
45
43
59
43
45
62
60
79
79
79
59
79
43
79
79
45
45
43
62
43
67
43
45_62_71
71
71
45
71
67
41
43
71
41_71
43_62
41
41
40
67
40
72
72
64
72
40
40
67
64
41
72
41_69
72
72
72
41
74
41_74
72_74
69
74_74
74
71
43
43
67
76
76
76
74
76
74
76
74
43
76
43
67
71
76
74
76
74
76
74
74
74
76
74
76
43
62_76
43
67
74
43
74
74
43
67
72
62
72
72
72
72
72
72
67
36
72
64
36
72
72
72
64
72
67
36
36
71
71
71
72
72
71
71
71
72
72
72
72
74
74
74
74_74
74
55
71_79
79
55
74
79
71
55
53_55
69
53
74
53
53
52
69
67
52
73
79
79
52
52
79
67
73
65
55
55
74
82
82
82
65_74
55
55_82
82
82
64
69
57
73
57
73
73
64
57_62
67
69
71
57
71_73
71
73
73
64_67
69
62
73
73
45
45
73
71
71
71
65
64
71
69
45
74
74
73
73
45_73
74
65
71
64
73
74
74
57
76
57
76
76
74
64
57
57
73
76
76
76
74
55
55_57_77
77
77
76
55
74
55_57_77
79
77
79
77_79
76
79_79
77
79
53
62
53_81
81
81
81
53
62_81
79
79
53
79
81
77
79
79
79
55
55
76
67_81
81
81
67
76
55
55
74
82
81
82
81_82
81
74
82_82
82
73
81
57
57
81
64
81
57
57
64
73
79
81
79_81_81
79
45
79
77
79_79
69
73_77_77
45
45_77
73
77
77
76
69
45
76_76
76
76
76
50
50
77
74
77
77
69
50_50
74
70_77
79
79
77_77_79
69
69
45
69
45
77_77_77
79
79
70
79
69
45
45
67
69
77
77_77
76
76
76
67
76_76
76
65_69
38
74
74
38
74
65
67
69
74
38
38
74
74
74
56_65_67
83
56
83
83
64_65
57
57_72
74
56
56_83
84
83
84
83
84
72
64
57_84
57
84
59_62
59
86
84
71
86
86
59
62
71
59
72
86
86
86
71
80
62
59
72
59
80
80
80
71
81
62
60_64_69
80
59
59_60
80_81
81
69
81
60
64
60
81
81
62_68
62
83
65
83
83
65
83
83
68
83
62_62
59
74
59
74
74
60
74
60
59
59
76
76
76
74
74
60
60
76
76
62
62_76
77
77
77
62_77
62
77_77
62
71
62_71
71
64
71
62
62
72
71
71
64
72
72
64
65
64
72
72_74
74
74
72
65
65
74
74
74
65
59
68
64_68
68
50
50
59
68
64
50
68
50
68
69
64
69
48_48
60_69
48
47_47
60
64
48
47
47
48
48
69
69
64
69
69
71
69
48
48
71_71
50_64
50
71
71
71
69
72
50
50_52
72
52
64
72
68
71
72
69
72
71_71
72
52
64_68
69
52
72
71
72
72
71
71
68
71
69
71
71_72
72
72
40
59
40
71
68
71
71
40
59
69
64
69
40
69
69
64
69
69
69
45
45_60
64
69
69
45
45
52
52
52
52
57
57
69
69
69
60
64
57
76
76
57
76
76
77
76_77
77
76
77
77
77
79
79
79
79
79
79
64
79
48
48
84
84
84
65
50
50
48
77
79
64
48
50
65
50
77
67
52
76
52
84
52
84
84
52_76
74
67
74
76
67
79
52
52
79
79
76
79
72
79
53
53_69
67
52
79
52
72
53
69
70
53
55
55_70
76
76
76
70
55
55_69
72
76
74
74
76
70
74
76
69
76
67
76
74
74
70
55_72
74
76
55
67
76
76
57_77
77
70
65
55_57_69
76
77
55
77
65
77
57
77
69
57
79
79
58_64_67
58_79
79
79
58
58
67_79
64
52
52
60
67_70
70
70
52
52
60
70
67_70
70
53
60
69
65
53
69
69
53
65
53
69
69
69
60
46
65
58
74
74_74
46
60
46_65
58
72
72_72
46
74
74
74
60
72
62
65
70
70
72
43
43_70
72
70
69
43
62
65
43
69
69
70
70
69
70
64
48_70
60
69
69_70
48
48
48
67
70
60
64_67_70
67_70
67
67
67
69
60
65
69
41
41
69
70
69
41
69_70
62_70
41
69
60_65
69
69
60_69
60
70
62
53
53
70
70
69
60
69
58_67
69
60
67
55_67
53
53_55
58
67
67
55
67
55
65
65
60
57
57
65
57
65_65
60
65
57_57_58
58
62
57
57
58_77
57_77
77
58
64
77
62
79
77_79
77
79
55
55
57
57
64
79
79
65
79
55
55
81
81
81
53
53
81
53
53
55
81
81
55
65
74
65
74
74
53_53
55
55
74
74
76
52_74
76
52_53
67
53_76
65
52_76
52
76
76
67
77
69
50
77_77
50
77
50_52_77
50_77
52_67
69
65
71
50
67_71
71
50
55
52
52
57
71
72
72
48_72
71
50
48_50_64
55_65
71
48
57
72
48
72
72
59
74
64
74
62
47_74
47
74
74
62_74
47_59_64
47
48
48
47
62
64
47
59
67
67
48_67
48
60
62
67
60
67
45
67
59
45
47
47
60
45
43
59
43
45
62
60
79
79
79
59
79
43
79
79
45
45
43
62
43
67
43
45_62_71
71
71
45
71
67
41
43
71
41_71
43_62
41
41
40
67
40
72
72
64
72
40
40
67
64
41
72
41_69
72
72
72
41
74
41_74
72_74
69
74_74
74
71
43
43
67
76
76
76
74
76
74
76
74
43
76
43
67
71
76
74
76
74
76
74
74
74
76
74
76
43
62_76
43
67
74
43
74
74
43
67
72
62
72
72
72
72
72
72
67
36
72
64
36
72
72
72
64
72
67
36
36
