67
60_64_67
48_67
48
64
60
48
67
48
67_67
60
72_72
60
64_72
55
60
60
72
72
64
72
48
76
76
76
48
67
48
74
48_74
74
55
65
76
76_76
67
59
59
55_72_72
64
72
74_74
65
74
59
59
55_62
71
64
71_72
71
72
72
62
71
71
71
64
57
60_72
72_72
57
64_72
72
72
57
65
74
74
57
74
74
74
74
65
76_76
67
76
55
55
67_76
76
76
55
55_77
60_69
77
77
77
69
77
77
71
53_62_79
53_79
79
53
53
62
71
52_52_64
72
52_64
52
79
79
79
60
53
53
81
81
81
53_53
81
60
81
72
81
50
77
72
65
50_77_77
77_77
50
50
65
72_77
74
55
71
74
67
55
74
55
55
67
71_74
74
74
69
72
72_72
43
43
72
43
43_71_72
71
69
71
72
72
72
69
69
53
69
53_71_74
71
71
71
53_53
67_67
67_74
69_71
69
69
67_67
67
67_72
52
72
52
72_72
52
52
72
72
72
72
60
60
76
76
76
60
60
74
60
60
74
74
67
76
76
76
72
59
59
72
62_72
67
74
74_74
62
71
59
71
59
67
72
71
72
72
71
71
71
57_64
69
74
74
57
74
57
57
72
72
72
74
74
74
55
71
55
71
71
72
72
72
55
55
69
69
69
71
64
71
71
69
69
69
69
54_62
54
69
74
74
74
54
54_62
69
55
55
71
67
55_55
67
71
74
74
74
62_72
67
47
47
72_72
72
72
47
67
62
72
71
71
47
71
71
71_71
69
69
66
69
50
50
60
69
69
69
50
66
60
50
71
71
71
71
71
71
59_62
43
67_67
67
43
43
43
55
55
55
55
53
67
67
62
53
67
59
53
53
52
52
60_67
64
67
67
52
52
50
50
60
64
67
67
67
50
50
48
48
72
72
55
72
64
48
48
72
72
72
64
76
60_60
76
76
67
60
60
74
74
65_74
76
76
76
55
67
72
64
59
72_72
65
59_74
74
74
55
71
59
62
72
71
59_64
55
71_72
72
62
71
71
71
57
72
57
60
64
72
72
72_72
64
72
57
65_74_74
74
57
74
74_74
65
55_67_76
55
76
76
67
76
76
76
55
69
55_77_77
77
60
69_77
77
77
71
53
53
62
79
79
79
53
71
53
62
52_72
52
64
52
64
52
79
79
79
53
53_81_81
60
81
53_60_81
53
81
81
72
50
50_72
65_77
77
77
72
50
50
77
65
77
77
71
55
67
55_76
76
76
74
76
74
76
74
76
76
74
76
74
76
74
55
55_74
74
74
76
67_76
76
71
76
76
74
74
72
69
43
43
72
72
72
74
43
43
72
69_71
71
71
72
72
72
53
74
71
69_71
69
53
69
71
71
53
71
53
67
67_74
67
69
69
69
67
67
67
67
52
52
72
72
72
72
52_72
52
72
72
72
60_76
60
60
76
76
60_60
60
74
74
74
76
76
76
67
72
59
72
67_72
59_74
62
74
74
71
62
71
71
59
72_72
72
67
59
71
71_71
74
57
57
74
69
64
74
72
72
57
57
72
74
74
74
55
55
71
71
71
72
72
72
55
69
69
71
69
71
55
71
64
69
69
69
69
54
54
62
69
74_74
74
54
54
62
69
55
55
67
71
55
55
67
71
74
74
74
47
67
62
47
72
72
72
72_72
72
47
47
62
67_71
71
71
71
71
71
69
69
50_66
50
60_69
50
69
69
50
69
66
60_71
71
71
71_71
71
62
43_59_67_67
43
67
59
67
43
62
43
67
67
71
67_74
74
43_74
43
71
74
67
43
74
74
43
67_71
62_71
71
55
55
55
55
71
71
71
72
72
72
57
57
62
57
71
67
71
71
57
72
72
72
67_69
69
69
59_62_71
59
71
71
67
67
67
59_69
67_69
69
59
62
67
67
67
67
60
60_60
76_76
76
60
60_77
77
67
77
60_76
76
76
79
76
77
79
79
72
77
48
48
77
48
76
81
79
48
81
81
79
79
72
81
81
81
74
65
50_82
82
82
50
50
65
74
50
52
64_73
52
52
64
52
73
82
82
82
49
49
57
76
81
81
81
49
76
49
57
81
81
81
69_79
79
45
73
45_79
73
69
79
79
45
45_79
77
77
50
50_74
69
77
50
50
77
77
77
79
48_48
79_79
48
48
69
74
77
77
77
79
79
79
67
46
76
70_76_76
46
77_77
77
46
67
76
70
46
74
76
74
74
76
74
74
74
73
73
69
45_64
73
45
73
73
73
74
45
74
45
74
64
74
74
74
49
49
76
76_76
57
69
57
49
49
76
59
76
76
59
69
61
81
52_81
52_81
69
61
52
52_71
62
62
71
73
55
55
64
73
74
64
81
81
81
74
76
69_79
79_79
77
76
77
77
79
79
79
69
67_76
81
76
76_77
55
55
77
77
67
74
65
74
76
74
76
76
65
74
74
74
73_73
55_64
73
55
64
74
55
74
62
55_74
73
73
73
81
62
61
52
76
76
52_79
76
74
74_74
61
52
52
62
77
77
77
77
76
76
76
79
62
77
77_77
49_76_79_79
64
79
49
77
49
49
64_74
76
74
73
64
45
45
73
64
79
79
79
69
61
77
77_77
76
76
76
77
77
77
69
61
76
74
74
74
76
45
76
45
73
73
73_74
74
74
73
73_73
74
62
74
65
74
46
46
74
74_74
46_69
69
46_69
69
69
69
77
58
77
58_77
76
58_58
76_76
62
77
65_77
77
74
74_76
57_74
65_76
57
62
76
57
57
72
72
72
74
74
74
65
62
72
72
72
70
70_70
55
62
67
55
74
55
74
55_70_74
70
62_70
67
74
74
74
49
79
79
64
79
49_69
79
79
79
49
76
64
49_69
76
76
76
76
76
50
77
77
50_69
77
62
50
50
69
62
46
46_74
65
77
77
46_77
46_74
74
65_74
74
74_74
74
77
43
77
67_70
43
77
43
76
70
43
76
67
77_77
76
77
76
76
76
74
74
64
45_69
74
45
45
73
73
45
74
74
64
73
74
69
73
73
73
74
74
65
50_69
50
74
50
50
38
38
38
74
38
74
74
69
65
50_69
50
66_69
62
69
69
69
69
50
50
71
71
66
71
62
71_71
71
67
72
52
60
72
72
52
52
52
60
67
72
72
72
57
74
54
54
69_74
74
54
54
57_72
69_72
72
74
74
74
50
50_62_71
66_71
71
72
72
72
50
50
66
69
62_71
69
69
71_71
69
69
69
55_71
55
67
71_71
62
71
55
71
71
69
55
69_69
69
69
69
67
43_67
67
43
67
67
62
43
43_67
69
69
69
67
69
69
69
60
71
71
45
45
65_71
71
71
71
45
72
45_60_72
72
72
72
72
74
47
47_74
74
55
74
74
76
47_47_76
76
74
55
65
76
76
76
77
77
43_43
77
71
67
43
43
77
71
67_77
77
48_48
76
72_76
76
67
48
48
72
76
67
76
76
74
43
74
74
71
67
43
71
74_74
72
74
72
72
69
67
72
69
72
72
71
67
71
71
62
71
71
71_72
43
67
69_72
62
72
43
69_72
72
72
71
74
67
74
74
55
55
74
71
74
74
67
76
76
76
67
55
55
67
76
76
76
72
77
60_77
57
77
57
77
57
57_77
77
55
55_79
79_79
60
55
79
55
79
79
53
53
65_81
81
81
53
53
52
52
65_81
81
81
72
52
52
53
53
62
79
79
71_79
53
53
50
50
62_71
50
50
52
52
67
72
79
72
52_79
67_79
52
70
70
65_70
50_65
50
70
70
70
69
69
50
69
65
65
50
69
69
69
70
67
70_70
64
48
48
70
70
70
67
67
48
67
67
64
48
67_67
67
69
69
53_60_65
69
53
69
69
69
53
60
53
65
50
50_65_74
69_74
74
50
50_74
74
69_74
65
62
55_55_67_71
71
71
55
71
55_71
71
62_67
72
64_72
48
72
67
48
48
72
64
48
72
72
67
74
43_74
67
71
74
43
74
74
67
71
43
74
43
62
55
55
71
67_71
71
55
55
71
71
71
57
72
57
72
72
62
57
67
57_71
71
71
72
72_72
69
59_69
69_71
59
71
71
67
62
69
62
59
67
67
67
67_69
69
59
67
67
67
60_60_67
60
76
76
76
77
77
77
60_60
60_76
67
76
76
79
79
48
72
77
48_76
77_79
77
48
81
79_81
79
76
48
72
81
79
81
81
50_81
74
65_82
50
82
82
65
50
74
50
52
52_73
64
52
52
73
64
82
82
82
49
49_76
57
81
81
81
49
76
49
81
57
81
81
45
69
79
73
45_79
79
73
69
79
79
45
45
79
50
77
50
74_77
69_77
50
77
50
77
77
48
48_79
79
79
48
69
77
77_77
79
74
48
79
79
46
46_76
70
76
77
67_76_77
77
70
76
74
67_76
74
46
74_76
46
74
74
74
45
73
64
73_73
69
45
73
73
74
45
74
74
73
45
74
64
74
76
49_49
76
74_76
57
57
69
49
76
59
76_76
49
59
69_81
52
52_61
81_81
61
69
71
52
52
62
62_71
73
55
64
55
73
74
64
81
81
81
74
76
79
69
79
79
77
76
77
77
79
79
79
69
55_76_76
81
77
67
76
55_77
77
67
76
74
65
74
76
74
76
65
74
74
74
64
73
55
73
73
55
64
74
62
74_74
55
55
73
73
73
62
81
61
52_76
76
52
74_76_79
74
74
61
52
52_77
77
62
77
77
76
76
76
79
77
62_77
77
79
49
79
49_64
76
79
77
49
49
64
74
76
74
64
73
45
45
64
73
79
79
79
77
69
61
77
77
76
76
76
77
77
77
69
61
74
45_76
74
74
76
45
76
73
73
73
74
74
74
73
73
73
74
65
62_74
46
74
46
74
74
74
46_69
69
69
46
69
69
69
77
58_77_77
58
58
58
76
76
76
62
65
77
77
77
74
74_74
62
57_57_76
65
76
76
57
72
57
72
72
74
65
62
74
74
72
72
72
70
70
70
55
55_67
62
74
55
74
74
70
55
70
62_70
67
74
74
74
79
49
79
69
49
64_79
79
79
79
49
69
49
76
64
76_76
76
76_76
50
50_69_77
77
77
62
50
62
50
69
46
65_74
46
77
77
77
46
46
65
74
74
74
74
74
74
74
43
77
43
67
77
77
70
43
76
76_76
67_70
43
77_77
77
76
76
76
45_74
74
74
45
64_69
45
73
73_74
45
73
74
69
74
64
73
73
73
50_74
50_69
65_74
74
50
50
38
38
74
65
74
38
38
74
69
62_69
50
66
69
69
50
69
69
69
71
62
71
71
50_50
66
71
71
71
60
67
52_72
72
72
52
60
52
67
52
72
72
72
54
54_57
69
74
74
74
54
57
69
72
54
72
72
74
74
74
71
50
62
50
71
66
71
72
72
72
50
62
50
66
69
69
71
69
71
71
69
69
69
55_55_71
71
67
62
71
71
71
69
69
71
69
55
55
69
69
69
67
43_67
43
67
67
62
67
43_69
43_67
69
67
69
69
69
69_71
45_60
45
65
71
71
71_71
71
72
45_72
72
45_60
72
72
72
47
74
74
47
55
74
47_74
74
76
76
47_74
55
76
65
76
76_76
43
67
77
77
77
43
71
43
43
67
77
77
77
71
48_76
48
67
72
76_76
48
48
76
67_76
76
72
74
74
67
43
71
43_74
74
74
72
69_71
74
72
72
67
69
72_72
72
67_71
71
71
62
43
71
67
43
71
71
72
72
62_72
69
72
72
69
72
67
74
74_74
55
71
55
71
74
74
74
67
76
76
67_76
55
55
67
76
76
76
72
77
77
60
57
77
57
77
57
77
77
57
55_79
79
79
55
60
55
79
55
79
79
53
53
81
81
65
81
53
53
52
52
81
81
65
81
72
52
52
53
53
79
79
62
79
71
53_53
50
50
62
71
50
50
52
52
67
72
79
79
79
52
52_72
67
70
70
70
65
65
50
50
70
69
69_70
70
69
65
50_50
65
69
69
69
70
70_70
67
48_48
64
70
70
70
67
67
48_67
67
64
48
67
67
67
69_69
65
60
69
53
53
69
69
69
53_60
65
53
69
74
65
74
50
74
50
50_65
74
69_74
50
74
72
55_72
67
72
62
55
71
71_72
71
72
72
72
71_72_72
55_71
71
71
55
62
71
67_71
72_72
72
71
71
71
67
72
72
64
48
72
48
48
48
79
64
67_72
55_55
79
55
72
72
79
79
77
77
55
55
55
77
77
60
76
60
60
76
60
60
74
74
76
76
60
60
60
60
60
60
64_72
72_74
64
60
64
74
62_74
62_74
62
72
72
64
64
64
60
60
60
60
62
76_76
60
60_62
60
74
74
62
59
60
59_77
59
60
77
76
60
76
59
60
59
77
60
59
77
57
57
76
60_76
60
60
62
74
62
74
62
60
76
76
60
60
57
57
64_72
64
72_74
57
57
62
74
62
64
62
65
65
74_74
65
64_72
64
72
64
65
57_65
57
65
67
67
57_76
57
76
67
74
74
77
77
76
76
57
77
57
77
76
53
53
76
74
74
76
76
67
67
67
53
53
77
69
74_74
69
69
53
77
53
69_69
76
69
76
77
77
53
53
65
53
65
74
65
53
76
74
76
65
65
65_72
74
74
72
53
72
53
62_62
72
62
55
71
55
71
71_71_72
72
62
62
62
55
55
57
60
74
60
57_60
74
72
72
59
59
76
59_76
60
74
74
60_60
57
57
59_77
57_57
57
59
59
77
59
59
76
76
55_55
55_57_57_79
57
79
77
77
55
59
59
55
55
79
79
60
60
60_60
60
76
76
74_74
76
76
60
60
60
60
60
72
74
72
60
64_64_64
74
60
71
71
72
62
62
62
72
64
64
64
60
60
60
60_60
71
69
62
60_60
62
69
71
62
59
69_69
59_67
59
67
60
60
60
59
59
60
60
59
67
67
62
66
66
62
48
62
48
66
60_60
66
60
69_69
62
62
62
60_60
60
48
48
69
48
48
59
69
59
59_74
74
74
57
57
57_74
59
72
72
59
59
57
48_48
57
57
72
72
71
48
48
62_71
62
62
71
69
71
69
48
48
69
69
67
67
47
47
67
67
62
62
62
47
47
60
48
48
60
60_69
69
59
59
59
69
69
60
60
60
59
48
48
59
59
50
66
50
57
57
66
57
66
59
59
59
66
57
57_57
50
50
59
59
59
67
55
67
55
43
43
55
55
55
55
67
67
43_43
55
79
55
55_79
79
79
55
77_77
55
55
77
77
60
60_60_76
60_60_76
74_74
60
76
76
60
60
60
60
64
60
72
60_64_64_72
74
74
62
74
62
62_74
72
72
64
64
64
60
60
60
60_76
60
60
60
62
62
76
62
74
74
59_77
60
59
59
60_60
77
76
76
60
59
59
60
59
57_77
76
77
57
60
60
60
76
62_74
62
74
62
76
60
60
76
60
57
57
57
64
64
57_72
72
64
62
62
62
74
74
65
65
65_74
74
64
64
72
64
72
57
57
65
65
65
67
57
67
57
67
76
76
74
74
77
77
76
76
57
57
77
77
53_76
53
76
74
74
76
76
67
53
67
53
67
53
74
77
53
77
69
69
69
74
76
69
69
77
76
69_77
53
53
65
65_74_76
53_65
53
74
76
65
74
72
72
65
65
74
53
53
72
72
62
62
55
55
62
71
71
71
72
72
71
62
62
62
55
55
57
60
60
60
74
57
74
72
72
59
59
59
76
76
74
60
60
60
74
57
57
59
57
57_59_59
57
59
59
77
77
76
76
55
55_57
55_57
57
79
79
77
77
59
59
55
55
55
79
79
60
60_60
60_76_76
60
74_74
76
76
60
60
60
60
60
60
72
64
64_72
64
74
60_74
71
71
62
62_62
72
72
64
64
64
60
60
60
60
60_62
60
60
71
69
62_69
62
71
59_59
59_69
60
60
67
60_67_69
60
59
59
59
60
67
67
66
48
48_62_66
62
62
66
60_60
66
60
69
69
62
62
62
60
60
60
48
48
69
59
59
48_59
48
69_74
74
57
57_57
74
59
74
59
59
72
72
57
57
57
48_48
72
72
48_71
62_71
62
62
48
71
71
69
69
48
48
69
69
67
67
47
47
67
67
62_62
62
47_47
60
60
48
48_60
69
69
59
59
59
69
60
60
60
69
48
59
59
59
48
57
57
50
50
66
57_66
59
59
59
57_57
57
66
50
66
50
59
59
59
43
67
55
43_55
67
55
67
67
66
66
66
66
67
67
55
55
55
67
67
43
69
69
43
69
69
71
62
62
62
71
71
71
72
62
72
62
62
72
72
59
43_74
59
59
74
43
77
77
74
74
59
59
59
43
43
43
60
43_60_76
60
76
77_77
59
59
74
59
74
60
76
76
60
60
43
43
57
43
57
57
43
59
59
59
72
72_74
74
57
57
55
55
57
55
71
71
72
72
55
55
43
43
55
64
71
64
71
55
73_73
64
55
64
64
64
65
65
69
69
65
73
73
65
65
55_65
55
67
71
67
55
67
71
55
69
69
67_67
67
69
69
69
73
73
71
71
69
55
69
69
55
70
70
55
55
74
70_74
73
73
73
74
73
74
55
55
73
49
73
49_76
76
74
76
74
76
70
70
74
70
49_49
74
49
49
69_77
77
69
69
77
77
76
76
69
69
69
76
49
76
49
49
67
67
49
82
82
67
82
81
67_81
82
67
67
49
81
81
49
65
65
65
81
81
50
50
77
77
81
81
65
65
65
50
50
48_67_67
48_67
76
77
76
77
65
65
65
76
74
67
74_76
67_67
48
48
64
65
46
46
64
73
74
64_73
74
65_65
62_64
62_64
64
62
74
74
73
73
46
62
74
62_62
46
74
61_61_61
45
45_76_76
61
61
61
62
62
62
77
77
76
76
45
62
62
62
45
45
64
45
64
79
64
79
77_77
64
76
76
64
79_79
64
76
76
45
45
45_69
77
69_77
45
69
77
74
77
74
74
74
45
45
73
55_73
55
71
71
73
73
69
69
69
55
55
67_73
55_55
67
73
71
67_71
74
65
65
74
65
73
67
67
73
67
55
55
55
64
64
64
65_65
76
74
55
76
74
65
62
77
62
64
64
62_64
76
77
76
55
55
62
62
77
62
52_61
61
52_61_79
79
77
62
62
61_77
62
77
79
79
61
61
52
52
64
52
79
64
79
62_77
52
77
64
62
62
65
81
65
65_79
81
79
64
64
64
52
52
65
65
65
52
67
52_67
82
82
81
67
81
79
79
82
82
52
79
52
79
49
81
49
81
82
82
81
81
67
67
67
49
47_49
65
65
81
47_65
81
82
82
64
64
64
79
79
65
65
81
81
65
47
47
64
45
62_64
62
45
62
77
77
64
79
79
61
61
61
76
62
62
76
77
62_77
61
61
45
61
45
76
62
76
62
62
77
77
50
50
62
62
62
57
57
57
57
57
50
50
57
65
65
52_52
65
64
64
64
65
65
65
52
62
64
52
64
62
62
64
53
53
62
60
60
60
62
62
60
60
60
53
53
58
58
55
58
55
77
77
62
62_77
58
77
62
58
58
55
55
62
55
62_67
67
67
76_76
55_77
62_77
67
67
64
76
76
73
67
64
64_73
64
64
55_55
64
65
55
55
65
74
74
65_73
73
74
76
74
76
55
55
76_76
57
57
69
69
65
65
65
62
62
62
69
69
62
62
62
57
57
65
57_65_65
57
81
81
64
64
64
81
65
65
65
81
64
64
64
57
57
62
62
62
57
76_76
57
61
61
61
62
62
62
76
61
61
61_76
57
57
50
62
62
77
50
77
62
76
76
77
77
50
50
53
53
77
77
76
76
62_62
79
62
77
79
77
53
53
57
57
57_57_57_77
77
79
79
57
57
57
59_59
76
59
77
76
77
59
59
57
59
57
76
54
60_76
54_60
60
74
74
60
60
60
54
54
62
62
62
60
60
60
62
62
62
54
54
54
59
59
60
59_60
54
60
57
59
57
57
59
59
54
54
57
57
57
53
59
59_59
53
74
57
59
57_57
72_74
72
59
59
57
53
53
57
55
53_71
55_71
55
57
72
72
53
55
55
72
57_72
57
57_71
71
55
53
57
53
57
59
53_59
53
59
74
72
57_74
72
59
59
60
60
60
76
76
59
74_74
53
60
60
76
53
62
62
76
47_60
62
77
47
77
62
62
64
64
62
64
76
76
77
77
47
64
64
64
47
65
65
47_47
65
74_74
76
76
76
74_76
74
65
65
65
47
47
48
48
74
64_74
64
64
76
76
72_72
74
74
64
64
64
48
48
72
71_72
55
62_62
71
62
55
60
62
60_62_69
69
60
71
71
62
60
55
55
60
59
59_67_67
53
69
53
60
69
59
59
59
60
60
69
69
60
67
59
67
53_53
60
60
62
52
62
71
52
60
69
71
62
69
62
62
64_72
62_71
64
64
72
71
52
52_64
64
64
65_72
72
65
50
74
74
50
65
65
65
67
65
76
67
67
76
74
74
50_67
67
50
67
48_69
48
77
69
69
77
76
76
74
74
69_77
69
77
69
48
48
46
67_76_76
46
67
67_74
74
77
77
76
76
46
46
77
77
40_40
79
79
67
81
81
79
79
67
67
40
40
58
79
40_58
58
40
79
81
81
57_58
57
57_77
58
58
77_79
79
40
40
58
40
58
57
57_58
76
57_77
76_77
40
58
55_58
55_58
55
74
74_76
76
55
40
55
55
40
74
74
57
41
57
57
41_72
72
57
57
72
79
57
79
72
41
41
62
38_77
38_62
62_79
77
79
62
62
62
77
76
76
77
38
38
74
59
43
76
74
76
59
59
43
59
59
76
59
74_76
74
43
43
76
72
72
60_60
76
60
36
36
76
72
76
72
74
76
74
76
60
60_72
60
74
72
74
36
36
71
62_62
62_72
71
72
62
72
62
72
62
71
71
72
72
43
59_74
43_59_59
74
77
77
74
74
59
59
59
43
43
43
43
76
60_76
60
60
77
77
59
59_74
74
59
60
76
76
60
60
43
43
43
43
57
57
57
59_59
72
59_72
74
74
57
57
57
55
55
55
71
72
71
72
55
43
55
55
55_64
71
64
43_64
73
73
71
55
64
64
64
69
65
65
65
69
73
73
65
65
65
55
55
71
67
67
55
67
71
69
55
69
67
67
67
73
69
69
69
71
73
71
69_69
55
69
55
55
55
70
70_74
73
74
70
73
74
73
73
74
55
73
55
73
49
76
49
76
74_76
74
76
70
70
70
74
74
49
49
77
77
49
69
69
49
69
77_77
76
76
69
69
69
76
49
76
49
82
49_67_67
67_82
49
81
82
67_81
82
67
67
81_81
49
49
65_65_65_81
81
50_50
77
77
81
81
65
65
65
50
50
48
48_67_67
67
76_76
77_77
65
65
76
65
74
76
67
67_74
67
48
48
65
64
64
65
73_73_74
46_64
74
46
65
64
62
64
62_64
62
74
74
73
73
46
62_62
62_74
46
74
61
61
61
45
45
76
76
61
61
61
62_62
77
62_77
76
76
62
62
62
45
45
45
64
45
64
64
79
79
77
77
64
76_76
64
64
79
79
45
45
76
76
45_69
45
69_77
77
69
77
77
74
74
74
74
45
45
55
73
55
73
71
71
73
69
73
69
69
55
55
55
55
73
67_67
67
73
71
71
65
74
65
74
65
67
73
73
67
67
55
55
64
64
64
65
65
55_55
74_76
76
65
74
62
64
62
77
62_64
64
76_77
76
55
62
62
55_62
77_77
61
61
52
61
79
52
79
62_77
62
61
62
77
79
61_61
79
52
52
64
79
62
64
79
64
52
62
77
52
62
77
65
81
65
65
79_81
64
64_79
64
65
52
52
65
65
82
67
52_67_67
52
81
82
81
79
79
82
82
52
79
79
52
81
49
49
81
82
82
81
81
67
67
67
49
49
65
81
47
65
65_81
47
82
82
64
64
64_79
79
65
81
65
65
81
47
64
45
47
62_62_64
62_64
77
45_77
79
79
61
61
61
62
62
76
76
62
77
77
45
45
61
61
61
76
76
62
62
62
50
50
77
77
62
62
62
57
57
57
57
57_57
50
50
65
65
52
52
65
64
64
64
65
65
65
52
64
62_62
53
62_64
52_64
53
62
60
60
62
60
62
60
60
53_60
58
53
55
58
58
55
77
77
62
62
58
62_77
77
58
58
55
55
62
55_67
62_62
76
76
67
55
67
77
77
67
67
67
76
64_73
64_73
64
76
64
64
55_64
55
55
74
55
74
65_73
65
65
73
76
74_74
76
55
55
76
76
57
69
57
69
65
65
65
62
62
62
69
69
62
62
62
57
57
65
65
57_65
81
57
81
64
64
64
65
65
65
81
81
64
64
64
57
57
77
57
62
62_77
62
57
77
76
77
76
77
77
76_76
61_61
61
62
76
62
76
77
62
77
57
61
61
61
76
57
76
50
62_77
50_62_62
77
76
76
77
77
50
50
53
53
77
77
76
76
62
79
79
62
77
62_77
53
53
57
57
77
57
57
57
77
79
79
57
57
57
59
59
76
59
76
77
77
59
59
59
57
57
76
76
60
60
54
60
54
74
74
60
60
60
54
54
54
54
62
62
62
60
60
60
62
62_62
54
54
59
54_59
59
54_60
60
60
59
57_57
59
57
59
54
54
57_57_57
59
59
53
53
59
57_59
57
59
74
74
57_72
72
59
53
53
57
72
57
55
71
53_72
53_55
71
55
57
55
55
57
57
72_72
57
71
71
55
53
53
57
57
53
59_59_74
74
59
53_57
72
72
59
60
59
60_76_76
60
74_74
59
53
76
60_60_76
53
60
62
62
62_77
47_77
47
62_64
64
64
62_76
62_76
77_77
47
47
64
64
47
64
65
65
47_65_74_74
76
76
76
76
74
65_74
65
65
47
47
48
74
64
48
64
74_76
64
76
72
74
64
72
64
74
64
48
48
72
62
55_72
62
62
55
71
71
60
60
60
62
62
62
69_69_71
71
55_60
60
55
60
67
59
59
53
59
53_67
69
69
59
60_60
60
59_59
69
69
67
67
60
53
60
53
62
60
52_62
62
71
71
69
52
69
62
62
64
64
62
71
64
72
72
71
52
64
64
52
64
65
65
72
50
65
74
72
50
74
65
67
65
67
65
76
67
76
74
74
67
50
67
67
50
69
69
48
69_77
48
77
76
76
69
74
74
77
69
77
69
48
48
46
67_76
67
67
76
46
74
74
77
77
76_76
46
46
77
77
79
40_79
40
81
79
81
79
67
67
67
40
40
79
58
40_58_81
58
40_79
81
58
57_57
57
77
77
58
79
58
79
40
40
40_57
58
58
40
58
57
76
77
76
57
77
58
58
55
55
55
58
74_76
74
76
55
40
40
55
55
74
57
74
41
41
57
57
72
72
57
57
72
57
72
79
79
41
41
38_38
62_77
62_77
62
79
79
62
62
76
62
76
77
77
38
38
60
60
60
43
43
74_74
76
76
59
60
59
59
60
60
60
59
60
59
60
59
59
59
43_60
59
60
76
60
76
74
74
43
59
59
59
60
76
60
60
36
76
36
72
72
60
60
60
36
67
60_64_67
72_72
48_67
36
48
64
60
48
67
48
67_67
60
72_72
60
64_72
55
60
60
72
72
64
72
48
76
76
76
48
67
48
74
48_74
74
55
65
76
76_76
67
59
59
55_72_72
64
72
74_74
65
74
59
59
55_62
71
64
71_72
71
72
72
62
71
71
71
64
57
60_72
72_72
57
64_72
72
72
57
65
74
74
57
74
74
74
74
65
76_76
67
76
55
55
67_76
76
76
55
55_77
60_69
77
77
77
69
77
77
71
53_62_79
53_79
79
53
53
62
71
52_52_64
72
52_64
52
79
79
79
60
53
53
81
81
81
53_53
81
60
81
72
81
50
77
72
65
50_77_77
77_77
50
50
65
72_77
74
55
71
74
67
55
74
55
55
67
71_74
74
74
69
72
72_72
43
43
72
43
43_71_72
71
69
71
72
72
72
69
69
53
69
53_71_74
71
71
71
53_53
67_67
67_74
69_71
69
69
67_67
67
67_72
52
72
52
72_72
52
52
72
72
72
72
60
60
76
76
76
60
60
74
60
60
74
74
67
76
76
76
72
59
59
72
62_72
67
74
74_74
62
71
59
71
59
67
72
71
72
72
71
71
71
57_64
69
74
74
57
74
57
57
72
72
72
74
74
74
55
71
55
71
71
72
72
72
55
55
69
69
69
71
64
71
71
69
69
69
69
54_62
54
69
74
74
74
54
54_62
69
55
55
71
67
55_55
67
71
74
74
74
62_72
67
47
47
72_72
72
72
47
67
62
72
71
71
47
71
71
71_71
69
69
66
69
50
50
60
69
69
69
50
66
60
50
71
71
71
71
71
71
59_62
43
67_67
67
43
43
43
55
55
55
55
53
67
67
62
53
67
59
53
53
52
52
60_67
64
67
67
52
52
50
50
60
64
67
67
67
50
50
48
48
72
72
55
72
64
48
48
72
72
72
64
76
60_60
76
76
67
60
60
74
74
65_74
76
76
76
55
67
72
64
59
72_72
65
59_74
74
74
55
71
59
62
72
71
59_64
55
71_72
72
62
71
71
71
57
72
57
60
64
72
72
72_72
64
72
57
65_74_74
74
57
74
74_74
65
55_67_76
55
76
76
67
76
76
76
55
69
55_77_77
77
60
69_77
77
77
71
53
53
62
79
79
79
53
71
53
62
52_72
52
64
52
64
52
79
79
79
53
53_81_81
60
81
53_60_81
53
81
81
72
50
50_72
65_77
77
77
72
50
50
77
65
77
77
71
55
67
55_76
76
76
74
76
74
76
74
76
76
74
76
74
76
74
55
55_74
74
74
76
67_76
76
71
76
76
74
74
72
69
43
43
72
72
72
74
43
43
72
69_71
71
71
72
72
72
53
74
71
69_71
69
53
69
71
71
53
71
53
67
67_74
67
69
69
69
67
67
67
67
52
52
72
72
72
72
52_72
52
72
72
72
60_76
60
60
76
76
60_60
60
74
74
74
76
76
76
67
72
59
72
67_72
59_74
62
74
74
71
62
71
71
59
72_72
72
67
59
71
71_71
74
57
57
74
69
64
74
72
72
57
57
72
74
74
74
55
55
71
71
71
72
72
72
55
69
69
71
69
71
55
71
64
69
69
69
69
54
54
62
69
74_74
74
54
54
62
69
55
55
67
71
55
55
67
71
74
74
74
47
67
62
47
72
72
72
72_72
72
47
47
62
67_71
71
71
71
71
71
69
69
50_66
50
60_69
50
69
69
50
69
66
60_71
71
71
71_71
71
62
43_59_67_67
43
67
59
67
43
62
43
67
67
71
67_74
74
43_74
43
71
74
67
43
74
74
43
67_71
62_71
71
55
55
55
55
71
71
71
72
72
72
57
57
62
57
71
67
71
71
57
72
72
72
67_69
69
69
59_62_71
59
71
71
67
67
67
59_69
67_69
69
59
62
67
67
67
67
60
60_60
76_76
76
60
60_77
77
67
77
60_76
76
76
79
76
77
79
79
72
77
48
48
77
48
76
81
79
48
81
81
79
79
72
81
81
81
74
65
50_82
82
82
50
50
65
74
50
52
64_73
52
52
64
52
73
82
82
82
49
49
57
76
81
81
81
49
76
49
57
81
81
81
69_79
79
45
73
45_79
73
69
79
79
45
45_79
77
77
50
50_74
69
77
50
50
77
77
77
79
48_48
79_79
48
48
69
74
77
77
77
79
79
79
67
46
76
70_76_76
46
77_77
77
46
67
76
70
46
74
76
74
74
76
74
74
74
73
73
69
45_64
73
45
73
73
73
74
45
74
45
74
64
74
74
74
49
49
76
76_76
57
69
57
49
49
76
59
76
76
59
69
61
81
52_81
52_81
69
61
52
52_71
62
62
71
73
55
55
64
73
74
64
81
81
81
74
76
69_79
79_79
77
76
77
77
79
79
79
69
67_76
81
76
76_77
55
55
77
77
67
74
65
74
76
74
76
76
65
74
74
74
73_73
55_64
73
55
64
74
55
74
62
55_74
73
73
73
81
62
61
52
76
76
52_79
76
74
74_74
61
52
52
62
77
77
77
77
76
76
76
79
62
77
77_77
49_76_79_79
64
79
49
77
49
49
64_74
76
74
73
64
45
45
73
64
79
79
79
69
61
77
77_77
76
76
76
77
77
77
69
61
76
74
74
74
76
45
76
45
73
73
73_74
74
74
73
73_73
74
62
74
65
74
46
46
74
74_74
46_69
69
46_69
69
69
69
77
58
77
58_77
76
58_58
76_76
62
77
65_77
77
74
74_76
57_74
65_76
57
62
76
57
57
72
72
72
74
74
74
65
62
72
72
72
70
70_70
55
62
67
55
74
55
74
55_70_74
70
62_70
67
74
74
74
49
79
79
64
79
49_69
79
79
79
49
76
64
49_69
76
76
76
76
76
50
77
77
50_69
77
62
50
50
69
62
46
46_74
65
77
77
46_77
46_74
74
65_74
74
74_74
74
77
43
77
67_70
43
77
43
76
70
43
76
67
77_77
76
77
76
76
76
74
74
64
45_69
74
45
45
73
73
45
74
74
64
73
74
69
73
73
73
74
74
65
50_69
50
74
50
50
38
38
38
74
38
74
74
69
65
50_69
50
66_69
62
69
69
69
69
50
50
71
71
66
71
62
71_71
71
67
72
52
60
72
72
52
52
52
60
67
72
72
72
57
74
54
54
69_74
74
54
54
57_72
69_72
72
74
74
74
50
50_62_71
66_71
71
72
72
72
50
50
66
69
62_71
69
69
71_71
69
69
69
55_71
55
67
71_71
62
71
55
71
71
69
55
69_69
69
69
69
67
43_67
67
43
67
67
62
43
43_67
69
69
69
67
69
69
69
60
71
71
45
45
65_71
71
71
71
45
72
45_60_72
72
72
72
72
74
47
47_74
74
55
74
74
76
47_47_76
76
74
55
65
76
76
76
77
77
43_43
77
71
67
43
43
77
71
67_77
77
48_48
76
72_76
76
67
48
48
72
76
67
76
76
74
43
74
74
71
67
43
71
74_74
72
74
72
72
69
67
72
69
72
72
71
67
71
71
62
71
71
71_72
43
67
69_72
62
72
43
69_72
72
72
71
74
67
74
74
55
55
74
71
74
74
67
76
76
76
67
55
55
67
76
76
76
72
77
60_77
57
77
57
77
57
57_77
77
55
55_79
79_79
60
55
79
55
79
79
53
53
65_81
81
81
53
53
52
52
65_81
81
81
72
52
52
53
53
62
79
79
71_79
53
53
50
50
62_71
50
50
52
52
67
72
79
72
52_79
67_79
52
70
70
65_70
50_65
50
70
70
70
69
69
50
69
65
65
50
69
69
69
70
67
70_70
64
48
48
70
70
70
67
67
48
67
67
64
48
67_67
67
69
69
53_60_65
69
53
69
69
69
53
60
53
65
50
50_65_74
69_74
74
50
50_74
74
69_74
65
62
55_55_67_71
71
71
55
71
55_71
71
62_67
72
64_72
48
72
67
48
48
72
64
48
72
72
67
74
43_74
67
71
74
43
74
74
67
71
43
74
43
62
55
55
71
67_71
71
55
55
71
71
71
57
72
57
72
72
62
57
67
57_71
71
71
72
72_72
69
59_69
69_71
59
71
71
67
62
69
62
59
67
67
67
67_69
69
59
67
67
67
60_60_67
60
76
76
76
77
77
77
60_60
60_76
67
76
76
79
79
48
72
77
48_76
77_79
77
48
81
79_81
79
76
48
72
81
79
81
81
50_81
74
65_82
50
82
82
65
50
74
50
52
52_73
64
52
52
73
64
82
82
82
49
49_76
57
81
81
81
49
76
49
81
57
81
81
45
69
79
73
45_79
79
73
69
79
79
45
45
79
50
77
50
74_77
69_77
50
77
50
77
77
48
48_79
79
79
48
69
77
77_77
79
74
48
79
79
46
46_76
70
76
77
67_76_77
77
70
76
74
67_76
74
46
74_76
46
74
74
74
45
73
64
73_73
69
45
73
73
74
45
74
74
73
45
74
64
74
76
49_49
76
74_76
57
57
69
49
76
59
76_76
49
59
69_81
52
52_61
81_81
61
69
71
52
52
62
62_71
73
55
64
55
73
74
64
81
81
81
74
76
79
69
79
79
77
76
77
77
79
79
79
69
55_76_76
81
77
67
76
55_77
77
67
76
74
65
74
76
74
76
65
74
74
74
64
73
55
73
73
55
64
74
62
74_74
55
55
73
73
73
62
81
61
52_76
76
52
74_76_79
74
74
61
52
52_77
77
62
77
77
76
76
76
79
77
62_77
77
79
49
79
49_64
76
79
77
49
49
64
74
76
74
64
73
45
45
64
73
79
79
79
77
69
61
77
77
76
76
76
77
77
77
69
61
74
45_76
74
74
76
45
76
73
73
73
74
74
74
73
73
73
74
65
62_74
46
74
46
74
74
74
46_69
69
69
46
69
69
69
77
58_77_77
58
58
58
76
76
76
62
65
77
77
77
74
74_74
62
57_57_76
65
76
76
57
72
57
72
72
74
65
62
74
74
72
72
72
70
70
70
55
55_67
62
74
55
74
74
70
55
70
62_70
67
74
74
74
79
49
79
69
49
64_79
79
79
79
49
69
49
76
64
76_76
76
76_76
50
50_69_77
77
77
62
50
62
50
69
46
65_74
46
77
77
77
46
46
65
74
74
74
74
74
74
74
43
77
43
67
77
77
70
43
76
76_76
67_70
43
77_77
77
76
76
76
45_74
74
74
45
64_69
45
73
73_74
45
73
74
69
74
64
73
73
73
50_74
50_69
65_74
74
50
50
38
38
74
65
74
38
38
74
69
62_69
50
66
69
69
50
69
69
69
71
62
71
71
50_50
66
71
71
71
60
67
52_72
72
72
52
60
52
67
52
72
72
72
54
54_57
69
74
74
74
54
57
69
72
54
72
72
74
74
74
71
50
62
50
71
66
71
72
72
72
50
62
50
66
69
69
71
69
71
71
69
69
69
55_55_71
71
67
62
71
71
71
69
69
71
69
55
55
69
69
69
67
43_67
43
67
67
62
67
43_69
43_67
69
67
69
69
69
69_71
45_60
45
65
71
71
71_71
71
72
45_72
72
45_60
72
72
72
47
74
74
47
55
74
47_74
74
76
76
47_74
55
76
65
76
76_76
43
67
77
77
77
43
71
43
43
67
77
77
77
71
48_76
48
67
72
76_76
48
48
76
67_76
76
72
74
74
67
43
71
43_74
74
74
72
69_71
74
72
72
67
69
72_72
72
67_71
71
71
62
43
71
67
43
71
71
72
72
62_72
69
72
72
69
72
67
74
74_74
55
71
55
71
74
74
74
67
76
76
67_76
55
55
67
76
76
76
72
77
77
60
57
77
57
77
57
77
77
57
55_79
79
79
55
60
55
79
55
79
79
53
53
81
81
65
81
53
53
52
52
81
81
65
81
72
52
52
53
53
79
79
62
79
71
53_53
50
50
62
71
50
50
52
52
67
72
79
79
79
52
52_72
67
70
70
70
65
65
50
50
70
69
69_70
70
69
65
50_50
65
69
69
69
70
70_70
67
48_48
64
70
70
70
67
67
48_67
67
64
48
67
67
67
69_69
65
60
69
53
53
69
69
69
53_60
65
53
69
74
65
74
50
74
50
50_65
74
69_74
50
74
72
55_72
67
72
62
55
71
71_72
71
72
72
72
71_72_72
55_71
71
71
55
62
71
67_71
72_72
72
71
71
71
67
72
72
64
48
72
48
48
48
64
67_72
72
72
