50
74
50
81
78
50
50
74
50_81
78
50
50
50
74
81
78
50
50
50
50
74
69
74
69
74
69
74
81
78
64_74
69
64
66
66
66
62
69
66
69
62
62
66
69
74
69
74
69
74
69
64
74
69
64
50
50
66
66
50_62
50
81
50_86
69_78
66
50
50
86
50
81
50_62_78
69
50
66
71
50
50
66
62_86
50
78_81
66
62
50
74
66
74
66
74
66
81
69
86
78
67
74
66
67
69
69
66
62
69
66
62
69
67
62
71
62
66
67
74
74
67
67
74
71
69
50
67
74
69
50
71
71
67
62
71
62
50_50
50_79
74
67
50
62
62
50_50_50_71
79
74
50_62_69
69
62
50
50_50
81
81
71
62
50
74
69
74
69
74
69
67
62_81
81
66
66
69
74
67
67
64
73
67
64
73
67
66
74
69
62
69
66
69
67
67
67
67
69
69
69
69
74
71
78
71
74_78
71
71
69
73
78
69
73
74
73
73
74
50
74
78
69
74_74
50_76
76
76
76
78
78
74
69_69_74_74
50
50
69_78
50
50_78
50
74
74
69_78
74
50
69_78
69
50
79
79
71
76
50_76
71_76
50_50
76
79
50
50
50
50
50
49_76
71
49_50
79
71_76
76
79
49
50
79
49
76
50
50
50
50
50
47
50
79
47
71
76
50_71_79
76
79
76_76
79
47
71
47_79
76
76
45_76_79
76
49_79
49_71_76
69_79
79
69_76
69
76
45
79
79
76
69
76
69
49
76_79
69
49
76
76
76
76
81
76
45
73
76
73
64
45
76
69
81
69
45
81
45
81
64_73
81
69
73_81
45
45_69
76
76
76
76
76
76
76
78
50
50
74_78
62
69
74_74
69
78
50
50
62
74
69
69_78
74_74
78
78
69
66
69
66
66_74
69
74
66
69
69
74
50
66
50
49
49
66
69
49
49
74
74
50
66
50_69
66
69
74
50
50
52
52
62
66
52
66
52
62
54_54
81
57
81
62
54
54
55
55
55
55
57_57
57_57
59_59
74
78
59
59
74
78
60
60
74
78
60
60
59
59
78
74
59
59
60
60
60
60
57
66
57
72
57
66
57
72
66
51
51_71
62_81
57
81
79
79
79
79
81
81
81
81
78
66_78
81
66
78_78
66_81
83
83
81
51
51
49
49
81
66_71
66_83
49
83
49
51
51
51
51
47
47
78
81
81
71
66
63
47
47
81
78
81
71
66
75
59_63
79
59_75
79
59
71
75
75
71
59
59
59
78
78
61
66
78
47
78
66
61
71
47
63
71
63
63
63_71
47_71
47
79_79
75
78_78
59
75
71
75
78
78
75_76
59
71
52
52
79_79
71
76
71
71
76
71_76
76
71
76
71
79
79
78
78
76
78
71
78
79
79
79
79
76
67
71
76
76
67
71
76
72
64
67
72_76
71
52
52
52
52
64
67
52
52
64
67
54
54
69
62
67
64
62
69
54
54
69
50_50_66
62
66
69
62
66
66
50
50
62
62
67
55_55
67
72
72
71
71
71
55
71_72
55
72
72
69
72
54
69
54
69
54
54
71
55_69
55
71
67
62
55_62
67_71
55
71
52
73
52
64
67
64_73
67
52
73
52
64_73
67
54_74
64
67
62
69
54_62
74
69
54_62_69
62
54
69
64
67
52
67
52
67
64
52
67
67
52
62
67
54_69
54
66
69
62
69
66
54
54
74
69
74
59
71
55_76
55_64
76
81
76
71
45
85
45
59
45_76_81
55_76
85
55_64
71
76
57
64
45_57
71_73
73
57_64_85
45
76
81
69
45
64
57
64
73
69
69
69
76
76
73
76
69
69
73
76
69
76
69
73
76
85
81
76
73
71
69
76
73_76
69
71
73
73
69
64
79
73
73
76
64
79
73
76
69_73
61_76
69
79
73
76
73
76
74
71
74
71
76
73
79
57
76
71
73
57
71
73
73
45
73_76
69_76_79
57
45_57
81
45
76
79
57
57
73
76
69
81
45
45
69
57_61
57_69_73
78
78
69
81
45
69
73
73
69
69_73
81
69
78
76
73
74
69
74
76
76
64
73
69
69
64_73
66_69
74
73
69
74
69
74
69
74
69
78
76
74
57
57
59
69
76
59
78
78
66
57
74
45
69
57_74
69
81
45
74
57
45
69
57
69
66
81
74
57
45
64
57
45_69_76
69
76
81
66_69
45
69
76
69
76
69
76
69
74
81
76
73
76
69
73
74
74
62
71
68
62
68
71
64
69
73
69
64
73
76
76
76
81
81
81
80
64
80
81
73
80
73
64
80
78
78
73
69
78
69
64
78
76
76
73
57
76
69
76
57_74
74
74
74
66
57_73
73
69
66
69
57
45_78_85
81
45_66
45
57
57_69_78_81_85
73_73
66
69
66
45
71
57
74
57
45_71
66_74
78_83
74
45
57
57
71
56
71
45_66
56
83
74
66
78
56
45
74
74
56
57
57
45
57
45
57
54
54
83
66
66_74
74
45
74
71
71
78
54
83
54
74
66
45_71
66_74
71_74_78
56
56
74
64_83
64
74
71
76
71
50_74
50
74
83
56
71
74
71
56_74
76
64
64
71
71
81
71
81
71
76
59
52
52_68
76
74_76_83
68
64
76
68
52
76
68
83
52_74
59
64
76
74
74
80
50
74
80
50_73
74
64
57
76
57
69
57
73
64
81
69
45
45
64
73
69
76
69
81
73
76
73
76
69
73
76
69
85
81
73
76
76
73
69
81
69_76
85
73
69
73
69
78
73
78
64
57_66
57
57
57
57
57
57
59
59
59
59
69
61
78
61
69
78
61
61
69
78
62
62
62
62
61
61
78
69
61
61
62
62
62
62
74
71
59
59
59
71
59
74
71_71
57
57
78
66
78
73
78
78
78
78
80
80
56
56
57
80
57
81
80
74
81
71
81
74
81_83
71
74_83
71
83
81
83
81
71
74
71
71
81
56
81
56
83
83
83
83
74
54
71
80
54
80
71
74
54
74
54
71
80_80
68
53
74
53_71_73
73
73
68
73
73
53_53_73
68
73
73
68
83
83
83
83
81
49
49
73_77
77
81
73
77
49_81
77
49
73
73_81
80
80
80_80
54_54
78
81_81
73_78
73
73
78
73
66
73
66
73
66
81
81
73
80
66
80
80
80
81
81
81
81
61
69
78
78
69
78
61
78
69
66
74
73
74_78
54
54
52
52
52
52
54
54
54
54
56
69
56
73
56_56_69
73
57_66
57
73
57
57
56
56
73
66
56
56
57
57
57_57
54
54
69
66
54
54
69
66
56
56
71
64
66
74
69
74
73
73
56
56
73
73
74
74
74
64_74
68
71
52
52
71
64
68
52
52
71
61_64
71
57_57
73
73
64
64
57
61_71
57
73
73
68
59
59
74
59
69
74
62
68
69
59_62
68
59_74
59
69
61
76
61
74
69
57_69
76
68
69
76
69
57
61
61
69
76
62
62
78
62_69
78
69
62
62
62
78
62
69
69_78
80
61_71
61
62_71
80
62
64
59
61
59
61
61
61
59_59
59
59
80
80
71
71
61_61_62
64
59
59
81
73
81
57
64_73
57
66
57_57
81
73
64
81
73
71
66
71
68
80
52
52
64
64
80
81
68
81
64
83
83
80
74
68
80
68
74
76
74
68
71
69
74
68
69
71
71
68
71
64
68
64
71
68
74
64
64
71
76
78
78
80
80
76
80
76
80
76
76
80
71
83
74
80
73
71
52
52
73
74
74
52
68
76
71
52
52
52
76
71
68
73
52
52
64
73
68
64
83
81
81
83
83
76
64
80
76
80
64
76
69
81
73
69
76
71
71
73
73
73
64
69
73
64
69
69
73
64
73
76
81
80
80
81
81
73
81
76
81
76
73
81
76
85
76
81
76
74
52
74
76
52
76
76
73
52
52
69
52
52
73
76
69
74_77
52
52
68
69
73
85
83
83
85
85
74
81
77
81
74
77
83
68
77
74
73
77
68
73
74
74
71
71_74
74
71
71
71
74_77
83
77
68
81
81
83
83
80
74
83
80
83
74
83
68_86
77
76
83
68
76
77
52
52
77
74
80
71
52
52
74
80
52
71
52
76
76
52
69_71
52
74
86
84
84
86
86
83
68
74
83
68
74
84
69
72
69
76
76
74
78
74
78
76
76
72
69
76
72
76
69
74
74
66
69_72
84
83
83
84
84
81
66
72
81
66_83
72
68
71
66_74
74
72
72
74
52_52
74
71
52
52
68
74
71
52
52
68
74
72
52
64
52
72
68
71
83
81
81
83
83
80
71
64
80
64
71
81
69
64
72
81
80
71
69
80
64
71
81
72
72
81
69
78
72
69
78
72
69
69
79
76
64
73
72
79
52
52
54
54
54
54
52
52
52_52
50
50
57
64
50
50
57
49_49
64
64
69
49
49
47
47
69
64
47_47
49
49
49
49
45
45
69
73
45
45
69
73
54
69
54
73
73
79
79
78
78
78
69_73
78
76
79
79
79
76
79
76
67
76
73
69
76
76
67
69
78
73
76
74
66
74
69
78
66
74
78
74
69
78
80
71
62
68
71
80
80
71
68
62
81
73
71
61
80
66
73
81
54
54
55
55
73_73
61
55_55
54
54
54
54
61
69
52
69
52
69
61
69
52
52
71
66
50
71
50
50
50
49
49
71
66_81
81
66
71
49
49
50_50
50
50
83
47
47_62
66
83
66
62
83
66
47
47_62
66
83
74
71
62
56_74
64
56
71
64
56
56
71
64
64
74
74
52
52
74
68
64
64
50
71
80
68
76
64
74
50
76
52_64
52
80
68
73
64
68
57
69
57_69
73
66
69_76
45
81
45
69
64_81
57
69
57
76
66_69
73
73
66
71
71
50_50
71
74
83
50
64_71
78
66
71
74
71
50_83
71
50
50
64
78
71
73
66
69
52
69
52
74
64
50
76_81
73
64
66
50
71
71
68
69
73
68
73
69
80
64_66_81
52
52_68
68_69_71
69_71_73
73
80
66_81
64
71_71
73
73
68_68_69
69
80
66_81
64
69
68
73_74
69
73
71
71
64_68
80
66
81
76
68
69
68_71_73
73
71
80
69
81
66
64
64
69
68
73
69
73
71
64_81
71
68_80
66
71
68
68
40
62_69_71
64
40_80
73
74
69_73
81
64
76
68
40
80
68
40_71
71
76
74
62
64
69
69
69_81
64
64
69
69
81
69
64
61
69
69
45_69
69
45_76_81
64
45
45
45
45
52
52
52
52_54
54
54
54
55
55
55
55
57
57
57
57
59
59
59
59
61
61
61
61
62
62
62
62
61
76
81
61
69
69
64
61
69
69
64
61
61
59
59
59
59
61
61
61
61
57
81
78
74
57
50
81
78
50_74
57
50
57
50
50
81
74_78
50
50
50
69
74
69
74
69
74
81
78
74
69
64
74
64
66
66
66
62
69
66
69
62
62
66
69
74
69
74
69
74
69
64
74
69
64
50
50
66
66
62
50
50_69
66
86
81
78
50
81
50_50_86
50
62_66_78
50
69
50
71
50_66
62
50_86
81
78
50
66
62
50
74
66
66
74
86
74
66
81
78
69
67
66
74
67
69
69
62
66
69
62
66
69
62
62
67
71
66
67
74
67
74
67
74
71
69
67
74
69
50_71
50
71
79
62
67_71
50_50
74
50
62
62_79
50_50
50_67
71
74
62
50
50
62
69
50_69
50
81
62
62
50_81
71
50
74
69
69
74
74
69
62
81
81
67
66
74
69
66
67
67
73
64
67
73
64
67
74
66
62
69
69
69
67
66
67
67
69
67
69
69
74
69
71_78
71
74
78
71
69
71
78
73
73
74
69
73
73
74
74
69
78
74
50
76
74
50
76
76
78
76
50
78
69
78
69_74
50
74
50_74
69
78
78
50
50_69
74_74
50
74
50_69_78
69
50_79
71
76
79_79
71
50
50_76
50
76
76
50
50
50_79
49
49
50
76
71
76
49
76
79
50
49
76
79
50
50
71
50
50
50
50
47
76
47
79
71
79
71
50_79
76
76
76
47_79
47_79
79
50
76
76_76
71
71
76
49_49
79_79
69_69_76
76
79
69
45
76
45
69
49
49
76
76
69
79
69
79
76
79
78
78
78
76
78
76
78
76
78
76
45_76
81
45_76
45
73_73
64_69
69
76
81
81
45
81
73
64
69
69
45
45
73_81
81
76
76
76_76
76
76
76
50
78
78
78
69
74
50_74
62
50
74
69
50
62
74
69
69
74
74
78
78
78
66
69
66
69
69_74
66_74
69_74
66
69
66
50
50
49
49
66
69
66
74
49
49
74
66
50
50
69
69
62
50
50
52
52
66
74
62
66
52
52
54
57
54
62
81
81
54
54
55
55
55
55
57
57
57
57
59
59
74_78
59
59
78
74
60
60
78
74
60
60
59
59
78
74
59
59
60
60
60
60
57
57
66
72
57
57
66
72
51_51
66
71
57
62
81
81
79
79
79
79
81
81
81_81
66
78
78
81
66
81
78
78
66
81
83
83
51
51
49
49
81
71
49
66
66
49
83
51
51
83
51
51
47
47
78
71
81
66
63_81
81
47_47
78
81
63_66
71
59_75
59_59
75
71
81
81
79_81
79
75
59_81
71
59_59
79
75
81
79
81
81
79
79_81
79
81
79
81
78_79
81
61
66
78
79
81
79_81
78
79_81
79
66_78
81
71
61
47
47
79
63
81
71
63
63
71
63
47
47
71_79
79
78_78
59
75
71
75
78
78
75
59
52
71
52
78
78
75_75
71
71_76
71
76
78_79
79
75_78
76
71
76
71
76
76
71
79
79
78
78
71
76
78
78
79_79
79
79
67
71_76
76
67
76_76
71
64
72
67
76
72
71
52
52
52
52
64
67
52
52
64
54
67
54
62
69
67
64
54
62
54
69
50
50
66
66
69
62
50
66
50
66
69
62
55
55
67
62
62
67
72
71
72
71
71
55
72
55
71
72
72
69
72
54_54
69
69
54
54
69
71
55
55
71
67
62
62
55
67
71
71
55
52
52_73
64
64
73
67
67
52
73
73
52_64
64
54
67
54_67
62_74
62
74
69
71
69
71
71
54
62
54
62
69
71
69
64
52
52
67
67
67
64
67
52_67
52
62
54
67
54
66
69
69
62
54
54
66
74
69
69
74
76
55_59
76
71_76
55_64
85
81
45
71
76
76
85
76_81
55
59
55_64
71
74
45_57_57
64
69_74
57
64
71_85
76
81
45
45
57
69
64
64
73
74_74
73
69_76
76
73_73
69
76
69
73
76
69
69
76
73_76
69
85
81
76
73
71
73
69
76
76
69
71
73
73
64
69
73
76
73
79
64
76
73
73
79
69
61
69
73
76
76
79
73
76
71
74
74
71
76
73
79
71
73
76
71
73
57
57
73
73
69
76
76
79
81
45
57
57
45
45_81
73
79
57_69
57
76
76
45
69
45
81
57_57_78_78
73
69
61
45
69
73
69
73
69
73
69
81
76
78
69
74
73
69
74
76
76
69
73
64
69
64_73
69
66
74
73
69
74
69
74
69
74
69
78
76
69
74
76
78
57
57
78
74
66
81
57
69
45_69
57
74
81
45
57_74
66
69
45_74
57
69
45
57
76
45_64_81
57
69_69_76
66
69
45
76
69
76
76
69
69
69
76
81
74
73
76
69
73
74
74
68
62
71
68
62
69
71
64
73
69
64
73
76
76
76
81
81
81
80
64
73
80_81
73_80
80
64
78
73
78
69
64
69
78
78
76
76
73
69
76
57
76
74
74
57
74
74
57
73
45
66_69
73
81
69
57_78
66
85
45
57
45
66
81
73
73
69_69_78
57_85
66
45
57
66
71
45
57_74
74
78
71
74
83
66
45
57
57
71
56
74
74
45_66
66
74
56
83
71
56
45
78
56
57
57
45
57
45
57
54
74
71
66
83
74
45_78
74
66
71
54
74
54_71
83
74
66
74
45
78
71
66_71
64
54_74
74_83
56
64
74
71
76
50
56
50
71
83
64
64
74
76
56_71
74
74
56
73
73
71
81
73
71
73
71
81
76
68
59
52
52
64_74
76
76
83
68
71
68
59
76
76
64
83
74
68
52
52
76
74
81
74
50
80
74
81
50
73
74
57
57
80
64
57_69_73
76
64
69
81
45
45
69
73
64
76
69
81
73
73
76
73
69
76
69_73
85
76
76
81
73
69_76
69
81
76
85
69
73
73
78
69
57
78
73
64
57
66
57
57
57
57
57
59
59
59
59
69
61
61
78
69
78
61
61
69
62
62_78
62
62
61
61
78
69
61_61
62_62
62
62
74
59
59
71
59
59
74
71
71
57
71
57
66
78
78
73
78
78
78
78
56_56_57
80
80
57
80
80
71
81
81
74
71
74
81
81
71
74_83
83
83
83
71
81_81
71
74
71
81
56
56_81
83
83
83
83
54
80
54_71_74
74_80
71
54
54_80
80
71
71_74
74
53
68
73
73
53
73
68_73
53_68_73
73
73
53
68
73
83
83
83
83
49_49_81
77
81
73
77
73
77
81
73
49_49_77
73
81
80
80
80
80
80
54_54
73
78
78
80
73
73
78
81
80
80
81
66
73
66
73
66
73
81
81
80
66_80
73
80
80
81
81
81
81
61
69_78
78
61_69
78
78
66
69
74
74
54
54
73
78
52
52
52
52
54
54
54
54
69
56
56
73
56
69
56
73
57_66
57
73
57
57
56
56
66
73
56
56
57
57
57
57
54
54
69
66
54
54
69
66
56
56
71
64
66
74
74
69
73
73
56
56
73
73
74
74
74
74
64
68
52_52_71
71
68
64
52
52
71
71
64
61
57_57
73
73
71
64
64
57
57
73
61
73
59_68
59_69
59
62
74
74
68
69
59
68
59
59
74
61_74
69
61
68
62
57_76
69_76
69
76
69
57_69_69_76
61
61
69
62_62
62
62
78
78
69
62
62
62
62
69
78
62_78
71
69
61
80
62
61_71
80
59
61
59
61
61
59
61
59
59
59
80
62
61
71
61
80
62
71
59
59
64
73
73_81
81
64
57
57
64
57_64_73
73
57
81
81
52_64
71
52
80
68_71
64
80
81
68
81
64
83
83
80
68
74
80
68
74
76
68
74
71
69
68
74
69
71
71
68
64
71
64_68
71
74
64
68
76
64
71
78
78
80
80
76
76
80
76
80
76
83
71_80
74
73
80
71
73
74
52
52
74
71
76
68
52
52
71
52
76
52
68
73
73
52
64
52
64
68
83
81
81
83
83
64
80
76
80
64
76
69
76
81
73
71
69
76
71
73
73
69
64
73
69
73
64
76
69_73
73
81
64
80
80
81
81
76
73
81
81
76
73
81
76
76_85
74
81
74
76
76
52_52
76
73
76
73
52
52
73
52
52
76
73
74
52_69
68
77
52
73
85
83
83
85
85
77
74
81
77
81
74
77
68
83
74
73
77
68
73
74
74
71
71
74
74
71
71
71
74_77
77
83
68
81
81
83
83
74
83
80
83
74_80
83
68
86
77
76
83
68
76
77
52
52
77
52_80
74
71
52
52
80
74
52
71
52_76
69
71_76
52
74
86
84
84
86
86
83
74
68
83
74
68
84
72
69
69
76
76
74
74
76
76
69
72
76
69
72
76
66
74
74
84
72
69
83
83
84
84
81
66
72
81
66
72
83
68
71
66
74
74
72
72
74
52
52
74
52
71
74
68
52
52
74
68_71
52
52
72
64
72
52
68
71
83
81
81
83
83
80
64_71
80
64_71
81
69
64
72
81
80
71
69
64
80
71
81
72
72
81
78
69
72
69
78
69
72
69
79
73
79
76
72
52
64
52
54
54
54
54
52
52
52
50
52
57_64
50
50
50
64
57
49
49
69
64
49
49
47
47
69
47
64
47
49
49
49
49
45
45
73
69
45
45
73
69
54
73
54
69
79
78_79
78
73
78
69
78
73
79
79
76
79
79
76
76
67
76
69
73
76
67
69
76
76
73
78
66
74
78
69
74
66
69
74
78
78
74
80
62
68
71
80
71
80
62
68
71_80
71
81
61
66
73_81
73
54
54
55
55
73
73
61
55
55
54
54
54
54
52
61
69
69
52
69
52_69
61
52
50
50_71
66
71
50
50
49
49_81
66
71
71
66
81
49
49
50
50
50
50
83
47
66_83
47
62_62
66
83
47
66
83
47_62
62
66
74
71
74
56
64
56_71
64
64
71
56
64
56
71
74
74
69
52
50_52_69_74
64
64
80
76
68
68
69
50_69_74
64
64
80
76
52_68
52
73
69
57
57_68_73
64
45
69_81
69
76
64
45
81
57_57
69
69
76
64
64
69
73_73
71
50_66
50
71
66_71
50_71
74
83
78
71
74
66
50
50
50
83
78
66_71
71
71
52
69
52
73
66
66_69
74_78
73
50
81
64
66
76_78
64_71
73
66
71
68
64_66
50_76
68_69_73
78
69
80
81
64_71
66_66
64
73
68_71
68
69_69_73_76_78
66
80
52
64
52
66
81
73
64_71_78
71_76
64
68_73
69
68
69
76
66_80
66_81
71
78
73
68_69_71
73
69
66
68
80
81
71
73
68
71
69_73
68
76
69_80
81
64
64
73
71
69
73
68_71
69
81
68_80
73
71
71
68_68
62
69
80
40
69_73
40
81
64_76
74
68
68
71
80
71
40
40
62
76
64
64
69
69
69
81
74
64
69
69
69
81
74
64_69
45_69
45
69
61
76
64_81
45
69
45
76
69
69
69
81
45
45
64
69
61
64
76
76
76
76
76_76
78
78
76
76
78
78
74
74
74
74
74
74
76
74_76
74
76
76
73
73
73
73
73
73
73
74
74
73
74
74
69
69
76_76
76
69
76
69
69
69
78
78
71
71
69_79
79
78
78
69
71
79
71
79
67
67
76_76
67
67
76
76
67
76
76
67
69
69
78
78
67
67
76
76
69
78
69
78
66
66
74
74
66
66
74
74
66
74
74
66
66
67
67
74
74
66
67
67
69
74
69
74
69
69
74
74
71_74
71
74
73
73
71
71
74
74
73
73
74
69
69
69
74
69
74
74
69
74
69
74
71
69
71
69
74
74
71
71
68
74
68
74
68
68
74
74
74
68
68
74
68
71
74
71
74
68
71
73
71
68
73
68
73
68
68_73
68
74
68
74
83
74
68
83
74
68
83
83
73
68
73
68
73
68
68
73
74
68
68_74
73
74
73
68
68
74
73
73
68
71
71
68
68
71
71
68
73
69
73
69
69
76
73
69_76
73
73
73
76
76
73
73
74
71
71
74
81
81
74
71_81
81
74
71
76
73
73
81
76_81
73
76_83
76_83
73
81
81
83
83
71
74
79
79
71
74
79
74
71
71_79
74
73
76
79
73_79
76
73
73
76
81
81
79
76
79
81
81
69
73
78
69
69
78
73
73
69
78
78
73
62
74
78
78
74
62
62
64
73
79
64
74
79
78
73
74
62
78
64
79
64
73
66
73_79
74
81
62
66
74
81
62
66
74_81
62_66
81
74
62
66
74
62
83
66_83
74
62
74
64
66
66
84_84
64
83
62
74_83
62
64_84
84
64
60_66
81
69
81
69
66
60
60
81
81
66_69
69
60
66
60
69
66
81
81
66
69
60
66
83
62
69_83
66
60
60_69
62
81
81
83
62
83
62
79
59
74
62
79
59
62
74
79
59
74
62
79
59
74
62
59
79
67
74
59
67
79
74
61
76
61
59
67
59
67
76
74
79
74_79
61
76
62
76
74
61
79
71
62_79
71
74
62
74
71
62
79_79
71
74
64
79
67_73
67_79
64
73
66
69
74
69
74
64_66
73
67
67
79
64_73
79
74
66
74
66
69
69
62
71
71
71_79
79
71
62
71
62
71
62_71
79
79
71
79
64
62
71
71_79
62_64
64
71_73
64
71
64_73
62_62_64
79
79
64
73
73
64
69
61_69
79
79
64
64
61
69
61
69_79
64
79
64
61
79
69
69
61
79
61_64
64
76_79
76
69
79
69
61
61
76
76
78
78
61
81
64
81
61
64
78
78
61
61
81
81
79
61_76_76
61_79
88
76_81
76
79
79
61
88
61
81
73
73
69
69_78
78
61
61
69
61_78
78
73
69
61_73
64
79
64_69_79
61_69
61
69
64_78
79
78
64
69
79
61
61
78
78
69
69
76
61
69
69
76
61
69_76
69_69_76
69
61
61
78
62
69
62
62
78
62
69
66
71
62
66
69_74
74
62
71
78
62
78
69
62
66
71
74
74
66
71
67
57
73
67
73_76
76
57
67
57
76
67
76
73
57
73
69
57
74
74
78
69
78
57
74
59
69_79
59_79
57
69_78
74_78
57
59_79
79
59
76
73_76
55
73_76
76
76
55
76
73_76
55
76
73
55
64
74_74
55
64_76
76
55
73
73
74_74
73
74
73
74
64
57
57_78
76
55
78
55
73_76
73
64
74
78
74
78
57
57
66
69
66
73
69_73
54
74
74
54
66
69
66
74
69
54
54
74
66_66
69
69
74_74
54
54
71
56_71
69
56
69
54
66_74
54
74
66
71
56
56
71
66
69
57_66
69
74_74
57
69
69
66
57
74
74
66
57
62
68
62
74
59_68_74
59
69
64
69
68
68
64
62
61
61
74
59
59
62
74
69
69
64_66
61
61
64
66
66
66
74
74
57
57
66
66
66
66
74
57
57
74
66
59
66_74_74
66
57
57
68
66
66
59_66
59
68
57_59
57
74
68
74
59
68
64
59
71
74
64_74
71
56
56
64
64
71
71
56_56_74
74
64
74
56
56_71
74
71
64
71
74
74
71
56
56
71
64
64
71
73
71
71
73
56
56
73
73
56
56
74
56
56
74
83
74
83
74
56
56
83
83
64_73
76
76
56
73
56
64
73
64
56
73
76
56
76
64
64
74
71
56_56_71
74
64
73
64
71
56_73
71
74
64_74
56
73
73
71
56_64
71
56
71
71
64
71
64
71
56
56
71
64_71
73
64
57
73
69
57
69
64
69
69
73
69
57
57
73
64
69
69
69
64
55
71
55
71
71
71
55
55
54
54
72
72
81
81
72
54_72
54
81
81
74
62
54
71
71
54
74
62
62
71
54
71
54_74
62
74
69
62
54_72
72
54
62
69
71
71
54
72
62
72
69
69
54
62
71
71
54
54_69
62
69_69
69
62
69
54_54
69
62
62
69
69
55
55
62
71
67
71
62
67
55
52
52
71
55
67
71
62
62
67
52_52
54
83
54
83
83
54
54
83
83
55_73
64
55
83
64
73
57
84
73
57
55
55
84
83
64
83
64
57
84
57
84
73
54_81
54
81
81
54
54
81
54
81
75
54
66
81
75
66
55
55_83
54
54
83
81
66
75
81
75
55
55
83
66
83
52
79
52
79
79
52
52
79
52_79
76
76
79
59
52
71
76
76
76
79
59
79
52
71
76
52
76
76
78
78
52
76
76
78
52_76_78
76
40
71
80
76
52
76
80
71
81
80
81
78
78_80
52
76
76
71
71
40
81
78
78
74
74
81
83
52
83
74
74
83_83
52
76
52_74
68
52_74
76
68
76
76
76
68
74
52_74
52_76
68
76
76
80
73
73_80
80
80
73
73
69
64_73
69
57
64
73
69_73
73
64
69_73
64
57_69
73
69
69
73
69
73
71
76
76
45
71
76
71_76
45_71
73
45
81
45_64_81
73_76
81
76
74
83
83
74
81_81
45
64
73
45
73
76
76
81
83
74
74_83
76
79
79
45
76
76
79_79
76
45
69
79
45
79
73
57
64
69_76
79
69
81_81
69
79
76
64
45
79
73
57_79
78
81
81
73
73_78
78
73
73
78
78
62
78
62_69
62
74
62_78
74
78
66
74
66_78
62
78
69
74
62
62
62_74
74
66
66
76
69
76
50
69
69
76
76
50
69
78
78
74
50
69
38
78
74
69
74
79
79
76
78
74
74_78
76
50_74
78
69
69
38
76
76
79
81
81
50_72
79
72
72
81
81
50
72
74_74
50
72
81
50
78
66_66
72
74
74
74
72
74
72
81
78
50
50
66
66
74
74
71
78
78
71
71
78
78
71
71
67
62
55
62
71
67
79
83
71
67
71
71
71
67_67
67
79
83
62
55
62
71_71
67_67_71
74
55
71
74
71
74
71
74
55
76
52
79
79
76
79
76
78
81
76
52
78
79_81
76
76
79
79
81
78
81
78
52_74
52
78
67
67
78
74
74
78
52
52
74
78
67
67
54
74
54
69
78
69
74
78
78
74
76
54_74_79
69
69_79
76
74
74
78
78_78
54
79
76_79
76
73
55
76
55_64
76
64_73
73
76
76
55_64
55
73
64
73
57
57
76
76
69
69
69_76
73
74
78
73
74_78
73
76
57
76
69_69
76
57
74
69
74
78
78
76
79
79
55
76
76
79
79
76
55
78
81
81
81
78_78
54
79
83
83
78_79
78_81
81
78
81
54
79
83
79_83
69
76
79
69
54_79
54
76
76
79
69
79
76
69
54_71
54
79
76
71
55
79
55_79
76
76
71
78
81
78_81
76
71
76
79
55_79
55
76_79
78
78
81
81
74
66
57
57
74
66
78_78
74
74
66
78
78
66
57_57
74
71
59
78
74
59
78
71
74
78
79
79
78
78
59
71
59
71_74
78
74
74
79
79
81
81
81_81
55
83
83
83
55
76
84
84
55
83
83
83
76
55
84
64_84
73
81
73_81
64
73_81
64
81
73
64
73
66
73
54_81
54
81
78
69
81
73
83_83
54
54_73
66_81
69_81
78
81
83
83
79
66
75
79
75
71
79
66
79
75
71
75
76
79
71
52
59
76
79
83
52
79
55
79
76
79
52_76
83
59
55
71
79
52
55_59
55
79
71
79
59_76_76
71
79
76
59
71
79
59
71
76
79
76
76
79
79
71
64
71
76
79
76
79
64
76
66
64
79
66_71
71
76
64
76
79
66
66
62_79
71
71
76
62
79
76
62
71
71
62_79
76
79
76
62
71
71
79
76
62
79
76
64
64
62
62
71
71
76
76
64
79
79
64
61
61
71_76_79
71
76
79
61
61_71_79
76
71
76
79
79
61
69_76
69
61
76
79
79
76
76
76
73
79_79
73
69_76
69
69
76_76
61
73
76
73
69
76
76
78
74
61
74
69
78_78
69
45_69
74
74
78
74
69
69
78_78
45
69_74
79
69_76
69_69_79
79
76
45_76
45
76
88
79
79_81_81
73
69
73
76
76_79
69
69
69
73
88
81
73_81
69
57
74
78
57_74_78
69
78
45_74
69_69
57
74
78
57_78
74
45
74
69_78
69
69
54
54_69
79
76_79
69_69
45
76_79
76
45
76
54_79
69
79
74_78
54
74_78_78
74
76
69_79
69
76
74_78
78_78
74
74
45
57
69
73_76_76
76
57
73
69_73
69
76
45_76
69
73_73
73_76
69
69
57
57
50_69_78
50_74_78
69_74_74
78
69
50
50
78
74_74_81_81
69_78
74
81
69
78
69
50
50
81
81
81
69_79
73
52
52
69
69
79
73_79
76
79
69
73
69
69_79
76
52
52
73_79
74
69
81
54
69_81
66
74
54_81
74
81
66
74
74
81
81
69
69
74
54
54
62
74
50_67_71
83
74
55_67
55
71
74
74
50
74
62
74
83
71
67
67
55
71
55
76
69
69
64
69
57_74
57
45_64
69
69
45_69
74
57
76
69
57_69
69
69
64
64
69
73
76
45_81
64
45_69
45_64
73
69
69_76
81
69
45_64_73
64
69
73
45
74
74
45
50
50_69
69
50
78
66
66
69
74
50
74
66_69
66
69
69
50_69_78
69_74
50
69
69
66
69
69
69
66
69
69
69
69
69
66
69
71
69
69
69
67
66
71
67
69
69
69
67
64
67
69
69
64
69
67
69
69
69
64
69
67
64
66
69
69
69
66
66
62
69
66
62
66
38
62
38
74
81
78
50
56
56
67
66
64
62
50
38
64
67
81
74
38
69
78
57
66
57
57
66_69
57
57
57
57
57
66
57
69
67
57
71
69
66
57
57
67
71
64
57
67
57
57
64
67
57
57
57
64
57
67
57
57
64
66
69
67
57
57
66
69
57
62
66
62
66
62
66
50_81
50_50_78_86
66
62
50
73
74
86
50
73
81
78
50
74
74
67
64
74
76
74
64
67
76
50
72
50_72
50
66
69
72
72_74
50
69
66
74
71
50
50_71
71
67
55
62
71
74
67
62
55
74
76
76
76
66
69
78
76
66
69
78
74
52
74
52
74
68
71
52
76
74
71
52
68
76
52
73
52
73
69
57_73
64
76
73
69
64
57
76
78
78
71
68
78
79
68
78
71
79
54
76
54
76
54
70
73
76
78
76
54
73
70
78
54_74
54_74
71
59_66_74
76
74
66
71
76
59
78
74
71
78
74
71
78
71_74
76
73
74
71
76
73
69
73
69
73
69
73
74
71
73
69
74
71
71
68
71
68
71
68
73
69_71
68
69
73
74
71
78
74
71
76
73_76
78
74
76
73
78
74
76
74
71
74
71
74
71
79
76
73
71
74
76
73
73
70
73
70
73
70
79
73
70
73
74
70
73
70
74
76_78
54
70
85
76
70
54
85
75
70
75
70
76
42
70
75
76
70
42
75
73
70
73
70
75
69
78
71
75
69
73
71
69
69
73
78
59_75
69
83
75
59
78
69
83
69_73
69
73
75
69
47
83
73
75
47
69
73
71
69
71
69
76
68
83
71
68
73
68
71
68
73
74
68
52
83
74
52
68
83
73
68
68
73
74
68
40
73
74
40
68
71_73
68
68
71
67_73
76
69
67
73
67_71
69
67
71
67
73
76
57
81
73
76
57
67
81
67_71
67
71
67
73_81
45
71
73
67
45
71
67
69
67
69
81
66
74
73
66
74
74
66
73
66
74
66
76
50
81
73
50
76
66
73
74
66
66
74
69
66
38
73
69
38_66
73
74
66
74
66
83
65
83
73
65
73
65_74
65
74
65
76
50
73
65
76
50
65
73
74
65
74
65
71
38
73
65
71
38
73
74
65
81
74
65
81
77
64
40
76
77
80
81
64
81
80
76
64
74
80
81
74
64
80
81
64
74
80
81
80
81
80_81
72
74
80
81
64
72
80
81
71
64
80
81
64_81
71_80
80
81
64
71
80_81
80
81
80
72
71
64
81
78
80
64
72
74
80
74
78
64
80
63
81
72
78
69
81
63
72
63
80
71
78
69
63
80
63
71
72
81
74
72
83
81
63
74
83
63
71
80
63
71
80
63
72
81
71
72
80
63
81
63
71
69
80
78
63
69
78
62
68
83
71
83
62
68
76
62
71
62
80
76
62
76
81
80
62
81
83
62
83
62
62
76
81
76
62
81
80
62
80
40
62
41
60
81
76
60
65
69
65
69
41
64
72
64
72
64
72
65
74
64
72
65
74
62
71
62
71
62
71
64
62
72
71
64
72
60_69
60
69
60
69
40
62_71
69
60
40
72
62_64
71
72
64
74
65
76
67
65
74
76
67
64
72
72
64
64
72
65
74
72
64
65
74
71
63
71
63
81
71
63
78
71
80
51
63
78
51
81
51
78
80
81
83
51
83
80
51
51
80
51
81
51
80
81
78
80
51
78
51
52
80
81
52
78
80
81
68
52_76
83
68
52
76
68
76
52
85
83
78
86
68
76
52
85
86
78
74
68
83
52
74
68
83
52
74
68
83
52
76
85
83
74
52
68
85
76
52
81
73
68
73
68
52_81
54
73
69
81
69
54
76
73
73
73
76
74
47_71
74
71
47
49
76
69
81
49
69
74
76
69
50
73
78
69
74
50
78
73
52
64
71
76
71
76
52
81
64
81
80
52
64
74
64
80
52
74
64_81
45_45_69
76
73
45_81
45
45
45
81
81
64
76
69
73
64
64
64
61
64
64
64
64
64
61
64
64
64
64
64
61
69
49_76
62
66
64_64
64
64
61
64
76
69
49
62
66
62
64
59
64_64
62
59
64
64_64
64
64
62_64
80
76
71
52
59
64
61
64
62
64_64
80
59
71
52
76
64
61
64
57_61_64
64
61
57
64
64
64
64
64
64
61_81
57
76
73
81
57_85
76
45
62
59
64
61_64
64
57_73
45_57
76_81
59
81_85
76
64
64
64
62
64
61
64
64
64
64
61
64
64
64
64
76
69
61
76
49
66
64
62
64
64
64_76
61_76
69
49
62
64
64
66
62_64
59
62_64
59
64
64
64
64
80
62_64
52
71
59
64
64
64
61
59
64
71_80
62_64
64
52
61_64
64
61_64
64
57
61
64
64
64
57
64
64
81
64
61_73
64
45
45
57
81
85
88
64
68
71
71
64_68
64
81
73
64
45
71
68
66
69
71
45
85
81
66_69_76_88
68
57
76
69
66
76
66
69
76
61
71
68
76
68_71
76
78
68
71
78
68
71
76
76
74
78
66_78
69
74
66_69_74
66
74
69
66_69
74
68
71
68_71
74
76
68
74
71
76
68
71
74
76
64_68
76
73
73
64_68
68
64
73
73
68
64
57
69
73
73
69
69
59
68
57
69
74
74
73
68
73
69
69
68
59
61_69
57
68
76
76
57
74
74
69
76
57_69
61
57
76
69
76_76
61
69
78
57_78
69
57
73
59
79
59_61
79
57
69
78
78
57_69
73
59
79
59
79
64
73
56
76
76
56
73
73
64
56
76
73
76
56
73
73
56
71
64
76
76
76
56
71
57
64
71_71
78
78
56
57
76
76
56
76
57
78
57
78
69
66
54
74
74
54
69
66
54
69
74
66
74
54
69
66
66
54
69
74
54
66_74
69
56
66_71
54
56
69_71_74
54_66
74
69
56
56
71
57
66
69
57
71
74
66_69
74
57
69
66
69
74
57
66
74
62_68
59
74
62
68
59
74
69
64
64
61
62_68_69
59
62
61
74
68
74
59
69
69
61_64
66
64
57
66
66
74
61
66
57
74
57
66
66
57
66
66
74
74
59
57_66
74
57
71
66
74
59
68
59
57
66
68
71
57
59
66
74
74
59
59_68
64
68
74
56
59_64
56
71
74
64
74
56
64
56
71
59
74
74
64
64
56_59
74
56
71
71
74
71
64
74
56
64
56
76
73
73
56
71_71_76
56
76
73
56
76
73
56
59
71
74
71
56
74
56
71
71
83
83
74
71
56
74
56
83
83
68
64
73
68
73
56
64
56
73
73
56_64_68
64_68
56
71
64
74
64
74
71
56
56
71
64_73
64
73
56
56
74
74
71
73
64
73
71
71
64
56_71
71
56
64
71
64_71
71
71
56
56
64
64
73
57_69
73
69
57
57
76_76
69
69
64_73
73
69_69_73
73
64
57
76
73
73
69
74
74
71_71
69
71_71
52
76
52
74
71
74
71
71
52_71
52
69
73
73_76
69_76
52
52
71
69_74
54
54_71
74
52
69
52
73
73
71
54
74
71
54
74
71
68
50
71
50
68
71
50
71
50_68
68
71
68
71
50
68
50
69
73
68
52_69_73
71
52
68
50_71
50
69
69
73_73
52
52
64
69
69
64
49
49
64
69
69
64
49
49
64
64
49
69
69
49
50
49
50
76
69
64_78
64
49
76
69
78
61
76
52_73
52
69_78
69
50
50
76
78
61
69
69_73_76
52
52
76
57
74
54
69
74
54
69
74
74
55
55
76
76
74
57
54
54_69
74
69
61
55
76
55_76
52
52_64
73
73
69
69
61
52_52_73
73
64_69
69
64
52_73
52
69
73
64
69
64
74_74
54
54
52
52
73
73
64
69
69
54
74
74
54
71
69
66
71
51
51
69
66
71
71
69
69
66
51
51
66
69
66_69
71
51
71
51
66
66_66
51
69
69
51
66
68
68
66
51
51
68
68
51
51
66
69
69
51
51
66
78_78
69
51
69
51
78
78
71
71
51_68
51_68
68
51
68
71
51
71
66
66
69
51
69
51
66
66
68
51
68
51
69
69
71
51
51
59
68_68
66
66
71
59
51_51_66
66
64
52
64
52
68
68
71
71
64_73
64
68_68
52
73
52
64
64
73_73
50_74
50
74
66
66
50
50
74
74
66
66
64
49
76_76
49
67
67
64
73
76
73
76
67
76
67
49
76
49
76
76
73
73
69
69
69
69
66_66
49
49
69
66_69
66
49
69
69
49
64
49
64
67
67
49
81_81
66_66
67_67
64
49
49
64
57
66
49
66
64_64_69
49
64
57
49
49
64
69
66
62
50_50
62_66
66
47
47
50
62
50
62
66
47
47
69
78
49_49
78
69
78
49_49
78
69
69
74_78
50
78
50
74
79_79
52
50
52
50_74_78
78
52
79
74
79
52
49
76
69
76
49
69
76
76
49
49_69
69
49_76
69
76
69
49
50
78
49
78
50
49
76
76
69
69
78
78
50
47_50
75
71
47_71
75
47
75
75
71
47_71
47
71
75
47
75
71
81_81
47
71
71
80
75
71_80
75
47
71
73
71
73
59
71
81
81
80
80
59
73
81
75
73
81
75
83
59
59
83
66
66
75
76
75_76
85
83
59
85
59
66
83
66
76
85
76
78
85
78_81
81
59
78
81
81
78
59
71_81
71
47
63
59_81
63
83
83
71_71
81
81
63
63
83
47
83
59
80
80
75
75
75_80
80
75
64
64
52_80_80
59
71
68
68
76_76
64
64
52
59
80
80
71
68
71
78
71
78
68
76
52
76
71
71
52
78
78
80
80
76
76
52
71
40
71
81
81
78
80
78
80
76
52
76
71_71
40
78_81
78_83
81
83
74
74
52_83
74
83
74
52
76
74
74
68_76
52
68
52
76
76
76
74
74
76
68
68
52
52
76
76
80
73
73
80
73
73
80
80
69
73
73
57_64
64
69
73
69
69
57
73
69
73
64
64
73
69
69
73_76
69
71
71
57
76
73
57
71
76
76
71
73
81
57
73
64
76
45
64_69_81
81
45
74
83
74
57
73_73
81
45_76
83
81
45
64
64
69
81
83
74
74
79
83
76_76
79
57
79
76
76
79
57
69
79
69
76_79
79
61
45
57_57
69
64
81
69
69
45
81
79
61
79
76
79
57
64
69
57
81
73
78
73
81
78
78
73_78
73
62
62
78
57
78
50_69_78
50
74
69
66
66
62
74
62
74
78
50
78
78
74
50
57
69_69
69
69
78
74
66
66
78
74
50
78
69
78
69
50
74
83
74
47
83
74
83
76
85
76
85
74_83
47
83
74
74
83
76
76
62
62
85
73
81_85
47
73
47
81
81
73
62
73
81
62
47
47
64
49
64
73
81
49
81
73
76
81
64
74
64_83
49
49_74
81
83
73
81
76_81
73
74_83
71
59
50_71_83
50_80
74
71
71
80
80
59
71
71
50
50
80
71
52
64
80
64
52
71
80
76
80
73
81
52_73
71
80
71
80
81
80
52
76
64
73
73
74
50
83
81
74
64_81
83
74
50
74_83
83
85
76
49
76_85
76
85
86
78
49_76
85
78
86
76
85
85
76
86
64
78
49_74
86
83
64
78
49
74
74
83
83
64
74
49_64
49
83
66
50
83
66_74
83
50
78
74
83
66
85
76
83
66
50
74
76
83
85
50
78
83
74
85
76
81
61
73
76
52_85
52
81
73
73
81
73
61
81
73
52
52
73
81
73
81
78
66
54
66
54
73_81
74
73
81
81
78
54
74
81
66
54
73
81
76
74
81
74
76
81
76
66
81
76
81
81
78
78
50
78_81
50
79
78_81
78
79
50
78
50
81
81
79
69
76
79
69
81
81
76
76
81
76
69
69_81
73
76
73
76
81
81
49
76
49_81
78
73
73
76
78
49
76
49
76
81
81
81
78
78
74
66
74
81
66
81
74
81
74
81
66
66
74
81
81
74
66
66_74
81
47
47
83
83
50
47_74
50_74_81
66
81_81
74
66
47
83
81
54_74
71
81
71
74
54
50
83
50
81
81
74
54
71_74
71
54
74
71
80
71
80
74
59
76
59
80
81
81
80
61_71
80
61
71
74
74_80
59
59
76
81
81
74_78
71
61_78
61
57_71_74
57
78
78
74
57
57
74
71
71
74
78
78
71
74
57
71
81
57
78
80
80
59
59
78
78
57
57
74
71
81
71
74
80
78
80
59
59
74
56
76
56_76
71
71_74
76_76
74
74
56_56
71_71
71_74
74
76
56
71
76_76_83
56
71
71
68
68
74
76
71
71
74
76
56
68
71
73
69_73
68
76
69
76
71
76
69
73_73
56
69
76
74
76
74
71
71
76
76
76
74
73
73
71
76
74
71
76_76
76
73
73
73
69
76
73
52_69
52
73_76
69
69
76
73
52_52
76
74
71
76
49_74
71
49
76
83
73
69
85
69_73
49
49_74
74
71
76
71
85
76
69
86
71
73
52_68_69_73
68_71_76
52
86
76
71
76
71
52_68
52
68
76
73
69
85
69
45
76
73
45
76
76
76
76
85
81
76
73
69
45
69
76
45_73
81
76
76
74
80
47
64
81_83
47_81
64_76
74
80
74_80_83
47
64
64_76
47
74
80
49_76
64
76_81
81
49
64
76
81
64
76
81
49
76
76
76_76
49_64
81
81
76
69
50_83
78
76
69
78
69_69
50
78
69
83
78
69_78
69
78
69
50
50
64
69
81
76
73
52
52
69
64
73
80
81
81
80
76
71
52
80
64
52_69
64
71
73
81
69
73
80
71
68
69
81
71
64
69
76
40
68
40_64
81
68_69
76
69
64_68
64
40
40
69
64
81
45
61_69
45
76
69
64
45_69
45
64
69
61
61
64
69
61
64
69
69
64
61_81
76
69
69
45
45
69
64
69
64_73
64
61
69
69
73
64
62
71
68
62
71
68
62_68
71
66
71
74
62
71
68
74
66
64
69
71
73
64
69
73
64
69
45_73
45
81
76
69
45
45
64
69
45
69
64_73
73
69
76
45
81
73
64_69
73
64
69
76
73
73
64
69
76
73
74
68
71
74
68
71
74
68
71
78
71_74
74
68
78
74
73
76
69
73
76
69
45
73
45_76
69
45
45
73
69
45
76
69
76
73
76
69
69
45_69
73
69_76
69_76
69
73
76
69
76
69
76
79
79
76
69_69
69
73
76
76
79_79
76
76
74
69
74_78
78
69
74
69
78
74
78
69
74
69
78
78
74
69
78
81
74_78
81
74
78
69_78
69
81
78
78
81
79
76
76
69
79
79
69
76
76
69
79
69
76
69
79
79
76
69
83
79
69
76
69
76_79_83
81
45
73
73
81
45_69
69
81
45_69_73_81
69
73
45
76
49_76_81
69
81
69
76
49_81
69
45
83
83
76
49
76
81
45_76
69
81
81
69
49
69
83
83
79
73
69
79
73
52
69
52
79
79
69
73
69
73
52_52
76_79
69
69
49
69_79
79
49
69
45
69
81
69
69
81
49
49_79
79
76_79
45
69
69
69
81
81
78
73
69_73_78
69
45
45
78
78
69
73
69
73
45_45
78
78
69
74
74
74
69_78
69
50
50
50
74
78
74
69
69
78
50
78
69
74
69_74
66
69_74
50
66
74
50_66_69
69_74
66
69
66
66
74
69_74
74_74_78
78
69
74
66_69
69
66
74
78
69
78
74
74
69
76
76
67
69
73
69_76
76
67
73
69
69_76
69_76
67_73
76
79
79
71
69
69_76
76
67
76
73
79
79
71_76
76
74
78
78
69
74
69
78
74
78
69
69_74
78
69
74
78
69
50
74
50
50
50
69
78
69_74
78
69
74
50
78
74
50
69
78
74
69
74_78
78
69_81
78
74
81
78
73
76
79
73
76
79
73
79
76
79_79_83
76
73
83
79
74
78
81
78
74
81
50
78
74
81
50
50
50
74
78
81
62_69
66
50
50
66
62
69
62
66
69
69
72
66
69
62
69
72
71
62
67
71
67
62
62
71
67
74
71
67
71
62
74
71
62
72
69
62_69
72
69
62
72
76
69
72
62
62
50
66_74
66
62
50
76
74
62
66_74
66
62
50
74
50
74
62
54_69
54
62
78
69
81
74
74
50
69
76
50_69
76
74
74
54
54
74_78
81
62
62
76
76
66
66
62
57_57_72_72
62
62_72
72
66
66
62
57
57
62
62
72
62
74_78_81
54
54_62
50
72
74
62
62
50_54
54_74
72
72_74
78_81
62
62
74
66
74
50
66
71
62
50_62
71
71
71
66
50_62
66
62
50
67
71
71_79
62_62_67_74
43
50
43
83
67
50
67
67
43
43
62
67
62_71
74
71
79
83
66
60
69
69
55_60
66
55_67
67
66
55
60
66
60
55
69
62
71
67
62
69
55
71
55
67
67_73
57_73
57_71_71
67
55
62
55
62
57
57
73
73
66
74
69
66
69
74
54
54
74
66_69
69
54
74
54_66
66
74
66
69
74
54
54_69
71
55
66
66
71
55
69
69
54
54
71
55
71
55
59
68_71
52
68
52
68
52
52
68_71
59
68
71
52_59
52_68
74
69
54
74
54
73
71
69
68
73
59
68
52
52
69
73
71
56_71
64
64
71
56_71
54_69
73
54
64
71
71
71
64
56
56
71
69
64
57_57_64
73
73
69
74_74
59
59
73
57
69_73
69
64
64
57
59_59
74
74
67
76
71
67
55_71_76
55
76
55_67
71
55_76
71
67
67
71
55
55_76
67
71
76
73
67
57
57
55
55
71
73
71
67
73
57
57
61_73
70
70
73
54
54
70
61
70
54
54
73
61
70
73
70
54
54
76
76
71
56
71
56
61
74
70
74
70
54_73
54
74
71
73
74
58_66
66
73
73
56_58
71_73
56
73
66
66
58
73
58
73
73
66
59_71
66
59_71_74
74
61
76
59_61_76
59_74
71
66_74
66_71
76
76
61_61
57
69
69
78
73
78
57
73
57
73
69_78
69
57
78
73
69
57
73
69
78
78
57
73
74
59
59_74
57
57
69
73
69
73
74
59
59
74
74
71
62
56
71
56
71
74
62
56
71
56
74
71
62
56
71
56
78
73
78
58
58_73
56
71
76
74
71_76
56
62
58
74
58
68
59
73
59_74_76
74
68
74
73_76
74
68
74
68
59
59
74
68
73
74
76
61_61
73
76
68
76_78
62
62
78
68
73
76
61
68
61
73
62
78
62
78
59_79
79
74
59
71_74
71
59_59
74
74
79
79
71
71
59_59_74
71
79
74
71
79
76
61
59
61
76
59
74
74
71
71
76
61
61_76
58
73
73
64
58
76
58
73
73
58
64
76
73
58_73
58_64
76
79
79
73
76
73
64
58
58
66
66
66_66
78
66
66
66
66
66
78
66_66
66
66
66
66
66
66
78
66
79
66
66
66
78
66
66
66
79
66
66
66
66
66_66
76
76
66
66
66
66
66
66
66
66
66
66_66
66
76
78
66
76
66
66
66
66
66
78
66_74
66
66_66
66
66
74
66
66_66
66
66
66
66
66_74
66
59
66_66
66
76
74
66
66
66
66
66
66
59
78
54_54
71
76
54
54
71
78
54
54
79
71
71
62
81
79
73
54
62_71
54_71
81
54_73
54
78
69
78
54_69
54
54
54
78
66
69
74
79
54_71
78
54_69
66
74
79
71
54_76
54
68
76
68
54
54
76
54
54
54_71
68
74
54
70
54_76
68
74
71
54
70_71
66
42_76
42
66
76
42
42
71
42
70
73
73
42
70
66
76
70
78
74
76
73
42
66_70
73
42
78
74
42
66
71
74
42
71
74
66
42
42
42
74
66
71
42_71
66
74
42_73
76
42_71
74
74
66_66_71
73
76
42
42
66
70
73
42
42_73
70
66
70
76
73
42
42
73
70
66
71
71
74_74
42
66
73
70
73
42_70
76
74
71
71
52
52
73
70
70_73
76
73
74
52_73
70_73
52
73
70
76
50
50
70_73
70_78
73
78
70
50
50_70_73
79
79
78
78
73
79
79
71
55
55
71
71
71
76
76
71
76
71_76
71
55
55
71
71
71
49
64_76
49
64_76
78
78
76
76
71
49
64
49_71
64
78
78
70
54
66
54
66_74
74
70
54
74
66_74
70
66
54_70
66
47
74
66_71
74
71
47
50
71
71
47
47
74
71
74
71
66
66
54
54
73
73
50
71
71
54
54
73
73
74
59_71
74
59
66
66
71
76
76
61
66_74
61
59
74
59
71
71
66
76
76
61
61
57
57
72
72
57
72
72
57
66
57
57_75
75
72
72
66
59
74_74
59
66
57
75
72
66_72_75
57
59
74
74
59
55
71
55
71
55
71
55
71
76
71
55
55_76
67
71
67
55
52
52
67
55_71
71_76
71
67
71
76
71
54
54
71
69
52
52
69
71
71
71
69
71
54
69
54
55
55
76
71
71
76
57
57
55
55
76
72
72
71
71
76
57
57
72
72
69
75
71
54
54
71
69
75
69
54
54
69
75
71
71
75
73
69_76
54_69
73
54
76
71
55_71_73
55_69
76
69
54
54
73
76
71
55
71
55
67
78
52
75
52_67
75
78
52
67_78
52_67
75
75
78
79
52
67
76
52
67
76
79
81
76
67_76_79
81
52
52
79
81
67
81
50
71
71
78
50
71
71
78
78
71_71
50
71
50
78
71
49_73
76
70
49_73
70
76
73
78
76
73
70
70
49
76
78
49
78
52
78
52
67
71
74
67
71
74
74
52
67
52
67
74
71
71
46
73
67_73
46_73
67
73
74
46
73
73_73
67
46_74
73
67
74
74
49
71
76
67
76
49_67
71
71
49
67
71
76
76
67
49
76
42
73
66
73
76
42
66
76
74
74
76
66_73
68_73
66
68
74
73
68
74
68_76
76
70_73
70
76
73
70_76
70
73
66
73
70
42_66
73
70
42
66
74
66_70
74
73
70
73
74
74
76
71
55
64
64_71
76
55
71
71
64
55
76
76
64
55
66_71_74
54
71_74
54
66
66
73_74
54
73_74
54_71
71
66
73
61
73
70_79
52
70_79
52
73
79
61_70_70
52
52_79
73
62
71_78
50
71
66_78
50
62_71
76
71
76
66
50
78
50_78
47
66_74
71
76
76
74
47
71
66
47
66
71
74
71
74
47
66
73
64
52
67
73
67
52
64
74
73
66
54
52_74
66
64
67
54
52
73
67
64
74
74
54
71
66
66
54_64
55
64_71
64
64
55
71
64
64
71
55
64
64
55
66
64
66
54
66
64
54
61
66_71
62
64
71
54
66
66
59
54
61
64
71
71
70
59
61
62
70
42
64
61_66
42
70
70
61
66
64
42
61
42
71
62
59
62
47
47
66_71
64
61
59
62
64
71
61
66
62
66
47_78
62
66
62
78
47
78
62
66
67
64
62
66
78
67
64
61
78
64
61
64
78
61
78
64
62
66
61
64
78
62
66
59
62
59
62
59
62
61
59
64
62
61
64
62
66
66
66
66
62
66
66
66
66
66
66
62_66
66
64
67
62
66_66
66
66
67
64
61
66
64
66
66
61
66
64
66
66
61
66
64
66
66
62
66
61
64
62_66
66
66
66
59
62
59
62
59
62
71
59
74
59
59
59_74
78
59
74
62
59
59_71
60
60
59
74
71
59
60
60
78
57_57
71
57_57
71_78
75
78
75
57
71
57
71
75
59
57
78
57_59
71
75
71
59
59
71
55
55
71
55
55
71
71
55
83
71
55
57_78
57
76
55
55
59
76_76
59
75
57
57
76
59
59
75
60
76
60
76
71
76
62
62
78
78
60_76_83
60
76
76
62
78
62
78
79
79
59
59
64
74
74
59
79
64
59
79
76
59_79
59
64_67
74
79
76
60
59_60
76
74
59
79
64
67
76
60_72
60
72
57
64
57
72
57
64
72
57
84
64
57
57
72
84
72
64
57
79
57
81
81
72
69
57
69
78
57
72
78
69
72
57
69
72
57
78
78
69
72
57
69_78
72
57
78
71
71_72
69
79
79
57
69
57_78
78
71
72
71
79
79
57
72
67
76
57_76
72
67
67
76
57
76
57
72
72
67
57
72
76
67
67
57
72
76
78
69
69
76_78
76
67
72
67_72
57
57
78_78
69
69
57
75
72
66
72
66
75
57
66
75
75
57
57
72_72
66
57
71
75
66
75
57_66
71
57
54
57
54
71
66
75
54
66
75
55
55
54
55_55
57_71
57
71
75
78
83
66
57_66
57
71
75
78
66
66
55_55
71
55
55
71
57
78
57
75_83
66
71
57
55
55
57
75
78
71
83
55
54
55
54
71
54
54
71
55
55
71
55
52
66
52
67
55
83
52
67
54
54
71_75
52
69
54
54
75
69
55
55
71_76
67
64
71
64
64
72
55
64
55
71
67
71
64
64
72
70
54
54_72
70
72
54
54
76
71
71
55
71
67
55
69
54
54
55
71
71
55
67_71
76
69
54
52
67
54
52
72
52
67
52
72
54
54
66
69
50
50
54
78
54
76
50_52
52_66
50
78_79
52_52
79
54
54
74_81
69
69
81
62
62
54
54
74
69
81
62
62
52
52_67
52
67
52
74
54
54_69
66
66
62
52
52
54
66
54
69
66
74
52
52
50
50
71
50
50
71
52
52
71
48
48
62
52
64
52
64
81
50
71
50
48_48
71
66
50
50
71
66
72_79
52
52
67
67
72
60
60_69
52
72
52_67
67
79
60
60
69
50
66
50_66
66
50
50
66
52
72
67
52
64_67
64
52
50
66
50
64
52_67
72
67
64
50
50
48
66
64
48
69
48
64
48
69
81
66
74
50
50
66
62
81
66
72
74
62_66
50
50
62
62
62_74
62
62
62
62_62
62
62
74
62
62
62
62
62
74
62
62
62
62
76
62_74
62
62
62
76
62
62
62
62
72
62
62
62
62_62
72
62
62
62
62
62
62
62_72
62
62_62
74
62
62
72
62
62
62
62
74
71
62_62
62
62_62
62
62_71
62
62
62
62
62
71
62
62_62
50_62
62
62
72
62
71
62
62
62
62
62
50
74
67
72
50
50
50
50_67
50
50
74
76
50_67
67
50
71
50
50_78
69
67
76
67
50
50
71
78
69
66
74
50
50
50
66
74
50
50
50
66
71
74
50_50_67
50
50
67
50
76
66
74
50_71
67
67
76
64
72
50_50
50
64
72
50
50_50
71
50_64
72
67
50
50
50
50
66
71
64
67
72
50
62_67
66
62
38
62
50_72
38
62
38_62
62
50
72
38
67
62
69
38
62
69
50_66_72
62
62
38
66
50
71
74
62
38
69
62_72
69
62
66
38
66
62
71
71
74
38_62
62
67
50_62
38
71
62
67
50_62
38_62
38
71
71
50_67
38
62
67
38_62
62
62
62
50
72
38_69_71
62
71
62
38_62_67
67
62
62
72
69
38_69
38
66
62
50_62
62
69
38
66
50
62
38
62
62
72
38
69
69
66
38_66
62
50
62
62_62
71
67_67
71
72
38
69
66
50
69
38
66
62
62
62
62
67
71
48_69
67
69
48
72
69
66
62
71
69
69
69
66
48
48
62_72
47
47
74
69
74
69
66
62
76
76
47
66
69
74
69
47_74
62
76
76
67
52_67
72_72
52
64
67
72
67
67_72
52_64
67
52
67
67_72
45
72
64
45
60
74
74
72
67
67
45_72
45
60
64
74
74
66
50_71
71
66
62
50
62
71
71
50
66
62_62
66
50
67
71
71
43
67
43_62
62
43
67
67
43
67
71
71
62
67
62
50
67
50_69
69
67
50
50
69
69
55
71
55_74
71
62_74
62
57
72
55
57_72
55
71
74
71
74
62
57
62
57
72
72
54_69
54
69
54
69
54
69
54
54_69
74
74
66
66_69
71
55
55
71
69
54
54
69
66
66
74
74
55
55
67
71
71
52
52
67
52
52
67
67
67
52_74
59
52
69
74
67
48
48
52
67
59_64
64
69
52
74
67_74
48
64
67
50_50
65
48_65
64
67
67
50
65
65
67
50
52_67
72
52
67
72
69
53
52_53
72
69
52
67
72
67
53
69
53
69
71
65
50
50
67
65
71
67
50_50
65
65
71
71
67
67
72
50_50_65
69
65
69
72
67
52_72
52
50_67
50
65
65
69
69_72
67
52
67
71
52_74
64
48
64_71
48
74
64
74
48
64
48
71_71_74
64_72
76
48
48_72
76
64
72
77
72
64
77
76
76
64
48_48
77
77
67
74
59
47
67
47
74
67
74
67
47_74
59
47_67
67
45
60
67
66
45_72
72
69
66
67
67
66
45
74
72
74
45_66
66
60
72
67
69
66
74
71
74
64
48
67
48
67
71
64
71
64
48_71
67
48
64
67
69
64
42
42
69_69
69
64
71
69
71
64_69
42_42
69
69
64
71
67_71
45_67
45
64_72
72
64
67
67
45
72
45
72
64
74
64
66
74
36
57
36
66
62
74
67
57_59_74
66
67
64
66
62
67
59
69
64_69
69
60
67
69
66
69
69
60_69
69
66
62
62_62
36_69
36
66
69
62
71
62
67
69
62_71
69
66
71
71
55_67
52
72
72
52
69
67
67
67
67
52
52_55_69
72
72
50
62
50
67
71
71
67
62
62
69
69
71
71
67
67
50
50
62
69
69
66
48
66
57
69_76
48_76
66
66
69_76
76
48
57
48
47
67
67
62
47_74_74
71
47
48_62
76
48
76
67
47_71
67
74_74
48
76
72
48
78
72
69
69
50
50
78
76
72
72
50
69
69
50
78
78
67_79
71_71
52_52
67
79
81
72
72
52
71
67
52
79_81
71
67
79
81
72
72
81
69
78
48
48
69
69
78
69
69_78
69
48
69
48_78
69
71
71_79
62
50_50
79
62
69
69_71
78
71
79
78
71
79
69
71
50
69
79
78_78_79
50_69
62
69
71_78
71
62
78
79
79
69
69
38
78
71_71_78
62
38
79
62
79
71
38
71
62
38
79_79
62
71
62
43_79
71
79
43
62
43
71
62
43_79
43
43
79
62
71
62
62
62
62
59
62
62
62
59
62
62
62
47_62_67
74
62
59
62
60_64
62
47
59
74
62
62_62
62
67
60
64
57
62_62
62
60
57
60
62
62
62
50
74
57_62
62_78
62
60
69
59
62
57
62
78
50_69
60
74
62
62
55
59_62
59_62
62
62
55
59
62
62
62
55
62_71
59
74
79
62
55
62
60
57
55
71
55
62
62
59
62_79
74
57
62
62
59
62
60
62
59
62
62
62
62
62_62
74
67
59_62
74
62
47
60
64
59
74
62
62_74
62
47_62
67
60
64
62
62
62
57
60
62
57_60
62
62
62
62
62
50_60
62
69
78
57
62
59_62
60
57
50_62
62
78
62
69
59
62
62
62
59
62
55
59_62
55_62
62
62
62
79
59
62
71
43
62
55
66
62
62
62
43
71
79
62
59
55
66
67
67
67
60
57
69
60
67
57
69
65
43
65
43
65
62
43
59
67
62
65
43
59
67
64
43
64
43
55
64
48
60
67
55_64
48
60
69
67
69
69
62
59
71
69
62
59
71
67
45
67
45
64
67
45
61
69
64
67
45
61
69
45
66
66
45
66
50
57
62
69
66
62
57
50
71
69
71
61
71
64
72
64
71
61
72
47
69
47_69
66
63
47
69
66
71
47
69
63
71
67
47
67
47
59
67
64
52
69
59
64
67
52
71
67
64
69
67
71
64
67_71
64
69
66
67
64
69
66
66
62
66
62
62
66
64
62_67
66
64
67
61
64
61
64
61
64
63
66
61
64
67
64
66
71
63
64
67_69
69
66
67_71
66
69
69
71
67
64
67
64
67
72
64
67
66
64
69
67
66
69
66
63
63
66
66
63
72
66
63
66
67
66
63
67
69
63
71
59
63
78
69
59
63
78
67
63
67
63
69
47
63
69
67
63
47
67
66
63
66
63
68
62
71
62_64
68
66
62
64
62
66
71
62
68
52
76
71
68
62
52
76
62
66
62
66
68
62_76
40
66
62
68
40
66
64
62
64
62
69
61
76
64
61
66
61
64
61
66
67
61
57
76
67
57
61
76
66
61
61
66
67
61
45
66
67
61
45
66
61
64
61
64
60
66
69
66
60
62
60
64
62
60
64
69
66
60
50
74
66
69
60
50
74
64
60
60
64
66_74
60
38
64
66
60
38
64
62
60
60
62
67
59
74
66
59
67
59
67
66
59
67
59
74
69
55
66
69
59
55
66
59
67
59
67
59
62
43
66
62
59
43
66
59
67
59
67
58_76
76
66
58
67
58_66
58
67
69
58
55
66
69
55
58
58
66
67
58
67
58
64
43
66
58
43
64
66
58
67
58
74
67
74
57
70
45
73
69
74
70
57
74
73
73
57
69
74
67
74
73
57
67
73
74
57
74
67
73
73
74
74
73
65
57
67
73
74
73
74
65
57
64
73
74
57
73_74
64
57
73
74
64
74
73
73_74
65
57
74
64
74
71
65
73
57_67
73
71
67
57
73
65
74
56
65
62
71
74
56
71
64
73
56
62
56
73
64
74
65
56
76
67
65
74
56
76
67
73
64
56
73
64
56
74
65
56
73
64
65_74
56
73
64_71
62
56
62
56
71
76
61
55
64
61
76
55
69
55
64
55
69
73
69
55
74
55
73
74
55
76
55
76
69
55
74
69
55
73
55
74
73
55
45
53
74
46
62
69
53
62
46
57
65
57
65
57
65
58
67
57
65
67
58
55
64
55
64
55
64
57
65
55
64
57
65
62
53
53
62
62
53
45
64
55
53
62
55
45
65
57
64
57
65
67
58
69
60
58
67
69
60
65
57
57
65
57_65
58
57_67
65
58
67
56_64
56
64
56
64
74
71
64
56
73
44
71
44
73
74
44
71
76
74
44
76
73
44
73
44
74
44
73
44
74
71
73
44
44
71
73
45
74
45
73
71
45_76
61
69
74
61
45
69
76
78
45
61
69
79
45
61
71
78
69
79
67_71
76
45_61
67
76
45
61
76
67
45
61
78
45_69
76
67
61
69
78
61_74
45
66
74
61_66
45
74
66
47
62
47
69
66
62
66
66
69
67
64
40
67
64
40
42
69
62
74
42
62
67
69
71
62
43
66
71
67
62
43
71
57
66
45
69
64_71
69_71
69
45
57
64_71
74
69
67
45
57
73_74
67
45
57_73
66
57
38
74
78
74
38
78
57
81
81
66
81
81
66
81
74
81
66
83
81
74
83
81
83
83
79
79
79
79
69
73_79
79
81
69
73
79
81
79
81
78
81
78
78
78
62
78
74
78
64
73
79
62_74
79
78
78
73
64
66
74
62
79
81
81
62
66_74
79
62_66
74
62
66
74
81
81
66
62
74_83
83
62
74
66
74
64
84
66
84
74
62_64
66_83_83
62
64
84
64
84
60
69
81
66
81
60
66
69
60
60_81
81
69
69
66_66
66
69_81
60
81
60_69
66
69
66
83
69
62
60_62_81_83
81
60_66
62
83_83
62
59
79
59
79
62
74
74
62
59
79
59
79
74
74
62
62
79
59
59
67
74_79
67_74
79
61
79
61
67_76_76
67
74
59
59
74
76
61
62_62
79
61_74
76
71
71_74_79
74
79
71
79
71
74
62
62
64
64
79
73
73
79
67
67
74
66
66_69_74
69
64_73
64
79
73_79
67_67
74
66
74
66
62
71
62_71_71
69
71
79
69
79
62_62_71
71
71
79
71
79
64
62_62
64_71
79
71
79
64
64
64
64_73
71
71
62
73
62_79
79
73
64_64
73
69_79
61
64_69_79
61_64
61
79
61
69_79
64
64
69
69_79
61_69
79
61_64
64
61_76_76
61
69
69
79
79
81
78
78_81
61
64
61
76
76
64
61
81
81
61
78
78
76
79
79
76
61
61
81
76
76_81
79
79
61
61
81
81
78
73
78
69
73
69
61
61
78
78
69
61
73
73
61
69
79
69
79
64
64_69
61
61
69
78
69
61_78
79
61_79
64
64
78
78
69
76
69
69_76
61
69
61
69
69
76_76
69
69
61
61
78
62
78
62_62
69
69
62
62_62
66
71_74
71
66
74
62
62
69
69_78
78
66
71
67_76
66_73
73
71
57_67
76
74
57
74
57
67
73
57_76
67
73
76
74
78
74
78
69
69
57
57
69_74_79
74
59
79
59
78
69_78
57
57
59
79
79
59
76
76
73
55
73_76
76
55
76
76
73_76
55
76
55
73
73
64
64_73
76
55_76
55
73
64
73
57
64_78
57
76_78
55
55
76
78
57
57
78
69
66
66
74
54
69_74
54
66
69
74
66
54
69
74
54
66
69
66
74
54
54
69
74
74
71
56
71
56
66_69
54_66
69
54
74
56
71
57_69
74
66
56
57
69
66_71
74
69
74
66
69
66
57
74
59
68
74
57_62_62
59
68
74
59_61_69
74
62_64
69
68
64
62
61
68
59
61
69_74
69
57
61
66
64
64_66
66
66
74
57
57
66
74
66
57
66
74
66
74
66
57
66
57
59
71_74
74
59_68
71
57_68
59
66
57_74
66
59
59
68
74
68
59
64
56
74
64
71
56
74
71
64
64
56
74
71
56
71
74
64
74
56
71
56
64
71
74
56_74
71
56
71
64
74
64
73
56
73
56
71
71
71
56
56
73
71
74
73
74
56_56
83
74
83
56
56_74
83
76
73
64
73
56
83
76
56
64
64
64
56_73
76
56
73
76
71
74
56_64
74
71
64
56
56
73
64
71
64_71_74
73
74
56
71
73
71
56_64
71
73
56
71
64
71
64
71
56
64
56
71
71
73
57
69
64
57
73
69
64
57_69
57
73
69
73
69
71
55
55
69
71
69
64_69
55
71
64
55
72
54
71
54
72
81
72
54
72
54
81
81
74
71
62
54
81
74
71
62
54
74
71
62
54
62
74
69
54
72
71
62
54
72
69
62
54
69
71
72
62
54
71
72
62_69
54
71
69
54
69
62
69
54
62_69_71
69
69
54
62
54
62
69
69
71
55_67
62
71
67
55_62
71
52
67
52
55_62
62
71
67
55
54
83
52
52
54
83
83
83
54
54
55
73
83
55
64
73_83
64
57
73
84
55
57
55
64_83_84
83
64_73
57
84
57
84
54
81
54
81
81
54
54
81
54
75
54
81
66
75
81
66
55
54_55
54_83
75
66
83
81
75
66
81
55
55
83
83
52
52_79
79
79
52
52
79
79
59_76
52
76
52
79
71
76
52_79
76
59
52
76
71
79
76
78
64
76_76
76
78
76
64
76
78
76
80
40
76
64
78
71_80
71
76
81
80
64
81
78
78
71_76
40
71
80
76
78
83
81
78
74
83
74
81
64
83
74
74
83
64
76
52
68_74_76
74
68
64
76
76
52
68_74
76
68_76
64
74
76
76
80
73
73
80
73
73_80
80
69
73
69
57
73
64
64
69
69
57_73
73
69
64_64
69
73
73
76
71
76
71
73
57_69
69
73
57
71
71
76
76
73
73
57_81
81
64
45
45_76
81
69_76
74
57
74
73_83
83
73
45
64_76
76_81
81
81
45
69
83
76
74
74
76
83
79
57
79
76
76
79
57
79
69
69
57
79
57
79
64
69
45
76_79
73
69
69
81
45
79
81
57
64
57
73
76_79
79
81
69
73
78
78_81
73
78
73
73
78
62
62
78
62
69
50
62_78
74
78
69
66
66
50
74
62
74
62_78
69
62
62
74
78
78
69
76
66
69_69
62
66_74_76
74
62_69
69_76
76
78
62_74
78
38_69
74
69
74
78
79
78
62
79
76
76
69
74
74
38
69
74_78
78
76
76
79
81
62
72
72
81
79
72
72
81
62
81
74
50
72
72
62
66_78
74
66
81
74_74
74
72
62
72
50_66
66
78
74_81
74
74
78
71
78
71
71
78
71
78
67
55
71
62
71
62
67
79_83
71
67
67
67_71
83
67
71
71
79
55
62
62
74
71_71
55_67
71
67
74
71
71
71
55
74
79
74
52
76
79
76
79
76
81
52
78
78
76
81
79
76
76_79
81
79
78
81
78
74_74
67
52_78
52
67
78
74
74
78
67
52
67
52
78
78
54
74
69_74
78
54
69
78
74
69_79
69_76
76
74
54
74_78
54
78
79
74
78
79
76
76
76
73_73
55
64
64
79
55
76
76
73
73
64
55
76
64
55
73
76
73
76
69
57
57_69
69
76
78
74
74
57
73
73
76
76
69
69
78
69
57
76
74
79
76_78
76
74
55
78
79
76
79
55_76
81
78
78
79
81
54
78
81
83
79_81
54
79
81
78_78
78
83
79_81
83
79
69
54
79
76
76
83
54
69
79
79
76
76
69
54
69
79
54
55
76_79
71
79
76
55
71
76
79
71
78
81
76
55
79
71
55_78
76
76_79
81
78_79
78
81
74
57_66
78
74
81
66
57
78
74
74
66
78
57
66
78
57
78
59
74
71_78
74
71
59
78
74
59
79
59
71_78
74_78
79
71
74
78
81
74
79
81
79
81
83
83
55
76
81
83
55
84
83
83
84
76
55
83
55
84
84
81
73
64
64_73
81
81
73
73
81
64
64
81
73
66
69
73
78
54_81_81
54
83
81
69
66
73
83
54_73_78_81
81
54
83
79
83
75
66
79
71_75
79
71_75
79
66
75
79
76
76_79
52
79
71
59
83
52
55
79
79
76
71_76
79
59_83
52
55
52
59
79
71
55
76_76
71
79
79
76
59
55
71
79
59
71
76
76
76_79
79
59
79
71_76
64
79
76_79
71
76
64
71
66
76
71
64
79
76
66
64
79
66
66
62
71
79
76
71
62
76
79
62
71
71
62_76
79
76
79
71
79
62
62_76
71
76
79
64
71
79
62
64_76
62
71
76
64
64_79
61
61_71
76_79
71
76
79
61
61
76
71
79
71_76
79
69
79
76
61
69
61
79
76
76
76
73
69
69
69
79
76
76
79
73
76
76
79
61
61
73
69
76
73
76
78
76
69
74
69
74
74
69
78
78
45
74
69
74
74
78
69
69
78
45
78
79
69
69
76_76
69
79
76
79
45
69
76
45_88
69
79
76
73
69
69_81
79_81
73
76
79
69
88
73
73_81
81
78
57
74
69_69_74
57_69
78
78
74
45
74
74
69_78
69_78
45_57_74
69
78
57
79
54
69
54_69_76
69
76_79
79
45_76
45
54
78
69
69
74
74_78
54_69
74_79_79
78
76
76
76
79
78_78
74
74
76
57_69
74
69_73
78
73
57
76_76
69
73
45
57
76
69_73
69
73
76
69
57_73
45
76
50
78
69_74_74
50
78
69_78
74
69
50
74_74_81
78
69
69
81
69
81
50
50
78
74
50
78
81
81
81
79
73
79
69
69
69
52_73
52_76_79
79
73
69
69
79
69
76
73
52
79
52
74
81
81
74
66
54_69_69
74
81
54
66
74
81
81
69
74_81
69
54
74
54
67
62
67_71_83
50
55_74
71_74
55_74
62
67_71
74
83
50
74
67
71
55
55_74
76
69
69
64
64
69_69
57
74
45_57_69
45
57_69
76
74
64
64
69
69_69_69
57
64
64_69_76
45_45_69
69
73_81
45
73
69
64
76
81
69
69
45
45
45
64
73
73
74
50_74
50
50_66_69_74
66
69
69
78
50
50
50
66_74
66_74
69
69
74
69
78
54
57
54
57
74
54_78
69_69_74
57
78
55
59
74
57
74
54
69_78
78
69
55
59
52
55
52
55
81
52_76
81
55_76
73
73
54
52
57
81_81
76
55
76
73_73
54
57
50
54
50
54
50_86
54_78_86
81
78
69
50_78_81
74
86
55
81
69
52
78
50
78_86
54
50
81
55
74
78
52
57
54
57
54
78
74
57
54
69_69_78
74
59
55
78
74
69
69_74_78
54_57
55_59
55
52
55
52
81
76
52
81
55
73
73_76
57
54
52
81_81
73
55
76
73_76
57
54
54
50
54
50
78
66
74
66_81
74
50
50_69_69
54
86
66
50
69
69_78
78
69
78
69
54
81
66
74
69
78_86
73
74
73
78
69
73
73
74
74
74
74
66_74
69
69
74
69
66
69
62
69
78
50
78
74
69
74
69
50
74
69
52
50
52
74
52
69
54
52
54
54
50
54
50_66
69
50
62
66
69
60
50
69
60
62
69
78
78
76
76
76
76
74
74
74
74
74
81
76
74_76
74
76_81
76
81
78
78
78_78
74
76
76
81
76
76
78
78
78
78
78
74
69
74
78
69
74
74
74
81
62_66
81
69
74
78
78
74
78
74
60
60
59
59
74_78
59
59
60
60
60
60
57
57
72
69
57_72
69
57
66
72
63_63
66
74
81
81
79
79
79
79
78_78
78
78
72
79_79
66
72
79
66
79
72
81
66
81
81
81
72
79
79
66
79
79
81
81
81
81
69
78
72
78
78
69
78
72
78
71
71
66_71
72
63
63
61
61
71
71
61
61
59
59
59
59
66_81
78_81
61
61
78
81
61_81
61
66
78
83
63
63
63
83
71
63
63
78
61
61
83
78
83
63
61
61
63
63
63
63
71_75
59
78
59
78
78
71
71
78_78
59
75
78
59
71
76
64
64
79
71_79
76
71
76
64
76
64
64
64
64
66
64
59
66
59
59
59
66
66
67
59
67
59
67
67
69
69
59
59
69
69
71_71
71
55
71
55_73
73
55
55
73
73
55
74
74
55
74
74
55
73
73
55
73
71
73
71
71
73
52_52
73
71
73
52
52_73
74
74
52_52
74
74
71
71
52
52
71
71
76
76
76
76
71
71
45
45
71_71
45
45
73
45
73
45
71_71
79
45
79
45
61
69
69
79
69
69
57
61
71
62
57_71
79
78
57
57_62_71
71
57_64
73
78
73
57
76
73
64
73
66
74
74
74_76
57
57
74
74
67
76
66
74
73
76
76
67
64
78
76
52
73
71
78
52
78
52
52
78
69
71
64
79
52
69
79
52
69_71
79
79
78
78
71
69
52
73
52
78
78
76
73
71_71
73
76
76
78
73_76
49
74
69
74
49_73_78
74
49
78
69
74
49
78
79
49
76
69
76
79
49
79
79
76
74_76
76
74
76
69
49
49
76
74
76
76
74
81
76
81
81
76
73_81
76
45_73
73_76
45
76_76_81
85
45
76
73_81
76
73
73_85
45
76
45
78
45
74
50_74
69
50_78
81
86
78
50
73
78
81
50
50
74
50_81
74
74
76
66
45
69
45
66
76
45_69
78
45
66
45
69_78
45
86
78
81
78
79
76
69
45
45
66
79
76
81
78
78
81
83
42
74
69_74
42
83
42
74
69
42
74
69
84
42
74
78
81
42
74
84
83
42
42
83
81
81
66
38_83
81
38
66
83
81
38
66
84
38_38
81
38
84
81
66
81
38
38
81
86
86
62
78
42
81
74
50
78
81
42
62
78
50_74
42_78
81_81
67
74
42
43
50
62
83
74
83
43
74
50
78
43
43
78
47
47
74
78
47
47
78
74
47
62
47
83
74
74
81
78
79
47
47
74
79
81
81
75
72
52
52_78
75
52
78
52
72
71_76
52
52
79
74
67
52
52
67
55
76
55
67
55
76
55
67
55
76
55
83
76_81
67
55
55
81
83
83
71
71
79
52
52
45_76
76
79
71
71
52
45_76
79
52
76_79
64_76
81
49
76
45
49
69_81
71
76
45_49
49
76
45_73
45
76
45_73
45
76
45
73
45
81
76
79
69
78
76
73
45
45
78
79
79
73
49_76
49
69
73
49_49
69
76
69
50_50
62_78
76
64
78
81
81
81
86
86
86
69_85
86
78
85
85
78
69
85
69_83
74
78_83
62
83
81
83
78
81
74
81
81
79
79
79
79
69
74
69
74
78_78
50_78
74
69
69_74
69
78
74
50_78
78
74
71
76
71_79
79
76
50
79
76
69
76
50
50
50
79
49
71
79
50
49
76
79
50
71
49
49
76
76
76
50
50_50
50
50
50
47
71
76
47
71_79
50
76
76
76
79
79
47
79
50_71
76
76
71_76_76
47
79
79
79
69
45
49_49
69
69
76
76_76
79
79
45
76_79
79
79
69_76
49
69
69
49
76
76
76
76
76
76
76
81
45_45
69
64_73_76
81
73
45
81
69
81
45_69_81
73
81
69
73
45_64
76
45
76
76_76
76
76
76
62
50
69
50_69_78
78
69
74
78
74
50
50
74
69
74
69
78
78
78
66
69
69
66
69_74
66
74
74
69
66
69
66
66
74
69
74
74
62
66
62
66
71
62_71
66
69
62
50
50
50
50
50
50
52
52
52
52
62
54
71
54
62
54
71
54
55_62
55
71
55
55
54
54
71
62
54
54
55
55
55
55
64
52_67
52
52
64
52
67
64
64
50
50
71
66
71
62
71
71
71
71
50
73
50
73
49
49
73
73
67
74
74
64
67
74
74
64
67
76
76
64
76
76
74_74
67
64
64_64
49
49
74
74
76
76
76
64_67
64
47
73
67
76
47_73
47
73
64
64_67
47
67
73
66
66
46_66
61_66
46
66
66
66
46
66
46
66
66
61
76
76
76
76
42
66
70_74
42_70
66
74
70
42
74
70
66
42
66
74
73
73
73
73
74
47_71
66_66
71
47
74
71
66
66
71
66
71
66
71
74
74
73
73
66
71
73
73
74
74
74
74
71
66
62_71
71
62
71
66
67
62
62
71
47
67
66
47
45
45
45
45
47
47
47
47
62
49
49
66
49
62
49
66
59
50
50_66
50
50
49
49_66
59
49
49
50
50
50
50
59
47
62
47
47
59
62
47
57
49
64
49
62
62
67
67
66
66
49
49_66
66
67
67
67
67
67
64
64
64
45
45
67
64_64
45_45
64
66
62
66
50_66
50
57
66
62
66
50
50
66
64
64
57
67
52
52_67
62
67
64
61
67
52
62
67
52
62
62
67
54_66
57
69
54_62
61
69
62
54_66
62
54
62
69
69
67
55_62
55_62_71
71
62
55
55
67_71
62
62
71
52
64_67
62_73
52
67
73
64
52
67
73
52_64
64
67
73
69
66
50
74
74
50
66
69
50
69
74
50
66
74
66
69
45
69
61
73
64
64
45
69
73
74
69
61
74
76
61
76
67
73
61
67
61
67
69
73
64
61
62
67
62
64
64
57
61_64
64
57
61
57_61
64
67
69
69
71
71
73
73
69
64
73
73
69
64
73
76
67
67
66
73
67
66
67
45
67
45
64
45
69
73
45
45
64
45
45_69
66
57
73
61
66
45
76
69
74
74
76
76
57
73
69
73
57_69
62_69
74
66
64
62
69
64
66
66
62
57
66
62
66
57
69
62_66
66
69
74
73
73
74
74
69
66
74
74
69
66
78
74
69
69
67
74
69
67
69
45
69
45
66
74
69
45
45
66
45_45
74
69
67
62
45
73
70
45
66
78
76
76
78
78
74
70
67
74
70
67
76
61_70
67
66
70
61
66
67
67
64
64
67
64
64
67
70
67
64
70
73
76
74
74
76
76
76
73
67
76
67_73
76
79
73
70
69
76
73
69
70
45
45
70
67
73
76
45
45
73
67
45
45
64
76
69_69
74
45
45_67
79
77
77
79
79
61
76
67
61
67
76
62
65
77
69
74
69
67
67
69
69
65
74
69
65
69
74
67
65
71
67
62
77
76
76
77
77
62
74
65
62
65
74
61
76
64_67
71
67
65
65
67
45
45
67
64
67
45
73
45
45_67
73
64
45
45_65
65_69
64
61
45
76
74
74
76
76
57
73
64
57
73
64
74
57
62
65
74
73
64
57
62
73
64
74
65
65
74
62_62
71
65
71
65
62
62
72
69
65
69
72
66
67
45
45
67
47
47
47
47
45
45
62
69
45
45
43
43
62_69
43
43
69
62
42
42
42
42
40
62_69
40
40
40
42
42
42
42
66_74
38
38
74
66
38
38
74
66
47
47
72
72
71
71
66
74
71
66
71
69
72
72
72
72
69
72
69
69
66
62
62_69
72
69
66
69
62_67
71
71
67
71
71
67
67
62
71
71
64
61_64_67_73
73
64
73
64
61
73
66_67
74
59
66
66_74
47
47
48
48
66
66
48_66
48
47
47
47
47
62
66
45
45
62
62
45
66
45
62_64
43
43_71
64
43
42
59
42
43
64
64
71
42
42
74
43
43
74
43
43
40
71
67
40
67_71
76
76
40
40
71
67
67
71
49
76
49_76
69_76
69_76
69
69
49
49
76
69
69
69
76
69
69
73
79
45_69
79
73
45
69
81
76
45
69
69
81
79
73
79
45_73
76
69
69
45_74
78
50
45
69
50_74
62_81
78
78
50
50
62_69_74
50_50_78
69_74
78
81
78
43
67
67
71
76
76
71
79
43
83
62
50
67
43_67
76
71
76
83
71
79
43_66
45
50
66
69
62_74
45
69
69
45_74_81
78
64
66
64
73
74
66
78
76
45
73
74
64_66
45
73
74
76
64_66
78
73
74
45
66
64
64_66
73
74
78
76
73
74
66
64
81
73_74
66
76_78
64
73_74
64
66_69
73_76
66_74
78
64
45
73_74
66
64_74
64_76_78
73
66
74
73
45_64
66
73_76
64
78
74
45
45
66
69_73
81
74
45
79
81
79
81
79
69
45
45
64_81
64
69
45_73
73
76
66
66
69_79
74
69
74
74
78
69
66
66
69
45
74
74
74
69_78
50
66
45_66
69
74
74
50
69
38
78
50
74
69
50
50
50
52
52
52
52
54
54
74
38
69
78
54
57
57
54
57
57
56_56
56
56
66
56
56_74
69
74
66
69
59
59
56
56
59
59
57
57
57
57
57
57
76
76
76
76
57
57
76_76
78
78
76
76
78
78
74
74
74
74
74
74
76
74_76
74
76
76
73
73
73
73
73
73
73
74
74
73
74
74
69
69
76_76
76
69
76
69
69
69
78
78
71
71
69_79
79
78
78
69
71
79
71
79
67
67
76_76
67
67
76
76
67
76
76
67
69
69
78
78
67
67
76
76
69
78
69
78
66
66
74
74
66
66
74
74
66
74
74
66
66
67
67
74
74
66
67
67
69
74
69
74
69
69
74
74
71_74
71
74
73
73
71
71
74
74
73
73
74
69
69
69
74
69
74
74
69
74
69
74
71
69
71
69
74
74
71
71
68
74
68
74
68
68
74
74
74
68
68
74
68
71
74
71
74
68
71
73
71
68
73
68
73
68
68_73
68
74
68
74
83
74
68
83
74
68
83
83
73
68
73
68
73
68
68
73
74
68
68_74
73
74
73
68
68
74
73
73
68
71
71
68
68
71
71
68
73
69
73
69
69
76
73
69_76
73
73
73
76
76
73
73
74
71
71
74
81
81
74
71_81
81
74
71
76
73
73
81
76_81
73
76_83
76_83
73
81
81
83
83
71
74
79
79
71
74
79
74
71
71_79
74
73
76
79
73_79
76
73
73
76
81
81
79
76
79
81
81
69
73
78
69
69
78
73
73
69
78
78
73
62
74
78
78
74
62
62
64
73
79
64
74
79
78
73
74
62
78
64
79
64
73
66
73_79
74
81
62
66
74
81
62
66
74_81
62_66
81
74
62
66
74
62
83
66_83
74
62
74
64
66
66
84_84
64
83
62
74_83
62
64_84
84
64
60_66
81
69
81
69
66
60
60
81
81
66_69
69
60
66
60
69
66
81
81
66
69
60
66
83
62
69_83
66
60
60_69
62
81
81
83
62
83
62
79
59
74
62
79
59
62
74
79
59
74
62
79
59
74
62
59
79
67
74
59
67
79
74
61
76
61
59
67
59
67
76
74
79
74_79
61
76
62
76
74
61
79
71
62_79
71
74
62
74
71
62
79_79
71
74
64
79
67_73
67_79
64
73
66
69
74
69
74
64_66
73
67
67
79
64_73
79
74
66
74
66
69
69
62
71
71
71_79
79
71
62
71
62
71
62_71
79
79
71
79
64
62
71
71_79
62_64
64
71_73
64
71
64_73
62_62_64
79
79
64
73
73
64
69
61_69
79
79
64
64
61
69
61
69_79
64
79
64
61
79
69
69
61
79
61_64
64
76_79
76
69
79
69
61
61
76
76
78
78
61
81
64
81
61
64
78
78
61
61
81
81
79
61_76_76
61_79
88
76_81
76
79
79
61
88
61
81
73
73
69
69_78
78
61
61
69
61_78
78
73
69
61_73
64
79
64_69_79
61_69
61
69
64_78
79
78
64
69
79
61
61
78
78
69
69
76
61
69
69
76
61
69_76
69_69_76
69
61
61
78
62
69
62
62
78
62
69
66
71
62
66
69_74
74
62
71
78
62
78
69
62
66
71
74
74
66
71
67
57
73
67
73_76
76
57
67
57
76
67
76
73
57
73
69
57
74
74
78
69
78
57
74
59
69_79
59_79
57
69_78
74_78
57
59_79
79
59
76
73_76
55
73_76
76
76
55
76
73_76
55
76
73
55
64
74_74
55
64_76
76
55
73
73
74_74
73
74
73
74
64
57
57_78
76
55
78
55
73_76
73
64
74
78
74
78
57
57
66
69
66
73
69_73
54
74
74
54
66
69
66
74
69
54
54
74
66_66
69
69
74_74
54
54
71
56_71
69
56
69
54
66_74
54
74
66
71
56
56
71
66
69
57_66
69
74_74
57
69
69
66
57
74
74
66
57
62
68
62
74
59_68_74
59
69
64
69
68
68
64
62
61
61
74
59
59
62
74
69
69
64_66
61
61
64
66
66
66
74
74
57
57
66
66
66
66
74
57
57
74
66
59
66_74_74
66
57
57
68
66
66
59_66
59
68
57_59
57
74
68
74
59
68
64
59
71
74
64_74
71
56
56
64
64
71
71
56_56_74
74
64
74
56
56_71
74
71
64
71
74
74
71
56
56
71
64
64
71
73
71
71
73
56
56
73
73
56
56
74
56
56
74
83
74
83
74
56
56
83
83
64_73
76
76
56
73
56
64
73
64
56
73
76
56
76
64
64
74
71
56_56_71
74
64
73
64
71
56_73
71
74
64_74
56
73
73
71
56_64
71
56
71
71
64
71
64
71
56
56
71
64_71
73
64
57
73
69
57
69
64
69
69
73
69
57
57
73
64
69
69
69
64
55
71
55
71
71
71
55
55
54
54
72
72
81
81
72
54_72
54
81
81
74
62
54
71
71
54
74
62
62
71
54
71
54_74
62
74
69
62
54_72
72
54
62
69
71
71
54
72
62
72
69
69
54
62
71
71
54
54_69
62
69_69
69
62
69
54_54
69
62
62
69
69
55
55
62
71
67
71
62
67
55
52
52
71
55
67
71
62
62
67
52_52
54
83
54
83
83
54
54
83
83
55_73
64
55
83
64
73
57
84
73
57
55
55
84
83
64
83
64
57
84
57
84
73
54_81
54
81
81
54
54
81
54
81
75
54
66
81
75
66
55
55_83
54
54
83
81
66
75
81
75
55
55
83
66
83
52
79
52
79
79
52
52
79
52_79
76
76
79
59
52
71
76
76
76
79
59
79
52
71
76
52
76
76
78
78
52
76
76
78
52_76_78
76
40
71
80
76
52
76
80
71
81
80
81
78
78_80
52
76
76
71
71
40
81
78
78
74
74
81
83
52
83
74
74
83_83
52
76
52_74
68
52_74
76
68
76
76
76
68
74
52_74
52_76
68
76
76
80
73
73_80
80
80
73
73
69
64_73
69
57
64
73
69_73
73
64
69_73
64
57_69
73
69
69
73
69
73
71
76
76
45
71
76
71_76
45_71
73
45
81
45_64_81
73_76
81
76
74
83
83
74
81_81
45
64
73
45
73
76
76
81
83
74
74_83
76
79
79
45
76
76
79_79
76
45
69
79
45
79
73
57
64
69_76
79
69
81_81
69
79
76
64
45
79
73
57_79
78
81
81
73
73_78
78
73
73
78
78
62
78
62_69
62
74
62_78
74
78
66
74
66_78
62
78
69
74
62
62
62_74
74
66
66
76
69
76
50
69
69
76
76
50
69
78
78
74
50
69
38
78
74
69
74
79
79
76
78
74
74_78
76
50_74
78
69
69
38
76
76
79
81
81
50_72
79
72
72
81
81
50
72
74_74
50
72
81
50
78
66_66
72
74
74
74
72
74
72
81
78
50
50
66
66
74
74
71
78
78
71
71
78
78
71
71
67
62
55
62
71
67
79
83
71
67
71
71
71
67_67
67
79
83
62
55
62
71_71
67_67_71
74
55
71
74
71
74
71
74
55
76
52
79
79
76
79
76
78
81
76
52
78
79_81
76
76
79
79
81
78
81
78
52_74
52
78
67
67
78
74
74
78
52
52
74
78
67
67
54
74
54
69
78
69
74
78
78
74
76
54_74_79
69
69_79
76
74
74
78
78_78
54
79
76_79
76
73
55
76
55_64
76
64_73
73
76
76
55_64
55
73
64
73
57
57
76
76
69
69
69_76
73
74
78
73
74_78
73
76
57
76
69_69
76
57
74
69
74
78
78
76
79
79
55
76
76
79
79
76
55
78
81
81
81
78_78
54
79
83
83
78_79
78_81
81
78
81
54
79
83
79_83
69
76
79
69
54_79
54
76
76
79
69
79
76
69
54_71
54
79
76
71
55
79
55_79
76
76
71
78
81
78_81
76
71
76
79
55_79
55
76_79
78
78
81
81
74
66
57
57
74
66
78_78
74
74
66
78
78
66
57_57
74
71
59
78
74
59
78
71
74
78
79
79
78
78
59
71
59
71_74
78
74
74
79
79
81
81
81_81
55
83
83
83
55
76
84
84
55
83
83
83
76
55
84
64_84
73
81
73_81
64
73_81
64
81
73
64
73
66
73
54_81
54
81
78
69
81
73
83_83
54
54_73
66_81
69_81
78
81
83
83
79
66
75
79
75
71
79
66
79
75
71
75
76
79
71
52
59
76
79
83
52
79
55
79
76
79
52_76
83
59
55
71
79
52
55_59
55
79
71
79
59_76_76
71
79
76
59
71
79
59
71
76
79
76
76
79
79
71
64
71
76
79
76
79
64
76
66
64
79
66_71
71
76
64
76
79
66
66
62_79
71
71
76
62
79
76
62
71
71
62_79
76
79
76
62
71
71
79
76
62
79
76
64
64
62
62
71
71
76
76
64
79
79
64
61
61
71_76_79
71
76
79
61
61_71_79
76
71
76
79
79
61
69_76
69
61
76
79
79
76
76
76
73
79_79
73
69_76
69
69
76_76
61
73
76
73
69
76
76
78
74
61
74
69
78_78
69
45_69
74
74
78
74
69
69
78_78
45
69_74
79
69_76
69_69_79
79
76
45_76
45
76
88
79
79_81_81
73
69
73
76
76_79
69
69
69
73
88
81
73_81
69
57
74
78
57_74_78
69
78
45_74
69_69
57
74
78
57_78
74
45
74
69_78
69
69
54
54_69
79
76_79
69_69
45
76_79
76
45
76
54_79
69
79
74_78
54
74_78_78
74
76
69_79
69
76
74_78
78_78
74
74
45
57
69
73_76_76
76
57
73
69_73
69
76
45_76
69
73_73
73_76
69
69
57
57
50_69_78
50_74_78
69_74_74
78
69
50
50
78
74_74_81_81
69_78
74
81
69
78
69
50
50
81
81
81
69_79
73
52
52
69
69
79
73_79
76
79
69
73
69
69_79
76
52
52
73_79
74
69
81
54
69_81
66
74
54_81
74
81
66
74
74
81
81
69
69
74
54
54
62
74
50_67_71
83
74
55_67
55
71
74
74
50
74
62
74
83
71
67
67
55
71
55
76
69
69
64
69
57_74
57
45_64
69
69
45_69
74
57
76
69
57_69
69
69
64
64
69
73
76
45_81
64
45_69
45_64
73
69
69_76
81
69
45_64_73
64
69
73
45
74
74
45
50
50_69
69
50
78
66
66
69
74
50
74
66_69
66
69
69
50_69_78
69_74
50
69
69
66
69
69
69
66
69
69
69
69
69
66
69
71
69
69
69
67
66
71
67
69
69
69
67
64
67
69
69
64
69
67
69
69
69
64
69
67
64
66
69
69
69
66
66
62
69
66
62
66
38
62
38
74
81
78
50
56
56
67
66
64
62
50
38
64
67
81
74
38
69
78
57
66
57
57
66_69
57
57
57
57
57
66
57
69
67
57
71
69
66
57
57
67
71
64
57
67
57
57
64
67
57
57
57
64
57
67
57
57
64
66
69
67
57
57
66
69
57
62
66
62
66
62
66
50_81
50_50_78_86
66
62
50
73
74
86
50
73
81
78
50
74
74
67
64
74
76
74
64
67
76
50
72
50_72
50
66
69
72
72_74
50
69
66
74
71
50
50_71
71
67
55
62
71
74
67
62
55
74
76
76
76
66
69
78
76
66
69
78
74
52
74
52
74
68
71
52
76
74
71
52
68
76
52
73
52
73
69
57_73
64
76
73
69
64
57
76
78
78
71
68
78
79
68
78
71
79
54
76
54
76
54
70
73
76
78
76
54
73
70
78
54_74
54_74
71
59_66_74
76
74
66
71
76
59
78
74
71
78
74
71
78
71_74
76
73
74
71
76
73
69
73
69
73
69
73
74
71
73
69
74
71
71
68
71
68
71
68
73
69_71
68
69
73
74
71
78
74
71
76
73_76
78
74
76
73
78
74
76
74
71
74
71
74
71
79
76
73
71
74
76
73
73
70
73
70
73
70
79
73
70
73
74
70
73
70
74
76_78
54
70
85
76
70
54
85
75
70
75
70
76
42
70
75
76
70
42
75
73
70
73
70
75
69
78
71
75
69
73
71
69
69
73
78
59_75
69
83
75
59
78
69
83
69_73
69
73
75
69
47
83
73
75
47
69
73
71
69
71
69
76
68
83
71
68
73
68
71
68
73
74
68
52
83
74
52
68
83
73
68
68
73
74
68
40
73
74
40
68
71_73
68
68
71
67_73
76
69
67
73
67_71
69
67
71
67
73
76
57
81
73
76
57
67
81
67_71
67
71
67
73_81
45
71
73
67
45
71
67
69
67
69
81
66
74
73
66
74
74
66
73
66
74
66
76
50
81
73
50
76
66
73
74
66
66
74
69
66
38
73
69
38_66
73
74
66
74
66
83
65
83
73
65
73
65_74
65
74
65
76
50
73
65
76
50
65
73
74
65
74
65
71
38
73
65
71
38
73
74
65
81
74
65
81
77
64
40
76
77
80
81
64
81
80
76
64
74
80
81
74
64
80
81
64
74
80
81
80
81
80_81
72
74
80
81
64
72
80
81
71
64
80
81
64_81
71_80
80
81
64
71
80_81
80
81
80
72
71
64
81
78
80
64
72
74
80
74
78
64
80
63
81
72
78
69
81
63
72
63
80
71
78
69
63
80
63
71
72
81
74
72
83
81
63
74
83
63
71
80
63
71
80
63
72
81
71
72
80
63
81
63
71
69
80
78
63
69
78
62
68
83
71
83
62
68
76
62
71
62
80
76
62
76
81
80
62
81
83
62
83
62
62
76
81
76
62
81
80
62
80
40
62
41
60
81
76
60
65
69
65
69
41
64
72
64
72
64
72
65
74
64
72
65
74
62
71
62
71
62
71
64
62
72
71
64
72
60_69
60
69
60
69
40
62_71
69
60
40
72
62_64
71
72
64
74
65
76
67
65
74
76
67
64
72
72
64
64
72
65
74
72
64
65
74
71
63
71
63
81
71
63
78
71
80
51
63
78
51
81
51
78
80
81
83
51
83
80
51
51
80
51
81
51
80
81
78
80
51
78
51
52
80
81
52
78
80
81
68
52_76
83
68
52
76
68
76
52
85
83
78
86
68
76
52
85
86
78
74
68
83
52
74
68
83
52
74
68
83
52
76
85
83
74
52
68
85
76
52
81
73
68
73
68
52_81
54
73
69
81
69
54
76
73
73
73
76
74
47_71
74
71
47
49
76
69
81
49
69
74
76
69
50
73
78
69
74
50
78
73
52
64
71
76
71
76
52
81
64
81
80
52
64
74
64
80
52
74
64_81
45_45_69
76
73
45_81
45
45
45
81
81
64
76
69
73
64
64
64
61
64
64
64
64
64
61
64
64
64
64
64
61
69
49_76
62
66
64_64
64
64
61
64
76
69
49
62
66
62
64
59
64_64
62
59
64
64_64
64
64
62_64
80
76
71
52
59
64
61
64
62
64_64
80
59
71
52
76
64
61
64
57_61_64
64
61
57
64
64
64
64
64
64
61_81
57
76
73
81
57_85
76
45
62
59
64
61_64
64
57_73
45_57
76_81
59
81_85
76
64
64
64
62
64
61
64
64
64
64
61
64
64
64
64
76
69
61
76
49
66
64
62
64
64
64_76
61_76
69
49
62
64
64
66
62_64
59
62_64
59
64
64
64
64
80
62_64
52
71
59
64
64
64
61
59
64
71_80
62_64
64
52
61_64
64
61_64
64
57
61
64
64
64
57
64
64
81
64
61_73
64
45
45
57
81
85
88
64
68
71
71
64_68
64
81
73
64
45
71
68
66
69
71
45
85
81
66_69_76_88
68
57
76
69
66
76
66
69
76
61
71
68
76
68_71
76
78
68
71
78
68
71
76
76
74
78
66_78
69
74
66_69_74
66
74
69
66_69
74
68
71
68_71
74
76
68
74
71
76
68
71
74
76
64_68
76
73
73
64_68
68
64
73
73
68
64
57
69
73
73
69
69
59
68
57
69
74
74
73
68
73
69
69
68
59
61_69
57
68
76
76
57
74
74
69
76
57_69
61
57
76
69
76_76
61
69
78
57_78
69
57
73
59
79
59_61
79
57
69
78
78
57_69
73
59
79
59
79
64
73
56
76
76
56
73
73
64
56
76
73
76
56
73
73
56
71
64
76
76
76
56
71
57
64
71_71
78
78
56
57
76
76
56
76
57
78
57
78
69
66
54
74
74
54
69
66
54
69
74
66
74
54
69
66
66
54
69
74
54
66_74
69
56
66_71
54
56
69_71_74
54_66
74
69
56
56
71
57
66
69
57
71
74
66_69
74
57
69
66
69
74
57
66
74
62_68
59
74
62
68
59
74
69
64
64
61
62_68_69
59
62
61
74
68
74
59
69
69
61_64
66
64
57
66
66
74
61
66
57
74
57
66
66
57
66
66
74
74
59
57_66
74
57
71
66
74
59
68
59
57
66
68
71
57
59
66
74
74
59
59_68
64
68
74
56
59_64
56
71
74
64
74
56
64
56
71
59
74
74
64
64
56_59
74
56
71
71
74
71
64
74
56
64
56
76
73
73
56
71_71_76
56
76
73
56
76
73
56
59
71
74
71
56
74
56
71
71
83
83
74
71
56
74
56
83
83
68
64
73
68
73
56
64
56
73
73
56_64_68
64_68
56
71
64
74
64
74
71
56
56
71
64_73
64
73
56
56
74
74
71
73
64
73
71
71
64
56_71
71
56
64
71
64_71
71
71
56
56
64
64
73
57_69
73
69
57
57
76_76
69
69
64_73
73
69_69_73
73
64
57
76
73
73
69
74
74
71_71
69
71_71
52
76
52
74
71
74
71
71
52_71
52
69
73
73_76
69_76
52
52
71
69_74
54
54_71
74
52
69
52
73
73
71
54
74
71
54
74
71
68
50
71
50
68
71
50
71
50_68
68
71
68
71
50
68
50
69
73
68
52_69_73
71
52
68
50_71
50
69
69
73_73
52
52
64
69
69
64
49
49
64
69
69
64
49
49
64
64
49
69
69
49
50
49
50
76
69
64_78
64
49
76
69
78
61
76
52_73
52
69_78
69
50
50
76
78
61
69
69_73_76
52
52
76
57
74
54
69
74
54
69
74
74
55
55
76
76
74
57
54
54_69
74
69
61
55
76
55_76
52
52_64
73
73
69
69
61
52_52_73
73
64_69
69
64
52_73
52
69
73
64
69
64
74_74
54
54
52
52
73
73
64
69
69
54
74
74
54
71
69
66
71
51
51
69
66
71
71
69
69
66
51
51
66
69
66_69
71
51
71
51
66
66_66
51
69
69
51
66
68
68
66
51
51
68
68
51
51
66
69
69
51
51
66
78_78
69
51
69
51
78
78
71
71
51_68
51_68
68
51
68
71
51
71
66
66
69
51
69
51
66
66
68
51
68
51
69
69
71
51
51
59
68_68
66
66
71
59
51_51_66
66
64
52
64
52
68
68
71
71
64_73
64
68_68
52
73
52
64
64
73_73
50_74
50
74
66
66
50
50
74
74
66
66
64
49
76_76
49
67
67
64
73
76
73
76
67
76
67
49
76
49
76
76
73
73
69
69
69
69
66_66
49
49
69
66_69
66
49
69
69
49
64
49
64
67
67
49
81_81
66_66
67_67
64
49
49
64
57
66
49
66
64_64_69
49
64
57
49
49
64
69
66
62
50_50
62_66
66
47
47
50
62
50
62
66
47
47
69
78
49_49
78
69
78
49_49
78
69
69
74_78
50
78
50
74
79_79
52
50
52
50_74_78
78
52
79
74
79
52
49
76
69
76
49
69
76
76
49
49_69
69
49_76
69
76
69
49
50
78
49
78
50
49
76
76
69
69
78
78
50
47_50
75
71
47_71
75
47
75
75
71
47_71
47
71
75
47
75
71
81_81
47
71
71
80
75
71_80
75
47
71
73
71
73
59
71
81
81
80
80
59
73
81
75
73
81
75
83
59
59
83
66
66
75
76
75_76
85
83
59
85
59
66
83
66
76
85
76
78
85
78_81
81
59
78
81
81
78
59
71_81
71
47
63
59_81
63
83
83
71_71
81
81
63
63
83
47
83
59
80
80
75
75
75_80
80
75
64
64
52_80_80
59
71
68
68
76_76
64
64
52
59
80
80
71
68
71
78
71
78
68
76
52
76
71
71
52
78
78
80
80
76
76
52
71
40
71
81
81
78
80
78
80
76
52
76
71_71
40
78_81
78_83
81
83
74
74
52_83
74
83
74
52
76
74
74
68_76
52
68
52
76
76
76
74
74
76
68
68
52
52
76
76
80
73
73
80
73
73
80
80
69
73
73
57_64
64
69
73
69
69
57
73
69
73
64
64
73
69
69
73_76
69
71
71
57
76
73
57
71
76
76
71
73
81
57
73
64
76
45
64_69_81
81
45
74
83
74
57
73_73
81
45_76
83
81
45
64
64
69
81
83
74
74
79
83
76_76
79
57
79
76
76
79
57
69
79
69
76_79
79
61
45
57_57
69
64
81
69
69
45
81
79
61
79
76
79
57
64
69
57
81
73
78
73
81
78
78
73_78
73
62
62
78
57
78
50_69_78
50
74
69
66
66
62
74
62
74
78
50
78
78
74
50
57
69_69
69
69
78
74
66
66
78
74
50
78
69
78
69
50
74
83
74
47
83
74
83
76
85
76
85
74_83
47
83
74
74
83
76
76
62
62
85
73
81_85
47
73
47
81
81
73
62
73
81
62
47
47
64
49
64
73
81
49
81
73
76
81
64
74
64_83
49
49_74
81
83
73
81
76_81
73
74_83
71
59
50_71_83
50_80
74
71
71
80
80
59
71
71
50
50
80
71
52
64
80
64
52
71
80
76
80
73
81
52_73
71
80
71
80
81
80
52
76
64
73
73
74
50
83
81
74
64_81
83
74
50
74_83
83
85
76
49
76_85
76
85
86
78
49_76
85
78
86
76
85
85
76
86
64
78
49_74
86
83
64
78
49
74
74
83
83
64
74
49_64
49
83
66
50
83
66_74
83
50
78
74
83
66
85
76
83
66
50
74
76
83
85
50
78
83
74
85
76
81
61
73
76
52_85
52
81
73
73
81
73
61
81
73
52
52
73
81
73
81
78
66
54
66
54
73_81
74
73
81
81
78
54
74
81
66
54
73
81
76
74
81
74
76
81
76
66
81
76
81
81
78
78
50
78_81
50
79
78_81
78
79
50
78
50
81
81
79
69
76
79
69
81
81
76
76
81
76
69
69_81
73
76
73
76
81
81
49
76
49_81
78
73
73
76
78
49
76
49
76
81
81
81
78
78
74
66
74
81
66
81
74
81
74
81
66
66
74
81
81
74
66
66_74
81
47
47
83
83
50
47_74
50_74_81
66
81_81
74
66
47
83
81
54_74
71
81
71
74
54
50
83
50
81
81
74
54
71_74
71
54
74
71
80
71
80
74
59
76
59
80
81
81
80
61_71
80
61
71
74
74_80
59
59
76
81
81
74_78
71
61_78
61
57_71_74
57
78
78
74
57
57
74
71
71
74
78
78
71
74
57
71
81
57
78
80
80
59
59
78
78
57
57
74
71
81
71
74
80
78
80
59
59
74
56
76
56_76
71
71_74
76_76
74
74
56_56
71_71
71_74
74
76
56
71
76_76_83
56
71
71
68
68
74
76
71
71
74
76
56
68
71
73
69_73
68
76
69
76
71
76
69
73_73
56
69
76
74
76
74
71
71
76
76
76
74
73
73
71
76
74
71
76_76
76
73
73
73
69
76
73
52_69
52
73_76
69
69
76
73
52_52
76
74
71
76
49_74
71
49
76
83
73
69
85
69_73
49
49_74
74
71
76
71
85
76
69
86
71
73
52_68_69_73
68_71_76
52
86
76
71
76
71
52_68
52
68
76
73
69
85
69
45
76
73
45
76
76
76
76
85
81
76
73
69
45
69
76
45_73
81
76
76
74
80
47
64
81_83
47_81
64_76
74
80
74_80_83
47
64
64_76
47
74
80
49_76
64
76_81
81
49
64
76
81
64
76
81
49
76
76
76_76
49_64
81
81
76
69
50_83
78
76
69
78
69_69
50
78
69
83
78
69_78
69
78
69
50
50
64
69
81
76
73
52
52
69
64
73
80
81
81
80
76
71
52
80
64
52_69
64
71
73
81
69
73
80
71
68
69
81
71
64
69
76
40
68
40_64
81
68_69
76
69
64_68
64
40
40
69
64
81
45
61_69
45
76
69
64
45_69
45
64
69
61
61
64
69
61
64
69
69
64
61_81
76
69
69
45
45
69
64
69
64_73
64
61
69
69
73
64
62
71
68
62
71
68
62_68
71
66
71
74
62
71
68
74
66
64
69
71
73
64
69
73
64
69
45_73
45
81
76
69
45
45
64
69
45
69
64_73
73
69
76
45
81
73
64_69
73
64
69
76
73
73
64
69
76
73
74
68
71
74
68
71
74
68
71
78
71_74
74
68
78
74
73
76
69
73
76
69
45
73
45_76
69
45
45
73
69
45
76
69
76
73
76
69
69
45_69
73
69_76
69_76
69
73
76
69
76
69
76
79
79
76
69_69
69
73
76
76
79_79
76
76
74
69
74_78
78
69
74
69
78
74
78
69
74
69
78
78
74
69
78
81
74_78
81
74
78
69_78
69
81
78
78
81
79
76
76
69
79
79
69
76
76
69
79
69
76
69
79
79
76
69
83
79
69
76
69
76_79_83
81
45
73
73
81
45_69
69
81
45_69_73_81
69
73
45
76
49_76_81
69
81
69
76
49_81
69
45
83
83
76
49
76
81
45_76
69
81
81
69
49
69
83
83
79
73
69
79
73
52
69
52
79
79
69
73
69
73
52_52
76_79
69
69
49
69_79
79
49
69
45
69
81
69
69
81
49
49_79
79
76_79
45
69
69
69
81
81
78
73
69_73_78
69
45
45
78
78
69
73
69
73
45_45
78
78
69
74
74
74
69_78
69
50
50
50
74
78
74
69
69
78
50
78
69
74
69_74
66
69_74
50
66
74
50_66_69
69_74
66
69
66
66
74
69_74
74_74_78
78
69
74
66_69
69
66
74
78
69
78
74
74
69
76
76
67
69
73
69_76
76
67
73
69
69_76
69_76
67_73
76
79
79
71
69
69_76
76
67
76
73
79
79
71_76
76
74
78
78
69
74
69
78
74
78
69
69_74
78
69
74
78
69
50
74
50
50
50
69
78
69_74
78
69
74
50
78
74
50
69
78
74
69
74_78
78
69_81
78
74
81
78
73
76
79
73
76
79
73
79
76
79_79_83
76
73
83
79
74
78
81
78
74
81
50
78
74
81
50
50
50
74
78
81
62_69
66
50
50
66
62
69
62
66
69
69
72
66
69
62
69
72
71
62
67
71
67
62
62
71
67
74
71
67
71
62
74
71
62
72
69
62_69
72
69
62
72
76
69
72
62
62
50
66_74
66
62
50
76
74
62
66_74
66
62
50
74
50
74
62
54_69
54
62
78
69
81
74
74
50
69
76
50_69
76
74
74
54
54
74_78
81
62
62
76
76
66
66
62
57_57_72_72
62
62_72
72
66
66
62
57
57
62
62
72
62
74_78_81
54
54_62
50
72
74
62
62
50_54
54_74
72
72_74
78_81
62
62
74
66
74
50
66
71
62
50_62
71
71
71
66
50_62
66
62
50
67
71
71_79
62_62_67_74
43
50
43
83
67
50
67
67
43
43
62
67
62_71
74
71
79
83
66
60
69
69
55_60
66
55_67
67
66
55
60
66
60
55
69
62
71
67
62
69
55
71
55
67
67_73
57_73
57_71_71
67
55
62
55
62
57
57
73
73
66
74
69
66
69
74
54
54
74
66_69
69
54
74
54_66
66
74
66
69
74
54
54_69
71
55
66
66
71
55
69
69
54
54
71
55
71
55
59
68_71
52
68
52
68
52
52
68_71
59
68
71
52_59
52_68
74
69
54
74
54
73
71
69
68
73
59
68
52
52
69
73
71
56_71
64
64
71
56_71
54_69
73
54
64
71
71
71
64
56
56
71
69
64
57_57_64
73
73
69
74_74
59
59
73
57
69_73
69
64
64
57
59_59
74
74
67
76
71
67
55_71_76
55
76
55_67
71
55_76
71
67
67
71
55
55_76
67
71
76
73
67
57
57
55
55
71
73
71
67
73
57
57
61_73
70
70
73
54
54
70
61
70
54
54
73
61
70
73
70
54
54
76
76
71
56
71
56
61
74
70
74
70
54_73
54
74
71
73
74
58_66
66
73
73
56_58
71_73
56
73
66
66
58
73
58
73
73
66
59_71
66
59_71_74
74
61
76
59_61_76
59_74
71
66_74
66_71
76
76
61_61
57
69
69
78
73
78
57
73
57
73
69_78
69
57
78
73
69
57
73
69
78
78
57
73
74
59
59_74
57
57
69
73
69
73
74
59
59
74
74
71
62
56
71
56
71
74
62
56
71
56
74
71
62
56
71
56
78
73
78
58
58_73
56
71
76
74
71_76
56
62
58
74
58
68
59
73
59_74_76
74
68
74
73_76
74
68
74
68
59
59
74
68
73
74
76
61_61
73
76
68
76_78
62
62
78
68
73
76
61
68
61
73
62
78
62
78
59_79
79
74
59
71_74
71
59_59
74
74
79
79
71
71
59_59_74
71
79
74
71
79
76
61
59
61
76
59
74
74
71
71
76
61
61_76
58
73
73
64
58
76
58
73
73
58
64
76
73
58_73
58_64
76
79
79
73
76
73
64
58
58
66
66
66_66
78
66
66
66
66
66
78
66_66
66
66
66
66
66
66
78
66
79
66
66
66
78
66
66
66
79
66
66
66
66
66_66
76
76
66
66
66
66
66
66
66
66
66
66_66
66
76
78
66
76
66
66
66
66
66
78
66_74
66
66_66
66
66
74
66
66_66
66
66
66
66
66_74
66
59
66_66
66
76
74
66
66
66
66
66
66
59
78
54_54
71
76
54
54
71
78
54
54
79
71
71
62
81
79
73
54
62_71
54_71
81
54_73
54
78
69
78
54_69
54
54
54
78
66
69
74
79
54_71
78
54_69
66
74
79
71
54_76
54
68
76
68
54
54
76
54
54
54_71
68
74
54
70
54_76
68
74
71
54
70_71
66
42_76
42
66
76
42
42
71
42
70
73
73
42
70
66
76
70
78
74
76
73
42
66_70
73
42
78
74
42
66
71
74
42
71
74
66
42
42
42
74
66
71
42_71
66
74
42_73
76
42_71
74
74
66_66_71
73
76
42
42
66
70
73
42
42_73
70
66
70
76
73
42
42
73
70
66
71
71
74_74
42
66
73
70
73
42_70
76
74
71
71
52
52
73
70
70_73
76
73
74
52_73
70_73
52
73
70
76
50
50
70_73
70_78
73
78
70
50
50_70_73
79
79
78
78
73
79
79
71
55
55
71
71
71
76
76
71
76
71_76
71
55
55
71
71
71
49
64_76
49
64_76
78
78
76
76
71
49
64
49_71
64
78
78
70
54
66
54
66_74
74
70
54
74
66_74
70
66
54_70
66
47
74
66_71
74
71
47
50
71
71
47
47
74
71
74
71
66
66
54
54
73
73
50
71
71
54
54
73
73
74
59_71
74
59
66
66
71
76
76
61
66_74
61
59
74
59
71
71
66
76
76
61
61
57
57
72
72
57
72
72
57
66
57
57_75
75
72
72
66
59
74_74
59
66
57
75
72
66_72_75
57
59
74
74
59
55
71
55
71
55
71
55
71
76
71
55
55_76
67
71
67
55
52
52
67
55_71
71_76
71
67
71
76
71
54
54
71
69
52
52
69
71
71
71
69
71
54
69
54
55
55
76
71
71
76
57
57
55
55
76
72
72
71
71
76
57
57
72
72
69
75
71
54
54
71
69
75
69
54
54
69
75
71
71
75
73
69_76
54_69
73
54
76
71
55_71_73
55_69
76
69
54
54
73
76
71
55
71
55
67
78
52
75
52_67
75
78
52
67_78
52_67
75
75
78
79
52
67
76
52
67
76
79
81
76
67_76_79
81
52
52
79
81
67
81
50
71
71
78
50
71
71
78
78
71_71
50
71
50
78
71
49_73
76
70
49_73
70
76
73
78
76
73
70
70
49
76
78
49
78
52
78
52
67
71
74
67
71
74
74
52
67
52
67
74
71
71
46
73
67_73
46_73
67
73
74
46
73
73_73
67
46_74
73
67
74
74
49
71
76
67
76
49_67
71
71
49
67
71
76
76
67
49
76
42
73
66
73
76
42
66
76
74
74
76
66_73
68_73
66
68
74
73
68
74
68_76
76
70_73
70
76
73
70_76
70
73
66
73
70
42_66
73
70
42
66
74
66_70
74
73
70
73
74
74
76
71
55
64
64_71
76
55
71
71
64
55
76
76
64
55
66_71_74
54
71_74
54
66
66
73_74
54
73_74
54_71
71
66
73
61
73
70_79
52
70_79
52
73
79
61_70_70
52
52_79
73
62
71_78
50
71
66_78
50
62_71
76
71
76
66
50
78
50_78
47
66_74
71
76
76
74
47
71
66
47
66
71
74
71
74
47
66
73
64
52
67
73
67
52
64
74
73
66
54
52_74
66
64
67
54
52
73
67
64
74
74
54
71
66
66
54_64
55
64_71
64
64
55
71
64
64
71
55
64
64
55
66
64
66
54
66
64
54
61
66_71
62
64
71
54
66
66
59
54
61
64
71
71
70
59
61
62
70
42
64
61_66
42
70
70
61
66
64
42
61
42
71
62
59
62
47
47
66_71
64
61
59
62
64
71
61
66
62
66
47_78
62
66
62
78
47
78
62
66
67
64
62
66
78
67
64
61
78
64
61
64
78
61
78
64
62
66
61
64
78
62
66
59
62
59
62
59
62
61
59
64
62
61
64
62
66
66
66
66
62
66
66
66
66
66
66
62_66
66
64
67
62
66_66
66
66
67
64
61
66
64
66
66
61
66
64
66
66
61
66
64
66
66
62
66
61
64
62_66
66
66
66
59
62
59
62
59
62
71
59
74
59
59
59_74
78
59
74
62
59
59_71
60
60
59
74
71
59
60
60
78
57_57
71
57_57
71_78
75
78
75
57
71
57
71
75
59
57
78
57_59
71
75
71
59
59
71
55
55
71
55
55
71
71
55
83
71
55
57_78
57
76
55
55
59
76_76
59
75
57
57
76
59
59
75
60
76
60
76
71
76
62
62
78
78
60_76_83
60
76
76
62
78
62
78
79
79
59
59
64
74
74
59
79
64
59
79
76
59_79
59
64_67
74
79
76
60
59_60
76
74
59
79
64
67
76
60_72
60
72
57
64
57
72
57
64
72
57
84
64
57
57
72
84
72
64
57
79
57
81
81
72
69
57
69
78
57
72
78
69
72
57
69
72
57
78
78
69
72
57
69_78
72
57
78
71
71_72
69
79
79
57
69
57_78
78
71
72
71
79
79
57
72
67
76
57_76
72
67
67
76
57
76
57
72
72
67
57
72
76
67
67
57
72
76
78
69
69
76_78
76
67
72
67_72
57
57
78_78
69
69
57
75
72
66
72
66
75
57
66
75
75
57
57
72_72
66
57
71
75
66
75
57_66
71
57
54
57
54
71
66
75
54
66
75
55
55
54
55_55
57_71
57
71
75
78
83
66
57_66
57
71
75
78
66
66
55_55
71
55
55
71
57
78
57
75_83
66
71
57
55
55
57
75
78
71
83
55
54
55
54
71
54
54
71
55
55
71
55
52
66
52
67
55
83
52
67
54
54
71_75
52
69
54
54
75
69
55
55
71_76
67
64
71
64
64
72
55
64
55
71
67
71
64
64
72
70
54
54_72
70
72
54
54
76
71
71
55
71
67
55
69
54
54
55
71
71
55
67_71
76
69
54
52
67
54
52
72
52
67
52
72
54
54
66
69
50
50
54
78
54
76
50_52
52_66
50
78_79
52_52
79
54
54
74_81
69
69
81
62
62
54
54
74
69
81
62
62
52
52_67
52
67
52
74
54
54_69
66
66
62
52
52
54
66
54
69
66
74
52
52
50
50
71
50
50
71
52
52
71
48
48
62
52
64
52
64
81
50
71
50
48_48
71
66
50
50
71
66
72_79
52
52
67
67
72
60
60_69
52
72
52_67
67
79
60
60
69
50
66
50_66
66
50
50
66
52
72
67
52
64_67
64
52
50
66
50
64
52_67
72
67
64
50
50
48
66
64
48
69
48
64
48
69
81
66
74
50
50
66
62
81
66
72
74
62_66
50
50
62
62
62_74
62
62
62
62_62
62
62
74
62
62
62
62
62
74
62
62
62
62
76
62_74
62
62
62
76
62
62
62
62
72
62
62
62
62_62
72
62
62
62
62
62
62
62_72
62
62_62
74
62
62
72
62
62
62
62
74
71
62_62
62
62_62
62
62_71
62
62
62
62
62
71
62
62_62
50_62
62
62
72
62
71
62
62
62
62
62
50
74
67
72
50
50
50
50_67
50
50
74
76
50_67
67
50
71
50
50_78
69
67
76
67
50
50
71
78
69
66
74
50
50
50
66
74
50
50
50
66
71
74
50_50_67
50
50
67
50
76
66
74
50_71
67
67
76
64
72
50_50
50
64
72
50
50_50
71
50_64
72
67
50
50
50
50
66
71
64
67
72
50
62_67
66
62
38
62
50_72
38
62
38_62
62
50
72
38
67
62
69
38
62
69
50_66_72
62
62
38
66
50
71
74
62
38
69
62_72
69
62
66
38
66
62
71
71
74
38_62
62
67
50_62
38
71
62
67
50_62
38_62
38
71
71
50_67
38
62
67
38_62
62
62
62
50
72
38_69_71
62
71
62
38_62_67
67
62
62
72
69
38_69
38
66
62
50_62
62
69
38
66
50
62
38
62
62
72
38
69
69
66
38_66
62
50
62
62_62
71
67_67
71
72
38
69
66
50
69
38
66
62
62
62
62
67
71
48_69
67
69
48
72
69
66
62
71
69
69
69
66
48
48
62_72
47
47
74
69
74
69
66
62
76
76
47
66
69
74
69
47_74
62
76
76
67
52_67
72_72
52
64
67
72
67
67_72
52_64
67
52
67
67_72
45
72
64
45
60
74
74
72
67
67
45_72
45
60
64
74
74
66
50_71
71
66
62
50
62
71
71
50
66
62_62
66
50
67
71
71
43
67
43_62
62
43
67
67
43
67
71
71
62
67
62
50
67
50_69
69
67
50
50
69
69
55
71
55_74
71
62_74
62
57
72
55
57_72
55
71
74
71
74
62
57
62
57
72
72
54_69
54
69
54
69
54
69
54
54_69
74
74
66
66_69
71
55
55
71
69
54
54
69
66
66
74
74
55
55
67
71
71
52
52
67
52
52
67
67
67
52_74
59
52
69
74
67
48
48
52
67
59_64
64
69
52
74
67_74
48
64
67
50_50
65
48_65
64
67
67
50
65
65
67
50
52_67
72
52
67
72
69
53
52_53
72
69
52
67
72
67
53
69
53
69
71
65
50
50
67
65
71
67
50_50
65
65
71
71
67
67
72
50_50_65
69
65
69
72
67
52_72
52
50_67
50
65
65
69
69_72
67
52
67
71
52_74
64
48
64_71
48
74
64
74
48
64
48
71_71_74
64_72
76
48
48_72
76
64
72
77
72
64
77
76
76
64
48_48
77
77
67
74
59
47
67
47
74
67
74
67
47_74
59
47_67
67
45
60
67
66
45_72
72
69
66
67
67
66
45
74
72
74
45_66
66
60
72
67
69
66
74
71
74
64
48
67
48
67
71
64
71
64
48_71
67
48
64
67
69
64
42
42
69_69
69
64
71
69
71
64_69
42_42
69
69
64
71
67_71
45_67
45
64_72
72
64
67
67
45
72
45
72
64
74
64
66
74
36
57
36
66
62
74
67
57_59_74
66
67
64
66
62
67
59
69
64_69
69
60
67
69
66
69
69
60_69
69
66
62
62_62
36_69
36
66
69
62
71
62
67
69
62_71
69
66
71
71
55_67
52
72
72
52
69
67
67
67
67
52
52_55_69
72
72
50
62
50
67
71
71
67
62
62
69
69
71
71
67
67
50
50
62
69
69
66
48
66
57
69_76
48_76
66
66
69_76
76
48
57
48
47
67
67
62
47_74_74
71
47
48_62
76
48
76
67
47_71
67
74_74
48
76
72
48
78
72
69
69
50
50
78
76
72
72
50
69
69
50
78
78
67_79
71_71
52_52
67
79
81
72
72
52
71
67
52
79_81
71
67
79
81
72
72
81
69
78
48
48
69
69
78
69
69_78
69
48
69
48_78
69
71
71_79
62
50_50
79
62
69
69_71
78
71
79
78
71
79
69
71
50
69
79
78_78_79
50_69
62
69
71_78
71
62
78
79
79
69
69
38
78
71_71_78
62
38
79
62
79
71
38
71
62
38
79_79
62
71
62
43_79
71
79
43
62
43
71
62
43_79
43
43
79
62
71
62
62
62
62
59
62
62
62
59
62
62
62
47_62_67
74
62
59
62
60_64
62
47
59
74
62
62_62
62
67
60
64
57
62_62
62
60
57
60
62
62
62
50
74
57_62
62_78
62
60
69
59
62
57
62
78
50_69
60
74
62
62
55
59_62
59_62
62
62
55
59
62
62
62
55
62_71
59
74
79
62
55
62
60
57
55
71
55
62
62
59
62_79
74
57
62
62
59
62
60
62
59
62
62
62
62
62_62
74
67
59_62
74
62
47
60
64
59
74
62
62_74
62
47_62
67
60
64
62
62
62
57
60
62
57_60
62
62
62
62
62
50_60
62
69
78
57
62
59_62
60
57
50_62
62
78
62
69
59
62
62
62
59
62
55
59_62
55_62
62
62
62
79
59
62
71
43
62
55
66
62
62
62
43
71
79
62
59
55
66
67
67
67
60
57
69
60
67
57
69
65
43
65
43
65
62
43
59
67
62
65
43
59
67
64
43
64
43
55
64
48
60
67
55_64
48
60
69
67
69
69
62
59
71
69
62
59
71
67
45
67
45
64
67
45
61
69
64
67
45
61
69
45
66
66
45
66
50
57
62
69
66
62
57
50
71
69
71
61
71
64
72
64
71
61
72
47
69
47_69
66
63
47
69
66
71
47
69
63
71
67
47
67
47
59
67
64
52
69
59
64
67
52
71
67
64
69
67
71
64
67_71
64
69
66
67
64
69
66
66
62
66
62
62
66
64
62_67
66
64
67
61
64
61
64
61
64
63
66
61
64
67
64
66
71
63
64
67_69
69
66
67_71
66
69
69
71
67
64
67
64
67
72
64
67
66
64
69
67
66
69
66
63
63
66
66
63
72
66
63
66
67
66
63
67
69
63
71
59
63
78
69
59
63
78
67
63
67
63
69
47
63
69
67
63
47
67
66
63
66
63
68
62
71
62_64
68
66
62
64
62
66
71
62
68
52
76
71
68
62
52
76
62
66
62
66
68
62_76
40
66
62
68
40
66
64
62
64
62
69
61
76
64
61
66
61
64
61
66
67
61
57
76
67
57
61
76
66
61
61
66
67
61
45
66
67
61
45
66
61
64
61
64
60
66
69
66
60
62
60
64
62
60
64
69
66
60
50
74
66
69
60
50
74
64
60
60
64
66_74
60
38
64
66
60
38
64
62
60
60
62
67
59
74
66
59
67
59
67
66
59
67
59
74
69
55
66
69
59
55
66
59
67
59
67
59
62
43
66
62
59
43
66
59
67
59
67
58_76
76
66
58
67
58_66
58
67
69
58
55
66
69
55
58
58
66
67
58
67
58
64
43
66
58
43
64
66
58
67
58
74
67
74
57
70
45
73
69
74
70
57
74
73
73
57
69
74
67
74
73
57
67
73
74
57
74
67
73
73
74
74
73
65
57
67
73
74
73
74
65
57
64
73
74
57
73_74
64
57
73
74
64
74
73
73_74
65
57
74
64
74
71
65
73
57_67
73
71
67
57
73
65
74
56
65
62
71
74
56
71
64
73
56
62
56
73
64
74
65
56
76
67
65
74
56
76
67
73
64
56
73
64
56
74
65
56
73
64
65_74
56
73
64_71
62
56
62
56
71
76
61
55
64
61
76
55
69
55
64
55
69
73
69
55
74
55
73
74
55
76
55
76
69
55
74
69
55
73
55
74
73
55
45
53
74
46
62
69
53
62
46
57
65
57
65
57
65
58
67
57
65
67
58
55
64
55
64
55
64
57
65
55
64
57
65
62
53
53
62
62
53
45
64
55
53
62
55
45
65
57
64
57
65
67
58
69
60
58
67
69
60
65
57
57
65
57_65
58
57_67
65
58
67
56_64
56
64
56
64
74
71
64
56
73
44
71
44
73
74
44
71
76
74
44
76
73
44
73
44
74
44
73
44
74
71
73
44
44
71
73
45
74
45
73
71
45_76
61
69
74
61
45
69
76
78
45
61
69
79
45
61
71
78
69
79
67_71
76
45_61
67
76
45
61
76
67
45
61
78
45_69
76
67
61
69
78
61_74
45
66
74
61_66
45
74
66
47
62
47
69
66
62
66
66
69
67
64
40
67
64
40
42
69
62
74
42
62
67
69
71
62
43
66
71
67
62
43
71
57
66
45
69
64_71
69_71
69
45
57
64_71
74
69
67
45
57
73_74
67
45
57_73
66
57
38
74
78
74
38
78
57
81
81
66
81
81
66
81
74
81
66
83
81
74
83
81
83
83
79
79
79
79
69
73_79
79
81
69
73
79
81
79
81
78
81
78
78
78
62
78
74
78
64
73
79
62_74
79
78
78
73
64
66
74
62
79
81
81
62
66_74
79
62_66
74
62
66
74
81
81
66
62
74_83
83
62
74
66
74
64
84
66
84
74
62_64
66_83_83
62
64
84
64
84
60
69
81
66
81
60
66
69
60
60_81
81
69
69
66_66
66
69_81
60
81
60_69
66
69
66
83
69
62
60_62_81_83
81
60_66
62
83_83
62
59
79
59
79
62
74
74
62
59
79
59
79
74
74
62
62
79
59
59
67
74_79
67_74
79
61
79
61
67_76_76
67
74
59
59
74
76
61
62_62
79
61_74
76
71
71_74_79
74
79
71
79
71
74
62
62
64
64
79
73
73
79
67
67
74
66
66_69_74
69
64_73
64
79
73_79
67_67
74
66
74
66
62
71
62_71_71
69
71
79
69
79
62_62_71
71
71
79
71
79
64
62_62
64_71
79
71
79
64
64
64
64_73
71
71
62
73
62_79
79
73
64_64
73
69_79
61
64_69_79
61_64
61
79
61
69_79
64
64
69
69_79
61_69
79
61_64
64
61_76_76
61
69
69
79
79
81
78
78_81
61
64
61
76
76
64
61
81
81
61
78
78
76
79
79
76
61
61
81
76
76_81
79
79
61
61
81
81
78
73
78
69
73
69
61
61
78
78
69
61
73
73
61
69
79
69
79
64
64_69
61
61
69
78
69
61_78
79
61_79
64
64
78
78
69
76
69
69_76
61
69
61
69
69
76_76
69
69
61
61
78
62
78
62_62
69
69
62
62_62
66
71_74
71
66
74
62
62
69
69_78
78
66
71
67_76
66_73
73
71
57_67
76
74
57
74
57
67
73
57_76
67
73
76
74
78
74
78
69
69
57
57
69_74_79
74
59
79
59
78
69_78
57
57
59
79
79
59
76
76
73
55
73_76
76
55
76
76
73_76
55
76
55
73
73
64
64_73
76
55_76
55
73
64
73
57
64_78
57
76_78
55
55
76
78
57
57
78
69
66
66
74
54
69_74
54
66
69
74
66
54
69
74
54
66
69
66
74
54
54
69
74
74
71
56
71
56
66_69
54_66
69
54
74
56
71
57_69
74
66
56
57
69
66_71
74
69
74
66
69
66
57
74
59
68
74
57_62_62
59
68
74
59_61_69
74
62_64
69
68
64
62
61
68
59
61
69_74
69
57
61
66
64
64_66
66
66
74
57
57
66
74
66
57
66
74
66
74
66
57
66
57
59
71_74
74
59_68
71
57_68
59
66
57_74
66
59
59
68
74
68
59
64
56
74
64
71
56
74
71
64
64
56
74
71
56
71
74
64
74
56
71
56
64
71
74
56_74
71
56
71
64
74
64
73
56
73
56
71
71
71
56
56
73
71
74
73
74
56_56
83
74
83
56
56_74
83
76
73
64
73
56
83
76
56
64
64
64
56_73
76
56
73
76
71
74
56_64
74
71
64
56
56
73
64
71
64_71_74
73
74
56
71
73
71
56_64
71
73
56
71
64
71
64
71
56
64
56
71
71
73
57
69
64
57
73
69
64
57_69
57
73
69
73
69
71
55
55
69
71
69
64_69
55
71
64
55
72
54
71
54
72
81
72
54
72
54
81
81
74
71
62
54
81
74
71
62
54
74
71
62
54
62
74
69
54
72
71
62
54
72
69
62
54
69
71
72
62
54
71
72
62_69
54
71
69
54
69
62
69
54
62_69_71
69
69
54
62
54
62
69
69
71
55_67
62
71
67
55_62
71
52
67
52
55_62
62
71
67
55
54
83
52
52
54
83
83
83
54
54
55
73
83
55
64
73_83
64
57
73
84
55
57
55
64_83_84
83
64_73
57
84
57
84
54
81
54
81
81
54
54
81
54
75
54
81
66
75
81
66
55
54_55
54_83
75
66
83
81
75
66
81
55
55
83
83
52
52_79
79
79
52
52
79
79
59_76
52
76
52
79
71
76
52_79
76
59
52
76
71
79
76
78
64
76_76
76
78
76
64
76
78
76
80
40
76
64
78
71_80
71
76
81
80
64
81
78
78
71_76
40
71
80
76
78
83
81
78
74
83
74
81
64
83
74
74
83
64
76
52
68_74_76
74
68
64
76
76
52
68_74
76
68_76
64
74
76
76
80
73
73
80
73
73_80
80
69
73
69
57
73
64
64
69
69
57_73
73
69
64_64
69
73
73
76
71
76
71
73
57_69
69
73
57
71
71
76
76
73
73
57_81
81
64
45
45_76
81
69_76
74
57
74
73_83
83
73
45
64_76
76_81
81
81
45
69
83
76
74
74
76
83
79
57
79
76
76
79
57
79
69
69
57
79
57
79
64
69
45
76_79
73
69
69
81
45
79
81
57
64
57
73
76_79
79
81
69
73
78
78_81
73
78
73
73
78
62
62
78
62
69
50
62_78
74
78
69
66
66
50
74
62
74
62_78
69
62
62
74
78
78
69
76
66
69_69
62
66_74_76
74
62_69
69_76
76
78
62_74
78
38_69
74
69
74
78
79
78
62
79
76
76
69
74
74
38
69
74_78
78
76
76
79
81
62
72
72
81
79
72
72
81
62
81
74
50
72
72
62
66_78
74
66
81
74_74
74
72
62
72
50_66
66
78
74_81
74
74
78
71
78
71
71
78
71
78
67
55
71
62
71
62
67
79_83
71
67
67
67_71
83
67
71
71
79
55
62
62
74
71_71
55_67
71
67
74
71
71
71
55
74
79
74
52
76
79
76
79
76
81
52
78
78
76
81
79
76
76_79
81
79
78
81
78
74_74
67
52_78
52
67
78
74
74
78
67
52
67
52
78
78
54
74
69_74
78
54
69
78
74
69_79
69_76
76
74
54
74_78
54
78
79
74
78
79
76
76
76
73_73
55
64
64
79
55
76
76
73
73
64
55
76
64
55
73
76
73
76
69
57
57_69
69
76
78
74
74
57
73
73
76
76
69
69
78
69
57
76
74
79
76_78
76
74
55
78
79
76
79
55_76
81
78
78
79
81
54
78
81
83
79_81
54
79
81
78_78
78
83
79_81
83
79
69
54
79
76
76
83
54
69
79
79
76
76
69
54
69
79
54
55
76_79
71
79
76
55
71
76
79
71
78
81
76
55
79
71
55_78
76
76_79
81
78_79
78
81
74
57_66
78
74
81
66
57
78
74
74
66
78
57
66
78
57
78
59
74
71_78
74
71
59
78
74
59
79
59
71_78
74_78
79
71
74
78
81
74
79
81
79
81
83
83
55
76
81
83
55
84
83
83
84
76
55
83
55
84
84
81
73
64
64_73
81
81
73
73
81
64
64
81
73
66
69
73
78
54_81_81
54
83
81
69
66
73
83
54_73_78_81
81
54
83
79
83
75
66
79
71_75
79
71_75
79
66
75
79
76
76_79
52
79
71
59
83
52
55
79
79
76
71_76
79
59_83
52
55
52
59
79
71
55
76_76
71
79
79
76
59
55
71
79
59
71
76
76
76_79
79
59
79
71_76
64
79
76_79
71
76
64
71
66
76
71
64
79
76
66
64
79
66
66
62
71
79
76
71
62
76
79
62
71
71
62_76
79
76
79
71
79
62
62_76
71
76
79
64
71
79
62
64_76
62
71
76
64
64_79
61
61_71
76_79
71
76
79
61
61
76
71
79
71_76
79
69
79
76
61
69
61
79
76
76
76
73
69
69
69
79
76
76
79
73
76
76
79
61
61
73
69
76
73
76
78
76
69
74
69
74
74
69
78
78
45
74
69
74
74
78
69
69
78
45
78
79
69
69
76_76
69
79
76
79
45
69
76
45_88
69
79
76
73
69
69_81
79_81
73
76
79
69
88
73
73_81
81
78
57
74
69_69_74
57_69
78
78
74
45
74
74
69_78
69_78
45_57_74
69
78
57
79
54
69
54_69_76
69
76_79
79
45_76
45
54
78
69
69
74
74_78
54_69
74_79_79
78
76
76
76
79
78_78
74
74
76
57_69
74
69_73
78
73
57
76_76
69
73
45
57
76
69_73
69
73
76
69
57_73
45
76
50
78
69_74_74
50
78
69_78
74
69
50
74_74_81
78
69
69
81
69
81
50
50
78
74
50
78
81
81
81
79
73
79
69
69
69
52_73
52_76_79
79
73
69
69
79
69
76
73
52
79
52
74
81
81
74
66
54_69_69
74
81
54
66
74
81
81
69
74_81
69
54
74
54
67
62
67_71_83
50
55_74
71_74
55_74
62
67_71
74
83
50
74
67
71
55
55_74
76
69
69
64
64
69_69
57
74
45_57_69
45
57_69
76
74
64
64
69
69_69_69
57
64
64_69_76
45_45_69
69
73_81
45
73
69
64
76
81
69
69
45
45
45
64
73
73
74
50_74
50
50_66_69_74
66
69
69
78
50
50
50
66_74
66_74
69
69
74
69
78
54
57
54
57
74
54_78
69_69_74
57
78
55
59
74
57
74
54
69_78
78
69
55
59
52
55
52
55
81
52_76
81
55_76
73
73
54
52
57
81_81
76
55
76
73_73
54
57
50
54
50
54
50_86
54_78_86
81
78
69
50_78_81
74
86
55
81
69
52
78
50
78_86
54
50
81
55
74
78
52
57
54
57
54
78
74
57
54
69_69_78
74
59
55
78
74
69
69_74_78
54_57
55_59
55
52
55
52
81
76
52
81
55
73
73_76
57
54
52
81_81
73
55
76
73_76
57
54
54
50
54
50
66
78
66
69
81
69
50
50_74
74
86
54
50
66
69
69
78
69
78
69
78
54
81
69
66
74
74
78_86
73
73
69
73
78
73
74
74
74
74
69
69
74
66
69
66
74
69
62_78
69_78
50
74
69
69
74
69
74
50
50
52
52
74
69
52
52
54_54
54
54
50
50
66
69
69
50_66
50
62_62
60_69
60
69
78
76
78
76
76
74
76
74
74
76_81
74
74
76
76
81
74
76_78_81
74
78
78
76
78
81
76
74
76
76
78
78
78
74
78
69
78
74
74
78
69
74
62
66
69_81
74
81
78
74
78
74
78
74
60
60
59
78
59
74
59
59
60
60
60_60
57
57
72
69
72
57_69
57
63
74
63
66
66_72
81
81
79
79
79
79
78
78
78_78
66
79
72
79
72
66_79
79
81
72
66_81
81
81
79
79
72
66
79
79
81
81
81
81
78
69
78
72
78
72
69
78
78
71
71
71
72
66
63
63
61
61
71
71
61
61
59
59
59
59
81
78
61_66
61
81
78
61
61
81_81
66
78
83
63
63_63
83
63
71
63
61
61
78
83
83
63
61_61
78
63
63
63
63
59
59
78
78
71
75
78
71
78
71
78
78
59
59_71
75
64
64_78
76
71
78
76
71
76
64
64
76
64
64
78
79
78
79
66
59
64_64
59
66
59
59
66
66
59_67
59
67
67
69
67
69
59
59
69
71
69
71
71
73
55
55
71_73
73
55
55
74
73
55
55
74
74
73
74
73
55
55
73
73
71
71
71
73
71
52
73
52
73
73
52
52
74
74
52
52
74
71_74
71
52
52
71
71
76
76
76
76
71
71
45
45
45
71
45_71
71
45_73
73
45_71
79
79
45
45
69_69
61
79
69
79
69
57
61
62_71
57
71
78
57
57
78
71
71
57
62_73
64
57_73
76
73
73
76
66
64
74_74_74
57
57
74
74
66_67_73_74
76
76
73
76
67
76
71
64
52
78
78
52
52
71
78_78
64
52
69_79
69
52
79
52
69
71
79
79
71
78
69
78
52
52_71
78
73_78
71
73
73
76
76
73
76
73
74
69
78
49_74
49
76
78
74
49_78
49
69
74
78
79
76
49_76
49_69
79
79
79
76
74
74_76
76
76
49
49
69
74
74
76
76
76
76
81
81
76
81
81
76
73
73_76
45
73
45
85
76
45
76_81
73
73
85
76
81
76
73_76
45
45
74
45_78
69
74
50
86
50
73
78
50_78
81
78
81
50
50
81
74
50
74
74
76
45
66_69
45
69
45_66
45
76
78
45
45_69
66
86
78
81
78
78
79
76
66_69
45
45
79
76
81
78
78
81
69
83
74
42
74
42
42
74_83
69
42_74
84
74
42
74
69_81
42
78
84
83
42
42
83
81
81
66
81_83
38
38
66
81
83
38
38
66
84
81
38
38
84
81
66
81
38
38
81
86
86
62
42
42
81
78
74
81
50
78
42
62
42
81
78
50_74_81
78
67
43
74
43
83
83
50
62
74
74
78
50
43
43
47
47
78
74
47
78
47
74
47
78
74
47
62
83
74
81
78
74
79
47
47
79
81
81
72
52
52_78
75
52
72
78
52
75
52
71
74
52
76_79
67
52
52
55
76
55_67
55
76
55
67
76
55
55
67
83
76
81
67
55
55
81
83
83
71
52_79
71
52
79
45_76
76
79
45_71_76_79
52_71
52
76
76
64
81
81
49
49
76
45
69_71
76
45
49_49
73
45
45
76
73
45
45
76
73
45
45_76
81
76
69
79
78
73
76
45
45
78
79
79
49
49_69_73
76
49
49
69
73
76
64
50
69
50
78
76
62
78
81
81
81
86
86
69_78
85_86
85_86
78
85
69
85
78
74
83
83
83
83
81
74_81
78
62
69
81
81
79
79
69
79
74
78
74
69_78
50_78_79
74
69
69
74
50
74
74
78
69
78_78
71
76
76
50
79
79
71
79
76
69
76
50
50
50
50
49
76_79
49
50
76
76
71
49
76
79
71
49_50
79
50
50
50
50
50
71
76
47_79
50
76
76_79_79
76
47
71
50
71_76
79
79_79
47
76
76_76
47
71
76
45_69_79
79
49_69_79
69
76
76
49
45
76
69_76
69
76
69
49
49_79
79
79
78
78
78
76
78
76
76
78
78
76
81
76_81
81
45_73
45_73_76_76
64
45_69
69
45_81
69
64_73
73_76
69
45
81
81
45
76
76
76
76
76
76
50
50_74_78
69
69
78
62_78
69
74
50
50
69
74
74
69
78
78
78
66
69
66
69
66
74
69
74
74
69
66
66
69
66
74
74
74
69
62
66
62
66
71
71
62
66
50
50
62
69
50
50
50
50
52
52
52
52
71
54
54_62
71
54_54
62
71
55
62
55
55
55
54
54
71
62
54
54
55
55
55
55
67
52_64
52
67
52
52
64
64
64
50
50
71
66
71
62
71
71
71
71
49_73_73
50
49
50
73
67
73
64
74
74
67
64
74
74
67
64_76
76
76
76
74
74
64
64
67
64
74
49_74
49
76
76
76
64
67
64_73
76
47
47_67
73
73
67
73
64
64
67
47
47
66
66
66
46
46
66
61
66
66_66
46_66
46
66
66
61
76_76
76
76
70
42
70
66
74
42
66_74
42
70
70
42
66
74
74
66
73
73
73
73
47_47_71
66_73
73
66
71
66_71
73
74
73
74
66
71
66
71
66
71
74
74
73
73
66
71
73
73
74
74
74
74
66
62
71
71
66
62
71
71
62
62
69
69_71
66
47
47
45
45
45
47
45
47
67_69
67
69
47
47
49_62
49
66
49
49_62
66
50
50
59
66
50
50
49
49
49
66
49
59
50
50
50
50
47
47
59_62
47
47
59_62
49
49
57
62_64
62
67
67
66
66
49
49
66
66
67
67
67
67
45
64
64_67
45
64
64
67
45
45_64
64
62
50
66_66
50
66
66
57
50
62
64_66
50
66
57
64
62_67
52
67
52_67
61
62
64_67
52
52
67
67
57
62_62_66
61_62
69
69
54
54
66
69
62
54
54
62_62
69
71_71
62
55
67
55_62
62
71
67
71
55
55
62
62
62
73
67_73
64
52_64
67
52
73
52
67
67
52
64_64
73
74
69
74
66_69
66
50
50
74
69
66_69
74
50
66
50_69
64
69
45_73
64
61
45
73
74
69
61
74
76
76
61
73
67
61
73
67
61
69
67
64
62
61
67
62
64
64
57
64
61
57
64
61
57
61
67
64
69
69
71
71
73
73
69
73
64
73
69
64
73
76
67
67
66
73
67
66
67
45
45
67
64
69
45
45
73
64
45
45
69
73
66
66
45
45
57
61_69
76
74
74
76
76
57
69
73
69
73
57
69
62
74
66
64
62
69
64
66
66
62
66
57
66
62
57
69
62
66
66
69
74
73
73
74
74
69
66_74
69_74
66
74
78
69
69
67
74
67_69
69
45
69
66
45
45
69
74
45
66
45
69
74
45_67
45_62
70_73
45
66
78
76
76
78
78
74
67
70
70
74
67
70
61_76
67
66
61
70
66
67
67
64
67
64
64
64
67
64_67
70
70
73
76
74
74
76
76
67
73
76
67
76
73
73
76
79
70
69
76
73
69
70
45
45
70
67
45_45
73
76
45
45_67
73
76
69
45
45
69
64
74
67
79
77
77
79
79
61
67
76
61
67
76
62
65
77
69
74
69
67
67
69
69
65
74
69
65
69
74
67
65
71
67
62
77
76
76
77
77
62
65
74
62
65
74
61
64
76
71
67
67
65
65
67
45
45
67
64
45
45
73
67
45
45
64
73
67
65
45
45
69
61
65
64
76
74
74
76
76
64
57
73
64_73
57
62
74
57
65
74
73
64
57
73
62
64
74
65
74
65
62_71
65
62
62
65
71
62_66
69
72
65
72
69
45
45
47
47
47
47
45
45
45
45
69
43
43
62
43_43
69
62
42
42_62
69
42
42
40
40
69
62
40
40
42
42
42
42
38
38
66_74
38
38
66
74
47
47
66
74
72
72
71
71
69
71
66
66
71_74
72
72
72
72
69
66
69
62
69
72
66
62
69
69
69_72
67
71
62
67_71
71
71
67
62
67
71
71
64
67
73
61_73
64
73
73
64
67
64
61
66
66
74
74
59
66
47
47
48
48
66
66
48
66
48
47_47
47
47
45
45
66
62
62
45_45
66
62
43
62
43
64_71
64
43
43
42
42
64
64
42
42
59_71
43
74
74
43
43
43
40
40
71
67
67
71
76
76
40
40
71
67
67
71
49_76
76
49_76
69
69
69
76
69
49
76
49
69
69
76
69
69
45_73
46_69
73
69
79
69
79
81
76
45
69
73
69_73
81
45
79
69_79
46_76
74
50
74
69
50
69
45
81
78
62_78
78
50
50_74
50_69_69
74
78
50_62
81
78
78
76
71
67
67
43_76
43_71_79_83
62
50
71_76
76
67
71_83
43
67_79
43
62
50
71
45
74
45
66
69
81
74
45_71
78
66
69
71
69
71
64_73
74
66
73_74
45
64
76
66
78
71
69_71
69
64
74
66_73
73
74
76
66
78
64_71
69_69_71
66
64
74
73
71
74
69
64_73
69_78
66_71
76
69
66
74
64_69
81
45_73_74
71_71_73
76
78
66
45
64
64_73
66
69_71_74
45_73
64_74_76
78
66
69
66
74
69
71_73
64_74_78
73
45_64_66_76
71
73
64_74
73
76
78
66
74
64
71
45_66
45_81
69
45
79
81
79_81
45
69
79
69
73
73_81
64
64_76
45
45
66
74
74
66_69
79
78
69
69
74
66
45
74
66_78
74
69
69
74
45
66
74
66
38
50_69_74_78
38
69
74
69
50
69
69
66_69
74
74
38
66
78
74
38
