62
62
74
69_78
69
50
74
78
50
78
62_62
69
74
78
74
61
69
61_76
50
76
50_76
61
61
76
59
50
78
59
78
74
62
62
74
78
59
59
50
78
62
74
79
47
79
47
74
47
47
62
50
45
62_74
71
74
45
79
50
79
45
45
62
78
78
74
78
78
76
76
43
43
76
74
76
74
43
74
43
71
74
74
74
69
81
62
42
74
42
50
81
74_81
81
74
69
62
50
42
42
74
69
54
66
69
66
54_66
50_69
74_74
50
74
54
78
69
66
74
69
54
50
78
50
69
74
81
78
74
50_52
52
81
50
78
52_74
52
66
69
74
50
66
50_69
76
74
66
69
76
50_69
66
50
78
78
55
67
62
71
55
55
55
62
67
69
64
71
42
42
73
42
69
42_64
73
40_66
69
73
40
40
67
69
71
40
66
73
67
71
73
69
66
38
38
38
71_74
66
73
69
38
71
74
73_76
64
45
45
64
76
73
45
45
69
49_69
73
64_69
64
49
49
49
64
69
73
47
76
73
47
69
47_76
47
69
73
45
81
76
45
73
45_69
81
73
45
69
64
76
43
64
64
43
71
71
43
43
64
64_73
73
66
74
42
69
42
73
42
74
42
66
69
73
74
68
47_62
47
74
47
78
62
68
47
78
49
64
49_69_76
49
49
74
76
69
64
73
50
69
74
50
78
73
50
71
78
50
69
71
44_74
44
83
78
74
83
78
44
44
56
64_74
56
74
71
74
76
64
56
74
71
80
56
71
76
80
71
76
83
54
74
54_80
54
74
83
80
74
54
76
74
52
52
76
68
73
52_52
73
68
76
74
74
76
61
61
69
73
76
73
61_61
69
73
73
74
62
69
54
54
54
54
69
62
74
64
73
52
52_69
73
52
52_69
64
69
69
71
64
40
68
40
71
40
40
64_68
64
45
45
69
69
69
64
73
69
64
73
76
69
73
69
76
73
81
73
76
45
69
69
64
45
73
76
81
62_69
78
74
69
62
74
50_78
78
50_62
78
74
69
62
61_76
69
74
76
50_61
76
76
61
50
61
78
62
59_78
59
62
74
50
74
78
78
59
50_59
62
74
47_79_79
47
62
74
47
47
71
74
45
62
74
45
50
79
79
50
45
45
62
78
78
74
78
78
76
43
43_76
76
76
74
43_74
74
71
43
74
74
74
62
50
69
74
81
42
81
42
74
81
62
50
74
69_81
42
42
66
69
69
66
50
54_74
74
54_66
69
74
50
69
74
66
74
54
50
69
78
54
50
74
69
78
78
81
50
74
52
52
50
78
52
74
69
52
81
66_74
66
76
50
50
66
69
69
74
76
69
50
78
66
50
78
71
55
67
55
62
55
55
62
67_69
71
42
64
42
73
69
42
42
64
73
69
40
73
40
66
67
40
40
71
69
73
66
67
71
69
73
38
66
38
71
38
74
73
66_69
38
71
74
73
76
64
45
45
64_76
73
45
45
69
64
64_69
49
49
69
73
49
49_64
69
73
73
76
69
47
47
69
73
47
76
47
76
81
45
73
45
45
73
69
45
76
69
81
64
43
64
43
71
64
71
64
64
43
43
73
73
66
69
74
42
42
73
42
42
74
69
66
73
74
62
47
68
47
74
47
68
78
62
47
78
64
49
69
76
49
49
64
74
49
76
69
73
69
74
50
78
50
73
50_78
69
71
50
71
74
78
44
83
44
83
74
44
78
44
56
76
74
56
71
74
64
74
56_71
74
64
56
80
76
71
80
76
71
54
83
54
80
74
76
74
80
54
54
74
83
74
52
68
52
76
73
52_68
52
74
76
73
74
76
73
69
61_61
76
73
73
61
61
69
73
74
62
69
54
54
54
69
54
74
62
52
64
73
52
69
73
52
52
64
69
69
69
69
40
71
64
40
68
69
69
68
40
71
40
64
68
69
68
45_45
64
69
69
69
64_73
69
64
73
73
76
69
69
76
73
76
81
45
73
69
45
69
76
81
73
64
64
45_73
45
69
73
64
74
45_71
69
45
74
76
71
69
57_57_73
76
74
69
57_71
57
73
76
74
73
57
57
71
64
76
81
57
76
57
73
64
81
76
73
76
57
69
57
76
74
71
57
69
57
73
74
71
73
69
45
64
45
74
73
69_71
64
45
45
71_74
76
73
69
57
57
73
76
69
57
57
69
64
55
73
55_69
57
64
76
73
73
55_69
69
64
55
76
69
73_81
73
76
54
54
69
57
81
54
54
76
64
73
61_74
66
52
52
76
66
61
52
67
74
52
76
78
67
62
50_69
50
78
76
62
50
50
69
78
74
66
47
76
47
78
83
74
47_66
47
83
78
50
71
74
50
78
76
71
50
73
50
74
76
74
66
71
73
54
54
74
76
54
73
66
54
71
76
73
78
74
66
59
59
66_78
74
59_59
71
66
45_62
74
45_66_71
78
74
71_71_74
45_45
66
78
74
83
71
43
78
74
43
71
43
62
66
83
74
78
43
42
66
75
83
42
83
66
81
42
42
75
81
79
76
59
40
40
76
59
79
40
40
67
52
52_73
73
67
64
64
73
76
52
73
67
52
67
64
76
73
79
76
50_67
50
73
64
67
76
79
50
50
73
73
67
64
74
49_49
74
64
76
67
49
49
76
66
61
54_70
54
61
66
70
54
54
42_70
73
76
42
73
70
66
70
70_70
42
73
42
66
73
73
70
44
44
76
73
66
70
44
70
73
44
73
76
76
66
78
46
61
73
46
78
79
61
46
46
79
78
38
62
38
78
74
62
38
38
73
74
76
43
71
64
43
76
64
43
43
74
42
42
66
42
74
71
66
42
71
71
73
54
70
54
64
73
70
54
54_64
59
71
66
59
62
59
59
54
54
74
66
71
71_74_78
54
71_74
54
66
78
74
71
50
78
83
74
50
66
62_71
58
50
78
50
58
83
74
54
59
62
54
66
59
54
66
61
62
54
64
64
61
47
66
62
47
59
47
66
47
59
67
59
59
59
67
59
62
57
64
67
57
61
66
57
67
57
66
55
64
55
55
64
55_62
61
64
54
62
54
62_69
66
62
54
71
69
67
54
66
71
67
72
69
62
42
42_62
69
72
69_72
78
69
62
72
42
42
72
69
78
81
40_72
40_78
81
78
72
40
40
71
66
62
38
38
69
72
62
71
69
66
38
62
38
69
71
43
62_67
43
43
43
71
67
54
64
73
69
62
54
54
64
69
54
73
52
73
66
69
52
52
71
67
66
69
52
73
71
67
73
50_69
66
50
74
73
71
66
69
50
50
74
71
76
64
73
57
57
76
64
73
57
57
49
61
64
64
69
69
69
49
49
64_73
47
61_69
49
69
64
47
47
73
64
47
69
69_76
45
73
45
45
69_76
45
73
78
69
43
43
73
69
69
64
78_79
43
69
43
73
79
81
42
69
74
42
79
74
81
42
42
69
79
81
62
81
54
54
81
84
54
62
54
81
83
84
79
62
55_55
83
81
78
55
79
55
62
81
79
76
69
57
57
78
57
78
57
76
79
74
69
78
74_76
73
69
55_55
78
69_74_76
55
73
55
78
74
79
76
52
73
69
64
52
61
73
76
73
69
52
69
52
64
73
76
69
76
79
73
49
49
76
73
61
79
49
49
79
76
78
81
73_73
45
45
69_78
69_78
81
45
78
69
45
78
76_81
73
78_83
79
73
45
79_83
69
45
45
69_81
69
83
79
76
83
45
79
78
74
69
81
74
50
50
78
69_81
50
78
78
50
81
78
74
74
78
78
50
81
69
74
50
78
74
71
79
55
71_76
55_64
69
79
71
76
79
76
71
71
55
76
71
64_79
55
66
69
66
57
57
74
78
78
69
69
57
69
66_78
69
66
69
74
78
57
74
74
67
45_69_69_76
45_67
76
69
69_73
45
69_76
45
45
69_76
69
67
69
45
69
67_73
45
69
45
66
50
50_50_69
66
66_69
74
74
69
74
50
50
50
54
54
54
54
57
57
57
57
62
62
74
66
69
66_74
74
69
69
66
62
62
64
45
45
69
73
71
45
64
45
73
74
69
71
74
69
73
57
76
57
57
71_74
76
57
69
73
74
64_76
73
71
57_57
57
76
81
76
57
73
64
76
76
57_73_81
69
57
76
74
57
57_71
69
73
74
73
64
71
45
45
69
73
74
69
71
64
45
45
74
71
73_76
69
57
57
73
76
69
57
57
55
64
69
57
55
69
64
73
73_76
55_69
69
73
55
64
73_76
69
76
54
73
54
81
69
54
57_76
54
73
81
64
52
66
74
61
52
52
67
76
66
61
52
74
76
67
50_69
78
62
50
78
76
50
69
50
62
74
78
47
66
47
76
78
83
74
47
47
66
83
78
71
74
50_50
78
76
73
50
74
71
50
74
71
66_76
54
73
54
74
76
73
54
66
71
54
76
73
74
59
78
66
59
78
66
74
59
59
66
45
71
45_74
66
62
71
74
71
78
66
74
45_71
45
74
71
78
83
78
43
74
43
66
71
78
43
43
74_83
62
42
42
66
75
83
83
42
42_66
81
75
81
59
40
79
40_76
79
59
76
40
40
52
52_73
64
67
73
64
67
52
52
73
67
73
76
64
67
76
73
67
50
50
76
73
79
64
67
50
79
73
76
50
73
74
49_64
67
49
74
76
64
49
49
67
76
70
61
66
54
54
61
54
70
66
54
76
42
73
42_70
73
70
66
70
42
73_73
70
42
66_70
70
73
66
70
44
76
44
73
73
70
44
44
76
66
76
73
78
46_73
61
46
78
79
46
46
61
79
78
62
38
38
78
74
38
62
38
73
74
76
43
43
64
71
43
43
64
76
74
42
42
66
74
71
42
42
66
71
71
54
73
70
54_64
54
54_73
64
70
71
66
59
59_62
59
59
54
54
71
66_74
54
71
78
74
71_74
54
66
74_78
71
50
78
83
50
74
62
71
66
50
50
83
78
74
54
66
59
62
54
54
54
62
59
66
64
61
64
61
47
66
47
59_62
47
47
66
59
67
59
59
59
59
67
62
57_67
57_61
64
66
67
57
57
66
64
55
55
64
55
62
55
61
64
62
62_69
54
66
54
62
69
66
71
67
54
54
71
67
72
69
42
42
62
62
69
72
72
78
69
69
72
42_62
42
72
78
69
40
81
40
78
72
81
78
72
40
40
71
38
38
62_62_66
72
69
71
38
38_69
66
62
69
43
71
43
62
67
43
43
67
71
64_73
69
62
54
54
54
54
64
69
73
52
52_69
73
66
71
67
52_69
52
73
66
67
71
69_73
50_50
66
71
69_74
73
50
66
50
74
71
73
76
64
57_57
64_73
76
57
57
49_49
64
69
61
69
69
64
49
49
47_64
47
69
73
61
64
69
47
47
64
69
73
69
45
73
45
76
73
45
45_76
69
43
43
73
69_78
69
64
69
43
43_78
79
73
69
79
81
74
42_42
69
79
42_81
74
42
69
79
81
81
54
54
62
81
84
54
54
62
81
84
83
55
55
62_79
83
81
78
55
55
79
62
81
79
69_76
57
57
78
57
78
57
76
79
69
74
78
76
73
74
55
69
55
69
76
78
74
55
55
73
78
74
79
52
76
52
64
61
69_73
76
73
52
69
52
73
69
64
76
73
69
76
79
73
49
49
76
73
61
49
49
79
76
79
69
78
81
73
73
45_78
78
45_81
69
45
78
45
69
81_81
78
79
78
79
45_73
83
76
83
69_69
45
45
79
73
69
79
83
83
76
45
78
50_78
69
81
74
50_78
81
74
69
50
78
78
74
78
50_50
81_81
74
78
50
69
74
78
74
69
76
71
71_71
55_76_79
64
55
79
79
76
55
76
71
64
55
71_79
71
66
66
57
57_69
69
78
74
78
69
78
74
69
69
66
57_74
69_78
57
66
74
67
45_69_76
45
67
69
73
76
69
69
45
69
76
45
69
69
67_76
45
45
69
67
73
69
45
69
45
50
69
66
66
50
69_74
74
69
66
50
74
50
50
50
54
54
54
54
57
57
57
57
62
62
74
69
66_69
66
62
62
66
74
74
69
59
74
71
47
78
71
47
58
59
74
78
58
59
73
59
66
76
61
59
66_66
62
66_71
73
61
74
76
64
64
64
66
66
62
66
62
62
64
59
64
62
64
64
64
62_64
62
62
59
66
66
57
59
66
64_64
64
74
66
71
55
57
66
67
52_76
55
66_73
54
66
67
76
52
73
52
54
52
54
54
66
74
71
56
54
66
58
66_73
70
74
66
71
56
64
64
64
66
66
66
62
62
62
64
56
64
64
58
64
64
64
62
62_62
66
66
56
54
66
54
64
64
64_73
66
70
52
54
50
76
70
49
52
79
66
66
66
49
70
49
50
79
49
76
71
50
74
50
78
49
50
50
71
67
49
50
78
52_74_76
73
52
52
50
67
52
54
66
73
71
76
54_74
52
54
54
66
52
50
66
42
70
74
71
73
42
49
50
66
49
47
73
70
66
47
71
74
47
47
66
66
74
66
54_66
54
64
70
71
73
64
64
64
66
66
66
62
54_62
62
64_71
74
66
73
64
70
54
64
64
64
64
64
62
62
62
66
66_71
74
62_66
66
64
59
64_66_71
64
59
71
59
66
62
59
62
66
66
74
61_71
47_66
62
66
66
71
74
59
47
61
59
58
54
71
66
74
59
58
66
66
66
59
76
61
71
64_74
64
64_73
66
66
66
62
62
64
62
64
64
58
61
64
64
64
62
62
62
58
66
66_66
54_64_64
64
54
76
73
66
56
54
66
58
56
66
58_66
73_73
66_73
66
58
73
54
58
54
59
66
73
59
73
61
59
66
66
66
62
61
71
74
64
64
73
73
64
66
66
66
62
62
62_62
64
61
64
64
64
64
64
62
62
62
66
66
66
59_61
64
64_74
64
66
59
57
59
71
55
71
74
57_78
66
47
66
71
74
66
78
54
55
47
54
71
74
52
78
52
54
52
64
64
64
79
54_78
55
62
62
62
61
64
61
55
64_64
61_62
52
62_62
62
61_62
62
61
52
61
64
57_64
64
62
62
62
79
74
71
52
59
57
73
69
45_59
61
64_76
64
69
64
73
61
57
76
45
57
62
73
69
76
50
62
64
62
62
62_66
64
74
78
61_76
61
73
61
62
62
62
59
59
64
61
61_61
59
66
61
61
61
59
59
64
59
62_62
62
61
62
61_61
78
74
61
50
69
62
59
74
78
62
61
81
62
62
62
74
78
57_59
81
62
57
74
56
56
81
76
57
56
62
62
59
62
76
57
78
83
61_61
81
62
61
62
59
59
62
61
61
59
56
59
61
61
61
61
59
59
59_62
62
56
61
62
53
61
61
56
83
74
54
78
53
61_80
56
54_73_77
62
62
77
56
73
80
62
61
53
53
57
73_80
77
57
57
59
61
61
61
61
78
59_80
77
85
59
59
59
61
57_61
61
57
59
57_59
59
59
61
59
59
59
57
57
57
59
61
61
61
57
59_59
59
57
85
73
56
78
57
54
56
73_80
83
53
61
61
61
83
54
53
80
53
73
53
54
54_73
78
81
54
54
78
81
73
74
50_50
69
80
80
50
50_78
69
74
78
80
47
71_74
47
80
47
71
47
74
49
73
77
68
49
49
77
68
49
73
42
42
78
70_73
61
61
61
59_59
59
61_61
61
58
58_58
59
59_59
59
59
59
58
58_58
61_61
61
59
59
59
78
70
73
42
42
47
59_78
71
74
61
61
61
71
78
74
58
47_59
58
59
66
59
76
73
61
59
66
62
66
66
74
71
73
61
76
64
64
64
66
66
62
66
62
59
64
62
64
62
64
64
64
64
62
62
62
66
59_66
66
57
64
64
64
59
74
66
71
55
57
67
73
76
54
52
55
66
66
66
67_73
76
52
52
54
52
66
71
74
54
54
56
54
66
66
66
58
70
64
56_71
73
74
64
66
64
62
66
64
62_66
62
64
56
64
64
58
64
62
64
62
62
66
66
56
66
64
54_64
64
54
73
66
70
52
54
50
76
70
49
52
79
66
66
66
49
49_70
76
50
49
79
71
78
50
74
50
49
50
50
71
50_67
49_76
78
73_74
52
52
50_52
52
67
54
66
76
54
73_74
71
52
54
54
66
52
50
66
73
42_70
71
74
49
50
42
66
73
49
70
47
66
47
71_74
47
47
66
71
66
54
66
73
54_64
74
70
66
64
64
64
66
66
62
66
54_62_71
54
70
62_66_74
73
64
64
64
64
64
64
64
62
62
71
62_66
66
74
62
66
59_66
64_66
71
64
59
64
59
71
59
66
62
62
66
71_74
47
61
62
66
66
66
71
66
74
59
47
61
59
54
58_66
71
74
59
58
66
66
66_76
74
61
71
59
64_73
64
64
66
62
66
66
62
58_62
64
64
61
64
64
64
64
62
62
58
62
66
66
66
54
54
64_64
64
76
66
73
56
54
58
66
73
56
58
73
66
66
66
73
73
58_66
54
58
54
59
66
73
59
73
61
59
66
66
61_62
66
74
64_71
73
64
73
64
66
66
62
62
66
64
64
61
62
62
64
64
64
64
62
62
66
62
66
59
61
66
64
64
64
59
74
66
57
59
71
57
55
74
78
47_71
66
66
74
71
54
66
78
55
47
54
52
52
71_74
78
54
52
64
64
55_64
54
79
78
62
62
62
64
61
64
55
64
61_62
52_61
62
62
62
61_62
62
61
61
64
57
52
64
62
64
62
62
52
74
71
79
57
59
59_61
45
69_73_76
64
64
69
64
61
73
76
45_57
57
62
50
73
69
76
62_64
62
66
62
76
64
62_78
74
61
61
73
62
61
62
59
61
64
59
62
59
61
66
61
61
61
61
59
59
62_64
59
62
62
61
62
61
61
78
74
50_61
69
62
59
62
74
61
81
78
62
62
74
62
62
81
78
59
57
57
56
56
74
81
76
57
56
62
62
62
59
81
83
78
76
61
57_61
61
62
62
62
59
56_59_59_59
61
61_61
61
61
61
59
59_59_62
62
56
62
53_61
61
56
61
83
78
74
54
53
56_77
54_80
73
61
62
62
77
56
62_73
80
53
61
53
57
73_80
77
57
59
57
61
61
61
80
61
85
78
59
59
77
59
59
61
61
57
59
61
59
57
57
59
59
61
59
59
59
57
57
57
59
61
57
61
61
57
59
59
73
59
85
78
56
57
54
73
53
56
83
80
61
61
83
73
53
54
61
53
80
53
54
73
81
54
78
54
78
54
73
81
74
50
50
69
80
50
74
50
78
80
69
78
47
47
80
74
71
71
47
47
80
78
49
49_74
69
73
49
77
49
68
69
78
73
68
77
73
77
42
42
68
61
61
61_70
78
77
68
59
59
59
61
61
58_61
58
59
58
59
59
59
58_59
59
58
58
61
59
61_61
78
42
42
59
73
59
70
54
54
76
70
66
61
61
61
66
76
54_70
54
59_66
76
59_70
57
59
66
59
66_66
76
75
57
71
70
64
64
64
66_66
63
63
66
63
60
64
64
64
59
64_64
64
63
63
63
66_66
60
66
59
64
59_64_64
75
66
71
57
59
55
78
72
57
63
57
66
66
66
72
63_78
54
57
55
54
55
72
64
78
55
57
55
59
59
55
71
72
57
59_78
76
57
57
57
59
59
59
57
55_55
54_57
55
55
57
57
57
57
55
55
55
59
59
52
59
64
57
54_57
57
76
55
71
50
52
48
71
64
50
52
79
59
59
64
47
79
71
59
48
52
47
45
69
72
45
79
78
79
47
79
45
78
45
72
78
69
79
48
67
71
47
47
76
78
45
47
48
71_75
76
67
45
75
42
69
66
76
48
43
69
42_48
66_76
43
45
72
66
45_78
45
42
78
45
72
66
42
47
66
71_75
47
47
47
71
66
66
75
66
54
64
66
54
70
73
64
64
64
63
66
54
54_66
70
66
64
66
64
63_71
63
75
64
73
64
64
64
63_64
71
63_66
63
75
63
66
66
66
64_66
59_59
64
71
64
63
59
71
66
61
59
71
78
63
61
83
47
66
78
66
71
66
63
83
47
59
59
64
78
74
52
81
57
64
56
59
57
59
59
78
80
81
76
57
57
57
59
56
56
54
59
56
59
57
57
57
56
57
57
57
56
56
56
52
54
80
59
59
57
59
52
57
57_76
74
50
52
48
50_64
45
81
72
59
59
59_64
47
45
48
72
83
81
84
83
47_84
45
76
71
64
57
55
45
66
54_66
66
75
76
55
64_66
64
64_64
63_66
66
66
64
63
52_63
64
64
54
64
64
63
64
63
63
51
66
52
66
66
64
75
57
71
64
64
66
52
51
54
71
52
81
51
66
78
66
81
66
54
51
71
51
78
51
81
52
71
52
76
79
52_52
76
81
71
79
78
48
72
48
67
78
48
76
48
72
67
76
45
72
78
69
45
78
45
69
45
72
47
75
71
47
66
47
75
47
66
71
40
40
75
71
67
40
47
40
49
47
67_67
47
67
75
76
66
66
66
67_67
67
47
64
51
64
64
66
49
66
66
66
66
66
64
64
64
51
67
52_76
67
52
67
66
66
66
67
71
52
54
52
55
71
54
40
67
76
67
71
55
67
67
76
52
67
40
52
57
71
64
74
45
59
57
61
67
71
69
59_67
67
74
73
66
66
66
67
67
67
59_64
64
66
66
64
66
61
66
66
66
64
64
64
67
57
67
59
67
66
66
66
64
45
73
69
57
55
54
55
76
49
69
81
67
76
67
49
52_69
67
81
54
52
50
74
69
50
79
52
50
66
66
54
66
52
78
79
64
64
64
66
66
66
62
62
64
62
64
52
64
54
64
64
64
62
62
62
66
66
50
66
52
64
64
64
50
69
78
74
49
50
47
49
62
78
71
83
66
66
62
50
83
71
66
78
47
49
50
83
73
61
76
82
83
83
54
82
49
61
82
73
76
83
52
82
54
74
59
78
83
52
50
74_78
59
83
50
49
58
66
78
85
49
47
58
85
66_78
46
47
59
71_78
86
47
46
59
71
78
86
47
42
54
78
70
85
42
55
78
83
54
85
70
54
66
66_66
82
52_55_73
66
64
64
83
64
66
66
62_66
62
64
64
52
62
52
64
73
80
54
82
66
64
64
62
64
62
62
80
66
66
66
64
64
50
74
71
64
78
50_52
49
71_74
78
50
50
50
49
78
47
74_83
66
66
66
78
50
83
74
47
47
47
52
81
52
78
71
54
52
64
55
64
79
64
54
81
76
78
62
62
62
64
61
61
61_64
62_64
52
62
55
62
62
62
62
61
52
61
61
49_64
52_64
64
79
62
62
62
71
76
49
50
50
52
49
76
69
81
64
64
64
49
52_76
49
69
81
49
50
69_76
50
79
52
50
61
61
61
54
52_74
76
59
59
78
79
59
58
61
61
58
61
59
58
59
59
56
59
54
59_59
58
58
58
61
61
61
59
58
59
59
56
50
78
74
69
58_59
61
76
66
46
73
59
61
61_61
76
58
61
66
46
73
58
59
66
71
76
47
71
74
76
47
59
66
74
55
67
62
43
73
55
43
67
71
62
73
71
64
67
52
40_73
73
64
52
40
67
66
42
54
64
70
54
66_70
64
42
47
66
71
47_62
62_62
62
61
61
61
62_62
62
59
59
59
61
61
61
61_61
61
59_59
59
62
71
61_62
62
61
61
47
62_66
47
76
70
54
66
54
62
62
62
76
70
54
66
54
76
59
67
59
70
57
59
66
66
66
76
66
75
59_67
57
71
70
64
64
64
66
66
66
63
63
63
60_64
64
64
64
64
64
59
63
63
63
66
60
66
66
59_64
64
64
66
59
75
71
57
59
63
72
55_57
57
78
66
72
63
66
54_78
66
57
55
54
55
78
63
72
55
57
55
59
59_59
55
57_64
63
78
76
71
72
57
57
57
59
59
59
55_57
55
55
57
54
57
55
57
57_57
55
55
55
59
52
59
59
57_57
55
57
54
64
76
71
50
52
48
52
71
50
64
79
59
59
59
79
64
47
52
71
48
47
45_69
79
45
72
78
79
78
79
47
45
72
45
78
79
69
71
48
47_67
76
78
47
71
45
47
75
76
67
48
45
75
42_69
48
66
76
69
43
48
66
42
76
43
45
72
78
45
66
78
45
42
45_72
66
42
72
47
76
67
47
71
72
66
75
67
76
72
47_71
67
76
75
66
47
71
72
66
75
76
67
70
66
64
71
73
66
54_66
75
66
54
64
64
64
70
54
66_66
66
63
66
64_71
63
64
75
54_64
73
63
64
64
64
66
64
63
75
63
63_71
66
66
66
63
64
59
64
66_71
64
59
63
59
71
66
61
59
71
61_78
63
47
83
66
66
71
78
66
83
47
59
63
59
74
78
64
81
52
57
64
59
56
78
59
76
59
81
57_80
57
57
57
59
59
56
59
54
57
56
56
56
57
57
57
56
56_56
52
54
52
59
59
57_57_59
80
57
76
50
52
74
48
50
64_81
45
72
59
59
59
48
47
64
83
72
45
81
84
83
47
84
45
76
64
72
57
55
45
54
66
66
75
66
55_76
64
66
71
72
64
64
64
66
66
52
54
63
66
64
63
64
63
64
64
64
63
63
64
52
51
66
66
64
66
57
64
63
75
64
66
71
52
51
54
51
52
71
81
78
66
66
66
81
71
51
54
51
78
51
52
52
81
71
76
52
52
76
79
81
71
48
72
67_79
48
78
72
78
48
76
48
67
76
69
72
78
45
45
78
69
45
45
72
47
67
71
47
76
66
47_71
67
47
75
76
66
75
66_69
40
40
75
40
47
40
67
49
67
71
66
67
69_75
67
76
47
47
66
66
66
67
67
67
64
66
64
47
64
66
66
51
49
66
66_66
64
64
64
67
52
51_67_67
76
66
52
67
66
66
71
52
54
52
40
76
54_71
67
55
67
67
67
76
55
40
71
67
52
52
66
45
57
74
71
59
57
67
67
74
67
64
61
73
69
71
66
59
66
66
66
67_67
67
66
64_64
64_66
66
59
61
66_66
66
64
64
64
67_67
67
66
45_66
57
66
59
69
73
64
57
55
49
54
69
81
55
76
67
67
67
81
49
76
69
52
54
52
50
71
73
79
50
52
50
66
66
66
54
74
52_69
79
71
78
73
64
64
64
66
66
62_66
62
64
64
62_64
52
54
64
64
64
62
62_62
66
66
50
66
52
64_64
64
50
69
74
78
49
50
47
49
78
62
71_83
66
66
66
50
78
62
83
47
71
50
49
78
83
61
73
76
78
82
83
76_78
83
82
49_54
61
76
73_78
82
83
82
52_78
59
76
74
83
54
52
50
59_78
74
83
50
49
58_78
66
85
47
49
78
66
58_85
46
59
71
78
47
86
46
47
78
71
59
86
47
42
54
70
85
78
42
55
83
70
54
85
78
66
66
66
54
66
82
52
55
83
73
64
64
64
66
66
62
66
64
62
64
62_80
66
52_73
64
54
82
52
64
64
64
62
62
62
66_66
66_80
52
50
78
64_71
74
64
50_64
49
74
78
50
71
50
49
50
78
47_83
74
66
66
66
50_78
83
74
47
47
47
52
71
81
52
78
54
52
55
64
64
64
54_79_81
76
78
62
62
62
64
64
61
61
52
64
55
61
62_62
62
62
62
61
62
61
61
52
49
64
64
62_64
52_62_62
79
71
76
50
49
50
52
76
69
49
81
64
64_64
76
69
49
81
52
49
49
50
69
76
79
50
52
50
61
61
61
54
52
78
74
76
79
59
59
59
61
61
58
58
61
59
58
59
56
59
54
59
59
59
58
58
58
61
61
58
61
59
69
59_74
50
59
78
56
58
59
59
61
66
46
73
76
61
61
61
76
66
58_61
46
73
58
59
71
47_66
76
71
47
74
59
76
66
43
67
55
62
73_74
55
62_67
73
43
71
71
40
52
67
64
73
64
40
52
73
67
54
66
42
64
71
66
64
54
42
70
71
70
64
47
47
64
70
62
62
71
62
66
70
64
61_61
62
64
61
62
62
62
59
61
59
61
59
61
61
61
61
59
59
59
62_62
62
61
61
61
71
47
47
66
62
62
62
74
69_78
62_69
50
74
78
62_62
50
78
62_62
69
74
78
74
61
69
61_76
50
76
50_76
61
61
76
59
50
78
59
78
74
62
62
74
78
59
59
50
78
62
74
79
47
79
47
74
47
47
62
50
45
62_74
71
74
45
79
50
79
45
45
62
78
78
74
78
78
76
76
43
43
76
74
76
74
43
74
43
71
74
74
74
69
81
62
42
74
42
50
81
74_81
81
74
69
62
50
42
42
74
69
54
66
69
66
54_66
50_69
74_74
50
74
54
78
69
66
74
69
54
50
78
50
69
74
81
78
74
50_52
52
81
50
78
52_74
52
66
69
74
50
66
50_69
76
74
66
69
76
50_69
66
50
78
78
55
67
62
71
55
55
55
62
67
69
64
71
42
42
73
42
69
42_64
73
40_66
69
73
40
40
67
69
71
40
66
73
67
71
73
69
66
38
38
38
71_74
66
73
69
38
71
74
73_76
64
45
45
64
76
73
45
45
69
49_69
73
64_69
64
49
49
49
64
69
73
47
76
73
47
69
47_76
47
69
73
45
81
76
45
73
45_69
81
73
45
69
64
76
43
64
64
43
71
71
43
43
64
64_73
73
66
74
42
69
42
73
42
74
42
66
69
73
74
68
47_62
47
74
47
78
62
68
47
78
49
64
49_69_76
49
49
74
76
69
64
73
50
69
74
50
78
73
50
71
78
50
69
71
44_74
44
83
78
74
83
78
44
44
56
64_74
56
74
71
74
76
64
56
74
71
80
56
71
76
80
71
76
83
54
74
54_80
54
74
83
80
74
54
76
74
52
52
76
68
73
52_52
73
68
76
74
74
76
61
61
69
73
76
73
61_61
69
73
73
74
62
69
54
54
54
54
69
62
74
64
73
52
52_69
73
52
52_69
64
69
69
71
64
40
68
40
71
40
40
64_68
64
45
45
69
69
69
64
73
69
64
73
76
69
73
69
76
73
81
73
76
45
69
69
64
45
73
76
81
62_69
78
74
69
62
74
50_78
78
50_62
78
74
69
62
61_76
69
74
76
50_61
76
76
61
50
61
78
62
59_78
59
62
74
50
74
78
78
59
50_59
62
74
47_79_79
47
62
74
47
47
71
74
45
62
74
45
50
79
79
50
45
45
62
78
78
74
78
78
76
43
43_76
76
76
74
43_74
74
71
43
74
74
74
62
50
69
74
81
42
81
42
74
81
62
50
74
69_81
42
42
66
69
69
66
50
54_74
74
54_66
69
74
50
69
74
66
74
54
50
69
78
54
50
74
69
78
78
81
50
74
52
52
50
78
52
74
69
52
81
66_74
66
76
50
50
66
69
69
74
76
69
50
78
66
50
78
71
55
67
55
62
55
55
62
67_69
71
42
64
42
73
69
42
42
64
73
69
40
73
40
66
67
40
40
71
69
73
66
67
71
69
73
38
66
38
71
38
74
73
66_69
38
71
74
73
76
64
45
45
64_76
73
45
45
69
64
64_69
49
49
69
73
49
49_64
69
73
73
76
69
47
47
69
73
47
76
47
76
81
45
73
45
45
73
69
45
76
69
81
64
43
64
43
71
64
71
64
64
43
43
73
73
66
69
74
42
42
73
42
42
74
69
66
73
74
62
47
68
47
74
47
68
78
62
47
78
64
49
69
76
49
49
64
74
49
76
69
73
69
74
50
78
50
73
50_78
69
71
50
71
74
78
44
83
44
83
74
44
78
44
56
76
74
56
71
74
64
74
56_71
74
64
56
80
76
71
80
76
71
54
83
54
80
74
76
74
80
54
54
74
83
74
52
68
52
76
73
52_68
52
74
76
73
74
76
73
69
61_61
76
73
73
61
61
69
73
74
62
69
54
54
54
69
54
74
62
52
64
73
52
69
73
52
52
64
69
69
69
69
40
71
64
40
68
69
69
68
40
71
40
64
68
69
68
45_45
64
69
69
69
64_73
69
64
73
73
76
69
69
76
73
76
81
45
73
69
45
69
76
81
73
64
64
45_73
45
69
73
64
74
45_71
69
45
74
76
71
69
57_57_73
76
74
69
57_71
57
73
76
74
73
57
57
71
64
76
81
57
76
57
73
64
81
76
73
76
57
69
57
76
74
71
57
69
57
73
74
71
73
69
45
64
45
74
73
69_71
64
45
45
71_74
76
73
69
57
57
73
76
69
57
57
69
64
55
73
55_69
57
64
76
73
73
55_69
69
64
55
76
69
73_81
73
76
54
54
69
57
81
54
54
76
64
73
61_74
66
52
52
76
66
61
52
67
74
52
76
78
67
62
50_69
50
78
76
62
50
50
69
78
74
66
47
76
47
78
83
74
47_66
47
83
78
50
71
74
50
78
76
71
50
73
50
74
76
74
66
71
73
54
54
74
76
54
73
66
54
71
76
73
78
74
66
59
59
66_78
74
59_59
71
66
45_62
74
45_66_71
78
74
71_71_74
45_45
66
78
74
83
71
43
78
74
43
71
43
62
66
83
74
78
43
42
66
75
83
42
83
66
81
42
42
75
81
79
76
59
40
40
76
59
79
40
40
67
52
52_73
73
67
64
64
73
76
52
73
67
52
67
64
76
73
79
76
50_67
50
73
64
67
76
79
50
50
73
73
67
64
74
49_49
74
64
76
67
49
49
76
66
61
54_70
54
61
66
70
54
54
42_70
73
76
42
73
70
66
70
70_70
42
73
42
66
73
73
70
44
44
76
73
66
70
44
70
73
44
73
76
76
66
78
46
61
73
46
78
79
61
46
46
79
78
38
62
38
78
74
62
38
38
73
74
76
43
71
64
43
76
64
43
43
74
42
42
66
42
74
71
66
42
71
71
73
54
70
54
64
73
70
54
54_64
59
71
66
59
62
59
59
54
54
74
66
71
71_74_78
54
71_74
54
66
78
74
71
50
78
83
74
50
66
62_71
58
50
78
50
58
83
74
54
59
62
54
66
59
54
66
61
62
54
64
64
61
47
66
62
47
59
47
66
47
59
67
59
59
59
67
59
62
57
64
67
57
61
66
57
67
57
66
55
64
55
55
64
55_62
61
64
54
62
54
62_69
66
62
54
71
69
67
54
66
71
67
72
69
62
42
42_62
69
72
69_72
78
69
62
72
42
42
72
69
78
81
40_72
40_78
81
78
72
40
40
71
66
62
38
38
69
72
62
71
69
66
38
62
38
69
71
43
62_67
43
43
43
71
67
54
64
73
69
62
54
54
64
69
54
73
52
73
66
69
52
52
71
67
66
69
52
73
71
67
73
50_69
66
50
74
73
71
66
69
50
50
74
71
76
64
73
57
57
76
64
73
57
57
49
61
64
64
69
69
69
49
49
64_73
47
61_69
49
69
64
47
47
73
64
47
69
69_76
45
73
45
45
69_76
45
73
78
69
43
43
73
69
69
64
78_79
43
69
43
73
79
81
42
69
74
42
79
74
81
42
42
69
79
81
62
81
54
54
81
84
54
62
54
81
83
84
79
62
55_55
83
81
78
55
79
55
62
81
79
76
69
57
57
78
57
78
57
76
79
74
69
78
74_76
73
69
55_55
78
69_74_76
55
73
55
78
74
79
76
52
73
69
64
52
61
73
76
73
69
52
69
52
64
73
76
69
76
79
73
49
49
76
73
61
79
49
49
79
76
78
81
73_73
45
45
69_78
69_78
81
45
78
69
45
78
76_81
73
78_83
79
73
45
79_83
69
45
45
69_81
69
83
79
76
83
45
79
78
74
69
81
74
50
50
78
69_81
50
78
78
50
81
78
74
74
78
78
50
81
69
74
50
78
74
71
79
55
71_76
55_64
69
79
71
76
79
76
71
71
55
76
71
64_79
55
66
69
66
57
57
74
78
78
69
69
57
69
66_78
69
66
69
74
78
57
74
74
67
45_69_69_76
45_67
76
69
69_73
45
69_76
45
45
69_76
69
67
69
45
69
67_73
45
69
45
66
50
50_50_69
66
66_69
74
74
69
74
50
50
50
54
54
54
54
57
57
57
57
62
62
74
66
69
66_74
74
69
69
66
62
62
64
45
45
69
73
71
45
64
45
73
74
69
71
74
69
73
57
76
57
57
71_74
76
57
69
73
74
64_76
73
71
57_57
57
76
81
76
57
73
64
76
76
57_73_81
69
57
76
74
57
57_71
69
73
74
73
64
71
45
45
69
73
74
69
71
64
45
45
74
71
73_76
69
57
57
73
76
69
57
57
55
64
69
57
55
69
64
73
73_76
55_69
69
73
55
64
73_76
69
76
54
73
54
81
69
54
57_76
54
73
81
64
52
66
74
61
52
52
67
76
66
61
52
74
76
67
50_69
78
62
50
78
76
50
69
50
62
74
78
47
66
47
76
78
83
74
47
47
66
83
78
71
74
50_50
78
76
73
50
74
71
50
74
71
66_76
54
73
54
74
76
73
54
66
71
54
76
73
74
59
78
66
59
78
66
74
59
59
66
45
71
45_74
66
62
71
74
71
78
66
74
45_71
45
74
71
78
83
78
43
74
43
66
71
78
43
43
74_83
62
42
42
66
75
83
83
42
42_66
81
75
81
59
40
79
40_76
79
59
76
40
40
52
52_73
64
67
73
64
67
52
52
73
67
73
76
64
67
76
73
67
50
50
76
73
79
64
67
50
79
73
76
50
73
74
49_64
67
49
74
76
64
49
49
67
76
70
61
66
54
54
61
54
70
66
54
76
42
73
42_70
73
70
66
70
42
73_73
70
42
66_70
70
73
66
70
44
76
44
73
73
70
44
44
76
66
76
73
78
46_73
61
46
78
79
46
46
61
79
78
62
38
38
78
74
38
62
38
73
74
76
43
43
64
71
43
43
64
76
74
42
42
66
74
71
42
42
66
71
71
54
73
70
54_64
54
54_73
64
70
71
66
59
59_62
59
59
54
54
71
66_74
54
71
78
74
71_74
54
66
74_78
71
50
78
83
50
74
62
71
66
50
50
83
78
74
54
66
59
62
54
54
54
62
59
66
64
61
64
61
47
66
47
59_62
47
47
66
59
67
59
59
59
59
67
62
57_67
57_61
64
66
67
57
57
66
64
55
55
64
55
62
55
61
64
62
62_69
54
66
54
62
69
66
71
67
54
54
71
67
72
69
42
42
62
62
69
72
72
78
69
69
72
42_62
42
72
78
69
40
81
40
78
72
81
78
72
40
40
71
38
38
62_62_66
72
69
71
38
38_69
66
62
69
43
71
43
62
67
43
43
67
71
64_73
69
62
54
54
54
54
64
69
73
52
52_69
73
66
71
67
52_69
52
73
66
67
71
69_73
50_50
66
71
69_74
73
50
66
50
74
71
73
76
64
57_57
64_73
76
57
57
49_49
64
69
61
69
69
64
49
49
47_64
47
69
73
61
64
69
47
47
64
69
73
69
45
73
45
76
73
45
45_76
69
43
43
73
69_78
69
64
69
43
43_78
79
73
69
79
81
74
42_42
69
79
42_81
74
42
69
79
81
81
54
54
62
81
84
54
54
62
81
84
83
55
55
62_79
83
81
78
55
55
79
62
81
79
69_76
57
57
78
57
78
57
76
79
69
74
78
76
73
74
55
69
55
69
76
78
74
55
55
73
78
74
79
52
76
52
64
61
69_73
76
73
52
69
52
73
69
64
76
73
69
76
79
73
49
49
76
73
61
49
49
79
76
79
69
78
81
73
73
45_78
78
45_81
69
45
78
45
69
81_81
78
79
78
79
45_73
83
76
83
69_69
45
45
79
73
69
79
83
83
76
45
78
50_78
69
81
74
50_78
81
74
69
50
78
78
74
78
50_50
81_81
74
78
50
69
74
78
74
69
76
71
71_71
55_76_79
64
55
79
79
76
55
76
71
64
55
71_79
71
66
66
57
57_69
69
78
74
78
69
78
74
69
69
66
57_74
69_78
57
66
74
67
45_69_76
45
67
69
73
76
69
69
45
69
76
45
69
69
67_76
45
45
69
67
73
69
45
69
45
50
69
66
66
50
69_74
74
69
66
50
74
50
50
50
54
54
54
54
57
57
57
57
62
62
74
69
66_69
66
62
62
66
74
74
69
