74
59
71
74
66
73
70
73
74
64
71_74
66
71
70
73
62_73
64
62
71
61
73
66
66
59
58
61
66
66
73
59
58
59_76_76
61
70
61
62_74
71
74
61_76
70_76
73
62
64
74
74
71
64
66
73
74
66
66
61
59
66
66
66
74
61
59
78
78
62
71
61
74
71
76
78
62
78
76
73
74
76
74
76
59_73
66_78_78
66
78
76
79
78
79
74
59
79
79
76
59
78_78
74
54
73
76
76
78
74
78
76
76
71_73
74
74
59
54
71
74
74
78
78
74
74
78
73_78
61_76
70
76
70
74
71
76
74
76
73
61
74
71
73
74_76
58
66_76
66
74
78
58
78
73
76
76
74
78
73
58
78
76
76
54
71
74
74
76
76
73
71
70_73
74
74
73
58
54
73
73
70_76
73
76
73_76
76
59
66
74
74
71
70_73
71
64
74
73_74
66
62_64
70
71
73_73
62
71
61
66
73
66
59
58
61
66_66
73
59
58
76
76
59
61
61
70
74
62
71
74
76
76
61
70
62_64
71_73
74
74
64
73
66
74
66
66
61
59
66
66
74
66
61
59
71
61_66_78
78
62
71
76
76_78
78
66
62
76
76
73
78_78
64
58
73
79
78
64
79
78
58
79
79
78
62
78
74
59
74
78
61
62
78
59
61
62
62
71
71
55
62
62
59
71
71
55
59
64
67
73
73
52
73
67
73
64
52
70
66
61
70
54
70
70
66
54
61
66_71
71
62
47
71
66
62
71
47
74
71
74
66
59
70
71
73
64_74
73
74
66
71
70
64
62
73
73
71
73
62
61
66
66
59
58
61
73
66
59
66
58
59
70
76
76
61
61
71
74
70
62
74
76
76
61
73
74
71
64
74
62
74
64
73
66
66
66
61
59
66
74
66
61
66
59
61
62
78
78
74
71
76
76_78
73
62
78
71
74
76
76
74_78
73
78
66
59
79
76_78
66
78_79
59
74
76
79
79
74
78
78
59
54
73
74_76
76
78
78
71
73_76
76
74_74
71
54
59
74
74_78
74_78
74
78
73
76
78
61
70
76
71
70
74
76
74
61
73
76
74
71
76
73
76
58
66
74
58
74
78
66
73
78
76_76
74
78
76
73
78
76
54_58
74
76
71
74
76
73
71
70
73
74
73
74
54
73
58
73
70
73_76
76
73
76
76
71
74
66
74
59
64
70_71
74
73_74
73
66
70
62
71
64
73
73
62
71
61
66
73
66
59
58
61
66
66
59_73
58
76
59
76
61
61
70
62
74
71
74
76
70
61
76
73
71
62
64
74
74
73
64
74
66
66_66
61
59
66
74
61
66_66
59
61
62
78_78
66
71
71
76
62
78
76
78
66
76
76
64_73
78
78
58
73
79
79
64_78
58
78
79
79
78
74
62
78
59
74
78
61
59
62
78
61
62
62
71
71
55
62
62
71
59
71
55
59
64
67
73
73
52
67
73
73
52
64
66
70
54_70
61
70
54
66
61_70
66
71
62_71
47
71_71
66
62
47
71
75
78
78
71
76
79
79
78
78
75
71
78
78
75
79
79
76
71
76
73
76
78_78
75
76
73_78
75
71
76
78
71
78
78
75
76
79
79
71
79
79
71
76
81
78
71_81
81_81
71
78
76
79
79
71
79
79
76
71
78
75
71_78
78
75
78
69
71
69
67
76
83
83
69
83
67_76_83
69
71
78
75
78
71
79
76_78_79
78
75
78
78
71
75_79
79
76
76
71
76
78
73
78
75
76
76
78
73_78
75
71
78
78
75
71
79
79
76
71
79
79
76
71
78_81_81
71
81
81
71
78
76
71
79_79
76_79
79
71
76
79
79
71
69
71
75
78
76
78
79
67_69
79
78
78
66
75
67
66
79
64_83
83
52
81
78
63
81
83
79
83
64
79
78
64
81_81
63
79
81
64
66
72
72
52
51
72
81
66
72
51_52
54
72
52
81
63
81
79
81
79
64
71
81
72
63
79
71
66_69
79
64
67
67
69
71
66
71
54
52
67
71
71
67
51
52
51
71
52
64
79
79
52
69
64
78
78
71
79
79
71
69
47_79
63
78
79
78
72
47
81
63
81
79
71
79
72
71
81
81
79
64
48
79
69
78
48
79
71_78
64
79
67_69
76
78
76
67
78
60
79
71
76
67
60_67
79
76
79
69
78_79
71
78
57
72
57
69
76
67
78
76
72
78
75
66
76
59_75
67
71
76
66
78
69
59
71_75_78
75
69
78
78
67
52
76
76
71
52
69
71
40
67
69
67
76
40
76
66
67
66
79
52
79
71
64
52_62
64
64
49
62
69
71
66
64
49_69
66
64
45
61
62
64
62
61
61
64
61
45
79
64
79
78
50
69
62_78
61
50
62
67
62
47_61
69
64_67
62
47
64
62
43
59
61
62
59
61
59
43
59
58
78
58
78
55_76
59
76
64
59
66
55
64
67
52
64
66
67
64
52_64
64
49
70
67
70
74
76
49
67
74
76
76
74
58
73
66
74
76
78
73
76
66
58
78
76
76
78
66
71
59
76
78
76
74
66
59
71
74
76
73
74
68
74
73
62
47
71_73
62_68
47
71_73
71
73
71
54_61
70
73
73
71
56
61
54
70
73
71
66
73
56
66
58
66
66
58
66
70
54
73
66
70
54
66
71
59
74
74
70
73
71
73
64_74
66_74
71
70
62
64
73
73
62
71
61
73
66
66
59
58
61
73
66
66
59
58
61
76
59_70
76
61
62
71_74
74
76
70
76
61
73
62
64
71
74
74
74
73
66
64
66
66
61
59
66
74
61_66
66
59
61
71
62_78
74
78
71
62
73
76
76
78
78
74
78
74
78
76
66
73
76
59
76
66_79
79
78
59
78
74
79
76
78
79
74
54
59
78
73
76
78
74
76
78
74
76
71
74
73_76
59
54
78
74
71
74
78
74
74
73
78
70_76
78
61
76
71
74
70
61
74
73
76
76
71_73
58
76
66
76
74_74
66
58
74_78
76
78
73
76
74
78
76
78
58
73
76
54
71
76
73
74
74_76
73
74
70_71
73
74
58
54
76
73
73
76
70
73
76
76
74
71_74
73
66
59
70_71
73
64
74
73
74
66
71
70
62
64
73
73
62
71
73
61
66
66
59
58
61
73
66
59
66
58
76
59
61_61
70_76
71
62
70
74
74
61
76
76
73
71
64
62
74_74
73
74
64
66
66_66
61
59
66
66
61
74
66
59
61
62
78
66
71_78
71
62
66_76
76
78
78
78
76
58
64
73
78
76
79
79
58_73
64
78
78
79
74
62
78
79
59
78
78
59
61
78
74
62
61
62
62
71
71
55
62
62
71
71
59
55
59
64
73
52
67
73
73
73
64
67
52
70
61
66
54_70
70
70
54_61
66
71
62
47_66
71
47
50
71
62
66
71
54
50
54
59_74
66_74
59
66
59_73
59
73
74
74
73
73
57
74
74
71
66
71
57
66
76
74
76
74
76
76
74
74
64
71
56
56
71
76
76
64
74
74
76
76
74
69
74
64
57
69
73
74
64
57
73
74
73
73
50_71_71
69
66
50
69
73
66
73
71
71
73
73
74
52
74
64
68
52
68
74
71
71
64
74
71
71
73
45_73
69
64
69
71
62
45
71
64
73
73
62
71
71
57
64
69_69
61
64
57
62_71
71
61_69
69
62
71
71
69
55
73
64_73
55
64_73
74
71_74
73
69
71
74
74
76
76
73
69
54
78
73_76_78
69
76
74
54
78
74
78
79
61
76
79
52
61
52
81
78
81
79
79
76
78
81
81
49
57_76
79
79
49
57
74_76
79
78
78
79
74
78
78
45
76
79_79
61
45
61
74_76
78
78
79
79
74
78_78
57
69_76
73
76
57
76
73
76
76
79
69
79
76
79
79
74
78
78
69
50
78
79
78
79
69
81
74
81
69
78
78
69_78
83
74
50
81
83
81
76
78
80
76
80
78
78
68
76
74
76
74
73
68
73
71
71
74
76_81
73
80
81
80
78
74
76
74
76
78
76
74
66
73
74
71
73
71
66
69
69
73
71
80
74
78
80
73
77
78
74
77
73_78
78
80
65
71
80
69
69
71
73
73
65
73
71
73
71
66
85
71
69
66
69
85
68
83
59
59
83
66
68
81
81
66
61
65_81
63
65
61
81
65
61_80
63
80
61
65
61
61
73
73
66
66
57
59
57
71
59_73
68
57
71
66
73
77
66
71
68
56
57
71
77
56
61
54
81
78
81
56
54
56
57
61
78
81
81
57
54
54
56
74
77
74
71
57
56
74
77_78
73
56
57_74
73
69
71
78
69
56
54
73
73
54
73
53
68
83
83
54
53
54
56
68
83
73
83
56
53
53
54
66
81
73
81
54
80
71_81
66_80
81
73
80
81_81
80
49_71_73
65
49_65
74
81_83
83
81
73
83
74
83
66
73_81_81
50
80
66
71
80
50
81
81
73
80
78
78
69
71_80
62
69
78
62_69
81
78_81
73
69
73
81
81
71
80
80
59
74
71
59_69
78
78
74
80
80
78
78
77
77
68
73
69
61
68
77
61
77
71
73
80_80
80
71
80
70
78
78
73
54
71
73
71
70
70
78
78
68
70
68
73
66
73
70
54
66
74
71_74
73
73
70
70
73
71
74
74
73
66
66
68
71
70
71
73
73
71
71
68_70
73
73
66
70
73
73
66
71_74
74
66
71
66_74
74
66
76
76
73
73
76
76
66
71
74_74
66
71
74
74
66
73
70
66_73
70
73
73
64
66
62
64
78
78
71
78
78
71
64
62
64
66_73
73
70
66_74
71
74
73
70
73
73
70
66
73
74
74
71
66
71
68
71
73
70
73
71
71
68
66_73
70
73
73
66
73
70
66
71_74
74
74
66
71
74
66
76
73_76
66
76
76
73
66
74
71
74
66
71
74
74
71_74
74
66
64
62_70
73
73
71
74
74
64
66
61
62
70
73
73
59
61
71
74
74
66
73
73
70
74
74
64
71
66
71
64
73
62
70_73
62
71
73
66
61_66
59
58
61
66
73
66
58
59
76
59
61
70_76
61
74
71
62
76
74
70
61
76
73
74
71
64
62
74
74
73
64
66
66
66
61
59
74
66
66
66
61
59
61
62
78
71_78
74
76
76
62_71
78
78
73
74
76
74_78
78
66
73
76
59
66
78
76
79
79
78
59
74
79
76
79
74
78
78
59
54
73
76
76
78
74_78
76
76
74
71
74
73
59
54
74_78
71
78
74_74
74_78
70
76
73
76
78
61
74
71
74
70
76
73
76
61
74_76
74
73
66_76
71
58
66
74
78
58_78
73
76
76
74
78
73_78
76
76
58
54
71
74
76
74
73
76
73
70
71_74
74
73
58
76
73
70_73
73
76
54
73
76
76
74
71
74
59
66
70
73
73
71
74
64_74
66
70
71
73
62
73
64
62
71
73
61
66
66
58
59
61
66
73
66
59
58
59
76
70
61
76
61
74
62
71
76
74
76
61_70
64
74
71_73
62
74
64
74
73
66
66
66
61
59
66
66
66
74
61
59
61
66
62
71
78
78
71
66
62
76
76
78_78
58_64
78
78
73
76
76
58
64
73_79
79
78
78
79
79
59_62
78
74
78
59_78_78
61
74
62
61
62_71
62
55
71
62
71
55_62_71
59
59
64
67
52
73
73
67_73
73
52
64
66
54
61
70_70
70
66
54_70
61
62_71
47
66
71
71
62
66
47
71
