74
69
62_62
62_66
50_62
50
66
66
74
69
62
50
62
62
62
50_66
66
81
74
66
69
69
50
62
62_69
50
50
50
50
61
50
62
50
61
50
50_74
62
66
81
69
66_69
62
50
50
69
62
50
50
79
83
71
62
62_67
71_71
62
50
50
50
50
61
50
62
50
61
62_79
50
67
62
62
50_71
71
71
83
62
50
50
62
66_69
66
69
69
81
62
74
50
50
61
50
62
50
50
50
62
61
50
62
50
50
50
50
50
66
69
69
69
81
74
50
71
71
83
62
71
66
71_83
71
71
52
69
45
55
73
79
67_85
73
73
45
69
52
73
73
79
55_85
73
67
54
50
62
69
74
62_74_74_81
86
50
73
73
74_85
54
73
86
74
62
69
74
62
73
85
73
81
73
50
55_71
62_71
83
67_74
71
79
71
50
71
83
62_74
71
67
79
55
57
62
74
69
69
45_66_69
78
81
45
57
74
71
71
83
71
81
69_69
69
66
62
78
83
71
71
71
61
45
67_67
69
45
64_67
79
76
45
69
67
67
61_79
64
76
67
45
50
50
66
66_69
57
66
62_74
78
50
55
64_64
76
64
66
61_69
78
66
57
66
62
74
76
64
64
55
64
61
66
57_66
50
62
66
78
66
69
66
50
66
78
62_66_69
57_66
54
62
62
62
57
69
50_66
74
50
50
57
66_66
66
62
54
62
57
62
62
66
66
66
57
66
74
61_62
64_69
69_69
69
49
64
61
69
69_69
49
62
74
66
74_74
47
45
47
45
74
74
74
47
66
62
47
78
78
78
62
71
45
44
45
44
71
45_78
78
62
78
45
64
76
76
76
44
71
42
44
44
42
44
40
64
76
76
71
76
42
40
74
74_74
44_71
42
64
74
74
74
71
44
64
73
73
69_73
45
64
71_71
71
45
73
73
73
64
69
71
71
71
69
54
69
69
69
61
69
69
69
69
54
61
71
71
50
69_71
66
73
73
50
73
71
71
71
66
69
73
73_73
74
74
68_74
52
64
74
74
74
68
52_64
73
73
73
64
45_69
71
71
71
62
68
73
73
73
64_69
71
71
71
62_68
73
69_73
64_73
73
73
73
64
69
69
61_69
69
64
73
45
64
73
73
69
61_69
64_69
69
73
73_73
64
69
76
43
76
67_76
76
76
71
76
76
76
76
76
67
71
43
78
42
81
61
81
81
73_81
79
76
79
79
42_78
79
81_81
81
81
79
76
79
79
79
55
81
78
73_81
81
81
61
78_81
81
81
81
55
54
73
81
78
81
81
66
81
79
76
54_79_81
79_79
78
81
81
81
76
79
79
79
79
73
81
78
66
81
81
81
52
78
81_81
81
81
52
81
78
81
71
66
81_81
51
79
79_79
81
81
81
51
79
79
79
81
81
81
54
81
81
81
54
71
71
71
51
78
81
71
66
75_75
83
75
79
71
71
71
51
79_83
75
75
75
78
78
78
81
47_63
78
71
78
78
78_81
78
71
63
47
71_79
79
79
79
64
76
52
78
74
78
79
78
78
76
79
79
79
52
78
78
78
74
78
79
71_76
54
79
64
79
79
76
79
79_79_79
54
52
71
79
64
79
76
79
79
78
78
74
79
52_78
78
76
79
79
79
78
78
74
78
78
64
71
79
79_79
50
79
76
79
79
79
76
79
50
49
64
79
69_79
79
76_79
78_78_78
79_79
79
49
78
78
78
79
79
79
52
79
79
79
52
69
69
49_69
69
64
79
76
73
73_73
49
81
69
78
69
69
81
73
78
73
73
76
69
76
76
79
45
73_76
76
76
76
69_79
45
76
73
78
69
78
78
74
78
50
74
80
80
80
78
78
50
78
69
80
74
80
81
80
81_81
62_78
78
62
81
74
81
81
62
78
62
81
64
81
81
61
76
80
80
80
81
61
81
81
64_76
80
80
80
81
69
81
49
81
64
81
81
81
69
64
49
47
71_74
74
66
74
76
76
76
47
74
74
74
66
71
76
76
76
78
74
78
59_78
59
78
78
78
74
59
59
57
78
74_78
59
78
57
76
76
76
78
78
78
59
74
76
76
45
78
76
78
74
78
59
78
78
45
78
74
59
44
71
71
64_74
71
73
73
73
71
44
71
64
71
74
73_74
73
73
74
56
74
64_71
74
74
74
71
64
56
74
54
74
69
74
66
73
73
74
73
54
74
74
66
69
73
73
73
74
66
74
74
42
74
74
74
74
66
74
42
68
40
68
59_68
76
69
69
69
68
40
68
59_68
76
69
69
71
69
71
52
64
68_71
71
71
71
52
64
68
64
50
68
64
71
64
49
68
50
68
68
71
64
64
64
68
49
68
68
68
71
47
71
68
71
62
71
71
47
71
68
62
49
76_76
69
76
61
47
74
74
74
76
76
49
76
61
69
47
74
45
64
73_73
73
74_74
69
73
64
45
73
73
69
64
74
52
74
74
69
73
73
73
74
74
64
74
69
73
73
62
71_71
71
68
73
62
71
71
71
68
69
69
61
69
66
52
54
69
69
69
54
78
78
78
52
61
78
78
78
52
69_69
69
59
51
47
51
69
69
69
47
78
78
78
49
78
78
78
49
66
68
68
68
64
50
52
50
68
68
68
52
76
76
76
50
76
76
76
59
50
67
67
67
57
49
45
49
67
67
67
45
76
76
76
47
76
76
76
64
47
66
66
62
66
48
50
48
66
66
66
50
74
74
74
48
57
74
48_74
74
65
65
65
47
56
59
44
47
56
65_65
59
65
44
57
45
74
74
74
45
74
74
57
74
44
64
59
64
64
45
44
61
59
45
47
61
62
47
62
40
64
56
64
64
68
68
59
68
62
64
56
68
68
68
64
59_71
71
71
68
62
71
71
71
62
68
74
74
71
74
68
80
80
80
74_74
40
74
80
71
80
68
80
83
83
83
52_68
64
83
83
83
68
52
64
74_74
54_69
57
74
73
73
73
74
74
54
74
57
69
73
73
73
71
64
71_71
56
71
50
86
76
83
71
64_71
71_71
86
50
76
83
56
64
57
69
73
73
73
85
76
45
81
74
74
74
73
73
73
45
76
83
74
85
76
57
74
74
76
64
81
69
76
76
76
83
76
64
49
81
61
45
69_76
76
69
69
81
64
69
76_76
69
45_49_69
61
83
59
52
64
50
64
64
64
74_76
64
50
64
64
81
52
83
69
69
69
74
59
81
76
64
69
69_69
80
74
68
40_64_68
68
50
76
59
74
80
68
68_76
64
50
68
40
59
45_69
81
69
76
45_64
69
61
69
45
69_69
76
81
64
69
69
61
45
74
69
62_62
62_66
50_62
50
66
66
74
69
62
50
62
62
62
50_66
66
81
74
66
69
69
50
62
62_69
50
50
50
50
61
50
62
50
61
50
50_74
62
66
81
69
66_69
62
50
50
69
62
50
50
79
83
71
62
62_67
71_71
62
50
50
50
50
61
50
62
50
61
62_79
50
67
62
62
50_71
71
71
83
62
50
50
62
66_69
66
69
69
81
62
74
50
50
61
50
62
50
50
50
62
61
50
62
50
50
50
50
50
66
69
69
69
81
74
50
71
71
83
62
71
66
71_83
71
71
52
69
45
55
73
79
67_85
73
73
45
69
52
73
73
79
55_85
73
67
54
50
62
69
74
62_74_74_81
86
50
73
73
74_85
54
73
86
74
62
69
74
62
73
85
73
81
73
50
55_71
62_71
83
67_74
71
79
71
50
71
83
62_74
71
67
79
55
57
62
74
69
69
45_66_69
78
81
45
57
74
71
71
83
71
81
69_69
69
66
62
78
83
71
71
71
61
45
67_67
69
45
64_67
79
76
45
69
67
67
61_79
64
76
67
45
50
50
66
66_69
57
66
62_74
78
50
55
64_64
76
64
66
61_69
78
66
57
66
62
74
76
64
64
55
64
61
66
57_66
50
62
66
78
66
69
66
50
66
78
62_66_69
57_66
54
62
62
62
57
69
50_66
74
50
50
57
66_66
66
62
54
62
57
62
62
66
66
66
57
66
74
61_62
64_69
69_69
69
49
64
61
69
69_69
49
62
74
66
74_74
47
45
47
45
74
74
74
47
66
62
47
78
78
78
62
71
45
44
45
44
71
45_78
78
62
78
45
64
76
76
76
44
71
42
44
44
42
44
40
64
76
76
71
76
42
40
74
74_74
44_71
42
64
74
74
74
71
44
64
73
73
69_73
45
64
71_71
71
45
73
73
73
64
69
71
71
71
69
54
69
69
69
61
69
69
69
69
54
61
71
71
50
69_71
66
73
73
50
73
71
71
71
66
69
73
73_73
74
74
68_74
52
64
74
74
74
68
52_64
73
73
73
64
45_69
71
71
71
62
68
73
73
73
64_69
71
71
71
62_68
73
69_73
64_73
73
73
73
64
69
69
61_69
69
64
73
45
64
73
73
69
61_69
64_69
69
73
73_73
64
69
76
43
76
67_76
76
76
71
76
76
76
76
76
67
71
43
78
42
81
61
81
81
73_81
79
76
79
79
42_78
79
81_81
81
81
79
76
79
79
79
55
81
78
73_81
81
81
61
78_81
81
81
81
55
54
73
81
78
81
81
66
81
79
76
54_79_81
79_79
78
81
81
81
76
79
79
79
79
73
81
78
66
81
81
81
52
78
81_81
81
81
52
81
78
81
71
66
81_81
51
79
79_79
81
81
81
51
79
79
79
81
81
81
54
81
81
81
54
71
71
71
51
78
81
71
66
75_75
83
75
79
71
71
71
51
79_83
75
75
75
78
78
78
81
47_63
78
71
78
78
78_81
78
71
63
47
71_79
79
79
79
64
76
52
78
74
78
79
78
78
76
79
79
79
52
78
78
78
74
78
79
71_76
54
79
64
79
79
76
79
79_79_79
54
52
71
79
64
79
76
79
79
78
78
74
79
52_78
78
76
79
79
79
78
78
74
78
78
64
71
79
79_79
50
79
76
79
79
79
76
79
50
49
64
79
69_79
79
76_79
78_78_78
79_79
79
49
78
78
78
79
79
79
52
79
79
79
52
69
69
49_69
69
64
79
76
73
73_73
49
81
69
78
69
69
81
73
78
73
73
76
69
76
76
79
45
73_76
76
76
76
69_79
45
76
73
78
69
78
78
74
78
50
74
80
80
80
78
78
50
78
69
80
74
80
81
80
81_81
62_78
78
62
81
74
81
81
62
78
62
81
64
81
81
61
76
80
80
80
81
61
81
81
64_76
80
80
80
81
69
81
49
81
64
81
81
81
69
64
49
47
71_74
74
66
74
76
76
76
47
74
74
74
66
71
76
76
76
78
74
78
59_78
59
78
78
78
74
59
59
57
78
74_78
59
78
57
76
76
76
78
78
78
59
74
76
76
45
78
76
78
74
78
59
78
78
45
78
74
59
44
71
71
64_74
71
73
73
73
71
44
71
64
71
74
73_74
73
73
74
56
74
64_71
74
74
74
71
64
56
74
54
74
69
74
66
73
73
74
73
54
74
74
66
69
73
73
73
74
66
74
74
42
74
74
74
74
66
74
42
68
40
68
59_68
76
69
69
69
68
40
68
59_68
76
69
69
71
69
71
52
64
68_71
71
71
71
52
64
68
64
50
68
64
71
64
49
68
50
68
68
71
64
64
64
68
49
68
68
68
71
47
71
68
71
62
71
71
47
71
68
62
49
76_76
69
76
61
47
74
74
74
76
76
49
76
61
69
47
74
45
64
73_73
73
74_74
69
73
64
45
73
73
69
64
74
52
74
74
69
73
73
73
74
74
64
74
69
73
73
62
71_71
71
68
73
62
71
71
71
68
69
69
61
69
66
52
54
69
69
69
54
78
78
78
52
61
78
78
78
52
69_69
69
59
51
47
51
69
69
69
47
78
78
78
49
78
78
78
49
66
68
68
68
64
50
52
50
68
68
68
52
76
76
76
50
76
76
76
59
50
67
67
67
57
49
45
49
67
67
67
45
76
76
76
47
76
76
76
64
47
66
66
62
66
48
50
48
66
66
66
50
74
74
74
48
57
74
48_74
74
65
65
65
47
56
59
44
47
56
65_65
59
65
44
57
45
74
74
74
45
74
74
57
74
44
64
59
64
64
45
44
61
59
45
47
61
62
47
62
40
64
56
64
64
68
68
59
68
62
64
56
68
68
68
64
59_71
71
71
68
62
71
71
71
62
68
74
74
71
74
68
80
80
80
74_74
40
74
80
71
80
68
80
83
83
83
52_68
64
83
83
83
68
52
64
74_74
54_69
57
74
73
73
73
74
74
54
74
57
69
73
73
73
71
64
71_71
56
71
50
86
76
83
71
64_71
71_71
86
50
76
83
56
64
57
69
73
73
73
85
76
45
81
74
74
74
73
73
73
45
76
83
74
85
76
57
74
74
76
64
81
69
76
76
76
83
76
64
49
81
61
45
69_76
76
69
69
81
64
69
76_76
69
45_49_69
61
83
59
52
64
50
64
64
64
74_76
64
50
64
64
81
52
83
69
69
69
74
59
81
76
64
69
69_69
80
74
68
40_64_68
68
50
76
59
74
80
68
68_76
64
50
68
40
59
45_69
81
69
76
45_64
69
61
69
45
69_69
76
81
64
69
69
61
45
64
69
69
69
69
45_73
45
69
69
69
69
64
45
69
73
69
45_69
69
69
76
57
76
76
73
76
69
69
45
45
45
45
56
45
66
69
57
45
45
66
56
45
57
69
45
69_76
69
76
76
45
73
76
57
45
69
45
45
66
69
78
57
74
78
78
74
45_78
45
45
66
45
56
74
62
69
57
45
45
45
56_62
69
45
69
57
66
74
78
78
78
78
57
74
45
66
74
45
57
69
76
69_73
76
76
69_76
45
45
45
56
45
57
45
45
56_57
45
45
57
45_49
45
45
69
76
73_76
76
49
78
74
78
69
78
78
76
45
78
74
78
69
61
76
79
79_79
79
45
76
61
79
79
50
74
57
78
78_78
50
76
76
57_74
76
78
78
78
76
76
76
47
59
66
74
74
74
74
74
74
59
66
47
52
55
64_73_73
73
74
74
52
55
74
64
73_73
73
74
74_74
59
55
64
71
71
71
71
71
71
59
64
55
54
61
66
70_70
70
71
61
71
71
70
70
54
70
71
71
71
58
52
73
73
73
73
58
73
73
52
50
59
66
66
66
66
70
61
70
70
50_59
66
66
78
66
70
61
78
70
70
58_73
76
73
49
73
76
66
66
58
73
73_76
73
66_76
49
66
59
78
78_78
74
74
66
47
78
50
46
50
47
46
47
59
74
74
78
78
78_78
47
47
71
76
79
79
79
76
79
66
46
47
47
46
71
76
79_79
47
79
76
79
47
66_78
74
78
74_78
71
50_78
49
47
50
49
50
50
50
71
78
78
49
78
50
76
74_76
76
49
47
76
76
78
76
74
74
66
74_74
59
66
47
74
74_74
66
59
52
64_73
73
73
55
54
74
52
74
74
73_73
73
55
64
74
74
74
55
54
59
71
71
64_71
55
71
71
71
59_64
54
66
66
61
66
66
52
71
66
61
71
71
66
66
54
66
71
71
71
52
70
54
70
61_70
66
70
54
70
61
70
66
71
47
71
71
66
62
50
47
54
50
54
59
71
71
71
62
66
59
74
74
74
74
74
74
57
66
66
66
73
73
73
66
66
57_73
73
66
73
56
74
71
74
74_74
64
73_76
73
56
74
73
74
74
74
73
76
73
73
64
59
74
74_74
71
74
74
74
59_74
74
59
74
74
74
74
64
68
73
73
76
74
73
59
74
74
74
73
76
73
64
73
68
56
74
74
74
74
74
74
74
74
56
52
74
74
74
74
59
68
73_73
73
74
74
74
52
73
56
73
74
74
74
73
74
74
74
68
59
56
56
64
64
64
71
64
74
68
68
76
68
64
64
64
56
71
64
68
68
76
68
71
71
74
52
71
64
80
71
76
50
71
71
71
74
64
71
80
50
52_76
49
81
76
64_76_76
71
76
69
45
45
81
74
76
69
49_76
74
74
76
76
64
71
74
74
74
54
45_73
69_78
81
69
66_73
73
73
69
73
45
78
81
66
73
69
54
50
81
78
71
66_69
50_71
71
62
50
78
62_73
73
73
50
81
66
71
71
69_71
73
52
73
74
76
64
68_74
73_74
80
74
74
74
64
76
52
68
80
73_73_73
69
64
45_69
76
45
81
45
69
71_71
76
62_69_71
68
81
73
45_73
64_73
71
68
71
62
71
73
73
64_69
69
57_69_73
45
76
73
73
64
73
69
69
45
69
57
76
57_64
61
69
69
69
69
45
76
69
69_73
45
57
64_73
76
73
64
69
69
61
69
69
69
73
73
73
64
73
52_69_76
76
76
69
69
69
76
76
76
73
52
69
76
79
49
69
79
79
79
79
78
49
78
78
78
79
79
79
78
78
78
78
79
52_69
79
79
79
76
79
79
79
79
52
52
79
69
79
73
79
79
78
78
78
78_79_79
52
79
79
78
69
78
78
78
49
79
79
73
79
79
79
79
79
79
49
45
73
64_79
79
79
79
78
78
78
79
79
79
45
78
78
78
79
49
79
79
64
73
79
79
79
49
49
69
69_69
69
76
79
73
49
73
73
69_69
69
69
81
76
73
73
73
76
45
81
76
69
76
76
45
69
79
76
76
76
76
69
76
45
45
69
79
76
42
81
69
76
81
81
69
81
76
45
45
79
79
81
42
79
81
69_79_81
76
76
69_81
79
79
79
47_79
74
78
71
78_78
78
74
78
50
78
78
74_78
71
78
50
78
74
47
43
71_74
76
76
76
74
76
50
79
50
74
78
71_78
78
78
76
79
76
76
74
43
76
78
78
78
79
69_79
73
79
45
45_76
79
69
78
79
79
79
45_76
69
79
73
69
45
78
50_78
74_78
78
38_69_74
69
50
74
67
76
76
76
69
73
69_76
38
78
78
78
74
78
73
67
76
69
78
78
69
50_78
74_76
78
50_74
76
76
78
78
69
78
69
78
50
74
74
50
69
54_66
74
74
74_74
69
50
66
69
50_62
78
74
66
78
54_78
74
74
69
74
66
62
74
78
78
78
76
69
73_76
57
76
74
69
73_76
76
76
57
78
69_74
62
78_78
80
68
80
80
69_78
62_78
78
80
68
80
80
66
81
81
81
61
81
81
66
81
61
71_80
80
80
59
74
81
81
73
81
80
71
80
80
73
81
81
81
83
74
83
83
69
74
83
83
69
83
73
68
73
65
73
59
56
56
53
53
49
73
73
73
68
53_65
49
80
80
80
53
80
80
80
49
65
83
83_83
73
49
83
83
83
73
65
54
73_81
66
81
81
68
80
80
54
80
81
66
81
81
80
80_80
68
69
78
42
78
78
69
78
78
42
78
54
57
76
76
76
73
57_74
54
74
76
71_74
76
76
71
74_74
74
61_69
73
52
73
72
52
72
69_73
61_73
71
50
66
71_71
71
47
50
47
50
50
54
66
71
71_71
50
54
71
78
78
78
78
54
50
78
78
69
73
81_81_81
54
69
73
81
81
81
59
71
74_80
80
80
69
78
78
78
59
71
80
80
80
74
78
69
78
78
68
61
77
77
77
73
77
77
68
77
61
73
62
66
78_78
78
71
62
76
76
66
76
78
78
78
71
76
76
76
74
74
56_74
65
71
74
74
74
65
71
56
57
73_73
66
73
69
78
78
78
73
73
69
57_73
78
78
78
54
76
76
76
73
76_76
76
73
54
59
74
74
71_74
66
73_74
69
73
71
73
74
59
74
73
69
73
71_73
68
68
53
71
71
71
68_71
68
71
53
61
69
66
69
54
69
68
69
61
68
69
68
54
69
66
68
66_68
47_62
68
66_66
66
66
66
66
62_66
47
49
66
56
71
71
71
49
69
56
69
66
69_71
71
71
69
69
65
69
61
37
68
68
68
65
68
68
37
68
61
57
61
66
42_66_66
45
42
49
45
49
54
57
61
66_66
66
52
54
52
54
62
74
62
57
69
62
62
50_66
54
50
74
62
66
57_62
69
62_62
50_62_66
81
66
69
74
69_69
50
50
50
49
50
50
50
50
50
49
50
50
62_66_74
50
69
81
69
69
50
66
50
50
50
50
50
83
62_79
71
67
62_71_71
50
50
50
49
50
50
50
50
50
49
62
62
50
50
83
79
71
71
67
50
50
50
71
50
50
50
50
72
66_78
72
50_69
57_84
72
50
50
54
50
50
50
57
54
50
50
50
50
57
50
62
50
50
72
72
69
66
78
62_72
67
71
71
57_84
71
83
67
71
71
54
69_71
62
83
69_69
50
69
78
74
81
50
62
69
69
69
78
54
74
69
81
55
67
62
79
71
50
71
83
71_74
50
55
74
74
67
81
74
71
71
83
71
62
74
74
81
74
52
71
79_79_79
64
79
79
79
79
79
52_71
64
48
74
79
69
64
69
81
69
69
48
69
69
79
79
69
79
79
81
69
64
79
79
79_79
78
50
78
62
62
78_78
69
74
50
62
78
74
78
78
69
62_78
50
50
43
79
79
62_71_79
62
79
74
50
71
50
79_83_83
83
74
79
79
83
83
74
83
72
81
81
81
72_81
81
81
79
74
83
83
83
62
74
62
43
47
67
74
50_67
47
71
66
71
50
66
55
76
71
83
83
83
55
71
81
81
81
76
81
81
81
74
52
71_79
79
79
74_79
79
79
71
52
73
69
57_78
78
78
79
79
79
78
78
69_78
79
79
79
76
76
67
76
76
76
76
67
78
78
66_78
73
57
81
78
81
78_78_81
78
66
78_81
81
81
40
76
72
79
79_79
76
40
79
79
79
72
42
75
69
81_81
81
42
45
69
75
45
48
64
76
48
76
64
75
54_66
81
81
81
79
54
79
79
75
66
79
79
79
78
78
78
51_69
78
78
78
78
78
69
51
76
76
67
76
71
55
78
78_78
76
76
76
78
67
78
78
75
75
66
75
75
75
75
66
76
76
64
76
79
76
79
79
64_76
76
71
55
79
79
79
78
59
78
39_71
78
78
78
71
78
39
59
79
71
79
40_71_79
76
43
40_71
71
43_76
47
74
66
47
74
66
52
73
64
79
79
79
78
52
78
73
78
64
78
78_78
76
76
76
76
49_67
76
76
76
76
49
67
74
69
74
54
74
66
76
76
76
66_74
74
74
76
76
76
73
64
73
73
73
73_73
64
74
74
62
74
78
78_78
74
74
54
62
74
69
78_78
78
76
76
76
37
57
69
76
76_76
69
37
57
78
78
62
78
38
69
79
79
79
78
62_78
78
38
69
79
79
79
81_81
81
42_62
69
81
81
81
62
69
42
71
71
71
43
62
67
73
73
73
71
71
71
43
62
73
73
67_73
74
74
74
47
74
74
74
47
71
76
44
76
76
64
78
78
78
44_76
76
76
64
71
78
78
78
40
74
74
74
74
74_74
40
45
69_73
64
73
73
74
74
74
73
73
73
64
45
69
74
74
74
49
76
76
76
76
76
76
49
46
73
66
78
78
78
79_79
46
79
78
78_78
66
73
79
79
79
42
76
76
76
76
76
76
42
71
74
47
66
74
74
76
76
76
71
66_74
74
74
47
76
76
76
78
78
45_78
78
78
78
45
74
79
79
47
62_79
81
81
79
81
74_79
79
47_62
81
81
81
78
43_78
78
78_78
78
43
76
76_76
76
49
69
78
78
78
76
76
76
76
69
78
49
78_78
79
79
79
47
79_79
79
76
47
81
81_81
69
49
76
83
69
83
83
81
81
81
49
83
83_83
79
79
79
45
79
79_79
45
74
78
69
78
78
50
73
67
74
69
52
50
73
67
52
69
74
74
78
54
81
50
74
69
78
50
74
54
81
67
71
55
83
62
74
50
78
78_83
78
62
74
76
85
50_67
76
76
76
71
85
76
76
76
76
66_74
86
78
62
74
71
74
74_78
66
86
74
74
71
62
76
76
69
64_76
81
73
76
81
73
78
73
83
76
73
76
76
78
55
73
64
76
83
73
74
73_74
54
74
78
81
73
50
69_69
66
74
74
78
74
50
81
54_66
69
55_69
69
69
76
79
50
64
71
79
50
76
69_74
64_74
78
74
69_74
71
69
55
74
78
74
74
74
69
69
73
45
69
64
73
57_76
73
69
69
45
64_73
76
69
73
57_73
62_62
66
62
66
62
50
74
59
62
62
57
62_62
50
59
57
74
74
74
55
62
66
74
55_74
74
74
81
81
81
54_62
66
55
54
55
52
72
66
52
66
72
51
66
71
81_81
81
83
83
83
51
83
83
83
81
59
81
81
81
81
81
59
66
50
80
64
80
80
76
76
80
76
80
80
50
76
76
76
78
59
78
78
78
78
71
59_78
79
49_69
79
79
81
79
81
81
79
49
79
81
81
81
57
79
79
79
79
79
79
57
64
62
48
78_78
78
74
74
74
78
78_78
48
74
74
74
57
76
76
76
76
76
76
69
57
77_77
47_77
67
79
79
79
77
77_77
79
47
79
79
55
77
77
77
62
77
77
77
55
46
61
76
76
76
64
73
73_73
61
76
76_76
46
73
73
73
64
55
62
74
74
74
74_74
74
62
55
45_64
73
73
73
74
66
74_74
73
64
73
73
74
66
74_74
67
76
76
76
67
76
76_76
61
69
69
69
45
64
69
67
61
49
69
49
64
67
73
52
73
52
67
73
76
55
69
69
69
61
73
76
55
61
69
73
64
81
81
81
64
69
81
73
81
81
62
74
55
83
83_83
55
54
83
74
62
83
83
54
67
52
76
85
85
69_76
45
85
85
67
52
76_85
69
85
76
85
45
85
69
54
74
86
85
85
86
81
50
66
86
86
69
81
85
50
52_86
66
85
74
86
54
69
79
86
86
69
52_79
50
74_74
78_81
50
81
81
78
81
81
78
74_81
74
78
81
81
50
50
57_79
74
74
79
45
69
78_78
79
78
78
79
79
45
78
78
78
74_76
73
57
76
79
76_79
74
67
76_78
69
78
78
76
73_79
76
76
67
74
74_76
81
45
66
69
74_74
45
74
74
74
69
66_74_81
45
74
45
74
50
79
69_74
66
74
50_69
74
74
50
78
79
78
79
78
79
79
78
78
79
74
74
74
66_69
74
69
50
64_78
45_73
45
69
69
69
69
69
64
45
69
73
45_69
69
69
69
69
69
69
57
73
69
45
69_76_76
76
76
45
45
69
45
56
45
57_66
45
45
56_66
45
57
69
45
69
69
45_76
73
57
45_76_76
76
69
45
45
66
69
57
74
74
78_78
78
45
78
45
45
66
74
45
56
62
69
57
45
45
45
69
56_62
45
69
57
74
66
78
78
78
57
78
74
45
74
66
45
57
69
69
69_73
76
76
76
45
76
45
45
56
45
57
45
45
56_57
45
45
57
45_49
45
45
69
76
76
73
76
76
49
78
74
78
69_78
78
78
45
78
74
69
61
79
76
79
79
79
45
76
61
79
79
50
74
57
78
78
78
50
76
76
57_74
76
78
78
78
76
76
76
47
59
66
74
74
74
74
74
74
59
66
47
52
55_73
73
64
73
74
74
73_74
52
55
73
73
64
74
74
74
59
71_71
55
64
71
71
71
71
59
64
55
54
61
70
70
66
70
71
71
71
61
70
70_70
54
71
71_71
73_73
58
52
73
73
73
73
58
52
66
50
66
59
66
66
70
70
70
66
61
66
66
50_59
78
70
70
61
70
78
73
58_73
73
49
76
76
66
66
73
58
73
73
66_76_76
49
66
59
78
78
74_78
66
47
78
74
50
46
50
47
46
47
59
74
74
78
47
78
78
78
47
79
71
76
76_79_79
66
79
46
47
47
46
71
76
47
76
79
79
79
79
47
79
66
79
76
79
74
71
50
79
49
79
76
79
78
74_78
78
79
47_79
50
78
49
50
50
50
71
49_78_78_78
50
76
76
76
74
49
74
78
47
76
76
76
66
74
74
74
59
66
47
74
74
74
66
59
52
64
73
73
73
55
54
74
74
52
74
73
73_73
55
64
74
74_74
55
54
71
59_71
71
64
55
71
71
71
59_64
54
66
61
66
66
66
52_66
66_71
66
71
61
71
54
66
71
71_71
52
54
61
70
70_70
66
54
70
61
70
70
66
47
71_71
71
66
62
50
47
54
50
54
59
71
71_71
62
66
59
74_74
74
74
74
74
57
66
66
73
73
66_73
66
57
66
73
73
66_73
56
71
64
74
74
74
74
56
73
73
73_74
76
74
74
74
73_73
73
76
64
59
71
74
74
74_74
59
74_74
74
74
59
64
68
74
74
74_74
59
74
73
73
76
73
74
74
74
64
73
76
73
68
73
56
74
74
74
74
74
74
74
74
56
52
59
74
74
74
68_74
73
74
73
73
52_74
74
56
73
73
73
74
74
74
68
59
56
74_74
74
56
71
64
64_64
64
74
68
68
68
56
64
71
64
64_64_76
68
68
68
52
76
71
71
64
71_71
76
50
74
80
71
71
71
64
71
50
52_76
74
49_80
64
71
69
45
76
76_76
76
81
45
69
49
74
76_76_81
74
74
76
64
71
76
74_74
74
54
45
69
69
66
81
73
73
73
78
69
45
66
69
81
73
73
54
73
78
50
66_69
50
62_81
71
71_71
78
50
62
50
78
73
66_81
73_73
69
71
71_71
73
52_73
64
68
74
74_80
76
74
73
64
52
68_74
74
74
76
80
69
64
45_69
73_76
73
45
81
73
45
69
62_69
68_71
71
71
81
45_76
64_73
73
73
71
68
71
62
71
64_69
57_69
73_76
73_73
45_69
64
69
73
69_73
45_73
69
57
76
57_64
61
69_69
69
76
45_69_69
69
45
57
73_76
73
64
64
73
69
61
69
69
69
73
69
64
73_73
73
52_69
76_76_76
69
69
69
73
76_76
76
69
52
76
49
69_79_79
79_79
78
79
78
78_79
78
79
49
79
78
78
78
78
79
52_69
79_79
79
76
79_79
79_79
52
52
79_79
69
73
79_79
78
78_79
78_79
78
79
52
79
78
69_78_78
78
49
79
73_79
79
79
79
79
79_79
49
79
45
73
64_79
79
79
78
78
78
79
79
79
45
78
78
78
79_79
49
79
64
73
79
79
79
49
49
69
69
69
69
76
79
49_73
73
69
69_69_73
69
81
76
73
73
73
45
81
76
76
69_76
76
45
69_76
79
76
76
69_76
76
45
45
76_79
69
42
69
76
81_81
81
69_76
81
45
45
79
79
79
42
81
81
79
76_81
69
76
69_81
79
79
79
79
47
74
78
74
78_78_78
71
78
50
78
74
78_78
71
78
74
50
78
47
43
71_74_76
76
74
76
76
50
79
50
78
74
78
78
71_78
76
76
76
76_79
74
43
78
78
78
78
79
79
79
69
73
69
79
45
45_76
79
79_79_79
45_76
69
69
73
45
78
78
78
50
74
69
78
38_69_74
50
74
67
76
76
76
76
73
69_69
38
78
78
78_78
74
76
73
67
76
76
76
69
69_78
50
74
78
78
78
74
50
69
78_78_78
69
50
78
74
74
50
69
54_66
74
74
50_74
66
74
69
69
50_62
74
66
78
78
54
78
74
74
74
66
62
69
78
74
78_78
69
73
57
76
76
76
69_74
73
76
76
57
76
69_74
62
78
78
78
68_80
80
69
80
78
62
78
78
68
80
80
80
66
81
81
61_81
81
66
81
81
61
71
80
59
80
80
74
73
81
71
81
80
81
80
80
73
81_81
74
81
83
69
83
83
74
69
83
83
83
68
65_73
73
73
59
56
56
53
53
49
73
68
73
73
53_65
49
80_80
80
53
80_80
80
49
65
83
73_83
83
49
73
65
83
83
83
54
73
66
81_81
81
68
80
54
80
80
66
81
81
81
80
80
68
80
69
42
78
78_78
69
78
42
78
78
54
57
76
76_76
73
57
54
74
71
74
74_76
76
76
74
71
74
74
61_69
52
73_73
73
52
69
61
73
73
73
71
50
66
71
71
71
47
50
47
50
50
54
66
71
71
71
50
54
71
78_78
78
78
78_78
54
50
69
73
81_81_81
54
69
73
81
81
81
59
71
80
80
74
80
78
69
78
78
59
80
71_80
80
74
78
78
69
68
61
78
77
77
77
73
77
77
68
77
61
73
62
66
78
78
78
71
62
76
76
66
76
78
78
78
71
76
76
76
74
56
74
65_74
71
74
74
74
65
71
56
57
73
73
66
73
69
78
78_78
73
73
69
57
73
78
78
78
54
76
76
73
76
76
73
76_76
54
59
74
74
71
74
74
66
73
74
69
71
73_74
73
59
73
69_73_73
68
68
71
53
71_71
71
68
68
71
71
53
61
69
66
54
69_69
68
69
61
68
68
69
69
54
66
68
66
47_62
68_68
66
66
66
66
66
66
66
62
47
49
66
71
56
71
71
49
69
56
66
69
69
71
71
71
69
69
65
69
61
37
68
68_68
65
37
68
68
68
61
57
61
66
66
42
66
45
42
49
45
49
54
57
61
66
66
66
52
54
52
54
62
57
62
62
50_66_74
62
69
54
50
66
62
57
62_62
62
74
69
50_62_66
66
69_69
81
50
69
74
50
50
49
50
50
50
50
50
49
50
50_81
69
62_66
50
69
74
50
66
69
50
50
50
50
50
62
67_83
71
62
71_71
50
79
50
50
49
50
50
50
50
50
49
62
62
50
50
83
79
67
50
71
50
71
50
71
50
50
50
50
66_72
78
50_69
57
84
72
72
50
50
54
50
50
50
57
54
50
50
50
50
57
50
62
50
50
69_72
66
72
72
62
67
71
84
71
78
57
71
83
71
71
67
71
54
69
62
83
69
50_69
78
69
74
81
50
62
69
69
69
78
69
54
74
81
55
67
62
79
71
71
50_71
74
83
50
55
74
74
74
67
71
81
83
71
71
62
74
74
81
52
74
71
79
79_79
79
64
79
79
79
79
52_71_79
64
48
69
74
69_69
64
69
81
69
48_69
79
79_81
79_79
69
69
64
79
79
79
79
50
78
62
78
78
62
74_78
69
50
62
78
74
78
78
78
69
62
50
50
43
79
79
79
79
62_71
62
74
50
71_79
83
50
83
83
74
79
79
83
83
83
74
72
81
81
81
72
81
81
81
74
74
79_81
81
81
62
62
83
43
83
83
81
81_81
47
67
74
50_67
47
71
66
71
50
66
55
76
71
83
83
83
55
81
71
81
81
76
81
81
81
74
52
79
79_79
71
74
79
79
79
71
52
73
69
57
78
78_78
79_79
79
78
78
78
69
79
79
79
76
67_76
76
76
76_76
67
78
78
66
78
73
57
78
81
81
78_81
78
66_78
78
81
81
81
40
76
72
79
79
79
76
79
40
79
79
72
42
75
69
79
79
79
81
81
42
45
79
81
79
69
79
75
45
48
64
76
48
76
64
75
54_66
81
81
81
54
75
79
79_79
66
79
79
79
51_69
78
78_78
78
78
78
69_78
51_78
67
71
55
76
76
76
78
78
78
76
76
67
76
78
78
78
66
75
75
75
75
66
75_75
64
76
76
76
64
76_76
79
79
71_76
79
55
79
79
79
59
39_71
78_78
78
71
78
78
39_78
59
71
40_71
78_78
78
79
79
76
43
78_79
78
40_71
71
78
43_76
47
74
66
47
74
66
52
73
64
79
79
79
52
73_78
78
78
64
78
78
78
76
49_67
76
76
76
76
76
76
76
49
67
69
54
66
74
74_74
66
76
76
74_76
74
74
76
76
76
64
73
73
73
64
73
73
73
62
74
74
74
54
62
78
78
69_78
74
74
74
78
78
78
37
57
69
76
76
76
76
76
69
76
37
57
62
38
69
78_78_78
62
79
79
79
38
78_78
69
78
79
79
79
42_62
81_81
81
69
81
81
81
62
69
42
71
43
62_71
67_71
73_73_73
43
71
71
71
62
67
73_73
73
47
74
74
74
74
74
74
47
71
44
64
76
76
76
78
78
44
76
78
64
76
76
71
78
78_78
40
74
74
74
74
74
40
74
45
69
64
73
73
73
74
73_74
74
73
73
64
45
69
74
74
74
49
76
76
76
76
76
76
49
46
73
66
78
78
78
79_79
46
78
79
78
66
78
73
79
79
79
42
76
76
76
76
76
42_76
71
74
74
47
66
74
76
76
76
74
71
74
74
66
47
76
76
76
78
78
45
78
78
78
78
45
74
79
47
62
79
79
81
81
79
79_81
79
74
47_62
81
81
81
43
78
78
78
78
78
78
43
76
49
76_76
69
76
78
78
78
76
76
76
76
69
49
78
78
78
79
79
79
47
79
79
79
76
47
69
81
81
81
49
76
69
83_83
83
81
49
81_81
83
83
83
79
79_79
45
79_79
79
45
74
69
79
79
79
50
73
67
78
74
69
52
79
78
78
79
79
50
73
67
52
69
74
78
54
50
74
81
74
69
78
50
54
81
74
67
71
74
55
83
50
62
78
78
78
74
76
83
76
76
76
67
85
50
62
71
76
76
76
76
85
74
74
74
78
66
86
71
62
74
74
78
74
86
66
62
71
76
76
76
81
76
64
73
69
73_81
73_76
73
76
83
76
55
73
64_73
73_73_83
76
74
54_74_78
74
81
69
66
50
74
74
74
78
81
50
54_66
69
55_69
69
69
79
64
76
71
50
69
79
76
50
69
69_74
69
74_74
64
74
78
71
55
74
78
74
74
74
69
73
73_73
69
69
64
76
57
45
69
69
73
64
73
76
45
69_73
57
62
62
74
62
66
66
59
50_62
62
62
57
62_62
50
59
57
74
74
74
55
74
74
55_74
81
81
81
54_62
74
66
62
66
55
54
55
52
72
66
52
66
72
51
66
71
81
81
81
83
83
83
51
83
83
83
59
81
81
81
81
81
59
81
66
50
64
80
80
80
76
76
80
76_80
50
80
76
76
76
59
78
78
78
71
78
59
78
78
49_69
79_79
79
81
81
79
81
79
49
79
81
81
81
57
79
79
79
79
79
57
64_79
62
48
78
78
78
74
74
74
78
78
78
48
74
74
74
57
76
76
76
76
69_76
76
57
47
67_77
77
77
79_79
79
77
77
77
47
79
79
79
55
77_77
62
77
77_77
77
55
46
61
76_76
76
64
61
73_73
73
76
46
76
76
73
64_73
55_73
62
74
74
74
62
74
74_74
55
45_64
73
73
73
66
74
74
74
64
73
73
73
66
74
74
74
67
76
76
76
67
76
76
76
61
69_69
69
45
64
69
67
61
49
69
49
64
67
73
52
73
52
67
73
76
55
69
69
69
61
73
76
55
61
69
81
73_81
64
81
64
81
81
69
81
73
62
83
74
83
55
83
55
83_83
54
83
74
62
54
67
52
76
69_85
85_85
76
45
85
67
52
69
85
85
76
45_76
85
85
69
54
85
74
85
86
66
50
81
86
86
86
66_69
50_85
86
52
81
79
69_86
74
85
54
86
79
69
86
52
50
50
74
81
74
78
78_81
81
81
81
81
74
50
78_81
78
74
81
50
74
79
45_79
57_78_79
78
74
69
78
78
78
45
78
79
79
79
78
74
73
79
76
57
74
67
69
76_78
78
78
76
76
76_79
73
67_76
76
76
81
74
45_69
74
45
66
74
74
74
69
74
45
81
74
66
45
74
74
74
79
50
69
50
76
76
69
74
66
76
78
79
74_76
74
50_76
78
79
74
76
74_74
76
76
78
79
76
74
74
76
74_76
79
78
76
74_76
74
74_76
78
79
76
74
74
76
74
76
79
78
76
74
76
74
74
76_78
74
76_79
74
76
74
76
74
76
66
74
69
50
69
74
78
74
74
