69
62_69_69
62_62
69
66_66
50
50_62
69
66
69
69
62
69
66
78
81
81_81
62
50
81
78
62
78_81_81
81
81
50
78
62
62
74
78
78
78
78
74
74
78
78
78
78
74
76
76_79
69_79
79
45
79
69
45
62
61
79
76
76
79
79
69
61
69
79
59
59
61
64
69_69
69
69
45_69
69
69
61
69
45
69
69
64
69
69
69
69
57
69
76
79
79
79
79
76
45
69
79
76
79
79
76
79
57_69
69
45
76
69
76
76
73
76
76
76
76
76
69_73
62_62
74
78_78
50
69
78
78
69
50
62
50
69
78
62
78
78
69
74
78
50
52
52
54
69
69
62_69
69
62_69
54
69
69
69
76
76
55
61
64_76
76
76
76
55
64
73
61
73
52
73
73
73
52
73
57
54_74_74
66
74
57
66
54
74
74
74
62
73
73_73
64
55
73
73
73
62
55
71
64
71
71
71
71
71
69
69
62_69
66
57
69
69
69
62
66
57_71
71
71
71
71
71
61
67_67
64
45_67
61
45_64
67
67
67
67
67
67
50
57
62
66
67
66
66
67
67
66
67
66
66
67
67
66
66
66
67
67
67
64
66
50
64
64
66_66
54
57
64
64
62
64
62
54
62
62
57
62
62
62
57
69
69
69
66
62_66
62
69
62
50
50
62
69
62
66
69
69
69
66
81
81
78_78
81
81
62
50
62
81
81
78
81
81
78
62
50_62
78
78
78
74
74_78
78
74_78
78
78
74
79_79
79
79
69
76
69
76
45
45
62
61
79
79
76
69
76
79
79
69
61
59
59
69
61
69
69
69
69
69
45_69
64
61
69
69
45
69
69
64
69
69
69
76
79
57
69
79
69
79
79
45
76
79
76_79
79
79
76
69
57
69
73
76
45
69
76
76
76
76
73
76
69
76
76
78
62
69
50_69_74
62_78
78
78
62
50
61
62
78
69
74
78
78
78
69
61
59
80
71_80
80
74
59
71
74
80
80
80
83
83
71
68_83
64
83
83
83
64
71
80
68_80
80
80
80
80
81
81
64_76
81
61
64
81
81_81
76
61
80
59_80
80
74
64
80
80
80
59
74
78
57
78
64_78
73
78
57_78_78
73
76
76
76
56
71
64
76_76
76
78
71
56_78
78
64
78_78_78
52
74_74
74
68
64
52
74
74
74
68
64
73
73
57
69_73
64
57
69
64
73_73
73
78
78
78
50
69
62
78
78
78
74
50
62_74
74
69
74
74
74
76
49
76
76
57
69
49_57
69
76
76
76
69
54
74
74
57
74
74_74
74
69
54
57_73
73
73
73_73
73
71
66
71
71
50
62
71
71
71
73
50
73
73
73
73
66
73
62
69
69
69
66
47
62
69
69
69
62
47_66
61_64
64_64
64
52
64
64
61
64
52
64
68
59
40
68_68
64
40
68
59
64
68
68
69
69
45_69
64
61
69
45
69
61_69
64
62
62
66
50_69
69
69_69
62
66
62
50
62
69
66
69
66_69
69
78_81
81
50_62
81
78
81
62
81
81
81
78
78_81
50
62
62
78
74
78
74
78
78
78
78
74
74_78
78
69
78
69
78
45_74
74_78
78
74
74
76_78
79
76
78_79_79
78
79
78
45_62
61
69
69_79
61
79
79
76
79
76
59
59
45_64
61
69
69_69
69_69
69
69
45
61
69
69
69
64
69
69
69
69
76
79
79_79
57
76
79
69
45_69
79
79
76_79
76
79
57
69
69
45
73
76
69
76
76
76
76
69_76
76
76
73
62
73
69_76
76
62
76
69
50_76
73
78
74_78
78
78
76_76
76
50
76
62
50
69
62
78
69
50
78
78
74
78
52
52
54
62
69
69
69
69
62
69
69_69
54
69
76_76
64_76
55_61
76
76
76
55
61
64
73_73
73
52
73
73_73
52
57
54
74_74
74
66
57
54
66
74
74
74
62
73
55_73
64_73
73
73
73
62
71
55
64
71
71
71
71
71
69
69
69
62
66
57
66
69
69
71
62
69
71
71
57
71
71
71
67
67
64_67
61
45
45
64
61
67
67
67
67
67
67
62
50
57
66
66
66_67
67
67
66
66
66
67
67
67
66
66_66
67
50
67
67
64
66
64
64
54_66
66
57
62
64
54
64
64
57_62
62
62
62
62
62
57
62_62
50
66_69_69
69
62
69
66
50
62
69
69
69
66
62
69
66
81_81
78_81
50
81
62
78
62
81
81
78_81
81
50
78
62
62
74
78
74
78_78
78
74
78
78_78
78
74
78_78
74
69_74
45
78
78
69
74
79_79
76
76
74_78
79
79
78
45
78
78
62
61
79
69_76
69
76_79
61
79
79
59
59
69
64
69
69
61
69
45
69
69
69
61
45
69_69
69
64
69
69
69
69
76
57
79
79_79
76
79
69
45
69
76_79
79
76_79
79
69
45
57
69
69
73_76
76
76
76
69
76
76
73_76
76
62_73
76_76
50_69
69_76
62
76
73
50_62
78
74
78
76_78
78
76_76
76
61
69
62
78
74
69
78
78_78
61
59
80
80
71
80
74
59
71
74
80
80
80
83
64
83
83
71
68
83
83
83
64
68
71
80
80
80
80
80
80
64
61
81
81
76
81
64
81_81
81
61
76
59
80
74_80
80
64
80
80
80
59
74
57
64_78
73_78
78
57
78_78
73_78
56
76
71_76
76
64
76
76
76
64
56
71
78_78
78
78
78
78
52
74
74
64_74
68
64
52
68
74
74
74
73
73
73
57
69
64
57
69
64
73
73
73
78
78
78
50
62
69
78
78
78
50_62
74_74
74
69
74
74
74
57
49_76
76
69
76
57
49
69
76
76
76
74
74
54_69
57
74
74
74
74
54_57
69_73
73
73
73
73
73
71
71
71
50_66
62
71_71
71
73
73
66
73
50
73
73
62
73
69
62
69
69
66
47
69
62
69
69
66
47
61_64
64
64_64
52
61
64_64
52
64
64
59
40
68
68
64_68
59
68_68
40
68
64
69
69
61_69
45
64
69
69
45_64
61
69
64
61
45
76
76
76
45
61
64
76
76
76
64
76
57
64_64
49
64
64_64
57_76
67
67
67
49
67
67
67
66
76
57_66
66
50
50
76
57_66
59
49
66_66
66
66
59
64
61
49
61
64
66
74
47
74
74
62
66
47
62
74
74
74
66
66
66
78
50
59
78
66
66
66
59
50
69
69
69
69
69
69
78
67
67
52_67
59
52
78
50
67
67_67
67
66
59
67
50
66
73
67
52
73_73
64
64
67
52
73
73
73
70
70
70
66
54
64
70_70
70
73
66
73_73
64
54
73
73
73
71
71
71
62
55
71
62
55_71
71
71
71
54_73
73
66
70_73
73_73
73
74
74
54_74
70
66
74
74
74
73
73
73
71
64
55
73
73
73
71
71
71
55
71
64
71
71
71
79
52_62
79
71
79
62
71
52
79_79
79
81
71
54_81
61
81
79_79
81
81
79_81
81
81
79_79
81
79
79
81_81
81
54
71
78
78
79
79
79
78
56
70
56
78
78
78
70
58
61
58
66
66
66
59
59_66
62
62
59
59
66_66
66
66
78
57
78
74_78
78
59
78
78
78
74
78
57
59_74
74
74
74
74
74
74
74
76
56
76_76
74
59
76
56
59
74
61
73
58
76
76_76
58
73
76
71
61
61
71
61
58
73
66
66
66
66
66
73
66
58
66
66
66
66
70
76_76_76
54
66
76
76_76
76
76
70
66
73_73
73
54
78
73
73
73_78
71
74
74
74
59
66
74
71
59
66
74
74
74
62
71
71
71
55
67
71
71_71
62
74
74_74
74
67
55
74
74
74
64_73
73
73
52
67
73
73
73
70_70
70
67
52
70_70
64
70
71
71
71
66
50
66
66
71
50
71
66
67_71
49
64
49
67
64
66
78
78
50
78
62
66
62
50
78_78
78
52
71
79
79_79
61
71
79
52_79
79
61
78
78
78
78_78
78
54
76
76
71
76
61
76
54
76
76
74_74
61
74
71
74
74
74
42_73
70
73_73
66
42
73
73_73
70
74
66
74
74
74
74
74
47
71_71
66_71
62
47
57
71
71
71
66
57
62
54
54
55
71
67
71
62_71
62
71_71
71
67
83
67
74_83
83
83
83
74
83
67
79
71
79
79
79
79
71_79
81
81
64
81
72
55
64
54
63_81
81
72
81
54
52
63
64
52
64
51
66_71
71
66
71
66
51
66
71
71_71
78
63_81
81_81
47
81
78
81
81
47
63
75
78
78
78
78
75_78
78
76
79
79_79
59
52
52
54
76_79
79
79
54
55_59
55
57
64
57_73
73
73_76
69
45
69
57
64
45
57
76
69
73
73
73
69
76
49
79_79
79
57
79
76
45
69
79
79_79
76
49
45
79
76
76_76
76
57
76
69
76
76
76
76
78_78
50
69
74
78
78
50
74
69
50
69
50
74
78
78
78
78
69
74
47_66_76
76
76
71
76
76
76
76
66_76
74
47
74
74
71
74
74
74
74
74
76
76
76
71
43
64
76
50
74_83
76
76
76
76
50
73
73
64_73
43_71
78
73
73
73
78
74
74
74
83
74
44
71
76
64
76
74
74
44
71
64
78
74
78
74
74
74
69
45
76
64_69
81
45_73
73_74
74
74
73
74
74
73
74
73
73
45
73
73
73
74_76
74
74
45
71
71
71
73
73
47
73
69
71
69
71
71
47
69
49
69
69
64
69
49
69
69
69
50
81
69
81
81
66_81
69
50
69
52
66
81
81
81
52
54
69
81
69
62
69
69
69
81
62_69
72
72
72
72
72
72
71
71
79
62_71
54
79
52
67
71
71
71
52
67
62_66
50
50
66
52
67
79
79_79
59
52
54
67
59
79
79
79
54
55
71
71
71
64
64
71
71
71
64
74
64
74
74
74
74
74
73
69
73
73
64
55
73
73
73
76
52
76
76
76
69
76
76
64
52_73
73
73
73
73
73
69
49
69
69
69
76
64
76
69
45
49
76
45
64
69
76
69
69
69
69
45
69
79_79
73
79
69
79
76
45
79
79
79
79
45
73
69
45
76
69_76_76
76
76
76
76
76
76
50
69
69_78
78
74
74
78
78
50
78_78
69_78
78
50
76
50
67_76
74
76
76
69
74
76_76
76
76
67
74
55
66
74
66
71_74
74
74
66
74
74
74
66_74
76
67_71
55_76
74
76
76
62
76
76
76
76
67
62
57
64_69
69_78
69
69
69
69
45
69
69_69_76
69
57_69
45
78
64
66
76
78
69
76
66
78
45
69
64_69_73
69
73
45
73
69
45
76
69
45
73
69
73
74
64
69
73
69
74
66
50_50_74
74
69
69_74
66
74
50
74
74
74
69
66
50
74
45
64_66
76
61
69
76
76
64
45
61
76
76
76
64
49
57
64_76
64
64
64
64
76
67
49
57_67
67
67
67
67
67
50
67
67
76
57
68
66_66
66
50
67
67
68
67
76
57
49
66
66
59
66
66
66
59
64
49
61
61
64
74
74_74
47
62_66
66
47
62
74
74
74
66
66
66
78
59
50
66
66
78
66
59
69
69
69
50
69
69_69
69
69_69
78
52
59
67
67
67_69
52
69
69
78
50
67
67
67
59
67
66
50
67
66
52
67
73
73_73
64
67
52
64
73
73
73
70
70
54_70
66
64
70_70
70
66_73
73
73
64
54
73
73
73
55
71
62_71
71_71
55
62
71
71
71
71
54
73
66
70
73
73
73
73
54_74
74
73
66
70
74
74
74
74
73
73
55
71
73
64
73
73
73
71
71
71
55
64
71
71
71
71
52
79
79
62_71
79
71
79
52
62
79
79
71_81_81
81
54
61
79
79
79
81_81_81
81
81
81
79
79_79
79_79
79
81
81
81
71
54
70
78
79
78_79
79
78
56
56
70
78
78
58_78
61
58
62
59
66
59
66
66
66
62
59
59
66
66
66
66
57
74
78
78
59_78
78
74
78
78
78
78
57
59_74
74
74
74
74
74
74
74
56
74
74
74_74
59
74
56_76
74_76
74
74
76
74_76
74
59
61
73
58
58
76_76
76
73
71
76
61
61
71
61
66_73
58
66
66
66
66
66
58
66
66
66
73
66
71
76
76
76
66
54
76
71
76
76
76
70
76
66
73
73
54_73
78
70
73
73
78
73
71
74
66
74
59_74
76
59_71
66
74
76
74
74
74
62
71
71
71
55
67
62_71
71
71
74
55
74
67
74
74
74
74
74
64
73
73
73
52_67
73
73
70_73
70
70
64_70
70
52
70
67
71
71
50_66_71
66
66
50
71
66
67_71
49_71
64
67
64
49
78
66
62_78
78
50
66
62
50
78
78
78
71
79
52
79
79
61
71
79_79
79
78
52
61
78
78
78
78
78
76
71
54
61
76
76
71
76
76
54
61
74
76
74
74
74
74
74
73
70
42
73
73
66
73
42
73
70
73
74
66
74
74
74
74
74
66
47
71
62_71
71
47
57
71
71
71
66
57
54_62
54
67
55
71
62
71
71
62
71
67_71
71
83
83
67
74
83
74
83
83
83
67
79
71
79_79
79
71
79
79
79
64
79
71
79
81
72
81
79_81
79
71
79
55
64
54
63
72
54
81
81
81
63
52
64
52
64
71
71
66_71
66
51
66
51
71
71
66
71
81_81
78
81
63
47
81
78_81
81
47
78
78
63
75_78
78
78
75_78
78
78
52
78
59
75
79
79
79
76
78
78
75_78
52
54
79
54
79
79
59
76
55
55
73
57
73
57
64
69
73_76
45
69
45
57
57
64
76
69
73
69
73_73
79
49
79
57
76_79
79
76
45
69
79
79
79
79
76
45
76
49
76
57
76
76
76
69
76
76
76
76
69_78
74
78
78
50
78
50
74
69
74
50
69
50
78
78
78
78
69
74
76
66_71
47_76
76
76
76
76
76
76
74
66
71_74
74
74
47
74
74_74
74
76
76
64
43_71
76
76
50
74_83
76
76
76
76
71
50
64
73_73
78
43_73
73
73
73_78
74
74
74
83
44
76
71
74
64
76
71
44
64
74
74
74
78
78
74
45
74_74
76_76
69
64
69
76
81
45
74
73
73
74
73_74
74
74
73
74
73
73
76
45
73
73
73_74
74
74
45
71
71
71_73
47
69
73
73
71
71
71
69
47
69
49
69
69
69
64
69
49
69
69
50
81
69
81
81
81
66
69
50
69
66
52
81
81_81
52
62_81
54
69
69
69
81
69_69
62
69
72
72
72
72
72
72
72
79
72
72
62
71
71
72
71
72
72
54
79
67
52
71
71
52_66
71
67
50
62
66
50
52
67
79
59
79
79
52
54
59
67
79
79
79
54
64
71
55
71
64_71
71
64
71
64
71
74
74
74
74
74
74
74
69
64
74
74
73
74
73
73
74
74
55
73
73
73
52_76
76
76
76
76
64
73
69
73
76
52
73
73
73
73
69
69
49
76
64
69
69
76
69
45
76
64
45
69
49
76
69
69
69
69
45
69
73
79
69
76_79
79
45
79
79
73_79
45
79
79
69
45
69_76
76
76
76_76
76
76
76
76
50
69
74
78
74
69
78
50
78
78
78
69_78_78
78
50
74
50
76
76
67
69
76
76
74
76_76
76
76
67
74
55_71
66
74
66
74
74
74
66
74
74
66_71
74
74
55
74
67_76_76
62
76
76
76
76
76
67
62
76
69
69
69
69
57_64
69
69
45
78
69
69
69
45
69
69
57
64
76
78
66
69
76_78
66
76
78
45_69
73
69
69
73
64_73
45
69
45
69
45
73
69
73
73_76
64
69
74
69
74
74
50
66_74
50
69
66_74
69
74
50
74
74
74
50
69
74
66
66
74
69
74
74
74_74
62_74
74
74
73
73
73
61_74
74
73
73_74
62
74
74
74
74
74
73
73
61
74
73
73_74
74
62
74
74_74_74
73
74
74
74_74
74
62_74
74
74
74
66
66
66
54
66
66
66
66_66
64
66
64
52
64
64
54_64
66
66
66
66
66
66
66
64
52
64
66
64
66
64
64
54_66
66
66
66
66
66
66
66
66
66
66
54
66
66
66
69
69
57
69
69_69
69
69
69
67
55
67
67
67
67_69
69
57
69
69_69
69
69
69
67
67
55_67
67
67
69_69
69
69
57
69_69_69_69
69
69
69
57
69
69
69
69
69
62_62
62
62
62
62
50
62
62
62
64
62
62
62
62
62
64
50
62
62
69
66_74
74
69
69
74
76
76
69
66
74
76
76
78
62
74
78
74
78
62
74
74
78
74
74
67
76
76
76
76
67
74
74
64
76
76
73_73
64
76_76
73
73
71
71
71
71
69
73
73
76
76
76
69
73
74
73
74
78
78
76
74_78
74
78
57_79
76
76
79
79
57
76
76
76
73
79
76
73
73
76
73
76
62
74
74
78
78
62
74
74
78
78
74
66
69_74
69
66
69_74
74
69
74
74
74
74
74
74
74_74
62
73
73
73
73
74
74
73
74
61
74
74
62
74
74
74
73
73
73_73
73
61
74_74
74
74_74
74
74
74
62
74
74_74_74
74
62
74
74
74
66
66_66_66_66
66
66
66
54
64
64
64
64
64
66
66
52_66
66
66
54
66
66
66
64
64
64
64
52
64
66
66_66
66_66
66
66
66
54
66
66
66
66
66
66
66
54
66
69
69_69
69_69
69
69_69
57
67_67
67
67
67_69
55_69
69_69
69
57
69
67
69
69
67
67
67
55_67
69
69
69
69_69
69
57_69_69
69
69
69
69
69
69
57
69
69
62_62
62_62
62
62
62_62
50
62
64
66
64
62
62
62
50
64
62
66
62
62
62
64
62
78
78
61_62
76
76
78
78
61
59
74
76
74
76
59
57
73
74
73
74
57
56
73
71
71
71_73
71
71_71
56
69
69
71
71
71
68
71
71
68_69
69
66_71
69
71
68
66
71
68
66
64_66_68
69
64
71
71
64
66
73
73
64
68
71
71
73_73
64
74
66
74
64
64
74
62
74
71
71
64_64
64
71
62
71
61
64_76_76
64
61
62
66_76
76
66
64
64
62
64_66
66
68
64_68
64
68
64
62_68
64
64
64
64
64
64
61
69
62_69
76
76
59
69
61
74
74
76
76
59
57
57
73
73
74
74
57_57
56
71
71
73
73
56
71
54
71
69
69
69
69
68
68
69
69
54
69
66
66
69
68_68
69_69
64
66
66
64
68
69
69
69
64
64
62
68
66
62
69
69
62
71
64
71
62
69
66
69
71_73
64
62_73
71
62
62
69
62
69_73
61
62_73
62
69
69
61
74
59
62
74
62
74
64_74
61
59_64
62
62
61
64
66
62
66
64
62
62
62
66
62
62
66
62
62
59
62
59
62
74
74
74
74
62_74
74
73
73
73
73
73
61
74
74
74
62
74
74
73
73
73
61
74
73_74_74
74
62_74
73
74
74
74
62_74
74
74
69
69
68
56_68
74
68_68
68
66
66
54
66
66
56_68
66
68
68
68
68
66
66
66
54
66_68
56
68
66
68_68
68
74
68
68
68
76
56
68
68
76
59
71
71_74
71_71
71
74
57
69_69
69
69
59_71
69
76
71
71
71
71
76
57
69
69_69
69
69
59
71
71
71
71_71
74
74
71
71
59
71_71
71
76
76
71
52_74
80
80
74
74
80
80
74
74
71
64
68
68_71
74
71
69
71
69
71
64
68
68
64
71
69_71
68
68_69
74
71_71
74
64
74
74
68
68
64
69_73
73
69
71
71
73
73
64
69
69
64
73
73
69
69
71
71
73
73
76
76
69_76
64
76
69
75
66
69
66
75
73
75
73
75
66
69
66
75
75
73
66
73
66
69
78
78
75
75
66
69
78
78
66
83
83
68
68
71
68
81
69
69
73
68
81
71
83
69
69
83
73
80
71_81
71
74_80
81
52
78
74
80
78
71
80
71
78
76
78
76
73_76
73
73_76
76
57
76
76
73
73
56
73
57
76
76
76
81
56
76
76
57_69_81
76
76
76
81
81
69
57
76
76
76
76
76
49
76
69_73
81_81
76
69
81
76
47
73
76
69
49
81
81
81
69
47
81
64
49
81
81
81
81
69
69
81
81
64
49
69
81
81
81
69
66
52_76
69
76
76
74
71_74
73
64
73
66_71
74
69
74
50
66
71_73
52
74_74
64_73
69
64
73
69
73
69
66_71
74_74_76
76
50
76
52
62
71
76
76
68_71
68
76
64_73
69
73
71
62
68
71
52_76
64_73
76
76
68_69_73
73
64_73
69
45
69
61
69
69_69_69
69
64
69
69
69
69
61_64
45
69
69
74
74
74
62
74
74
74
74
74
73
73
61_73_73
73
74
74
74
62_74_74
74
74
73_73_73
73
61_74
73
74
74
74
74
62
74
74
74
74
74
74_74
62_74
74
74
74
74
66_66
66
66
54
66_66
66
66
64
52_64
64
64
64
66
66
66
54
66
66
66
66
64
64_66
64
52
64
64
66
66
66
66_66
54
66
66
66
66
66
66
54_66
66
66
66
66
69
69
69
57_69
69
69
69
69
67
67_67
67
67
55
69
69
69_69_69
57
69_69
67
67_69
55
67
67_67
69
69
57
69_69_69
69
69
69
69
69
57_69_69
69_69
69
69
62
62
62
62
62
62
62
50_62
62
64
62
62
62
62
62
64
62
50
66
69
69
74
62
74
69
69
66_76
76
74
74
76
62_76
78
78
74
74
74
62
74_78
78
74
74
67
76
76
76
76
67
74
74
64
73_76
76
73
64
76
76
71
71
73
73
71
71
69
73
73
76
76
69
78
76
73_78
74
74
73
76
78
74_74
78
57
79_79
76_76
57
79
76
76
79
76_76
73
73
73
73_76
76
74_74
78
62
78
74
74
62
78
78
66_69
69
74
74
66
69
69
74
74
74
74
74
74
74
74
74
74
62
73
73
73_73
73
74
74
61
74
74
74
62
74
74
74
73
73
73
73
73
61
74
74_74
74
74
74_74
74
62
74
74_74_74_74
62
74
74_74
66
66
66_66
66_66
66
66
54
64
64_64_64
52_64
66
66
54
66
66
66
66
66
66
64_64
64
64
52
66
64_66
66
66
66
66
54_66
66
66
66_66
66
66
54
66
66
66
69
69_69
69
69
69
57_69
69
67
67
67_69
57_67
69
69
55
67
69
69
69
69
69
67
67
55_67
67
67
69_69_69
69_69
69
57_69
69
57
69
69
69
69
69_69
69
69
62
62
62
62
62
62
62_62
50
64
62
64
66
62
62
64
66
62
62
62
50_62_64
62
62
78
78
62
61
76
76
78
78
61
59
74
76
74
76
59
57
73
74
73
74
57
56_73
71
71
71
71
73
71
71
56
69
69
71
71
71
71
71
68_68
69
69
69
71
71
71
66
66
68
68
69
66_68
66
64
64
71_71
66
68
64
73
73
64
71
71
64
74
66
74
73
73
64_64
62
71
71_74_74
64
64
64
62
71
71
61
76
64_76
64
61
62
66_76
66
76
64
64
62
64_66
64_68
64_66_68
68
64_64
62_64
64
64
68
64
64
61
62
69
69
76
76
59
61
74
69
74
76
76
59
57
73
57
73
74
74
57
56
57
71
71
73
73
56
71
54
71
69_69
69
68
69
68
69
69
54
69
66
68
69
69
66
69
68
64
66
68
64
69
66_69
69
64
68
64
66
62_69
62
69
71
62
64
69
71
66
62
69
64
62
73
71
62
71_73
62
62
69
73
61_62
62
69
73
69
61
74
69
59
74
62_62
74
59
61
74
64
64
62
62
61
62
64
62
66
62
64
66
62
62
66
62
59
62_66
62
59
62
62
74
62
74
74
74
74
74
73
74
61_73
73
73
73
62
74
74
74
74
73
61
73
62_74
73_73
74
74
73
74_74
74
74
62
74_74
74_74
69
69
56
68
68
68_74
68
68
54
66
66
68
56
66
66
66
68
68
68
68
54
66
56_66
66_68_68
66_68
66
68
68
74
68
68_68
68
56
76
68
76
59
71
74
71
71
71
71
74
69
69
57
69
69
69_76
59_71_71
71
71
71
76
69
57
69
69_69
59
69_71
71_74
71
71
71
74
71
59_71
71
71
71
76
76
76
71
74_80
52
80
74
74
76
76
74
74
76
80
80
74
71_74
64
68_71
74
68
71
69
71
69
71
68
64
68
71
64_68
69
71
68
69
71
74
71
74
68
68
64
74
74
64
73
69
69
73
71
71
73
73
64
69
69
73
64
73
69
69
71
71
73_73
76
76
64
69
69
76
76
66_66_75_75
69
73
73
75
75
66
69
66
75
73
75
69_73
66
66
78
78
75
75
66
66
69
78
78
83
83
68
68
71
68
69
69
73
81
81
68
71
83
83
69
73
69
71
71_80
74
80
81
81
52
78
74
78
71_80
71
80
78
76_78
73
76
73
73
76
76
76
57
76
76
73
73_73
56
57
76_76
76
56
76
81
69_76
76
57
76_81
76
81
69
81
57
76
76
76
76
76
73
69_76
49
69
81
76
81
81
76
73_76
47
69
49
69
81
81_81
47
69
64
81
49_69
81
81
81_81
81
81
64
69
81
81_81
49
69
69
66
76
71
76
76
52
74
74
69
71
73
73
64
74
74
66
71
50
69
74
74
66
52_73
64
73
69
71
73
64
73_74
69
74_76
66_76
76
50
68
71
68
71
52_62_69
76
64
73
76
76
73
68
71
71
52
62_64
76
69_73
73
76
76
68
73
73
64_69
61
69
64
69
69
45
69_69
69
69_69
69
61
64
45
69
69
69
69
57_69
69
76
56
68
68
68
57
69
69
69
56
68
69
69
57_68
69
68
76
69
69
57
69
81
81
61
61_61
49
76
59
59
47
59
61_61
61
49
59
61
59_59
47
49
61
61
76
61
61
61
49
78
78
64
64
52
64
76
62
76
62
64
50
62
64
52
64
78
62
78
64
62
62
50
64
52
64
76
64
52
64_76
64
78
78
57
57
57
45
78
78
76
78
76
78
76
78
76
76
78
57
57
57
45
79_79
76
76
70
76
76
79
79
68
76
70
68
78
74
70
78
74
70
71
70
78
71_74_78
74
76
70
71
73_73_76
71
64
62
64
76
76
73
73
62
64
71_74
71
74
64
74
71
71
74
76
66
73
76
73
74
76
71
71
73
74
76
73
76
74
66
73
73
76
71
74_74
71
76
71
74
71
73_76
73
73
70_74
54
70
73
71
74
71
54
70_73
73
70
74
71
66
71_74
59
78
73
58
73
74
74
59
74
73_74
58
73
59
78
74
78
74
59
78
83
78
78
83
78
78
50
78
49_76
78
76
78
50
50_78
76
49
78
76
78
78
78
83
50
83
79
71
83
83
79
71
83
73
83
73
54
78
78
79
83
83
79
52
79
54
79
79
79
52
81
54
81
78
78_81
54
79
81
73
79
73
75_79
81
81
47
75
79
78
79
78
79
78
79
78
78
79
66_81
75
81
75
47
64
76
76
79
79
78
76
64
76
78
78
79
79
78_78
76
70
76
70
61
76
76
70_79_79
70
61
79_79
71_78
71
62
78
78
71_78
71
62
62
55_71
62
71
71
71
62
62
55
64
52_73
67
73
73
64
73
52
67
70
61_66_70
54
54_70
61
70
66
71
62_71
59
62
71
71
62
59
62
57
62
69
62
62
66
50
66
66
64
49
64
50
66
66
62_66
69
66
49
50_74
66
66
69
64
64
67
50
66
67
66_74
66
69
67
67
69
69
74
66
42
69
67
69
67
69
40
42
69
67
74
69
66
69
42
67
69
40
74
78
71
57
69
71
69
42
69
74
78
71
71
72
72
54
45
69
74
78
71
71_72
43_72
45
72
69
78
43
74
71
45
72
71
74
81
78
45
74
72
78
74
72
74
81
74
74
72
38
72
74
81
78
71
72
71
72
72
71
72
71
78
72
72
62
78
54
62
78
78
38
72
69
69
66
74
72
81
78
71
69
69
72
66
71
72
72
62_71
69
72
69
71
69
72
81
72
62
81
81
81
71
67
69
71
69
71
69
67
71
69
71
69
69
64_71
67
67_69
71
71
81
66
67
81
66
67
64
81
81
66
79
66
64
61
79
64
78_79
64
61
79
78
64
78
78
76
69
62
69
76
69
76
62
69_76
74
74
74
74
57
73
69
73
69
67
73
67
73
69
69
57
66
59
66
69
67
69
67
64
59
69
69
61
64
66
66
61
64
62
64
62
62
78
78
61
62
62
76
76
62
78
78
61
59
74
62
74_76
76
62
57
59
73
62_73
62
74
74
57
73_73
55_71
71
62
62
71
64
71
55
62_64
62
64_66
71
64
62_66
71
66
62
71
71
62_62
66
62
62
64_67
71
67
71
67
64
73
67
73
71
71
73
74
59
74
73
67
67
67
74
71
67
74
71
59
71
71
76
67
61
76
67
74
59_74
76
61
76
59
73
57
74
73_74
57
71
55
73
71
73
67
67
55
71
71
69
57
69
66
74
74_74
50
66
69
49
57
69
50_66_66
74
74
74
49
74
54
69
50
74
74
74
74
69
74
54_74
50_69
69
74
74
74
50
66
69
69
42
66
69
66_66
40
50
69
69
66
42
69
40
42_66
66
66
57
62_74_74
66
66
66
66
74
74
57
42
66
62
66
66_66
67
57
64
67
67
45
69_69
69
66
62
64_67
66_66
67
67
67
64
43
66
62
67
66
45
67
66
66
62
64
66
66_67
67
57
67
43
69
64
69
45
69
61_62_66
64
55
64
69
69
69
66
66
61
64
55
64
45
64
57
66
69
62_66
66_69
69
66
57
62
66
66
62
38
54_57
62
62
62
62
62
54
38_62
57
62_62
62
62
62
57
69
69
69
76
56
68
68
57
68
69
69
69
68
56
57
68
68
69
69
69
76
69
69
57
69
81
81
61
61
49_61
76
59
47
59
59
61
61
49
61
59
59
47
49
61
61
59
61
76
61
61
61
49
78
78
64
64
52
64
76
76
62
62
64
50
62
64
52
64
78
78
62
62
62
64
50_64
52
64
76
64
64
52
76
64
78
78
57
57
57
45
78
78
76
78
76
78
76
78
76
76
78
57
57
57
76
45_70_76_79
79
76
76
79
68
76
70
79
68
70
78
74
74_78
70
71
70
74
71
78
78
74
71_76_76
70
73
73
71
64
62
64
73
76
73
76
62
71_74
74
71
64
64
74
74
71
71
76
73
73
76
66
74
71
73_76
74
71
73
76
76
74
73
71
66
73
71_74_76
74
76
71
73
71_74
76
73
73
74
70
71
70
73
54_74
71
70
73
54
70
73
74
71
71
59
74
66
78
73
74
58
73
74
59
74
74
73
73
58
59
74
78
78
74
59_78
83
78
78
83
78
78
50
78
76
49
76
78
78
50
50
78
49
76
78
76
78
78
78
50
83
83
79
83
71
83
71
79
83
73
54
83
73
78
78
83
52
79
79
54
83
79
79
79
79
54
81
52
81
78
78_81
54
81
79
73
79
73
79
75
47
75
81
81
78
79
79
78
78
79
79
78
78
79
81
75
81
75
66
47
64
76_79
76
78
79
76
76
78
78
64
79
79
78
76
70
61
70_76
78
76
76
61
79
70
70
79
79
79
62_78
71
71
78
78
71
78
62_71
62
55
71
62
71
71
62_71
62
55
73
52_73
64_67
73
64
73
52
67
61
70
70
66
54
61
54
66
70
70
71
62
71
59
62
71
71
59
62
62
57
50
62
62
62
66
66
66
69
49
64
50_64
66
66
49
50
66
62
66
69
66
64_66
69_74
64
66
67
67
74
66
50
66
69
67
67
69
69
42
66
69
74
67
40
69
67_69
42
40_69
74
69
66
42_69
67
69
67
74
78
57
71
69
71
78
69
42_69
74
71
71
72
45
72
54
69
74
78
71
72
43
71
45_72
69
72
71
43_74
78
45
74
72
78
71_81
45
72
74
78
81
74
74
72
74
74
72
38
72
81
74
78
71
71
72
72
72
71
72
71
62
72_78
78
72
54_62_78
78
38_72
69
74
69
72_78
66
81
69
71
69
71
72
66
72
72
62_69
71
72
69
71
72
81
62_69
72_81
81
81
71
69
71
67
69
69
71
67
71
69
69
71
69
64
67
71
67
69
71
71
67
66_81
81
64
66
67
81
81
66
66
79
61_64
79
64
64
78
61
79_79
78
64
78
78
62_76
76
69
69
62
74
76
76
74
69
69
74
74
73
57
73
69_69
73
67
67
73
69
69
57
66
59
69
67_69
66
67
64_69
69
59
61_66
64
66
61
64
62
62
64
78
78
62
61
62
62
76
76
62
78
78
61
59
74
74
62
76
62_76
59
57
73
73
62
74
62
74
57
73
73
55
71
71
62_62
71
64_64
55_71
62
62
64
66
64
62
71
66
71
62
62_66_71
62
71
66
62
62
64_67
67
71
71
64
73
67
67
73
71
71
74
73
74
59
67_67
73
71
74
67
67_71
59
74
71
71
76
76
61
67
67
74
61
59_74
76
76
59
73
73
57
74
74
57_71
55
71
73
73
67
67
55
71
71
69
66
57
69
66
50
74_74
74
69
69
49
57_66
66
50
74
74
74
49
50_54_69_74
74
74
69_74
74
74
74
54_69
69
50
74
74
74
66
50
42_69
69
66_66
69
66
40_69
69
50
66
42
69
40
66
66
66
42
57_74
62_74
66
66
66
66
74
74
42
57
62_66
66_66
66
59
67
67
67
64
45
69
69
69
62
66_66
57
64_66
59_67_67
67
64
43_67
67
59_62
66
57
66_67
66
45
66
57
62_66
64
67
66
59
67
67
69
43
55
69
69
64
61_64
45
66_69
57_62
64
69
66_69
66
55
64
61
64
57
64_66_66
45_69
69
69
62
66
66
57
66
62
66
54
62
62
38
57
62
62
62
62
62
54
57
62
38
62
62
62
62
69
62_69_69
62_62
69
66_66
50
50_62
69
66
69
69
62
69
66
78
81
81_81
62
50
81
78
62
78_81_81
81
81
50
78
62
62
74
78
78
78
78
74
74
78
78
78
78
74
76
76_79
69_79
79
45
79
69
45
62
61
79
76
76
79
79
69
61
69
79
59
59
61
64
69_69
69
69
45_69
69
69
61
69
45
69
69
64
69
69
69
69
57
69
76
79
79
79
79
76
45
69
79
76
79
79
76
79
57_69
69
45
76
69
76
76
73
76
76
76
76
76
69_73
62_62
74
78_78
50
69
78
78
69
50
62
50
69
78
62
78
78
69
74
78
50
52
52
54
69
69
62_69
69
62_69
54
69
69
69
76
76
55
61
64_76
76
76
76
55
64
73
61
73
52
73
73
73
52
73
57
54_74_74
66
74
57
66
54
74
74
74
62
73
73_73
64
55
73
73
73
62
55
71
64
71
71
71
71
71
69
69
62_69
66
57
69
69
69
62
66
57_71
71
71
71
71
71
61
67_67
64
45_67
61
45_64
67
67
67
67
67
67
50
57
62
66
67
66
66
67
67
66
67
66
66
67
67
66
66
66
67
67
67
64
66
50
64
64
66_66
54
57
64
64
62
64
62
54
62
62
57
62
62
62
57
69
69
69
66
62_66
62
69
62
50
50
62
69
62
66
69
69
69
66
81
81
78_78
81
81
62
50
62
81
81
78
81
81
78
62
50_62
78
78
78
74
74_78
78
74_78
78
78
74
79_79
79
79
69
76
69
76
45
45
62
61
79
79
76
69
76
79
79
69
61
59
59
69
61
69
69
69
69
69
45_69
64
61
69
69
45
69
69
64
69
69
69
76
79
57
69
79
69
79
79
45
76
79
76_79
79
79
76
69
57
69
73
76
45
69
76
76
76
76
73
76
69
76
76
78
62
69
50_69_74
62_78
78
78
62
50
61
62
78
69
74
78
78
78
69
61
59
80
71_80
80
74
59
71
74
80
80
80
83
83
71
68_83
64
83
83
83
64
71
80
68_80
80
80
80
80
81
81
64_76
81
61
64
81
81_81
76
61
80
59_80
80
74
64
80
80
80
59
74
78
57
78
64_78
73
78
57_78_78
73
76
76
76
56
71
64
76_76
76
78
71
56_78
78
64
78_78_78
52
74_74
74
68
64
52
74
74
74
68
64
73
73
57
69_73
64
57
69
64
73_73
73
78
78
78
50
69
62
78
78
78
74
50
62_74
74
69
74
74
74
76
49
76
76
57
69
49_57
69
76
76
76
69
54
74
74
57
74
74_74
74
69
54
57_73
73
73
73_73
73
71
66
71
71
50
62
71
71
71
73
50
73
73
73
73
66
73
62
69
69
69
66
47
62
69
69
69
62
47_66
61_64
64_64
64
52
64
64
61
64
52
64
68
59
40
68_68
64
40
68
59
64
68
68
69
69
45_69
64
61
69
45
69
61_69
64
62
62
66
50_69
69
69_69
62
66
62
50
62
69
66
69
66_69
69
78_81
81
50_62
81
78
81
62
81
81
81
78
78_81
50
62
62
78
74
78
74
78
78
78
78
74
74_78
78
69
78
69
78
45_74
74_78
78
74
74
76_78
79
76
78_79_79
78
79
78
45_62
61
69
69_79
61
79
79
76
79
76
59
59
45_64
61
69
69_69
69_69
69
69
45
61
69
69
69
64
69
69
69
69
76
79
79_79
57
76
79
69
45_69
79
79
76_79
76
79
57
69
69
45
73
76
69
76
76
76
76
69_76
76
76
73
62
73
69_76
76
62
76
69
50_76
73
78
74_78
78
78
76_76
76
50
76
62
50
69
62
78
69
50
78
78
74
78
52
52
54
62
69
69
69
69
62
69
69_69
54
69
76_76
64_76
55_61
76
76
76
55
61
64
73_73
73
52
73
73_73
52
57
54
74_74
74
66
57
54
66
74
74
74
62
73
55_73
64_73
73
73
73
62
71
55
64
71
71
71
71
71
69
69
69
62
66
57
66
69
69
71
62
69
71
71
57
71
71
71
67
67
64_67
61
45
45
64
61
67
67
67
67
67
67
62
50
57
66
66
66_67
67
67
66
66
66
67
67
67
66
66_66
67
50
67
67
64
66
64
64
54_66
66
57
62
64
54
64
64
57_62
62
62
62
62
62
57
62_62
50
66_69_69
69
62
69
66
50
62
69
69
69
66
62
69
66
81_81
78_81
50
81
62
78
62
81
81
78_81
81
50
78
62
62
74
78
74
78_78
78
74
78
78_78
78
74
78_78
74
69_74
45
78
78
69
74
79_79
76
76
74_78
79
79
78
45
78
78
62
61
79
69_76
69
76_79
61
79
79
59
59
69
64
69
69
61
69
45
69
69
69
61
45
69_69
69
64
69
69
69
69
76
57
79
79_79
76
79
69
45
69
76_79
79
76_79
79
69
45
57
69
69
73_76
76
76
76
69
76
76
73_76
76
62_73
76_76
50_69
69_76
62
76
73
50_62
78
74
78
76_78
78
76_76
76
61
69
62
78
74
69
78
78_78
61
59
80
80
71
80
74
59
71
74
80
80
80
83
64
83
83
71
68
83
83
83
64
68
71
80
80
80
80
80
80
64
61
81
81
76
81
64
81_81
81
61
76
59
80
74_80
80
64
80
80
80
59
74
57
64_78
73_78
78
57
78_78
73_78
56
76
71_76
76
64
76
76
76
64
56
71
78_78
78
78
78
78
52
74
74
64_74
68
64
52
68
74
74
74
73
73
73
57
69
64
57
69
64
73
73
73
78
78
78
50
62
69
78
78
78
50_62
74_74
74
69
74
74
74
57
49_76
76
69
76
57
49
69
76
76
76
74
74
54_69
57
74
74
74
74
54_57
69_73
73
73
73
73
73
71
71
71
50_66
62
71_71
71
73
73
66
73
50
73
73
62
73
69
62
69
69
66
47
69
62
69
69
66
47
61_64
64
64_64
52
61
64_64
52
64
64
59
40
68
68
64_68
59
68_68
40
68
64
69
69
61_69
45
64
69
69
45_64
61
69
64
61
45
76
76
76
45
61
64
76
76
76
64
76
57
64_64
49
64
64_64
57_76
67
67
67
49
67
67
67
66
76
57_66
66
50
50
76
57_66
59
49
66_66
66
66
59
64
61
49
61
64
66
74
47
74
74
62
66
47
62
74
74
74
66
66
66
78
50
59
78
66
66
66
59
50
69
69
69
69
69
69
78
67
67
52_67
59
52
78
50
67
67_67
67
66
59
67
50
66
73
67
52
73_73
64
64
67
52
73
73
73
70
70
70
66
54
64
70_70
70
73
66
73_73
64
54
73
73
73
71
71
71
62
55
71
62
55_71
71
71
71
54_73
73
66
70_73
73_73
73
74
74
54_74
70
66
74
74
74
73
73
73
71
64
55
73
73
73
71
71
71
55
71
64
71
71
71
79
52_62
79
71
79
62
71
52
79_79
79
81
71
54_81
61
81
79_79
81
81
79_81
81
81
79_79
81
79
79
81_81
81
54
71
78
78
79
79
79
78
56
70
56
78
78
78
70
58
61
58
66
66
66
59
59_66
62
62
59
59
66_66
66
66
78
57
78
74_78
78
59
78
78
78
74
78
57
59_74
74
74
74
74
74
74
74
76
56
76_76
74
59
76
56
59
74
61
73
58
76
76_76
58
73
76
71
61
61
71
61
58
73
66
66
66
66
66
73
66
58
66
66
66
66
70
76_76_76
54
66
76
76_76
76
76
70
66
73_73
73
54
78
73
73
73_78
71
74
74
74
59
66
74
71
59
66
74
74
74
62
71
71
71
55
67
71
71_71
62
74
74_74
74
67
55
74
74
74
64_73
73
73
52
67
73
73
73
70_70
70
67
52
70_70
64
70
71
71
71
66
50
66
66
71
50
71
66
67_71
49
64
49
67
64
66
78
78
50
78
62
66
62
50
78_78
78
52
71
79
79_79
61
71
79
52_79
79
61
78
78
78
78_78
78
54
76
76
71
76
61
76
54
76
76
74_74
61
74
71
74
74
74
42_73
70
73_73
66
42
73
73_73
70
74
66
74
74
74
74
74
47
71_71
66_71
62
47
57
71
71
71
66
57
62
54
54
55
71
67
71
62_71
62
71_71
71
67
83
67
74_83
83
83
83
74
83
67
79
71
79
79
79
79
71_79
81
81
64
81
72
55
64
54
63_81
81
72
81
54
52
63
64
52
64
51
66_71
71
66
71
66
51
66
71
71_71
78
63_81
81_81
47
81
78
81
81
47
63
75
78
78
78
78
75_78
78
76
79
79_79
59
52
52
54
76_79
79
79
54
55_59
55
57
64
57_73
73
73_76
69
45
69
57
64
45
57
76
69
73
73
73
69
76
49
79_79
79
57
79
76
45
69
79
79_79
76
49
45
79
76
76_76
76
57
76
69
76
76
76
76
78_78
50
69
74
78
78
50
74
69
50
69
50
74
78
78
78
78
69
74
47_66_76
76
76
71
76
76
76
76
66_76
74
47
74
74
71
74
74
74
74
74
76
76
76
71
43
64
76
50
74_83
76
76
76
76
50
73
73
64_73
43_71
78
73
73
73
78
74
74
74
83
74
44
71
76
64
76
74
74
44
71
64
78
74
78
74
74
74
69
45
76
64_69
81
45_73
73_74
74
74
73
74
74
73
74
73
73
45
73
73
73
74_76
74
74
45
71
71
71
73
73
47
73
69
71
69
71
71
47
69
49
69
69
64
69
49
69
69
69
50
81
69
81
81
66_81
69
50
69
52
66
81
81
81
52
54
69
81
69
62
69
69
69
81
62_69
72
72
72
72
72
72
71
71
79
62_71
54
79
52
67
71
71
71
52
67
62_66
50
50
66
52
67
79
79_79
59
52
54
67
59
79
79
79
54
55
71
71
71
64
64
71
71
71
64
74
64
74
74
74
74
74
73
69
73
73
64
55
73
73
73
76
52
76
76
76
69
76
76
64
52_73
73
73
73
73
73
69
49
69
69
69
76
64
76
69
45
49
76
45
64
69
76
69
69
69
69
45
69
79_79
73
79
69
79
76
45
79
79
79
79
45
73
69
45
76
69_76_76
76
76
76
76
76
76
50
69
69_78
78
74
74
78
78
50
78_78
69_78
78
50
76
50
67_76
74
76
76
69
74
76_76
76
76
67
74
55
66
74
66
71_74
74
74
66
74
74
74
66_74
76
67_71
55_76
74
76
76
62
76
76
76
76
67
62
57
64_69
69_78
69
69
69
69
45
69
69_69_76
69
57_69
45
78
64
66
76
78
69
76
66
78
45
69
64_69_73
69
73
45
73
69
45
76
69
45
73
69
73
74
64
69
73
69
74
66
50_50_74
74
69
69_74
66
74
50
74
74
74
69
66
50
74
45
64_66
76
61
69
76
76
64
45
61
76
76
76
64
49
57
64_76
64
64
64
64
76
67
49
57_67
67
67
67
67
67
50
67
67
76
57
68
66_66
66
50
67
67
68
67
76
57
49
66
66
59
66
66
66
59
64
49
61
61
64
74
74_74
47
62_66
66
47
62
74
74
74
66
66
66
78
59
50
66
66
78
66
59
69
69
69
50
69
69_69
69
69_69
78
52
59
67
67
67_69
52
69
69
78
50
67
67
67
59
67
66
50
67
66
52
67
73
73_73
64
67
52
64
73
73
73
70
70
54_70
66
64
70_70
70
66_73
73
73
64
54
73
73
73
55
71
62_71
71_71
55
62
71
71
71
71
54
73
66
70
73
73
73
73
54_74
74
73
66
70
74
74
74
74
73
73
55
71
73
64
73
73
73
71
71
71
55
64
71
71
71
71
52
79
79
62_71
79
71
79
52
62
79
79
71_81_81
81
54
61
79
79
79
81_81_81
81
81
81
79
79_79
79_79
79
81
81
81
71
54
70
78
79
78_79
79
78
56
56
70
78
78
58_78
61
58
62
59
66
59
66
66
66
62
59
59
66
66
66
66
57
74
78
78
59_78
78
74
78
78
78
78
57
59_74
74
74
74
74
74
74
74
56
74
74
74_74
59
74
56_76
74_76
74
74
76
74_76
74
59
61
73
58
58
76_76
76
73
71
76
61
61
71
61
66_73
58
66
66
66
66
66
58
66
66
66
73
66
71
76
76
76
66
54
76
71
76
76
76
70
76
66
73
73
54_73
78
70
73
73
78
73
71
74
66
74
59_74
76
59_71
66
74
76
74
74
74
62
71
71
71
55
67
62_71
71
71
74
55
74
67
74
74
74
74
74
64
73
73
73
52_67
73
73
70_73
70
70
64_70
70
52
70
67
71
71
50_66_71
66
66
50
71
66
67_71
49_71
64
67
64
49
78
66
62_78
78
50
66
62
50
78
78
78
71
79
52
79
79
61
71
79_79
79
78
52
61
78
78
78
78
78
76
71
54
61
76
76
71
76
76
54
61
74
76
74
74
74
74
74
73
70
42
73
73
66
73
42
73
70
73
74
66
74
74
74
74
74
66
47
71
62_71
71
47
57
71
71
71
66
57
54_62
54
67
55
71
62
71
71
62
71
67_71
71
83
83
67
74
83
74
83
83
83
67
79
71
79_79
79
71
79
79
79
64
79
71
79
81
72
81
79_81
79
71
79
55
64
54
63
72
54
81
81
81
63
52
64
52
64
71
71
66_71
66
51
66
51
71
71
66
71
81_81
78
81
63
47
81
78_81
81
47
78
78
63
75_78
78
78
75_78
78
78
52
78
59
75
79
79
79
76
78
78
75_78
52
54
79
54
79
79
59
76
55
55
73
57
73
57
64
69
73_76
45
69
45
57
57
64
76
69
73
69
73_73
79
49
79
57
76_79
79
76
45
69
79
79
79
79
76
45
76
49
76
57
76
76
76
69
76
76
76
76
69_78
74
78
78
50
78
50
74
69
74
50
69
50
78
78
78
78
69
74
76
66_71
47_76
76
76
76
76
76
76
74
66
71_74
74
74
47
74
74_74
74
76
76
64
43_71
76
76
50
74_83
76
76
76
76
71
50
64
73_73
78
43_73
73
73
73_78
74
74
74
83
44
76
71
74
64
76
71
44
64
74
74
74
78
78
74
45
74_74
76_76
69
64
69
76
81
45
74
73
73
74
73_74
74
74
73
74
73
73
76
45
73
73
73_74
74
74
45
71
71
71_73
47
69
73
73
71
71
71
69
47
69
49
69
69
69
64
69
49
69
69
50
81
69
81
81
81
66
69
50
69
66
52
81
81_81
52
62_81
54
69
69
69
81
69_69
62
69
72
72
72
72
72
72
72
79
72
72
62
71
71
72
71
72
72
54
79
67
52
71
71
52_66
71
67
50
62
66
50
52
67
79
59
79
79
52
54
59
67
79
79
79
54
64
71
55
71
64_71
71
64
71
64
71
74
74
74
74
74
74
74
69
64
74
74
73
74
73
73
74
74
55
73
73
73
52_76
76
76
76
76
64
73
69
73
76
52
73
73
73
73
69
69
49
76
64
69
69
76
69
45
76
64
45
69
49
76
69
69
69
69
45
69
73
79
69
76_79
79
45
79
79
73_79
45
79
79
69
45
69_76
76
76
76_76
76
76
76
76
50
69
74
78
74
69
78
50
78
78
78
69_78_78
78
50
74
50
76
76
67
69
76
76
74
76_76
76
76
67
74
55_71
66
74
66
74
74
74
66
74
74
66_71
74
74
55
74
67_76_76
62
76
76
76
76
76
67
62
76
69
69
69
69
57_64
69
69
45
78
69
69
69
45
69
69
57
64
76
78
66
69
76_78
66
76
78
45_69
73
69
69
73
64_73
45
69
45
69
45
73
69
73
73_76
64
69
74
69
74
74
50
66_74
50
69
66_74
69
74
50
74
74
74
50
69
74
66
66
69
