78
69
50_74
50
62
62
61
61
49
49
47_69
71
47
59
59
57
57
45
45
71
43
59
43
78
55
83
74
59
79
83
55
79
78
71
56
64
76
78
74
76
56
74
73
44
71
64
74
73
44
74
69
45
64
73
45
57
57
73
71
55
69
71
55
43
69
43
81
42
69
64
42
72
63
54
71
72
54
52_71
72
52
72
64
81
40
63
81
72
40
64_66_72
39
71
81
78
39
78
72
51
71
66
71
72
51
71
76
47
75
76
47
75
81
59
79
81
59
79
71
79
64
40
64
40
71
52
76
59
74
76
52
74
50
76
78
76
50
59
64
78_79
38
76_79
38
64
37
64_76
69
79
76
37
76
49
71
69
64
69
71
49
69
74
45
73
74
45
73
79
57
78
79
57
78
78
69
50_62
50
62
62
61
61
78
62
80
64
49
81
49
80
64
81
66
74
47
47
69
74
66
59_68
74
62
76
74
68
69
78
76
59
62
69
56
71
59
76
78
56
71
59
76
52_68
64
76
74
76
52
68
74
69
73
57
71
69
73
57
71
64
50_66
71
69
73
71
74
50_73
66
74
52
74
59
52
59
69
40_73
74
68
64
71
73
40
64
68
71
45
64_69
61
47
45
49
47
50
49
52
50
55
52
54
55
52
69
54
64
61
78
50
52
69
74
50
62
62
61
61
49
49
69
47
71
47
59
59
57
57
45
45
71
59
43
43
78
83
55
74
59
79
83
55
79
56_71
78
64
76
78
74
76
56
74
73
44
71
64
74
73
44
74
69
74
64
45
73
74
74
73
73
45_74
74
73
73
74
73
74
57
73
74
57
73
55
71
69
71
55
43
43
69
81
42
42
69
64
54_72
63
71
72
54
71
52
72
52
72
40
81
63_64
81
72
40
72
64_66
39_71
81
78
39
78
71
66
72
51
71
72
51
71
47
76
75
76
47
75
59_81
79
81
59
79
71
79
40
64
78
79
79
78
40
71
64
76
52
59
76
74
52
74
76
50
78
76
50
59
64
38_79
78
76
79
38
64
37
64
76
69
79
76
37
76
71
49
64
69
69
71
49
69
74
45
73
74
45
73
79
57
78
79
57
78
50
69_78
62
50
62
62
61
61
78
78
62
49_64
80
78
81
49
80
81
81
64
66
47
74
81
47
66_69
74
68
59_62
74
76
74
69
68
59
78
62_76
78
69
78
56
71
59
76
78
56
59
71
76
68
76
52
64
74
76
68
52
74
69
73
57
71
69
73
57
50_71
64
66
69_71
73
71
74
50
73
74
66
52
74
59
74
52
69
74
68
40_59_64
73
74
74
73
73
74
71
40
73
68
64_71
71
45
61_64
69
71
69
64
45
61
45
64
73
69
45
57
57
55
73
74
55
73
74
71
43
73
73
71
73
69
43
42
69
81
71
69
42
64
54
63
71_72
63_64
54
64
52
66
72
71
52
81
71
69
72
40
69
67
40
71
72
39
66
67
67
66
39
71
67
69
83
51
69
66
51
66
54
63
66
81
83
54
63
47
81
75
71_79
78
79
71
75
47
78
52
76_79
71
52
64
71
64
62
59
78
79
76
78
62
74
76
74
50
73
59
71
73
50
71
61
49_70
71
62
70
61
49
71
64
61_62_73
66
64
61
66
59_67
73
74
66
67
59
74
47
76
66_67
64
67
47
64
66
46
74
76_78
76
46
66
78
73
74
47
64
79
62
71
64_73
47
62
70
71
49_61
71
70
49
61
79
46
78
66
71_73
66
46
78
76
47
66_71
73
74
76
71
47
74
64_66
73
71
55
62
64
71
73
55
71
62
71
52
67_71_73
74
73
71
76
74
52
67
76
66
54
70_74
64
66
54
70_73
74
73
64
73
47
66
62
47
59
71
73
59
57
57
45
62
66
45
71
59
64
44
74
44
59
56
71
56
64
71
66
54
69
74_78
68
69
54
68_76
42
78
69
74_76
66
42
69
59
40
74
83
68
40
59
64
52
68
66
66
64
52
66
68
66
64
50
69
68
50
83
81
71
69
38
80
81
38
80
37
78
76
78
76
81
37
64
71
49_81
64
69
69
49
64
69_71
66
50
50
66
52_69
68
64
73
71
74
52
73
64
74
45_68
69_74
64
73
74
74
73
45
73
74
74
73
73
57_74
71
64
73
62
57
62
69
61
55
71
62
61
55
62
64
43
64
61
43
69
61
74
57
42
69
57
42
71
54
62
72
71
54
71
55_72
73
71
55
62
74
59
43_73_78
74
76
78
43
76
44
76
44
74
59
73
56
64
71
73
56
71
57
73
75
73
57
76
64
75
79
61
45
76
78
79
45
78
78
46
46
61
76
58
75
66
73
75
58
59
73
75
76
75
59
78
66
47
81
63
76
78
79
81
47
63
79
52_59
79
78
75
52
64
76
75
71
64
76
62
71
64
59
71
62
71
67
50
64
67
50
79
64
49
69
69
64
61
49
69
61_67
64
61
64
69
61
67
57
69
66
73
73
69
57
66
73
73
76
61_64
69
79
76
61
64
79
62
62
79
76
62
79
69
73
50
76
78
73
74
62
50
74
69
48
62
48
60
78_79
60
81
79
59
81
74
59
69
62
67
64
47
47
67
64
66
45_69
78
74
45
78_81
57
81_84
57
66
69
55
62
67_84
83
55
43
43
42
42
83
74
54
54
62
74
52_73
64
76
59
73
64
52
67
76
64
71
40_59
79
64
67
40
71
67
71
38
76
69
71
38
79
71
50
67
69
66
67
50
71
66
49
69
64
74
76
49
64
69
74
45_69_73_76
71
73_78
76
45
79
78
71
50
69
78
79
69
50
69
55
71
67
78
76
67
71
55
76
57
69
74
66
73
74
71
73
57
55
71
73
66
55
69
73
74
57
69
64
67
69
69
67
67
69
66
67
64
57
74
74
57_66_67
45
73
74
74
73
73
74
57
45
74
73
67
66_74
38
57
74
38
74
66
57
45_73
64
69
45
57
57
55
73
74
55
73
74
43
71
73
73
71
73
69
43
69
42
69
71
69
81
69
42
64
54
63
71_72
63_64
54
64
52
66
72
71
52
81
71
69
40_72
69
67
40
72
71
39
66
67
67
66
39
71
67
69
83
51
69
66
51
66
54
63
66
81
83
54
63
47
75
81
71
79
78_79
71
75
47
78
52
76
78
71
52
64
79
78
71
64
62
59
79
78
76
78
62
74
76
50
74
73
59
71
73
50
61
49
71
70
62
71
70
61
49
71
64
61_62
73
66
64
61
66
59_67
73
74
66
67
59
74
47
76
66_67
64
67
47
64
66
46
76
74
78
76
46
66
78
73
74
47
64
79
62
71
64_73
47
62
70
71
49_61
71
70
49
61
79
46
78
66
71_73
66
46
78
76
47
66_71
73
74
76
71
47
74
64_66
73
71
55
62
64
71
73
55
71
62
71
73
52
67_71
74
73
71
76
52
74
67
76
66
54_76
70
74
76
76
74
64_74
66
76
54
70
73
74
64
47
66
73
62
73
47
59
71
73
59
57
57
45
62
66
45
71
74
59
64
44
44
59
56
71
56
64
71
66
54
69
74
78
68
69
54
68
42
69_76
78
74
66
76
42
69
59
40
74
68
83
40
59
64
52
68
66
66
64
52
66
68
66
64
50
69
68
50
83
71_81
69
38
80
81
38
80
37_78
76
78
76
81
37
64
71
81
49
64
69
69
49
64
69
71
66
50
50
66
52_69
68
64
73
71
74
52
73
64
74
45_68
74
69
64
73
74
74
73
45
73
74
74
73
73
74
57
71
73
64
62
57
62
61
55
69
71
62
61
55
62
64
43
64
61
43
69
61
74
57
42
69
57
42
71
54
62
72
71
54
71
55_72
73
71
55
62
74
59_78
43_73
74
76
78
43
76
44
76
44
74
59
73
56
64
71
73
56
71
57
73
75
73
57
76
64
75_79
61
45
76
78
79
45
78
78
46
46
61
76
58
75
66
73
75
58
59
73
75
76
75
59
78
81
66
47
63
76
78
83
81
81
83
47
79
81
63
52_59_79
79
78
75
52
64
76
75
71
64
76
62
71
64
59
71
62
71
67
50
64
67
50
79
64
69
49
69
64
61
49
69
61_67
64
61
64
69
61
67
57
69
66
73
73
69
57
66
73
73
76
61_64
69
76
79
61
64
79
79
62
62
76
79
62
69
73
76
50
78
73
74
62
50
74
69
48
62
48
60
79
78
60
81
79
81
59
81
74
81
59
69
62
67
64
47
47
67
64
66
45_69
78
74
45
78
81
57
83
81
57
66
84
83
69
84
55
62
67
84
55
83
84
43
43
42
42
83
74
54
54
62
74
52
64
73
59
76
73
64
52
67
64
76
71
40_59
79
64
67
40
71
67
71
38
76
69
71
38
79
50
67
71
69
66
67
50
66
49
71
64
69
74
76
49
64
69
74
45_69_73
76
71_78
76
73
45
79
78
79
71_79
50
69
78
79
78
69
50
69
55
71
67
78
76
67_78
71
55
76
57
69
66
74
73
74
71
57
73
55
71_73
66
55
69
73
74
57
69
64
67
69
69
67
73
74
67
69
74
73
66
73
74
67
74
73
64
73
57
74
74
73
73
57_66_67
74
45
74
73
57
45
67
66
74
38
57
74
74
38
66
57
