75
74
75
75
74
75
70
78
70
78
63
63
78
78
62
77
62
77
75
77
75
77
70
70
80
80
62
80
62
80
63
78
63
77
78
78
77
78
68
68
83
82
83
83
82
83
61
77
61
75
77
77
75
77
66
82
66
80
82
82
80
82
71
71
75
75
74
74_75
75
65
80
65
78
80
77
78
77
70
70
78
78
77
77
75
75
69
69
63
61
63
60
61
60
61
61
70
69
70
70
69
70
65
65
73
73
58
58
73
73
57
72
57
70
72
72
70
72
65
65
75
75
57
57
75
75
58
65
58
65
75
75
68
68
66
66
75
74
75
74
72
74
72
74
70
70
65
63
65
63
65
74
65
74
70
70
74
74
75
70
75
70
66
65
66
65
66
75
66
75
70
70
75
75
77
70
77
70
62
60
62
60
62
77
62
77
70
70
77
77
78
78
70
70
63
62
63
62
63
78
63
78
70
70
78
78_79
79
70
64
70
64
61
61
55
55
63
63
70
70
75
75
60
68
60
75
68
75
78
78
61
61
78
77
78
77
61
61
58
66
58
73
66
73
76
76
59
76
59
75
76
75
59
59
56
56
74
74
65
65
59
59
58
58_73
73
66
66
73
73
59
59
75
75
58
58
73
73
56
56
71
71
61
71
61
71
70
70
61
61
63
63
65
65
66
66
68
68
70
70
71
71
73
73
70
70
67
67
70
70
63
63
76
76
75
73
75
73
71
71
63
63
65
65
67
67
68
70
68
70
72
72
73
73
75
75
72
72
69
69
72
72
65
65
78
78
77
77
75
75
74
74
77
77
70
70
72
72
74
74
75
75
77
77
78
78
80
80
77
77
71
71
77
77
62
62
80
78
80
77_78
77
78
70
78
63
70
70
63
56
70
56
78
77
78
75
77
77
75
68
77
61
68
68
61
68
54
54
76
76
75
75
73
73
75
66
75
59
66
66
59
66
58
65
58
65
75
75
71
71
73
70_73
70
64
64
70
70
55
63
55
73
63
70
73
70
71
71
68
66
68
68
66
64
68
64
59
57
59
59
57
59
56
54
56
56
54
56
59
59
64
64
56
56
59
59
64
64
68
66
68
66
68
68
71
71
76
76
68
68
71
71
76
76
74
74
80
80
77
77
74
74
71
71
68
68
65
65
62
62
60
60
63
63
66
66
69
69
72
74
72
74_75
75
57
57
58
66
58
66
70
70
75
75
65
65
75
75
58
58
74
74
63
75
63
75
73
73
75
75
71
71
75
75
68
68
75
75
70
75
70
74
75
74_75
75
70
70
75
75
66
66
75
75
68
75
68
74
75
75
74
75
68
68
75
75
65
65
75
75
66
75
66
75
74
74
75
75
66
66
75
75
63
63
75
75
74
74
83
83
80
80
74
74
73
73
82
79
82
79
73
73
72
72
80
80
77
77
71
71
70
70
78
78
75
75
69
69
68
68
77
74
77
68
74
68
67
67
75
75
69
60
69
60
58
77
58
77
78
75
78
75
58
65
58
75
74
75
75
74
74
75
75
74
65
74
75
75
74
74
75
75
74
74
75
75
74
75
63
51
58
63
66
70
63
82
82
80
78
80
78
77
77
75
74
75
75
74
75
70
70
66
68
66
70
68
70
66
70
66
63
51
58
66
65
63
65
62
63
63
62
63
58
58
63
63
66
66
70
70_75
75
78
78
63
63
61
49
65
61
53_70
65
73
70
58
73
61
77
65
70
77
70
73
70
73
77
77
82
83
82
85
83
85
66
66
64
66
49
64
53
65
70
61
58
64
66
66
64
64
66
66
64
64
66
66
64
64
66
66
64
64
66
63
64
64
63
64
63
35_47_47_51_59_63_68
47
56
59
63
68
63
71
75
75
71
68
63_71
73
75
68
71
73
59
63
70
71
56
59
68
70
56
68
66
66
65
66
65
68
66
66
68
65
66
63
65
62
63
63
62
63
47
59
71
75
68
56
59
63
63
59
70
63
68
70
68
66
68
66
68
70
68
70
70
68
68
70
70
68
68
70
70
68
68
70
70
68
68
70
70
68
68
70
70
68
68
70
70
68
70
70
46
47
34
65
46
47
35
53_59
68
62
62_63
58
46
51
53
58
60
62
65
62
70
65
60
65
62
62
60
58
62
60
53
58
46
53
46
46
53_58
70
62
65
70
46
34
65
46
53
62
62
58
66_66_66
65
66
66
66
65
66
70
70
66
70
70
68
68
73
70
73
70
73_73
71
71
65
73
65
75
73
65
65
75
73
68_68
73
68_68
71
71
73
70
73
70_73
68
73
68
70
66
66
66
65
66
66
66
70
65_70
66_70
73
66
70
70
73
68
68
73
70
73
78
73
70
78
73
71
71
73
61
61
77
75
73
78
77
61
61
75
73
77
78
68
68
73
77
68_71
68
75
71
75
70
73
73_73
70
73
73
68
71
73
68
71
70
70
66_66
66
66
65_66
65
65
66
70
70
65
65
65
66
66
66
66
73
66
66
66
66
73
68_68
68
68
68
68
70
70
73
70
78
70
70
70
78
73
71
71
71
71
71
71
73
73
73
73
77
73
73
75
73
75
75
73_78
77
75
75
75
77
73
73
78
73_73
73
73
77
73
75
73
71
71
71
71
75
71
71
70
70
70
73
73
70
70
70
68
73
71
73
68
68
68
68
71
68
70
54_54_70_73
66
66
42_54_61
66
70
54
54
42
41_53_53
73
53
54
66
70
66
70
53
41
53
53
42
54_54
73
70
54_73
70
66
73
73
54
54
70
42
70
54_73
61_66
70
73
44
56_56
66
56
56
56
44
56
58_58
61_61
46_78
58_73
73
58
46_58
78
61
58
73
61
59
59
47
59
73
59
59
47
59
68
61_61
73_73
49_77
68
61_65_68
61_61
49
77
73
73
51
63_63_78
61
63
68
68
51
63
63
63_78
49
77
71
61_61
61_73
71
73
61
49_61_65_68
71
77
61_71_73
47
75
59
59_59
73
59
59
47_75
59
46
61
58_73
73
58_58_73
61
58_58
61
46_61
73
58
73
56_71
44
56
56
73
56
56
71
44
56
42
54_61
54_54_73
66
82
70_70
70_73
54
54
42
82
73
53
54
83
41
75
53_53
70
73
70
53
41
53
75
53
83
54
42
82
73
54_54
70
78
70
82
54
42
54
73
54_78
70
80
44_71
56_56_56
70
70
66
61
56
44
56
80
56
71
70
78
46_70
58_58_58
70
73
58
46_78
58
70
73
58
77
54
68
70
54
42
54
70
54
77
68
42
54
54
70
75
66_70
59_59_59
47
63
75
66
70
59
59
47
73
61_61_77
49_61_75
75
59
70
70
66
49
61
61
61
73
77
75
70
59_75
47
59_59
71
70
71
59
75
47
59
75
59
58_70
77
58_58
46
73
70
58
58
46
77
58
73
56_56
56
44_72_78
70
70
66
70
56
66
56
44
56_72
66
78
70
54
75
70
42_54
54_63
70
54_70
75
54
42
54
72
68
68
41
61
53
53_53_80
68
65
68
68
41
53
53
80
39
51_82
73
51_51
53
68
68
72
51
51
39
82
51
73
53_72
41
68
53_53
68_80
77
53
41
80
53
68
77
72
68
53
42_65
70
54_78
54_54
68
61
54
54
42
70
78
54
44_56
68_68_77
72
56_56_68
56
44
77
56
68_72
68
56
75
53
41_53
66
53
68
53
53
66
75
41
53
68
65_68
58
46
73
61
58_58
73
65
68
58
58
46
58
73
48_68
60_60_73
60_72
75
68
65
48
60
60
72
60_75
46
68
58_58_58_68
73
73
70
46
58
70
73
58
68
58
73
68
44
56_56_56
75
72
68
65
56
61
44
56
75
72
56
42
54_54
54
68
70
77
68
65
54
42
54
65
68_77
54
70
53
41
73
53
53
68_68
53
53
41
73
68
53
39_51
51_51_66
66
78
70
58
66
63
66
51
51
51
66
39_78
37_49
80
49_49
71
66
66
70
49
49
80
37
49
39
51
78
51_51_66_66
71
70_75
51
78
39
51
75
70
51
66
41
53
53_53_77
68
66
66
63
41
53
53
58
77
68
53
42_54
66_66
54_54_75
66
70
54
42
54
66
75
70
66
54
73
51
39
51
65
51
66
51
39_51
73
65
51
66_72
44_56_63_66
72
56_56_60_66
63
56
56
72
56
44
46
70
58
58_58
66
66
72
58
63
46
58
58
70
44
66_72
56
56_56
66
75
68
44
56
66
68
56_72
75
56
42
73
66
54
54_54
42
54
54
73
54
41
75
66
53_53_53
66
72
80
66
53
53
41
53
72
75
80
63
60
66
66
72
51
39
51
51
51
72
51
39
51
49
73
37
49_49_61_65_65_65_65
56_73
63
65
73
49
65
65
73
63
61
68
68_77
49_77
49
37
61
56_65
77
68
61
68
77
63
63
65
73_73
80
80
65
80
80
73
66
73
66
44
68
32_63
44_44_60
63
56_72
63_72
70
68
72
63_72
63
44
70
68
75
75
44
66
66
44
32
75
66_68
60
66
75
56
63
66
66
65
72_72
80
80
65
80
72
72
63_80
63
37
65
37_37_37
73
61_61
73
56_61
65
60
61
60
61
73
73
37
65
60
60
61_61
68
77
77
37
37
37
77
61
68
61
56_65
61
77
63
63
63
63
65
65_73
80
80
73
80
65
65
66
66
80
66
66
56_60
63
44
68
44_44_44_68_68
72
68
68
68
70
70
73
72
68
68
44
70
70
73
44
68
68_72
44_75
75
44
60
56_63
68
68_72
75
75
66
66_70
66
66
70
65
65
68
80
80
68
65
65
80
80
63
66
63
66
63
63
49
65
65
49_49_68_73
61
37
73
73
73
72
72
49
61
65
49
65
37
49
72
72
73
68
61
53_53_61_73
68
41
53
68
53
73
68
73
41
61
53
68_75
75
53_61
75
75
73
68
77
77
56_56_65
56
73
44
56
77
73
77
44
68
73
56
78
78
56_65
78
78
68_72
80
44
32
72
44_44_63_80
72
80
68_80
82
73
73
82
72
44
44
32
44
73
82
82
80
80
63
72
68
72
51
51_51_60
39
73
51
80
80
51
72
39
72
78
51_60_70
68
78
70
78
70
78
70
68_77_77
68
56
44_56_56_60_63_68_68
56
56
77
68
68_77
44
56_60_63_68_75
66
66
68
75
75
66
66
75
73
68
65
65
49
73
37
49_49_56
61
65
65
37
49
48
49
48_48
36
49_73
73
68
48
65
36
48
48
68
49_77
49_49
37
77
68
61
49_77
49
37
68
77
49
51_51
68
39_51
61
51
39
51
51
53_53
68
53
41_68
68
68
61
65
61
56
53
53
41
68
53
68
61
54
54
68
54
42_68
54
54
54
42
56_56_60_63
68
56
68
44_75
75
60
56
56
44
58_58
60
56_58
75
46
61
68
75
68
58_58
58
46
56_56
56
68
60_68
78
44
78
61
56
44_78
56
56
60
68
78
54_54_54
68
42
58
54
54
42
58
54
53
53_53_68
68
41_56
68
68
53
53
41_60
63
68
56
68
53
51_51
68
68
54
51
39
51
51
39
51
54
49_68
49_49_61_65_68
77
37_77
56_68
49
49
68
56
49
37
48
77
48_48
36_66
77
68
48
36_48
48
66
49
49_49
37
65_73
77
77
68
73
49
37
65
77
68
49
51_51_51_63
39
49
66
77
66
51
51
39
63
51
53_53
61_65
41
77
53_68
77
61_65_68
65
53
53
41
68
53
61
77
49
49_49_63
60
37
77
63
49
49
37
60
49
61_65_70
54
54_54_61
77
58
42
70_77
54
54
70
42
77
56_56
54_56
56
72
44
58
77
56_61
56
56
72
44
56
54
58
54_54
42_77
66_70
77
66
54
54
54
42
70
77
58
53_60
53_53
68
41
77
53
53
60
41
68
53
61
51_51_51
77
67_77
61
39
51
51
61
61
67
39_61_65_70
77
51
49
65
58
49
49
37
77
49
49
65
49
37
58
63_67_70
48_48
48
67
36_75
75
63_63
48
48
36
46_46_63
46
34_65
48_63
68
75
75
67
46
68
46
46
48_48
48
63
36_65
75_75
66
72
34
48
72
48
36
66
48
63
75
49_49
49
61
37
65
75
65
49
49
37
49
61
51_51
51
39
60_63_67
75
75
63
51
51
67
39
51
60_75
63_67_70
48
48
48
61
36_58
75
61
48
36
48
48
58
63_65_68
53_53
53
60_75
56_75
68
41
53
53
53
70
68
75
54_54
41
54
42
55
56
75
60
54
54
70
54
55
68
42
53_53
53
41
56
65_75
75
53
53
68
53_65
41
75
56
67
51_51
51
39
58
75
67
51
51
39
51
58
65
49_49_49
37_60
60
75_75
49_49
60
60
63_65_65_68
37
75
49
63
48
48
48
56
36
75
48
48
36
63
48
56
65
61_65_68
46_46
34_46
73
61_73
61
61
46
46
44_44_73
34_46
44
32
61
63
66
73
65
44_66
44
44
46_46
46
34
70
61
65_73_73
63
32
46
46
70
65
34
46_61_73
73
48_48
48
60
36
63
48
48
36_63
48
60
49_49
49_58
65
37
61_73
73
49
61
49
65
49
37
58
73
61_65_68
46
73
46
46
56
34
60
46
60
46
34
46
56
61_63_67
51_51
51
55_67
73
58
39
73
51
51
73
55
53
51_73
53_53
53
67
41
39
58
53
53
53
41
53
51_51
51
39
55
63
70
73
73
51
39
63
73
51
70
55
51
37_49_49_49
56
73
49
49
37
49
56
48_48_48
36
58
63
73
67
73
36
61_63_67
48
73
48
63
67
73
48
58
46
46_46
34_55
46
46
34
46
55
44_44
44
32
60_63_63_68_68
72
72
72
75
72
44
63
68
32
44
44
75
44_44
32
68
60_75
44_63_68
63
75
60
44_63
68
44_60
32
75
44
75
60
44_44
44
56
32_80
75
72
60_63
63
60
63
60
72
63
44
56
80
32
75
44
44
75
75
73
68
44_44_65_73
68
44_73
32
61_65
73
44
77
44
65
32
44
73
68
73
77
68
44_65
68
32_61
77
44_44
61
65
61
65
32_68
77
44
77
44
44
77
44
73_80
61
32_56
65_77
44_44_61_65
61
65
80
56
61
32
65_73
77
44
77
44
44
77
75
44_63
75
68
32_44_44
63_66_72
68
72
75
78
75
44
63
32
44
44
75
68
78
75
68
44
60_68
68
32
44_44
63
63
66
60
63
68
68
44
32
44_75
78
44
75
78
60
44
32_56
72_78
44_44_63_75
63_66
63
66
72
60
75
56
63
44
32_78
75
78
44
44
75
78
77
44_44
44
61
68
73_77
32
61_65
68
73
77
77
80
44
61
32
44
44
68
77
77
80
44
68
68
44_44_56
32_61
68
65
61
56
44_61
68
68
44
32
77
80
44
77
80
61
44
53
44_44
58_73_77
80
32
61_65
65
61
80
53
73
44_58
77
44
61
32
77
80
44
77_80
44_44
44
78
32_66
63
60_63_68_75
72
75
78
72
75
44
72
78
44
44
32
63
68
78
75
72
68
44_44
60
68
60
44
32_63_78
63
66
60
63_68
44
68
32
78_78
44
72_75
44
78
75
72
44_44_75
56_68
32_72
44_60
78
63_66
63
66
75
68
56
60
44
72
32
78
44_72
75
78
44
78
72
75
65
44_44_44_77
32
68
77
61_65
61
73
77
77
73
73_80
77
44
44
65
44
32
68
73
80
77
77
61
44_44
61_65
68
44_68
32
65
61
61
32_65
68
68
44
77
73
44
77
80
44
80
73
77
32_77
73_77
44_44_56
44_68
61
61
65
65
61
77
73
68
56
61
44
32
73_80
44
77_77
44
80
73
77
78
44
75_75
60_63
44_44
32
60_60
60
75
60
72_75
78
63
68_78
63
44
44
44
32
72
68
63
63_78
68
56_56
75_78
32_44_44_44
60
63
56
68
44
56
78
32
75
44_78
68_72
63
63
44
72
68
63
63
78
60_75
78
60
32
75
44
44_44
60
63
60
75
63
60
44
60
75
78
44
32
44_72
63
68
78
63
72
68
63
78
63
73
61
61
77
61
32_44_44_44_65
77
77
73
61
73
65
65_80
77
44
68
61
44
44
32
73
65
68
65
80
56_73
56
68_77
32
44_44_44
61
65
32
56
56
44_68
73
44
44
77
68
65
73
65
80
73
68
65
65
80
61_61_65
73
77
32_61
44
44_44_77
61
65
61
77
77
44
73
32
44
68
61
44
65
65_73
80
68
65
73
80
65
72
32
44_63
44_44
72
60_63
63
66
63
63
66
66
44_72
32
44
72
44
66
66
56
56
36
48
68
48_48
68
56
68
56
36
48
48
66_66
48
68
66
66
63
63
51_51
39_51
68
68
66
63_68
51
63
63
39
51
66
60
66_68
51
66
66
63
48_48_48_63
36_68
68
68
63
66
66
63_68
36
48
48
48
66
66
51
56
56_68
51_51
39_68
56_68
56
51
39
51
68
66
66
51
66
66
63
63_68
44_56_56_68
56
63
63
68
56
44
56
66
66
56_68
61
66
66
65
65
80
65
49
80
49_49
37_68
80
80
83
49
83
65
37
65
49
49
83
83
53_61_73
73
61
41
53_53
73
61
41
53
61
73
53
83
83
53
83
83
65
61
68
80
56
61_61
80
44
56_56
56
80
44
61
56
61
80
56
83
83
83
83
80
61_61_80
41_53_53
53
61
61
53
80
80
83
83
53
53
41
83
83
56
61
56_56_73
44_73
61
61
73
61
44
56
56
73
83
83
56
83
83
80
61_61_61_80
61_61
49
80
80
61
61
49
61
61
83
83
61
83
83
61
61
61
42_42
66_66
66
30
42_82
70
83
82
61
61
66
66
42
83
61_85
61
70
70
42
30
61
85
70
70
61
83
42
83
82
61
73
61
73
61
82
73
61
80
73
70
66
61
80
70
61_61
70
78
61
61
70
80
78
70
80
82
61
73
61
73
61
82
73
61
80
73
80
78
78
61
61
78
61
78
78
78
61
77
77
75
68
54_54
54_72
68_72
42
63_68
60
77
75
68
68
72
72
77
78
75
75
68
68
54
54
42
75_78
68_77
68
75
54
77
75
80
68
68
80
75
68
68
80
60_73
68
63
80
73
68
75
75
68
72
68
68
73
72
75
75
73
68
68
75
80_80
68
75
68
80
73
80
73
68_72_84
84
68
68
68
72_84
84
70
70
68
85
53_68
41_53_53_85
61_65_68
68
68_70
68
68
53
85
85
53
53
41
70
65
68
51_51_51
73
39_73
65
65
68
61
68
51
65
39
66
51
65
73_73
66
75
75
66
51
66
66
66
75
68
65
75
77
68
77
49_49
49
61_65
68
37
65
68
77
61
65
68
49
37
49
66
68
77
49
66
63
56_56
68
44_56_63_68
56_60
68
56
65
63
56
68
56_68
65
66
63
73
63
44_73
68
63
60
56
63
56
63
66
73
56
73
68
68
70
44_44
44_66
60
63_66_68_72
72
32
63
68
60
44
66_70
66
44
72
32
44
72_72
72
73
37_37
65_65
73
37
25_73
61
65
68
70
73
70
68
68
66
66
65
73
65
63
63
61
61
65
68
61
65
73
37
25
65
61
37
61
66_66_66
37
65
66
66
66
65
66
70
70
66
70
70
68
68
73
70
73
70
73_73
71
71
65
73
65
75
73
65
65
75
73
68_68
73
68_68
71
71
73
70
73
70
73
68
73
68
70
66
66
66
65
66
66
66
70
65_70
66_70
73
66
70
70
73
68
68
73
70
73
78
70
73
78
73
71
71
73
61
61
77
75
73
78
77
61
61
75
73
77
78
68
68
73
77
68_71
68
75
71
75
70
73
73_73
70
73
73
68
71
73
68
71
70
70
66_66
66
66
65_66
65
65
66
70
70
65
65
65
66
66
66
66
73
66
66
66
66
73
68_68
68
68
68
68
70
70
73
70
78
70
70
70
78
73
71
71
71
71
71
71
73
73
73
73
77
73
73
75
73
75
75
73_78
77
75
75
75
77
73
73
78
73_73
73
73
77
73
75
73
71
71
71
71
75
71
71
70
70
70
73
73
70
70
70
68
73
71
73
68
68
68
68
71
68
70
54_54_70_73
66
66
42_54_61
66
70
54
54
42
41_53_53
73
53
54
66
70
66
70
53
41
53
53
42
54_54
73
70
54_73
70
66
73
73
54
54
70
42
70
54_73
61_66
70
73
44
56_56
66
56
56_56
44
56
58_58
61_61
46_78
58_73
73
58
46_58
78
61
58
73
61
59
59
47
59
73
59
59
47
59
68
61_61
73_73
49_77
68
61_65_68
61
61
49
77
73
73
51
63_63_78
61
63
68
68
51
63
63_78
63
49
77
71
61_61
61_73
71
73
61
49_65_68
61
71
77
61_71_73
47
75
59
59_59
73
59
47_59_75
59
46
61
58_73
73
58_58_73
61
58
61
58
46_61
73
58
73
56_71
44
56
56
73
56
71
56
44
56
42
54_61
54_54_73
66
82
70_70
70_73
54
54
42
82
73
53
54
83
41
75
53_53
70
73
70
53
41
53
75
53
83
54
42
82
73
54_54
70
78
70
82
54
42
54
73
54_78
70
80
44_71
56_56_56
70
70
66
61
56
44
56
80
56
71
70
78
46_70
58_58_58
70
73
58
46_78
58
70
73
58
77
54
68
70
54
42
54
70
54
77
68
42
54
54
70
75
66_70
59_59_59
47
63
75
66
70
59
59
47
73
61_61_77
49_61_75
75
59
70
70
66
49
61
61
61
73
77
75
70
59_75
47
59_59
71
70
71
59
75
47
59
75
59
58_70
77
58_58
46
73
70
58
58
46
77
58
73
56_56
56
44_72_78
70
70
66
70
56
66
56
44
78
56_72
66
70
54
75
70
42_54
54_63
70
54_70
75
54
42
54
72
68
68
41
61
53
53_53_80
68
65
68
68
41
53
53
80
39
51_82
73
51_51
53
68
68
72
51
51
39
82
51
73
53_72
41
68
53_53
68_80
77
53
41
80
53
68
77
72
68
53
42_65
70
54_78
54_54
68
61
54
54
42
78
70
54
44_56
68_68_77
72
56_56_68
56
44
77
56
68_72
68
56
75
53
41_53
66
53
68
53
53
66
75
41
53
68
65_68
58
46
73
61
58_58
73
65
68
58
58
46
58
73
48_68
60_60_73
60_72
75
68
65
48
60
60
72
60_75
46
68
58_58_58_68
73
73
70
46
58
70
73
58
68
58
73
68
44
56_56_56
75
72
68
65
56
61
44
56
75
72
56
42
54_54
54
68
70
77
68
65
54
42
54
65
68_77
54
70
53
41
73
53
53
68_68
53
53
41
73
68
53
39_51
51_51_66
66
78
70
58
66
63
66
51
51
51
66
39_78
37_49
80
49_49
71
66
66
70
49
49
80
37
49
39
51
78
51_51_66_66
71
70_75
51
78
39
51
75
70
51
66
41
53
53_53_77
68
66
66
63
41
53
53
58
77
68
53
42_54
66_66
54_54_75
66
70
54
42
54
66
75
70
66
54
73
51
39
51
65
51
66
51
39_51
73
65
51
66_72
44_56_63_66
72
56_56_60_66
63
56
56
72
56
44
46
70
58
58_58
66
66
72
58
63
46
58
58
70
44
66_72
56
56_56
66
75
68
44
56
66
68
56_72
75
56
42
73
66
54
54_54
42
54
54
73
54
41
75
66
53_53_53
66
72
80
66
53
53
41
53
72
75
80
63
60
66
66
72
51
39
51
51
51
72
51
39
51
49
73
37
49_49_61_65_65_65_65
56_73
63
65
73
49
65
65
73
63
61
68
68_77
49_77
49
37
61
56_65
77
68
61
68
77
63
63
65
73_73
80
80
80
65
80
73
66
73
66
44
68
32_63
44_44_60
63
56_72
63_72
70
68
72
63_72
63
44
70
68
75
75
44
66
66
44
32
75
66_68
60
66
75
56
63
66
66
65
72_72
80
80
80
65
72
72
63_80
63
37
65
37_37_37
73
61_61
73
56_61
65
60
61
60
61
73
73
37
65
60
60
61_61
68
77
77
37
37
37
77
68
61
61
56_65
61
77
63
63
63_63
65
65_73
80
80
73
80
65
65
66
66
80
66
66
56_60
63_68
44
44_44_44_68_68
72
68
68
68
70
70
73
72
68
68
44
70
70
73
44
68
68_72
44_75
75
44
60
56_63
68
68_72
75
75
66
66
70
66
66
70
65
65
68
80
80
65
68
65
80
80
63
66
63
66
63
63
49
65
65
49_49_68_73
61
37
73
73
73
72
72
49
61
65
49
65
37
49
72
72
73
68
61
53_53_61_73
68
41
53
68
53
68
73
73
41
61
53
68_75
75
53_61
75
75
73
68
77
77
56_56_65
56
73
44
56
77
77
44_73
68
73
56
78
78
56_65
78
78
68_72
80
44
32
72
44_44_63_80
72
80
68_80
82
73
73
82
72
44
44
32
44
73
82
82
80
80
63
72
68
72
51
51_51_60
39
73
51
80
80
51
72
39
72
78
51_60_70
68
78
70
70
78
70
78
68_77_77
68
56
44_56_56_60_63_68_68
56
68
56
77
68_77
44
56_60_63_68_75
66
66
68
75
75
66
66
75
73
68
65
65
49
73
37
49_49_56
61
65
65
37
49
48
49
48_48
36
49_73
73
68
48
65
36
48
48
68
49_77
49_49
37
77
68
61
49_77
49
37
68
77
49
51_51
68
39_51
61
51
39
51
51
53_53
68
53
41_68
68
68
61
65
61
56
53
53
41
68
53
68
61
54
54
68
54
42_68
54
54
54
42
56_56_60_63
68
56
68
44_75
75
60
56
56
44
58_58
60
56_58
75
46
61
68
75
68
58_58
58
46
56_56
56
68
60_68
78
44
78
61
56
44_78
56
56
60
68
78
54_54_54
68
42
58
54
54
42
58
54
53
53_53_68
68
41_56
68
68
53
53
41_60
63
68
56
68
53
51_51
68
68
54
51
39
51
51
39
51
54
49_68
49_49_61_65_68
77
37_77
56_68
49
49
68
56
49
37
48_77
48_48
36_66
77
68
48
36_48
48
66
49
49_49
37
65_73
77
77
68
73
49
37
65
77
68
49
51_51_51_63
39
49
66
77
66
51
51
39
63
51
53_53
61_65
41
77
53_68
77
61_65_68
65
53
53
41
68
53
61
77
49
49_49_63
60
37
77
63
49
49
37
60
49
61_65_70
54
54_54_61
77
58
42
70_77
54
54
70
42
77
56_56
54_56
56
72
44
58
77
56_61
56
56
72
44
56
54
58
54_54
42_77
66_70
77
66
54
54
54
42
70
77
58
53_60
53_53
68
41
77
53
53
60
41
68
53
61
51_51_51
77
67_77
61
39
51
51
61
61
67
39_61_65_70
77
51
49
65
58
49
49
37
77
49
49
65
49
37
58
63_67_70
48_48
48
67
36_75
75
63_63
48
48
36
46_46_63
46
34_65
48_63
68
75
75
67
46
68
46
46
48_48
48
63
36_65
75_75
66
72
34
48
72
48
36
66
48
63
75
49_49
49
61
37
65
75
65
49
49
37
49
61
51_51
51
39
60_63_67
75
75
63
51
51
67
39
51
60_75
63_67_70
48
48
48
61
36_58
75
61
48
36
48
48
58
63_65_68
53_53
53
60_75
56_75
68
41
53
53
53
70
68
75
54_54
41
54
42
55
56
75
60
54
54
70
54
55
68
42
53_53
53
41
56
65_75
75
53
53
68
53_65
41
75
56
67
51_51
51
39
58
75
67
51
51
39
51
58
65
49_49_49
37_60
60
75_75
49_49
60
60
63_65_65_68
37
75
49
63
48
48
48
56
36
75
48
48
36
63
48
56
65
61_65_68
46_46
34_46
73
61_73
61
61
46
46
44_44_73
34_46
44
32
61
63
66
73
65
44_66
44
44
46_46
46
34
70
61
65_73_73
63
32
46
46
70
65
34
46_61_73
73
48_48
48
60
36
63
48
48
36_63
48
60
49_49
49_58
65
37
61_73
73
49
61
49
65
49
37
58
73
61_65_68
46
73
46
46
56
34
60
46
60
46
34
46
56
61_63_67
51_51
51
55_67
73
58
39
73
51
51
73
55
53
51_73
53_53
53
67
41
39
58
53
53
53
41
53
51_51
51
39
55
63
70
73
73
51
39
63
73
51
70
55
51
37_49_49_49
56
73
49
49
37
49
56
48_48_48
36
58
63
73
67
73
36
61_63_67
48
73
48
63
67
73
48
58
46
46_46
34_55
46
46
34
46
55
44_44
44
32
60_63_63_68_68
72
72
72
75
72
44
63
68
32
44
44
75
44_44
32
68
60_75
44_63_68
63
75
60
44_63
68
44_60
32
75
44
75
60
44_44
44
56
32_80
75
72
60_63
63
60
63
60
72
63
44
56
80
32
75
44
44
75
75
73
68
44_44_65_73
68
44_73
32
61_65
73
44
77
44
65
32
44
73
68
73
77
68
44_65
68
32_61
77
44_44
61
65
61
65
32_68
77
44
77
44
44
77
44
73_80
61
32_56
65_77
44_44_61_65
61
65
80
56
61
32
65_73
77
44
77
44
44
77
75
44_63
75
68
32_44_44
63_66_72
68
72
75
78
75
44
63
32
44
44
75
68
78
75
68
44
60_68
68
32
44_44
63
63
66
60
63
68
68
44
32
44_75
78
44
75
78
60
44
32_56
72_78
44_44_63_75
63_66
63
66
72
60
75
56
63
44
32_78
75
78
44
44
75
78
77
44_44
44
61
68
73_77
32
61_65
68
73
77
77
80
44
61
32
44
44
68
77
77
80
44
68
68
44_44_56
32_61
68
65
61
56
44_61
68
68
44
32
77
80
44
77
80
61
44
53
44_44
58_73_77
80
32
61_65
65
61
80
53
73
44_58
77
44
61
32
77
80
44
77_80
44_44
44
78
32_66
63
60_63_68_75
72
75
78
72
75
44
72
78
44
44
32
63
68
78
75
72
68
44_44
60
68
60
44
32_63_78
63
66
60
63_68
44
68
32
78_78
44
72_75
44
78
75
72
44_44_75
56_68
32_72
44_60
78
63_66
63
66
75
68
56
60
44
72
32
78
44_72
75
78
44
78
72
75
65
44_44_44_77
32
68
77
61_65
61
73
77
77
73
73_80
77
44
44
65
44
32
68
73
80
77
77
61
44_44
61_65
68
44_68
32
65
61
61
32_65
68
68
44
77
73
44
77
80
44
80
73
77
32_77
73_77
44_44_56
44_68
61
61
65
65
61
77
73
68
56
61
44
32
73_80
44
77_77
44
80
73
77
78
44
75_75
60_63
44_44
32
60_60
60
75
60
72_75
78
63
68_78
63
44
44
44
32
72
68
63
63_78
68
56_56
75_78
32_44_44_44
60
63
56
68
44
56
78
32
75
44_78
68_72
63
63
44
72
68
63
63
78
60_75
78
60
32
75
44
44_44
60
63
60
75
63
60
44
60
75
78
44
32
44_72
63
68
78
63
72
68
63
78
63
73
61
61
77
61
32_44_44_44_65
77
77
73
61
73
65
65_80
77
44
68
61
44
44
32
73
65
68
65
80
56_73
56
68_77
32
44_44_44
61
65
32
56
56
44_68
73
44
44
77
68
65
73
65
80
73
68
65
65
80
61_61_65
73
77
32_61
44
44_44_77
61
65
61
77
77
44
73
32
44
68
61
44
65
65_73
80
68
65
73
80
65
72
32
44_63
44_44
72
60_63
63
66
63
63
66
66
44_72
32
44
72
44
66
66
56
56
36
48
68
48_48
68
56
68
56
36
48
48
66_66
48
68
66
66
63
63
51_51
39_51
68
68
66
63_68
51
63
63
39
51
66
60
66_68
51
66
66
63
48_48_48_63
36_68
68
68
63
66
66
63_68
36
48
48
48
66
66
51
56
56_68
51_51
39_68
56_68
56
51
39
51
68
66
66
51
66
66
63
63_68
44_56_56_68
56
63
63
68
56
44
56
66
66
56_68
61
66
66
65
65
80
65
49
80
49_49
37_68
80
80
83
49
83
65
37
65
49
49
83
83
53_61_73
73
61
41
53_53
73
61
41
53
61
73
53
83
83
53
83
83
65
61
68
80
56
61_61
80
44
56_56
56
80
44
61
56
61
80
56
83
83
83
83
80
61_61_80
41_53_53
53
61
61
80
80
83
83
53
53
41
53
83
83
56
61
56_56_73
44_73
61
61
73
61
44
56
56
73
83
83
56
83
83
80
61_61_61_80
61_61
49
80
80
61
61
49
61
61
83
83
61
83
83
61
61
61
42_42
66_66
66
30
42_82
70
83
82
61
61
66
66
42
83
61_85
61
70
70
42
30
61
85
70
70
61
83
42
83
82
61
73
61
73
61
82
73
61
80
73
70
66
61
80
70
61_61
70
78
61
61
70
80
78
70
80
82
61
73
61
73
61
82
73
61
80
73
80
78
78
61
61
78
61
78
78
78
61
77
77
75
68
54_54
54_72
68_72
42
63_68
60
77
75
68
68
72
72
77
78
75
75
68
68
54
54
42
75_78
68_77
68
75
54
77
75
80
68
68
80
75
68
68
80
60_73
68
63
80
73
68
75
75
68
72
68
68
73
72
75
75
73
68
68
75
80_80
68
75
68
80
73
80
73
68_72_84
84
68
68
68
72_84
84
70
70
68
85
53_68
41_53_53_85
61_65_68
68
68_70
68
68
53
85
85
53
53
41
70
65
68
51_51_51
73
39_73
65
65
68
61
68
51
65
39
66
51
65
73_73
66
75
75
66
51
66
66
66
75
68
65
75
77
68
77
49_49
49
61_65
68
37
65
68
77
61
65
68
49
37
49
66
68
77
49
66
63
56_56
68
44_56_63_68
56_60
68
56
65
63
56
68
56_68
65
66
63
73
63
44_73
68
63
60
56
63
56
63
66
73
56
73
68
68
70
44_44
44_66
60
63_66_68_72
72
32
63
68
60
44
66
66
44
72
70
32
44
72_72
72
73
37
65_65
73
37
25_37_73
61
65
68
73
70
70
68
68
66
66
65
73
65
63
63
61
61
65
68
37
61
65
73
37
25
65
61
37
61
37_49_49_49_61_61_65_68_68
61_68
49
49
68
49
36
48
48_48_68
61
37
61
48
48
48
36
37
68
65
68
49
49_49
65
65
49
49
49
37_65_68
68
39
51
51_51
51
51
39
51
41
68
53_68
53_53
68
68
53
53
41
68
53
68
68
68
68
54_65
61
42
54
54
54
42
54
54
44_56
56_56_68_68
63
60_68
60
60
56
56
46
56
44
58_58
58
68
68
60
60
58
58
58
46
44
56
56_56_68
68
63
63
56
63
63
56
44
56
68
68
42
54_54
54
54
54
42
54
41
53_53
68
68
53
68
68
63
68
60
53
53
53
41
68_68
68
51
68
39
51
51
51
61
51
51
39
65
68
41
53_53
61_68
53
68
61
53
53
53
41
44_56_56
68
68
56
61
61
56
56
56
44
42
54_54
68
54
65
68
65
54_54
42
65
54
68
65
68
41
53_53
53
53
53
41_53
39_51_51
51_68
68
68
68
51
51
68
68
51
39
49
65
68
68
68
61
37_49
49
49
49
49
37
36_48_48
48
68
68
56
56
63_68
60
48
48
68
48
68
36
51_51
39
51
56
56
51
51
51
39
37
49_49
49_63_68
68
63
49
49
49
37
63
68
68
63
36
48_48
48
48
48
36
48
34_46_46
68_68
46
68
68
63
68
60
46
46
34
68
46
68
68
68
44
44
32
44
44
44
44
32
51_51
66_66_70
51_66
63
39
70
70
66
51
65
65
51
66
70
70
39
65
65
51
63
63
42
54_54
70_70
54
63
42_54
63
54
54
65
65
70
70
65
65
46_66
66
58_58
58
70
70
58
66
63
46
66
70
58
66
68
70
68
70
58
68
68
70
70
38_70
50_50_62_65_70
70
50
70
70
50
71
70
50
71
70
38
71
50
71
70
41_70
53_53_53
70
70
53
41_70
70
53
53
70
68
70
68
68_68
66
66
46
58_58_58_70
70
66
46
58
65
66
62
70
58
70
65
65
70
58
65
65
66
39
51_66
70
51_51_70
63_66
70
66
51
66
70
70
70
51
70
39
70
70
51
42_68
70
54
70
68
54_54
42
54
68
54
68
70
66
66
54
70
66_66
65
46
65
58_70
70
58_58
65
58
65
58
70
46_70
66
63
63
58_63
70
63
63
62
34
70_70
46_62
46_46
62_65
70
62
62
46
70
63_63
46
70
34
63
46
63
62_62
53
41
53_53_70
70
62
41_53
53
70
62
70
53_60
60
60
60
58
58
46
58_58_70
58
70
70
62
65
46
58
58
58
58
70
70
56
58
56
56
56
30
54
42_42_42
54_58_63_70_70_75
54
77
54
75
70
42
70
58_63
78
75
77
63
63_75
42
30_42
63
75
78
63
75
75
75
63
63
78
78
74
63
74
78
78
63
75
75
63
63
32_71
71
44
44_44_59_63
71
63
63
71
75
71
44
71
59_63
32
75
75
63_75
63
78
44
44
63_75
75
78
63
75
75
63_63
78_78
74
78
63
78
74
75
63
75
46
63
54_63_70
63
70
46_46
70
34
63
63
75
70
70
70
77
75
54_63
46
78
34
77
63_63
75
75
46
46
63
75
75
63
78
75
75
74
63
63
78
78
78
63
74
78
63
75
75
35
56_63
47
47_47
63
68
68
63
68
63
63
68
75
68
68
56_63
35
47
75
75
78
63_75
63
47
47
75
75
63
78
75
63
75
74
78
63
63_78
78
74
63
78
63_75
75
58_63
70
63
30_63_70
42
70
42_42
70
75
63
63
70
70
77
58_63
75
30
42_78
77
63_75
63_75
42
42
75
63
78
75
63
75
75
74
63_78_78
63
78
78
74
63
63
75
75
59_63
71
44_44_63_71
44
63
71
32
63
63
75
71
71
71
59_63
32
44
75
75
63_75
63
78
44
44
75
63
75
78
63
75
75
78
78
63
63
74
78
63
74
78
75
63
75
34
70
46_46
46_66
66
70
54_63
70
66
46
46
75
70
70
66
77
34
75
70
78
46
70_70
32
44
44_44_75
75
77
70_75
54_63
44
32
44
78
70
75
75
44
75
65
65
34_56_58_62
74
46_46_74
46
70
65
56_58_62
74
46
34
65
46
74
70
74
46
74
66
66
75_75_75
27_39
39_39_54_58_63
75
71
39
27_39
39
54_58_63
71
66
30
42
63_66_70
42_42
70
66
30
42
42
63_66_70
70
68
42
68_75
75
46_46_66
62_65_68
34_46
46
34
62_65_68
66
46
65
46
65
63
51
58_63_63_66
63
51
39_51
62
63
63
63
62
39
63
51
51
66
66
63
66
66
65
65
66
70
70
58_63_66
51
66
70
70
68
68
70
62
62
70
71
62
62
71
70
65
65
70
65
65
68
68
66
70
70
66
70
65
70
65
66
63_63
63
62
63
66
63
63
70
62
66
63
66
70
63_66
66
65
65
66
75
70
70
66
75
70
68
70
68
70
58
74
58
74
71
70
75
58
58
75
71
70
74
65
65
70
74
65
65
68
72
68
72
66
70
70
70
66
70
70_70
65
68
65
68
66
66
63
63
63
63
62
62_63
62
63
66
66
62
62
62
63_70
63_63
63
63
63
63
63
70
65
65_65
65
65
65
66
75
66
66
82
66
66
66_75
82
68
68_68
68
68
68
70
70_82
70
74
70
82
70
71
71
74
71
70
75
71
71
75
71
70
70
70_74
82
70
70
70
74
82
68
68
68
72
68
68
68
72
66
66_66
70
82
66
66
66
70
82
65
65
65
68
65
65
65
68
82
63
66
63
39_51_51_51_63
66_66_70
51
82
51
39
51
38
50_50
63
50
66
63
66
38
50
50
50
70
66
82
39
51_51
66
51
63
51
70
39_51
66
51
66
82
41
53_53
53
63
53
41
53
53
75
82
42_54_54_58
54
58
82
42
54
58
54
54
66
75
63_70
82
58
56
82
44_56
56
56
44
56
56
82
58_58
82
65_65
46_62
70
58_74
65
58
74
46
82
58
82
75
47
59_59
58
59
65
65
47
59_75
59
59
74
82
82
46
58_58
58_68
68
58
74
46
58
58
82
82
68
68
72
44_56_56
56
44
56
56
72
56
70_82
54_54
42
54_82
58
58
65
70
54
62
54
42
70
54
58
82
58
53
82
53_68
41
53
53
53
41
53
68
63
66_70
51_51
66
39_51
66
78
70
70
39
51_51
51
66
70
50_50
38
50
80
78
72
66
70
38
50
50
72
50
80
39
51_51_78
51_70
66
66
75
51
39
78
70
51_51
66
75
77
68
41
53_53
53
66
41
53
77
53
53
68
75
66
54_54
42
54
66
66
70
54
54
42
75
66
54
66
66
70
63
70
73
51_65
51
39
51
66
51
73
39
51
65
51
60_63_68
72
63
56_56
66
44_56
72
66
56
56
72
56
66
44
72
73
58_58
70
58
46
66
63
58
58
46
73
58
70
72
68
72
56_56
56
44
66
66
44
56
72
72
56
66
56
68
70
73
54_54
42
54
66
54
54
73
42_70
54
68
75
53_53
41_53_63
66
66
53
41
53_75
68
53
60_63_66_68
66
72
51
63
51
66
51
39
51
72
51
66
39
51
68
65
77
49
49_49_61_65_68
65
65
37
49
65
65
49
37
77
70
49_78
48_48
36
48
65_68
36
48
48
48
70
78
68
77
73
37_49_49
65
49
65
49
68
37_49
77
65
49
73
75
66
51_51
39
65
51
39
51_51
66
75
51
65_73
53_53
68
41_65
53
65
41
65
53
73
53_61_65_68
53
68
65
72
63
49
37
49
49
65
63
72
49
37
49
49
70
58_61_66
61
65
42
54
54_54
65_70
54
42
54_65
70
69
54_70
44
56_56_56
72
65
61
56
44
69
72
56
56
66_70
65
42_54
54_54_70
65
54
42
66
70
54
70
54
65
72
68
41
53
53_53
65
41
72
53
53
53_68
73
39
51
51_51_65
66
65
61
51
73
39
51
58_61_66
51
66
65
70
49
65
37_61
49
65
49
49
70
49
65
37
49
36
58_63_66
48_48_63
48
63_75
63
63
48
36
48
34_63_63
46_46_77
46
48
75
63
68
63
46
34
46
68
46
77
63
75
36_48_48_48
66
63
72
36
48
48_75
48
66
72
63
73
37
49
49_49
65
63
37
49
49
73
49
65
39_72
63
63
51_51_51
78
63
51
39
63
72
51
51
70
78
61
58_63_66
48_63
48_63
36
48
48
36
61
70
48
48
60
69
53_57_60_65
53_53_63
41
69
63
53
53
41
53
67
63
54_54
42_54
69
69
63
60
54
42
67
54
54
69
53_53
41_53
63_65
72
63
41
53
69
53
53
65
72
63
70
63
51
51_51
39
39_51
70
51
51
72
49
37
63
49_49_77
63
69
72
49
37_49
49
63
69_77
57_60_65
63
69
48
36
48
48
48_48
36
69
48
46
46_46_70_70
61
34
61_61
58_61_65
61
60
61
70
70
61
46
46_60
34
58
73
65
65
46
73
58_61_65
73
65
58_65_73
60
60
77
77
61
70
70
77
70
61
77
63
70
63
41_41_60_65
65
57
60_60
29_69
41
69
65
66
69
69
41
60
60
41
66
29
65
41
72
63
63
72
60
65_65
57
72
63
72
63
63
63
77
61
77
69
69
61
77
69
77
69
60
60
70
46_46_61
46
34_58_70
58
61_65
58
58
57_58
57
70
61
70
46
57_57
46
73
58
58
65
34
46
73
61
65
58
65
73
58
73
58
60
60
60
60
77
70_77
61
61
70_77
61
77
61
63
63
63
63
53_65
41_53_53
65_65_69
65
60
65
57
65
69
70
66
66
65
65
65
53
66
53_66
70
65_69_72
72
65
41
53
60
65
57
65
65
72
72
69
67
63
63
63
63
67
65
61
61_77
77
65
77
61
61
77
63
60
60
63
60
60
61
61
46
58
70_70
34_46_46
65
61
58
70
46
69
69_70
46
61
46
61
58
69
34
69
70
58
65
65_70
49
37
49_49
61
65
58
58
49
70
70
65
37_49
72
65
72
49
72
72
73
53
65_70
73
58
61
65
70
41_53_53
61
58
65
73
65
73
53_70
53
41
75
75
53
70
75
75
77
45_65
57_60_77
33_45_45_65_69
69
65
77
69
45
77
78
70
45_70_78
69
45
33
78
70
78
77
77
65
48_48_69_69_70
36
48
48
77
48
60_65_65
69
77
36_69
57
48
75
75
67
67
75
67
75
67
73
73
53_53_57_60_65
65
65
65
53
41
57
60
53
41
53
65
73
65
65
65
73
72
72
63
63
53
72
63
63
72
61
65
70
61
34_46_46_46_58_61
65
70
46
65
46
33
45_45_45
46
61
70
34
61
45
70
45
33
45
34
65
46
46_46
58
65
73
73
46
46
34_65
46
73
58
65
73
36
48_48_48
36
48
48_48
37
49_49
49
65
70
65
65
65
49_49
37
49
70
61
65
58
65
65
51
39_65
51
65
51
51
39
51
51
57
60
65
53_53
53_65
65
41
69
72
72
53
53
65
53
65_69
54_54
41_54
42
70
72
72
54
54
42
54
70
53_53
41_65
53
65
75
69
75
53
53
41_53
75
69
65
75
65
39_51_51
51_67
39
51
51_51
67
49_49
37_65
49
65
65
65
65
49
49
37
65
49
65
65
60_65
65
65
57
48
48
48
36_63
48
36
48
48
63
58
61
46_46_46
34
65_65_73
73
65
73
46
46
46
73
45_45
34
33_45_75
73
66_73
65
65
45
33
45
45
46_46
34_75
46_73
70
65_73
66
73
46_73
34
46
46_70
73
65
36
48_48
63_72
48
73
48
36
48
48
72
63
49_49_61_70
37_65_73
49
73
61
58_70
37
49
49
65
49
65
61
73
46
46
34_60_68
73
46
46
68
46
34_46
60
58_63_66
66
51_51_58
73
39_51
66
73
51
66
73
51
51
66
65
53_53
53
68
41
73
39
58
53
53
53
65
41
66
39_51_51_51
73
63_73
66
68
63
66
39
51
51
66
51
73
73
68
37_49_49
49
65
68
37
49
49_65
49
73
36
70
63_73
48_48_48
58
48
36
48
48
70
63
58
73
73
46
58_63_66
34_46
61
66
46
46
34
46
66
46
61
72
32
44
44_44_60_63_66
72
72
63
63
44
44
63
44
72_72
73
31_43_43_43
65
72
32
63
43
43
43
73
31
72
72
72
32
44_44
44_65
68
63
72
44
68
44
44
32
63
72
70
46_46_72
34_46
61
34
46
70
46
46
61
72
72
68
48
48_48
36
63
60
36
68
48
60
48
48
63
72
72
44
32
66
44
44
58
60_63_66
44
66
44
44
32
58
72
72
65
49
56
49_49_56_60_65
37
65
49
49
72
65
49_72
63
51
51_51_65
39
66
37
56
51
63
51
39
51
65
72
49_49
37_49_61_65
72
66
65
61
49
37
49
49
65
72
72
66
48_48_48
36
63
48
36
48
48
66
63
68_72
34_46
61_72
46_46
56
68
46
34
46
46
56
72
61
72
44
65
44
44
32
60
56_60_65
44
65
60
44
32_44
70
42_70
42_42
58_61_65_70
30
61
58
42
58
70
42
41_41
41
72
29
30
63
70
70
42
61
41
41
41
29
72
63
70_70
42_42_70
42
30
61_66
42_70
42
30
42
61
70
66
70
68
44
44_44
32
60
68
44
32
44
60
44
66
70
70
46_46
34_46_58
61
46
66
46
34
46
61
70
42_70
58
65
42
56
42
30
58_61_65
65
42
42
56
30
42
70
63
48_48_48_54
54_58_63
36
63
70
48
48
70
70
48
63
49_49_49
61
37_65
63
36
54
49
49
49_61
37
48
70
48_48
63
66
36
63
70
65
48
63
36
48_66
70
63
48
70
46
46_46
34_65
61
65
46
34
46
46
61
70
45
45_45_66
33
60_70
60
33
45_54_58_63
66
45
70
60
70
45
60
43_63
43
43
31
58
63
43
43
31
58
43
41
29
41_41_60_60_65_65_69_69_69
63
41
69
41
72
65
69
41
29
69
60
65
72
41
41_41_65
29
57_72
60
60
60_63
65
57
41
72
72
41
41
29
72
69
77
41_41_41
29
53
57
60
60_63
72
69
60
63
57
41
60
77
72
72
53
41
41
29
72
70
41_41
70
41_65
29
58_61
65
61
70
70
41
73
41
65
70
41
70
29
61
73
65
65
41_41
41_61
29
58
73
58
61
61
65
58
73
41
73
41
41
29
73
58
41_41
61_70
41
29_53_58_61_77
73
58
61
77
58
73
70
61
53
41
73
41
41
29
73
41_41
63
41
72
29
60
65
57_60
69
72
41
69
72
72
75
41_41
63
72
29
60
72
75
65
41
41_41_65
60
65
57
29
57_60
60
65
65
57
41
75
41
72
41
29
75
72
72
41_41
75
41_57
53
29
69
57_60
60
57
60
72
75
41
57
60
69
75
41
72
53
41
29
75
72
73
41_41
58_70
41
61
65
58_61
29
73
70
73
41
77
73
41
41
61
73
29
77
58
73
65
65
65
41_41
53
29
58
41
58
61
65_65
53
58
77
41
73
41
41
29
77
73
77
70
73
41_41
49
41_58
53
29_58_61
77
73
70
58
61
49
41
73_77
41_53_58
41
29
77
73
75
72
41
41_41_60
60_63
29_65
57
69
72
75
41
69_75
41
60
72
69
41
29
75
65_69
72
65
57
65
41
41_41_75
60
57
29
60
63
65
65
60
41
57
41
41
75
75
72
69
29
72
75
69
72
65_69
41_75
53
41_41
57
29
60_63
60
65
63
72
69
41
57
75
53
41
75
41
72
69
29
69
75
72
41_65
73
61_70_73
58
41_41
29_61
58
70
41
73
73
73
77
41
70
61
41
29
70
73
65
77
58
65
58
29
61_65
41_41_41
73
58
61
58
41
65
61
65
73
41
41
77
70_73
29
70_73_77
73
53
58
41
70
29_41_41
70
58_61
73
58
61
58_73
70
70
73
41_53
77
41
41
70
73
29
70
77
73
41
57
29_41_41_72
60_69_69
72
75
69
69
41
41
75
72_72
72
65
69
72_75
41
29
65
72
72
69
75
65
65
29_41_41_41
65
75
72
57_65
60
65
65
41_41
72
75
65
72
41_72
75
69
29
65
72
72
75
69
72
69
72
69
41
75
29
41_41
60
57
57_69
60
72
69
65
41
41
75
72
69
75
72
72
41
29
65
72
69
72
75
70
73
70_70
29_73
41
41_41
58_61
70
65
73
73
70
77
41_70
70_73
41_73
41
29_65
70_77
73
73
70
65
73
65
65
41
29
41_41
58
61
70
65
65
73
65
41
41
77
65
70
41
73_73
29
77
65
73_73
70
73
70
70_70
29_73
41
41_41
58
61
73
58
70
61
70_70
41
41_73
65
77
41
70
73
73
29
65
73
73
70
77
72_72
69
41_41_60
29
41
69
72
72
75
75
41
60
69
65
69
41
41
29
75
75
65
65
65
45_45_45
33_63
65
65
65
65
45
65
75
45
33_65
75
45
61
63
75
75
65
72
72
36
60
48_48
48
65
61
72
48
72
65
75
65
48
58
75
60
36
48
75
75
58
65
72
72
33_45_45
65
57
45
65
72
75
65
72
45
55_75
45
57
45
33
75
75
57_65_65
65_65
48_48
36
48
55
65
48
65
65
48
65
36
75
48
58
57
75
75
75
60
53_53
72
65
65_72
53
58
41
72
53
60
65
41_72
65
57
53
75
75
53
75
57
75
58_74
46_46_74
46
34
62_77
77
65
68
74
77
77
80
80
46
46
46
34
74
80
80
70
70
50_50
58_58
38
50
70
70
58
50
80
38
50
80
58
50
80
80
77
77
53_53
58
41
58
53
53
77
77
65_68
62_80
58_58
41
80
58
53
53
80
80
77
77
50_50
38
58
58
50
77
77
80
80
50
50
58
58
50
38
80
80
70
70
53_53
58
41_58
53
70
70
53
41
53
58
80
58
53
80
80
80
77
58_58
58
58_77
46
58
77
58
77
46
80
58
58
58
80
58
80
80
63
78
27
39_39_58_58_63_63
39
66
70
58
58
63
80
78
63
66
58_58
66
80
82
39
39
66
66
58
39
27_58
82
80
80
70
78
58
58_70
78
70
70
58
58
77
66
70
63
77
75
66
58
58
66
58
58
77
75
66
66
77_78
70
70
58
58
70
78
58
70
58_77
77
75
75
58
75
58
75
75
58
73
75
58
73
60
72
63
69
65
51_51
39
65
51
69
65
69
73
72
65
65
69
69
73
75
72
72
65
65
51
39
72
75
51
65
72
65
73
51
73
72
77
65
77
65
72
77
65
63
65
60
70
65_77
69
70
69
65
72
65
72
65
65
69
70
72
72
70
72
77
65
77
65
77
72
77
65
65
70
70
69
81
81
65
65
69
81
81
67
65
65
67
65
49_49_49_61_65_65_70
37_82
65
82
65
65
66
82
63
63
65
49
49
49
82
63_66
63
37
65
61
61
48_48
36
48
70
70
61_65
70
48
48
36
48
65
70
63
61
63_72
61
63
72
70
63
63
63
72
65
61_65_70
61
73
65
46_46
34_73
46
72
61_65
70
61
73
46_46
73
34
65
46
63
65
63
60
60_65
70
53_53_65
53_53
53_65
41
61
60
53
53
61
65
63
65
53
60
60
70
70
41
53
53
60_65
70
70_70
63
60
65
61
61
60
65
61
61
63
67
41_41
60_65
41_69
29_63
69
69
60_65
69
41
69
67
29
41
41
63
69
63
69
69
70
46_46
46
61_65_70
61
61
34
70
70
70
63
66
61
46
46
34_46
66
61_65
49_49
63
37_49
49
37_49
65
49
60
61
63
65
70
60
63
58_61
53_53
41
53
61
53
41_53
60
53
58
57
70
70
60
57
58
58
58
58
58_58
46
61
60
58
60
60
58
46
61
58
60
61
58
56_56_56
61_65
70
44
58
56
44
56
58
61
63
56
60
54
42_54_54
61
65
70
54
54
42
60
54
63
65
61
41_53
53_53
53
41
53
61
53
65
63_66
39
51
51_51
58
58
66
39_51
51
51
63
68
38
50_50_50_58_65_65_65_68_68
50
65
68
68
66
65
50
50
58
38
65
68
68
53_53
53
68
66
41_58
53
53
65_68
53
68
41
68
68
65_66
58
66
65
65
58_68
58_58
68
58_65_68
46
65_68
58
58
65
58
46_68
68
65
63
58
63
65
62
46
62_68
46_46_68
34_65_68
68
62
68
63
46
46
65
46_62
34
63
65
68_68
62
53
53_53
65
41
65_68
53
53
53
65
41
68
68
65
63
62
63
62
58_62_68
58_58_65_68
46_65_68
65_68
62
58
58
68
58
68
46
65
62
60
60
58
62
65
51
39_51_51
68
65_68
68
58
68
68
62_71
71
51
51
39_51
65
62
71
62
70_71
63
70
54_54_54
42_58
63_66
65_68
63
63_66
70
54
70
42
54
54
63
63_65
68_68
58
68
68
66
65
66
66
58
58_58
46
58
62
62_65
66
62_65
65
66
58
58
46_62
66
58
65
68
58
65
65
68
66
70
63
66
51
63
63
66
63_66
58
66
68
66
70
65
66
51
63
65
68
63
63
66
58
49
61
63
61_61_63
63
63
61_66
49
61_61_63_65
63_66
63
68
47
59
59_59
65
47
68
59
59
59
66
66
46
70
58_58
58
66
46_58_58
66
58_66
66
68_70
44
71
56
56_56
68
44
56
56
56
71
70
63
43
55_55_61_70_73
55
73
63
70
70
71
73
55
63
55
55
73
70
43
71
73
70
46_73
58_58_63
58_73
73
46
58
58_73
71
58_73
70
61
63
70
63
71
70
73_73
63_63
70
51
63
63
70
73
68
63
51
70
63
63_73
63
68
67
73
70
63_67_70_73
65
51_51
39
51
70
65_68
73
67
51
51
73
51
39
68
70
73
46
73
70
58_58
65
58
63_67_70
73
46
58_70
65_73
58
70
58
68
68
67
73
70
73
63_63_63
51_65
73
67
51
63_65
73
65_70
63
63
65
63
70
73
73
44_65
44_44
67_70
32
63
44
67
44
44
32
70
65
73
67
73
68
47_67_70
47_47
75
35
63_68_68
75
63
63_68
35
75
68
47
47
70
63
68
47
73
73
75
70
73
73
71
71
71
51_61_67
51_51
63
39_67
61_67
71
51_67
39
73
51
63_71
51
70_71
70
73
70
70
75
71
71
56_56_59_63_68_68
56
63
44
71
75
44_56
73
71
56
58_58
46_58
56
58
58
68
73
58
71
56_56
44_56_68
68
46
59_63_68
56_63
56
71
68
44
70
56
68
54
42_54_54
54
54
70
42
54
71
40_52
52_52
71
52
40
52
52
68
39_51
51_51
51
68
51
39
51
76
37_49
49_49_64_68_71
76
61_61
49
76
49
76
37
49
61
61
76
56
44
64
56_56_64
76
56
64_68_71
44
64
56
64
76
56
68
68
76
68
68
49_64_76
64
61
61_61
76
61
49
64
61
64
76
61
76
61_61
61
61
76
61_66_70
76
42_70
54_54
54_70
76
76
66
54
70
54_66
70
42
54
66
66
70
37_70
70_70
49_49
49
61_66_70
37
70
49
70
49
73
73
49
70
70
73
73
70
70
70_70
30
42_42_42
70
42
42
70
66
30
66
42
70
70
66
66
75
75
63_66_70
70
47
70
47_47
35
70
59_70
59
75
75
47
35
47
47
59
59
63
63
75
42_54_54_75
54
63_66_70
54
42
54_63
63
54
75
66
66
75
66
66
63
63
59_59_75
47
59
75
47
59
63
59_63
59
75
59
59
75
59
59
68
68
59_63_68_75
52_52_75
40_52
75
75
64
64
52
52
68
40
68
52
64
64
68
68
35
68
68
47
47_47
59_63_68
68
68
35
47
47
71
47_71
68
68
71
71
68
68
40_68
68
28_40_40
68
40
68
40
28
64
68
40
64
68
64
64
40
52_52_52_54_58_58_58
61_66
78
78
78
58
61
78
54
58
40
52
61
52
52
54
61
58
78_78
54_78
61
78
58
61
61
78
58
66
61
78
66
58
66
61
61
58
78
78
61
61
78
54_59
59
39
51_59_63_66
51_51
78
59
78
78
63
54_59
39
63
51
51
51
54
63
59_78
78
63
54
78
59
78
63
63
78
59_66
78
63
78
66
59
63
78
63
66
59
63
63
61
78
78
61
54_58
49_49
37_49_64
66
78
58
78
61
61
64
54
37
61
64
49
49
49
78
54
54
61
78
54
78
54
61
78
61
64
61
64
78
61
58
78
64
58
61
78
78
64
64
66
64
61
61
59_61
64
63
78
78
63
47_54_59
47_47
35_66
78
78
63
59
66
63
54
47
47
63
35
47_66
78
54
78
54
63
54
78
54
63
78
66
63
63
66
78
63
59_66
78
63_66
59
78
63
59
66
78
66
63
63
66
78
46_46_58_61
66
78
64
46_58
61
34
78
58
61
64
58_61_78
46
46
64
46
34
58
61
64
54
49_49
78
54_64
49
37_78
61
58
66
49
37_54
49
54
49
78
64
78
58_61_64
58
64
61
58_61_66_78
54_54_64
58_61
42_54
78
58_61
66
61
58
54
78
42
54
54
78
64
58_64
61
64
61
58
78
78
63
47
59_63
35_47_47
59_63_66
78
59
63_78
63
59
47_66
63
47
47
35
59
66
63
78
78
54_63
54
39_51_51_51
63
59
66
51
78
39_54
54
51
51
78
63
66
59
63
59
63
66
78
78
63
59_63
54
54_54
42
59_63
66
63
59
66
78
59
42_63
54
63
78
54
54
63
59_66
63
66
59
78
34_78
61_66
64
61
61
64
46_46
46
78
46
46_46
78
61
34
61
37
64
64
54
58
49
49_49
37
49
49
54_58
64
49
30
54
78
61
64
42_42
42
78
64
61
66
42
42
42_54
78
30
78
61
37
54
64
64
58
49_49
49
49
37
49
49
54_58
64
34_78
61
61
46_46
64_78
46
64
61_66
61
64
66
46
61
46
78
46
78
34_64
61
37
54
64
58
49_49
49
49
37
49
64
49
54
58
35
59
78
59_63_63_63
66
47_47_78
47
78
47
63
59
47_78
63
47
35
66
39_54
59
51
51_51
39
51
59
51
54
51
66
54_78
30
59
78
63
42_42_42
63
66
59
42
54
78
42
42
78
59
63
30
39
54_66
59
51_51
51
39
51
66
51
59
51
54
35
59_63
63
78
78
47_47_59_63
66
47
63
59
66
63
47
47
78
47
59
63
35
78
39
59
66
54
51
51_51
39_51
59
54
51
66
51
71
41_41_59
41_53_56_59_62_68
29
62
65
68
68
62
71
71
41
68
41
74
41
56
53
59
29
68
71
74
68
62
29
59
41_41
59_62
41
68
62
59
41
59
62
74
71
41
68
41
29
74
68
71
71
68
59
62
41_62
68
41_41
29
59
41
62
68
70
66
41_59_61_68
71
62
62
68
65
29
41
70
71
59
62_68
41_41
56_62
41
29
61
66
41
71
62
68
74
68
71
41_56
41
29
62
59
74
68
71
68
62
59_59_68
41
62
29_41_41
41
59
62
68
68
62
59
41
41
74
71
68
29
74
68
71
71
68
62
68
41_62
41_41
71
29
41
62
62
71
71
68_68
29_41
74
41
68
71
68
74
58
71
40_40
61_66_70
40
28_58_61
61
66
66
66
61
70
66_70
73
58
40
40
66
40
28
61
66
73
70
58
66
40_40
61
66
61
28_40
70
58
66
40
61
66
70
61
40
40
28
66
73
70
66_73
70
40_40
73
70
40_66
61
70
66
28
40
66
66
70
73
61
40
40
58
28
68
59
65
61
70
66
68_70
40_40_40
61
66_70
66
28
61
59
65
40
61
66
70
73
40
40_66
70
61_70
28
66
73
66
70
66
58
61
40
40_40
28
70
66
73
40
58_61_66
40
40
70
73
66
28
73
70
66
73
66
70
70
61_66_78
40
40_40
28
73
70
61
70
40
66
73
70
40
28
40
78
73
70
66
66
73
70
39
27_39_39_54_59
59_59_66_66_71
59
59
66
73
71
66
39
39
71
71_73
59
59
27
75
54_59
71
71
75
59
71
59
71
75
70_75
59_59
75
75
39
70
59
71
59
71
68
68
40
68
40_40_56_59
28_59
59
68
68
71
59
59
68
40
40
71
28
75
71
71
59
59
40_56_59
71
71
75
59
59_71
71
70
75
59
59
75
75
75
70
59
71
59
71
66
66
42_42_51_59
42
66
59
59
30
66
66_71
59
59
66
73
71
42
75
30
71
71
42_73
59_59
42_51_59
71
71
75
71
59
59
71
70
75
59_75
59
75
75
70
71
59
59
71
64
44_44_52_59_64
32_44
59
59
64
64
71
59
64
59
64
44
71
75
32
71
59
44
71
59
44_52_59
71
71
75
71
59
59
71
70
75
59
59
75
75
75
70
71
59
59
71
66
59_66_66
59
27
39_39_54_59
39
59
66
71
59
66
66
73
71
27
75
73
71
39
71
59
59
39
39_54_59
71
71
75
71
59
59
71
70
75
59_59_75
70
75
75
71
59
59
71
68
28
68
68
40_40_56_59_59
59
40
71
59
68
59
68
68
28
71
71
75
71
40
59
59
40
71
40_56_59
75
71
59
59_71
71
70
75
59_75
59
75
75
70
71
59
59
71
66
66
42_42_54_59
30_42
63_63_66
71
66
42
63
66_66
42
63
73
71
30
75
42
28
73
71_71
66
66
40_40_40_59_63
71
54_59
59_63
75
71
28
71
66
66
40
40
40
71
66
61
70
30_70
42_42
42_61
58_61
58_61
70
42
66
70
61
61
70
30
42
42
70
71
59_63_63_71
63
35
71
35_35
35
71
71
68
71
63
63
68
54
59
59_66
59_63
35
35
35
54
59
66
59
64
35
64
63
37_37
37_37
54
54
54
37
54
63
37
37_54
61
54
37
61
39_39_54
59_59_63
39_39_59
66
59
54
59
39
59
58
39
59
39
39
58
59
54
37_37
37_37
63
63
63
66
59
63
59
54
63
37
37
61
37
37
61
63
54
35_66_66
35_35
35_59_63_66
63
59
66
63
54
66
35
35
35
66
64
35
64
58
54
66
30
42_42_42
58
58
61
66
42_66
68
42
42_54
58
30
58
68
66
32
54
44_44
61
44
61
66
54
32
44_44_61
64
61
44
66
61
58
64
63
34_54
46_46_66
46
58_61_66
66
61
58
66
54
63
66
34_46
61
46
46
66
61
63
47_47
59
54
59_63_66
35_59
59
47
59
54
58
63
59
59
66
47
59
54
63
63
58
47
35
47
63
59
59
66
66
63
61
54
63
61
71
66
63
54_66
63
71
66
54
64
66
64
54_66
70
54
54_54_58_61_66
42
54
54
70
54
71
66
68
54
54
66_71
70
54
54_61
68
42_61
61
54_58
66
66
70
54
61_64
54_68
61
64
68
63_66
54
66
66
66
63
66
64
54
66
61
64
61
63_63
54
47
47_47
35_63_66
59
59
59
59
54
58_58
59
63
63
35_47
66
59
58
54
59
59
58
47
63
59
66
66
59
59
47
59
54
61
61
61
61
71
66
63
54
63
66
63
63
71
54
64
64
64
64
66_70
54_66
66
61
30_58_66
42_42
42
66
66
68
70_71
68
54
66
68
68
71
42_66_70
54
66
66
30
42
61
58
66
66
42
66
70
66
54
68
64
64
64
64
68
66
63
63
54
66
63
66
63
66
54
61
64
61
61
61
64
63
47_54
59
59_66
47_47
63_66
59
35
47
54
66
47
35_46
46_46
34
47
59
59
63
46
34
46
46
47
47_47
59_66
66
35_63
63
35_47
47
66
47
63_66
59
63
63
59
49_49_49
37_66
37
49
49
49
59_63
66
51_51
51
71
39
66
66
66
66
59_63
51_66
39_71
51
66
66
66
51
52
52
40
52
66
40_52
52
52
61_66
58
54_54_54
42
66
66_70
73
73
54
42
54
66
56_56
70
56
71
44
54
66
73
73
56
56
44
56
71
54_54
42_66
54
70
66_76
76
54
42
54
66
61
76
58
54
66
66_70
76
52_52
40_68
52
52
40
52
68
52
58_61_66
51_51
39_66
66
51_66
66
66
61
51_58
66
66
39
51
66
66
66
51
49
49
64
37_66
49
49
49
37
64
59
49
63
47_47
35
66
47
66_75
75
63_66
47
47
66
35
63
75
47
68
46_46
34_46
64
75
66
34
46
46
64
46
47_47
66
63
68
47
35_75
71
75
47
47
35
66
63
47_75
49_49_61
64_71
49
37
75
63
59
66
49
49
37
49_61
64
59
51_51
63
66
39
51
75
75
51
51
59
39
51
63
75
66
47
75
58
47
61
47
35
47
47
35
58
61
47
53_56
53_53
59
68_75
41
59_61_68
75
53
53
41
75
68
56
53
54_54
75
54_70
54
42
59
54
54
42
70
54
54
53_53_56
68
53
41
68_75
75
53
53
41
59_61_68
68
56_75
68
53
51_51
66
58_75
51
39
51
51
58
39
66
51
49_49
65
37_59
49
59_75
75
49
49
37
59
49
75
65
59
47
47_63
75
56
35_47
47
47
35
56
63
47
61_65_68
65
46_46
34_46
73
61_61_73
46
46
61
34
73
61
66
44
44_44
46
63
32
65_73
32_44
44
63
44
65
46_46
46_61
70
34_66
73
73
61_65_68
34
46
46
73
61
65
46_70
47
59
47_47_63
35
73
47
35
47
47_59
63
49
61
58
37_49_49_65
73
73
49
49
58
37
73
49
61
65
46
46
46
56
59_73
34
46
46
34
59
56
46
58_61_66
54
58
51_51
51
39_73_73
66
39
51
51
73
66
53
41_53_53
53
68
73
51
54
58
53
53
41
68
53
53
39_51
51_51_54
66
73
63
73
58_61_66
39
51
51
54
73
63
66
51
49
37_49_49
56
73
65
49
49
37
56
65
49
35_47_47
47
58
63
73
58
73
47
47
35
58
47_63
73
46
58
46
46_54
34_61_73
46
34
46
54
61
46
59_63_66
44_44_71
32
44_59_63
59
71
44_44
59
71
32
42_42
59
42_44
30_61
64
71
63
42
30
42
42
61
64
44_44
59_63
32_44
68
71
71
59_63_66
32
44
68
44
59
71
44_63
46
58
46_46
34_61
71
46
46
58
34
61
46
47
59
56
47_47_63
71
35
71
47
47
63
35
47_59
71
56
44
44
44_54
58
30
71
44
44
30
54
58
44
56_59_65
49
49_49
53
56_65_71_71
37
37
49
49
71
53
39
51_51_51
51
49
71
65
56
51
39
51
51
51
53
37_49_49
68
49_71_71
61
59_65
56
37
49
49
71
53_68
61
49
71
54
47_47
35_47
47
35
47
47
54
56
46_46_46_73
34
71
65_71
46
46
34
65
73
71
71
46
56
44
44
44
53
32
44
44
32
44
53
42_42
42
30
58_61_66_66_66_70_70_70
70
68
70
66
70
66
42
68
42
30
66
70_70_73
61
42
70
61
58
66
61
66
70
73
68
68
70
73
73
78
61
70
73_73
78
61
71
71
37
73
37_37
65
25
65
61_68
56_65
61
61
73
75
65
65
37
68
37
75
37
73
61_68
68
71
25
61
56_68
65_68_73
61
71
71
71
70
61
73
77
73
73
73
70
61
77
68
68
70
42_66
66
42_42_61
30
61
58_66
66
61
66
65
66
42
66
42
70
42
65
70_73
66
61_70
30
61
58
66
70
66
70
61
73
68
68
70_78
73
61
73
73
78
70
61
73
71
71
61
56_65
73
49_49_49_61_77
37_61
61
61
77
78
75
61
73
49
61
49
49
75
37
73_77
68
61
68
78
61
56
65
68
73_77
61
68
71
75
71
75
70
73
61
73
73
73
73
70
73
61
71
68
71
68
70
54_54_70
54_61
42_66
54
70
54
61
54
53
54
54
53_54
54
70
53
70
42
53
54_61_73
54
58_66
58_58
46
54
58
66
54
70
46
66
58
61
73
56
56
58
56
56
58
73
58
78
49_61_61_61_61
66_70
66
70
58
61
58
61
49
73
61
61
78
59
59
59
59
61
65
61
49_68_77
49_49
37_73
61
61
73_77
61
61
63
63
78
49
49
49
37
63
63
78
61_77
61
56_56
44
56
73
61
65
68
61
56
77
56
61
44
61
73
56
59
75
59
59
59
75
58
73
58
61_61
49
61
73
61
65_68
65
68
58
61
73
58
49
61
61
73
61
56
71
56
56
71
56
54
54_70
30
73
61
42
42_42_61
66
58
30
73
42
42
42
29
41_41
54
41
70
54
61
41
29
41
41
30
58
58
42_42_66
73
42
73
42
30
58
42
73
58
42
73
66
32
44
44_44
66
61
58
44_44
32
44
61
34
46_61
73
46_46
78
73
46
46
34
61
73
46
61
78
47_73
35
47
47
47
47
35
56
47
61
65
37_65
49
73
49_49
73
77
65
37
49
73
49
65
77
49_65
73
39
51_51_51
78
51
39
51
51
78
77
37_73
49_68
68
49_49
73
56
49
37
49
77
68
49
73
68
73
47
35_47_47_75
47
35
47
75
47
61
65
25
34
61_73_73
46_61
46_46
73
25
46
46_73
34
61
46
73
61
44
73
44
32
44
71
44
44
71
32
44
42
30_42_42_61_66_70
70
70_70_73_82
30_42
42
70
42
70
41
82
29
41_41_75_83
70
73
41
29
41
41
83
42
82
75
30_42_42_73
78
70
70
42
42
82
30
73
61_66_70_78
42
70
44_70
80
32
44_44
71
44
44
32
80
44_71
46
78
46_46
70_70_70
34_73
46
46
78
34
46
70_73
42
70
77
42
42
68
70
30
42
77
42
30
68
42
63_66_70
75
70
47_47
47
35
70
66
75
47
47
35
70
47_75
73
49_49_49_70_75
77
37
66
49
49
37
49
73
77
75
47_75
35_47_47
70
70_71
63_66_70
47
47
75
35
71
75
70
47
34
46_46_77
46_70
73
46
46
34
73_77
46
44
32_78
44_44
71
70
70
66
32
78
44_44
71
44
42
66_70
70
75
42
42
30
70
42
42
75
30
70
42
41
41_41_59_65_68_68_68
29
80
68
68
41
41
29
39
68
39_39
27
73_82
41
68
80
68
68
39
39
27
73
39
82
41
41_41_68_68_71_80
29
77
29
41
59_65_68
41
80
71
41
77
68
42
42_42_70
68
78
30
42
30
42
70
78
42
44
44_44_68
77
68
32_68
68
44
44
32
44_77
68
41
68_68
75
68
41
66
41
29
41
41
75
29
41
66
46
61_65_65_68
68
46_46_68_73
34
73
46
46
46
34
68
73
73
47
35_47_47
71_75
68
65
35
47
47
71
47_75
46
34
46_46
70
73
68
73
68
61_65_68
46
46
34
68
70
73
68
46
73
44_44
32_44
71
75
44
44
32
71
75
44
42
30
42_42
68
70
77
68
65
42
30
42_77
70
68
42
65
41_68
73
41
41
29
68
41
41
73
29
68
41
39_39
27_39_66
58_63_66_66
78
70
66
39
39
27
66
37
39
25
37_37_80
71
78
66
66
70
37
25
37
37
71
39
27
70
80
39_39
66
75_78
66
58_63_66
39
27
39
66
70
75_78
39
66
41_68
29
41_41
77
41
41
29
77
68
41
42
30_42_42
66_66_75
70
66
42
42
30
75
66
42_66
39
66
73
39
39
70
27
65
39
39
73
27
39
65
44_44
44
71
66
59_63_66
66
32
63
71
44
44
32
66
44
46_46
46
70
34
73
71
66
71
63
46
46
34
46
44
44_44
32_71
66
66
73
71
68
70
59_63_66
44
44
32
66_68
66_71
44
71
42_42
42
73
30
70
42
42
70
30
73
42
41_41
41
29
75
66_68
63_66
41
41
29
68
63
41_66_75
66
39
70
39_39
27
66
39
39
70
27
66
39
25
37_37
37
61_65_65_65_65_68_71
56_65
37
65
68
37
25
37
68
65
71
68
65
65
25
37_37_37_61
68
73
65
68
37
68
73
61
37
65
68
25
68
37
68
25
65
37
73
37_37_65
68
68
61
65
61
56
68
37
68_73
65
61
37
68
65
25
37
68
25
37_61
58
66
66_73
66_66
37_37_70
66
37
66
70
25
37
66
66
70
73
37
70
25
66
61
37
70_70
73
66
37_37
70
61
37_66
73
70
70
37
25
37
70
25
66
37
70
61
66_73
70
37_37
70_73
58
61
66
70
66
61
66
70
37
25
37
37
70
25
68
68
65_71
37_68
37_37
65
61_65_68
68
65
37
71
68
25
37
65
37
68
71
71
68
25
61
37
61_73
65
37_37
68
68
61_73
68
61_65
25_71
37
68
37
68
61_65
37
68
71
25
68
65_65
68_71
37
61
37_37
65
61
68
68_71
65
25
37_71
68
37
37
68
71
25
70
37
66
66
37_37_70
70
58_61_61_66
66_70
73
37_70
37
61
25
37
66
70
70
73
25
61
61
61
37
37_37
66
70
70
58
61_66
61
37
61
70
61
37
73
25
70
66
37
73
70
25
70_73
58_66
37_37
37_66
61
66
66
58
73
70
37
70
25
37
73
61
37
70
73
25
61
56_65
68_71
37
37_37
73
65_68
65
68
65
71
65
37
68
71
37
25
37
73
68
68
65
65
71
25
61
37_61_71
37_37
68
65
68
61
61
37
37
25
71
65
71
68
37
65
56
65
61
68
71
65
25
71
65_68
37_37
37_73
61
65
68
65
37
65
65_71
68_71_73
25
37
37_61
65
68
71
25
58_61_66
70
37_37_66_70
70
37
73
66
66
66
70
70
37_70
73
37
25
37
73
66
70
66
70
73
25
61
70
61
37
37_37
66
70
58_61
66
37
61
70
61
37
25
37
66
70
70
73
66
70
66
25
73
66
70_70
37_61_73
37_37
66
66
61
70
37
66
73
37
37_66
25
70
73
70
70
66
73
25
68_77
68
71
37_37
37
73
73
61_65
56
77
71
61_68
65
68
71_80
68
73
77
73
37
37
25
37
65
80
61
68
71
77
25
61
68_71
73
68
37_37
73
37
65
56
61
73
71
61
25
37
65_68
61
68
80
37
73
71
68
77
37
80
65
71
61
68
77
25
71
68
68
77
37_37_56_61_65
37_73
73
56
61
65
68
37
73
77
71
65
25_61_73
80
37
37_71
68
68
77
80
71
65
61
68
77
25
66
70_70
37_37_78
37
58_61_73
73
66
66
70
37
61
66
78
82
73
37_70_73
73
70
37
78
25
66
61
82
70
25
73
78
66
61
37_37_37
70
73
73
70
58_61_66
61
25
66
37_37
73
70
61_70_73
66
82
73
37_70
78
82
66
70
73
61
25
78
58_61
66
66_70
37
70
37_37
73
78
73
66
58
61
70
66_70
78
37
25
73
37
66
61
73_82
70_78
37_73
82
66
61
73
56_70_78
25
77
73
61
37
37_37_68
61_65_68
65
61
65
68
71
68
65
68
25
77
37_73
37
37
71
68
65
61
61_68
41_41_61
29_41
61
61
61
41
71
61
41
68
29
65
41
68
61
65
61
56
71
65
68
68
61
65
44_44
61
32
44_61
68
44
65
71
44
44
61
68
61
61
32
56
71
68
56
68
65
61
41
61
29
41_41
61
71
61
65
68
61_68
41
41
61
56
41
29
71
68
56
61_61
61
44
61
32_61
44_44
61
61
61
61
61
44
71
32
68
65
44
44
71
65
68
68
68
65
37_61
49
49_49
61
65
68
68
61
49
71
68
49
65
49
61
37
71
68
58
65
66
70
42
61
61
30_73
42_42
66
70
64
66
76
66_70
70
73
42_73
42
42_66
70
30
61
76
73
70
73
46_66
54
54
66
46_46
34
54
73
66
46
46
66
34
76
54
46
73
70
76
73
70
70
54_66
49
37_49_49_54
73
66
58
64
61
54
70
73
49
49
37
54_66
76
73
49
61
76
73
61
46
46_46_66
54
70
34_54_73
54
73
70
66
76
73
61
46
46
54
34
46
76
73
61
66
66
49
37_49_49_54
54
66
66
49
54
66
49
37
54_66
49
76
70
73
76
73
70
54_73
54_54
54
54
42_70
73
73
70
54
54
54
42
73
54
54
70
76
73
76
73
70
54
54
35_35_54
35_35_75
54
59
59
63
66
76
75
54
54
54
59
76
54
78
54
63
59
35
54
78
59
63
35
54
76
35
35
76
54
75
54
63
66
54
75
63
66
54
73
63
54
59
66
73
54_71
54
54_63
54
54
73
71
63
54
73
66
59
75
54
54
54
59
75
66
54
73
73
63
71
54_54
71
63
71
54
54
70_71
70
59
68
47_61
47_47_61
35_65
61_61
65
68
70
61_68
61
65
61
70
71
68
61
61
65
47
35
47
61
71
65
61
47
68
70
70
68
68
61_61_73
68
68
68
61
65
61_61
66
73
59
66
65
61_61
61
68
61
61
66
65
68
61
73
66
68
61
65
61
61
61
65
68
73
66
66
61_65
68_77
61
61
68
65
61
77
63
63
46
61
46_46_58_61_61_66
34_78
61
73
78
61
46
63
46
73
61
61
46
63
34
61
44
58
58
32
44_44
66
66
58_61_66
44
58
61
32
44
59
66
44_58
59
59
68
68
66
59
59
59
61
68
58_61
68
70
70
42
30
42_42
58_61_66
58_61_66
58
61
42
30_61
42
42
59
70
70
59
49
56
49
49
37_61
49_49
58_61_66
61
58
56
49
49
61
59
58
49_56_66
56
61_66
37
49
58_61_66
49
59
56
56
66
61
66
61
56_59_65
37_37_63
37
65
59
25
59
65
56_59_65
37
37
37
59
59
63
25
65
65
65
65
54
42
42_42_58_66
30
58
66
66
58
61
70
66
66
66
66
70
73
70
70
70
73
70
66
66
70
73_73
73
70
73
73
73
78
78
78
78
73
66
61
58
73
54
70
70
66
66
54
30
58
42
58
54
42
78
78
37_49_49_49_61_61_65_68_68
61_68
42
49
49
68
49
36
48
48_48_68
61
37
61
48
48
48
36
37
68
65
68
49
49_49
65
65
49
49
49
37_65_68
68
39
51
51_51
51
51
39
51
41
68
53_68
53_53
68
68
53
53
41
68
53
68
68
68
68
54_65
61
42
54
54
54
42
54
54
44_56
56_56_68_68
63
60_68
60
60
56
56
46
56
44
58_58
58
68
68
60
60
58
58
58
46
44
56
56_56_68
68
63
63
56
63
63
56
44
56
68
68
42
54_54
54
54
54
42
54
41
53_53
68
68
53
68
68
63
68
60
53
53
53
41
68_68
68
51
68
39
51
51
51
61
51
51
39
65
68
41
53_53
61_68
53
68
61
53
53
53
41
44_56_56
68
68
56
61
61
56
56
56
44
42
54_54
68
54
65
68
65
54_54
42
65
54
68
65
68
41
53_53
53
53
53
41_53
39_51_51
51_68
68
68
68
51
51
68
68
51
39
49
65
68
68
68
61
37_49
49
49
49
49
37
36_48_48
48
68
68
56
56
63_68
60
48
48
68
48
68
36
51_51
39
51
56
56
51
51
51
39
37
49_49
49_63_68
68
63
49
49
49
37
63
68
68
63
36
48_48
48
48
48
36
48
34_46_46
68_68
46
68
68
63
68
60
46
46
34
68
46
68
68
68
44
44
32
44
44
44
44
32
51_51
66_66_70
51_66
63
39
70
70
66
51
65
65
51
66
70
70
39
65
65
51
63
63
42
54_54
70_70
54
63
42_54
63
54
54
65
65
70
70
65
65
46_66
66
58_58
58
70
70
58
66
66
63
46
66
70
58
68
70
68
70
58
68
68
70
70
38_70
50_50_62_65_70
70
50
70
70
50
71
70
50
71
70
38
71
50
71
70
41_70
53_53_53
70
70
53
41_70
70
53
53
70
68
70
68
68_68
66
66
46
58_58_58_70
70
66
46
58
65
66
62
70
58
70
65
65
70
58
65
65
66
39
51_66
70
51_51_70
63_66
70
66
51
66
70
70
70
51
70
39
70
70
51
42_68
70
54
70
68
54_54
42
54
68_68
54
70
66
66
54
70
66
66
65
46
65
58_70
70
58_58
65
65
58
58
70
46_70
66
63
63
58_63
70
63
63
62
34
70_70
46_62
46_46
62_65
70
62
62
46
70
63_63
46
70
34
63
46
63
62_62
53
41
53_53_70
70
62
41_53
53
70
62
70
53_60
60
60
60
58
58
46
58_58_70
58
70
70
62
65
46
58
58
58
58
70
70
56
58
56
56
56
30
54
42_42_42
54_58_63_70_70_75
54
77
54
75
70
42
70
58_63
78
75
77
63
63_75
42
30_42
63
75
78
63
75
75
75
63
63
78
78
74
63
74
78
78
63
75
75
63
63
32_71
71
44
44_44_59_63
71
63
63
71
75
71
44
71
59_63
32
75
75
63_75
63
78
44
44
63_75
75
78
63
75
75
63_63
78_78
74
78
63
78
74
75
63
75
46
63
54_63_70
63
70
46_46
70
34
63
63
75
70
70
70
77
75
54_63
46
78
34
77
63_63
75
75
46
46
63
75
75
63
78
75
75
74
63
63
78
78
78
63
74
78
63
75
75
35
56_63
47
47_47
63
68
68
63
68
63
63
68
75
68
68
56_63
35
47
75
75
78
63_75
63
47
47
75
75
63
78
75
63
75
74
78
63
63_78
78
74
63
78
63_75
75
58_63
70
63
30_63_70
42
70
42_42
70
75
63
63
70
70
77
58_63
75
30
42_78
77
63_75
63_75
42
42
75
63
78
75
63
75
75
74
63_78_78
63
78
78
74
63
63
75
75
59_63
71
44_44_63_71
44
63
71
32
63
63
75
71
71
71
59_63
32
44
75
75
63_75
63
78
44
44
75
63
75
78
63
75
75
78
78
63
63
74
78
63
74
78
75
63
75
34
70
46_46
46_66
66
70
54_63
70
66
46
46
75
70
70
66
77
34
75
70
78
46
70_70
32
44
44_44_75
75
77
70_75
54_63
44
32
44
78
70
75
75
44
75
65
65
34_56_58_62
74
46_46_74
46
70
65
56_58_62
74
46
34
65
46
74
70
74
46
74
66
66
75_75_75
27_39
39_39_54_58_63
75
71
39
27_39
39
54_58_63
71
66
30
42
63_66_70
42_42
70
66
30
42
42
63_66_70
70
68
42
68_75
75
46_46_66
62_65_68
34_46
46
34
62_65_68
66
46
65
46
65
63
51
58_63_63_66
63
51
39_51
62
63
63
63
62
39
63
51
51
66
66
63
66
66
65
65
66
70
70
58_63_66
51
66
70
70
68
68
70
62
62
70
71
62
62
71
70
65
65
70
65
65
68
68
66
70
70
66
70
65
70
65
66
63_63
63
62
63
66
63
63
70
62
66
63
66
70
63_66
66
65
65
66
75
70
70
66
75
70
68
70
68
70
58
74
58
74
71
70
75
58
58
75
71
70
74
65
65
70
74
65
65
68
72
68
72
66
70
70
70
66
70
70_70
65
68
68
65
66
66
63
63
63
63
62
62_63
62
63
66
66
62
62
62
63_70
63_63
63
63
63
63
63
70
65
65_65
65
65
65
66
75
66
66
82
66
66
66_75
82
68
68_68
68
68
68
70
70_82
70
74
70
82
70
71
71
74
71
70
75
71
71
75
71
70
70
70_74
82
70
70
70
74
82
68
68
68
72
68
68
68
72
66
66_66
70
82
66
66
66
70
82
65
65
65
68
65
65
65
68
82
63
66
63
39_51_51_51_63
66_66_70
51
82
51
39
51
38
50_50
63
50
66
63
66
38
50
50
50
70
66
82
39
51_51
66
51
63
51
70
39_51
66
51
66
82
41
53_53
53
63
53
41
53
53
75
82
42_54_54_58
54
58
82
42
54
58
54
54
66
75
63_70
82
58
56
82
44_56
56
56
44
56
56
82
58_58
82
65_65
46_62
70
58_74
65
58
74
46
82
58
82
75
47
59_59
58
59
65
65
47
59_75
59
59
74
82
82
46
58_58
58_68
68
58
74
46
58
58
82
82
68
68
72
44_56_56
56
44
56
56
72
56
70_82
54_54
42
54_82
58
58
65
70
54
62
54
42
70
54
58
82
58
53
82
53_68
41
53
53
53
41
53
68
63
66_70
51_51
66
39_51
66
78
70
70
39
51_51
51
66
70
50_50
38
50
80
78
72
66
70
38
50
50
72
50
80
39
51_51_78
51_70
66
66
75
51
39
78
70
51_51
66
75
77
68
41
53_53
53
66
41
53
77
53
53
68
75
66
54_54
42
54
66
66
70
54
54
42
75
66
54
66
66
70
63
70
73
51_65
51
39
51
66
51
73
39
51
65
51
60_63_68
72
63
56_56
66
44_56
72
66
56
56
72
56
66
44
72
73
58_58
70
58
46
66
63
58
58
46
73
58
70
72
68
72
56_56
56
44
66
66
44
56
72
72
56
66
56
68
70
73
54_54
42
54
66
54
54
42_70
73
54
68
75
53_53
41_53_63
66
66
53
41
53
68
75
53
60_63_66_68
66
72
51
63
51
66
51
39
51
51
66
72
39
51
68
65
77
49
49_49_61_65_68
65
65
37
49
65
65
49
37
77
70
49_78
48_48
36
48
65_68
36
48
48
48
70
78
68
77
73
37_49_49
65
49
65
49
68
37_49
77
65
49
73
75
66
51_51
39
65
51
39
51_51
66
75
51
65_73
53_53
68
41_65
53
65
41
65
53
73
53_61_65_68
53
68
65
72
63
49
37
49
49
65
63
72
49
37
49
49
70
58_61_66
61
65
42
54
54_54
65_70
54
42
54_65
70
69
54_70
44
56_56_56
72
65
61
56
44
69
72
56
56
66_70
65
42_54
54_54_70
65
54
42
66
70
54
70
54
65
72
68
41
53
53_53
65
41
53
53
72
53_68
73
39
51
51_51_65
66
65
61
51
39
51_73
58_61_66
51
66
65
70
49
65
37_61
49
65
49
49
49
65_70
37
49
36
58_63_66
48_48_63
48
63_75
63
63
48
36
48
34_63_63
46_46_77
46
48
75
63
68
63
46
34
46
68
46
77
63
75
36_48_48_48
66
63
72
36
48
48_75
48
66
72
63
73
37
49
49_49
65
63
37
49
49
73
49
65
39_72
63
63
51_51_51
78
63
51
39
63
72
51
51
70
78
61
58_63_66
48_63
48_63
36
48
48
36
61
70
48
48
60
69
53_57_60_65
53_53_63
41
69
63
53
53
41
53
67
63
54_54
42_54
69
69
63
60
54
42
67
54
54
69
53_53
41_53
63_65
72
63
41
53
53
69
53
65
72
63
70
63
51
51_51
39
39_51
51
70
51
72
49
37
63
49_49_77
63
69
49
72
37_49
49
63
69_77
57_60_65
63
69
48
36
48
48
48_48
36
69
48
46
46_46_70_70
61
34
61_61
58_61_65
61
60
61
70
70
61
46
46_60
34
58
73
65
65
46
73
58_61_65
73
65
58_65_73
60
60
77
77
61
70
70
77
70
61
77
63
70
63
41_41_60_65
65
57
60_60
29_69
41
69
65
66
69
69
41
60
60
41
66
29
65
41
72
63
63
72
60
65_65
57
72
63
72
63
63
63
77
61
77
69
69
61
77
69
77
69
60
60
70
46_46_61
46
34_58_70
58
61_65
58
58
57_58
57
70
61
70
46
57_57
46
73
58
58
65
34
46
73
61
65
58
65
73
58
73
58
60
60
60
60
77
70_77
61
61
70_77
61
77
61
63
63
63
63
53_65
41_53_53
65_65_69
65
60
65
57
65
69
70
66
66
65
65
65
53
66
53_66
70
65_69_72
72
65
41
53
60
65
57
65
65
72
72
69
67
63
63
63
63
67
65
61
61_77
77
65
77
61
61
77
63
60
60
63
60
60
61
61
46
58
70_70
34_46_46
65
61
58
70
46
69
69_70
46
61
46
61
58
69
34
70
58
65
69
65_70
49
37
49_49
61
65
58
58
49
70
70
65
37_49
72
65
72
49
72
72
73
53
65_70
73
58
61
65
70
41_53_53
61
58
65
73
65
73
53_70
53
41
75
75
53
70
75
75
77
45_65
57_60_77
33_45_45_65_69
69
65
77
69
45
77
78
70
45_70_78
69
45
33
78
70
78
77
77
65
48_48_69_69_70
36
48
48
77
48
60_65_65
69
77
36_69
57
48
75
75
67
67
75
75
67
67
73
73
53_53_57_60_65
65
65
65
53
41
57
60
53
41
53
65_73
73
65
65
65
72
72
63
63
53
72
63
63
72
61
65
70
61
34_46_46_46_58_61
65
70
46
65
46
33
45_45_45
46
61
70
34
61
45
70
45
33
45
34
65
46
46_46
58
65
73
73
46
46
34_65
46
73
58
65
73
36
48_48_48
36
48
48_48
37
49_49
49
65
70
65
65
65
49_49
37
49
70
61
65
58
65
65
51
39_65
51
65
51
51
39
51
51
57
60
65
53_53
53_65
65
41
69
72
72
53
53
65
53
65_69
54_54
41_54
42
70
72
72
54
54
42
54
70
53_53
41_65
53
65
75
69
75
53
53
41_53
75
69
65
75
65
39_51_51
51_67
39
51
51_51
67
49_49
37_65
49
65
65
65
65
49
49
37
65
49
65
65
60_65
65
65
57
48
48
48
36_63
48
36
48
48
63
58
61
46_46_46
34
65_65_73
73
65
73
46
46
46
73
45_45
34
33_45_75
66_73
65
73
65
45
33
45
45
46_46
34_75
46_73
70
65_73
66
73
46_73
34
46
46_70
65
73
36
48_48
63_72
48
73
48
36
48
48
72
63
49_49_61_70
37_65_73
49
73
61
58_70
37
49
49
65
49
65
61
46
73
46
34_60_68
73
46
46
68
46
34_46
60
58_63_66
66
51_51_58
73
39_51
66
73
51
66
51
51
66
73
65
53_53
53
68
41
73
39
58
53
53
53
65
41
66
39_51_51_51
73
63_73
66
68
63
66
39
51
51
66
51
73
73
68
37_49_49
49
65
68
37
49
49_65
49
73
36
70
63_73
48_48_48
58
48
36
48
48
70
63
58
73
73
46
58_63_66
34_46
61
66
46
46
34
46
66
46
61
72
32
44
44_44_60_63_66
72
72
63
63
44
44
63
44
72
72_73
31_43_43_43
65
72
32
63
43
43
43
73
31
72
72
72
32
44_44
44_65
68
63
72
44
68
44
44
32
63
72
70
46_46_72
34_46
61
34
46
70
46
46
61
72
72
68
48
48_48
36
63
60
36
68
48
60
48
48
63
72
44
32_72
66
44
44
58
60_63_66
44
66
44
44
32
58
72
72
65
49
56
49_49_56_60_65
37
65
49
49
72
65
49
72
63
51
51_51_65
39
66
37
56
51
63
51
39
51
65
72
49_49
37_49_61_65
72
66
65
61
49
37
49
49
65
72
72
66
48_48_48
36
63
48
36
48
48
66
63
68_72
34_46
61_72
46_46
56
68
46
34
46
46
56
61
72
72
44
65
44
44
32
60
56_60_65
44
65
60
44
32_44
70
42_70
42_42
58_61_65_70
30
61
58
42
58
70
42
41_41
41
72
29
30
63
70
70
42
61
41
41
41
29
72
63
70_70
42_42_70
42
30
61_66
42_70
42
30
42
61
66
70
70
68
44
44_44
32
60
68
44
32
44
60
44
66
70
70
46_46
34_46_58
61
46
66
46
34
46
61
70
42
58
65_70
42
56
42
30
58_61_65
65
42
42
56
30
42
70
63
48_48_48_54
54_58_63
36
63
70
48
48
70
48
70
63
49_49_49
61
37_65
63
36
54
49
49
49_61
37
48
70
48_48
63
66
36
63
70
65
48
63
36
48_66
70
63
48
70
46
46_46
34_65
61
65
46
34
46
46
61
70
45
45_45_66
33
60_70
60
33
45_54_58_63
66
45
70
60
45
60
70
43_63
43
43
31
58
63
43
43
31
58
43
69
41
29
41_41_60_60_65_65_69_69
63
41
69
41
72
65
69
41
29
69
60
65
72
41
41_41_65
29
57_72
60
60
60_63
65
57
41
72
72
41
41
29
72
69
77
41_41_41
29
53
57
60
60_63
72
69
60
63
57
41
60
77
72
72
53
41
41
29
72
70
41_41
70
41_65
29
58_61
65
61
70
70
41
73
41
65
70
41
70
29
61
73
65
65
41_41
41_61
29
58
73
58
61
61
65
58
73
41
73
41
41
29
73
58
41_41
61_70
41
29_53_58_61_77
73
58
61
77
58
73
70
61
53
41
73
41
41
29
73
41_41
63
41
72
29
60
65
57_60
69
72
41
69
72
72
75
41_41
63
72
29
60
72
75
65
41
41_41_65
60
65
57
29
57_60
60
65
65
57
41
75
41
72
41
29
75
72
72
41_41
75
41_57
53
29
69
57_60
60
57
60
72
75
41
57
60
69
75
41
72
53
41
29
75
72
73
41_41
58_70
41
61
65
58_61
29
73
70
73
41
77
73
41
41
61
73
29
77
58
73
65
65
65
41_41
53
29
58
41
58
61
65_65
53
58
77
41
73
41
41
29
77
73
77
70
73
41_41
49
41_58
53
29_58_61
77
73
70
58
61
49
41
73_77
41_53_58
41
29
77
73
75
72
41
41_41_60
60_63
29_65
57
69
72
75
41
69_75
41
60
72
69
41
29
75
65_69
72
65
57
65
41
41_41_75
60
57
29
60
63
65
65
60
41
57
41
41
75
75
72
69
29
72
75
69
72
65_69
41_75
53
41_41
57
29
60_63
60
65
63
72
69
41
57
75
53
41
75
41
72
69
29
69
75
72
41_65
73
61_70_73
58
41_41
29_61
58
70
41
73
73
73
77
41
70
61
41
29
70
73
65
77
58
65
58
29
61_65
41_41_41
73
58
61
58
41
65
61
65
73
41
41
77
70_73
29
70_73_77
73
53
58
41
70
29_41_41
70
58_61
73
58
61
58_73
70
70
73
41_53
77
41
41
70
73
29
70
77
73
41
57
29_41_41_72
60_69_69
72
75
69
69
41
41
75
72_72
72
65
69
72_75
41
29
65
72
72
69
75
65
65
29_41_41_41
65
75
72
57_65
60
65
65
41_41
72
75
65
72
41_72
75
69
29
65
72
72
75
69
72
69
72
69
41
75
29
41_41
60
57
57_69
60
72
69
65
41
41
75
72
69
75
72
72
41
29
65
72
69
72
75
70
73
70_70
29_73
41
41_41
58_61
70
65
73
73
70
77
41_70
70_73
41_73
41
29_65
70_77
73
73
70
65
73
65
65
41
29
41_41
58
61
70
65
65
73
65
41
41
77
65
70
41
73_73
29
77
65
73_73
70
73
70
70_70
29_73
41
41_41
58
61
73
58
70
61
70_70
41
41_73
65
77
41
70
73
73
29
65
73
73
70
77
72_72
69
41_41_60
29
41
69
72
72
75
75
41
60
69
65
69
41
41
29
75
75
65
65
65
45_45_45
33_63
65
65
65
65
45
65
45_75
33_65
75
45
61
63
75
75
65
72
72
36
60
48_48
48
65
61
72
48
72
65
75
65
48
58
75
60
36
48
75
75
58
65
72
72
33_45_45
65
57
45
65
72
65
72_75
45
55_75
45
57
45
33
75
75
57_65_65
65_65
48_48
36
48
55
65
48
65
65
48
65
36
48
58
75
57
75
75
75
60
53_53
72
65
65_72
53
58
41
72
53
60
65
41_72
65
57
53
75
75
53
75
75
57
58_74
46_46_74
46
34
62_77
77
65
68
74
77
77
80
80
46
46
46
34
74
80
80
70
70
50_50
58_58
38
50
70
70
58
50
80
38
50
80
58
50
80
80
77
77
53_53
58
41
58
53
53
77
77
65_68
62_80
58_58
41
80
58
53
53
80
80
77
77
50_50
38
58
58
50
77
77
80
80
50
50
58
58
50
38
80
80
70
70
53_53
58
41_58
53
70
70
53
41
53
58
80
58
53
80
80
80
77
58_58
58
58_77
46
58
77
58
77
46
80
58
58
58
80
58
80
80
63
78
27
39_39_58_58_63_63
39
66
70
58
58
63
80
78
63
66
58_58
66
80
82
39
39
66
66
58
39
27_58
82
80
80
70
78
58
58_70
70
78
70
58
58
77
66
70
63
77
75
66
58
58
66
58
58
77
75
66
66
77_78
70
70
58
58
70
78
58
70
58_77
77
75
75
58
75
58
75
75
58
73
75
58
73
60
72
63
69
65
51_51
39
65
51
69
65
69
73
72
65
65
69
69
73
75
72
72
65
65
51
39
72
75
51
65
72
65
73
51
73
72
77
65
77
65
72
77
65
63
65
60
70
65_77
69
70
69
65
72
65
72
65
65
69
70
72
72
70
72
77
65
77
65
77
72
77
65
65
70
70
69
81
81
65
65
69
81
81
67
65
65
67
65
49_49_49_61_65_65_70
37_82
65
82
65
65
66
82
63
63
65
49
49
49
82
63_66
63
37
65
61
61
48_48
36
48
70
70
61_65
70
48
48
36
48
65
70
63
61
63_72
61
63
72
70
63
63
63
72
65
61_65_70
61
73
65
46_46
34_73
46
72
61_65
70
61
73
46_46
73
34
65
46
63
65
63
60
60_65
70
53_53_65
53_53
53_65
41
61
60
53
53
61
65
63
65
53
60
60
70
70
41
53
53
60_65
70
70_70
63
60
65
61
61
60
65
61
61
63
67
41_41
60_65
41_69
29_63
69
69
60_65
69
41
69
67
29
41
41
63
69
63
69
69
70
46_46
46
61_65_70
61
61
34
70
70
70
63
66
61
46
46
34_46
66
61_65
49_49
63
37_49
49
37_49
49
65
60
61
63
65
70
60
63
58_61
53_53
41
53
53
41_53_61
60
53
58
57
70
70
60
57
58
58
58
58
58_58
46
61
60
58
60
60
58
46
61
58
60
61
58
56_56_56
61_65
70
44
58
56
44
56
58
61
63
56
60
54
42_54_54
61
65
70
54
54
42
60
54
63
65
61
41_53
53_53
53
41
53
61
53
65
63_66
39
51
51_51
58
58
66
39_51
51
51
63
68
38
50_50_50_58_65_65_65_68_68
50
65
68
68
66
65
50
50
58
38
65
68
68
53_53
53
68
66
41_58
53
53
65_68
53
68
41
68
68
65_66
58
66
65
65
58_68
58_58
68
58_65_68
46
65_68
58
58
65
58
46_68
68
65
63
58
63
65
62
46
62_68
46_46_68
34_65_68
68
62
68
63
46
46
65
46_62
34
63
65
68_68
62
53
53_53
65
41
65_68
53
53
53
65
41
68
68
65
63
62
63
62
58_62_68
58_58_65_68
46_65_68
65_68
62
58
58
68
58
68
46
65
62
60
60
58
62
65
51
39_51_51
68
65_68
68
58
68
68
62_71
71
51
51
39_51
65
62
71
62
70_71
63
70
54_54_54
42_58
63_66
65_68
63
63_66
70
54
70
42
54
54
63
63_65
68_68
58
68
68
66
65
66
66
58
58_58
46
58
62
62_65
66
62_65
65
66
58
58
46_62
66
58
65
68
58
65
65
68
66
70
63
66
51
63
63
66
63_66
58
66
68
66
70
65
66
51
63
65
68
63
63
66
58
49
61
63
61_61_63
63
63
61_66
49
61_61_63_65
63_66
63
68
47
59
59_59
65
47
68
59
59
59
66
66
46
70
58_58
58
66
46_58_58
66
58_66
66
68_70
44
71
56
56_56
68
44
56
56
56
71
70
63
43
55_55_61_70_73
55
73
63
70
70
71
73
55
63
55
55
73
70
43
71
73
70
46_73
58_58_63
58_73
73
46
58
58_73
71
58_73
70
61
63
70
63
71
70
73_73
63_63
70
51
63
63
70
73
68
63
51
70
63
63_73
63
68
67
73
70
63_67_70_73
65
51_51
39
51
70
65_68
73
67
51
51
73
51
39
68
70
73
46
73
70
58_58
65
58
63_67_70
73
46
58_70
65_73
58
70
58
68
68
67
73
70
73
63_63_63
51_65
73
67
51
63_65
73
65_70
63
63
65
63
70
73
73
44_65
44_44
67_70
32
63
44
67
44
44
32
70
65
73
67
73
68
47_67_70
47_47
75
35
63_68_68
75
63
63_68
35
75
68
47
47
70
63
68
47
73
73
75
70
73
73
71
71
71
51_61_67
51_51
63
39_67
61_67
71
51_67
39
73
51
63_71
51
70_71
70
73
70
70
75
71
71
56_56_59_63_68_68
56
63
44
71
75
44_56
73
71
56
58_58
46_58
56
58
58
68
73
58
71
56_56
44_56_68
68
46
59_63_68
56_63
56
71
68
44
70
56
68
54
42_54_54
54
54
70
42
54
71
40_52
52_52
71
52
40
52
52
68
39_51
51_51
51
68
51
39
51
76
37_49
49_49_64_68_71
76
61_61
49
49
76
76
37
49
61
61
76
56
44
64
56_56_64
76
56
64_68_71
44
64
56
64
76
56
68
68
76
68
68
49_64_76
64
61
61_61
76
61
49
64
61
64
76
61
76
61_61
61
61
76
61_66_70
76
42_70
54_54
54_70
76
76
66
54
70
54_66
70
42
54
66
66
70
37_70
70_70
49_49
49
61_66_70
37
70
49
70
49
73
73
49
70
70
73
73
70
70
70_70
30
42_42_42
70
42
42
70
66
30
66
42
70
70
66
66
75
75
63_66_70
70
47
70
47_47
35
70
59_70
59
75
47
75
35
47
47
59
59
63
63
75
42_54_54_75
54
63_66_70
54
42
54_63
63
54
75
66
66
75
66
66
63
63
59_59_75
47
59
75
47
59
63
59_63
59
75
75
59
59
59
59
68
68
59_63_68_75
52_52_75
40_52
75
75
64
64
52
52
68
40
68
52
64
64
68
68
35
68
68
47
47_47
59_63_68
68
68
35
47
47
71
47_71
68
68
71
71
68
68
40_68
68
28_40_40
68
40
68
40
28
64
64_68
40
68
64
64
78
40
52_52_52_54_58_58_58
61_66
78
78
58
78
61
54
58
40
52
61
52
52
54
61
58
78_78
54_78
61
78
58
61
61
78
58
66
61
78
66
58
66
61
61
58
78
78
61
61
78
54_59
59
39
51_59_63_66
51_51
78
59
78
78
63
54_59
39
63
51
51
51
54
63
59_78
78
63
54
78
59
78
63
63
78
59_66
78
63
78
66
59
63
78
63
66
59
63
63
61
78
78
61
54_58
49_49
37_49_64
66
78
58
78
61
61
64
54
37
61
64
49
49
49
78
54
54
61
78
54
78
54
61
78
61
64
61
64
78
61
58
78
64
58
61
78
78
64
64
66
64
61
61
59_61
64
63
78
78
63
47_54_59
47_47
35_66
78
78
63
59
66
63
54
47
47
63
35
47_66
78
54
78
54
63
54
78
54
63
78
66
63
63
66
78
63
59_66
78
63_66
59
78
63
59
66
78
66
63
63
66
78
46_46_58_61
66
78
64
46_58
61
34
78
58
61
64
58_61_78
46
46
64
46
34
58
61
64
54
49_49
78
54_64
49
37_78
61
58
66
49
37_54
49
54
49
78
64
78
58_61_64
58
64
61
58_61_66_78
54_54_64
58_61
42_54
78
58_61
66
61
58
54
78
42
54
54
78
64
58_64
61
64
61
58
78
78
63
47
59_63
35_47_47
59_63_66
78
59
63_78
63
59
47_66
63
47
47
35
59
66
63
78
78
54_63
54
39_51_51_51
63
59
66
51
78
39_54
54
51
51
78
63
66
59
63
59
63
66
78
78
63
59_63
54
54_54
42
59_63
66
63
59
66
78
59
42_63
54
63
78
54
54
63
59_66
63
66
59
78
34_78
61_66
64
61
61
64
46_46
46
78
46
46_46
78
61
34
61
37
64
64
54
58
49
49_49
37
49
49
54_58
64
49
30
54
78
61
64
42_42
42
78
64
61
66
42
42
42_54
78
30
78
61
37
54
64
64
58
49_49
49
49
37
49
49
54_58
64
34_78
61
61
46_46
64_78
46
64
61_66
61
64
66
46
61
46
78
46
78
34_64
61
37
54
64
58
49_49
49
49
37
49
64
49
54
58
35
59
78
59_63_63_63
66
47_47_78
47
78
47
63
59
47_78
63
47
35
66
39_54
59
51
51_51
39
51
59
51
54
51
66
54_78
30
59
78
63
42_42_42
63
66
59
42
54
78
42
42
78
59
63
30
39
54_66
59
51_51
51
39
51
66
51
59
51
54
35
59_63
63
78
78
47_47_59_63
66
47
63
59
66
63
47
47
78
47
59
63
35
78
39
59
66
54
51
51_51
39_51
59
54
51
66
51
41_41_59
41_53_56_59_62_68_71
29
62
65
68
68
71
62
74
71
41
68
41
41
56
53
59
29
74
68
71
68
62
29
59
41_41
59_62
41
68
62
59
41
59
62
74
71
41
68
41
29
74
68
71
71
68
59
62
41_62
68
41_41
29
59
41
62
68
70
66
41_59_61_68
71
62
62
68
65
29
41
70
71
59
62_68
41_41
56_62
41
29
61
66
41
71
62
68
74
68
71
41_56
41
29
62
59
74
68
71
68
62
59_59_68
41
62
29_41_41
41
59
62
68
68
62
59
41
41
74
71
68
29
74
68
71
71
68
62
68
41_62
41_41
71
29
41
62
62
71
71
68_68
29_41
74
41
68
71
68
74
58
71
40_40
61_66_70
40
28_58_61
61
66
66
66
61
70
66_70
73
58
40
40
66
40
28
61
66
73
70
58
66
40_40
61
66
61
28_40
70
58
66
40
61
70
66
61
40
40
28
66
73
70
66_73
70
40_40
73
70
40_66
61
70
66
28
40
73
66
66
70
61
40
40
58
28
68
59
65
61
70
66
68_70
40_40_40
61
66_70
66
28
61
59
65
40
61
66
70
73
40
40_66
70
61_70
28
66
73
66
70
66
58
61
40
40_40
28
70
66
73
40
58_61_66
40
40
73
70
66
28
73
70
66
73
66
70
70
61_66_78
40
40_40
28
73
70
61
70
40
66
73
70
40_78
28
40
73
70
66
66
73
70
39
27_39_39_54_59
59_59_66_66_71
59
59
66
73
71
66
39
39
71
71_73
59
59
27
75
54_59
71
71
75
59
71
59
71
75
70_75
59_59
75
75
39
70
59
71
59
71
68
68
40
68
40_40_56_59
28_59
59
68
68
71
59
59
68
40
40
71
28
75
71
71
59
59
40_56_59
71
71
75
59
59_71
71
70
75
59
59
75
75
75
70
59
71
59
71
66
66
42_42_51_59
42
66
59
59
30
66
66_71
59
59
66
73
71
42
75
30
71
71
42_73
59_59
42_51_59
71
71
71
75
59
59
71
70
75
59_75
59
75
75
70
71
59
59
71
64
44_44_52_59_64
32_44
59
59
64
64
71
59
64
59
64
44
71
75
32
71
59
44
71
59
44_52_59
71
71
75
71
59
59
71
70
75
59
59
75
75
75
70
71
59
59
71
66
59_66_66
59
27
39_39_54_59
39
59
66
71
59
66
66
73
71
27
75
73
71
39
71
59
59
39
39_54_59
71
71
75
71
59
59
71
70
75
59_59_75
70
75
75
71
59
59
71
68
28
68
68
40_40_56_59_59
59
40
71
59
68
59
68
68
28
71
71
75
71
40
59
59
40
71
40_56_59
75
71
59
59_71
71
70
75
59_75
59
75
75
70
71
59
59
71
66
66
42_42_54_59
30_42
63_63_66
71
66
42
63
66_66
42
63
73
71
30
75
42
28
73
71_71
66
66
40_40_40_59_63
71
54_59
59_63
75
71
28
71
66
66
40
40
40
71
66
61
70
30_70
42_42
42_61
58_61
58_61
70
42
66
70
61
61
70
30
42
42
70
71
59_63_63_71
63
35
71
35_35
35
71
71
68
71
63
63
68
54
59
59_66
59_63
35
35
35
54
59
66
59
64
35
64
63
37_37
37_37
54
54
54
37
54
63
37
37_54
61
54
37
61
39_39_54
59_59_63
39_39_59
66
59
54
59
39
59
58
39
59
39
39
58
59
54
37_37
37_37
63
63
63
66
59
63
59
54
63
37
37
61
37
37
61
63
54
35_66_66
35_35
35_59_63_66
63
59
66
63
54
66
35
35
35
66
64
35
64
58
54
66
30
42_42_42
58
58
61
66
42_66
68
42
42_54
58
30
58
68
66
32
54
44_44
61
44
61
66
54
32
44_44_61
64
61
44
66
61
58
64
63
34_54
46_46_66
46
58_61_66
66
61
58
66
54
63
66
34_46
61
46
46
66
61
63
47_47
59
54
59_63_66
35_59
59
47
59
54
58
63
59
59
66
47
59
54
63
63
58
47
35
47
63
59
59
66
66
63
61
54
63
61
71
66
63
54_66
63
71
66
54
64
66
64
54_66
70
54
54_54_58_61_66
42
54
54
70
54
71
66
68
54
54
66_71
70
54
54_61
68
42_61
61
54_58
66
66
70
54
61_64
54_68
61
64
68
63_66
54
66
66
66
63
66
64
54
66
61
64
61
63_63
54
47
47_47
35_63_66
59
59
59
59
54
58_58
59
63
63
35_47
66
59
58
54
59
59
58
47
63
59
66
66
59
59
47
59
54
61
61
61
61
71
66
63
54
63
66
63
63
71
54
64
64
64
64
66_70
54_66
66
61
30_58_66
42_42
42
66
66
68
70_71
68
54
66
68
68
71
42_66_70
54
66
66
30
42
61
58
66
66
42
66
70
66
54
68
64
64
64
64
68
66
63
63
54
66
63
66
63
66
54
61
64
61
61
61
64
63
47_54
59
59_66
47_47
63_66
59
35
47
54
66
47
35_46
46_46
34
47
59
59
63
46
34
46
46
47
47_47
59_66
66
35_63
63
35_47
47
66
47
63_66
59
63
63
59
49_49_49
37_66
37
49
49
49
59_63
66
51_51
51
71
39
66
66
66
66
59_63
51_66
39_71
51
66
66
66
51
52
52
40
52
66
40_52
52
52
61_66
58
54_54_54
42
66
66_70
73
73
54
42
54
66
56_56
70
56
71
44
54
66
73
73
56
56
44
56
71
54_54
42_66
54
70
66_76
76
54
42
54
66
61
76
58
54
66
66_70
76
52_52
40_68
52
52
40
52
68
52
58_61_66
51_51
39_66
66
51_66
66
66
61
51_58
66
66
39
51
66
66
66
51
49
49
64
37_66
49
49
49
37
64
59
49
63
47_47
35
66
47
66_75
75
63_66
47
47
66
35
63
75
47
68
46_46
34_46
64
75
66
34
46
46
64
46
47_47
66
63
68
47
35_75
71
75
47
47
35
66
63
47
75
49_49_61
64_71
49
37
75
63
59
66
49
49
37
49_61
64
59
51_51
63
66
39
51
75
75
51
51
59
39
51
63
66
47_75
75
58
47
61
47
35
47
47
35
58
61
47
53_56
53_53
59
68_75
41
59_61_68
75
53
53
41
68
75
56
53
54_54
75
54_70
54
42
59
54
54
42
70
54
54
53_53_56
68
53
41
68_75
75
53
53
41
59_61_68
68
56
68
53
75
51_51
66
58_75
51
39
51
51
58
39
66
51
49_49
65
37_59
49
59_75
75
49
49
37
59
49
65
75
59
47
47_63
75
56
35_47
47
47
35
56
63
47
61_65_68
65
46_46
34_46
73
61_61_73
46
46
61
34
61
66
44_73
44_44
46
63
32
73
65
32_44
44
63
44
65
46_46
46_61
70
34_66
73
73
61_65_68
34
46
46
73
61
65
46_70
47
59
47_47_63
35
73
47
35
47
47_59
63
49
61
58
37_49_49_65
73
73
49
49
58
37
49
73
61
65
46
46
46
56
59_73
34
46
46
34
59
56
46
58_61_66
54
58
51_51
51
39_73_73
66
39
51
51
66
73
53
41_53_53
53
68
73
51
54
58
53
53
41
68
53
53
39_51
51_51_54
66
73
63
73
58_61_66
39
51
51
54
63
66
73
51
49
37_49_49
56
73
65
49
49
37
56
65
49
35_47_47
47
58
63
73
58
73
47
47
35
58
47_63
73
46
58
46
46_54
34_61_73
46
34
46
54
61
46
59_63_66
44_44_71
32
44_59_63
59
71
44_44
59
32_71
42_42
59
42_44
30_61
64
71
63
42
30
42
42
61
64
44_44
59_63
32_44
68
71
71
59_63_66
32
44
68
44
59
44_63
71
46
58
46_46
34_61
71
46
46
58
34
61
46
47
59
56
47_47_63
71
35
71
47
47
63
35
47_59
71
56
44
44
44_54
58
30
71
44
44
30
54
58
44
56_59_65
49
49_49
53
56_65_71_71
37
37
49
49
71
53
39
51_51_51
51
49
71
65
56
51
39
51
51
51
53
37_49_49
68
49_71_71
61
59_65
56
37
49
49
53
71
68
49
61
71
54
47_47
35_47
47
35
47
47
54
56
46_46_46_73
34
71
65_71
46
46
34
65
71
46
73
56_71
44
44
44
53
32
44
44
32
44
53
42_42
42
30
58_61_66_66_66_70_70_70
70
68
70
66
70
66
42
68
42
30
66
70_70_73
61
42
70
61
58
66
61
66
70
73
68
68
70
73
73
78
61
70
73_73
78
61
71
71
37
73
37_37
65
25
65
61_68
56_65
61
61
73
75
65
65
37
68
37
75
37
73
61_68
68
71
25
61
56_68
65_68_73
61
71
71
71
70
61
73
77
73
73
73
70
61
77
68
68
70
42_66
66
42_42_61
30
61
58_66
66
61
66
65
66
42
66
42
70
42
65
70_73
66
61_70
30
61
58
66
70
66
70
61
73
68
68
70_78
73
61
73
73
78
70
61
73
71
71
61
56_65
73
49_49_49_61_77
37_61
61
61
77
78
75
61
73
49
61
49
49
75
37
73_77
68
61
68
78
61
56
65
68
73_77
61
68
71
75
71
75
70
73
61
73
73
73
73
70
73
61
71
68
71
68
70
54_54_70
54_61
42_66
54
70
54
61
54
53
54
54
53_54
54
70
53
70
42
53
54_61_73
54
58_66
58_58
46
54
58
66
54
70
46
66
58
61
73
56
56
58
56
56
58
73
58
78
49_61_61_61_61
66_70
66
70
58
61
58
61
49
73
61
61
78
59
59
59
59
61
65
61
49_68_77
49_49
37_73
61
61
73_77
61
61
63
63
78
49
49
49
37
63
63
78
61_77
61
56_56
44
56
73
61
65
68
61
56
77
56
61
44
61
73
56
59
75
59
59
59
75
58
73
58
61_61
49
61
73
61
65_68
65
68
58
61
73
58
49
61
61
73
61
56
71
56
56
71
56
54
54_70
30
73
61
42
42_42_61
66
58
30
73
42
42
42
29
41_41
54
41
70
54
61
41
29
41
41
30
58
58
42_42_66
73
42
73
42
30
58
42
73
58
42
73
66
32
44
44_44
66
61
58
44_44
32
44
61
34
46_61
73
46_46
78
73
46
46
34
61
73
46
61
78
47_73
35
47
47
47
47
35
56
47
61
65
37_65
49
73
49_49
73
77
65
37
49
73
49
65
77
49_65
73
39
51_51_51
78
51
39
51
51
78
77
37_73
49_68
68
49_49
73
56
49
37
49
77
68
49
73
68
73
47
35_47_47_75
47
35
47
75
47
61
65
25
34
61_73_73
46_61
46_46
73
25
46
46_73
34
61
46
73
61
44
73
44
32
44
71
44
44
71
32
44
42
30_42_42_61_66_70
70
70_70_73_82
30_42
42
70
42
70
41
82
29
41_41_75_83
70
73
41
29
41
41
83
42
82
75
30_42_42_73
78
70
70
42
42
82
30
73
61_66_70_78
42
70
44_70
80
32
44_44
71
44
44
32
80
44_71
46
78
46_46
70_70_70
34_73
46
46
78
34
46
70_73
42
70
77
42
42
68
70
30
42_77
42
30
68
42
63_66_70
75
70
47_47
47
35
70
66
75
47
47
35
70
47_75
73
49_49_49_70_75
77
37
66
49
49
37
49
73
77
75
47_75
35_47_47
70
70_71
63_66_70
47
47
75
35
71
75
70
47
34
46_46_77
46_70
73
46
46
34
73_77
46
44
32_78
44_44
71
70
70
66
32
78
44_44
71
44
42
66_70
70
75
42
42
30
70
42
42
75
30
70
42
41
41_41_59_65_68_68_68
29
80
68
68
41
41
29
39
68
39_39
27
73_82
41
68
80
68
68
39
39
27
73
39
82
41
41_41_68_68_71_80
29
77
29
41
59_65_68
41
71_80
41
77
68
42
42_42_70
68
78
30
42
30
42
70
78
42
44
44_44_68
77
68
32_68
68
44
44
32
77
44
68
41
68_68
75
68
41
66
41
29
41
41
75
29
41
66
46
61_65_65_68
68
46_46_68_73
34
73
46
46
46
34
68
73
73
47
35_47_47
71_75
68
65
35
47
47
71
47_75
46
34
46_46
70
73
68
73
68
61_65_68
46
46
34
68
70
68
73
46
73
44_44
32_44
71
75
44
44
32
71
75
44
42
30
42_42
68
70
77
68
65
42
30
77
42
70
68
42
65
41_68
73
41
41
29
68
41
41
73
29
68
41
39_39
27_39_66
58_63_66_66
78
70
66
39
39
27
66
37
39
25
37_37_80
71
78
66
66
70
37
25
37
37
71
39_80
27
70
39_39
66
75_78
66
58_63_66
39
27
39
66
70
78
75
39
66
41_68
29
41_41
77
41
41
29
77
68
41
42
30_42_42
66_66_75
70
66
42
42
30
75
66
42_66
39
66
73
39
39
70
27
65
39
39
73
27
39
65
44_44
44
71
66
59_63_66
66
32
63
71
44
44
32
66
44
46_46
46
70
34
73
71
66
71
63
46
46
34
46
44
44_44
32_71
66
66
73
71
68
70
59_63_66
44
44
32
66_68
66_71
44
71
42_42
42
73
30
70
42
42
70
30
73
42
41_41
41
29
75
66_68
63_66
41
41
29
68
63
41_66_75
66
39
70
39_39
27
66
39
39
70
27
66
39
25
37_37
37
61_65_65_65_65_68_71
56_65
37
65
68
37
25
37
68
65
71
68
65
65
25
37_37_37_61
68
73
65
68
37
68
73
61
37
65
68
25
68
37
68
25
65
37
73
37_37_65
68
68
61
65
61
56
68
37
68_73
65
61
37
68
65
25
37
68
25
37_61
58
66
66_73
66_66
37_37_70
66
37
66
70
25
37
66
66
70
73
37
70
25
66
61
37
70_70
73
66
37_37
70
61
37_66
73
70
70
37
25
37
70
25
66
37
70
61
66_73
70
37_37
70_73
58
61
66
70
66
61
66
70
37
25
37
37
70
25
68
68
65_71
37_68
37_37
65
61_65_68
68
65
37
71
68
25
37
65
37
68
71
71
68
25
61
37
61_73
65
37_37
68
68
61_73
68
61_65
25_71
37
68
37
68
61_65
37
68
71
25
68
65_65
68_71
37
61
37_37
65
61
68
68_71
65
25
37_71
68
37
37
68
71
25
70
37
66
66
37_37_70
70
58_61_61_66
66_70
73
37_70
37
61
25
37
66
70
70
73
25
61
61
61
37
37_37
66
70
70
58
61_66
61
37
61
70
61
37
73
25
70
66
37
73
70
25
70_73
58_66
37_37
37_66
61
66
66
58
73
70
37
70
25
37
73
61
37
70
73
25
61
56_65
68_71
37
37_37
73
65_68
65
68
65
71
65
37
68
71
37
25
37
73
68
68
65
65
71
25
61
37_61_71
37_37
68
65
68
61
61
37
37
25
71
65
71
68
37
65
56
65
61
68
71
65
25
71
65_68
37_37
37_73
61
65
68
65
37
65
65_71
68_71_73
25
37
37_61
65
68
71
25
58_61_66
70
37_37_66_70
70
37
73
66
66
66
70
70
37_70
73
37
25
37
73
66
70
66
70
73
25
61
70
61
37
37_37
66
70
58_61
66
37
61
70
61
37
25
37
66
70
70
73
66
70
66
25
73
66
70_70
37_61_73
37_37
66
66
70
61
37
66
73
37
37_66
25
70
73
70
70
66
73
25
77
68
68
71
37_37
37
73
73
61_65
56
77
71
61_68
65
68
71_80
68
73
77
73
37
37
25
37
65
80
61
68
71
77
25
61
68_71
73
68
37_37
73
37
65
56
61
73
71
61
25
37
65_68
61
68
80
37
73
71
68
77
37
80
65
71
61
68
77
25
71
68
68
77
37_37_56_61_65
37_73
73
56
61
65
68
77
37
73
71
65
25_61_73
80
37
37_71
68
68
77
80
71
65
61
68
77
25
66
70_70
37_37_78
37
58_61_73
73
66
66_78
70
37
61
66
82
73
37_70_73
73
70
37
78
25
66
61
82
70
25
73
78
66
61
37_37_37
70
73
73
70
58_61_66
61
25
66
37_37
73
70
61_70_73
66
82
73
37_70
78
82
66
70
73
61
25
78
58_61
66
66_70
37
70
37_37
73
78
73
66
58
61
78
70
66_70
37
25
73
37
66
61
73_82
70_78
37_73
82
66
61
73
56_70_78
25
73
61
37
37_37_68
61_65_68_77
65
61
65
68
71
68
65
68
25
37_73
37
37
77
71
68
65
61
61_68
41_41_61
29_41
61
61
61
41
71
61
41
68
29
65
41
68
61
65
61
56
71
65
68
68
61
65
44_44
61
32
44_61
68
44
65
71
44
44
61
68
61
61
32
56
71
68
56
68
65
61
41
61
29
41_41
61
71
61
65
61_68
41
68
41
61
56
41
29
71
68
56
61_61
61
44
61
32_61
44_44
61
61
61
61
61
44
71
32
68
65
44
44
71
65
68
68
68
65
37_61
49
49_49
61
65
68
68
61
49
71
68
49
65
49
61
37
71
68
58
65
66
70
42
61
61
30_73
42_42
66
70
64
66
76
66_70
70
73
73
42
42
42_66
70
30
61
76
73
70
73
46_66
54
54
66
46_46
34
54
73
66
46
46
66
34
76
54
46
73
70
76
73
70
70
54_66
49
37_49_49_54
73
66
58
64
61
54
70_73
49
49
37
54_66
76
73
49
61
76
73
61
46
46_46_66
54
70
34_54_73
54
73
70
66
76
73
61
46
46
54
34
46
76
73
61
66
66
49
37_49_49_54
54
66
66
49
54
66
49
37
54_66
49
76
70
73
76
73
70
54_73
54_54
54
54
42_70
73
73
70
54
54
54
73
42
54
54
70
76
73
76
73
70
54
54
35_35_54
35_35_75
54
59
59
63
66
76
75
54
54
54
59
76
54
78
54
63
59
35
78
54
59
63
35
54
76
35
35
76
54
75
54
63
66
75
54
63
66
54
73
63
54
59
66
73
71
54
54
54_63
54
54
71
73
63
54
73
66
59
75
54
54
54
59
75
66
54
73
73
63
71
54_54
71
63
71
54
54
70_71
70
59
68
47_61
47_47_61
35_65
61_61
65
68
70
61_68
61
65
61
70
71
68
61
61
65
47
35
47
61
71
65
61
47
68
70
70
68
68
61_61_73
68
68
68
61
65
61_61
66
73
59
66
65
61_61
61
68
61
61
66
65
68
61
73
66
68
61
65
61
61
61
65
68
73
66
66
61_65
68_77
61
61
68
65
61
77
63
63
46
61
46_46_58_61_61_66
34_78
61
73
78
61
46
63
46
73
61
61
46
63
34
61
44
58
58
32
44_44
66
66
58_61_66
44
58
61
32
44
59
66
44_58
59
59
68
68
66
59
59
59
61
68
58_61
68
70
70
42
30
42_42
58_61_66
58_61_66
58
61
42
30_61
42
42
59
70
70
59
49
56
49
49
37_61
49_49
58_61_66
61
58
56
49
49
61
59
58
49_56_66
56
61_66
37
49
58_61_66
49
59
56
56
66
61
66
61
56_59_65
37_37_63
37
65
59
25
59
65
56_59_65
37
37
37
59
59
63
25
65
65
65
65
54
42
42_42_58_66
30
58
66
66
58
61
70
66
66
66
66
70
73
70
70
70
73
70
66
66
70
73_73
73
70
73
73
73
78
78
78
78
73
66
61
42
58
73
54
70
70
66
66
54
30
58
42_54
58
42
78
78
