57
50
53
53
57
58
58
57
55
55
53
53
52
53
55
57_72
55
57
58_65
57
55
53
55
52
50_69
52
49
50_69
57
62
60_72
62
58
57
58
55
53_74
55
52
53_74
50
52
53_72
57
55
57
58
60
62_70
64
61
62_70
50
62
69
61
64
62
64
69
65
67
64_69
65
62
71
60_72
70
72
53_74
72
70
69
70
67
57_65
67
64
57_65
72
77
60_76
77
74
72
74
70
62_69
70
67
62_69
65
67
60_69
72
70
72
74
76
58_77
79
76
58_77
65
77
57
76
79
77
79
57
81
55
57_79
81
77
59
60_76
59
60
69
62
64
62
64
65
64_72
65
67
65_72
67
69
67_76
69
70
69
67
69
77
65
62
58_77
57
58
76
67
58
57
55
57
74
65
57
55_74
53
55
72
64
55
53
52
72
53
71
72
52
50
74
55_76
74
76
52
48
77
79
77
79
81
60_79
81
82
60_81
58_82
57
55_84
53
64_82
84
86
84
82
64
84
60
65
81
77
65_74
72
74
64
82
74
63_72
70
72
62
81
72
61_70
69
70
60
79
70
69
67
60
69
65
59
61_67
62_65
62_70
61
59
61
67
64
70
69
67
65
64
65
67
65
64
62
61_76
64
67
57_76
61_74
73
64_71
69
79
61
62
64
65
79
67
76
81
65
64
65
67
64
65_81
64
62
61
62
80
61
59
61_79
59
57
59
60
78
59
57
59_77
57
55
57
58
76
57
56
57
76
81
74
76
77
68
69_77
76
74
76
57
62
86
84
82
81
79
81
61_82
81
62_79
77
67_76
79
82
67_73
65_76
64
62_79
61
70
76
77
79
81
70
82
62
61
81
62_79
81
64_82
79
64_81
79
69_77
76
62_77
67
76
75
76
74
72
67_74
75
57
65
74
73
65_74
72
70
72
73
55
64
72
71
72
62
60
62
64
65
83
64_84
57
72
77
70
69
67
65
64
62
76
77
62_82
65
67
65
64
62
61_82
62_81
79
64_77
76
65_86
64
62
64
65
67
69
86
70
77
76
69_77
67_79
69_79
67
65_84
64
65_77
82
67
65
64
62
82
64
72
81
62
60
58
57
62_81
61
62
70
79
64
62
61
62_77
64_76
57_77
61_79
59_81
61_79
62
64_73
65
67
64
65
67_86
69_85
83
61_81
79
62_77
65
64
62
61
59
57_77
81
61_82
81
64_79
77
69_76
77
79
81
79
77
79
81
69_83
67_85
65_86
64
84
83
64_84
83
81
80
81
69
62
82
81
79
78
62
79
70
61
64_77
76
69_74
73
57_77
76
77
62
58
79
77
76
57_77
55_79
57_72
76
74
57_76
77
64_79
81
60_82
79
81
82
70
69_84
67_76
69_77
65
81
79
77
76
74
72
65
69
67_76
65
64_79
62
60_84
58
57
58
60
62
64
62
64
66
67
64
66_84
62
64_82
66
67_81
69
70_79
69
67
65
64
62
60_79
64
67
70
69
84
67
69_77
67
65
64
62
60
58
60
58
57_77
55
86
53
55_76
58
57_79
55
53_85
52
53_69
50
52
53
55
57
58_62
57
55
53
55
52
50_65
52
49
50_65
52
53
55
57
58
60_69
62
58
57
58
55
53_70
55
52
53_70
57
58
60
62
64
65_69
67
64
62
61
62
64_67
65
62
61_67
59
61
62_65
64
60
60
58
60
58
60_65
58
60_64
58
60_65
58
60
58
60
58
57_67
58
57_69
67
69
50_70
69
67
65
67
64
53_62
64
61
53_62
69
74
57_72
74
70
69
70
67
58_65
67
64
58_65
62
64
57_65
69
67
69
71
73
55_74
76
73
55_74
62
74
53
73
76
74
76
53
77
52
53_76
77
74
55
57_72
55
57
58_65
57
55
53
55
52
50_69
52
49
50_69
57
62
60_72
62
58
57
58
55
53_74
55
52
53_74
50
52
53_72
57
55
57
58
60
62_70
64
61
62_70
50
62
69
61
64
62
64
69
65
67
64_69
65
62
71
60_72
71
72
53
74
76
74
76
77
57_76
77
79
57_77
79
81
60_79
81
82
81
79
81
62
77
74
62_70
69
70
60
79
70
69
67
69
58
77
69
58_67
65
67
57
76
67
65
64
57
65
55
57
64
62
59
60_67
59
60
64
60
62
64
62
64
65
64_72
65
67
65_72
67_70
69
67_69
65
67_76
69
70
69
67
76
69
72
77
65
62
58_77
57
58
76
67
58
57_75
55
57
74
65
57
55_73
53
55
72
64
55
53
52
72
53
77
71
52_72
50_74
55_74
72
71
72
52
48
82
81
79
77
76
77
79
77
76
74
60_72
76
79
60_69
58_72
57
55_76
53
64
72
74
76
77
64
79
60
65
77
76
77
79
76
65_77
76
74
73
74
64
72
71
63_72
71
69
71
72
62
70
69
61_70
69
67
69
70
60
69
68
68
69
60
65
59
69
61
62
80
62_81
61
59
61
69
74
70
69
67
65
64
65
67_73
65
64_74
62
61_79
64
67
57_79
61_77
76
64_74
73
82
61
62
64
65
82
67
74
73
65
64_74
65
67_76
64
65_76
64
62_81
61
62_74
79
61
59
61
59
57
59_79
60
69
77
59
57
59_77
57
55
57
58
67
76
57
56
57
74
73
74
76
77
68
69_76
69
57
62
82
81
79
77
76
74
61
62
67_74
77
79
77
76
74
67_73
65_74
64
62_76
61
70_77
76
74
76
77
79
81
70
82
62
61
62_81
64_79
64_81
79
69_77
76
62_77
67
79
77
76
75
67
76
57
65
74
72
70
69
65_74
73
74
55
64
76
74
73
62_74
61_76
62_69
64_73
65_71
64_73
74
57_76
77
79
76
77
79
69_81
67
65_73
64
62_74
77
76
74
73
71
62_69
65
67_73
65
64_76
62
61_81
62
64
65
64
62
64
65
67_81
69_79
70_77
76
69
67
69_76
67
65
64
65
81
74
67
65
64
62
74
64
82
73
62_76
61
59_81
57
62_69
61
62
74
70
64
62
61
62_69
64_68
57_69
61
59
61_69
62
64_76
65
67_73
64
65
67
82
69_81
61_79
62_81
77
65
64
62
61
59
57
77
81
61_79
77
64_76
74
69_73
71
69
71
73
74
76
74
76
77
79
76
69_77
74
67_76
77
65_79
81
64_82
81
79
77
76
74
64_73
76
79
82
81
69
79
62_81
79
77
76
74
72
70
72
70
62_69
67
70
65
61_67
70
64_69
67
65_69
64
57_65
67
50_65
64
65
70
53_69
67
69
74
57_73
71
73
77
58_76
74
58_76
77
79
57_77
76
74
73
74
77
79
81
55_82
74
73
69
53_74
73
53_74
52
53
55
57_74
62
64
45_65
64
65
64
65
64
65
64
65
64
65
64
65
64
62
64
38_62
38_62
