55
43
59_62_67
57_60_66
59_62_67
57_60_66
59_62_67
57_60_66
59_62_67
57_60_66
59_62_67
54
42
66_69_74
64_67_73
66_69_74
64_67_73
66_69_74
64_67_73
66_69_74
64_67_73
66_69_74
52
40
71_76_79
69_74_78
71_76_79
67_73_76
71_76_79
69_74_78
71_76_79
67_73_76
73_76_79
69_74_78
62
57
54
50
84
62_83
52_72
83
60_81
50_71
81
59_79
48_69
79
57_78
47_71_74_79
59
71_74_79
69_72_78
71_74_79
69_72_78
71_74_79
69_72_78
71_74_79
67_71_74
71_74_77
48
60
67_72_76
65_71_74
67_72_76
65_71_74
67_72_76
65_71_74
67_72_76
64_69_72
67_72_76
50
62
66_69_74
64_67_73
66_69_74
64_67_73
66_69_74
64_67_73
66_69_74
62_66_69
66_69_72
62_67_71
55
50
47
43
69
55_71
54_72
71
62_69
55_71
69
64_67
57_76
74
66_72
59_74
62
67
66
60
57
59
62
67
69
66
60
62
67
71
73
69
64
66
69
74
73
67
64
66
69
74
76
73
67
69
74
78
74
71
69
67
71
72
71
67
66
64
67
69
67
64
62
61
64
66
64
61
59
57
61
66
64
61
59
57
61
62
61
57
55
54
57
59
57
54
52
50
54
59
57
54
52
50
54
55
54
50
48
47
50
52
50
47
45
43
47
52
50
47
45
43
47
48
47
43
42
40
43
45
43
40
38
37
55
57
49_64
57
55
50
54
57
42_62
57
54
43
52
55
45_61
55
52
38
50
54_57_62
52_55_61
54_57_62
52_55_61
54_57_62
38
55
43
59_62_67
57_60_66
59_62_67
57_60_66
59_62_67
57_60_66
59_62_67
57_60_66
59_62_67
54
42
66_69_74
64_67_73
66_69_74
64_67_73
66_69_74
64_67_73
66_69_74
64_67_73
66_69_74
52
40
71_76_79
69_74_78
71_76_79
67_73_76
71_76_79
69_74_78
71_76_79
67_73_76
73_76_79
69_74_78
62
57
54
50
84
62_83
52_72
83
60_81
50_71
81
59_79
48_69
79
57_78
47_71_74_79
59
71_74_79
69_72_78
71_74_79
69_72_78
71_74_79
69_72_78
71_74_79
67_71_74
71_74_77
48
60
67_72_76
65_71_74
67_72_76
65_71_74
67_72_76
65_71_74
67_72_76
64_69_72
67_72_76
50
62
66_69_74
64_67_73
66_69_74
64_67_73
66_69_74
64_67_73
66_69_74
62_66_69
66_69_72
62_67_71
55
50
47
43
69
55_71
54_72
71
62_69
55_71
69
64_67
57_76
74
66_72
59_74
62
67
66
60
57
59
62
67
69
66
60
62
67
71
73
69
64
66
69
74
73
67
64
66
69
74
76
73
67
69
74
78
74
71
69
67
71
72
71
67
66
64
67
69
67
64
62
61
64
66
64
61
59
57
61
66
64
61
59
57
61
62
61
57
55
54
57
59
57
54
52
50
54
59
57
54
52
50
54
55
54
50
48
47
50
52
50
47
45
43
47
52
50
47
45
43
47
48
47
43
42
40
43
45
43
40
38
37
55
57
49_64
57
55
50
54
57
42_62
57
54
43
52
55
45_61
55
52
38
50
54_57_62
52_55_61
54_57_62
52_55_61
54_57_62
38
74
78
83
81
78
76
74
78
79
78
74
72
71
74
76
74
71
69
67
71
76
74
71
69
67
71
72
71
67
66
64
67
69
67
64
62
60
64
65
64
60
59
57
60
62
60
57
55
54
57
59
57
54
52
51
54
55
54
51
49
47
51
52
51
47
45
43
47
48
47
43
42
40
52
67_71_76
66_69_75
67_71_76
66_69_75
67_71_76
55_67
67_71_76
66_69_75
67_71_76
48
60
67_71_76
66_69_75
67_71_76
66_69_75
67_71_76
59_71
67_71_76
66_69_75
67_71_76
57
78
79
51_81
83
84
52
83
81
57_79
78
76
59_75
72
71
47_69
67
66
52_64
67_71_76
66_69_75
67_71_76
63_66_71
64_67_72
63_66_71
64_67_72
57_63_66
59_64_67
57_63_66
59_64_67
48
52
53
54_59
55
56
57
59
60
56_62
60
59
57_60
62
64
48_66
67
69
47
50
51
52_57
53
54
55
57
59
54_60
59
57
55_59
60
62
47_64
66
67
45_60
57
65
64
60
59
57
60
62
60
57
55
54
57
59
57
54
52
50
62
71
69
66
64
62
66
67
66
62
60
59
62
64
62
59
57
55
67
76
74
71
69
67
71
72
71
67
65
64
67
69
67
64
62
60
72
81
79
76
74
72
76
77
76
72
71
69
72
74
72
69
67
66
69
71
57_72
74
76
59
74
72
60_71
69
67
62
66
67
50_69
71
72
55_72
71
43
71_74_79
69_72_78
71_74_79
69_72_78
71_74_79
55
74
78
83
81
78
76
74
78
79
78
74
72
71
74
76
74
71
69
67
71
76
74
71
69
67
71
72
71
67
66
64
67
69
67
64
62
60
64
65
64
60
59
57
60
62
60
57
55
54
57
59
57
54
52
51
54
55
54
51
49
47
51
52
51
47
45
43
47
48
47
43
42
40
52
67_71_76
66_69_75
67_71_76
66_69_75
67_71_76
55_67
67_71_76
66_69_75
67_71_76
48
60
67_71_76
66_69_75
67_71_76
66_69_75
67_71_76
59_71
67_71_76
66_69_75
67_71_76
57
78
79
51_81
83
84
52
83
81
57_79
78
76
59_75
72
71
47_69
67
66
52_64
67_71_76
66_69_75
67_71_76
63_66_71
64_67_72
63_66_71
64_67_72
57_63_66
59_64_67
57_63_66
59_64_67
48
52
53
54_59
55
56
57
59
60
56_62
60
59
57_60
62
64
48_66
67
69
47
50
51
52_57
53
54
55
57
59
54_60
59
57
55_59
60
62
47_64
66
67
45_60
57
65
64
60
59
57
60
62
60
57
55
54
57
59
57
54
52
50
62
71
69
66
64
62
66
67
66
62
60
59
62
64
62
59
57
55
67
76
74
71
69
67
71
72
71
67
65
64
67
69
67
64
62
60
72
81
79
76
74
72
76
77
76
72
71
69
72
74
72
69
67
66
69
71
57_72
74
76
59
74
72
60_71
69
67
62
66
67
50_69
71
72
55_72
71
43
71_74_79
69_72_78
71_74_79
69_72_78
71_74_79
55
