50
74
76
78
62_69
78
76
74
54_81
74
76
78
62_69
78
76
74
52_79
76
78
79
62_71
74
73
71
57_73
76
78
79
61_69
79
78
76
50_78
74
76
78
62_69
73
71
69
50_71
74
76
78
62_71
81
80
78
50_80
76
78
80
56_71
74
73
71
49_69
73
74
76
57_66
76
74
73
47_74
71
73
74
57_66
69
68
66
52_68
71
73
74
56_64
74
73
71
45_73
69
71
73
57_64
67
66
64
45_66
69
71
73
57_66
76
75
73
45_75
71
73
75
51_66
69
67
66
43_64
67
69
71
52_61
74
73
71
42_70
64
66
67
54_61
67
66
64
42_62
71
73
74
54_66
69
68
66
42_65
68
69
71
54_65
74
73
71
42_80
77
78
80
54_73
83
81
80
42_81
78
80
81
54_73
76
75
73
47_75
78
79
81
51_71
81
79
78
40_79
76
78
79
52_71
74
72
71
40_72
75
76
78
51_69
72
71
69
40_67
76
78
79
52_71
74
73
71
45_73
76
78
79
49_69
79
78
76
38_78
74
76
78
50_69
72
71
69
38_71
67
69
71
50_61
71
69
67
38_66
62
64
66
50_57
60
59
57
38_59
62
64
66
50_59
69
68
66
38_68
64
66
68
56_59
62
60
59
48_57
60
62
64
54_57
67
66
64
47_63
57
59
60
51_54
60
59
57
52_55
64
66
67
55_59
62
61
59
47_58
61
62
64
52_58
67
66
64
55_73
70
71
73
58_66
76
74
73
47_74
71
73
74
59_66
69
68
66
52_68
71
72
74
56_64
74
72
71
45_72
69
71
72
57_64
67
66
64
50_66
69
71
72
54_62
72
71
69
43_71
67
69
71
55_62
71
69
67
47_74
67
69
71
55_62
71
69
67
45_72
69
71
72
55_64
67
66
64
50_66
69
71
72
54_62
72
71
69
43_71
67
69
71
55_62
66
64
62
43_64
67
69
71
55_64
74
73
71
43_73
69
71
73
49_64
67
66
64
42_62
66
67
69
50_59
69
67
66
40_67
64
66
67
50_59
62
61
59
45_61
64
66
67
49_57
67
66
64
38_66
62
64
66
50_57
66
64
62
42_69
66
67
69
57_62
72
71
69
43_71
67
69
71
55_62
71
69
67
47_74
71
72
74
62_68
77
76
74
45_73
69
71
73
55_64
67
66
64
54_69
74
76
78
50_71
81
79
78
52_79
73
74
76
49_69
79
78
76
50_78
71
73
74
47_68
78
76
74
73
52_67
54_69
55_70
49_64
52_67
50_65
49_64
50_65
53_74
55_76
57_77
52_73
55_76
53_74
52_73
53_74
50_82
52_81
53_79
45_77
48_76
46_74
45_73
44_74
77
76
74
83
80
81
83
77
74
76
77
71
68
69
71
64
66
68
69
71
73
74
76
45_77
72
57_74
69
55_70
67
49_76
67
53_69
65
50_74
65
52_67
64
55_73
64
45
50
53
56
59
62
65
68
71
74
73
71
69
68
66
64
66
68
69
71
73
74
76
77
76
74
73
71
69
68
66
64
62
61
64
67
70
73
76
79
82
62_65_68_71_74_77_80_83
45_52_57_64_69_74
55_73
50_54_57_66_69_74
