64
60
57
64
60
57
64
60
57
64
60
57
64
60
57
64
60
57
64
60
57
64
60
57
69
64
69
60
57
64
60
57
71
64
71
60
57
64
60
57
72
64
72
60
57
33
64
60
57
68
64
68
60
57
64
60
57
69
64
69
60
57
64
60
57
64_76
60_76
57
64
60
57
64_68
60_68
57
64
60
57
64_69
60_69
57
64
60
57
65
62
57
65
62
57
65
62
57
65
62
57
65
62
57
65
62
57
65
62
57
65
62
57
69
65
69
62
57
65
62
57
71
65
71
62
57
65
62
57
72
64
72
60
57
33
64
60
57
68
64
68
60
57
64
60
57
69
64
69
60
57
64
60
57
64_76
60_76
57
64
60
57
64_68
60_68
57
64
60
57
64_69
60_69
57
64
60
57
65
62
57
65
62
57
65
62
57
65
62
57
65
62
57
65
62
57
65
62
57
65
62
57
69
65
69
62
57
65
62
57
71
65
71
62
57
65
62
57
72
64
72
60
57
45
64
60
57
68
64
68
60
57
64
60
57
69
64
69
60
57
64
60
57
64_72
60_72
55
43
64
60
55
64_68
60_68
55
64
60
55
64_69
60_69
55
64
60
55
76
62
76
57
53
41
62
57
53
62
57
53
62
57
53
74
62
74
57
53
62
57
53
74
62
74
57
53
62
57
53
62
57
53
62
57
53
72
62
72
57
53
62
57
53
62_72
57_72
53
62
57
53
62
57
53
62
57
53
62_71
57_71
53
62
57
53
62_71
57_71
53
62
57
53
62
57
53
62
57
53
62_69
57_69
53
62
57
53
69
62
69
59_64
52
40
62
59_64
52
68
62
68
59_64
52
62
59_64
52
66
62
66
59_64
52
62
59_64
52
68
62
68
59_64
52
62
59_64
52
62_69
59_64_69
52
62
59_64
52
62_71
59_64_71
52
62
59_64
52
60_72
57
45_60_64_72
57
33
60
60_64
57
60_68
60_64_68
57
60
60_64
57
60_69
60_64_69
57
60
60_64
57
76
67
76
61_64
57_61
67
61_64
57
68
67
68
61_64
57
67
61_64
57
69
67
69
61_64
57
67
61_64
57
66
62
57_62
66
62
57
66
62
57
66
62
57
66
62
57
66
62
57
62
59
57_65
62
59
57
62_69
59_69
57
62
59
57
62_71
59_71
57
62
59
57
64_72
60_72
57_64
33
64
60
57
64_68
60_68
57
64
60
57
64_69
60_69
57
64
60
57
76
67
76
61
57_61
67
61
57
68
67
68
61
57
67
61
57
69
67
69
61
57
67
61
57
66
62
57_62
66
62
57
66
62
57
66
62
57
66
62
57
66
62
57
62
59
57_65
62
59
57
62_69
59_69
57
62
59
57
62_71
59_71
57
62
59
57
64_72
60_72
57_64
45
64
60
57
64_68
60_68
57
64
60
57
64_69
60_69
57
64
60
57
76
64
76
61
55
43
64
61
55
68
64
68
61
55
64
61
55
69
64
69
61
55
64
61
55
62_81
57_81
53
41
62
57
53
62_68
57_68
53
62
57
53
62_69
57_69
53
62
57
53
79
61
79
57
52
40
61
57
52
68
61
68
57
52
61
57
52
69
61
69
57
52
61
57
52
62_77
57_77
50
38
62
57
50
62
57
50
62
57
50
62_69
57_69
50
62
57
50
71
62
71
59
55
43
62
59
55
62
59
55
62
59
55
77
62
77
59
55
62
59
55
62_77
59_77
55
36
62
59
55
62
59
55
62
59
55
62
59
55
62
59
55
64_76
60_76
55
64
60
55
71
64
71
60
55
64
60
55
72
64
72
60
55
64
60
55
76
64
64_76
52_57
54
36
64
57
54
72
64
72
57
54
64
57
54
69
64
69
57
54
64
57
54
66
64
66
57
54
64
57
54
69
69
64_67
57_67
54
64
57
54
64_66
57_66
54
64
57
54
64_71
59_71
55
31
64
59
55
64_67
59_67
55
64
59
55
64_66
59_66
55
64
59
55
64_64
59_64
55
64
59
55
74
74
72
64
72
59
55
64
59
55
71
64
71
59
55
64
59
55
76
64
76
57
54
36
64
57
54
72
64
72
57
54
64
57
54
69
64
69
57
54
64
57
54
66
64
66
57
54
64
57
54
69
69
64_67
57_67
54
64
57
54
64_66
57_66
54
64
57
54
64_71
59_71
55
31
64
59
55
64_67
59_67
55
64
59
55
64_66
59_66
55
64
59
55
64_64
59_64
55
64
59
55
74
74
72
64
72
59
55
64
59
55
71
64
71
59
55
64
59
55
76
64
76
57
54
36
64
57
54
72
64
72
57
54
64
57
54
69
64
69
57
54
64
57
54
66
64
66
57
54
64
57
54
72
72
60
64_71
57_71
54_59
64
57
54
64_69
57_69
54_57
64
57
54
60_79
57_79
51_51_67
39
60
57
51
60
57
51
60
57
51
60
57
51
60
57
51
60_78
57_78
51_66
60
57
51
60
57
51
60
57
51
60
57
51
60
57
51
60
57
51
60
57
51
60
57
51
60
57
51
60
57
51
60
57
51
76
60
76
57
52_64
40
60
57
52
60
57
52
60
57
52
60
57
52
60
57
52
75
60
75
57
54_63
42
60
57
54
60
57
54
60
57
54
60
57
54
60
57
54
76
59
76
55
55_64
43
59
55
55
74
74
59_72
55_72
55
59
55
55
59_71
76
55_71
55
59
55
55
57_76
64_76
52_54_76
48
36
57
54
57_72
54_72
57
54
57_69
54_69
57
54
57_66
54_66
57
54
69
67
57
54
57
54
66
57
54
57
54
71
59
55
43_43
31
59
55
67
59
55
59
55
66
59
78
55
66
59
55
64
59
79
55
67
59
55
74
74
59_72
55_72
59
55
59_71
75
55_71
63
59
55
57_76
76
54_76
48_48_64
36
57
54
57_72
54_72
57
54
57_69
54_69
57
54
57_66
54_66
57
54
69
67
57
54
57
54
66
57
54
57
54
71
59
55
43_43
31
59
55
67
59
55
59
55
66
59
83
55
71
59
55
64
59
79
55
67
59
55
74
74
59_72
55_72
59
55
59_71
75
55_71
63
59
55
57_76
76
54_76
48_48_64
36
57
54
57_72
54_72
57
54
57_69
54_69
57
54
57_66
54_66
57
54
72
71
57
54
57
54
69
57
54
57
54
79
60
57
51
39
60
57
51
60
57
51
60
57
51
60
57
51
60
57
51
78
60
57
51
60
57
51
60
57
51
60
57
51
60
57
51
60
57
51
60
72_84
57
51_60
60
57
51
60
57
51
60
57
51
60
57
51
60
57
51
59
71_83
57
51_59
59
57
51
59
57
51
59
57
51
59
57
51
59
57
51
59
55
52
40
59
55
52
59
55
52
59
55
52
59_76
55_76
52
59
55
52
59_79
55_79
52
59
55
52
59
55
52
59
55
52
59_76
55_76
52
59
55
52
59_76
55_76
55
43
59
55
59
55
59
55
76
59
55
59
55
78
59
54_57
59
47
59
54_57
59
54_57
59
54_57
75
59
54_57
59
54_57
76
59
55
52
40
59
55
59
59
59
59
64
64
64
64
66
62
66
62
69
60
69
60
67
59
67
59
64
60
64
60
67
59
67
59
65
57
65
57
62
59
62
59
65
57
65
57
64
56
64
56
60
57
57
60
57
57
60
57
57
60
57
57
72
60
72
57
57
60
57
57
71
64
71
60
57
64
60
57
64
60
57
64
60
57
72
64
72
60
57
64
60
57
76
65
76
60
57
65
60
57
65
60
57
65
60
57
74
65
74
60
57
65
60
57
72
65
72
60
57
65
60
57
65
60
57
65
60
57
74
65
74
60
57
65
60
57
72
65
72
62
55
65
62
55
65
62
55
65
62
55
65_77
62_77
55
65
62
55
65_76
62_76
55
65
62
55
65
62
55
65
62
55
65_77
62_77
55
65
62
55
71
65_81
71
62_81
55
31
65
62
55
65
62
55
65
62
55
65_79
62_79
55
65
62
55
65_77
62_77
55
65
62
55
65
62
55
65
62
55
65_79
62_79
55
65
62
55
62_77
59_77
55
36
62
59
55
62
59
55
62
59
55
62
59
55
62
59
55
64_76
60_76
48
64
60
64
52
64
52
62
56
62
56
60
57
60
57
65
53
65
53
64
57
64
57
62
58
62
58
67
55
67
55
65
59
65
59
64
60
64
60
69
57
69
57
67
61
67
61
65
62
65
62
70
58
70
58
69
62
69
62
67
64
67
64
67
64
67
64
70
67
70
64
67
64
69
67
69
64
67
64
67
64
67
64
70
67
70
64
67
64
74
67
74
64
48
36
67
64
67
64
67
64
72
67
72
64
67
64
70
67
70
64
67
64
67
64
67
64
72
67
72
64
67
64
70
65
70
60_63
53
41
65
60_63
65
60_63
65
60_63
65_75
60_63_75
65
60_63
65_74
60_63_74
65
60_63
65
60_63
65
60_63
65_75
60_63_75
65
60_63
69
65_79
69
60_63_79
41
29
65
60_63
65
60_63
65
60_63
65_77
60_63_77
65
60_63
65_75
60_63_75
65
60_63
65
60_63
65
60_63
65_77
60_63_77
65
60_63
65_75
58_62_75
46
34
65
58_62
65
58_62
65
58_62
65
58_62
65
58_62
65_74
58_62_74
65
58_62
65
58_62
65
58_62
77
65
77
58_62
65
58_62
76
67
76
58_62
67
58_62
67
58_62
67
58_62
67
58_62
67
58_62
74
67
74
58_62
67
58_62
67
58_62
67
58_62
67_77
58_62_77
67
58_62
68_76
58_62_76
68
58_62
68
58_62
68
58_62
68
58_62
68
58_62
68_74
58_62_74
68
58_62
68
58_62
68
58_62
77
68
77
58_62
68
58_62
76
68
64_76
52_59_62
52
40
68
59_62
68
59_62
68
59_62
71
68
71
59_62
68
59_62
72
68
72
59_62
68
59_62
68
59_62
68
59_62
74
68
74
59_62
68
59_62
74
64
74
57_60
57
45
64
57_60
57
64
57_60
57
64
57_60
57
64
57_60
57
64
57_60
57
72
64
72
57_60
57
64
57_60
57
64
57_60
57
64
57_60
57
64_76
57_60_76
57
64
57_60
57
64_74
57_60_74
55
64
57_60
55
64
57_60
55
64
57_60
55
64
57_60
55
64
57_60
55
64_72
57_60_72
55
64
57_60
55
64
57_60
55
64
57_60
55
76
64
76
57_60
55
64
57_60
55
75
60
75
57
54
60
57
54
60
57
54
60
57
54
60
57
54
60
57
54
72
60
72
57
54
60
57
54
60
57
54
60
57
54
60_76
57_76
54
60
57
54
63_75
57_75
53
41
63
57
53
63
57
53
63
57
53
63_72
57_72
53
63
57
53
63_71
57_71
53
63
57
53
63
57
53
63
57
53
63_69
57_69
53
63
57
53
64_68
56_59_68
52
40
64
56_59
64
56_59
64
56_59
71
64
71
56_59
64
56_59
80
64
80
56_59
64
56_59
64
56_59
64
56_59
76
64
76
56_59
64
56_59
75
65
75
57_60
52
40
65
57_60
65
57_60
65
57_60
72
65
72
57_60
65
57_60
71
65
71
57_60
65
57_60
65
57_60
65
57_60
69
65
69
57_60
65
57_60
68
64
68
56_59
52
40
64
56_59
64
56_59
64
56_59
64_71
56_59_71
64
56_59
64_80
56_59_80
64
56_59
64
56_59
64
56_59
64_76
56_59_76
64
56_59
65_75
57_60_75
52
40
65
57_60
65
57_60
65
57_60
65_72
57_60_72
65
57_60
65_71
57_60_71
65
57_60
65
57_60
65
57_60
65_69
57_60_69
65
57_60
64_68
64
52_56_59_68
52_56_59
40
64
56_59
71
64
71
56_59
64
56_59
76
64
76
56_59
64
56_59
75
65
75
57_60
57_60
65
57_60
72
65
72
57_60
65
57_60
69
65
69
57_60
65
57_60
68
64
68
56_59
52_56_59
40
64
56_59
64_71
56_59_71
64
56_59
64_76
56_59_76
64
56_59
65_75
57_60_75
57_60
65
57_60
65_72
57_60_72
65
57_60
65_69
57_60_69
65
57_60
59_62_68
56_68
40_56_59
28
59_62
56
71
59_62
71
56
59_62
56
72
59_62
72
56
59_62
56
74
59_62
74
57
41_57
29
59_62
57
71
59_62
71
57
59_62
57
69
59_62
69
57
59_62
57
68
59_62
68
56
40_56
28
59_62
56
59_62_71
56_71
59_62
56
59_62_72
56_72
59_62
56
59_62_74
57_74
41_57
29
59_62
57
59_62_71
57_71
59_62
57
59_62_69
57_69
59_62
57
59_62_68
52
52_56_68
40_56_59
28
62
62
64
64
65
65
62
62
65
65
68
65
52_68
52_59_62
40_56_59
28
62
62
65
65
68
68
65
65
68
68
65_71
52
52_59_62_71
40_56_59
28
68
68
69
69
71
71
68
68
71
71
74
65
52_74
52_59_62
40_56_59
28
71
71
72
72
74
74
71
71
74
74
65_77
52
52_59_62_77
40_56_59
28
74
74
76
76
77
77
74
74
77
77
83
83
77
77
74
74
81
81
76
76
72
72
79
79
74
74
71
71
69
69
72
72
77
77
76
76
71
71
67
67
74
74
69
69
65
65
72
72
67
67
64
64
62
62
65
65
70
70
69
69
64
64
60
60
68_68
64
52_59_62_68
52
40
69
69
71
71
72
64_69
57_72
45_57_60_69
57_57
33
64
57_60
68
64
68
57_60
64
57_60
69
64
69
57_60
64
57_60
67_76
57_64_76
59_59
67
57_64
67_68
57_64_68
67
57_64
67_69
57_64_69
61_61
67
57_64
65
57_62
62_62
65
57_62
65
57_62
65
57_62
65
57_62
65
57_62
62
57_59
65_65
62
57_59
69
62
69
57_59
62
57_59
71
62
71
57_59
62
57_59
72
64
72
57_60
64_64
33
64
57_60
68
64
68
57_60
64
57_60
69
64
69
57_60
64
57_60
67_76
57_64_76
61_61
67
57_64
67_68
57_64_68
67
57_64
67_69
57_64_69
57_57
67
57_64
65
57_62
62_62
65
57_62
65
57_62
65
57_62
65
57_62
65
57_62
62
57_59
65_65
62
57_59
69
62
69
57_59
62
57_59
71
62
71
57_59
62
57_59
72
64
72
57_60
64_64
45
64
57_60
68
64
68
57_60
64
57_60
69
64
69
57_60
64
57_60
67_67
64_73
57_61_73
65_65
43
64
57_61
64_68
57_61_68
64
57_61
64_69
57_61_69
64_64
64
57_61
76
62
76
53_57
69_69
41
62
53_57
62
53_57
62
53_57
74
62
74
53_57
62
53_57
74
62
74
53_57
62
53_57
62
53_57
62
53_57
72
62
72
53_57
65_65
62
53_57
62_72
53_57_72
62_62
62
53_57
62
53_57
62
53_57
62_71
53_57_71
62
53_57
62_71
53_57_71
62_62
62
53_57
62
53_57
62
53_57
62_69
53_57_69
62
53_57
69
62
69
52_59
65_65
40
62
52_59
71
62
71
52_59
62
52_59
69
62
69
52_59
62
52_59
68
62
68
52_59
64_64
62
52_59
62_69
52_59_69
62
52_59
62_71
52_59_71
62
52_59
64_72
57
48_57_57_72
36_64_64
36
64
48_57
64_68
48_57_68
64
48_57
64_69
48_57_69
64
48_57
76
64
76
48_57
60_60
64
48_57
68
64
68
48_57
64
48_57
69
64
69
48_57
57_57
64
48_57
65
50_57
38_65_65
38
65
50_57
65
50_57
65
50_57
65
50_57
65
50_57
65
50_59
62_62
65
50_59
65_69
50_59_69
65
50_59
65_71
50_59_71
65
50_59
61_72
52_55_72
40_67_67
40
61
52_55
61_68
52_55_68
61
52_55
61_69
52_55_69
61
52_55
79
61
79
52_55
64_64
61
52_55
76
61
76
52_55
61
52_55
73
61
73
52_55
61_61
61
52_55
62
81
53_57
41_69_69
41
62
53_57
62_77
53_57_77
62
53_57
62_76
53_57_76
62
53_57
62_74
53_57_74
41
62
53_57
62_69
53_57_69
62
53_57
62_81
53_57_81
62
53_57
62_80
80
80
52_68_68
40
76
74
73
61
79
51_67_67
39
71
73
74
62
78
50_66_66
38
69
69
71
71
72
77
72
65_65
74
74
72
72
71
71
55
43
72
71
70
76
48_64_64
36
68
70
71
75
47_63_63
35
66
66
68
68
69
74
69
62_62
71
71
69
69
68
68
52
40
66
68
69
72
53_60_60
41
68
68
69
69
62_70
70
53_58_70
50_50
38
62
53_58
74
62
74
53_58
62
53_58
76
62
76
53_58
62
53_58
77
62
77
53_58
62
53_58
74
62
74
53_58
62
53_58
70
62
70
53_58
62
53_58
69
60
69
52_57
52_52
40
60
52_57
60_72
52_57_72
60
52_57
60_76
52_57_76
60
52_57
62_74
52_59_74
52_52
40
62
52_59
62_71
52_59_71
62
52_59
62_68
52_59_68
62
52_59
60_69
52_57_69
57_57
45
77
76
74
81
53_69
41
69
81
80
52_80
52
52_68
40
76
76
74
74
73
79
73
64_67
71
71
73
73
74
78
74
66
40
69
71
72
77
62_65
71
69
68
40
69
69
71
71
72
76
72
60_64
68
68
69
69
66
75
66
59_63
40
68
69
71
74
62_65
68
69
68
64
40
66
66
68
68
69
72
69
57_60
41
68
69
70
62
70
53_58
50
38
62
53_58
50
74
62
74
53_58
50
62
53_58
50
76
62
76
53_58
50
62
53_58
50
77
62
77
53_58
50
62
53_58
50
76
62
76
53_58
50
62
53_58
50
79
62_65
79
53_58_65
50
62
53_58
50
77
62_77
77
53_58_77
50
62
53_58
50
62_74
53_58_74
50
62
53_58
50
62_70
53_58_70
50
62
53_58
50
60_69
53_57_69
51
39
60
53_57
51
65
60_72
65
53_57_72
51
60
53_57
51
69
60_65
69
53_57_65
51
60
53_57
51
70
62_70
70
53_58_70
50
38
62
53_58
50
74
62
74
53_58
50
62
53_58
50
76
62
76
53_58
50
62
53_58
50
77
62
77
53_58
50
62
53_58
50
76
62_76
76
53_58_76
50
62
53_58
50
79
62_79
79
53_58_79
50
62
53_58
50
77
62_77
77
53_58_77
50
62
53_58
50
62_74
53_58_74
50
62
53_58
50
62_70
53_58_70
50
62
53_58
50
60_69
53_57_69
51
39
60
53_57
51
65
60_72
65
53_57_72
51
60
53_57
51
69
60_65
69
53_57_65
51
60
53_57
51
70
62_70
70
53_58_70
50_58_62
38
62
53_58
50
74
62
74
53_58
50
62
53_58
50
76
62
76
53_58
50
62
53_58
50
77
62
77
53_58
50
62
53_58
50
76
62_76
76
53_58_76
50
62
53_58
50
79
62_79
79
53_58_79
50
62
53_58
50
77
59_77
77
56_77
50_56_59
59
56
50
59_74
56_74
50
59
56
50
59_71
56_71
50
59
56
50
59_68
56_68
50
38
59
56
50
71
59_71
71
56_71
50
59
56
50
64
59_64
64
56_64
50
59
56
50
76
64
76
52_57
48_57_64
36
64
52_57
72
64
72
52_57
64
52_57
69
64
69
52_57
64
52_57
62_65
53_58_65
50_58_62
38
62
53_58
62_70
53_58_70
62
53_58
62_74
53_58_74
62
53_58
72
60
72
52_57
52_57_60
40
60
52_57
69
60
69
52_57
60
52_57
64
60
64
52_57
60
52_57
59_65
52_56_65
50_56_59
38
59
52_56
59_68
52_56_68
59
52_56
59_71
52_56_71
59
52_56
76
64
76
52_57
48_57_64
36
64
52_57
72
64
72
52_57
64
52_57
69
64
69
52_57
64
52_57
62_65
53_58_65
50_58_62
38
62
53_58
62_70
53_58_70
62
53_58
62_74
53_58_74
62
53_58
72
60
72
52_57
52_57_60
40
60
52_57
69
60
69
52_57
60
52_57
64
60
64
52_57
60
52_57
59_65
52_56_65
50_56_59
38
59
52_56
59_68
52_56_68
59
52_56
59_71
52_56_71
59
52_56
76
58_64
76
55
49_58_64
37
58_64
55
70
58_64
70
55
58_64
55
67
58_64
67
55
58_64
55
58_62_65
53_65
50_62
38
58_62
53
58_62_70
53_70
58_62
53
58_62_74
53_74
58_62
53
64
60
64
52_57
52_57_60
40
60
52_57
69
60
69
52_57
60
52_57
72
60
72
52_57
60
52_57
59_71
52_56_71
52_56_59
40
59
52_56
59_68
52_56_68
59
52_56
59_64
52_56_64
59
52_56
57
57_69
45_57
45_45
33
69
57
69
57
69
57
69
57
69
57
69
57
47_47
35
69
57
69
57
69
57
69
57
48_48
36
69
57
69
57
50_50
38
69
57
69
57
69
57
69
57
69
57
69
57
52_52
40
69
57
69
57
69
57
69
57
69
57
69
57
55_55
43
69
57
69
57
69
57
69
57
69
57
69
57
53_53
41
69
57
69
57
69
57
69
57
52_52
40
69
57
69
57
50_50
38
69
57
69
57
69
57
69
57
69
57
69
57
48_48
36
69
57
69
69
69
57
69
57
71
69
71
57
50_50
38
69
57
72
60_64
64_72
52_57
52_52
40
60_64
52_57
68
60_64
68
52_57
60_64
52_57
69
60_64
69
52_57
60_64
52_57
60_64_76
52_57_76
60_64
52_57
60_64_68
52_57_68
60_64
52_57
60_64_69
52_57_69
60_64
52_57
81
60_64
81
52_57
52_57_60
40
60_64
52_57
76
60_64
76
52_57
60_64
52_57
72
60_64
72
52_57
60_64
52_57
60_64_69
52_57_69
60_64
52_57
60_64_64
52_57_64
60_64
52_57
60_60_64
52_57_60
60_64
52_57
58
58_62
58
52
52_58_62
40
58_62
52
62
58_62
62
52
58_62
52
65
58_62
65
52
58_62
52
58_62_70
52_70
58_62
52
58_62_74
52_74
58_62
52
58_62_77
52_77
58_62
52
76
59
76
52_56
52_56_59
40
59
52_56
74
59
74
52_56
59
52_56
71
59
71
52_56
59
52_56
59_64
52_56_64
59
52_56
59_62
52_56_62
59
52_56
59_59
52_56_59
59
52_56
57
57_69
45_57
45_45
33
69
57
69
57
69
57
69
57
69
57
69
57
47_47
35
69
57
69
57
69
57
69
57
48_48
36
69
57
69
57
50_50
38
69
57
69
57
69
57
69
57
69
57
69
57
52_52
40
69
57
69
57
69
57
69
57
69
57
69
57
55_55
43
69
57
69
57
69
57
69
57
69
57
69
57
53_53
41
69
57
69
57
69
57
69
57
52_52
40
69
57
69
57
51_51
39
69
57
69
57
69
57
69
57
69
57
69
57
49_49
37
69
57
69
69
69
57
69
57
71
69
71
57
51_51
39
69
57
72
60_64
64_72
52_57
52_52
40
60_64
52_57
68
60_64
68
52_57
60_64
52_57
69
60_64
69
52_57
60_64
52_57
60_64_76
52_57_76
60_64
52_57
60_64_68
52_57_68
60_64
52_57
60_64_69
52_57_69
60_64
52_57
81
60_64
81
52_57
52_57_60
40
76
76
72
72
60_64_69
52_57_69
64
64
60
60
59
59
52_59_62
40
62
62
65
65
59_62_71
52_57_71
74
74
77
77
76
76
52_56_59
40
74
74
71
71
59_62_64
52_56_64
62
62
59
59
57
60
52_57
45_57
33
60
64
69
57
45_69
60_64
72
72
76
76
80
57
45
62_65
76
72
68_68
62_65_68
45
33
65
65
62
62
57
69
60_64
45
33
60
64
69
57
45_69
60_64
72
72
76
76
80
57
45
62_65
74
71
65_68
59_62_68
45
33
65
65
62
62
60
64
60
45
33
64
69
68
57
45_68
62_65
65
65
62
62
60
57
45
60_64
64
69
68
57
45_68
62_65
65
65
62
62
60
57
45
60_64
64
69
62
56_65
45
33
62
59
57
60
57
45
33
60
64
56
50_53_62
45
33
59
56
57
57
48_52_57
45
33
57
59
52
60
57
60
57
64
59
69
60
69
60
71
64
72
69
72
69
76
71
81
72_81
72
72_81
76_83
81_84
81_84
83_88
84_93
84_93
83_88
81_84
81_84
76_83
81
72_81
72
81
72
76
71
72
69
72
69
71
64
69
60
69
60
64
59
60
57
60
57
59
52
57
57
52
48_57
45
33
64
63
57
60
59
52
64
61_64
62_66
61_64
59_62
57_61
57_61
59_62
59_62
52_59
57_61
57_61
49_57
49_57
52_59
57
59
61
52_59
59
61_64
62_66
61_64
59_62
57_61
57_61
59_62
59_62
52_59
57_61
49_57
52_59
52
49_57
52_61
49_57
66
61
57
64
61_64
33
62_66
61_64
59_62
52
57_61
57_61
59
56
52_59_62
40
59_62
52
52_59
66
61
57
64
57_57_61
45
57_61
52
49_57
49_57
59
56
52_52_59
40
57
59
61
52
52_59
59
66
61
57
64
45_61_64
33
62_66
61_64
59_62
52
57_61
57_61
59
56
52_59_62
40
59_62
52
52_59
66
61
57
64
52
57_57_61
45
49_57
59
56
52
52_52_59
40
52
57
57
52
45_49_57
33
52_61
49_57
66
64
56
64
52
52_52_56
40
56
52
52_56
57
54
54_57
59
56
56_59
61
57
57_61
62
59_64_68
59_62
61
57_64_68
57_61
66_69
59
56_68_71
56_59
57
54_69_73
54_57
64
56
52_71_74
52_52_56
40
57
54_69_73
54_57
59
56_68_71
56_59
61
57_66_69
57_61
62
59_64_68
59_62
62
59_66_69
59_62
56
52_68_71
52_56
69_73
66
64
59
64
56_71_74
52_56_59
40
59
56_71_74
56_59
61
57
57_61
62
59_64_68
59_62
64
61
61_64
66
62_68_71
62_66
64
61_68_71
61_64
69_73
62
59_71_74
59_62
61
57_73_76
57_61
59
56_74_78
56_59
61
57_73_76
57_61
62
59_71_74
59_62
64
61_69_73
61_64
66
62_68_71
62_66
66
62_69_73
62_66
59
56_71_74
56_59
74_78
66
54
61
57
64
52_73_76
45_61_64
33
74_78
62_66
73_76
61_64
71_74
59_62
73
69_69_73
57_61
73
69_69_73
57_61
59
56
74
71_71_74
52_59_62
40
74
71_71_74
59_62
71
64_64_71
52_59
66
54
61
57
64
52_73_76
57_61_64
45
74_78
62_66
73_76
61_64
71_74
59_62
73
69_69_73
57_61
73
69_69_73
57_61
59
56
74
71_71_74
52_59_62
40
74
71_71_74
59_62
71
64_64_71
52_59
68
68
69_73_76
69_73_76
61_64
74_78
74_78
62_66
73_76
73_76
61_64
71_74
71_74
59_62
68
68
69
69
69_73
69_73
57_61
69_73
69_73
57_61
68
68
69_73_76
69_73_76
61_64
74_78
74_78
62_66
73_76
73_76
61_64
71_74
71_74
59_62
68
68
69
69
69_73
69_73
57_61
69_73
69_73
57_61
68
68
69_73_76
69_73_76
61_64
74_78
74_78
62_66
73_76
73_76
61_64
71_74
71_74
59_62
68
68
69
69
69_73
69_73
57_61
69_73
69_73
57_61
68
68
69_73_76
69_73_76
61_64
74_78
74_78
62_66
73_76
73_76
61_64
71_74
71_74
59_62
68
68
69
69
69_73
69_73
57_61
69_73
69_73
57_61
88
76_93
69_69_81
69_69_73_81
61_61_64
49
90
78
74
62_62_66
50
88
76
73
61_61_64
49
86
74
71
59_59_62
47
88
76
73
61_61_64
49
90
78
74
62_62_66
50
88
76
73
61_61_64
49
86
74
71
59_59_62
47
88
76
73
61_61_64
49
90
78
74
62_62_66
50
88
76
73
61_61_64
49
86
74
71
59_59_62
47
88
76
73
61_61_64
49
90
78
74
62_62_66
50
88
76
73
61_61_64
49
86
74
71
59_59_62
47
90
66_78
66_78
88
76_88
64_64_76
52_64_73_76
61_61_64
49
90
78
74
62_62_66
50
88
76
73
61_61_64
49
86
74
71
59_59_62
47
85
73
69
57_57_61
45
85
73
69
57_57_61
45
86
74_88
64_64_76
52_64_71_76
59_59_62
47
86
74
71
59_59_62
47
83
71
64
52_52_59
40
85
73_88
64_64_76
52_64_69_76
57_57_61
45
86
74
71
59_59_62
47
85
73
69
57_57_61
45
83
71
64
52_52_59
40
81
69
61
49_49_57
37
81
69
61
49_49_57
37
78
62_69_78_78
69
57_62_62_66
50_50_54
38
78
69_78_78
69
57_62_62_66
50_50_54
38
86
69_78_86
69
57_66_74_74
54_62_62
50
80
68_71_76_80
64
52_64
52
40
80
68_71_76_80
64
52_64
52
40
88
68_71_76_88
64
52_76
64
52
85
73_85
61
57_61_64_69
45
33
85
73_85
61
57_61_64_69
45
33
93
73_81_93
61
57_61_64_69
57
45
71
66_69
50_59
68_76
59_64
52
69_73
61_64
45
