79_83
64_76
76
79_83
76
79_83
76
79_83
76
79_83
76
67
71
78_83
62_71_74
78_83
71_74
78_83
71_74
78_83
71_74
78_83
71_74
66
71
76_79
67_72
60_64
76_79
67_72
64
76_79
67_72
64
76_79
67_72
64
76_79
67_72
64
76_81
69_72
54_64
76_81
69_72
64
76_81
69_72
64
76_81
69_72
64
76_81
69_72
64
75_78
59
66
66_71
63
75_83
66
66_71
63
74_76
64
68_71
64
74_83
64
68_71
64
84_88
76_81
72
45
84_88
76_81
72
84_88
76_81
72
84_88
76_81
72
84_88
76_81
72
48
52
83_88
76_79
71
43
83_88
76_79
71
83_88
76_79
71
83_88
76_79
71
83_88
76_79
71
47
52
81_84
72_77
41_69
41
81_84
72_77
69
81_84
72_77
69
81_84
72_77
69
81_84
72_77
69
81_86
74_77
35_69
81_86
74_77
69
81_86
74_77
69
81_86
74_77
69
81_86
74_77
69
71_83
40
68
71_76
64
71_88
67
71_76_80
64
86_89
64_78_80
52_68_74
86_89
80
86_89
80
86_89
80
84_88
76_81
69_72
76
69_72
76
69_72
76
69_72
80_86
74_77
65_71
80_86
77
80_86
77
80_86
77
81_84
72_76
64_69
72
64_69
72
64_69
72
64_69
77_83
71_74
62_65
77_83
74
77_83
74
77_83
74
76_81
69_72
60_64
69
60_64
69
60_64
69
60_64
74_80
68_71
59_62
74_80
71
74_80
71
74_80
71
76_81
69_72
60_64
69
60_64
69
60_64
69
60_64
81_84
72_75
63_69
81_84
75
81_84
75
81_84
75
79_83
71_76
64_67
71
64_67
71
64_67
71
64_67
75_81
66_72
69_72
75_81
72
75_81
72
75_81
72
76_79
67_71
67_71
67
67_71
67
67_71
67
67_71
72_78
66_69
69_75
72_78
69
72_78
69
72_78
69
71_76
67_67
71_76
67
71_76
67
71_76
67
71_76
69_75
66_69
72_78
69_75
66
69_75
66
69_75
66
71_76
67_67
71_76
67
71_76
67
71_76
67
71_76
76_79
64_70
67_70_73
76_79
70
76_79
70
76_79
70
73_76
64_67
67_70_73
64
67_70_73
64
67_70_73
64
67_70_73
70_73
64_67
67_70_73
70_73
67
70_73
67
70_73
67
67_70
64_64
67_70_73
64
67_70_73
64
67_70_73
64
67_70_73
64_67
61_64
67_70_73
64_67
61
64_67
61
64_67
61
61_64
58_64
67_70_73
64
67_70_73
64
67_70_73
64
67_70_73
58_61
55_64
67_70_73
58_61
55
58_61
55
58_61
55
55_58
55_64
67_70_73
64
67_70_73
64
67_70_73
64
67_70_73
58_61
58_64
66_70_73
58_61
58
58_61
58
58_61
58
61_66
58_64
66_70_73
64
66_70_73
64
66_70_73
64
66_70_73
66_70
61_64
66_70_73
66_70
61
66_70
61
66_70
61
70_73
64_66
66_70_73
64
66_70_73
64
66_70_73
64
66_70_73
73_78
64_70
66_70_73
73_78
70
73_78
70
73_78
70
78_82
64_73
66_70_73
64
66_70_73
64
66_70_73
64
66_70_73
82_85
64_78
66_70_73
82_85
78
82_85
78
82_85
78
85_90
82
83_90
63_83
39_51
64
40_52
66
42_54
66
42_54
35
66_69
36_64
35_63
76_80
78_83
68_74
64
81_88
72_76
57
52
88_91
76_82
37_49_55_64_67
52_58
83
83
83
83
83
80
80
80
80
80
76
75
76
75
76
71
76
71
76
71
64
64
76
64
64
64
64
64
64
64
64
72
76
79
84
79
84
79
84
79
76
72
72
76_79
71
72
76_79
71
76_79
72
76_79
71
72
76_79
71
72
76_79
71
72
71
72
71
72
71
72
67
72
67
72
71
72
72_76
71
72_76
72
72_76
71
72
72_76
71
72
72_76
71
72
71
72
71
72
71
72
71
72
71
72
71
72
71
72
67
72
67
72
60_67
64_72
60_67
64_72
60_67
64_72
60_67
64_72
60_67
64_72
64_68
49_56
73
45_57
71
47_56
57_63
54
59
56_64
52
52
40
52_64
57
57
48
36
62
59
44
32
63
60
57
45
33
64
59
56
52
40
57
57
48
36
65
62
59
44
32
63
60
57
45
33
64
59
56
52
40
52_64
59
56
52
40
52_64
59
56
52
40
67
72
74
75
72
81
79
78
79
81
78
84
82
81
66_69
60_63
82
84
81
87
87
75
87
75
87
75
87
75
87
75
87
75
87
75
87
75
87
75
87
75
87
75
87
75
87
75
87
75
87
75
86
74
67
72
74
75
72
55
81
60
62
63
79
60
78
69
79
81
78
67
86
66
67
69
84
66
83
74
84
83
81
72
79
71
81
72
79
71
78
69
77
67
74
69
71
67
74
66
79
65
62
59
62
67
67_72
60_64
69
65
73
74
72_77
69
76
67
71_81
65
72_79
60_64
67
72
74
75
72
55
81
60
62
63
79
60
78
69
79
81
78
67
86
66
67
69
84
66
82
74
84
82
81
72
79
70
81
72
79
70
77
69
76
67
77
69
76
67
74
65
73
64
74
65
76
64
77
62
76
61
77
62
79
64
81
65
82
64
81
65
79
67
77
69
79
70
77
69
76
67
74
65
73
67
74
65
76
64
77
62
76
61
77
62
79
64
81
65
82
64
81
65
79
67
77
69
79
70
77
69
76
67
74
65
73
67
74
65
76
64
77
62
79
61
70
61_67
62
64_88
76
65_88
76
67_88
76
88
76
88
76
88
76
88
76
88
76
88
76
88
76
88
76
91
79
76
77
79
81
82
64
81
65
79
67
77
69
79
70
77
69
76
67
74
65
73
67
74
65
76
64
77
62
76
61
77
62
79
64
81
65
82
64
81
65
79
67
77
69
79
70
77
69
76
67
74
65
73
67
74
65
76
64
77
62
79
61
58
49_55
62
64_76
64
65_76
64
67_76
64
76
64
76
64
76
64
76
64
76
64
76
64
76
64
76
64
79
67
50
53_65
50
38
50
50
50
50
50
50
50
50
50
50
50
50
50
50
50
50
50
50
50
50
50
49
37_50
50
50
50
50
50
50
50
50
50
50
50
50
50
50
50
50
50
50
50
50
50
48
36
50
50
50
50
50
50
50
50
50
50
50
50
50
50
50
50
50
50
50
50
50
47
35
50
50
50
50
50
50
50
50
50
50
50
50
50
50
50
50
50
50
50
50
50
50
46
34
50
50
50
50
50
50
50
50
50
50
50
50
50
50
50
50
50
50
50
50
50
50
50
50
50
50
50
50
50
50
50
50
50
50
50
50
50
50
50
50
50
50
50
50
50
50
50
50
50
50
50
50
50
45
33_50
50
50
50
50
50
50
50
50
50
50
50
50
50
50
50
50
50
50
50
50
50
50
50
50
50
50
44
32
50
50
50
50
50
50
50
50
50
50
50
50
50
50
50
50
50
50
50
50
50
50
50
50
50
50
50
43
31
43
48
50
51
55
48
60
56
62
63
60
55
68
53
55
56
67
53
65
62
67
65
63
60
62_74_77
62
59
31
55_65_74
63
60
62
59
60
56
59
55
60
55
62
53
63
51
65
50
67
48
68
47
67
48
65
50
63
51
62
53
60
55
62_74_77
59
56
31
55_65_74
60
55
62
53
63
51
65
50
67
48
68
47
67
48
62_74_77
65
50
31
55_65_74
63
51
62
53
60
55
59
56
60
55
62
53
63
51
62_74_77
65_65
59_62
50
31
55_65_74
68_80
68_80
68_80
68_80
68_80
68_80
68_80
68_80
68_80
68_80
68_80
67_79
62_74_77
65
31
55_65_74
63
62
60
59
53
60
51
62
50
63
48
65
50
67
48
68
47
67
48
65
50
63
51
62
53
60
55
62_74_77
59
56
31
55_65_74
60
55
62
53
63
51
65
50
67
48
68
47
67
48
62_74_77
65
50
31
55_65_74
63
51
62
53
60
55
59
56
60
55
62
53
63
51
62_74_77
65_65
59_62
50
31
55_65_74
68_80
68_80
68_80
68_80
68_80
68_80
68_80
68_80
68_80
68_80
68_80
67_79
62_74_77
55_65_74
59
47
35
92
80
92
80
92
80
92
80
92
80
92
80
92
80
92
80
92
80
92
80
92
80
91
79
64_73_79
67
52
33
67_73_76
69
50
70
49
69
50
67
52
65
53
64
55
62
57
61
58
62
57
64
55
65
53
67
52
69
50
70
49
69
50
64_73_79
67
52
33
67_73_76
65
53
64
55
62
57
61
58
62
57
64
55
65
53
64_73_79
67
52
33
67_73_76
69
50
70
49
69
50
67
52
65
53
64
55
62
57
64_73_79
61_67
61_64
58
33
67_73_76
70_82
70_82
70_82
70_82
70_82
70_82
70_82
70_82
70_82
70_82
70_82
69_81
67
64
61
49
70_82
70_82
70_82
70_82
70_82
70_82
70_82
70_82
70_82
70_82
70_82
69_81
45
50
52
53
57
50
62
59
64
65
62
57
71
56
57
59
69
60
68
62
69
71
72
60
74
59
60
62
72
64
71
65
72
74
76
77
83
71
83
71
68_71_76_88
76
52
40
83
71
64
69
64_74_84
72
57
45
71
72
52
69
57
78
59
60
57
76
75
66
76
78
75
64
81
63
64
66
79
63
78
66_75
69
47
35
79
81
83
67
84
66
83
67
81
66
79
64
78
63
76
64
75
66
76
67
78
69
79
71
81
72
83
71
84
66_75
69
47
35
83
67
81
66
79
64
78
63
76
64
75
66
76
67
78
66_75
69
47
35
79
71
81
72
83
71
84
69
83
67
81
66
79
64
78
66_75
63_66_69
63
47
35
72_84
72_84
72_84
72_84
72_84
72_84
72_84
72_84
72_84
72_84
72_84
71_83
66_69_78
66_69
63
66_69_78
63
51
72_84
72_84
72_84
72_84
72_84
72_84
72_84
72_84
72_84
72_84
72_84
71_83
63
66_69
72
60
72
60
72
60
72
60
72
60
72
60
72
60
72
60
72
60
72
60
72
60
71
59
63
57
54
48
36
48
36
48
36
48
36
48
36
48
36
48
36
47
35
63
57
54
48
36
48
36
48
36
48
36
48
36
48
36
48
36
47
35
63
57
54
48
36
48
36
48
36
48
36
48
36
48
36
48
36
48
36
48
36
48
36
48
36
47
35
