59
47
47
47
35
47
59
47
47
47
35
47
59
47
47
47
35
47
59
47
47
47
35
47
59
66
47
54
54_66
47
47
35
47
59
66
47
54
54_66
47
47
35
47
59
66
47
54
54_66
47
47
35
47
83
83_87
75
85
85_88
76
87
87_90
59_78
66
66_75
47
54
54_66
47
47
35
47
68_76
87
87_90
78
66_75
85
76
64_73
83
83_87
59_75
66
63_71
47
54
54_66
47
47
35
47
83
83_87
75
75_78
85
76
87
87_90
59_78
66
66_75
47
54
54_66
47
47
35
47
68_76
87
87_90
78
66_75
85
76
64_73
83
83_87
59_75
66
63_71
47
54
54_66
47
47
35
47
87
83_87
78
75_83
73
61_64
67
61_73
52
55
55_67
52
52
40
52
87
59_78
66
75_87
47
54
54_66
47
47
35
47
73
61_64
67
61_73
52
55
55_67
52
52
40
52
66
78
59_66
66
66
47
54
54_66
51
47
39
47
49
37
71
83
59_63
71
63_71
47
59
51_63
47
47
35
47
73
85
66
73
66_73
61
75
87
71
75
71_75
63
76
88
73
76
73_76
64
64
52
78
90
75
78
75_78
66
63
51
51
61
49
49
80
76_80
68
78
75_78
66
63
51
51
75
87
75
71_75
63
59
47
47
83
83
83
83
71
71
59_63
56
44
44
85
85
73
83
83
71
71
56
44
44
80
80
80
80
68
85
85
85
82_85
70_73
70
54_66
54
42
42
83
83_87
75
85
85_88
76
87
87_90
59_78
66
66_75
47
54
54_66
47
47
35
47
68_76
87
87_90
78
66_75
85
76
64_73
83
83_87
59_75
66
63_71
47
54
54_66
47
47
35
47
83
83_87
75
75_78
85
76
87
87_90
59_78
66
66_75
47
54
54_66
47
47
35
47
68_76
87
87_90
78
66_75
85
76
64_73
83
83_87
59_75
66
63_71
47
54
54_66
47
47
35
47
87
83_87
78
75_83
73
61_64
67
61_73
52
55
55_67
52
52
40
52
87
59_78
66
75_87
47
54
54_66
47
47
35
47
73
61_64
67
61_73
52
55
55_67
52
52
40
52
66
78
59_66
66
66
47
54
54_66
51
47
39
47
49
37
71
83
59_63
71
63_71
47
59
51_63
47
47
35
47
73
85
66
73
66_73
61
75
87
71
75
71_75
63
76
88
73
76
73_76
64
64
52
78
90
75
78
75_78
66
63
51
51
61
49
49
80
76_80
68
78
75_78
66
63
51
51
75
87
75
71_75
63
59
47
47
83
83
83
83
71
71
59_63
56
44
44
85
85
73
83
83
71
71
56
44
44
80
80
80
80
68
85
85
85
82_85
70_73
70
54_66
54
42
42
63
63
63
51
39
68
68
68
56
44
70
70
70
58
71
71
71
59
73
73
73
61
75
75
75
75
63
76
76
76
76
64
75
75
75
75
63
71
71
71
71
59
80
80
80
80
68
82
82
82
82
70
80
80
80
80
68
76
76
76
76
64
73
73
73
73
61
75
75
75
75
63
73
73
73
73
61
70
70
70
70
58
66
66
66
66
54
68
68
68
68
56
66
66
66
66
54
63
63
63
63
51
59
59
59
59
47
61
61
61
61
49
59
59
59
59
47
56
56
56
56
44
54
54
42
66
66_66
66
66
66
54
42
42
42
52
59
59_59
59
59
59
59
47
35
35
47
63
63
63
51
39
68
68
68
56
44
70
70
70
58
71
71
71
59
73
73
73
61
75
75
75
75
63
76
76
76
76
64
75
75
75
75
63
71
71
71
71
59
80
80
80
80
68
82
82
82
82
70
80
80
80
80
68
76
76
76
76
64
73
73
73
73
61
75
75
75
75
63
73
73
73
73
61
70
70
70
70
58
66
66
66
66
54
68
68
68
68
56
66
66
66
66
54
63
63
63
63
51
59
59
59
59
47
61
61
61
61
49
59
59
59
59
47
56
56
56
56
44
54
54
42
66
66_66
66
66
66
54
42
42
42
52
59
59_59
59
59
59
59
47
35
35
47
78
78
70
54
66
71
56
66
66
73
58
54
42
73
58
71
56
70
54
78
78
73
58
66
75
59
66
66
76
61
54
42
76
61
75
59
73
58
78
78
76
61
66
78
63
66
66
80
64
54
42
78
63
76
61
78
78
75
59
66
66
66
73
58
54
42
78
61
66
58
78
78
71
56
66
73
58
66
66
75
59
54
42
75
59
73
58
71
56
78
78
75
59
66
76
61
66
66
78
63
54
42
78
63
76
61
75
59
78
78
73
58
66
66
66
71
56
54
42
78
78
70
54
66
66
66
71
56
54
78
78
73
58
66
66
66
70
54
54
42
78
78
70
54
66
71
56
66
66
73
58
54
42
73
58
71
56
70
54
78
78
73
58
66
75
59
66
66
76
61
54
42
76
61
75
59
73
58
78
78
76
61
66
78
63
66
66
80
64
54
42
78
63
76
61
78
78
75
59
66
66
66
73
58
54
42
78
61
66
58
78
78
71
56
66
73
58
66
66
75
59
54
42
75
59
73
58
71
56
78
78
75
59
66
76
61
66
66
78
63
54
42
78
63
76
61
75
59
78
78
73
58
66
66
66
71
56
54
42
78
78
70
54
66
66
66
71
56
54
78
78
73
58
66
66
66
70
54
54
42
83
83_87
75
85
85_88
76
87
87_90
59_78
66
66_75
47
54
54_66
47
47
35
47
68_76
87
87_90
78
66_75
85
76
64_73
83
83_87
59_75
66
63_71
47
54
54_66
47
47
35
47
83
83_87
75
75_78
85
76
87
87_90
59_78
66
66_75
47
54
54_66
47
47
35
47
68_76
87
87_90
78
66_75
85
76
64_73
83
83_87
59_75
66
63_71
47
54
54_66
47
47
35
47
87
83_87
78
75_83
73
61_64
67
61_73
52
55
55_67
52
52
40
52
87
59_78
66
75_87
47
54
54_66
47
47
35
47
73
61_64
67
61_73
52
55
55_67
52
52
40
52
66
78
59_66
66
66
47
54
54_66
51
47
39
47
49
37
71
83
59_63
71
63_71
47
59
51_63
47
47
35
47
73
85
66
73
66_73
61
75
87
71
75
71_75
63
76
88
73
76
73_76
64
64
52
78
90
75
78
75_78
66
63
51
51
61
49
49
80
76_80
68
78
75_78
66
63
51
51
75
87
75
71_75
63
59
47
47
83
83
83
83
71
71
59_63
56
44
44
85
85
73
83
83
71
71
56
44
44
80
80
80
80
68
85
85
85
82_85
70_73
70
54_66
54
42
42
83
83_87
75
85
85_88
76
87
87_90
59_78
66
66_75
47
54
54_66
47
47
35
47
68_76
87
87_90
78
66_75
85
76
64_73
83
83_87
59_75
66
63_71
47
54
54_66
47
47
35
47
83
83_87
75
75_78
85
76
87
87_90
59_78
66
66_75
47
54
54_66
47
47
35
47
68_76
87
87_90
78
66_75
85
76
64_73
83
83_87
59_75
66
63_71
47
54
54_66
47
47
35
47
87
83_87
78
75_83
73
61_64
67
61_73
52
55
55_67
52
52
40
52
87
59_78
66
75_87
47
54
54_66
47
47
35
47
73
61_64
67
61_73
52
55
55_67
52
52
40
52
66
78
59_66
66
66
47
54
54_66
51
47
39
47
49
37
71
83
59_63
71
63_71
47
59
51_63
47
47
35
47
73
85
66
73
66_73
61
75
87
71
75
71_75
63
76
88
73
76
73_76
64
64
52
78
90
75
78
75_78
66
63
51
51
61
49
49
80
76_80
68
78
75_78
66
63
51
51
75
87
75
71_75
63
59
47
47
83
83
83
83
71
71
59_63
56
44
44
85
85
73
83
83
71
71
56
44
44
80
80
80
80
68
85
85
85
82_85
70_73
70
54_66
54
42
42
83
75_83
66_75
63_71
66
66
54
54
54
42
85
76_85
76
64_73
87
78_87
59_78
66_75
59
59
47
47
47
35
47
87
78_87
78
66_75
85
76
64_73
83
75_83
75
73
63_71
73
61
61
61
49
47
83
75_83
75
63_71
85
76
64_73
87
78_87
78
71
66_75
71
59
59
59
47
47
87
78_87
78
66_75
85
76
64_73
83
75_83
59_75
63_71
59
59
47
47
47
35
47
83
75_83
75
63_71
85
76
64_73
87
78_87
58_78
66_75
58
58
46
46
46
34
47
87
78_87
78
66_75
85
76
64_73
83
75_83
75
71
63_71
71
59
59
59
47
47
83
75_83
75
63_71
85
76
64_73
87
78_87
78
70
66_75
70
58
58
58
46
47
87
78_87
78
66_75
85
76
64_73
83
75_83
58_75
63_71
58
58
46
46
46
34
47
83
75_83
75
63_71
85
76
64_73
87
78_87
56_78
66_75
56
56
44
44
44
32
47
87
78_87
78
66_75
85
76
64_73
83
75_83
75
70
63_71
70
58
58
58
46
47
83
75_83
75
63_71
85
76
64_73
87
78_87
78
68
66_75
68
56
56
56
44
47
87
78_87
78
66_75
85
76
64_73
83
75_83
56_75
63_71
56
56
44
44
44
32
47
83
75_83
75
71_75
63_71
85
76
64_73
87
83_87
66_78
71_75
66_75
66
54
59_63
42
42
30
47
85
82_85
66_82
70_73
70_73
66
54
58_61
42
42
30
52
83
80_83
66_80
68_71
68_71
66
54
56_59
42
42
30
47
85
82_85
66_82
70_73
70_73
66
54
58_61
42
42
30
52
87
83_87
66_83
71_75
71_75
59
59
59_63
47
47
35
47
90
87_90
87
75_78
75_78
63_66
83
75_83
66_75
63_71
66
66
54
54
54
42
85
76_85
76
64_73
87
78_87
59_78
66_75
59
59
47
47
47
35
47
87
78_87
78
66_75
85
76
64_73
83
75_83
75
73
63_71
73
61
61
61
49
47
83
75_83
75
63_71
85
76
64_73
87
78_87
78
71
66_75
71
59
59
59
47
47
87
78_87
78
66_75
85
76
64_73
83
75_83
59_75
63_71
59
59
47
47
47
35
47
83
75_83
75
63_71
85
76
64_73
87
78_87
58_78
66_75
58
58
46
46
46
34
47
87
78_87
78
66_75
85
76
64_73
83
75_83
75
71
63_71
71
59
59
59
47
47
83
75_83
75
63_71
85
76
64_73
87
78_87
78
70
66_75
70
58
58
58
46
47
87
78_87
78
66_75
85
76
64_73
83
75_83
58_75
63_71
58
58
46
46
46
34
47
83
75_83
75
63_71
85
76
64_73
87
78_87
56_78
66_75
56
56
44
44
44
32
47
87
78_87
78
66_75
85
76
64_73
83
75_83
75
70
63_71
70
58
58
58
46
47
83
75_83
75
63_71
85
76
64_73
87
78_87
78
68
66_75
68
56
56
56
44
47
87
78_87
78
66_75
85
76
64_73
83
75_83
56_75
63_71
56
56
44
44
44
32
47
83
75_83
75
71_75
63_71
85
76
64_73
87
83_87
66_78
71_75
66_75
66
54
59_63
42
42
30
47
85
82_85
66_82
70_73
70_73
66
54
58_61
42
42
30
52
83
80_83
66_80
68_71
68_71
66
54
56_59
42
42
30
47
85
82_85
66_82
70_73
70_73
66
54
58_61
42
42
30
52
87
83_87
66_83
71_75
71_75
59
59
59_63
47
47
35
47
90
87_90
87
75_78
75_78
63_66
75
71
71_75
73
70
70_73
42
42
30
75
71
71_75
76
73
73_76
80
76
76_80
78
75
75_78
47
47
35
80
76
76_80
78
75
75_78
75
71
71_75
76
73
73_76
54
54
54
42
78
75
75_78
76
73
73_76
73
70
70_73
75
66
66_75
59
59
59
47
76
68
68_76
75
66
66_75
71
63
63_71
73
64
66
64_73
54
75
66
66_75
73
64
64_73
70
61
61_70
66
59_63
71
63_66
59
59
68
64
64_68
66
63
63_66
63
59
59_63
64
61_66
78
61_64
66
66
63
63_66
64
61
61_64
61
58
58_61
63
59_71
83
59_63
71
75
71
71_75
73
70
70_73
42
42
30
75
71
71_75
76
73
73_76
80
76
76_80
78
75
75_78
47
47
35
80
76
76_80
78
75
75_78
75
71
71_75
76
73
73_76
54
54
54
42
78
75
75_78
76
73
73_76
73
70
70_73
75
66
66_75
59
59
59
47
76
68
68_76
75
66
66_75
71
63
63_71
73
64
66
64_73
54
75
66
66_75
73
64
64_73
70
61
61_70
66
59_63
71
63_66
59
59
68
64
64_68
66
63
63_66
63
59
59_63
64
61_66
78
61_64
66
66
63
63_66
64
61
61_64
61
58
58_61
63
59_71
83
59_63
71
83
83
85
85
87
87
87
87
85
85
83
83
71
71
73
73
75
75
75
75
73
73
71
71
59
59
59
47
35
61
61
61
49
37
63
83
63_66
83
75_78
47
63
59_63
51
47
39
47
63
63
63
51
39
61
61
61
49
37
59
59
59
47
35
