44
44
44
44
44
44
44
44
46
46
35_42_45_45_45_57_57_59_59_61_64_64_73
35_42
52_52_76
57_59
61
52
64
42_57_61_71_83
42
61
71
35_59_61_64_69_81
35
83
35_42
42
35
42
42
37_42_71
37_42
69
61
59
57_64
45
81
76
45
73
45
52_57_59
35_42_42_42_42_54_57_59_61_61_66_69_71
35
42
64
54
54_57_73
59
57
61
54
42_57_61_66_66_78
42
61
66
57
71
71
66
78
73
35_57_61_61_64_64_69_73_76
35_71
73
35_42
35_42
42
42
37_42
37_42
61
42
57
76
69
61
66
69
61
64
42
57
35_38_38_42_50_54_57_59_62_64_66
42_42_59_62_69
35
71
45_46_57_69
46
64
54
57
42_50_57_64_76_81
42
64
57
64
50
57
35_42_50_51_54_57_57_62_62_74_88
42_51
35
76
62
42
42
42
42
42
42
46
46
38
74
50
62_66_69
33_35_42_45_52_57_59_61_64_64
42_57
57
35_62
54_88
38
50_69
62
45
81
64
42_64
42
64
71
42
42
64
57
61
59
52
71
35_42_52_56_59_64_69
35_42
35_42
35_42
42
42
42
42
69
59
42
42
59
56
52
45
59_64
59
30_33_35_42_42_52_56_59
35_42
57
59
42
42
57
59
42
42
52
56
59
59
57
35_42_54_57
35_42
42
42
42
42
57
57
37_42_59
42
37
57
59
59_61
59
42
42
57
42
54
61
62
62_64
30_35_38_40_42_50_52_54_57
35_42
50
42_50
42
62
64
50
57
42_50
42
52_54
50
57_62
35_42_54_57_64
35_42
35_42
35_42
42
42
42
42
40_57
42
42
57
54
64
38_59
35_35_42_47_54_57_59_62
35_42
42
42
59
59
42
42
57
62
59
54
47
35_42_56
35_42
56
59
42
42
42
42
37_42_54_56
37_42
56
44
44
46
46
33_35_42_45_45_52_57_59_61_64
35_42_64
35
54
52
64
42_52_52
42
64
57
61
59
52
42_52_57_57
42
71
64
52
57
52_64
57
45
35_42_45_52_56_59_59_64_64
35_42
69
71
35_42
35_42
42
42
52
59
56
64
42_59_66
42
69
59
42
42
42
42
59
45
45_66
59_64
59
33
30_35_42_42_42_59_59_64_64_66_68
35_42
59
66
59
42_56_57_59
42
59
59
57
61
64
64
42_59_64
42_68
56
59
64
59
61
59
57
35_42_57_59_61_61_66_66_69
35_42
42
42
69
42_69
42
57
66
61
69
57
57
37_42_57
42
37
57
57_59
42_59
42
42
66
61
59
59
61
42_46_61
46
61
61
62
62
62
30_62
35_38_42_50_50_57_57_64_64_64
35_42
42_54
42
57
64
64
57
62
54_57_62_62
64
54
42
42
54
57
62
57
35_42_54_54_57_57
35_42
35_42
35_42
42_66
42
54
62
42_54
42
66
57
57
42_62
42
54
62
42
42
50
50
57
59
35_37_38_42_49_49_56_59_61_62_66
35_42
54_59
42_56
42
56
59
61
56_59
59
42_61
42
56
59
66
57
59
37
57
35_37_42_56_59_61_65_65
35_42
61
42
42
56
42_56
42
61
61
59
56
56
65
61
65
37_42_56_56_61_61
37_42
44
44
49
61
49
46_49
46
49
56
61
42_54_61
59
49_57
54_57_61
30_35_42_42_42_55_61_66
42
35_37_55
56
66
54
42_54_54_66
42
59
66
61
37_42_57_66
37_42
66
42_57
54
66
66
42
30
54
57
61
35_38_38_42_50_50_54_54_57_57_62_62_64
35_42
62
66
42
42
54
54
64
42_54_54
42
66
57
62
62
54_57
64
37_42_57_62_62
37_42_64
54
61
64
66
61
61
64
42_54_57_61_66
42_57
62
50
62
54
64
38
54
42
66
57
50
54
57
49
54_62
35_37_37_38_42_49_49_56_59_61_64
35_42_64
49_56
56
64
64
42_56_56
42
59
61_64_66
37_42_59_59
37_42
64
59
56
37
66
64
35_37_42_59_61_61_64_64
35_42
59
59
49
61
37
56
35_37_42_49_56_59_61
35_42
59
56_64
59
42_56_59
42
61
61_64
56
59
56
57
59
56
37_42_61_64_68
37_42
44
44
49_64
68
46_49_56_64
46
64
64
56
37
49
49
49
42
54
57
56_61_66
51
57
61
30_35_42_42_42_55_57_57_61_66_69
35_37_42_55
64
66
61
66
57
42_54_54_66
42
61
57
54
57
69
66_66
42
37_42_57_61_66_66
37_42
66
66
57
61
57_61
66
51
54
42
61
66
42
30
57
50
35_38_38_42_50_50_57_57_62_64_64_66
35_42
66
57
57
57
35_42_54
35_42
57
57
66
64
42_57_57
42
64
62
64
66
57
64
64
37_42_62_64_64_66
37_42
54
64
61
61
66
61
42_54_57_62
42_61_64_66
64_66
50
38
57
57
54
50
38
50
66
35_37_42_49_49_56_59_61_61_64
35_42_49
54
57
56
64
42_56_56_56
42
64
49
59
61
44
44
56
49
37_42_56_59_59_64
37_42
64
49
64
64_66
59_61
56
56
56
59
64
43
55
66
57
61
31_31_35_43_43_46_50_55_55_57_57_57_59_59_62_62
46
35_37_66
57_62_64
57_62
50
42
42
64
66
66
69
50
42_50
42
55_69
50
57_69
55
62
59
55
55
37_42_55_57_62
37_42
57
62
44_59
44
55
43
46_57_57_62
46
50
43
55_59_62
57
62
31
59
43_55
62
43
43
55
42_54
69
31
62
57
30_35_42_42_42_55_57_57_57_61_66
35_42_49_55
61
66
61
66
42
42
57
42_54_57
42_69
61
57
69
37_42_57_61_61_64
37_42_68
64
66
57
61
42
61
42
30_54
68
42
49_66
35_38_38_42_50_50_57_57_62_62_64_64_66
35_42
50
42
42
57
42_54_57_64_66
42
62
64
66
57
57
64
62
37_42_57_57_62_64_66_69
37_42
64
64
61
64
57
61
50_69
42_57_62
42_62
64_64
66
38
54
57
44_54
44
57
50
50
54
61_66
38
61
57_62
35_37_37_42_49_49_56_59_61_64
35_42
49_64_68
54
66
56
64
42_56_56
42_64
56
59
66
64
37
61
37_42_59_61
37_42_64
61
56
59
66
64
37
35_37_42_59_61_64_64
35_42_64
64
37_59
35_37_42_56_56_59
35_42
49
56
59
59
61
61_64
42_49_56_57
42
59
64
56
61
56
68
64
61
37_42_56_61_64_68_68
37_42_68
61
44
44
49
68
68
46_64_64
46
64
49
56_56
64
49
57
61
37
64
35_35_42_47_47_54_55_56_57_59_59_62_66
35_42
55
47
54
42_54_54
42
62
69
59
57
59
54
62
37_42_59
37_42
54_69
59_68
59
54
54
66
35
59
62
54
66_66
35_35_42_57_57_59_62_62_66_68
35_42
35
35_35_42_54
35_42
57
57
47
62
66
59
68
64
57
42_57_57
42_69
54_57
47_54
62
37_42_57_59_62_66
37_42
68_69
57_66
42_54_62
42
66
68
47_57
54
59
44_47_62
44
62
54
66
47
47
57
47
35_40_40_42_52_52_54_55_57_57_59_62_62
35_42_55
54
35
52
66
54
69
42_54_54
42
62
52
57
52
54
57
54
37_42_54_57
37_42_59
54_57_68_69
62
54
54
52
52
52
62_66
35_42_52_54_57_59_62_66
35_42
68
66
52
57
40
35_52
54
57
28_35_42_57_57_62_66
35_42
35
62
54
57
52
62
64_66
40_42_48_54_57
40_42_48
62_66
59
57
57
52
62
57
47_52_52
47
54
54
52
64
66_69
61
40_40_42_45_52_54_57_57_59_62_62_64
40_42_45
66
44
44
28
54
61
52
28_43_46_54_54_62
43_46
54_57
52
62
62
54
52
66
54
52
40
52
54
62
33_35_42_45_45_45_49_52_57_57_57_57_59_59_61_61_62_64_64_64
40_42_59
28_35_49
64
64
57
52
64
42_52_52_52
42
64
57
45
57_59
59
61
45_57_57
64
52
64
61
52
57
57
64
71
40_42_52_52_54_57_57_59_59_61_61_61_64_64
40_42
54
59
61
61
45_57
64
52_59
57
64
33
52
61
45
71
69
33_35_42_45_45_52_52_56_56_56_57_59_59_59_64_64
35_42
57
33
52
33_35_42_52
35_42
45
45_57
52_57
52
59
56
42_52_52_56_59_59_69
42_61
56_64
59
45
52
45
64
52
45_45_59
56
40_42_54_56_59_59_64_64_64_68
40_42
54
52
61
42_52_52_56_61
42_64
59
68
45_56
45
52
59
64
56
45_45
45
45
45
61
33
59
52_56_68
30_35_42_42_42_42_56_56_56_59_59_64_64
35_42_59
76
61
64_69
56
56
56
61
42_52_56_56
42
61
59
42
42
64
42_42_56
59
56_56
64
56
61
40_42_54_56_56_59_59_59_64_64
40_42_54_66
64
52
59
59
42
56
64
59
56
56
64
68
56
30
66
42
64
61_66
30_35_42_42_42_54_54_57_57_57_57_61_61_66_66
35_42
30
30_35_42_54
35_42
76
88
57
61
54
57
42_54_57_57_61
42_64
57
42
42_57
61
57
54
61
66
42_42
54
66
57
40_42_54_54_56_57_57_61_61_66_66
40_42_54
56
57
54
54
57_57
57
42_52_54_54_54_61
42_61
42_61
57
42
66
42
42_42_44
44
54
54
42
42
66
52
54_61
61_62
35_38_38_42_50_50_50_54_54_54_57_57_62_62_64_64
35_42_88
62
30_57
88
54
54
62
42_54_54_54
42
62
50
50_62
57
57
54
62
62
40_42_54_54_57_57_57_62_64
40_42_54
62
54
64
62
57
54
57_57
64
38
50_54
50
64
62
62
35_38_42_50_50_54_54_57_57_57_62_62_62_64_64
35_42
54
38
35_38_42_54_54
35_42
50
50
50
54
57
57
62
57_62
42_50_54_57
42
50
57
62
50
54
64
50_54
54_64
40_42_50_52_54_54_57_57_57_59_62_62_64_64
40_42_54
54
52
54
54
50
50
54_57
59_61_62
42_54_54_54_57
42
57_64
62
88
64
38
50_50
54
54
50_50
50
57
62_62_66
38
54
57
35_39_39_42_51_51_51_54_54_59_59_59_63_63_66_66_66
35_42_63
54
54
61
42_54_54_59_66
42
51
51
59
54_66
54
66
66_69
40_42_54_54_54_59_66
40_42_54
59
59_63
39
51
54
66
54
63
51
35_39_42_51_51_54_54_59_59_63_63_63_66
35_42
66
54
39
51
69
54
59
59
63
35_39_42_51_54_54_59_59_63
35_42
63_66
54
54
51
42_51_54_54
42
59_63
66
51
51
63
51_51
59_63
59
66
54
54
66
59
40_42_54_54_54_59_59_59_63_66_66
40_42_54
59
59_66
40_44_47_54_59_63_64
40_44_47
51
54
54
51
45_46_51_54_59_59_63
46
45_64
66
59
63
59_63
66
59
63
39_66
43_51_51_54
43
68
66
39_51
54_63_66
59
51_54
68
35_38_38_42_49_50_50_50_54_54_57_57_57_62_62_62_66_66_66
35_42_49
62_62_66
69
63
66
54
54
42_54_54_57
42
68
69
57
50
57
50
54
54
40_42_54_54_54_57_57
40_42_54_68
54_66
50
62
57
62
50_66
54_57
62
57
66
50_50
50_54
38
50
66
64
35_38_42_50_50_54_54_57_57_57_62_62_64_64_66_66
35_42
38
50
50
57
54
57
62
35_38_42_50_50_54_57_57_62
35_42
62
66
54
57
64
59
42_54_57_62
42
64
74
57
50
62
62
57
59
50_62
64
57
66
62_66
54
57
57
40_42_54_57_57_57_62_62_66
40_42_54_74
76
54
62
64
57
38_57_59
38_42_54_54_54_57_57_62
42
66
50
62
64
50
62
54
57
50_59
61
54
38_38
37_50_50_52
57
50_54
50
62
61
62
37
59
52
35_35_42_47_47_47_54_54_54_54_57_57_59_59_59_62_62_62
35_42
76
62
71
54
54
42_54_54
42
57
59
54_62
54
57
59
40_42_54_54_57_57_57_59_62
40_42_54
61_62
57_57
47
35
54
59
59
47
35_35_42_47_54_54_57_62_66
35_42
62
54
47_57_62
47
54
47
47
35
61
59
35_35_42_47_47_47_54_57_57_59_59_62_62
35_42
54
54
57
59
42_54_54_54_57_59
42
57
59_62
57
54
62
54
47_57
47
66
54
57
54
40_42_45_54_54_57_57_57_59_62_62_66_66
40_42_45_54
47_66
62
57
54
57_59
57
47
62
59
42_43_54_54_54_54_57_57
43
42
54_62
57
66_71
57
54
47_62_66
59
61
47_47_54
54
66
59
57
54
47
61
54
66
28_35_40_42_52_52_52_52_54_54_54_57_57_57_57_59_59_62_62_62
35_35_42_62
62
47_57
64
66
54
42_54
42
57
57_59
62
62
61
57
42_57_57_59_62
42
54
54
59
28
62
28_35_42_54_54_57_66
35_42
57
59_62
54
57
54
52
61
59
35_40_42_52_57_59_59_62_62
35_42
28
54
59
42_54_54_57
42
57
54
57
54
52_54
42_45_47_54_57_57_57
42
45_47_62
59
59
44
44_54
57
57_62
46_52_54_62
46
62
57
66
52_54
52
54
62
40
62
64
40
66
68
64
30_35_42_42_42_42_55_56_59_59_59_64_64_68
35_42
68
55_64
59
42_56_59
42
59
64
37_42_59_64
37_42
68
59
56_64
59_64
56
59
68
68
64
66_69
35_42_42_54_54_57_61_61_61_64_66_66_69
35_42_69
30
42
42
57
42_57_57
42
57_61
66
69
54
57
69
66
69
30_37_42_54_57_61_66_66
37_42
61
42
57_61
42
66
54
66
42_57_66
42_69
61
42_42_57
66
66
57
54
44
44
64
62
57_69
30
76
66
28_35_40_42_50_50_52_54_55_57_57_59_59_62_62_62_66
35_42_54
55
64
50
59_64
59
59
57_59
59
59
54_57
54
59
59
57
51
51
46_51
51
46
59
62
54
57
66
62
35_42_45_45_45_45_52_57_57_57_59_59_61_64_64_73_81
54
35_42_57_64
62
50_57_59_76
62_66
40_52
28
52_52_76
57_59
61
52
64
42_57_61_71_83
42
61
71
35_59_61_64_69_81
35
83
35_42
42
35
42
42
57
37_42_71
37_42
69
61
45
59
57
57_64
45
52
81
81
76
45
73
45
52_57_59
35_42_42_42_42_42_49_54_54_57_59_61_61_66_69_71_81
35
42
64
54
54_57_73
59
57
61
54
42_57_61_66_66_78
42
61
66
57
71
71
66
78
73
35_57_61_61_64_64_69_73_76
35_71
73
35_42
35_42
42
42
37_42
37_42
42
61
42
57
49_76
69
61
66
54
69
81
61
64
42
57
35_38_38_42_50_50_54_57_59_62_64_66_81
42_42_59_62_69
35
71
45_46_54_57_69
46
64
54
57
42_50_57_57_64_76_81
42
64
57
64
50
57
35_42_50_51_54_57_57_62_62_62_64_74_88
42_51
35
76
62
76
85
85_86
86
85
42
42
42
42
42
42
46
46
38
62
50_57_74
64
50
54
62_66_69
33_33_35_42_45_45_52_55_57_59_61_61_64
42_57_57_64
55_57
35_62
54_85_88
38
50_69_81
62_76
45
81
64
52
42_52_52
42_64
57
71
64
37_42_57_57
42
37
59_61
52
52
57
64
45
33_33
57
69_71
33_33_35_42_45_52_56_59_59_64_64
35_42
33
33_35_42
35_42
52
56
59
64
42_56_59_68
42
64
59
68
64
56
37_42
37_42
56_59_64
69
59
42
42_66
57_61
45
66
56
59
44_45_52
44
33_45
45
59
52
64
59
33_59
30_35_42_42_42_52_56_56_59_59
35_42
64
68
42_52_59
42
57
56
56
57
59
37_42_56_56
37_42
52
56
59_64
52_56
59
64_68
42
30
59_64
30_35_42_42_54_57_57_61_61
35_42_68
57
66
64_69
68
42
42
61
42_66
42
66
42_57
54
42_44
44
57
57
37_42_57
37_42
57_57
59
44_59
44
42
59
61
46_61
46
42
61
59
61
61
57
62_62
62
66_69
62
35_38_38_42_50_50_54_57_57_64_64
35_42
64
30
54
42_54_54
42
57
57
54
54
62_64_64
44_54_57_57_62_62
44_64
54
37_42_54
37_42
54
50_57
57
50
62
38
57_62
35_38_42_54_57_57_62_66
35_42
38
35_38_42_62
35_42_57
54
42_54
42
50
57
62
54
69
37_42_54_57_62_66_73
37_42
69
57_57
57_74
73
57
74
42_54_57_73
42
66
62
38
57
54_57
66
62
69_73
54
50_62
38
57
69
35_35_42_47_47_54_57_59_59_62_62_71
35_42
59
54
42_54_54
42
57
59
59
59
37_42_57
37_42
62
54
57
59
62
54
35
56
59
35_35_42_57_59_59_62_62
35_42
42_54
42
47
71
47_57
54
59
42_54_56_62_66_68_71
42
59
66
54
44
44
68
47
56
37_42_47_66_66
37_42
54
47
44_54_62
44
56
66
54_66
35
52
35_46_59_64
46
62
59
62
28_47_54
35
54
54
47
47
64
28_33_35_42_45_45_52_57_57_59_61_61_64
42_57
35
52
64
42_52_52
42
64
57
57
37_42_57_57_64_71
37_42
52
59
61
61
57
57_64
52
33
45
71
64
69
33_35_42_45_52_56_59_59_64_64
35_42_71
52
35_42
35_42
59
56
42
42
64
44
44
52
57
37_42_52_59_64
37_42_61
52
59
69
42_52_57
42
64
57
45_59
52_64
59
64
57
45
45
64
45
59
30_35_42_42_42_56_59_59_64_64_64_68
33_35_42
59
56
64
42_59_59
42
57
59
64
59
59_64_68
57
59
59
37_42_59_64
42
37
68
64
68
42
59_64
59
61
64
42_57
30
30_35_42_57_57_61_61_66_66_66_69
35_42
61
59
57
42
42
69
57
42_57_69
42
66
57
69
42
61
61
42
57
57
66
57
37_42_57_66
37_42
57
57
59
59
59_59
61
66
66
61
35_42_57_61
42_42
42
59
30
57
35
61
61
62
37_44_62
44
37
62
62
64
35_38_38_42_50_50_54_57_64
35_42_57
59
42_54_57
42
54
57
62
54_57_62
64
64
50
54
57
37_42_54_62
37_42
54
62
57
54
50
38
57
62
35_38_42_54_57_57_64
35_42
38
50
35_38_42_50
35_42
54
42_54_54
42
57
57
62
57
54
37_42_57_66
37_42
50
54
57
42_54_54_57_64
42
54
66
50
57
50_54
38
50
57
38
59
35_37_37_42_49_49_59_61_66
35_42
56
42_54_56
42
54
59
59
59
49
66
37_42_54_61
37_42
59_61
66
54
66
61
56
59
49
57
59
37_56
57
65
56
35_37_42_56_56_59_59_61_65_65
35_42_61
56
42_56
42
56
49
59
61
42_49_56_56
42
59
61
44_47_56_59
44_47
56
56
65
65
37
37_42_45_56_56_59_61_65
42_45
65
59
56
44
44
49
56
65
49
46_56
46
59
61
37_59
65
65
56
56
37
30_30_35_42_42_42_54_54_55_57_61_66
42_57
35_55
59
61
66
54
42_49_54_57
42
66
57
54
66
30
37_42_54_57_66
37_42
66
42
66
61
54
57
57
66
54
66
30
42
49
35_38_38_42_50_50_54_54_57_57_62_62_64_64
35_42_66
38
38_42
42
54
54
42_54_54_64_66
42
62
62
57
57
54
61
66
54
64
37_42_57_57_62_62
37_42_64
61
66
64
61
61
42_50_54_54
42
62_64
57
50
57
62
54
54
38
45_50
50_64
45
57
38
35_37_37_42_49_49_56_56_59_61_61_64
35_42
56_64
49
56
56
64
42_56_56
42
64
52
56
59
61
64
37_42_59_61
37_42_64
56_66
61
56
59_64
49
56
64
64
64
37
61
35_37_42_49_56_56_59_61_64_64_64
35_42_66
64
49
49
37
35_37_42_49_49
35_42
61
52
56
56
42_56_56_64
42_59
52
61
49
56_64
59_61
49
57
56
59
56
64
37_42_56_61_64_64
37_42_61
49
44_56
44
49
56
61
46_56_59_59
46_64
52
56
49
56_61_64
56_56
59
59
61_61
64
61
42
54
66
57
37
57
61
37_49_61
30_35_42_42_42_54_55_57_57_61
35_42_55
66
61_66
54
54
54
42_54_54
42_66
57
57
54
66
37_42_54_57_57_66_66
37_42
66_66
61
57_61_61
57
66
66
42
57
54
54
42
54
42
66
49
30
35_38_38_42_50_50_54_57_57_62_64_64
35_42_54_64
50_57
62_66
38
35_38_42
35_42
54
64
42_54_54
42
66
62
57
57
57
61
66
54
64
37_42_54_57_57_61_62_66
37_42_64
57
54
54
61
64
54
61
57
42_54_54
42
64
54
50
62
62
54_57
50
64
50
38
50
54
64
38
50
35_37_37_42_49_49_56_59_61_64
35_42
49_54
57
64
61
56
64
42_56_56_64
42
56
61_64
59
44
44
49
37
56
64
61
64
37_37_42_49_56_61
37_42
61_66
49
49_56
49_64
56
56
37
61
61
37_61_66
66
31_35_43_43_46_50_55_55_57_57_57_62_62_63
46
35_57_62_64
57_57_63
43_55_62_67
50_65
65
42
42
64
66
66
69
50
42_50
42
55_69
69
50_55
57
62
55
57
55
37_42_57_57_62
37_42
57_57
44_59_59
44
31
50
57
43
31_46_55_55
46
62_67
55
55_59
43_62
62
43
43
43
57
42_59
54
55
57
49
30_35_42_42_42_55_57_57_61_61_62_64
35_42_55
61_66
66
31
57
69
54_69
42_54_57
42_54
64
61
57
54
57
61
37_42_54_54_57_66_66
37_42_68_69
57
42
57
66
66
57_66
57
54
42
54
42
54
68
30_49_66
35_38_38_42_50_54_57_57_62_64_64
35_42_54_64
50_57
62
42_50
42
54
57
66
64
42_54_54
42
62
61
64
57_66
57
54
64
37_42_57_57_62
37_42
61_66
57
54
64
54
61
61
42_54_54_54_64
42
50
57_57
57
62
54
62
64
44_50
44
38_50_64
54
54
50
50
38
35_37_37_42_49_49_56_56_59_61_61_61_64
35_42_56
64
49
56
56
64
56
42_56_56
42_56
64
64
71
49
59
61
56
37_42_59_59
37_42
59
61
61
64
64
59
59
64
37
56
59
35_37_42_49_56_59_61_64_68_68
35_42
56
56
59
37
68
35_37_42_56_56
35_42_61
59_69
71
64
59
56
49
64
66_69
66
64
68
56
42_49_59
42
56
59
64
56_56
56
56
56
37_42_59_61_64_64_68
37_42_61
64
44
44
49
37
61
38_46_56_56_61_64
46
59
49
56
64
61
56
56
66
56
49
38
37_49_64
49
64
68
37
35_35_35_42_47_47_47_54_55_57_57_57_59_62_62_62_62_66_66
35_42_59
37_54_55_59_62
47
54
57
42_54_54_57
42_69
62
57
66
57
57
37_42_57_57
37_42_59
62_69
68
54
47
54
62_62
59
57
57
54
35
68
66
66
35_35_42_47_54_57_57_59_59_62_66
35_42
35
57
59
62
35_35_42
35_42
54
54
47_54
59_62
69
42_54_62_69
42_54
47
47
57
66
69
47_47_62
54
54
66
37_42_68
37_42_68
69
54_57_62
68
59
54
35
35
35_42_54_64_64_66_66_76
42_66
47_47
54
68
47
76
64
35
37_44_47_66_78
44
47
66
54
54
47
64
57
37_47_62
28_35_40_42_52_52_55_57_57_59_62_62_66_69_81
35_42_55
54_78
52_59_62
57
54
42_47_54_57
42_47_69
54
52
52
52
52_52
52
57
54
28_40_42_45_54_57
40_42_45_69_71
28_57
59_66
59
62
62
57
62
52
57
54
57
54
28
66_71
52
28_35_40_42_43_52_57_59_59_62_66_66
43
35_42
40
54
52_57_62_66
52
28
54
66
28_35_42_48_52_54_54
35_42_48
66
71
52
57
71
54
40_40_42_48_52_57_66
48
40_42
64_66
54
64
54
52
52
47_52_52_54
47
57
62
66
57
54
66
28_59_62
54
66
59_64
61
28_40_42_45_57_57_59_62_62_66
40_42_45
54_57_64
61_62_66
52
66
52
61
52
40_44_52
40_44
62
57
54
28_43_46_54_57_66
46
28_43
64_66
54
61
40
52
28
30_52
30
54_57_62
64
52
59_62_62
33_35_42_45_45_45_49_52_57_57_57_57_59_59_61_61_64_64
42
35_49_54_66
57_62_64_81
40_52_64_69
52_81
57
52
64
42_52_52_52
42_64
57
45
57_59
59
61
45_57_57
64
52
64
61
52
57
64
57
71
40_42_52_52_54_57_57_59_59_61_61_61_64_64
40_42
54
59
61
61
45_57
64
52_59
57
64
33
52
61
45
71
69
33_35_42_45_45_52_52_56_56_56_57_59_59_59_64_64
35_42
57
33
52
33_35_42_52
35_42
45
45_57
52_57
52
59
56
69
42_52_52_56_59_59_61
42
56_64
59
45
52
45
64
52
45_45_59
56
40_42_54_56_59_59_64_64_64_68
40_42
54
61
52
42_52_52_56_61
42_64
59
68
45_56
45
52
59
64
56
45_45
45
45
45
33
59
52_56_61_68_83
30_35_42_42_42_42_56_56_56_59_59_64_64
35_42_59
76
61
64_81
56
56
56
61
42_52_56_56
42
61
59
42
42
64
42_42_56
59
56_56
64
56
61
40_42_54_56_56_59_59_59_64_64
40_42_54
66
64
52
59
59
42
56
64
59
56
56
64
68
56
30
42
66
64
61_66
30_35_42_42_42_54_54_57_57_57_57_61_61_66_66_85
35_42
83
30
30_35_42_54
35_42
76
88
57
61
64
57
54
57
57
42_54_57_57_61
42
57
42
42_57
61
57
54
61
66
42_42
54
66
57
40_42_54_54_56_57_57_61_61_66_66
40_42_54
56
57
54
54_57
57_57
61
42_52_54_54_54
42_61
42_61
57
42
66
42
42_42_44
44
54
54
42
42
66
52
54_61
62
35_38_38_42_50_50_50_54_54_54_57_57_62_62_62_64_64
35_42_88
61_81
30_57
85
88
54
54
62
42_54_54_54
42
62
50
50_62
57
57
54
62
40_42_54_54_57_57_57_62_64
40_42_54_62
62
54
64
62
57
54
57_57
64
38
50_54
50
62
64
62
35_38_42_50_50_54_54_57_57_57_62_62_62_64_64
35_42
54
38
35_38_42_54_54
35_42
50
50
50
54
57
57
62
57
62
42_50_54_57
42
50
57
62
50
54
64
50_54
54_64
59
57
40_42_50_52_54_54_57_57_62_62_64_64
40_42_54
54
52
54
54
50
50
54_57
59_62
61
42_54_54_54_57
42
57_64
62
88
64
38
50_50
54
54
50_50
50
57
62_62_66
38
54
57
35_39_39_42_51_51_51_54_54_59_59_59_63_63_66_66_66
35_42_63_78
81
54
54
61
42_54_54_59
42_66
51
51
66
59
54
54
66_66_69
40_42_54_54_54_59_66
40_42_54
59
59_63
39
51
54
66
54
63
51
35_39_42_51_51_54_54_59_59_63_63_63_66
35_42
66
54
39
51
69
54
59
59
63
35_39_42_51_54_54_59_59_63
35_42
63_66
54
54
51
42_51_54_54
42
59_63
66
51
51
63
51_51
59_63
59
66
54
54
66
59
40_42_54_54_54_59_59_59_63_66_66
40_42_54
59
59
64
40_44_47_54_59_63
40_44_47
66
51
54
64
54
51
45_46_51_54_59_59_63_66
46
45
59
63
59_63
66
59
63
39_66
43_51_51_54
43
68
66
39_51
54_63_66
59
51_54
81
35_38_38_42_49_50_50_50_54_54_57_57_57_62_62_62_66_66_66
35_42_49
62_62_66_68
78
69
63
66
54
54
42_54_54_57
42
68
69
57
50
57
50
54
54
40_42_54_54_54_57_57
40_42_54
54
50_68
66
62
57
62
50_66
54_57
62
57
66
50_50
50_54
38
50
66
64
35_38_42_50_50_54_54_57_57_57_62_62_64_64_66_66
35_42
38
50
50
57
54
57
62
35_38_42_50_50_54_57_57_62
35_42
62
66
54
57
42_54_57_62_64
42_59
64
74
57
50
62
62
59
57
50_62
64
57
66
62_66
54
57
57
40_42_54_57_57_57_62_62_66
40_42_54_74
76
54
62
64
57
38_57
38_42_54_54_54_57_57_62
42_59
66
50
62
64
50
62
54
57
50
54_59
38_38
37_50_50_52_61
57
50_54
50
62
81
37
61
59
52
35_35_42_47_47_47_54_54_54_54_57_57_59_59_59_62_62_62
35_42_62
76
62
71
54
54
42_54_54
42
57
59
54_62
54
57
62
61
59
40_42_54_54_57_57_57_59_62
40_42_54
57_57
47
35
54
59
59
47
35_35_42_47_54_54_57_62_66
35_42
62
54
47_57_62
47
54
47
47
35
61
59
35_35_42_47_47_47_54_57_57_59_59_62_62
35_42
54
54
57
42_54_54_54_59
42
59
57_57
59_62
57
54
62
54
47_57
47
66
54
57
54
40_42_45_54_54_57_57_57_59_62_62_66_66
40_42_45_54
47_66
62
57
54
57_59
47
62
42_43_54_54_54_54_57_57
43
42_59
54_62
57
66_71
57_57
54
47_62_66
59
47_47_54
61
54
66
59
57
54
47
61
54
66
28_35_40_42_52_52_52_52_54_54_54_57_57_57_57_59_59_62_62_62
35_35_42_62
62
47_57
64
66
54
42_54
42
57
57_59
62
57
62
40_42_52_57_57_57_59_59_62_62_64
42
40
54
54
59
28
62
28_35_42_54_54_54_57_66
35_42
57
59_62
57
59
54
62
57
54
54
52
59
64
35_40_42_52_57_57_59_59_59_62_62_62
35_42
28
54
42_54_54_54
42_57_59
57
54
40
57
54_59
62
54
57
52
54
40_42_45_47_52_54_57_57_57_57_57_59_62_66
42
40
45_47_62
59
59
59
44
44_54
52
57
57_62
28_46_52_52_54_54_62
46
62
57
66_66
62
52_54
52
57
54
62
57
54
40
52
30_54_62
28
64
52
40
30
40
66
54
33_35_42_45_45_45_52_52_52_55_57_57_57_57_59_59_61_61_64_64_64_69_71
35_42
55
52
42_52_52
42
57
57
59
52
40_42_52_57_57
40_42
61
59
64
57
52
52
52
33_57
71
33_35_40_42_52_52_52_57_57_59_64_73
35_40_42
52
52
45
61
64
73
57
45_52_71
57
64
52_57
52_59
57
52
71
40_42_48_52_52_57_59_59_59_61_64_64_64_64
40_42_48
59
61_66
64
52
52
61
66
40_42_47_52_52_52_64_69
40_42_47
45
45
69
57
45_45_71
64
52
64
59
57
59
33
71
33_40_42_45_57_57_61_61_61_64_64_73_73
40_42_61
45
33
73
64
52_76
52
57
42_43_52_57_57_78
42_43
44_81
44
78
61
62
57
50_52
38_57_64
61
61_61
33_64_64
57_69
33_45_64
45_64_73
61
26_35_35_42_42_50_52_52_55_57_61_81_88
35_42_42_66
35_45
55_61_62_69_73
69_81
76
57
61
42_54
42_64
66
69
44
44
62
61
69
73
76
42_57
42_62
78
61
81
42_61_66
42
62
61
42
42
62
61
42
42
42_69
42_64
62
61
81
76
62_73_78
61
42_54_69
42
54
38
50
44
44
42
42_64
69
69
64_69_73
57_61
66
61
54
44
44_59
50
59
26
35_37_42_49_49_56_56_59_59_61_61_64_64
35_42
81
59
42_76_81
42
57
57
42
42
81
57
42_81_88
42_83
81
81
76
88
42_76_81
42
76
81
42_76_81_88
42
83_85
42
42
81
76
88
76_81
76
81
57
61
42_54_76_81_88
42
54
69
64
49
81
35_42_81
35_42
45_61_62_81
44
44
45_57
61
64
50
38
66
37
62
64
26_35_42_50_69_93
35_42_56_61
61_88
61
59
64_88
56_81
85
49
76
57
61
64
66
69
42_54
42
61_62_81
44
44
62
61
88
42_57
42
81
42_61_66_81_100
42_88
61
62
42
42
62
61
42_88
42
81
44
44
69
61
62_64_81_88
42
42
81
44
44
62
97
64
42_54
42_54
97
98
64
66
42
42
57
50_66_102
61
54_98
42
42
66
26_102
66
35_37_42_49_56_61_64
35_42
100
93
38
50
64
66
95
93
42
42
95
95
42
42
88
95
100
62_64
88
90
61
62
59
42
42
90
44
44_90
61
42
42
64
69
83
90
83
85
42
42
85
44
44
85
61
42_54
42
54
76
100
44
44
42
42
93
61
62
42
42
49
54
57
35_47_59
62
56
62_66
61
35_42_47_76_78_83_85
42
61
37
64
42_54
42
59
62
61
44
44
62
61
35_42_57
42
35
42_62_66
42
61_62
42
42
62
61
35_42
35_42
47_54
61
62
54
42_62
42
83
78
57
59
47
44
44
54
62
66
64
42_54_54_69_71_74
42
57_59
54_62
54
57
59
42
42
64
66
54_62
42_57
42
47
66
57
62
57
54
74
54
35
69
47
44
44
47
47
66
71
35
56_66
64
35_37_42_49_49_56_59_59_61_61_64_68_71_73_76
35_37_42
66
56
64
42_56
42
56
59
47
47
42
42
64
56
59
56_64
42_43_45_52_59_59
42_43_45
59
56
61_61_64
49_56
64
59
49
56
71
73
68
64_76
56_66
37
37
56_66
30_35_42_42_42_52_54_54_54_54_57_57_57_57_61_61_66_66_69_73
42
35_57
64
42
42
64_66
66
69
54
35_42_54
35_42
44
44
57
61
57_66
54_61
37_42_54_57_57_61_61_66
37_42_54
47
47
44
44
54
57
69
30_45_46_54_57
46
45_64
42
61
73
42_57
30_54_61
69
66
64
42
42_57
54
57
66
54
30
35_38_38_38_42_49_50_50_50_54_57_57_62_62_62_64_64_66_69_74
35_42_49
64
64
66
54_66
42_54
42_69
69
54
57
57
69
40_42_54_57_57
40_42
50
62
64
57
50
50
69
66
26_35_42_50_54_57_62
35_42
62
57_66
54
69
44_64
44
26
54
57
62
26_35_42_54_57_57_62_62_64
42
35
54
42_54_54_57
42
50
35_44_50_62
35_44_57
57
57
54
54_62
62
40_42_54_54_57_57_62_62
40_42
62
74
69
69
44
44
50
66
66
54
54
50
26_66
57
26_46_54_54_57
46_50_62
71
64
57
62
57
54
38
38_50_50
54
50
50
62
26
38
28_35_40_40_42_52_52_52_54_54_55_57_57_57_57_57_62_62_62_62_66_66_66_69
42_57
35
55
54_54
28
28_40_42_54_54
42
40
52
52
57
62
35_35_44_47_52_52
47
35_44
62
57
54_54
66_66
35
40_40_45_46_54_54_57_57_62_62_66_66
40_45_46
62
52
57
57
57_62
54_69
28_62_66
52_66_66
54
52
40_40
28_52
40
52
57
62
30_35_42_42_42_49_54_54_56_56_59_59_59_59_63_64_64_64_64_68_68_68_71
42_63
35
28
49
56
56
44_50_56_56
44_50
54
42
42
56
56
30_35_40_42_48_56_56
40_48
30_35_42
42
42_54_64
64
59
59_68
56
56_68
71
30
63_83
30_40_42_47_55_56_56_59_59_64_64_68_68
47
40_42_55
42
54
40_42_44_45_54
40_45
44
56
56
30
64
63
30_35_43_46_56_56
35_43_46
30
32
64
59_64
59
56_64_68
35_35_42_42_47_47_47_49_54_54_56_59_59_59_59_61_61_63_63_64_66_66_68
32_42_66
35_49
42
66
59
54_64
71
68
59
54
66
42_54_54_54
42
66
59
47
59_61
61
63
47_59_59
66
54
66
63
54
59
59
66
40_42_54_54_54_59_59_61_61_63_63_63_66_66
40_42
54_73
61
63
63
47_59
66
54_61
59
66
35
54
63
47
73
71
35_35_42_47_47_54_54_58_58_58_59_61_61_61_66_66
35_42
59
35
54
35_35_42_54
35_42
47
47_59
54_59
54
61
58
71
63
42_54_54_58_61_61
42
58_66
61
47
54
47
66
54
47_47_61
58
40_42_54_58_61_61_66_66_66_70
40_42
54
63
54
63
42_54_54_58
42_66
61
70
47_58
47
54
61
66
58
47_47
47
47
47
63
35_85
61
54_58_70
32_35_42_44_44_44_58_58_58_61_61_66_66
35_42_61_83
63_78
66
58
58
58
63
42_54_58_58
42_63
61
44
44
66
44_44_58
61
58_58
66
63
58
40_42_54_58_58_61_61_61_66_66_68
40_42_54
66
54
61
61
44
58
66
61
58
58
66
70
58
32
44
68
63_68
32_35_42_44_44_56_56_59_59_59_59_63_63_68_68
35_42
66
87
85
32
32_35_42_56
35_42
78
90
59
63
56
59
42_56_59_59_63
42_66
59
44
44_59
63
59
56
63
68
44_44
56
68
59
40_42_54_56_58_59_59_63_63_68_68
40_42_54
58
59
56
56
59_59
59
42_54_56_56_56
42_63_63
44_63
59
44
68
44
44_44_44
44
56
56
44
44
68
54_63
56_63
64
35_40_40_42_52_52_52_56_56_56_59_59_64_64_66_66_83
35_42_64_87_90
32_59
90
56
56
64
42_56_56_56
42
64
52
52_64
59
59
56
64
64
40_42_54_56_59_59_59_64_66
40_42_54
64
56
66
64
59
56
59_59
66
40
52_56
52
66
64
64
35_40_42_52_52_56_56_59_59_59_64_64_64_66_66
35_42
56
40
35_40_42_56_56
35_42
52
52
52
56
59
59
64
59
64
42_52_56_59
42
52
59
64
52
56
66
52_56
56_66
40_42_52_54_54_56_59_59_59_61_64_64_66_66
40_42_54
56
54
56
56
52
52
56_59
61
64
63
42_56_56_56_59
42
59_66
64
90
66
40
52_52
56
56
52_52
52
59
64_64_68
40
56
59
80
35_41_41_42_53_53_53_56_56_61_61_61_65_65_68_68_68_83
35_42_65
56
56_63
68
42_56_56_61
42
53
53
68
61
56
56
68
68_71
40_42_54_56_56_61_68
40_42_54
61
61_65
41
53
56
68
56
65
53
35_41_42_53_53_56_56_61_61_65_65_65_68
35_42
68
56
41
53
71
56
61
61
65
35_41_42_53_56_56_61_61_65
35_42
65_68
56
56
53
42_53_56_56
42
61_65
68
53
53
65
53_53
61_65
61
68
56
56
68
61
40_42_54_56_56_61_61_61_65_68_68
40_42_54
61
61
68
40_44_47_56_61_65
40_44_47
66
53
56
56_66
53
45_46_53_56_61_61_65
46
45
68
61
65
61_65
68
61
65
41_68
68
43_53_53_56_70
43
41_53
56_65_68
61
53_56
35_40_40_42_49_52_52_52_56_56_59_59_59_64_64_64_68_68_68_70
35_42_49
64_64_68_71
83
65
68
80
56
56
42_56_56_59
42_70
71
59
52
59
52
56
56
40_42_54_56_56_59_59
40_42_54_68_70
56
52
64
59
64
52_68
56_59
64
59
68
52_52
52_56
40
52
68
66
35_40_42_52_52_56_56_59_59_59_64_64_66_66_68_68
35_42
40
52
52
59
56
59
64
35_40_42_52_52_56_59_59_64
35_42
64
68
56
59
42_56_59_64
42
61
66
66
76
59
52
64
64
61
59
52_64
66
59
68
64_68
56
59
59
40_42_54_59_59_59_64_64_68
40_42_54_76
78
56
64
66
59
59
40
40_42_56_56_56_59_59_64
42_61
68
52
64
66
52
64
56
59
52
61
56
40_40
39_52_52_54_63
59
52_56
52
64
39
63
61
54
35_37_42_49_49_49_56_56_56_56_59_59_61_61_61_64_64_64_64
35_42
78
64
73
56
56
42_56_56
42
59
61
56_64
56
64
59
63
61
40_42_54_56_59_59_59_61_64
40_42_54
59_59
49
37
56
61
61
49
35_37_42_49_56_56_59_64_68
35_42
64
56
49_59_64
49
56
49
49
37
61
63
35_37_42_49_49_49_56_59_59_61_61_64_64
35_42
56
56
59
61
42_56_56_56_61
42_59
59
61_64
59
56
64
56
47_59
47
68
56
59
56
40_42_45_54_56_59_59_59_61_64_64_68_68
40_42_45_54
49_68
64
59
56
59_61
49
64
42_43_56_56_56_56_59_59_59
43
42_61
56_64
59
68_73
59
56
49_64_68
61
49_49_56
63
56
68
61
59
56
49
56
68_76
30_35_42_42_54_54_54_54_56_56_56_57_59_59_59_61_61_64_64_64
35_37_42
64
49_57_63_83
64_66
68
56
42_56
42
59
59_61
64
59_66
42_59_59_61_64
42
64
56
56
61
30
64
30_35_42_56_56_59_68
35_42
59
61_64
56
59
56
54
61
35_42_42_54_59_61_61_64_64
35_42_66
30
56
61
42_56_56
42_59
59
56
59
56
54
42_45_47_56_59_59
42_56
59
45_47_64
61
61
44
44_56
59
59_64
46_54_56_64
46
64
59
68
54_56
54
56
64
42
64
66
42_76
68
70
66
32_35_42_44_44_44_55_58_61_61_61_66_66_70
35_42
70
55_66
61
42_58_61
42
61
66
37_42_61_66
37_42
70
61
58_66
61_66
58
61
70
70
59_66
68_71
35_42_44_56_56_59_63_63_63_66_68_68_71
35_42_71
32
42
42
59
42_59_59
42
63
68
71
56
59
71
68
71
32_37_42_56_59_63_68_68
37_42
63
44
59_63
44
68
56
68
42_59_68
42_71
63
44_44_59
68
68
59
56
44
44
66
64
59_71
32
78
68
30_35_42_42_52_52_54_55_56_59_59_61_61_64_64_64_68
35_42_56
55
66
52
64
71
64
71
66
61
66
66
73
73
59_61
71
56
78
59
61
64
56
59
68
56
64
56_76
59_66
59_64
52_59_61_78
64_68
42_54
30
83
59
59
59
59
59
59
51
51
46_51
51
46
35_35_35_42_47_59_59_61_63_66_76
42_83
63_71_71_78
35_63
55
55
61
59
54
66
66
63
37_42_59_63
42_71_73
37
54
66
66
59
73
47
66
63
35
63
35_42_47_59_61_66
42_71
35_35
42
42_47
54
54
61
59
54
66
37_42_61_66
42_59
37
47
42_59
42
61
59
61
54
47
59
35_44_54
44
54
63
71
35
32
66
32_35_42_44_56_59_61_63
42
35
71
61
56
56_59
63
63
61
56
63
66
37_42_54_63
42
37
68
63
54
44
32
32_68
35_42_44_54_56_59_63_66
42
35
42
42
61
59
56
54
63
56
59
56
37_42_59_63_66_66
42
37_61
32_63
59
42_56
32_42
32
44
66
56
66
32
61_61
59
35
76
28_35_52_59
40_59_66
59
40_52
59
56_56
56
59
59
59
59
56
64
56_64
52
64
56
59_64
40
66
59
52
64
51
51
59
59
56
51
56_59
59
59
56_56_66_66
42_56_59_64_66
28_59_59_64
30_42_51_64
30
40
56
56
59
64
59
66
56
56
66
59
64
59
56
56
64
64
64
64
71
64
59
56
30
42
42
66
66
59
56_59
56
66
66
63
59_64
61
59
63
59
54
30
57_83
23
35
57
47_47_59
76
54
47
71
59
61
54_63
61
66
54
59
54
59
63
66
61
59
61_63
63
66
83
83
61
66
71
73
71
73
75
75
71
78
47
83
59
63
54_66
59
47
59_63
83
78
71
47
35
23
71_83
