40_56_64_64_76_88
38
59
87
86
85
86
85
84
83
84
83
82
81
80
79
78
77
38
76
59_64_76
64
56
40
75
74
73
74
73
72
71
72
71
70
69
68
67
66
65
64
38
40_52_64
59
64
56
63
62
61
62
61
60
59
60
59
58
57
56
55
54
53
52
53
54
55
56
57
58
59
60
61
62
63
64
65
64
63
45
60
64
38_57_57_69
64
63
62
61
60
65
64
63
64
60
45
57
38_57_64_69
63
62
61
53
57
41
60_60
53_65
38
61
62
63
64
64
45_57_60_69
57
38
63
62
61
60
65
64
63
64
45
38_57_69
64
60
57
63
62
61
60
41_53_65
53
57
60
38
61
62
63
64
45
57_69
60
64
38_57
63
62
61
41
62
62
57
53
62_74
38
61
60
59
52_60_72
40
60
60
57
38
61
62
63
64
56
59_71
59
40
60_64
38
65
64
63
57_69
64
64
60
38
57
45
63
62
61
57
38
62_62_62_74
53
41
61
60
59
60
52_60_72
38_57
60
40
61
62
63
64
65
67
68
69
38_62_69_69_74
65
69
62
38
68
67
66
65
70
69
68
38_62_74
69
38
65_69
62
68
67
66
38_58
62
65
65
58_70
46
66
67
68
65
38_62_69_74
69
62
38
68
67
66
65
70
69
68
69
62_69_74
38_65
62
38
68
67
66
58
62
65
65
58_70
46
38
66
67
68
65_69
69
62
62_74
38_38
68
67
66
67
38_67
58_70
62
58
46
66
65
64
65
38_57_69
57
65
45_62
66
67
68
69
38_45_69
61
64
70
69
68
69
62_69_74
38_38_62
65
68
67
66
58_70
67
46
67
62
58
38
66
65
64
57_65_69
45
65
38_57
62
66
66_67
68
69
68
67
66
65
38
64
40_52_64
64
64
64
64
64
64
64
64
65
53_65
63
40
65
38
63
38
65
38
63
38
65
38
63
38
65
38
63
38
40
52_64
64_64
38
64
64
64
64
64
64
64
63
40_65
53_65
65
38
40
63
38
65
38
63
38
65
38
63
38
65
38
38
63
40
38
52_64
64
64
64
64
64
40
38_63
65
53_65_65
38
63
38
65
38
63
40
64
64
52_64
65
64
65
40_64
52_64
64
38
65
38
66
38
67
38
68
60
64
36_56_68
68
38
67
66
65
64
65
66
67
68
69
70
71
72
74
75
76
69
57_69
45
69
69
38
69
69
69
69
69
69
70
70
68
45
58_70
38
68
38
70
38
68
38
70
38
68
38
38
70
38
68
57_69
45
38
69
69
69
69
69
69
69
69
69
45_68
70
58_70
38
70
38
68
38
70
38
68
38
70
38
68
38
70
38
68
45
69
69
57_69
69
69
69
45_68
70
70
58_70
38
68
38
70
38
68
38
45
69
69
57_69
70
69
70
45
69
57_69
69
38
70
38
71
38
72
38
61_73_73
41
73
69
38_65
72
71
70
69
70
71
72
73
74
75
76
77
78
79
81
80
65
62
69
38_65_77
81
50
80
79
78
77
82
81
80
69
62_65_81
38
65_77
50
80
79
78
58
65
62_77
46
67_79
38
78
79
80
81
69
65
62
65_77
38_50
80
79
78
67
79
62
58
64_76
46
38
78
77
76
62_74_77
57
45_62
65
38
78
79
78
79
80
81
82
68
64
40
76
83
38
88
87
86
85
84
83
82
81
80
79
78
77
76
75
64
40_76
77
76
75
76
64_76
38
77
76
60_72
38
75
57_69
76
38
77
53_65
76
38
75
57_69
38_76
77
60_72
38
76
75
38
64_76
40_64
76
77
76
75
38_76
64_76
77
38
76
60_72
75
38
76
57_69
77
76
38
53_65
75
76
38
57_69
77
38_76
60_72
75
38
40
76
64_76
64
75
74
73
72
71
70
69
68
67
66
65
64
63
62
63
52
40
64
65
64
63
52_64_64
38
65
64
48_60
38
63
64
45_57
38
65
64
41_53
38
63
45_57
38_64
65
48_60
38_64
63
38_52
52_64
64
40
65
64
63
38_64
52_64
65
38
64
48_60
63
38
45_57
64
65
38_41_53
64
63
45_57
38
64
65
38_48_60
64
63
38
52_64
40_52
64
65
64
63
64
65
66
67
68
69
70
71
72
73
74
75
45
76
60
64
57_69
57
38
75
74
73
72
77
76
75
45
60
64
57
76
57_69
38
75
74
73
41
53
57_69
57
60
72
38
73
74
75
45
57
57_60_69
64
76
38
75
74
73
72
77
76
75
57
64
60
57_69
45_76
38
75
74
73
53
60
53_57_65
72
41
38
73
74
75
57_69
57
45_60
76
64
38
57
57
60
60
64
64
62
65_65
38_62_74
57
38
65
62
62
62
65
65
71
71
38
60
64
60_72
40_57_69
69
64
64
69
69
72
72
40
38
59_71
71
56
59
64
71
68
68
64
64
76
76
38
45
60_72_76
60
64
57
57
57
60
60
64
64
38
65
62
38
57
65
62_74
65
62
62
65
65
71
71
64
60
57
40_60_72
38
71
69
69
64
64
69
69
72
72
64
59_71
56
59_71
38
40
71
68
68
68
64
76
60_72
45
57
38_57_57_64
60
57
59
57
56
57
59
57
56
57
59
57
56
57
59
60
62
40
64
59_71
59
38_64
56
65
64
63
64
65
64
63
64
65
64
63
64
66
67
68
38
45
69
60
60_64_72
57
71
69
68
69
71
72
74
40
38
64
59
56
59_71
76
77
76
75
76
78
79
80
38_45_64
57
60
81
60_72
