91
92
69_72_77_93
98
93
69_72_77_98
93
77
67
71
91
103
67
77
71_74
91
77
67_71
74
91
60_65
57
79
80
81
86
60
57
65
81
60
57_65_86
81
62
59
79
65
91
59
62
65
55_79
59_62
55_79
43
55
74_83
71
77
55
43
83
74
77
74
77
44
56
70
82
74
77
57
45
69_74
81
77
57
45
69_74
77
81
77
74
80
46_68
58
47_59
67_71
74
79
91
79
67
72
74
72
71
72
75
72_78_84
81
48
51
54
57
60
63
66
69
81
78
75
72
71
69
68
67
48
48
69
55_72
60_64
76
43
43
72_81
55
60
64
48
48
55_64
60
67_79
72
76
43
43
72
55_81
69
76
61
49
49
67
79
70_73
50_50
71
74
55
59_62
79
73
70
71
43
43
74
79
55_65
59
62
70
73
71
74
50
50
79
70
73
55
65
59_62
71
74
79
43
70
43_73
74
65
59
79
48
48
76
76
79
84
72
60_64
78
71
83
75
51
63
71
54
66
81
48
60
48
67
72_79
72
74
72
71
72
72_84
75_78
81
48
51
54
57
60
63
66
69
81
78
75
72
71
69
68
48
67
48
69
72
55
60
64
76
49
49
73
69_81
76
64
61
55
59
45
45
79
64
55_61
57
45
45
57
73
69
81
49
61
79
50
69_74
81
50
77
74
65
57
62
74
71_83
77
50
50
62
51
51
63
81
75_78
69
52
52
67
72_79
76
64
60
72
73
77
67
45
45
57
67
43
55
76
42
42
54
66
76
69
57
60_71
65
76
43
43
55
76
65
74
47
59
64
72
67
48
48
60
36
36
48
38
50
38
40
52
40
41
53
80
41
81
84
76
65
57
60
77
36
48
81
36
73
65
57
60_74
77
74
41_53
41
72
57_65
60
71
72
36
36
48
74
72
60
65
57
71
72
41
41_53
80
74_86
83
56
65
62
59
80_83
74
86
41
53
41
56
65
59
73
85
77_80
41_81
41_77
72
57
60
65
41
41
53
51
39
80
39
81
38
50
38
74
73
57
60
62
74
75
45
45
74
54_73
57
60_62
74
78
38
38
50
74
54
62
57
60
73
74
54
42_42
75
74
62
57
60
73
74
43
82
79_86
74
43
45
58
55_62
82
74
79_86
38
38
74
78
54
81_86
62
57
60
74_82
79_86
43
43
55_58
62
38
38
86
74_79
55
58_62
79_86
74
43
43
82
62
55_58
79
74
38
38
74
55
58
62
79
82
43
43
82
74
86
79
58
55_85
62
46_82
46_74
58_79
73
77_80_83_85
47
59
47
72
84
77
48
48
81
57_65
60
77
72
41
53
41
72
57_65
60
77
81
41
72_77
48_84
60_65
57
71
83
41_41
53
84
72
77
42
72
54_81
69_75
42
43
43
67
55
60
64
72
76
55
64
79
76
37
72
49_61
67
38
43
67
65
59_62
71
74
79
65
55_59
74
38
55
43_71
67
48
36
72
76
79
84
67
57_63
60
66
79
76
72
74
72
71
72
72_84
80
81
41
53
41
84
76
57
65
60
77
81
36
36
48
73
74
60
65
77
72
41
41
53
74
72
57_65
60
70
69
36
48
36
67
65
60_65
64
62
44
44_56
62
65
55
59_65
62
68
65
69_71
43_44
74
65_69_71_73
58
55
62
69
60_65
72
41
53
45
36
48
36
38
38
52
40_40
41_53
41
80
81
84
57
60_65
76
77
36
36
48
81
73
57
65
60
74
77
72
41
53
41
74
57_60
65
72
70
36_36
69
67
53_60
57
65
64
42
54
42
62
57_62
60
66
69
38
38
50
69
66
74
62
54_62
57_62
60_72
70
62
67
43
43
58
55
38
38
58
50_55
62_67_70_74
63
67_70_75
43_64
67_70_76
43
74
55
58_64
60
70
67
36
36
67
70
64
55_58
60
74
43
76
67
70
43
64
58_64_67_70_75
63
55
60
76
36_64
36
67_70
63
75
58
55
64
41_53
62
65_74
41
72
57
60
69
65
48
36
36
65
53
60
57
69
72
41
41
74
62
69
65
57_60
53
65_69_73
61
36_48
36
72
60
65_69
57
53
41
69
60
65
43
53_55_59
67
69
67
65
62
59
53_55
43
69
49
42
58_67
53
69
67
65
61
58
42_49
69
53
36
58_67
52
48
69
67
64
60
36_67
58
64
65
36_57
60
41
53
48_60
41
59
47
58
46
44
45_57
33_45
45
68
76
80
76
73
67
81
69
79
45
64
55_61
59
73
81
67
76
75
55_64
59_61
80
68
39
73
51_67_81
76
69
44
73
67
76_81
45
45
68
80
73
67_76_76_81
55
61
59
69
73
76_81
67
69
69
45
57
45
68
80
43_55
43
73
67_81
76
79
73
67_81
76_79
42
42
73
85
54_60
50
57
78
86
72_81
74
86
78
72
74
84
38
38
73
50_54
60
57
78_86
72
81
74
84
78_86
72
81
42
42
73
85
78
86
72
50_81
60_74
57
78
72_86
81
38
40
45
57
73
85
42
56
44
78_86
81
72
78
72_81
86
82
74
43
41
43
66
78
53_71
55_65
59_62
74_77
67_79
71
74
65
79
77
77
38
50
66
53_65_71
74
49_55
59_62
79
77
79
71
76
65
77
50
66
76
65
67_71
55
72
53_62
59
71
79
76
65
62
66
65
71
49
77_79
61
65
71
76
77_79
48
60
36
91_96_100
89_95
98
93
88_96
91
95
86
84
89_93
88_91
83
81_86_89
79_84
88
83
77_86
76
81
84
86
74_83
79
72_77_81
71
76
79
69
77
76
67
72
45
45
68
80
73
67
79
76
69
61
52
57
45
81
73
67
76
52_61_64
57
45
68
80
67_73_81
76
39_51
40
81
67_76
73
69
43
45
68
80
45
52_67_73
81
61
57_64_76
79
69
67_81
76
73
45
57
45
68
80
55
43_43
67
73_81
79
45
76
75
73
76
67
75_81
42_42
54
73_85
54
57_78
60_86
72
74_84
83
86
78
72
83_84
38
38
73
85
54
50_62
57
78
86
72
84
83
78_86
72
74
42
42
73
54
60
78
86
48
72_82
50
78
72_86
45
38
73
85
48
44_54
60
78
86
72
82
72_78
86
38_50
43
69
53
57_62
74
77
53_62
57
81
77
39
51
74
69
40
52
45
67
64
60
55
57_72
76
55
60_64
79
76
49
37
72
67
38
38
66
50
54
60
69
57
72
54_60
50_66_69_72_76
57
43
71_74
67
65
31
43
64_67_72
36
36
48_60
35
59
47
34
58
46
45
33
35
68
80
73
81
67
76
69
64
55_61
59
73
76
64
55
61
59
68
80
76_81
67_73
39_44_51
67
73_81
79
76
69
75
52
33
68
80
67_73
81
55_79
64_69_76
61
59
73
67_76_81
45
33_45
68
80
43_67_73
31_43_81
76
79
67
73_76
81
75
30_42
42
73
85
50_54
60
57
78
86
72
74
84
82
78_86
72
74
84
38
50
38
73
78
86
72
74_81
50_54
57
60
78
72_86
81
80
42
42
54
73
86
72
74
81
54
50
60
78
72_86
81
74
43
45_55_57
45
73
85
86
78
72
81
74
44
56
54
44
78
72
86
81
43
43
66
78
65
71
76
53_67
55_77_79
59_62
71
65
79
77
50
66
55
53
62
49
59
71_76
42_65
79
78
79
71_76
65
67
43
50
66
53
55
62
65_76
59
71
67
76
79
71
65
67_72
43
50
62
66
78
49_61
71
76
77_79
67
71
65
76
60
48
36
91_96
100
89
95
98
93
96
86_95
91
84_89_93
88_91
83
86_89
88
79
84
83
77_86
76_81
83
74_79
72
77_81
79
71_76
77
69_74
67_76
45
45
68
80
73
67
76_81
79
64
55
61
59
81
67_76
73
69
55
64
61
59
45
68
80
73
81
67_76
69_79
64
55
61
59
40
44
73
67_76_81
45
40
68
80
73_81
67
76
64
55_61
59_69_79
45
67_73
81
76
75_79
45
57
45
68
55
43
73
67
76
79_81
43
67
69
81
41_53
42
68
53
60
57
81
69_77
74
69_77_81
74
38
45
68
80
77_81
51_69_74
39
69_81
77
74
41
38
68
80
53
69_81
62_77
57_74
60
77_81
69_74
38
50
38
68
81
39_51
69_74_77
41
77_81
69_74
40
52
72
76
55
64
60
73
67_81
45
79
67
55_64
60
76
73
69
38
76
53_62
59
76
65
67_71
43
65_74
71
52
55_60
60
48
72
71
45
57
69
68
67
55
43
65
52
40
64
62
60
48
36
36
72
74
72
71
72
84
75
78
81
48
51
54
57
60
63
66
69
81
78
75
72
71
69
68
67
36
48
36
69
64
55
60
72
76
43
43
72
76_81
64
60
55
48
36
79
67
72
76
60_64
55
43
72
81
69_76
43
55
49_61
67
79
49
50
50
79
70
73
55
65
62
59
74
43_43
79
41
73
70
65
55_74
62
59
71
79
70
73
50
43
74
71
55
62
59_65
79
70
73
47
74
47
79
55
65
59
70
73
73
48
48
79
64_76_79_84
60
63_75_78_83
51
54
66_75_81
60
60
48_79
67_72
72
74
72
71
72
72_75_84
78
81
48
51
54
57
60
63
66
69
81
78
75
72
71
69
68
48
67
36
69
72
64
60
76
43
73_76_79_81
49
67_69_76
61
55
61_64
37
45
57
57_61
55_64
79
36
45
57
73
81
67_69
49
61_79
50_74
81
69
38
69
57_62
65
74
77
74
77
71_83
38_50
62
39
51
63
75_78
69
81
52
40
79
67_72
76
64
55_72
60
73
67_77
45
57
45
67
43
55
43
76
42
42
76
69
66
66
69
54
50_60
69
65
71_76
43
43
55
65_76
74
47
47_59
48
60
64
67_72
48
72
74
72
71
72
84
48
51
54
57
60
63
66
69
72
74
72
71
72
72_84
75_78
81
48
51
54
57
60
63
66
69
72
74
72
71
72
84
55
60
64
67
72
67
72
76
79
84
91
96
103
108
43
31_43_83
77_79
24_84_96
76_79
36
36
