56_68
56_68
49_61
68
73
76
73
68
61
68
73
76
73
68
61
68
73
76
73
68
61
68
73
76
73
68
61
80
68
81
73
80
79
76
80
73
85
68
88
87
64
85
68
87
73
85
84
76
85
73
88
68_92
61
80
68
81
73
80
79
76
80
80
73
85
68
88
87
64
85
68
87
73
85
84
76
85
73
88
68_92
63
81
69
85
73
87
90
78
93
73
97
69
99
107
66
105
73
104
75
102
100
81
99
75
102
73_97
96
56
99
63
93
92
66
90
72
93
66
88
87
63
90
56
85
63
84
87
66
81
72
80
66_83
81
63
61
80
68
81
73
80
79
76
80
73
85
68
88
87
64
85
68
87
73
85
84
76
85
73
88
68_92
61
80
68
82
70
80
79
76
80
70
85
68
88
87
64
85
68
87
70
85
84
73
85
70
88
68_92
87
63
88
68
87
86
71
87
75
95
71
94
92
68
91
63
100
70
99
97
73
95
79
94
73_92
90
70
94
56
92
95
63
86
68
88
71
87
92
68
82
63
85
56
83
87
63
79
68
81
71
80
78
68
80
63
57_80
92
61
84
66
85
78
69
90
66
82
61
85
77
57
89
61
83
66
85
78
69
90
66
83
61_85
59_73
85
66
78
69
81
75
71
87
69
78
66
81
76
52
88
59
80
64
83
80
68
92
64
83
59_87
80
57
92
61
84
85
66
78
69
90
66
84
85
61
77
57
89
61
82
85
66
78
69
90
66_83
85
61
59_77
89
66
83
69
87
78
71
90
69
83
66
87
81
52
93
59
83
64
88
80
68
92
64
83
59_87
57_80
92
61
84
66
85
78
69
90
66
84
61
85
77
57
89
61
84
66
85
78
69
90
66
84
61_85
59_73
85
66
78
69
81
75
71
87
69
78
66
81
76
52
88
59
80
64
83
80
68
92
64
83
59_88
57_80
92
61
84
66
85
78
69
90
66
84
61
85
87
57
99
61
90
66
93
85
69
97
66
90
63_93
56_85
97
63
87
66
90
84
72
96
66
87
63
90
84
56
96
63
87
66
90
84
72
96
66
87
63_90
84
57_84
96
63
87
66
90
83
71
95
66
87
63
90
83
58
95
63
87
66
90
82
70
94
66
87
63_90
60_82
94
63
87
66
90
81
69
93
66
87
63
90
81
60
93
63
87
66
90
81
69
93
66
87
63_90
57_84
96
63
87
66
90
83
71
95
66
87
63
90
83
58
95
63
87
66
90
82
70
94
66
87
63_90
59_82
94
63
87
66
90
81
69
93
66
87
63
90
81
60
93
63
87
66
90
80
68
92
66
87
63_90
61
80
68
81
73
80
79
76
80
73
85
68
88
87
64
85
68
87
73
85
84
76
85
73
88
68_92
61
80
68
81
73
80
79
76
80
73
85
68
88
87
64
85
68
87
73
85
84
76
85
73
88
68_92
63
81
69
85
73
87
90
78
93
73
97
69
99
107
66
105
73
104
75
102
100
81
99
75
102
73_97
56_96
99
63
93
66
92
90
72
93
66
88
63
87
90
56
85
63
84
66
87
81
72
80
66
83
63_81
61
80
68
81
73
80
79
76
80
73
85
68
88
87
64
85
68
87
73
85
84
76
85
73
88
68_92
66_88
87
73
88
75
87
86
81
87
75
90
73
93
90
68
89
73
90
77
89
87
83
88
77
92
73_97
69
85
73
86
78
85
84
81
85
78
90
73
93
90
68
89
73
90
77
89
87
83
88
77
92
73_97
69_92
90
73
92
78
90
89
81
90
78
93
73
97
93
60
92
66
93
68
92
91
75
91
68
96
66_99
61_92
93
68
92
73
91
92
76
100
73
99
68
98
97
63
96
68
95
72
94
93
78
92
72
91
68_90
64_88
90
68
88
73
87
88
76
100
73
99
68
98
97
66
96
73
95
75
94
93
81
92
75
91
73_90
68_73_76_80_92
104
103
102
101
100
99
98
67_73_76_81
97
96
95
94
93
92
91
90
89
88
87
86
85
84
83
82
81
80
79
78
76
75
73
44_56_68
76_88_105
104
112
100
73_85_102
100
109
97
68_80_99
97
104
92
64_76_93
92
100
88
61_73_90
88
97
85
56_68_87
85
92
80
52_64_81
80
88
76
49_61_78
76
85
73
44_56_75
73
80
68
44_56_75
73
80
68
45_57_75
73
80
68
44_56_75
73
80
68
43_55_75
73
79
67
44_56_75
73
80
68
73
72
80
68
49
56
61
68
73
77
73
68
61
56
49
56
61
68
73
77
73
68
61
56
49
80
68
72
75
72
68
61
82
84
82
68
84
82
84
72
80
78
85
72
68
87
61_89
68
73
77
73
68
61
92
68
77
80
77
68
78
90
75
68
77
89
73
68
87
75
72
68
73
89
68
65
85
56
80
63
68
72
68
63
54
82
66
70
73
70
66
58
65
70
74
70
65
83
58
85
83
70
82
73
87
80
73
89
70
90
63
78
70
65
89
77
69
66
87
75
70
68
89
78
72
61
85
68
73
77
73
68
84
85
63
87
85
67
89
73
75
73
67
56
87
63
68
72
68
63
56
63
66
70
66
63
80
56
63
68
72
68
63
56
82
84
68
82
80
72
78
72
85
87
68
89
61
68
73
77
73
68
61_92
68
77
80
77
68
80
90
75
68
78
89
73
68
87
75
72
68
89
87
73
85
87
89
68
65
56
85
63
80
68
72
68
63
82
54
66
70
73
70
66
58
65
70
74
70
65
58
83
85
83
70
82
73
87
80
73
70
89
63
90
78
70
65
89
77_77
69
66
87
75
70
68
89
78
72
61
85
68
73
77
73
79
68
80
82
61
80
68
72_89
78
72
68
87
61_87
68
72
78
72
68
61
85
68
73
77
73
68
92
56
80
63
68
72
68
63
56
82
84
82
84
63
82
81
67
82
73
67
63_84
56
80
63
68
72
68
63
96
61
94
92
68
88
85
73_82
76
73
68
84
75
51
63
68
72
68
63
84
51
82
63
67
81
73
82
67
63
87
56
80
63
68
72
68
63
54
82
66
70
73
85
70
84
82
66
56_56
80
68
72
75
72
68
63
82
84
82
68
80
72
78
72
85
87
68
61
89
68
73
77
73
68
92
61
68
77
80
77
68
78
90
75
68
77
89
73
68
75
87
72
68
89
87
85
73
87
89
68
65
85
56
80
63
68
72
68
63
82
56
66
70
73
70
66
58
65
70
74
70
65
58
83
85
83
70
82
74
87
80
74
89
70
63_90
78
70
65
89
77
69
66
87
75
70
68
89
78
72
61
85
68
73
77
73
79
68
80
82
61
80
68
72
89
78
72
87
68
87
61
68
72
78
72
68
61
85
68
73
77
73
68
92
80
56
63
68
72
68
63
82
56
84
82
63
81
82
67
73
67
63
84
56
80
63
68
72
68
63
96
61
94
92
68
89
85
73
82
76
73
68
84
51
75
63
68
72
68
63
84
51
82
63
67
81
73
82
67
63
87
56
80
63
68
72
68
63
54
82
66
70
73
85
70
84
66_82
56_80
63
68
72
68
63
56
82
84
82
84
68
82
80
72
78
72
85
68
87
61_89
68
73
77
73
68
61
92
68
77
80
77
68
78
90
75
68
89
77
73
68
87
75
72
68
87
89
73
87
85
87
68
89
65
56
85
63
80
68
72
68
63
54
82
66
70
73
70
66
58
65
70
73
70
65
58
83
85
83
82
70
73
80
73
87
89
70
63
90
78
70
65
89
77
69
66
87
75
70
68
89
78
72
61
85
68
73
77
73
79
80
68
82
80
61
89
68
72
78
72
87
68
87
61
68
72
78
72
68
61
68
72
78
72
68
61
80
68
81
73
80
79
76
80
73
85
68
88
87
64
85
68
87
73
85
84
76
85
73
88
68_92
61
80
68
81
73
80
79
76
80
80
73
85
68
88
87
64
85
68
87
73
85
84
76
85
73
88
68_92
63
81
69
85
73
87
90
78
93
73
97
69
99
107
66
105
73
104
75
102
100
81
99
75
102
73_97
96
56
99
63
93
92
66
90
72
93
66
88
87
63
90
56
85
63
84
87
66
81
72
80
66_83
81
63
61
80
68
81
73
80
79
76
80
73
85
68
88
87
64
85
68
87
73
85
84
76
85
73
88
68_92
61
80
68
82
70
80
79
76
80
70
85
68
88
87
64
85
68
87
70
85
84
73
85
70
88
68_92
87
63
88
68
87
86
71
87
75
95
71
94
92
68
91
63
100
70
99
97
73
95
79
94
73_92
90
70
94
56
92
95
63
86
68
88
71
87
92
68
82
63
85
56
83
87
63
79
68
81
71
80
78
68
80
63
57_80
92
61
84
66
85
78
69
90
66
82
61
85
77
57
89
61
83
66
85
78
69
90
66
83
61_85
59_73
85
66
78
69
81
75
71
87
69
78
66
81
76
52
88
59
80
64
83
80
68
92
64
83
59_87
80
57
92
61
84
85
66
78
69
90
66
84
85
61
77
57
89
61
82
85
66
78
69
90
66_83
85
61
59_77
89
66
83
69
87
78
71
90
69
83
66
87
81
52
93
59
83
64
88
80
68
92
64
83
59_87
57_80
92
61
84
66
85
78
69
90
66
84
61
85
77
57
89
61
84
66
85
78
69
90
66
84
61_85
59_73
85
66
78
69
81
75
71
87
69
78
66
81
76
52
88
59
80
64
83
80
68
92
64
83
59_88
57_80
92
61
84
66
85
78
69
90
66
84
61
85
87
57
99
61
90
66
93
85
69
97
66
90
63_93
56_85
97
63
87
66
90
84
72
96
66
87
63
90
84
56
96
63
87
66
90
84
72
96
66
87
63_90
84
57_84
96
63
87
66
90
83
71
95
66
87
63
90
83
58
95
63
87
66
90
82
70
94
66
87
63_90
60_82
94
63
87
66
90
81
69
93
66
87
63
90
81
60
93
63
87
66
90
81
69
93
66
87
63_90
57_84
96
63
87
66
90
83
71
95
66
87
63
90
83
58
95
63
87
66
90
82
70
94
66
87
63_90
59_82
94
63
87
66
90
81
69
93
66
87
63
90
81
60
93
63
87
66
90
80
68
92
66
87
63_90
61
80
68
81
73
80
79
76
80
73
85
68
88
87
64
85
68
87
73
85
84
76
85
73
88
68_92
61
80
68
81
73
80
79
76
80
73
85
68
88
87
64
85
68
87
73
85
84
76
85
73
88
68_92
63
81
69
85
73
87
90
78
93
73
97
69
99
107
66
105
73
104
75
102
100
81
99
75
102
73_97
56_96
99
63
93
66
92
90
72
93
66
88
63
87
90
56
85
63
84
66
87
81
72
80
66
83
63_81
61
80
68
81
73
80
79
76
80
73
85
68
88
87
64
85
68
87
73
85
84
76
85
73
88
68_92
66_88
87
73
88
75
87
86
81
87
75
90
73
93
90
68
89
73
90
77
89
87
83
88
77
92
73_97
69
85
73
86
78
85
84
81
85
78
90
73
93
90
68
89
73
90
77
89
87
83
88
77
92
73_97
69_92
90
73
92
78
90
89
81
90
78
93
73
97
93
60
92
66
93
68
92
91
75
91
68
96
66_99
61_92
93
68
92
73
91
92
76
100
73
99
68
98
97
63
96
68
95
72
94
93
78
92
72
91
68_90
64_88
90
68
88
73
87
88
76
100
73
99
68
98
97
66
96
73
95
75
94
93
81
92
75
91
73_90
68_73_76_80_92
104
103
102
101
100
99
98
67_73_76_81
97
96
95
94
93
92
91
90
89
88
87
86
85
84
83
82
81
80
79
78
76
75
73
44_56_68
76_88_105
104
112
100
73_85_102
100
109
97
68_80_99
97
104
92
64_76_93
92
100
88
61_73_90
88
97
85
56_68_87
85
92
80
52_64_81
80
88
76
49_61_78
76
85
73
44_56_75
73
80
68
44_56_75
73
80
68
45_57_75
73
80
68
44_56_75
73
80
68
43_55_75
73
79
67
44_56_75
73
80
68
73
72
80
68
49_75
73
64_80
68
61_81
80
56_88
76
49_81
80
66_88
76
60_81
80
56_87
75
49_81
80
64_87
75
61_81
80
56_85
73
49_76
75
66_80
68
60_76
75
56_80
68
49_75
73
64_80
68
61_81
81
80
56_88
76
49_81
80
66_88
76
60_81
80
56_87
75
49_81
80
64_87
75
61_81
80
56_85
73
49_76
75
66_80
68
60_76
75
56_80
68
49_75
73
64_80
68
61_81
80
56_88
76
49_78
76
68_85
73
61_81
80
56_88
76
49_75
73
64_80
68
61_81
80
56_88
76
49_78
76
68_85
73
61_81
80
56_88
76
49_78
76
64_85
73
61_81
80
56_85
73
49_78
76
64_85
73
61_81
80
56_85
73
49_78
76
64_85
73
61_81
80
56_85
73
49_78
76
64_85
73
61_81
80
56_85
73
49_75
73
80
68
75
73
80
68
75
73
80
68
75
73
80
68
75
73
80
68
75
73
80
68
75
73
80
68
75
73
80
68
49_56_75
73
80
68
75
73
80
68
75
73
80
68
75
73
80
68
75
58
73
80
68
56
75
73
80
68
61_75
73
80
68
75
63
73
80
68
75
65
73
80
68
75
73
80
68
75
73
80
68
75
73
80
68
75
68
73
80
68
75
73
80
68
75
73
80
68
75
73
73
80
68
66_75
73
80
68
75
65
73
80
68
75
63
73
80
68
75
73
80
68
65
75
73
80
68
61
75
73
80
68
75
56
73
80
68
75
73
80
68
75
73
80
65
75
73
80
65
75
73
80
65
75
73
80
65
77
44_56
75
80
66
77
75
80
66
77
75
80
66
77
75
80
66
49_68_75
56_72
66
56_68
49
65_73
