43
43
43
43
43
43
43
43
43
43
43
43
43
43
43
43
43
43_75
75
75
75
43
75
75
75
75
75
75
75
75
75
43
75
75
75
75
75
75
75
75
75
57
43_75
75
75
75
75
57
75
75
57
75
75
75
75
75
75
57
75
75
75
75
75
75
57
75
57
75
57
75
87
75
75
85
75
87
75
90
57
87
85
82
75
75
75
75
75
57
75
85
75
57
82
75
87
75
75
85
75
87
75
75_90
57
75
87
82
85
75
75
75
75
75
57
75
57
75
57
75
82
75
75
80
75
82
75
85
57
82
80
80
75
75
75
75
75
57
75
75_82
57
80
75
78
75
75
75
75
80
75
78
57
75
75
75
75
75
75
75
57
75
49
51
57
54
56
58
61
63
66
75
57
68
70
73
75
78
80
82
85
87
87
85
82
80
75
87
85
82
80
82
80
78
75
73
75
75
63_87
51
78
80
82
61
78
80
75
58_78
75
73
75
75
70
68
66
61
66
68
70
56
66
68
70
66
54
51
63
66
63
51
75
39
63
75
39_51
75
75
66
42
54_75
78
75
80
44_56_68
75
57
70
82
68
80
56
44
75
68
80
75
70
82
75
68
80
75
66
78
75
75
68
80
57
75
75
75
63
51
39
75
63
75
63
63
75
63
75
75
63
75
75
63
75
63
75
75
63
75
63
75
75
54
56
58
57
61
75
63
66
68
70
73
75
78
80
58
70
68
75
75
75
78
75
68
56
75
66
80
54
75
75
57
75
75
73
63
51
75
70
75
73
75
68
75
61
70
49
75
57
68
66
56
75
66
75
68
75
63
75
54
66
75
68
75
66
57_75
66
75
51
63
75
61
75
63
75
63
75
63
39_51
75
57
75
87
63
39
51
75
85
61
49
37
75
87
39
39_51
51_63
75
51
87
39_51_63
39
75
51
63_87
39_39
51
75
57
75
57
75
63
63
51_87
43
85
49
61
61
87
39
51
63
51
63
43
87
51_63
63
87
51_63
63
43
51
39
43
43
63
43
43_61
43
63
43
63
43
51_63
39
43
43
43
43
43
43
43
43
82
43
43
43
43
43
43
43
43
43
85
43
87
43
90
75
43
75
43
75
75
43
75
43
87
57
90
85
75
75
75
75
75
75
87
57
75
75
82
75
75
75
75
75
57
75
82
80
78
75
78
75
75
75
75
75
75
80
57
78
75
87
75
39
51_75
75
75
75
75
57
85
87
90
75
75
75
75
75
75
87
42
54
57_75
85
75
87
56
44
75_81_82
81_82
75
81
82
75
81
82
75
81
82
75
85
57
87
85
75
82
58
46_81
75
80
82
82
81
75
81
82
75
85
75
82
75
57
75
57
75
81
78
75_82
80
81
82
75
82
81
82
75
75
81
82
75
78
81
75_82
85
57
87
80_81
75
82
81_82
75
82
81
75_82
75
80
87
75
78
75
57
75
75
82
81
75
82
85
82
81
75
80
85
75
82
75
78
81
75_82
81_82
57
87
75
80
81
75
82
75
39_51
81_82
75
90
54_75
42
81
75
44
56_75_82
75
58
46_57
75
81
82
49_61_75
82
81
75
85
75
75
81
82
75
82
57
87
63
51
90
75
90
75
92
75
90
75
87
75
75
57_75
75
75
82
82
75
82
75
85
75
87
85
75
82
80
57
75
81
82
75
81
82
75
80
75
82
75
78
75
57
75
57
75
79
80
57_75
75
77
78
75
75
74
75_75
72
73
57
75
75
75
75
75
75
75
57
75
57
75
44_75
57
51
39_75
75
75
75
75
75
75
44
51
39
75
75
75
75
57
75_75
44
51
39
75
57
49
39
37
73_75
75
75
44_57
51
39
75
75
54
56
58
61
63
78
66
68
70
73
75
78
80
82
57
56
80_82_85
75
87
44
44_85
90
92
75
75
75
75
75
56
44
80
44
75
75
75
75
57
46_58
75
82
46
75
57
42_78
42_54
75
44_57
44
56_80
75
75
75
78
80
75
58
57
82
46
46
58_75
75
75
75
75
66
46_68
58_75_82
46_70
73
75
75
75
75
49_73
57
75
85
75
49_61
78
75
57
82
46
46_58
75
80
57
49_61
82_85
49
75
82
75
85
75
57
51
51_63_87
75
75
75
75
75
75
75
75
75
39
75
75
75
75
75
75
75
75
75
75
75
80
82
87
75
82
75
75
80
75
78
75
80
75
75
75
75
75
82
75
78
75
75
75
75
75
75
73
75_75
75
75
73
70
75
73
70
68
75
70
75
68
66
75
63
63
75
75
75
75
75
75
75
75
75
75
87
