55
31_38_43
55
31_43_55
55
38
31_43
55
55
38
31_43
55
55
38
31_43
55
55
38
55
31_43
55
38
31_43
55
38
55
31_43
55
38
55
55
31_43
55
38
39_49_51
27_39
43
54
58_63
38
39
27_39
31
54
63
58
38
43
27_39
54
39
63
38
58
31
39_51
27_39
49
54
63
58
38
55_55
31_43
38
38
55
31_43
55
31_43
38
55
55
31_43
38_55
55
31_43
38
55_55
38
31_43_55
55
38_55
55
31_43
55
38
55
31_43
55
38
55
31_43
43_51
39_49
54
63
58
38
27_39
54
39
63
58
27_31_39
38
43
54
27_39_63
58
38
39
31
54
49
58
27_39
63
38
39
51
38
55
55
31_43
38_55_55
31_43
55
38
31_43
55
55
31_38_43
55
55
38
31_43
55
55
31_43
38
55
55
55
31_43
38
55
55
31_43
38
55
55
31_38_43
54
39
43
49_51
66
58
58
27_39
38
39_54
66
58
58
38
27_39
31
54
43
66
38_39
58
27_39
58
54
31
58_66
58
27_39
39
38
51
49
31_43
55
38
55
31_43_55
55
38
31_38_43
55
55
55
31_43
38
55
31_43_55
38
55
55
31_43
38
55
31_43
55
38
55
31_43
55
38
55
31_43
55
38
55
51
49
43
39
54_66
58_63
27_39
38
66
31
63
27_39_54_58
38
39
43_66
54
27_39
38
63
58
39
49_51
31_66
63
27_39
58
54
38
39
31_43
67
55
55
38
55
55
55
31_43
38
55
67
55
38
31_43
55
38
55
31_43
55
38
55
31_43
55
55
55
38
31_43
55
67
55
31_43
38
55
55
31_43
55
38
55
31_43
38_55
39
54
63
55_63
27_38_39
51
27_39
54
38_55
39_63
55
54
27_39
38
63
39
55
54
27_39_63
38
39
70
58
67
55
38
31_43
55_55
31_43
55
51
63
38
55
55
31_43
38
55
55
31_43
38_55
58_70
55
31_43
55
38
55
55
31_43
38
55
67
31_43
38
55
55
31_43
38
55
55
31_43
38
55
55
39
55
58
38
27_39
54
39
58
27_39
55
38
54
55
58
27_39
38
39_54
58
55
27_39
38_39
54
62
38
55
55
31_43
74
38_55_55
62
31_43_74
55
38
31_43
55
55
31_38_43
55
55
38
31_43
55
55
62
31_43
38
55
74
55
55
31_43
38
55
55
31_43
38
55
55
31_38_43
54
39
43
66
58
58
27_39
38
63
75
39_54
66
58
58
38
27_39
31
54
43
66
38_39
58_58
27_39
54
31
58_66
58
27_39
39
38
58
70
39_51
54
38
63
66
58
54
36_48_63
58
63
38_51
63
36_38_48
58
63
58
36_48
38
63
58
70
36_48_58
38
63
55
31_43
38
55
55
67
58
58
55_62
62
38
58_58_62
31_43
55_62
38
58_58_62
31_43
55
62
38
43
39
59_59_63
55
63
31_43
38
50
31
59_59_63
31_43_55
63
38
50
39
43
55
59
31_43
59_63_63
38
50
39
31
31_43
61_61_65_65
55
38
50
39
38
61_65
61_65
65
65
38_61_61
31_43
67
67
55
38
79
55
67
67
31_43_55
38
55
38
31_43
67
38
55
31_43
67
55
67
38
55
31_43
67
55
67
38
31_43
67
79
55
31_43
38
67
55
31_43
67
38
55
31_43
38_67
66
54
63
67
27_38_39
78
43
27_39
54
38_67
63
43
67
54
27_39
38
63
43
67
54
27_39_63
38
43
65
77
64
49
61
64_68
38
37
49
76
75
63
76
64
49
37
61
38
64_68
61
37_49
68
56
38
64_68
61
37_49
38
64_68
61
37_49
38
64_68
61
64_68
37_49
38
61
73
37_49
38
61
64_68
37_49
38
61
64_68
37_49
38
61
64_68
38
37_49
49_64_68
61
60_72
37_49
38_49
61_64_68
64_68
37_49
38
61
49
64_68
37_49
38
61
49
59
71
51
39
38
58_63_66
58
70
57
69
58
70
39_51_58_63_66
38
39_51_58_63_66
38
51
63
38
39_51_58_63_66
51
38
39_58_63_66
38_50_58_63_66
38
66
54
38
38
38
36_48_58_63_66
38
42
63
51
36_48_58_63_66
38
42
36_48_58_63_66
38
42
36_48_58_63_66
38
42
66
54
31_43_55_67
38
70
58
39_51_55_63_67
38
55
67
39_51_55_63_67
39_51_55_63_67
51_55_63_67
39
38
38
58
70
38
38
31_43_55_67
74
62
38
31_43_55_67
38
31_43_55_67
38
31_43_55_67
38
31_43_55_67
43
38
31_43_55_67
43
38
31_43_55_67
43
38
31_43_55_67
43
38
31_43_67
43
38
31_43_67
43
39_51
67
67
55
38
51
91
79
55
67
67
39_51_55
38
79
55
38
39_51
67
38
55
39_51
67
55
79
67
38
55
39_51
67
55
67
38
31_43
67
79
91
55
31_43
38
67
55
31_43
67
38
55
31_43
38_67
66
54
63
67
27_38_39
90
78
43
27_39
54
38_67
63
43
67
54
27_39
38
63
43
67
54
27_39_63
38
43
65
77
89
64
49
61
64_68
38
37
49
76
88
75
63
87
76
64
88
49
37
61
38
64_68
61
37_49
80
68
56
64
38
68
61
37_49
64
38
68
61
37_49
64
38
68
61
68
64
37_49
38
61_80
85
56
76
73
85
37_49
38
61
64
68
37_49
38
61
64
68
37_49
38
61
64
68
38
37_49
64_68
61
49
60_72
84
56
73
80
76
37_49
38
61_64_68
49
68
64
37_49
38
61
49
68
37_49
64
38
61
49
56_59
71
83
51
39
38
58
58_63_66
54
82
70
53_57
69
81
58
54
82
70
39_51_58_63_66
38
39_51_58_63_66
38
75
51
63
38
39_51_58_63_66
38
39_51_58_63_66
39_51_58_63_66
38
66
54
78
38
38
38
36_48_58_63_66
38
54
42
63
58
51
75
36_48_58_63_66
38
42
36_48_58_63_66
38
42
36_48_58_63_66
38
42
70
58
82
31_43_55_67
38
55
67
79
49
54
39_51_58_63_66
58
51
38
75
63
39_51_58_63_66
39_51_58_63_66
39_51_58_63_66
38
38
70
82
58
38
38
49
31_43_55_67
79
55
67
38
31_43_55_67
38
31_43_55_67
38
31_43_55_67
38
31_43_49_55_67
43
38
31_43_55_67
43
38
31_43_55_67
43
38
31_43_55_67
43
50
50
58
55_62
58
62
38
58_58_62
31_43
55_62
38
58_58_62
31_43
55
62
38
43
39
59_59_63
55
63
31_43
38
50
31
59_59_63
31_43_55
63
38
50
39
43
55
59_63
31_43
59_63
38
50
39
31
65
31_43
61_61_65
55
38
50
39
38
65
61
61
65
65
38_61_61
65
50
86
50
51
51_63
46
46
58
42
42
54
63
60
62
61
58
60
36
39
45
41
36
42
39
54
62
59
49
72
48
49
48
49
72
48
49
48
49
48
69
69
49
48
49
48
75
49
75
43
48
72
72
49
42
43
48
49
42
43
48
42
49
43
48
69
66
72
42
49
43
48
42
49
43
42
48
75
78
43
49
42
48
75
72
43
66
49
42
48
43
42
49
43
48
42
49
43
48
42
67
49
43
42
48
43
49
42
48
63
43
49
42
48
43
60
49
48
42
49
43
48
49
42
60
48_63
43
49
66
69
48
42
54
46
72
75
78
58
60
66
42
41
40
39
38
43
58
64
45
54
46
48
52
61
96
95
55
64
58
28
40
40
39
40
39
40
39
94
40
39
40
39
40
39
40
39
40
43
39
40
42
43
39
40
42
43
39
42
40
43
39
42
40
43
39
42
40
43
42
39
43
40
42
39
43
40
42
39
43
42
40
43
39
42
40
43
39
42
40
43
42
39
43
40
84
54_58
87
90
42
39
43
40
42
46
39
63
69
49_58_62
42
39
43
40
39
42
40
43
39
40
42
39
40
39
43
36
60
48_48
60
55
51
55
51
51
55
47
56
56
47
56
47
53
50
53
50
53
50
36_48
60
55
63
55
63
55
63
51
62
51
62
51
62
59
54
59
54
54
59
36_60
48
67
59
59
67
59_67
66
60
60
66
60
66
54
62
54
62
54
62
65
57
65
57
65
57
63
55
63
55
63
55
59
51
59
51
59
51
56
47
56
47
56
47
62
50
38_50
62
50_62
62
50
57
53
57
53
53
57
49
58
58
49
58
49
55
52
55
52
55
52
38
62
50_50
62
62
50
57
65
57
65
57
65
53
64
53
64
53
64
61
56
61
56
56
61
50
38
50_62
62
50
62
69
61
61
69
61_69
68
62
62
68
62
68
56
64
56
64
56
64
67
59
67
59
67
59
65
57
65
57
65
57
61
53
61
53
61
53
58
49
58
49
58
49
52_52
71
68
53
47
72
67
55_74
41
64
56
40_77
60
55
39
76
59
60
56_77
40
64
72
44_53
63
71
52
43
64
53_72
44
68
60
76
47
67
59_75
46
68
76
60
47
69
77
52
60
68_76
59
48
77
69
47
57
71_80
53
56
69
79
52
59
52
53
71
80
48
64
55
83
41
59
64
57
82
59
44
60
60
60
83
64
62
47
59
64
65
65
71
48
56
67
69
72
68
47
71
64
72
71
76
48
68
74
76
52
60_60_64_64
46
68_68
60_60_64_64_68_68
64_64_68_68
60_60
65_65
52
69_69
61_61
65_65_69_69
61_61
61_61_65_65_69_69
46_58_58
66_66
62_62
62_62_66_66
58_58
62_62
66_66
58_58
57
65
53
52_61
38_49
46
64_64_68_68
60_60
64_64_68_68
60_60
64_64_68_68
60_60
61_61_65_65
52
69_69
65_65_69_69
61_61
65_65
61_61_69_69
46
62_62_66_66
58_58
66_66
62_62
58_58
62
66
58
57
52
53
61_65
49
38
60_64_64_68
46
68_72
60_64_64_68_68_72
64_68_68_72
60_64
65_69
52
69_73
61_65
65_69_69_73
61_65
61_65_65_69_69_73
46_58_62
66_70
62_66
62_66_66_70
58_62
62_66
66_70
58_62
57
65
52
53
61
38_49
46
64_68_68_72
60_64
64_68_68_72
60_64
64_68_68_72
60_64
61_65_65_69
52
69_73
65_69_69_73
61_65
65_69
61_65_69_73
46
62_66_66_70
58_62
66_70
62_66
58_62
62_66_66_70
58_62
52
54
42_49
49
67_72
60
46
52
49
60_67
72
54
49
42
46
49_54
42
49
72
67
60
52
46
49
67
72
54_60
49
42
52
46
49
54_60_67_72
49
42
52
49
46
60_67_72
54
42_49
62
64
65
67
52
69
71
72
46
49
67
72
54_60
49
42
52
52
49
60_67
72
54
49
42
46
49_54
42
49
72
67
60
52
46
49
67
72
54_60
49
42
52
46
49
54_60_67_72
49
42
52
49
46
60_67_72
54
42_49
52
46
49
67
72
54_60
49
42
74
76
77
52
79
81
83
84
86
46
49
54
42_49
60_67_72
52
49
54
42_49
60_67_72
26_38
