35_56
48
48
48
56
35
48
60
64
55
40
56
56
55_60
64
40
56
56
43
56
35
72
43
35
56
72
43
35
67
43
67
35
40
60_64
55
56
69
56
69
60
55_64
40
56
67
56
67
56
35
48
72
48
56
35
72
48
67
48
67
56
40
60
55_64
69
56
69
40_60
55
64
56
72
56
56
35
72
43
43
56
35
45
79
43_75
35
75
76
75
43_75
47
40
35_56
45
56
40
56
76
47
35
72
48
48
56
35
72
48
79
48
40
70
78
56
60_64
55
56
40
55
70
78
60
64
56
56
35
72_77
56
43
43
56
35
43
72
77
75
35
43_65
75
35_40
76
56_65
60
64
55
66
56
55_60
64
66
40
76
72
56
67
56
35
56
48
48
56
35
48
48
40_60
64
56
55
56
55
67
60_64
40
56
56
35
56
43
56
43
35
72
45
43
43
35
67
47
67
35
40_45
56
69
47
56
69
40
67
67
84
72
47
48
56
47_48
35
56
72
35
48
72
48
72
69
60_64
55
40_56
56
69
55
40
60
64
84
67
56
56
67
56
72
35
84
43
43
56
35
43
84
72
43
35
35
56
40
60_69
76
64
55_84
56
40
69_84
76
55
60
64
56
67
56
67
84
56
35
72
48
56
48
35
72
48
48
56
40
75
60_64
55
56
75_76
40
55
60
76
64
84
56
56
35
56
84
72
43
56
35
43
72
84
43
35
35
40
56
60
55_75
64
43
84
75_76
75_76
56
75
47
40
60
55
64
76
84
76
56
84
48
72
35
56
48
47
48
35
72
84
48
40
75
56
60
82
64
55
76
75
75
75
56
40
55
82
60
64
76
56
56
35
79
43
56
72
35
43
56
72
79
43
78
35
43
78
35
60_64
55
40_56_77
56
77
55
40
60_64
75
56
56
75
76
56
35_76
79
48
76
84
48
56
48
35_79
76
84
76
72
78
48
76
84
78
40
56
60
64_76_84
55
77
56
40
55
77
60
64
76
84
56
75
84
76
56
75
35
56
76
76
43
82
43
56
35
76
43
82
76
72
35
76
72
82
43
35
40
72
60
56
64
55
82
76
56
40
55_60
76
82
64
76_82
56
76
53
35
81
56
41
44
35
44
53
81
41
56
84
77
77
40
57_60_65
56
40
77
60
57
65
79
56
56
79
80
35_56
48
48
56
80
35
48
81
35
48
81
35_40
57_60_65
56
56
57
60
40
65
84
77
77_84
53
56
77
35
56
53
53
35
84
77
77
83
79
83
79
53
82
40_57_65
60_80
56
56_82
57_80
40
60
65
81
81
56
56
56_81
48
35
56
48
35_48
81
84
35
56
56
35
48
65
40_56
57
60
84
56
40
57_65
60
56
56
56
48
84
35
56
48
48
35
84
48
83
40
60
56
64
55
56
40
55
60
64_83
35
79
82
43
56
43
35
56
82
79
43
78
81
35
56
56
81
78
35
40_56
43
60_77
55_64_80
56
80
40_55
60_77
64
75
79
75
35
48
56
76
56
48
48
35
76
72
48
64
55_60
40
56
55
56
60
64
40
72
35
43
56
43
56
35
43
56
35
56
43
35_56
55
60_64
40_79
56
55_60
64
40
56
56
56
55
35
55
56
55
35
55
79
40_62
67
59
56
84
56
59
62
67
79
40
84
82
56
56_82
50_56
35
83
56
50
35_50
83
79
35
50
79
35_62
67
59
40
56_78
56
59_62
67
78
84
40
56
56
84
82
56
35
55
56
82
55
55
35
83
55
83
77
40
59
62
56_67
79
56
59
62_67
79
40
77
56
56
56
50
35
54
78
56
50
35
78
35
77
53
54
75
35
40
56
67
59_62
56
52
53
59
62
67
77
40
56
51
56
52
56
75
35_43
48_51_56
75
76
43
35
76
48
75
72
60_64
55
56
40
72
56
55_60
64
40_72
72
56
56
70
45
67
56
35
43
56
35
45
67
70
67
35
67
56
43
56
67
67
40
70
60
47
64
55
56
35
69
56
40
55_60
47_64
69
70
72
56
35
60_64
48_55
72
56
48
35
64
48
55_60
72
48
72
79
40
35
56
62
59_67
71
43
43
56
40
35
79
43
67
62
71
59
43
35_56
48
48
48
56
35
48
60
64
55
40
56
56
55_60
64
40
56
56
43
56
35
72
43
35
56
72
43
35
67
43
67
35_40
60_64
55
56
69
56
69
60
55
64
40
56
67
56
67
56
35
48
72
48
56
35
72
48
67
48
67
56
40
60
55_64
69
56
69
60
40
55
64
56
72
56
56
35
72
43
43
56
35
45
79
43_75
35
75_76
75
75
43
47
40
35_45_56
56
40
56
76
35_47
72
48
48
56
35
72
48
79
48
40
70
78
56
55_60_64
56
40
55
70
78
60
64
56
56
35
72_77
56
43
43
56
35
43
72
77
75
35
43_65
75
35_40
76
56
65
60
55_64
66
56
55_60
64
66
40_76
72
56
67
56
35
56
48
48
56
35
48
48
40_60_64
56
55
56
55
67
60
64
40
56
56
35
56
43
56
43
35
72
45
43
43
35
67
47
67
35
40
45
56
69
47
56
69
40
67
67
84
72
47
48
56
47_48
35
56
72
35
48
72
48
72
69
60
64
55
40_56
56
69
55
40
60
64
84
67
56
56
67
56
72
35
43_84
43
56
35
43
84
72
43
35
35
56
40
69
60
76
64
55_84
56
40
84
69_76
55
60
64
56
67
56
67
84
56
35
72
48
56
48
35
72
48
48
56
40
75
60_64
55
56
75_76
40
55
60_76
64
84
56
56
35
56
84
72
43
56
35
43
72
84
43
35
35
40_56
60
75
55
64
43
84
75_76
75_76
56
75
47
40
60
55
64
76
84
76
56_84
48
72
35
56
48
47
35_48
72
84
48
40
75
56
60
82
64
55
75_76
75
75
56
40
55
82
60
64
76
56
56
35
79
43
56_72
35
43_56
72
79
43
78
35
43
78
35
60
64
55
40_56
77
56
77
55
40
60_64
75
56
56
75_76
56
76
35
79
48
76
84
48
56
48
35
79
76
84
76
72
78
48
76
84
78
40
56
60
76
64_84
55
77
56
40
55
77
60
64
76
84
56
75
84
76
56
75
35
56
76
76
43
82
43
56
35
76
43
82
76
72
35
76
72
82
43
35_40
72
60
56
64
55
82
76
56
40
60
55
76
82
64
82
76
56_76
53
35
81
56
41
44
35
44
53
81
41
56
77_84
77
40_57
60_65
56
40
77
60
57
65
79
56
56
79
80
35_56
48
48
56
80
35
48
81
35
48
81
35_40
57_60_65
56
56
57
60
40
65
84
77
84
77
53
56
77
35
56
53
53
35
84
77_77
83
79
83
79
53
82
57_65
40_80
60
56
56
82
57
40_80
60
65
81
56_81
56
56
81
48
35
56
48
35_48
81
84
35
56
56
35
48
65
40_56
57
60
84
56
40
57_60_65
56
56
56
48
84
35
56
48
48
35
84
48
83
40
60
56
64
55
56
40
55
60
64
83
35
79
82
43
56
43
35
56
82
79
43
78
81
35
56
56
81
78
35
40_56
43
60
64_77
55
80
56
80
55
40
60
77
64
75
79
75
35
48
56
76
56
48
48
35
76
72
48
64
55_60
40
56
55
56
60
64
40
72
35
43
56
43
56
35
43
56
35
56
43
35_56
55
60_64
40
79
56
60
55
64
40
56
56
56
35_55
55_56
55
35
55
79
40_62_67
56_59
84
56
59
62
67
40_79
84
82
56
56
82
56
35_50
83
56
50
35_50
83
79
35
50
79
35
62
67
59
40
78
56
56
59
62
67
78
84
40
56
56
84
82
56
35
55
56
82
55
55
35
83
55
83
77
40
59_62
56_67
79
56
59
62_67
79
40
77
56
56
56
50
35
54
78
56
50
35
78
35
77
53
54
75
35
40
56
67
59
62
52_56
53
59
62
67
77
40
56
51
56
52
56
75
35
43
48_51_56
75
76
43
35
76
48
75
72
60_64
55
56
40
72
56
55
60
64
40
72
72
56
56
70
45
67
56
35
43
56
35
45
67
70
67
35
67
56
43
56
67
67
40
70
60
47
64
55
56
35
69
56
40
60
55
47_64
69
70
72
56
35
60_64
48_55
72
56
48
35
64
48
55
60
72
48
72
