73
71
70
69
68
67
69
71
72
73
71
70
69
68
67
69
71
72
73
75
80
76
68
71
71
73
46_61_64_68_70
70
49
52
56
58
61
64
64
68
70
73
76
80
82
85
88
92
88
85
82
80
76
64
76
73
70
68
64
61
58
56
52
49
46
34
50
65
34_41_50_56_58_62_65
41
56
46
58
70
68
60
62
60
62
68
46_61
70
64
46
49
49
52
52
56
58
58
64
61
61
64
64
68
70
70
73
73
76
76
80
82
82
85
85
88
88
92
88
85
82
80
76
64
73
70
68
64
61
58
56
52
49
46
65
34
34
41_50
50
41_56_58
56
58
46
70
68
60
62
64
34
50
65
41
56
58
46
70
68
60
62
64
65
73
45
38_54
66_66
62
62_66
71
46
70
69
68
47_67
53
65
65
69
71
50
72
54
45_73
66_66
62
38
71
70
46
69
68
47
67
65
65
53
69
50_71
72
73
61
45_66
54
39
66
61
75
63
47
80
35_57
59
76
40_61
68
64
56
68
59
61
71
59
41
65
61
71
73
61
46
70
58_62
70
60_63
61_64
62_65
61
58
39
54
63_66
44
54
73
75
56
63
60
72
54
58
61
37
70
77
56
36_54_65_80
60
63
68
48
59
57
35
53_69_81
47
53
65
58
62
34
56_70_82
56
46
62
70
68_80
65_77
68
63
59_68_80
53
59
71_83
73_85
58
34
62
56_70_70_82
70_82
46
70
62
68_80
68_68_80
65_77
65_65_77
68
68_80
63
41_53
59_68_68_80
71_83
71_71_83
73_85
61
61
56_73_73_85
68_80
63
29
59_68_68_80
68
41
71_83
71_71_83
73_85
61
56_73_73_85
59
63
59_68_68_80
68_80
68
71_83
71_83
73_85
61
56_59_73_85
63
68_80
59_68_80
68
71_83
83
61
73_85
56_85
59
59
68_80
53_59_63_65_68
56
63
56
71
73
68
71
73
68
71
72
28_40_47_73
59
61
64
68
73
71
73
76
80
85
83
85
88
92
97
71
73
76
80
85
59
61
64
68
73
71
71
73
76
80
85
71
70
69
68
67
55
64
60
48
69
71
72
49
56
40
73
73
61
75
80
76
73
68
71
63
51
49
61
68
48
60
66
49
61
68
48
60
66
47
56
63
59
68
63
64
55
62
58
35_35_47_47_54_54_57_69
61
57
59
63
66
73
69
71
75
78
85
81
83
87
90
97
69
71
75
78
85
57
59
63
66
73
69
69
71
75
78
85
68
67
66
65
48
64
64
57
66
60
52
67
51
68
65
50
60
69
57
66
71
69
72
52
67
74
72
56_60
68
76
64
54
69
60
78
76
59
69
74
66
81
57_67
64
72
83
69
64
60
54
76
78
76
66
74
69
59
81
72
64
67
57
83
69
64
54
60
54_64_69
60
84
72
68
57
71
72
60_67
63
60_63_67
71
72
62
66
62
47
56
62
66
59
28_40_40_40_47_73
50
52
56
59
66
62
64
68
71
78
74
76
80
83
90
62
64
68
71
78
50
52
56
59
66
62
52
62
64
68
71
78
71
47
70
69
68
48
63
67
67
57
69
71
72
73
47_62
66
56
71
69
68
67
63
67
48
57
69
71
72
47
62
66
56
73
71
69
68
48
63_67
57
67
69
71
72
47
62
56
66
73
71
69
68
48
63_67
57
67
69
71
72
68
69
71
72
73
66
62
56
47
71
73
76
78
68
64
52
59
76
78
80
37_42_58_64_68_80
52
82
80
66
70
61
78
80
78
70
64
73
75
76
75
73
68
76
42
49
58
64
73
66
64
66
75
64
66
64
73
66
70
64
70
64
66
66
64
66
64
66
66
70
61
64
66
64
66
64
66
64
64
37
68
58
52
42
66
70
61
80
82
80
64
73
70
78
80
78
68
42_76
73
49
58
64
75
66
64
76
66
64
66
75
64
64
70
73
66
73
64
66
64
66
75
64
66
61
64
70
66
66
70
64
66
64
63
38
58
44
56_68
64
65
71
68
59
66
54
65
53
62
70
42
52
37
66
64
58
60
68
63
42
56
30
63
52
64
68
61
71
63
68
54
51
35
71
61
63
61
59
