39_51_58_66
70
70
70
75
39_51_66_70
39_51_66_70
39_51_66_70
42_54_63_70
70
70
70
75
42_54_66_70
42_54_66_70
42_54_66_70
47_59_63_68
63
63
63
75
63
46_58_66
63
46_58_66
63
46_58_66
66
45_57_72
75
75
66
75
65
75
65
72
45_57
75
65
72
45_57
75
65
72
45_57
75
65
70
46_58
74
70
70
72
73
63
70
43_55
63
70
43_55
75
63
70
43_55
63
68
44_56
72
68
68
70
71
61
68
41_53
61
68
41_53
73
61
68
41_53
61
66
42_54
70
70
70
70
78
66
73
34_46
66
73
34_46
66
73
34_46
63
66
36_48
73
73
73
77
65
70
37_49
65
70
37_49
65
70
37_49
58
65
39_51
66
66
66
75
63
71
35_47
63
71
35_47
63
71
35_47
63
70
42_42
70
59
63
44_44
68
66
53
46_46
65
58
34_34_62
63
58
39_51_66
70
58_66_70_75
65
68
51_65_68_70
63
66
51_63_66_70
70
66
75
66
70
39_51
66
70
39_51
66
70
39_51
65
41_53
68
53_65_68_74
63
66
46_63_66_75
62
65
46_62_65_77
68
77
65
68
46_58
65
68
46_58
58_58_74_77
58_58_74_77
65
68
46_58
63
66
47_59
75
59_66_75_75
63
63
63
75
66
73
46_58
75
66
73
46_58
75
58_66_73_75
66
73
46_58
75
66
72
45_57
75
57_66_72_75
66
72
45_57
75
66
72
45_57
75
66
72
45_57
75
66
72
45_57
75
66
72
45_57
75
65
72
45_57
75
57_65_72_75
65
72
45_57
75
65
70
46_58
73
58_65_73_73
65
70
46_58
73
65
70
46_58
73
65
70
46_58
73
65
70
46_58
73
58_65_73_73
65
70
46_58
73
70
42_54
75
54_66_70_75
70
42_54
75
68
72
41_53
77
53_60_69_77
68
72
41_53
68
72
41_53
68
72
41_53
60
68
41_53
65
53_60_69_77
60
68
41_53
60
68
41_53
60
68
41_53
61
65
34_46
58_65_70_73
77
46_63_65_72
77
46_61_65_70
77
82
58
61
34_46
58
61
34_46
58
61
34_46
73
44_44
58_65_73_73
77
46_63_65_72
77
46_61_65_70
77
82
61
65
44_44
61
65
44_44
56_61_65_70
56_61_65_70
61
65
44_44
61
42_42
70
54_58_70_73
58
42_54
58
42_54
58
42_54
42_54
70
42_54_61
70
41_53_61
70
53_58_70_73
41_53_61
70
67
40_52_70
73
52_67_70_73
67
40_52_70
73
67
40_52_70
73
67
40_52_70
73
67
40_52_70
73
67
40_52_70
73
67
40_52_70
73
52_67_70_73
67
40_52_70
73
67
40_52_70
72
52_67_70_72
67
40_52_70
72
67
40_52_70
72
67
40_52_70
72
67
40_52_70
72
52_67_70_72
67
40_52_70
67
40_52_70
60
52_67_70_72
67
40_52_70
65
41_53_69
53_65_69_72
72
72
72
77
53_65_69_72
60
41_41_69
60
41_41_69
60
41_41_69
37_49_58
65
65
65
65
70
34_46_61_65
34_46_61_65
34_46_61_65
41_53_60_65
70
69
67
65
69
65
65
65
42_54_58
70
54_70
63
63
65
41_53_58
53_65
72
68
68
72
34_46
73
46_72_73
67
46_58
73
58_67_70_73
70
65
73
58_65_70_73
70
67
40_52
73
52_67_70_73
70
67
40_52
73
52_67_70_73
41_53
72
53_67_70_72
68
65
53_65_68_72
68
65
34_46
74
46_65_68_74
68
65
34_46
74
46_65_68_74
66
63
35_47
75
47_63_66_75
68
65
65_68
70
67
43_43
43_67_70
70
63
73
63_70_73
44_44
71
44_63_71
68
44_56
56_63_68_71
65
38_50
70
50_65_68_70
66
63
39_51
70
51_63_66_70
66
63
70
51_66_70_70
66
63
35_47
70
59_66_70_75
65
65
68
65_68
63
59_63_75
65
62
34_46
70
58_65_70_74
63
60
65
46_63_65_72
62
58
65
46_62_65_70
70
42_42
73
70
73
70
73
70
73
73
70
42_54
78
66_70
73
70
78
73
70
46_58
78
70_73
73
70
78
73
68
49_61
78
68_73
73
68
78
73
68
78
73
68
78
73
68
37_49
77
68_73
49_65
73
68
77
73
68
41_53
77
53_68
73
68
77
73
68
44_56
75
56_63
73
68
75
73
68
75
73
68
75
75
71
44_44_80
44_63_68_71
75
71
80
75
71
47_47_80
71_75
75
71
80
75
70
39_51_80
70_75
75
70
80
75
70
80
75
70
80
75
70
78
39_51
70
51_66
75
70
78
75
70
78
42_54
54_66
75
70
78
75
70
77
46_58
58_65
75
70
77
75
70
77
75
70
77
77
73
82
34_46
46_65_70_73
77
73
82
77
73
82
77
73
82
78
71
82
39_51
51_66_71
78
71
82
78
71
82
78
71
82
73
71
80
41_53
53_61_68
73
71
80
73
71
80
71
73
71
80
73
70
80
42_54
70
54_61_68
73
70
80
73
70
80
73
70
80
73
70
78
66
73
70
78
73
70
78
73
70
78
70
66
71
39_51
51_66_71
70
66
71
70
66
71
70
66
71
68
63
71
35_47
68
47_68
68
63
71
68
63
71
66
68
63
71
68
65
71
37_49
77
49
68
65
71
68
65
71
68
65
71
66
61
70
42_42
73
54_66_70
66
61
70
66
61
70
66
61
70
66
61
68
37_49
73
49_66_68
66
61
68
66
61
68
66
61
68
68
65
73
71
65
68
65
68
65
68
65
66
61
70
42_42
70
42_66_66
73
73
73
82
61
70
42_54
61
70
42_54
61
70
42_54
70
66
39_51
71
71
71
80
61
68
41_53
61
68
41_53
61
68
41_53
68
61
42_54
70
70
70
78
66
39_51
66
39_51
66
39_51
63
66
35_47
68
66
70
61
42_42
71
66
68
61
37_49
65
59
37_37
66
58
66
42_42
