37_49_56_61_65
61
37_49_61_65_68
65
63
61_61
37_49_65_68_73
68
65
63
61_61
37_49_73_77_80
65_68
73
63_73
37_49
77
49_61
41_53_61_65_68
73
68
53
68
39_51
51_66
37_49
73
65
49
44_56_63_68_72
72
63
56
70
68
68
44_56_68_72_75
75
72
63
44_44
61_70
44
60
68
36_48_68_75_80
68
48_75
75
34_46
73
46
44_44
72
44
37_49_68_73_77
77
49
39_51
63_66_72_72
51_66
66
41_53_61_68_73
73
65
53_68
42_54
63_66_70
54_63
70
75
44_56_60_63_68
72
63
56_68
44_44
56_60_63
44
63
48_48_58_63_68
48_68
46_46
46
72
44_44
44_73
44_56
56_75
63_72_75
72
63
63_68_72
68
60
61_63_70
73
58
60_68
72
56
68_72_80
72
68
68_72
44_56_72
56_75
46_58_73
73
58_73
75
48_60_68_75_78
66
60_72
66
80
49_61_68_73_77
68
65
61_77
65
37_49_61_68_68
65
73
37_49_61_66_70
70
66
73
65
61_68_68
65
73
63_66
66
63
65_68_73
49_61_73
65
68
73_77
37_49_68
49
68_73_80
41_53
53
78
39_51
66
51
77
37_49
65
49
73_82
42_54_70
58
54
70
61_66
61
70
70
70_75
66
66_75
70
42_54
54
41_53
70
53
77
39_51_68
68_77
51
74
46_58_65_70
65
74
70
58
62
58
63
60
65
62
66
63
68
65
70
66
72
68
74
70
82
78
80
77
78
75
77
74
75
72
74
58_70
70
72
56
68
70
70
55
67
51_51
63
70
53_53
65
55_55
67
60
56
68
62
58
70
68
63
60
72
65
62
74
67
63
75
62_65
74
63
60
72
62
58
70
56
68
70
63
55
67
70
68
65
53
65
68
67
58
63
51
67
63
63
75
65
65
73
67
67
72
68
68
70
75
63_70
72
75
72
63
73
70
73
73
61
75
72
72
75
60
73
67
70
73
58
72
68
68
72
56
70
67
75
70
63
68
68
67
63
51
67
39
51
65
49_65
37
49
63
56
48_63
36
48
60
44
44
44
61
46
34
46
68
63
48_75
68
36
48
77
68
49
68_77
37_65
49
67
51
39
51
75
68
53
75
41
53
73
70
55
43_63_70_73
55
72
70
56
44_72_72
60
56
73
61
70
55
43_70_75
63
55
68
53
77
41_65_68
53
67
58
51
70
39_67
51
49
37
49
68
63
48
36_60_68
48
63
70
61
46
34
70
46
61
72
68
44
44
63_63
44
60
68
60
56
70
61
56
44
56
58
72
63
55
43
55
60
73
68
53
41
65
53
61
75
67
63
77
72
51
39
68
51
65
79
73
49
37_70
49
67
80
75
48
36_68
48
68
72
72
79
70
70
67
77
49
68
37
68
49
65
75
70
51
67
39
67
51
63
73
73
72
53
68
41
68
72
53
70
63
55
61
43
73
70
55
63
68
63
56
60
44
72
68
56
63
63
67
68
68
49
60
37
68
49
65
61
73
70
70
51
58
39
70
51_63
67
39
61
39
67
68
70
51_63
68
63
44
60
44
72
68
44
63
72
68
63
72
68
63
75
72
63
75
72
68
73
70
56
44_73
70
63
72
68
72
68
63
77
73
53
68
41
77
73
68
77
73
49
37
49
80
73
53
41
53
78
72
51
39
72
51_66
77
73
49
37
73
49_65
75
72
56
44
72
56_63
80
68
56
44
72
72
75
56_68
58
46
73
73_73
58_68
78
75
60
48
68
75
72
60_66
77
73
61
49
68
68_77
61_65
68
68
49
37
65
77
68
66
63
75
66
65
61
73
65
77
65
58
73
77
75
56
71_75
65
73
66
58
70_73
66
70
54
66_70
68
56
68_68
66
61
58
66_70
61
66
63
59
66_71
63
68
65
49_58
68_70
37
65
49
47
56
35_68_68
65
47
70
66
46
61
34_70_73
66
46
42
42
42
71
44
44_71
44
73
46
34
73
46
75
47
35
71_75
47
73
65
49
37
73
49_65
71
66
51
39
71
51_66
73
68
53
41
61_73
68
53_68
70
66
54
42
70
61
73
54_66
70
82
73
71
80
71
73
78
70
75
77
68
75
66
54
66_66
63
73
65
54
65
66
61
72
63
56
63
68
60
68
60
72
56
70
61
73
58
72
63
75
60
73
68
56
68
53
61
53
75
63
77
73
73
68
65
78
72
54
72
51
66
66
51
80
73
73
53
65
68
68
53
53
49
65
49
78
54
51
66
66
51
77
56
53
68
65
53
75
63
58
54_75
70
63
54
73
51
61
51
72
56
53
68
60
53
70
61
58
54
73
75
58
54
68
60
56
44
72_75
56
56
75
72
75
78
75
44
44
78
77
73
77
73
75
72
75
72
68
73
70
73
70
72
68
56
44_72
68
63
63
56
70
54
42_70
72
63
60
54
68
61
53
41_68
73
65
53
65
49
37_65
49
66
51
39_66
51
68
53
41_68
63
53
70
54
42_70
61
54
72
56
44_72
56
73
66
58
46_73
66
58
75
60
48_75
60
77
65
61
49_77
65
61
66
66
75
68
60
48_75
68
60
73
58
46_73
58
72
56
44_72
56
63
70
58
54
42_70
54
68
60
53
41_68
65
60
53
66
51
39_66
66
51
65
61
49
37_65
68
49_61
73
65
61
65
75
66
63
66
77
73
48_65
36
68
48
68
78
46_66
34
70
46
70
80
72
68
72
82
73
56_70
44
73
44
60
84
75
72
54
42
75
42_58
82
80
77
73
53
41
77
41_56
68
70
72
53_58
72
70
60
73
68
53_61
73
73
70
73
54
42
72
54_63
63
70
73
68
73
56
44
68
56_63
63
72
68
72
68
44_63
63
44
44
72
70
72
68
44_63
63
73
65
73
49
37
68
49_65
61
