48_48_48
50_50_50
52_52_52
53_53_53
55_55_55
50_50_50
52_52_52
48_48_48
57_57_57
55_55_55
48_48_48
53_53_53
52_52_52
57_57_57
57_57_57
59_59_59
55_55_55
60_60_60
59_59_59
60_60_60
52_52_52
50_50_50
48_48_48
55_67
50_50_50
52_52_52
54_54_54
57_69
55_55_55
59_71
60_72
43_43_43
62_74
57_69
59_71
55_67
43_43_55
64_76
42_42_54
47_47_59
62_74
55_67
52_52_52
60_72
50_50_50
55_55_55
59_71
52_64
48_48_48
52_64
54_66
50_62
47_47_47
55_67
45_45_45
54_66
55_67
57_69
43_43_43
59_71
60_72
62_74
53_65
60_64
52_60
69
57
67
55
65
62
53_62
72
64
60
64
65
65
71
67
59
67
62
62
64_72
60_64
60
60
48_48_48
60_69
69
47_47_47
52_52_52
67
67
60
60
65
69
65
57
67
55
64_72
60_64
57
57
53_53_53
57
57
59
59
55
55
52_52_52_67
72
67
60
50_50_50_65
65
71
59
48_48_48_64
72
64
60
48_64
64
50_50_50_62
62
52_52_52_67
60
60
67
62
62
48_48_48
64
64
69
65
65
69
55_55_55_71
62
62
71
72
60
60
72
43_74
59
59
74
69
60
60
69
71
62
62
71
67
67
76
67
59
59
76
55
66
57
54
74
71
62
74
59
67
67
72
64_64
72
62
62
71
67_67
71
76
76
60_60_60
76
67_67
64
74
78
69
69
74
66
59
59_59
74
67_67
62
72
57_57_57
76
67
72
64
74
66
66
62
72
60
71
55
55_55_74
67
67
71
62
72
74
76
77
79
74
76
72
81
79
72
77
76
81
83
81
83
79
84
76
77
74
79
77
76
72
76
78
79
67
74
79
69
71
72
78
74
69
79
71
67
76
79
78
83
74
67
83
81
72
79
78
81
74
71
76
79
84
78
76
78
74
83
79
81
72
77
79
77
76
74
84
48_48_48_76
67_79
76
72
83
50_50_50_74
65_77
74
71
84
52
52_52_72
67_79
72
72
53
53_53
79
55
55_55_71
62_74
71
67
50
50_50
84
52
52_52
72
67_79
72
72
79
48
48_48
64_76
67
84
57
57_57
76
69_81
76
72
83
62_77
74
71
76
55
55_55
71
67_71
67
76
48
48_48
64
64
74
53
53_53
69
65_69
65
74
64
64
67
71
67
62
59
67
79
52
52_52
67_71
67
79
71
72
57
57_57
72
64
72
77
72
65
65
77
57
57_57
69
59
59_59_74
74
67
67
55
55_55
76
60
60_60
76
72
76
74
77
69
69
65
74
59
59_59
67
67
72
60
60_60
76
67
64
72
76
77
74
79
77
76
72
79
71
72
69
78
74
72
79
71
83
67
84
76
81
78
83
43_43_43
71_79
67_74
74
81
45_45_45
72_78
66_72
72
79
47
47_47
74_74
67
71
48
48_48
76
69
78
50
50_50
74
66
69
69
45
45_45
72
72
64_69
79
47
47_47
74
74
62_71
67
43
43_43
71
67
52
52_52
67
67
66
66_66
78
50
50_50
71
71
66
76
43
43_43
64
81
48
48_48
69_76
64_67
69
67
65
62
66
66
62_66
64
74
47
47_47
62_71
65_66
74
52
52_52
67_67
67_72
72
52
52_52
66
64
74
54
54_54_69
62_69
50
50_50
55
55_55
71
71
67
71
62
72
72
69
64_64
69
54
54_54
62
62
71
55
55_55
71
67
62
67
55
67
69
69
71
62
62
71
72
57
69
72
74
50
50_59
71
74
60
72
64
64
62
74
65
65
72
52
52
67
67
72
71
71
69
53
53
69
69
69
71
55
55_60
72
71
59
71
72
57
57_57
69
72
74
59
71
67
67
74
65
65
76
60
72
64
64
76
55_62
55_74
65
65
53
53
52_64
52_76
67
67
74
53
53
74
72
72
71
55
55
71
72
62
74
72
60
72
74
59
71
74
57_60
57_72
67
59_62
59_74
67
67
65
65
72
60_60
64
64
60
48
60
74
62
76
67
55
64
77
50
62
65
79
43_52
64
43
67
53
65
69
57
55
67
71
59
77
45
45
72
60
65
76
64
74
47
47
74
62
62
76
53
48_65
48
64
52
64
77
50
50_62
50
65
79
52
64
72
60
67
71
59
81
53
65
69
57
69
55
67
48
48
71
59
47
47
57
69
45
45
72
60
79
47
47
67
77
65
76
48
48
64
77
50_69
50
60
65
79
55
52_67
52
71
59
67
81
50_53_65
50
72
60
69
83
74
62
71
84
48_52_64
48
76
64
72
83
50_53_65
50
74
62
71
52_55_67
52
81
53_57_69
53
72
60
69
79
52
52
62
71
64
72
77
50
50
74
65
74
76
52
52_69
64_72
72
53
53
74
55
55_71
62_71
71
53
53
69
79
52
52
67
67
50
50
72
72
71
71
48
48
69
69
77
50
50
65
43
43
71
71
55
55
76
57
57
72
64_72
55
55
74
53
53
62
50
50
55
55
71
71
53
53
72
52
52
72
55_67
72
60
50
50
48
48
67
64
60
60
74
74
76
76
77
62
77
62
79
64
79
64
74
65
74
65
76
60
48
67_67
76
64
64
69
69
64
62
50
64
52
65
53
67
55
67
67
64
52
69
57
60
60
65
65
71
59
69
57
71
59
67
55
76
72
60
64
64
76
69
66
66
69
66
74
59
59
71
59
74
64
64
64
62
62
62
52
52
67
67
67
72
57
57
69
57
72
66
66
66
64
64
64
54
42
54
62
69
62
71
55
43
67
55
62
67
71
69
50
38
50
69
66
62
66
48
36
48
67
47
35
67
47
67
67
45
45
45
60
60
43
43
43
59
59
69
57
57
55
43
55_71
55
59
72
60
74
62
53
41
53
64
52
40
52
64
56
44
72
56
60
62
71
62
59
60
57
45
69
57
60
59
59
76
57
64
60
55
43
55
59
69
53
41
53_69
57
74
62
52
40
76
52
64
64
59
68
71
68
66
66
52
52
59_59
64
68
69
69
57
69
71
68
56
59
71
50
50
66
54
48
48
64
52
64
64
69
69
47
47
71
59
63
63
67
45
64
64
67
66
59
47
59
66
63
63
57
57
76
56
52
76
56
64
64
64
54
54
52
52
52
64
74
74
73
57
57
73
71
71
62
69
69
61
55
55
54
54
74
62
67
52
52
66
50
50
64
72
60
62
55
55
71
59
60
69
57
59
67
55
57
53
53
52
52
55
67
67
50
50
48
48
72
60
65
65
72
64
64
72
71
59
69
57
69
69
71
71
69
74
62
69
69
67
67
74
65
65
74
72
60
64
64
55
55
71
59
62
62
72
69
57
64
64
72
65
65
71
67
55
67
67
71
69
53
53
69
57
69
71
59
67
52
52_72
60
67
69
65
65
69
71
71
72
57
57
64
64
72
70
58
62
62
69
57
60
60
70
55
55
70
69
53_69
53
60
69
67
52
52
67
65
50
50_74
62
62
62
65
67
67
69
69
70
55
55
70
72
60
64
64
65
65
70
58
67
67
53
53_69
57
70
52_67
52
55
70
50
50
65
65
48
48
64
64
70
69
69
57
65
65
69
70
58
67
60
60_72
60
65
67
64
64
58
58
65
57
57
65
65
65
55
55
53
53_65
53
67
67
69
60
60
69
71
67
55
71
72
48
48_69
57
72
71
59
62
62
72
60
64
64
71
50
50
65
65
71
69
69
67
52
52
67
67
67
69
53
53_71
59
69
69
57
71
55
55_67
55
71
72
69
57
65
65
72
64
64
74
71
59
62
62
74
53_72
53
60
64
64
52
52
50_74
50
62
65
65
72
52
52
67
67
72
71
71
69
53
53
69
69
69
71
55
55_72
60
71
71
59
72
57
57_69
57
72
74
59
59
74
76
60
60_76
64
67
67
76
77
77
79
74
62
79
79
59
59
67
74
74
67
57
57
64
67
72
72
78
60
66
79
55
55
74
62
67
67
71
71
74
74
72
60
55
55_71
59
72
72
71
76
64
67
67
71
53
53
76
52
52
76
74
62
65
65
57
57
72
60
64
64
74
71
59
74
72
69
57
69
69
72
71
55
55
71
69
53_74
53
62
69
69
71
52
52
67
67
71
72
72
74
50
50
65
65
74
52
52_72
60
64
64
53
53
55
55
71
59
62
62
72
69
57
64
64
72
65
65
71
67
55
67
67
71
69
53
53_71
57
69
72
59
67
52
52_74
60
67
67
69
50
50
65
65
69
71
71
72
48
48_72
64
64
72
47
47
59
45
45
57
65
65
74
74
76
43
43
55
67
72
76
67
77
77
79
71
71
79
74
74
76
48
36
72
48
72
76
50
38
50
52
40
52
53
41
53
74
55
43
71
55
67
71
74
67
74
62
65
65
72
60
71
59
69
57
64
67
55
64
55
72
60
62
62
74
71
59
74
67
76
55
64
67
60
84
67
76
72
72
83
74
65_79
71
74
84
48
36
72
48
64
79
72
76
65
55
43
74
55
67_79
74
83
71
84
48
36
76
48
67
76
72
79
79
60
48
60
67_67
77
77
76
76
76
74
74
72
36
48
72
65_65
79
64
67
60
64
74
62
62
62
76
58
34
46
60
72
64
67
77
77
65
79
76
60
72
67
67
74
77
57
45_72
45
72
65
45
53
65
74
57
79
76
67
81
77
69
83
71
84
40_52_72
52
67_79
72
79
67
81
53_72
41
53
65
77
69
72
79
81
74
69_77
77
79
76
77
74
84
76
76
83
74
53
74
53_69
74
81
72
72
83
53_74
41
79
50
67
71
55
83
74
53
79
67
71
55
84
52_72
40
79
52
67
72
72
84
76
36_48
79
48_67
72
72
84
55_74
43
79
55
67
72
74
83
43
43
71
84
48_76
36
79
48
67
72
72
