65_77
60_72
62_74
77_77
57_69
72_72
58_70
74_74
53_65
69_69
55_67
70_70
62_74
65_65
63_75
67_67
69_69
62_74
70_70
60_72
69_69
62_74
70_70
63_75
72_72
46_74
65_65
58_58_62
41
53_53
43
82
55_55
70
38
70
77
50_50
65_70
39
70
79
51_51
67_70
34
70
74
46_46
62_70
36
70
75
48_48
63_70
41
69
72
53_53
60_69
46
74
74
58_58
62_74
76
64
45
72
77
57_57
65_72
43
70
76
55_55
64_70
77
65
48
76
79
60_60
67_76
45
77
84
57_57
60_72_77
48
79
60_60
67_76
41
77_81
53_53
69_77
72_76
60
64
74_77
62
65
70_79
58
67
41
72_81
53
69
53_72
82
70
36_64_84
48
72
48
76
72
38_69_77
50
65
50
69
65
70
70
45_72_72
45
45
72
60
34_65_74
46
46
65
62
38_69
50
50
57
43_70
55
55
58
72
60
41_74
53
53
62
40_72
52
52
60
41
53
53
43_70
55
55
58
41_69
53
53
57
38_71
50
50
59
40_84
67
52
52
60
72
79
72
36_79
64
48
48
60
67_76
72
41_81
72
53
53
60
69_77
72
40_76
67
52
52
64
72_72
67
38_77
69
50
50
65
74_77
69
43_74
71
55
55
67
71_74
36_79
72
48
48
67
76_76
67
74
65
74
79
36
67
36
48
64
72_76
67
74
71
76
72
71
67
72
72
60
67
64
69
57
65
53
62
50
70
58
72
60
70
58
69
57
67
55
69
57
67
55
65
53
67
64
52
67
72
60
64
64
74
62
72
60
70
58
60
69
57
60
70
58
69
57
67
55
57
65
53
57
65
65
67
67
65
65
53
65
64
64
62
65
53
62
64
64
62
65
53
62
60
60
59
67
55
59
67
67
69
69
67
67
55
67
65
65
64
67
55
64
65
65
64
67
55
64
62
62
72
69
60
57
60
72
69
69
69
60
57
60
65
69
60
57
60
65
69
60
57
60
62
70
62
58
62
62
70
70
72
72
70
70
62
58
62
70
69
69
67
70
62
58
62
67
69
69
67
70
62
58
62
67
65
65
64
72
64
60
64
64
72
72
74
74
72
72
64
60
64
72
70
70
69
72
64
60
64
69
70
70
69
72
64
60
64
69
67
67
81
72
53
41
65
69
53
77
72
65
84
52
40
72
52
79
72
72
67
67_79
48
36
64
48
76
72
67
64
72
69
81
45
45
65
72
45
72
74
53
41
69
53
72
70
72
69
69
55_70
72
52
40
65
53
69
52_67
74
69
50
38
65
50
65
52_67
74
48
36
65
69
50
65
48_64
74
47_74
35
67
47_74
67
62
76
55_74
43
71
55_71
72
71
71
72
57
74
71
53
41
67
55_62
69
53
74
71
52
40
67
52_67
69
53
74
50
38
67
52_67_71
65
50
72
52_72
40
67
52_67
72
60
79
67
84
72
67
48
36
64
79
48
65
50
38
65
77
50
72
52
82
40
67
79
52_70
72
72
53
81
41
65
77
53
69
72
74
46
82
34
65
77
46
70
74
67
48
79
36
64
76
48
67
72
67
72
48
79
36
64
76
48
67
72
72
41
81
41
65
77
53
69
72
67
55
69
57
72
72
64
52
67
67
65
53
69
69
64
64
65
65
65
65
60
60
62
77
62
77
57
72
57
72
58
74
58
74
65
60
69
60
69
58
70
62
46
70
62
58
63
63
53
65
41
65
53
55
82
58
43
70
55
50
77
65
38
50
51
79
67
39
51
46
74
62
34
70
46
48
75
75
63
36
48_63
55
70
70
43
55
56
72
72
44
56
51
67
67
39
51
63
53
68
68
41
53
60
46
65
65
34
46
62
51
67
75
39
51
67
75
67
70
70
55
68
72
72
56
70
67
67
58
72
68
68
60
74
65
65
62
51_75
79
39
67
51_67
67
46
74
34
62
46_65
65
48
75
36
63
48_63
63
43
70
43
58
55
45
72
45
60
57
41
77
41
65
53
46
77
34
62
58
77
65
74
72
63
72
63
46_74
77
34
65
46
74
65
69
72
69
60
70
74
70
58
72
69
72
57
74
58
70
74
75
75
77
53
65
77
70
55
67
70
72
57
69
72
74
58
70
74
72
57
69
72
74
58
70
74
75
60
72
75
74
58
70
46
74
58
70
65
53
41
53
70
55
74
43
70
55
62
65
50
74
38
65
50
67
52
72
40
67
52
60
64
48
72
36
64
48
77
53
69
41
60
77
53
65
72
72
74
41
41
65
74
53
65
69
60
69
60
70
62
70
62
67
64
67
64
69
53
72
41
65
69
53
65
60
67
48
70
38
64
67
48
64
58
65
50
69
39
65
65
50
57
45
65
45
60
65
45
60
65
46
74
46
62
65
46
62
67
43
70
43
64
67
43
64
58
84
41
72
41
65
69
41
81
72
79
84
41
72
41
65
69
41
81
79
76
81
77
76
72
77
65
77
65
77
62
74
77
74
58
70
74
70
67
70
55
75
63
67
67
77
65
75
75
75
63
74
62
72
60
77
74
77
62
75
72
75
60
74
70
74
58
72
69
72
57
74
74
72
77
72
65
70
70
69
69
70
79
70
67
69
77
69
65
67
75
67
63
65
74
65
62
67
75
67
63
65
74
65
62
63
72
63
60
62
70
58
46
62
62
58
63
70
70
62
60
55
43
58
55
72
72
70
70
70
58
68
68
67
70
51
39
67
58
51
68
68
67
70
67
58
65
65
75
48
36
63
63
48
77
65
75
56
44
63
56
74
62
72
60
74
58
46
62
58
63
72
56
44
63
60
56
70
55
43
58
55
68
68
53
41
68
68
53
70
55
43
70
55
72
68
53
41
72
68
53
67
51
39
67
51
77
65
50
38
70
65
65
50
51
65
39
51
50
38
50
48
36
48
74
46
34
62
65
46
67
65
65
65
63
70
70
65
58
62
63
70
50
38
65
62
50
60
82
70
51
39
67
55_67
51
63_75
79
65_77
72
51
39
67
63_75
51
62_74
75
72
51
39
67
60_72
51
62_74
72
51
39
67
60_72
51
58_70
72
72
53
41
69
57_69
53
70
77
69
65
67
65
79
67
77
74
53
41
69
65_74
53
75
69
63
74
53
41
69
62_74
53
69
75
63
77
74
53
41
69
62_74
53
69
72
60
74
74
55
43
70
58_70
55
76
77
69
53
41
72
72
65
53
69
77
70
55
43
70
70
65
55
76
64
77
72
53
41
69
72
65
53
69
72
41
41
69
72
65
53
67
72
41
41
69
67
64
69
77
41
65
64
72
60
65
74
53
62
53
69
48
57
48
70
50
58
50
72
52
60
52
77
69
41
41_69
77
53
72
67
67
72
74
65
65
74
65
69
60
69
60
70
62
70
62
72
64
72
64
69
65
69
65
60
60
67
67
65
72
60
65
57
57
69
57
53
53
77
65
46
74
77
34
50
70
46
74
70
46
70
74
34
65
46
65
70
62
70
62
62
70
46
34
46
67
70
51
67
67
39
58
51
75
72
75
55
72
67
77
77
75
51
75
39
51
74
74
72
51
72
39
51
74
74
72
72
51
72
39
67
51
70
70
69
72
53
69
69
41
65
53
77
74
77
74
79
79
77
53
77
41
69
53
75
75
74
53
74
41
69
53
75
75
74
74
53
74
41
69
53
72
72
70
74
55
70
67
43
67
55
69
69
67
67
69
69
70
70
72
72
70
74
55
70
67
43
67
55
72
72
74
70
55
74
70
43
67
55
76
76
67
74
70
55
74
70
43
67
55
76
76
67
77
72
57
77
72
45
65
57
65
75
72
57
75
72
45
65
57
65
74
70
58
74
70
46
65
58
65
72
72
57
72
65
45
65
57
65
74
70
58
74
70
46
65
58
65
75
70
51
75
70
39
67
51
67
72
69
53
72
69
41
65
53
65
41
41
74
70
46
74
70
34
46
65
65
70
67
74
67
70
46
65
62
62
65
67
63
63
67
63
72
60
63
65
74
62
65
58
63
72
60
63
53
70
70
62
70
62
55
58
65
70
65
50
67
70
63
67
67
51
69
72
63
69
63
48
60
70
74
62
70
65
46
65
72
72
74
74
70_74
65
46
72
48
63
36
48
63
70
50
65
38
50
65
72
75
51
67_72
67
39
51
70
70
63
69
72
53
69
65
65
41
53
60
77
69
53
72_77
60
41
53
69
75
70
55
75
70
58
43
55
67
77
72
57
77
72
65
45
57
65
74
74
58
74
70
65
46
58
65
75
70
51
75
70
67
39
51
67
72
70
53
72
65
41
53
65
69
41
69
41
75
63
70
74
46
70
65
65
34
46
62
77
74
70
74
65
46
72
69
77
74
72
69
74
58
65
46
65
69
53
41
82
55
70
43
77
50
38
79
51
39
74
46
34
75
48
67
36
72
53
69
41
74
58
65
46
55
70
43
76
60
67
48
58
46
77
57
72
45
72
53
69
41
65
55
43
69
57
65
45
53
41
77
58
74
46
62
74
46
34
70
46
34
67
51
63
39
75
72
77
67
75
51
39
74
72
51
39
74
72
51
67
39
70
69
53
65
41
70
60
69
67
65
65
75
57
72
45
65
74
58
70
46
65
72
69
74
55
43
70
75
51
67
39
72
53
65
41
41
69
41
65
70
46
65
34
62
