62
64
66
64
67
66
64
62
69
67
66
64
66
50
62
52
69
54
52
71
55
54
73
52
74
50
73
57
55
69
54
52
73
54
74
50
76
57
73
78
45
74
73
57
71
76
57
73
74
45
71
69
57
68
76
57
73
78
45
74
73
57
71
76
57
73
74
45
71
69
57
68
73
57
71
74
59
73
71
61
69
78
62
61
68
64
62
69
61
59
61
71
62
71
64
52
69
69
57
52
54
56
57
59
61
59
76
62
61
81
59
57
64
71
73
52
75
76
78
79
78
81
59
79
78
64
76
83
54
71
56
58
59
61
62
61
66
64
62
71
61
59
66
70
71
54
73
74
64
76
78
62
76
79
71
78
70
76
71
74
76
61
74
78
70
76
68
74
70
73
74
71
73
69
76
67
74
66
73
64
71
62
73
64
62
70
66
64
71
62
61
62
73
64
73
66
54
71
71
59
66
68
54
70
71
50
73
74
67
73
76
74
73
71
79
47
49
51
52
54
55
54
57
55
54
52
57
64
66
68
69
71
73
71
74
73
71
69
78
45
47
49
50
52
54
52
55
54
52
50
56
71
76
74
52
73
54
71
56
73
57
71
56
74
54
73
52
71
50
69
54
68
52
50
64
49
47
69
49
71
45
73
57
71
74
54
73
71
49
69
78
50
49
52
68
50
69
49
68
47
69
49
74
50
71
52
40
69
69
45
49
50
73
52
74
54
76
55
66
57
55
67
59
57
69
55
54
71
55
54
73
57
55
74
54
52
54
73
52
76
55
74
54
73
52
74
50
76
57
74
73
45
71
69
67
66
64
67
66
64
62
69
67
66
64
66
50
62
52
69
54
52
71
55
54
73
52
74
50
73
57
55
69
54
52
74
54
50
74
57
54
62
59
55
74
54
52
74
57
54
62
55
52
74
50
49
74
57
54
62
59
55
74
54
52
74
57
54
62
55
52
74
50
76
49
78
50
76
79
52
78
76
54
74
83
55
54
73
57
55
74
54
52
54
76
55
76
57
45
74
74
47
45
62
48
47
67
45
43
50
57
59
61
62
64
66
64
49
67
47
66
45
64
43
62
42
71
43
42
45
61
43
62
42
61
40
62
42
67
43
64
45
62
62
38
