46
53
46_46
58
57
58
51
55
58
57
50
58
53
46_46
60
60
48
41_41
57
63
63
51
46_46
55
58
81
50
53
62
58
58
48
53_57
60
41_41
57
53
50
62
53
53
46_46_58
58
53
48
60
53
57
41_41_53
65
58
63
58
39_39
51
55
58
62
50
62
53
53
41_41
60
60
48
53
48_48
60
53
65
57
51_51
46_46
58
47
49
47
49
47
49
47
49
47
49
47
49
47
49
57
47
49
47
49
47
49
47
49
58
53
47_58_70
49
47
49
57
57_69
47
63
49
47
58
58
49
62
53_74
58_70
46_46
70
62
53_65
50_77
59
81
82
46
58
58_70
82
57_57_69_81
39_39
58_58_70
58
82
46
63
55
51
46
81
58_70
58
82
57_57_69_81
58
46_46_82
58_70
53
51
53
62
50
60_72
60_84
57
57
60
41_41
48_84
60_72
50
65
63_75
63
87
63_63_75
51
46_46_58_58
63
87
55
48
62
62_74
50_58
53_86
39_39_65
58_70
58
82
48
53
60_72
41_41_53_57
60_81
59
65
84
72
60_69
77
58
81
57_69
57
53_65
77
53
62_74_86
46_50
65
62
46_46_53
58
58_70
82
58
48
48
60_72
41_41
59
53_65_72_84
57_69
53_60
60
81
77
65_77
89
65
58_70
58
82
51
39_39
55_58
51_63
51_63_75
87
63
81
86
62_62_74
41_41_50
62
50_53_86
62_62_74
53
60
60_72_84
53
60
48_65
53_84
60_72
41_41_57
53
60
65
47
49
47
49
49
47
49
47
49
47
49
47
49
47
49
47
49
47
49
58
47_74
70
53_70_82
65_70
58
49_53
82
62_94
77
65
62
47
65
82
49
69
47
57
69_81_81
49
51
51_63
93
47
49
70
47
58
82
70
53
49_50_58_62_82
46_46_46_53_53_58
50
94
62_70_74
59
46
77
62
58_70
82
62_65
65
81
65_65
70
63
63
63
82_94
46_58_58_70
70
53
58
82
70
45_57_57_69_69_81_93
57
51
81
69
46
50
53_58
50_58_82_94
58_62_70_70
46_46_58
45_46_46_53_53
82
70
81
53
65
65
65_65
70
51_51_51
63
63
63
63
70
82_94
58
70
82
58_70
46_58
69
69
81_93
81
57
45_57
57_69
50
46_58
50_53_53
69
46_46_53_58
41_58_62_82_94
81
65_69
57_65_69
46_58
62
45
70
82
58_70
70
70
74
59
77
41_53
82
53_53_65
65
65
77
77_89
41_53
58
58
34_46
46_58
53
70
56
68
80_92
44_56
51
39_39_44_44_56_63_68_68
48_56
44_51
63
80
44_56_60_63_68
47
47
49
47
49
47
68
49
72
47
75
49
47
80
49
47
49
87
63
47
49
47
49
70
58_70
58
46_58
82
70
58_82_94
69
57
45_57_57
57_69_81
81_93
69
70
58
46_46_46_53_53_58
82_94
46_58
58_70_70_82
53
50
50_58
56
46
59_62
65
58
77
70
65
74
70
65
65
82
63
45
63
55_63_77_89
51
81
70
58_70
58
46_58
70
53_82_94
82
57
45_57_69
57_69_69_81
81_93
51
46
50
46_46
53
53_53
58
58
62
70_70
46_50
46_58_58_70_82
82_94
59
58
65
65
70_74
65
65_77
65
70
82
51
63
63
63_81
70
70
69
69
70
46
50
53
70
58
62
65
65
64
64
65
65
50
75
87
75
86
74
74
75
53
87
75
60
48_51_60_72
60_60
59
59
47
59_59
71
50
48
60
60
72
60_60
51
49
47
47
49
47
49
47
49
47
49
47
49
47
70
65
49
47
49_70
47
49
47
49
47
49
47
49
47
49
47
49
47
49_57
41
60
69
60
47_65_77
69
65
65
60
48_49
47
72
49
47
49
47
49
47
49
47
49
47
49
47
49
62_70
65
58
58_58
45_46_58_58_58_62_62_65_70_70_74_84
46
58
53
62
58
74
62
74
70
65
77
82
86
57
59
58
59
58_58
58
53
53_53
65
58_58
58
62
86
62_62
62
57
58
58_58
58
65
53
62
58
62
81
58_58
57
58
53_53
58
65
58_58
53_62
62_62
62
58
58
57
58
53
58_63_67
34
46_46_51_55_58
58_67
46
94
55
81
55
51
57
93
94
58
89
53
94
53
36
53_58_65
53
48_57
48_57_65
45_45
57_60
69
93
57
94
58_58
58_70
89
53
69
57_57
34
70
46
58_58
50_94
53
46_46_81
57
65
53_94
93
94
89
77_94
93
70
94
58_58
65
69
57_57_89
34_46
51_70
55
58_58
94
51_51
67
81
55
93
94
99
77
94
93
70
94
58_58_67
99
69
57_57
34
70
94
46_46_46_58_58_65
53
50_53
81
93
94
72
89
60_60
36
48
57
94
48_48_72
60_60
57
69
89
75
63_63_94
39
51
55
58
75
94
81
58
63_63
70
51_51
77
93
89
94
93
89
38_74
50_58
53_62_62_94
70
58
70
58_58
72
65
57
36_48
57
53
60_60
48_48
81
89
96
69
89
57_57
101
53_65
77
53_53
89
74
62_62_70_96
38_53_58
58
50
70
58_58
89
72
36_48
57
53_65
81
57
41_41_60_60
72
89
96
89
101
77
89
65_65
96
65
77
58_58_70
89
39
51
55_58
63_63
75
70
51_51
55
70
89
94
62_62
99
74
62_62
74_94
38_50
58_65_69
53
50_50_53
89
94
72
60_60_89
72
72
48_48
96
53
60_60
57
53
49
36_48
77
65
47
89
47
49
47
49
47_89
49
47
49
96
49
47
89
49
47
49
53
101
82
47
70
49
70
47
89
81
49
51
69
47
49_69
58
47
82
62_70_74
50_58
49_70
50_62
46_53_58_65
65
59
77
65_77
70
82
94
58
57
93
94
58
70_82
81
70_70
82
69_81
69
81
69
58_58
70_82
70
70
58
75_82
58_67_70
51_55_63_67
79
63
82
94
58
93
57
94
58
81
82
70_70
70_82
82
69_81
81
81
69
69
58
62
58_58_70
53_70_70_82_94
74
82
46_50_53_58_62_65_70_82
58_70
77
65
82
65_65_77
77
77
65
77_89
77
60_77_89
77
89
87
75_87
75_87
75
86
74_86
86
74_74
75_87
58_58
48_60
53_65_87
75
58_70_75_87
58
63_75
59
65_89
77_89
77
77_89
84
60_72_84
84
72
72
51_58_58_63_75_75_87
55_58_58_67_70
63_70_75
87
62
74_86_86
74_86
72
48_53_60_72_84
53_57_60_65_69_84
57_57
72
84
59
77_89
89
77_77_89
67
72_84_84
60
72_84
72
75_87
51_56_63_63_75
56_56
48_56_60_68
87
75
68
75
80
84
77_77_89_89
89
65
77
72_84
84_84
60_72_72
51_63
87
58_58_58_58_70_75_87
55_67
63_75_87
75
70
49
47
49
47
47_74
62
74_86
86
86
47
55
48_60
55_55
55_58_67_70
72_84
84
60_72_84
67
49
47
49
47
75_75_87
87
84
49
47
49
79_91
91
79
47
49
47
65
48_60
49_81_93
53_57_65_69_82
53_53_57
58
93
72_81
59
47
49
47
49
47
49
47
57
49
49
47
65
49
77
47
69_72
81
49
84
89
47
49
47
49
47
49
82_94
59
106
58_70_70
58
82_82
47
49
81_93
57
69_105
47
69
57_81_81
49
47
46_46_82_94
106
49_58
70
46_50_58_62
58
59
53_65_70_82
82
77
53
77
51
106
82
58_82_94
70
81_82
70
58
57
81
105
81_93
81
57_69
69
65
74
77
58
70_106
70
46_58_70_82
46_46_58_82_82_94
55_67_82
51_63
86
79
53
51_51
51
81
82
82_94
58_106
58
70
82
70
81_93
57_57_81
81_105
69
69
65
46_58
74_106
50_58_62_77
70
46_46_70_70_81_82_93
53_65_82
58
77
82
86
82_94
77_89
65
77
81
101
70_77_82
53
56
75
68_104
80
51_51
56_80
80_92
44_56_56_68
51_56_63_68_80
47_84
70
47
49
47
49
47
49
47
49
47
49
47
49
47
49
47
49
47
58_70
82_94
82
58
106
49
70
82
47
49
81
81_93
57
57
47_105
69_81
69
49
47
65_82_94
46_58_70_106
46_46_49_50_53_58_58_62_65
77_82
70
74_82
59
70
82
86
81
81
77
53
77
82_94
106
58
58_70
70_82
81_93
57_105
81_81
57
69
69
65_82_94
106
59
51_51_58_58_70_82
46_51_58_63
55_67_70_70_74_82
79_82
86
89
79
55
81
58
70_82
70_106
58
82
81
57
57
105
69_81
69
46_46
58
82_106
77_82_94
50_53_58_62_65_70_70_70
77_82_89
58
53
77
53_53
57
48_60_81
81_93
41_49_53_77_81
69
57_105
53_65
65
47
49
47
47
47
49
47
53
49_65
72
47
77
49
81
47
49
47
49
53_58
70_82
47
82_94
49
47
49_57_81_93
51
69_81
99
47
49
46_58
58_82_94
70
58_70
49_53_58_62_65_70_74
46_46_82
77
50
77_98
59
82
81
81
81
81
81
