62_65_74
62_65_74
64_67_74
74
73
73
74
74
73
73
74
74
73
73
71
71
73
64_67_73
65_69_74
69
74
69
74
74
76
76
77
77
79
65_69_79
65_69_81
65_69_81
64_67_81
81
79
79
81
81
79
64_67_79
57_81
81
79
79
81
81
79
57
50
79
77
77
79
79
77
77
76
76
74
50_74
57_81
81
76
76
73
73
69
57_69
61_79
61
62
77_79
77
79
79
77
62_77
64_76
64_76
65_74
65_74
57_81
81
76
76
73
73
69
57_69
61_79
61
62
77_79
77
79
79
77
62_77
64_76
64_76
65_74
65_74
57_81
81
76
76
73
73
69
57_69
61_79
61_79
62_77
62_77
64_79
64_79
65_81
65_81
67_82
67
69
69
67
67
65
65
64
64
62
62
60
82
81
81
79
79
77
77
76
76
74
74
72
60
62
62
64
64
65
65
67
67
69
69
60
72
74
74
76
76
77
77
79
79
81
81
72
60
62
62
64
64
65
65
67
67
69
69
62
60
62
62
60
72
74
60
62
62
60
74
76
60
62
62
60
60
62_76
77
62
60
60
62
77
79
62
60
60
62
79
62_81
60
60
62
62
60
81
82
60
62
62
60
82
81
60
62
62
60
60
62_81
79
62
60
60
62
79
77
62
60
60
62
77
62_76
60
60
62
62
60
76
74
60
62
62
60
74
72
60
62
62
60
60
62_72
74
62
60
60
62
74
76
62
60
60
62
76
62_77
60
60
62
62
60
77
79
60
62
62
60
79
81
60
62
62
60
60
62_81
82
62
60
60
62
82
81
62
60
60
62
81
62_79
60
60
62
62
60
79
77
60
62
62
60
77
76
60
62
62
60
60
62_76
74
62
60
60
62
74
72
72
74
60
74
62_72
72
70
62_70
64_69
69
67
64_67
65_69
69
67
67
69
69
70
72
70
72
74
74
76
76
77
77
79
65_79
65_69_81
65_69_81
58_70_79
79
74
58_70_74
60_69_77
77
76
76
77
77
76
69_76
67_77
77
76
76
74
74
76
60_67
53
76
77
77
76
76
77
77
72
72
81
53_81
69_72
69
67
70_72
70
72
72
70
67_70
60_72
72
70
70
69
69
70
60_70
53_69
69
77
77
76
76
77
77
72
72
81
53_81
69_72
69
67
70_72
70
72
72
70
67_70
60_72
72
70
70
69
69
70
60_70
53_69
69
81
81
79
79
81
81
77
77
81
53_81
69_72
72
84
69
67
84
82
82
84
84
82
67_82
60_84
84
82
82
81
81
82
60_82
53_81
81
81
81
79
79
81
81
77
77
81
53_81
69_72
72
84
69
67
84
82
82
84
84
82
67_82
60_84
84
82
82
81
81
82
60_82
77_81
81
84
77_84
76_79
79
84
76_84
74_77
77
84
74_84
72_76
76
84
72_84
70_74
74
84
70_84
69_72
72
84
69_84
67_70
70
82
67_82
65_81
65_81
64_79
64_79
65_81
81
77
65_77
58_70_79
79
74
58_70_74
60_69_77
77
76
76
77
77
76
69_76
67_77
77
76
76
74
74
76
60_67_76
65_69_77
77
81
65_69_81
64_67_72
72
79
64_67_79
62_65_70
70
77
62_65_77
60_64_69
69
76
60_64_76
58_62_67
67
74
58_62_74
57_60_65
65
72
57_60_72
55_58_64
64
70
55_58_70
53_69
53_69
52_67
52_67
53_69
69
65
53_65
46_58_67
67
62
46_58_62
48_57_65
65
64
64
65
65
64
57_64
55_65
65
64
64
62
62
64
48_55_64
41_53_65
65
69
69
65
65
60
60
57
57
57
41_53_57
41_53_57
57
69
69
65
65
60
60
57
57
57
41_53_57
41_53_57
57
69
69
65
65
60
60
57
57
57
41_53_57
41_53_57
57
65
65
60
60
57
53
57
53
53
53
41_53
41_55
55
53
53
55
55
53
41_53
65_69_77
65_69_77
67_70_77
77
76
76
77
77
76
76
77
77
76
76
74
74
76
67_70_76
69_77
77
72
72
77
69_77
70_79
70_79
69_81
69_81
67_82
67_82
65_69_81
65_69_81
60_67_81
81
79
79
81
81
79
79
81
81
79
79
77
77
79
60_67_79
53_79
53
65
79
81
81
65
65_69_81
81
73
73
74
74
79
65_69_79
64_67_77_79
77_79
76
64_67_76
62_65_77
77
68
68
69
69
76
62_65_76
60_64_74_76
74_76
73
60_64_73
58_62_74
74
66
66
67
67
72
58_62_72
57_60_70_72
70_72
69
57_60_69
55_58_70
70
61
61
62
62
69
55_58_69
53_57_67_69
67_69
66
53_57_66
52_55_67
67
70
52_70
49_69
69
67
49_55_67
45_65
65
64
45_64
38_67
67
65
65
67
67
65
65
64
64
62
38_62
50_74
74
69
69
66
66
62
50_62
54_72
54
55
70_72
70
72
72
70
55_70
57_69
57_69
58_67
58_67
50_74
74
69
69
66
66
62
50_62
54_72
54
55
70_72
70
72
72
70
55_70
57_69
57_69
58_67
58_67
52_76
76
71
71
68
68
64
52_64
56_74
56
57
72_74
72
74
74
72
57_72
59_71
59_71
60_69
60_69
52_76
76
71
71
68
68
64
52_64
56_74
56_74
57_73
73
74
57_74
58_76
76
77
58_77
57_79
79
81
57_81
55_82
82
81
55_81
57_79
79
77
57_77
58_76
76
74
58_74
57_73
73
74
57_74
58_76
76
77
58_77
57_79
79
81
57_81
55_82
82
81
55_81
57_79
79
77
57_77
58_76
76
74
58_74
57_73
73
74
57_74
58_76
76
77
58_77
57_79
79
81
57_81
55_82
82
81
55_81
57_79
79
77
57_77
58_76
76
74
58_74
57_73
73
74
57_74
59_73
73
71
59_71
61_69
69
67
61_67
62_65
64
65
64
65
65
67
67
69
69
70
72
70
72
74
74
76
76_77
77
79
62_79
62_65_81
62_65_81
55_67_79
55_67_79
57_62_65_77
77
76
62_65_76
64_67_74
74
73
57_64_67_73
50_74
74
74
74
73
73
74
74
69
69
77
50_77
65_69
65
64
67_69
67
69
69
67
64_67
57_69
69
67
67
65
65
67
57_67
50_65
65
74
74
73
73
74
74
69
69
77
50_77
65_69
65
64
67_69
67
69
69
67
64_67
57_69
69
67
67
65
65
67
57_67
50_65
65
77
77
76
76
77
77
74
74
77
50_77
65_69
69
81
65
64
81
79
79
81
81
79
64_79
57_81
81
79
79
77
77
79
57_79
50_77
77
77
77
76
76
77
77
74
74
77
50_77
65_69
69
81
65
64
81
79
79
81
81
79
64_79
57_81
81
79
79
77
77
79
57_79
74_77
77
81
74_81
72_76
76
81
72_81
70_74
74
81
70_81
69_72
72
81
69_81
67_70
70
81
67_81
65_69
69
81
65_81
64_69
69
79
64_79
62_77
62_77
61_76
61_76
62_77
77
74
62_74
55_67_76
76
71
55_67_71
57_65_74
74
73
73
74
74
73
65_73
64_74
74
73
73
71
71
73
57_64_73
62_65_74
74
77
62_65_77
60_64_69
69
76
60_64_76
58_62_67
67
74
58_62_74
57_60_65
65
72
57_60_72
55_58_64
64
70
55_58_70
53_57_62
62
69
53_57_69
52_55_61
61
67
52_55_67
50_65
50_65
49_64
49_64
50_65
65
62
50_62
43_55_64
64
59
43_55_59
45_53_62
62
61
61
62
62
61
53_61
52_62
62
61
61
59
59
61
45_52_61
38_50_62
62
65
65
62
62
57
57
53
53
53
38_50_53
38_50_53
53
65
65
62
62
57
57
53
53
53
38_50_53
38_50_53
53
65
65
62
62
57
57
53
53
53
38_50_53
38_50_53
53
62
62
57
57
53
50
53
50
50
50
38_50
38_52
52
50
50
52
52
50
38_50
