43_62_74
59
74_74
74
43
57
74
72
74
72
71
59
72
71
62
62
43_71
55
72
57
71
71
43
71
57
74
55
74
72
71
72
72
71
74
43_62_62
59
57
72
74
74
43
74_74
57
74
72
59
72
71
72
71
55
71
43_62_62
72
57
71
71
43
57
74
71
72
74
72
71
55
72
71
72
74
43_59
62_62
57
55
59
43
55
76
59
74
76_78
78
79
59
79
59
43_74
62
62
59
55
55
76
59
76
78
43
74
78
79
62
62
59_59
43_74
79
55
59
43
59
55
59
62_62
74_74
62
74
73
73
38
62_66_72
66
62_72
66
57_72
62
50
38
50
72
62
66
57
57
50_66_72
62
62
72
66
57
50
62
43_71
67
62
71
67
43
55
71
67
50_62
59
55
59
55
59
55
50
71
67
62
66_69
38
60
59
69
66
60
57
50_66
69
60
38
50
60
69
57
66
50_57_66_69
60
66
50_57
60
69
67
43_59
43
67
57
62
50
59
62
57
50
67
67
71
71
74
74
38_62
66
72
66
72
62
38
72
57_62
66
50
66
72
62
57
50
57
66
50
62
72
66
57
62
72
50
43
67
62
71
62
71
67
43
55_71
62
50_67
55
59
59
55
59
55
40_64
71_71
50
59
62
67
71
76
52_59
55
76
45_57
73
59
40
45
64
73
55
74
38_57
66
52
50_54_57
74
38
57
54
50_62
66
62
38_66
62_69
64
62
62
64
61
62
62
61
60
38
62
66
71
43
59
67
60
60
59
69
60
59
59
57
57
59
67
55
59
71
55
43
57
64
45
72
56
57
56
57
57
55
67
55_73
54
64
72
52
54
67
73
45
52
66
38_74
50
52
50
52
50
50
49
66
50
62
49
50_74
45
38
62
43_43_74
45
43
74
62
74
59
74_74
57
74
72
59
43
71
72
72
71
57
55_62_62
43_71
72
71
71
43
55
71
74
57
72
74
71
72
71
72
57
72
59
43
62_62_74
74_74
74
59
43
57
74
72
74
72
71
71
72
55_57
43_62_62_72
71
71_71
71
43
72
57
55
62
72
74
57
74
73
73
66
38_69
60
60
69
66
50_66
57
69
60
38
50
57
69
60
66
57
60
50_66_69
50_69
57
60
66
62
71
43
67
62
67
71
43
67
55
71
50_62
59
55
55
59
55
59
67
62
50
72
38_66
62
59
66
71
62
72
38
57
62_72
50
66
57
72
62
66
50
50_62_66
57
72
50
72
57
62_66
43_59_67
59_67
59
50_55
62
43
62
67
71
67
50
59
55
74
71
38_62_66_72
74
62
66_72
50
57
62_66
72
38
62
72
50
66
57
50
62_72
57_66
57
62
66
50
72
43
62_67_71
71
67
62
43
50
67
62_71
55
59
55
59
55
59
55
50
48_69
45
59
60_64
67_67
62_71
69
72
57
60
67
45
72
66
48_60
50_62
38
64
57
66
60
43_62_62
59_67
50
38
50
55
62
59
43
67
67
50
55
79
43_67
59
50
79
43
55
59_59_74
50
74
36_75
55
59
60
55
77
75
55
36_55_79
60_60
77
75
79
55
75
43_79
60
50_59
74
43_55
59_59
79
50
74
75
36
59
75
77
55
79
77
79
75
51
60_75_77
74
77
60
74
55_75
60
51
36
75
72
55
41
77
72
60
57_60
77
72
57_57
60_60
41
60
74
46
57
72
53
58
74
75
46
53
58
53_58_75
77
77
74
53
41_77
74
58
53
57
77
41
57
53_53
57
72
53
72
74
46
57
75
74
77
75
74
77
74
75
58
53
72
75
46
58
58
72
53_53
74
70
74
58
53
38
74
70
54_57_60
54
38
57
60
43_59_62_74_74
74_74
43
57
74_74
72
74
59
71
72
71
72
62
57
43
55_71
62
72
71_71
71
55
57_74
74
72
43
72
71
72
71
57
62_62
59
43_74
72
74
74
59
57_74_74
72
74
43
72
71
72
71
71
43_55_62_62
57
72
71
71
71
74
57
74
72
43
55
71
72
71
72
57
72
59
43_62_62_74
59
55
55
43
59
76
78
76
74
78_79
62
59
74
43_59_62
79
59
55
74
55
59_76
78
76
43
78
79
59
79
59
43_62_62_74
55
59
43
59
55
43
62_62
59
74_74
62
74
43
73
38_62_66
73
72
66
72
62
38
57_66
72
50
62
66
62
50
57
72
66
50_62
57
72
57
50
66
62
72
43_62_71
67
62
67
71
43
67
50
62_71
55
59
55
59
55
55
59
71
67
50
66
38_69
60
59
60
62
66
69
38
50
57_66_69
60
69
60
66
50
57
60
66
69
57
50
66
50_69
60
57
67
59
43
62
59
50
43
67
59
62
67
59
50
71
67
71
74
62
38
72
66
74
72
62
66
38
62
50_66_72
57
62
72
50
57
66
50
66_72
57_62
57
66_72
50
62
43_62
71
67
71
67
62
43
55_62_67
50_71
55
59
55
59
59
55
67
50
67
45_48_69
60
64_71
59
62
60
72
57
69
48
67
38_50_62_66
60
72
64
45
57
38
62
60
55
43_67
59
62
66
50
59_67
43
55_62
