55_82
82
81
81
79
55
53
81
79
81
74
74
74
74
53
79
51
79
67
69
67
70
69
72
70
72
50_74
51
50
62
60
62
58
60
74
58
57
75
55_58
57
77
75
75
77
55
57_74
58
75
72
74
57
58
74
72
75
74
74
75
55
72
74
58
70
72
55
57
72
70
72
54_57_74
72
74
70
55
72
54
72
70
69
72
50
55
50
62
62
60
58
60
69
57
58
82
55
57
82
81
79
81
55
53
81
79
81
74
74
74
74
53
51
79
79
67
69
67
70
69
70
72
50_72
74
51
50
62
60
62
59
60
74
59
57
59_62_77
57
79
77
79
77
55
75
77
62
59
74
75
55
74
60_75
60
57
77
75
75
77
53_57
74
75
74
72
74
58
53
72
74
58
51_79
79
51
53_57
72
72
57
53
58
62_65_70
46
58
62
65
70
46
74
58
70
74
72
70
74
72
76
74
58
57_77
76
77
57
55
79
79
53_81
55
81
55_82
53
52
79
55
82
81
79
52
82
48_81
79
82
79
53
81
48
79
81
81
79
53
77
81
77
57
65
67
65
69
55
67
57
70
69
53
55_72
70
74
72
75
55
74
53
55
75
53_74
53_74
51
72
51_72
50
77
50
77
51
70
51
70
53
69
69
53
46
70
46
62
62
60
70
60
67
59_62
74
67
74
72
74
72
74
62
60
67
59
75
75
74
74
75
67
75
58
67
60
74
67
57_66
74
58
74
66
55_57
67
74
70
67
69_70
62
55
57
62
55
57
54
55
69
52
54
50
62
52
64
62
66
64
67
66
69
67
69
70
50
72
51
70
51
72
50
70
70
50
69
48
69
70
46_48
70_72
74
72
48
67
74
46
67
48
50
66
66
50
58_62_67
55
55
43
58
62_67
43
