58
65
65
74
74
65
58
57
65
65
65
72
72
65
57
58
65
65
65
74
74
65
58
53
65
69
69
77
77
69
53
55
69
62
62
70
70
62
55
53
62
62
62
67
67
62
53
55
62
62
62
70
70
62
55
50
62
65
65
74
74
65
50
51
65
58
58
67
67
58
51
50
58
58
58
65
65
58
50
51
58
58
58
67
67
58
51
46
58
62
62
70
70
62
46
48
62
62
62
63
63
62
48
46
62
62
62
67
67
62
46
45
62
60
60
65
65
60
45
41
60
57
57
63
63
57
41
58
57
62
62
65
65
62
58
53
62
58
58
62
62
58
53
50
58
53
53
58
58
53
50
46
53
50
50
53
53
50
46_50
43
43
50
50
52
52
54
54
55
55
57
57
58
58
60
60
58
58
55
55
57
57
58
58
60
60
62
62
64
64
65
60
65
64
64
67
67
64
60
55
64
60
60
64
64
60
55
52
60
55
55
60
60
55
52
48
55
52
52
55
55
52
48_52
45
45
52
52
53
53
55
55
57
57
59
59
60
60
62
62
60
60
57
57
59
59
60
60
62
62
64
64
65
65
67
62
67
65
65
69
69
65
62
57
65
62
62
65
65
62
57
53
62
57
57
62
62
57
53
50
57
53
53
57
57
53
50
46
53
53
53
62
62
53
46
43
53
53
53
58
58
53
43
45
53
53
53
60
60
53
45
41
53
53
53
63
63
53
41
46
53
53
53
62
62
53
46
43
53
53
53
58
58
53
43
45
53
53
53
60
60
53
45
41
53
53
53
63
63
53
41
46
53
53
53
62
62
53
46
47
53
55
55
65
65
55
47
48
55
55
55
64
64
55
48
49
55
57
57
67
67
57
49
50
57
57
57
65
65
57
50
38
57
58
58
69
69
58
38
40
58
58
58
67
67
58
40
52
58
60
60
70
70
60
52
53
60
60
60
69
69
60
53
41
60
62
62
72
72
62
41
43
62
62
62
70
70
62
43
55
62
64
64
74
74
64
55_64
57
57
60
60
62
62
64
64
65
65
67
67
69
69
70
70
72
72
70
70
69
69
67
67
65
65
63
63
62
62
60
60
62
62
58
58
57
57
55
55
53
53
51
51
50
50
48
48
46
46
48
48
50
50
48
48
46
46
45
45
43
43
41
40
41
60
60
70
70
60
40
41
60
60
60
69
69
60
41
38
60
58
58
69
69
58
38
40
58
58
58
67
67
58
40
41
58
57
57
67
67
57
41
45
57
57
57
65
65
57
45
46
57
55
55
65
65
55
46
48
55
55
55
64
64
55
48_55
41_57
57
60
60
65
65
60
41_60
57
57
65
65
60
60
57
57
53
53
57
57
60
60
57
57
53
53
60
60
57
57
53
53
48
48
53
53
52
52
50
50
48
48
46
46
45
45
43
43
41
41
45
45
48
48
53
53
57
57
60
60
63
63
66
66
38
38
50_53_58_62_68_70_74_77
50_53_58_62_68_70_74_77
50_53_58_62_68_70_74_77
50_53_58_62_68_70_74_77
47_50_55_67_71_74_77
47_50_55
67_71_74_77
79
79
80
80
79
79
77
77
76
76
74
74
76
76
77
77
75
75
74
74
72
72
71
71
72
72
74
74
72
72
71
71
69
69
67
67
69
69
71
71
69
69
67
67
65
65
63
63
62
62
60
60
58
58
56
56
55
55
53
53
51
51
50
50
48
48
47
47
45
45
43
43
41
41
39
39
38
38
36
36
48_51_55_60_67_72_75
48_51_55_60_67_72_75
48_51_55_60_67_70_72_75
48_51_55_60_67_70_72_75
53_57_60_65_69_72_75
53_57_60_65_69_72_75
53
53
48
48
50
50
51
51
53
53
55
55
57
57
58
58
57
57
55
55
53
53
55
55
57
57
58
58
60
60
62
62
60
60
58
58
57
57
58
58
60
60
62
62
63
63
65
65
63
63
62
62
60
60
62
62
63
63
65
65
67
67
69
69
70
70
72
72
74
74
75
75
77
77
79
79
81
81
77
77
82
82
46_50_53_58_65_68_70_74
46_50_53_58_65_68_70_74
46_50_53_58_65_68_70_74
46_50_53_58_65_68_70_74
51_55_58_63_67_70_74
51_55_58_63_67_70_74
52_55_58_67_70_73
52_55_58_67_70_73
52_55_60_67_70_72
52_55_60_67_70_72
53_57_60_63_65_69_72
53_57_60_63
65_69_72
72
72
69
69
65
65
63
63
65
65
69
69
72
72
69
69
72
72
69
69
65
65
63
63
65
65
69
69
72
72
78
78
77
77
75
75
73
73
72
72
70
70
69
69
67
67
69
69
65
65
69
69
72
72
75
75
78
78
81
81
84
84
82
82
72
72
73
73
69
69
70
41
70
48_64
51_65
64
53_70
60_72
60
62
41
48
51
53
62_65_70_72
41_48_51_53_63_65_69_72
53
55
41_48_51_55_63_65_69_72
46_50_53_56_62_65_70
46_50_53_56_62_65_70
62
62
65
65
62
62
58
58
57
57
58
58
62
62
65
65
62
62
65
65
62
62
58
58
57
57
58
58
62
62
65
65
71
71
68
68
65
65
62
62
59
59
56
56
53
53
62
62
55_63
63
62
62
63
55
63
62
62
60
60
62
62
63
63
62
62
60
60
58
58
57
57
58
58
60
60
58
58
57
57
55
55
53
53
55
55
57
57
55
55
53
53
51
51
50
50
51
51
53
53
51
51
50
50
48
48
46
46
45
46
45
50
50
53
53
50
46
50
50
53
53
58
58
53
50
53
53
58
58
62
62
58
53
58
58
62
62
65
65
62
58
62
62
65
65
70
70
65
62
65
65
70
70
74
74
70
65
70
70
74
74
77
77
74
70_74
82
82
