36_43_52_60_64_67
52
52_55
36_43
55
52
40_47_55_57_64_67_67_69_72
60
57
55
52_57
40
72
47
69_69_72_76
67
52
76
72
57
36_43_52_72_76_79
69
52
79
72
52_57_76_76_79_81
43
36
57
52
79
40_47_55_72_76_79_81
76
52_57
55
79
72
40
76
47
69_72_76
52
57
76
72
36_43_52_72_76_79
69
52
79
52_55_76_76_79_81
72
36
43
40_47_51_54_75_78_79_81_83
55
76
52
51
54
51_54
47
40
78
83
76_79_84
75
84
79
54
51
36_43_52_72_76_79
76
52
52_55_69_72_76_76_79
72
36
43
55_72
52
40_47_55_57_67_69_72
69
76
69_72
57
55
52_57_65_71_74
67
47
40
71
74
52
32_39_63_72_75
57
65
48_56
39
32
48
36_43_70_72_72_75_75
56_63
70
55_59_74_79_83
36_43
72
75
83
79
59
55
32_39_63_72_75
74
48_56
39
32
48
56
36_43_70_72_72_75_75
63
53_59_72_74_75_79_83
70
36
43
83
79
59
53
39_46_70_72_75
74
51_60
46
39
51
60
36_43_65_67_70
72
70
75
50_58
36
43
50
58
39_46_63_67_67_70_70
67_70
65
55_58
46
39
36_43
55
58
36
57
43
63
39_46_55_58
57
48_51
39
46
51
48
43_50_60_63
58
55
53_58
43
50
60
60_63_63_67
53
58
63
67
39_46_55_63_67_70
60
55
55_60_67_67_70_70_72
63
39
46
70
60
55
43_50_58_63_67_70
72
67
58
55_58
43
50
67_70
63
60_63_67
58
55
63
67
39_46_55_63_67_70
60
67
55
55_58_67_70_70_72
63
46
39
58
55
42_50_54_57_66_69_72_74
67_70
57
54
54_57
42_50
66
67_69_70_75
74
57
70
54
39_46_55_63_67_70
75
67
70
55
55_58_60_63
39
63
46
58
55
63
67
60
43_50_55_58_60_63
55
53_56_61_63_65
58
43
60
50
53
38_47_50_54_62_66
61
65
56
38
47
62
66
54
38_47_54_62_66
66
38
47_62_66_74
54
62
66
74
50
38_48_50_54_62_66
62
38
48
62
54
66
38_48_54_62_66
48
66
38
62_66_74
54
62
74
50
66
31_43_57_59_62_67
62
31
43
38_50
57
38
43_50_55
43
55
45_57
45
43_55
57
43
55
41_53
41
40_52
53
40
38_50
52
62
59
67
38
36_43_48_50
64
64
67
55_60_72_84_91
76
48
36
79
43
84
67
91
72_76
79
55
60
39_47_63_83_91
63
67
71
75
54_63
79
39
47
67
71
75
79
54
63
36_43
83_91
67
36
72
43
55_64_84_91
76
79
67
84
72_76
91
79
55
64
39_47_63_83_91
63
67
71
75
79
54_63
39
47
67
71
75
79
54
63
36_43
83_91
67
72
76
55_64_79_84_91
43
36
67
72
76
84
79
91
64
55
39_47_63_83_91
63
67
71
75
54_59_79
67
39
47_71
75
79
54
59
36_43_64
83
91
64
67
72
43
36
76
55_64_79_84_91
67
72
76
79
84
91
55
64
39_47_63
63
67
71
47
39
75
59_79_83_91
67
71
75
79
83
91
59
36_48_60
60
79
84
88
79_91_96
48
62_100
36
84
88
96
91
100
62
42_63
63
79
83
42
79
87
90
59_99
95
83
87
95
90
99
59
36_48_60
60
79
84
79
48
88
36
96
91
84
62_100
88
91
96
100
62
42_63
79
63
83
79
42
87
83
90_95
87
59_99
90_95
99
59
36_48_60
60
63
79
48
84
36
79
63
88
84
96
91
88
64_100
91
96
100
64
67
67
42_71
79
83
79
42_87
90
95
83
87
70_71_99
90_95
99
71
70
71
36_48_72
79
84
79
48
36_72_96
91
88
84
88
76_100
96
91
100
76
42_75
79
83
79
87
90_95
42_83
87
95
90
99
99
75
36_48_72
72
79
84
48
36
79
88_91
96
84
88
76_100
91
96
100
76
42_75
75
76
79
83
79
75
76
87
90
95
83
87
71_99
90
42
95
75
99
71
66
66
36_48_67_76
67
79
84
72
76
48_88
36
79
91
84
88
91
72
42_71_75
71
72
71
72
79
42
83
67
87
90
66_71
67
79
83
87
90
66_75
63
63
36_48_64_76
64
48
79
36
84
88
67
91
79
84
88
76
91
67
42_66_75
66
79
42
83
62
87
90
79
75
83
87
90
63
62
36_48_64_76
63
64
48
36
79
84
67
88
91
79
84
76
88
91
67
42_66_75
79
42
66
83
87
90
62
79
75_83
87
90
63
62
36_48_64_76
63
64
79
36
48
83
88
67
91
79
76_83
88
91
67
42_66_75
79
42
83
87
91
79
83
87
91
75
66
35_47_83_95
47
35
36_48
48
36
38_50
50
38
40_52
52
40
83_95
41_53_93
81
53
41
42_54
42
54
43_55
55
43
81
42_54_93
42
54
43_55_93
91
93
91
55
43
76
76
93
92
93
92
92
92
92
92
92
92
93
91
93
91
76
76
74
74
75
75
73
73
72
72
83
81_83
81
83
83
81
81
79
79
67
67
72
72
76
76
93
72
91
93
91
72
67_76
76
67
93
73
92
93
92
73
92
92
72_92
92
72
67_92
92
67
73
93
91
93
91
73
76
76
72
74
74
72
75
75
73
73
72
72
83
70
70
81_83
68
81
83
68
83
81
81
67
79
79
67
67
72
72
76
76
67
72_76
91
88
67
72
76
91
84
88
84
71_75
67
91
75
67
71
87
91
83
87
83
72
67
76
91
76
67
72_88
91
84
88
84
71
75
67
91
75
67
71
87
91
83
87
83
60_67_76
91
76
55
88
60_91
84
88
84
59
55
75
91
75
87
55
59_91
83
87
83
55
60
76
76_91
55
88
60
91
84
88
84
55
59_75
75
91
59
55_87
91
83
87
83
43_55_91
86
86
83
91
79
83
79
43
78
67
70
79
67
78
71
47_83
70
79
72_86
71
83
74
72
50_98
86
47
93
74
90
50
86
74
81
86
90
93
76_98
86
74
78
54_90
81
76
86
81
78_93
81
93
55_79_90_91
54
91
83
79
86
83
55
86
91
61
49_78
91
78
79
50_62_83
49
61
79
83
86
86
47_59_91
62
50
91
59
47
49
61
49_50
62
61
50
35_47
59
62
35_47
36_48
36_48
37_49
37_49
39_51
39_51
59
40_52
47
48
47
40
52
47
48
48
47
47
48
48
42_54
47
47
48
48
47
47
48
48
47
47
48
48
42
54
47
47
48
43_55
48
47
47
48
48
47
47
48
48
47
55
47
43
48
48
48
42_54
48
47
47
48
47_48
47
48
42
47_48
54
47
48
40_47_52
47
48
47
47
48
52
40
48
47
47
48
48
47
42_54
47
48
48
47
47
48
48
47
47
48
42_54
48
47
47
48
48
47
43_55
47
48
48
47
47
48
48
47
47
48
55
43
48
47
47
48
48
42_54
47
47
48
47
48
47
48
48
47
42
54
47
48
47
47
40_52_59_64_67
48
47
48
47
60_63_66
59
48_67
47_64
52
40
47
48
48
47
47
48_63
42_54_59_64_67
66
48
47
60
47
48
48
47
47
48
60_63_66
67
59
42_64
48
54
47
48
47
48
47
48
43_55_59_64_67
47
63
60
48
47
66
48
47
64
67
48
47
59
47
48
43
55
48
48
42_54_59_64_67
48
47
47
48
64
59
67
42
54
47
40_52_64_67_71
47
48
47
52
47
40
48
48
47
47
48
42_54_60_66_70
48
71
47
64
67
47
48
48
47
47
48
48
47
42
54
47
48
48
47
43_55_64_67_71
60
47
48_66
70
48
47
48
47
48
47
55
47
43
48
48
67
47
40_52_59_64_64_67
47
48
71
47
64
67
40
52
59
42_54_57_62_69
52
53
52
52
53
42_53
54
52
52_53
40_52
53
52
53
52
53
52
53
52
53
52
52
53
52
40
53
52
53
42_52_54
53
52
52_53
53
52
53
52
53
54
42_52
39_51
52
53
52
39
51
40_52_52_55_59
47
62
69
57
48
47
48
47
40
48
52
47
47_48
48
42_54
47
47
48
48
47
47
48
48
47
54
42
47
48
48
47
43_55
48
47
48
47
47
48
48
47
55
47
43
48
48
47
42_54
47
48
59
52
55
42
54
47
52_59_67_71
47
48
47
47
60_66_70_71
48_59_67
48
47
52
47
48
66
48
70
47_54_59_67_71
60
47
48
48
47
47
48
60_66_70
59
48
47
71
67
47
48
54
48
47
47_48_55_59_67_71
66
70
60
48
47
47
48
48
47
47
48
59
55
48
47
71
67
48
47
42_54_59_67_71
48
48
48
47
47
47
48
42
54
40_52
47
59
71
67
48
47
60_66_70
48
47
48
47
40
52
47
48
42_54_59_66_67_71
48
60
47
70
48
47
48
47
48
47
60_66_70
48
59
71
67
47
48
47
54
48
42
47
47
48
43_55_59_67_71
66
48
60
47
47
48
48
70
47
47
55
48_59
71
67
48
43
40_52_59_67_71
47
47
48
47
52
40
35_47_47
47
60_66_70
59_67
71
47
35
66
42_54_67_71
70
60
59
54
42
67
47_59
71
59
47
59
35_47_71_83
35
47
36_72_84
71_83
72_84
48
52
55
74_86
60
48
52
55
74_86
60
36
42_75_87
75_87
51
54
59
71_83
63
51
54
59
63
48_72_84
71_83
42
72_84
48
52
74_86
55
48
60
52
55
74_86
60
42_75_87
48
75_87
51
54
59
71_83
51
63
54
59
63
36_72_84
71_83
42
75_87
72_84
48
89
52
75_87
55_76_77_88
48
60
52
55
89
77
79_91
76_88
60
42_83_95
79_91
36
51
54
59
83_95
51
82_94
63
54
59
83
95
82_94
63
83
48_84_96
95
42
48
52
88_100
84_96
55
48
60
52
55
60
42_87_99
88_100
48
51
54
59
51
63
54
59
87_99
63
36_84_96
42
84_96
48
52
55
88_100
48
60
52
55
88_100
60
42_87_99
36
88_100
87_99
87_99
51
88_100
54
59
51
83_95
63
54
87_99
59
83_95
78_90
63
48_79_91
78_90
42
79_91
48
52
55
48
84_96
60
52
55
84_96
42_83_95
60
48
84_96
83_95
51
83_95
84_96
54
59
51
78_90
63
83_95
54
59
78_90
75_87
63
75_87
36_75_76_87_88
42
75_87
76_88
48
52
55
48
79_91
60
52
55
79_91
60
42_78_90
36
51
78_90
54
59
51
74_86
63
54
59
75_87
74_86
63
48_76_88
75_87
42
76_88
48
52
55
48
79_91
60
52
55
79_91
60
42_78_90
48
51
78_90
54
59
74_86
51
63
54
59
75_87
74_86
63
36_75_76_87_88
42
76_88
48
52
55
48
79_91
60
52
55
79_91
60
42_78_90
36
58
61
64
70
58
61
64
70
35_47_71_83
78_90
42
59
63
59
66
71_71_83_95
83
63
66
71
47
35
59
63
66
59
63
66
54
57
63
54
57
63
83_95
83_95
36_43_84_96
83_95
43
36
76
67
67
76
36_43
43
36
88
79
79
88
36_43_84
96
43
36
79_88
79
88
36_43
36
43
88
79
55
55
79
88
60
60
36_43_64
43
36
64
88
60
79
60
79
88
55
55
36_43_54
43
36
54
88
79
55
55
88
79
60
60
36_43_64
64
43
36
67
67
66
81
72
72
81
41_48
64
66
48
41
81
72
60
64
72
81
62
60
62
42_48_64
62
64
48
42
62
59
81
72
59
72
81
60
60
43_48_62
60
48
43
62
60
81
57
72
57
81
72
59
59
60
36_76
67
76
67
72
64
60
64
72
36
55
55
60
36
43_64
36
60
43
64
43
36_60
76
67
43
67
76
55
60
54
55
54
36
39
40_55
76
67
39
76
67
60
55
40
44
45_64
44
60
64
67
45
67
41
81
72
41_50_65
72
81
50
50
50
50
51
50
65
64
51
52
52
52
67
64
81
72
52_53
81
72
65
67
54
53
54
64
55
65
62
64
62
65
81
72
81
72
64
65
62
64
62
60
55
64
56
81
72
60
57
56
72
81
62
64
58
57
62
59
58
79
71
71_71
79
71
60_64_72
72_72
64_64
59
64
72
60
48_52_55
55
55
48
52_55_57_60
55
55
60
57
60_64
57
57
55
55
60
64
57
60
57
36_43_64_67
52
36
43
52
55
52
55
52
67
40_47_67_69_72
55
57_64
60
47
40
57
55
57
52
72
69
69_72_76
67
76
72
52
57
72
36_43_76_79
52
69
79
76
52
76
43
36
72_79_81
52_57
79
81
52
57
72
40_47_76_79
55
76
52_55
57
47
40
79
72_76
72_76
69
52
76
72
57
72
52
36_43_76_79
69
76
79
52
55
52
76
79_81
72
43
36
79
81
52_54
51_75
40_47_77_83
55
76
51
54
51_54
40
47
77_83
75
79_84
76
84
54
51
36_43_76
52
72
76
52
52_55
72_76_76_79
69
36
72
43
72
55
52
67
40_47_57_69_72
55
76
69
69
72
57
55
65
57
52_71_74
67
47
40
74
71
52
65
57
32_39_72_75
63
48_56
32
39
72
48
56_75
70
36_43_72_75
63
72
75
74
55
59
79_83
70
43
36
83
79
59
55
63
32_39_72_75
74
56
48
32
39
72_75
48
56
36_43_72_75
70
63
72
75
74
59
79_83
53
70
36
43
83
79
53
59
39_46_72_75
70
74
51
60
39
46
60
51
65
36_43_67_70_72
70
75
50_58
43
36
50
58
67
70
39_46_63_67_70
65
58
55
46
39
55
58
36_43
67
70
63
66
69
36
43
67
63
39_46_70
66
69
51
60
39
46
51
60
43_50_72_75
70_70
63_67
53
58
43
50
75
75_79
72
70
72
75
53
79
58
75
39_46_79_82
72
55
82
55_79
79
82_84
75
55
60
39
46
82
60
75
55
43_50_79_82
84
58
79
58
58
43
55
50
82
79
72
75_79
75
58
55
79
75
75
55
39_46_79_82
72
55
82
55
58_79
82_84
75
79
39
46
84
58
55_82
57
54
42_50_81_86
78
79
54
57
57
54
42
50
79_86
82_87
81
78
54
82
57
55
39_46_79_83
75
79
87
79
83
55
55
58
75_79
72
75
39
46
75
55_58
55
79
43_50_70_72_75
72
55
60
68_72_73_77
43_53
75
50
70
60_73
77
38_47_74_78
53_66
62
68
54
74
66
78
38_47_74_78
66
78
74
78_86
66
74
78
38_48_74_78
66
86
74
74
78
66
74_78
66
38
48
74
78
74_78_86
66
86
78
54
62
71_79
67
74
79
71
55
55
67
53_59_67
53
55
55
52
53_53
52
59
67
50_59_67
52
52
50
48
50
50
48
47
48
47_48
47
45
47
45
43
45
43
45
91
45
45
43
90
43
91
47
47
45
88
45
90
47
48
48
47
86
88
50_50
84
86
48
48
52
83
52
84
50
50
81
54
52
54_83
52
79
54_81
55
54
55
59
67
79
80
68
44_56_56_68
56
55
55
71_83
71
68
80
68
75
63
63
83
71
71
75
80
68
63_68
63
68
71_71_83
80
68
75
63
63
56
44
83
71
56
56
71
75
44_56_56_56_68_80
63
68
63
44_59
47_59_59
56_56
56
51
39_51_51
47
59
59
59
51
44_56_56
56
39_51
51
68
80
56
47_59_59
44
59
56
68
56
51
39_51_51
59
59
47
59
51
51
51
39
35_47_47_56
56_68
37_49_49_58
47
58
70
35
47
56
56
68
49
58
49_58
70
37
71
39_51_51_59
59
40_52_52_61
39
61_73
51
59
51
71
59
52_61
73
61
40
52
74
42_54_54_62
62
76
43_55_55_64
54
42_64
62
74
54
62
55
64
43
76
64
55
77
44_56_56_65
65
78
56
56
45_57_57_66
65_66
44
77
65
57
66
66_78
57
45
57_78
57_57_72_72
38_50
50
38
31_38_47_47_55_55_57_57_67_72_79_83_91
72
78
57
31_38_47_47_55_55_67_79_83_91
36_48_55_67
60
55
64_72
60
60
64
76
72
76
43_55_79
60
48
36
79
60_81
55
81
64_79
60
60
64
76
79
76
36_48_55_79
60
79
43
60_81
55
81
64_83
60
60
64
84
83
43_55_79
84
60
36_48
60_76
55
79
76
64_72
60
72
60_74
64
74
60
32_44_51_72_75
43
67
56
51
75
72
60_72_75
56
56_79_83
75
72
60
83
79
39_51_56_72_75
32
44
56
51
72
75
60_72_75
56
75
56_79_83
60
72
79
39
39_46_72_75
83
56
51
46
55_67_70
72
51
75
51
55
67
70
34_46_67_70
51
39
51
46
55
51
70
54_69
55
67
54
69
39_51_55_70
34
58
55
63_75
58
58
63
79
75
58
46_58_82
51
39
79
82
58_63_84
84
67_82
63
63
67
79
82
39_51_58_82
63
46
79
82
63_84
58
84
67_86
63
63
67
87
86
46_58_82
63
87
51
39
63_79
58
82
79
58_75
63
75
58
55_77
77
70
35_47_54_74_78
46
55
59
54
78
74
62_74_78
59
78
59_83_86
74
62
83
47
33_45_50_59_74_78
86
35
54
50
74
78
60_74_78
54
54_83_86
74
78
60
45
83
31_43_50_71_79
86
54
33
55
71
50
59_67
79
55
57
59
67
55_59_67
57
53
55
52
53
43
31
50
52
67
36_48_50_55_67_79
59
60
84
55_64
79
60
60
64
88
84
88
91
43_55
48
60
36
91
93
60
93
55
91
64
60
60
64
88
91
91
88
36_48_55
60
91
43
93
60
93
55
95
64
60
60
64
96
95
91
43_55
60
96
48
36
88
60
91
55
88
84
64
60
84
86
60
64
43
86
60
87
67
44_51_56_72
51
87
72
87
60_72
87_91
72
79
60
91
87
39_44_51_56_84
79
56
51
84
87
87
60_84
56
87
91
84
56_91
60
39
91
87
56
39_46_51_84
91
46
82
87
55_79
84
55
51
70_79
46_67
82
39
51
55
51
70
54_69
55
67
54
39_51_55_70
69
46
58
55
63_75
58
58
63
79
75
58
46_58_82
51_79
39
82
58
63_84
84
67_82
63
63
67
81
82
63
81
39_51_58_82
46
63_82_84
58
84
67_86
63
63
67
86
87
46_58_82
87
51
63
39
82
63_79
58
58_75
63
79
58
55_77
75
55
70
35_47_54_74_78
77
46
78
59
54
74
62_74_78
59
59_83_86
62
74
78
47
59
33_45_50_74_78
83
86
35
54
50
74
78
60_74_78
54
54_78_83_86
60
74
45
86
54
31_43_50_71_79
33
83
55_91
50
91
79
71
59
55
57_79
59
79
55
57
53_67
55
67
52
53
43
31
50_55
52
55
50
43
43
43
43
43
67
67
79
43
79
93
72
91
72_93
91
79
67
79
67
73_93
92
93
92
73
92
92
92
72
92
72
92
67
92
67
93
91
73
93
91
73
79
79
72
74
74
75
72
75
74
74
72
72
70
82
83
70
82
68
83
81
68
83
81
81
83
79
67
81
79
67
67
67
72
72
76
76
93
91
72
93
91
72
76
67
76
67
93
73
92
93
92
73
92
92
72
92
92
72
67_92
92
67
93
73_91
93
91
73
76
76
72
74
74
75
72
73
75
73
71
71
91
70
70
91
68
79
81
79
68
81
67
79
79
77
67
77
72
91
72
67
88
91
84
88
71
84
67
91
87
67
71
91
83
87
67
83
72
91
88
67
72
91
84
88
84
71
67
91
67
87
71
91
83
87
67
72_83
91
88
67
72
91
84
88
71
84
67
91
67
87
71
91
83
87
67
72
83
91
67_72
88
91
84
88
84
71
67
91
71
67
87
91
83
87
67
83
43
91
86
91
83
86
79
83
67_78
79
43
70
79
67_78
71
70_83
79
47
72
71
86
83
47
74
98
86
72
50
93
98
74
90
93
93
90
50
85
93
73
86
74
85
73
78
90
54_86
74
81
78
93
90
93
91
79
81
55
54
86
91
79
91
55
86
95
91
90
95
61
91
90
95
61
91
62
98
95
79
62
67
103
98
103
79
67
43_50
69
62
54
66
50
57
54
54
57
71
50
54
65
69
62
66
50
55
59
55
55
59
55
72
48_52
64
71
65
43
55
52
60
55
55
60
52
55
64
81
72
55
52
79
81
60
55
72
79
55
60
55
74
71
65
36_55
48
72
59
55
62
59
59
62
70
55
59
65_71
55
60
76
64
60
74
60
64
60
70
77
69
65
41_57
76
36
57
60
57
60
53
57
53
57
91
89
91
89
60
57
91
57
89
91
60
89
53
57
53
57
60
57
57
60
53
57
53_91
89
57
91
89
60
57
60
91
53_89
91
89
77
65
69
53
41
60
41_48
53
48
65
57
53
60
53
57
69
65
72
69
36_48
53
41
72
74
53
48
74
72
53_57
53
57
69
72
53
72
41_48
69
36
72
74
53
48
74
76
57
53
53
57
77
76
53
36_48_72
74
77
41
74
72
69
53
48
69
65
57
53
67
53
65
57
67
53
65
68
37_49
36
53
49
88
56
89
53
68
65
88
80
53
89
56
80
77
53
77
68
65
44_56
37
61
56
68
65
65
61
61
65
61
49_56_85
44
85_89
61_85
56
89
77
85
77
65_85
61
85
89
61_85
65_89
77
85
61
44_56_85
77
49
85
89
61_85
89
56
80
85
61
65_77
80
73
77
61_68
65
65_68
73
61
37_49_53_65_68
65
68
44
68
56
53
65
68
65
68
61
56
72
76
65_68
56
61
65
68
56
44_53
76
72
37
49
56
53
65
68
68
65
56
61
76
72
68
65
56
61
68
76
65
56
72
44_44_51
44
56
51
68
63
60
51_65
56
48
51
63_63
68
63
60
72
39_51
68
63
48
68
72
63
72
68
56_75
80
72
84
75
75
80
75_80
87
56
84
80
84
87
84
87
48
87
87
48
44_63
87
63_63
39
51
56
68
60
56
63
56
60
72
68
75
56
72
39_51
44
75
77
56
77
51
75
60
56
56
60
72
75
75
44_51
56
39_72
75
77
56
51
77
79
60
56
56
60
80
79
75
56
39_51
80
44
72
75
56
51
72
68
56
60
68
70
56
60
70
40_47
67
71
56
39
52_88
47
86
84
88
67_71
83
86
84
55_82
52_83
82
79
83
79
87
83
87
52_88
55
86
84
88
86
83
84
47_82
52
83
82
79
83
79
87
83
87
52_88
47
86
88
84
86
83
84
52_55_82
83
82
52
55
40
52
67
40_47
71
52
47
71
67
71
67
55
52
79
76
71
52
67
55
52
71
65
43_50
79
76
40
55
50
71
65
71
65
59
55
79
71
76
65
55
59
55
72
36_52_64
76
79
43
52
55
60
52
64
55
72
52
48
60
60
48
52
52
48
43
48
43
40
60
40
66_70
39_46
36
46_51
70
66
70
66
54
51
70_78
75
51
66
54
70
64
75
42_49
78
51
39
54
49
70
64
70
64
58
54
75
78
64_70
54
58
63
71
75
54
78
35_51
42
51
54
59
63
51
71
54
51
47
59
59
51
47
47
51
42
47
42
39
39
69
38_45
65
59
35
50
45
65
69
65
69
53
50
77
74
69
65
50
53
50
69
77
41_48_65
38
74
53
48
69
65
69
65
57
53
77
75
69
65
53
57
70
53
77
62
34_50
75
41
50
53
58
50
62
53
70
46
50
58
58
46
34_41
46
41
50
46
53
50
66
65
53_58
58
62
66
57
60
58
62
58
55
57_60
60
57
58
55
62
58
60
57
65
62
58
65
61
58_64
65
63
64
59
61
53
62
63
58
63
62
64
63
57
61
53
69
59
64
67
69
61_67
57
66
58
62
65
66
57
60
58
62
55
58
57
60
57
60
55
58
58
57
60
62
65
62
58
65
58_61
64
65
63
64
53
62
59_63
61
58
62_63
63
64
76
64
57
61
53
59
73_76
57
61
73
74
58
62
57
60
58
62
55
58
57
77
60_74
57
60
55
58
58
57
62
60
74
77
58
62
58
72
63
74
62
57
63
58
60
55
62
75
57
72
57
62
55
60
75
58
63
57
67
62
69
67
58_63
58
70
62
69
60
57
58
62
74
55
58
70
57
60
57
60
58
55
58_65
74
62
57_60
58
62
65
57
60
65
55
58
60
57
90
89
53
57_58
55
90
89
89
58
55
57
53
89
57
89
60
55
58
60
57
89
69
72
90
89
65
90
89
67
70
89
69
72
89
69
65
89
67
70
89
90
90
89
70
67
65
69
89
88
88
72
69
77
70
67
77
72
69
66
65
58
62
66
57_60
58
62
58
55
60
57
60
58
57
55
62
58
60
57
65
62
58
65
64
61
58
65
63
64
53
62
58_59_63
61
63
62
64
63
69
57
61
64
53
59
67
69
57_61
67
66
58
62
65
66
57
60
58
62
55_58
60
57
57
60
55
58
58
62
60
57
58
65
62
65
58
61_64
65
63
64
53
60
64
61_63
58
69
64
69
61
76
57
53_60
79
76
61
57
79
62
58
79
60
57
58_62
58
55
60
77
57
79
57
60
55
58
77
62
58
60
74
57
79
74
62
58
58_63
77
79
62
57
63
58
60
62
55
57
75
77
62
57
55
60
75
63
58
67
62
57
69
67
63
58
70
62
58
69
60
57
62
58
58
74
55
60_70
57
60
57
58
55
65
62
58
74
60
57
65
65
62
58
65
57
60
66
65
66
58
55
60
57
90
89
57
53
58
55_90
89
89
58
55
57
53
89
89
57
60
58
55
57
89
90
60
89
69
72
81
90
65
89
70
67
89
69
79
72
81
89
69
65
70
67_77_89
79
90
89
70
67
67_67
79
89
65
69
77
90
88
89
79_81
69
72
69_69
70
77_88
67
81
58
72
69
62
89
86
77
82
77
86
57
82
89
77
58_74
60
62
77
74
82
77
86
82_86
89
55
57
58
86
60
82
77
89
86
82
77
74
57
58_60
55
77
74
82
86
77
86
82
89
58
62
60
57
86
82
77
77_82
74
86
89
77
74
77
74
58
70
74
62
57
65_70
60
55
58
57
60_65
53_89
55
57
58
91
89
89
91
84
89
55
58
89
53
84
57
91
89
89
91
84
89
57_89
84
60
55
58
89
57
60
66
65
58
62
66
57
60
58
62
58
55
57
60
57
60
55
58
58
62
57
60
65
62
65
58
58_64
61
65
63
64
59
61
53_62
63
58
63
62
64
63
61_69
57
53_64
59
67
69
67
57
66
61
65
58
62
66
57
60
58
62
58
55
89
60
57
65
86
82
89
77_86
60
57_82
77
74
58
55
77
74
82
77
86
82
86
62
58
89
60
57
86
82
77
86
82
89
74
77
70
74
62
58
70
65
57
60
58
65
55
60
57
53_57
89
58
55
89_91
89
91
84
89
55
58
89
84
57
53
91
89
89
91
84
89
57
60
89
58
55
84
89
57
60
65
60
57
58
55
60
57
57
53_90
58
89
55
90
89
58
55
89
57
53
89
89
57
60
55
58
57
89
60
90
69
72
89
90
89
65
67
70
72_89
69
89
65_69
70
67
89
91
89
70
67
91
65
69
89
89
88
88
72
70
67
69
77
72
77
69
66
65
58
62
66
57
58
60
62
55
57
58
60
57
60
58
55
58
60_62
57
65
62
58
65
58_61
64
65
63
64
63
60
53
61
63
58
69
63
69
57
61
60
53
76
79
76
57
61
58
62
79
79
57
60
58_62
58
55
60
57
77
79
57
60
58
55
58
89
62
57
60
86
89
77
86
82
77
82
74_77
74_77
58
62_74
77
74
57
65
60
65
55
58
57
60
53
55_89
57
58
91
89
89
91
84
89
55
58
53
89
57
84
91
89
89
91
89
84
57
60
89
55
58_84
89
57
60
58
62
89
86
82
89
77
86
82
57
77
74
58
60
62
77
74
82
86
77
86
82
55
89
57
58
60_86
82
77
89
86
57_82
74_77
60
55
58
77
82
74
86
77
86
89
58
82
57
62
60
86
82
77
74
77
82
86
77
74
89
74
62
77
58
70
74
60_70
57_65_67
67
58
55
60
57
65
89
57
53_58
55
91
89
89
91
84
89
55
89
84
58
53
57
91
89
89
91
84_89
55
57
89
60_84
58
89
60
57
58
62
89
86
82
89
77
86
82
74_77
77
82
74
86
86
77
57_82_89
60
58
62
86
82
77
89
74
77
82_86
77
82
74
77
86
55_58
86
82_89
57
60
86
82
77
57_60
74
55
77
58_82
86_89
77
74
82
77
86
86
58
82_89
57
62
60
86
82
77
89
74
77
86
82
77
82
58
86
58
62
65
53
77
94
74_82_86
89
62
86
74
86
89
94
77
53
82
86
50
70
86
77
74_82_94
89
86
62
82
94
82_86
77
89
50
82
86
77
89
82
86
74
46
70_94
89
58
46_74
65
94
69_76_85_93
93
85
76
74_78_81
69
81
78
74
57_57
57
57
50_50
50
50
57_64_73_81
73
81
57
64
62_66_69
69
62
66
45
45
38
38
55_62_71_79_86
86
79
71
62
55
54_57_66_74
66
74
57
54
48
48
47
47
45_50
50
55
45
55
43_59
43
55
59
55
50
50
43_49
43
49
50
50
55
55
48_59
59
62
62
48
60
48
60
59
48
55
59
55
57
57
49_59
57
49
59
57
54
54
55
55
50_57
55
50
57
55
52
52
54
54
55
43
43
43
55
43
50
50
55
55
43_59
43
59
55
55
50
50
43_49
43
49
50
50
55
55
48_59
59
62
62
48
60
48
60
59
48
62
59
60
62
49_59
60
59
57
49
60
57
59
60
50_57
59
57
55
50
59
55
57
59
57
54
50
50
43_55
54
55
43
62_71_79_86
86
79
71
62
50_59_67_71_74
50
59
74
71
67
50
50
43
43
62_71_79_86
71
86
62
79
50_59_67_71_74
50
59
67
71
74
50
50
43
43
48_60_67_76_84_91
60
48
91
76
84
67
47_59_62_71_79
59
47
71
62
79
41_53
53
41
40_52
52
40
38_50_55
55
38
60
50
60
36_43_52_64
64
60_67_76
60
76
67
55
52
36_43
55
36_43_52_54
55_67_76
54
36
43
52
55
67
76
60
60
41_48_57_64
64
67
67
65_69_76
48
41
57
69
76
41_48_57
64
65
60_69_76
64
41
48
57
60
76
69
62
62
42_48_57_64
62
64
62
59_69_76
59
42
48
76
69
57
60
60
43_48_53_62
60
62
60
57_62_72
53
48
43
57
62
72
59
59
60
36_43_52
43
52
36
36_43_52_64_72
64
72
60
36
43
52
55
55
60
60
36_43_52_64
64
60_67_76
52
43
36
60
67
76
55
55
36_43_52_54
55_67_76
54
36_43
52
55
67
76
60
60
41_48_57_64
64
67
67
65_69_76
41
48
57
69
76
41_48_57
65
64
67_69_76
64
41_48
57
69
76
65
67
42_48_57_64
65
64
62
65_69_77
62
42
48
57
69
64_77
65
42_48_57_62
64
62
60
64_69_76
48
42
60
57
69
76
62
64
62
59
43_50_53
43
50
53
36_43_52_60
59
60
52
36
43
66
58
61
84
61
58_82
66
66
58
84
61
79
82
61
66
58
66
76
79
61
58
61
66
58
79
76
66
58
61
82
79
61
66
58
82
84
66
58
61
88
61
66
58
84
91
66
88
58
61
66
94
61
58
91
66
96
58
94
61
94
58_61_66
96
66
58
61
91
94
61
58
66
88
91
66
58
61
88_91
61
91
66
58
66
58
61
91
61
66
58
93
91
58_66
61
91
93
91
61
58_66
66
58
61_91
61_66
58
93
91
66_91
58
61
93
91
61
66
58
66
58
91
61
61
66
93
58
91
91
66
58
61
93
66
61
58
91
66
58
61
61
66
58
66
58
61
61
58
66
66
58
91
61
91
91
66
61
58
91
66
84
58
61
61
58
66
66
58
61
61_66
58
66
58
61
58
61_66
66
58
61
66
58_61
66
58
61
58_61
66
66
58
61
58_61_66
84
66
58_61
61
58
66
66
91
58
61
91
91
61
66
58
91
66
84
58
61
61
58
66
66
58
61
61
58
66
66
58
61
61
58
66
66
58
61
61
58
66
66
58
61
84
61
58
66
66
58
61
61
58
66
59
50
53
67_79
78
66
79
67
75
63
78
66
74
62_75
63
63_75
62
74
66
78
63_75
67
79
78
66
72
60
79
67
72
75
63
60
78
66
75
63
78
67
79
66
78
66
79
67
53
66
50
59
78
59
50
53
67
79
66
78
67
79
63
75
78
66
62
63_74
75
63
75
62
74
66
78
75
63
78
79
66_67
53
50
74
86
67
79
50
53
60
59
75
74
87
86
74
75
86
87
72
74_84
86
65
77
72
84
50
53
65
59_66
78
53
50
77
60
67
79
66
78
53
59
50
66
78
67
79
66
78
42
54
42
54
43
55
55
43
41
53
53
41
40
52
52
40
50
38
50
38
55
55
60
60
36
43
52
64
52
91
43
36
91
91
91
84
60
64
60
55
55
84
36_43
52
54
52
91
91
36
91
43
91
84
55
54
55
60
60
84
64
57
48
41
64
67
57
67
41
48
65
91
91
91
91
84
57
48
41
65
64
57
41
48
84
67
64
65
67
64
42_57
48_65
64
62
57
42
48
65
62
65
64
62
64
43
48_57
62
60
43
48
57
64
60
64
62
62
59
53
43
50
50
43_91
53
91
91
91
84
52
43
36
60
59
60
36
52
43
84
48
36
48
36
47
35
47
35
45
33
45
33
31
43
43
31
42
42
42
42
52
40
52
40
50
38
38
50
37
49
49
37
35_35
35_35
42
54
50
54
50
42
42
42
35
54
50
54
50
54
50
54
50
36
35
36
38
54
50
54
50
38
40
40
42
50_54
54
50
42
38
38
54
50
45
54
50
45
45
45
54
50
45
54
50
45
45
45
45
54
50
47
54
45
50
48
47
48
49
52
55
52
55
52
55
50
49
55
52
51
50
51
46
64
64
46
54
61
64
54
54
61
64
54
54
54
54
61_64
61
64
61
64
61
64
61
64
61
64
54
61_64
61
64
54
54
61
55_64
61
55
64
41
41
41
42
41
61
64
42
61
64
54
55
63
54_60
63
60
55
41
63
42
60
41
42
63
60
54
62
59
55
54
59
62
55
41
62
59
42
41
42
59
62
54
61
58
54
55
58
61
55
41
42
58_61
41
58
42
61
55
43
67
79
78
54
66
42
79
43_55_67
76
42
40_52
78
64
54_66
40
74
52
38
76
50
62
64
38
73
49
50
74
61
62
37
37
49
47
35
61_73
71
54
59
42_47
35
42
54
59
71
54
42
54
42
78
83
47
74
35
78
83
74
73_81
76
36_49
35
81
47
76
73
38
50_79
36_49
74
71
38
52
40
50
74
79
71
54
69
52
78
73
42
40
54
78
42
50
73
38
69
50
57
62
45
38_66
45
45
57
57
66
57
45
62
57
45
67
64
45
57
45
57
67
57
45
57_64
68
45
65
59
57
47
45
60
59
48
47
68
65
60
61
48
64
67
69
49
67
64
69
64_67
69
50
49
62
61
69
51
63
64
67
50
62
61
64
46
51
63
58
46
58
61
64
61_64
54
54
54
54
61
64
54
54
61_64
54
61
64
61
64
61
64
64
61
61
64
54
63
54
61
64
62
55
54
63
61
62
64
55
41_62
63
62
42
62
41_61
64
63
61
64
62
42
54
62
62
62
55
54
62
60_63
62
62
63
60
55
41_62
62
62
42
63
60
41
62
62
62
63
60
42
54
61
62
62
54
55
62
59
61
62
62
59
62
55
61
62
41
62
62
59
61
42_62
41
62
59
62
60
54
62
62
42
58
55_61
54
62
60
62
61
58
55
41
59
62
62
42
41
58_61
59
62
62
58
61
54
63
42
55
54
61
64
63
61
64
55
75
41
73
76
42
41_75
73
76
54
63
63
55
54
63
60
42
63
60
55
41
74
42
72_75
41
74
75
72
54
61
54
55
42
59
62
61
62
59
55
73
41
42
74
71
41
73
71
74
60
54
42
54
55_61
60
58
58
61
55
41
72
42
73
70
41
72
70
73
42
57_60
60
57
71
69
72
71
69
72
58
56_59
58
56
59
70
71
68
70
68
71
54_57
62
62
66
66
69
69
71
71
69
66
50
54
57
57
35
35
42
42
42
42
35
66
69
66
69
66
62
54
50
57
69
71
71
73
73
74
54
74
69
54
62
69
66
66
62
35
37
37
38
40
38
42
40
42
38
38
45
45
45
45
45
45
45
45
45
47
45
48
47
49
48
64
62
65
61
54_64
53
65
65
73
65
61
59
61
65
53
73
65
65
73
59
65
49
65
57
48_73
61
49
49
60
65
60
60
33
40
33
40
40
33
40
33
32
57
32_62
31
60
59
55
48
67
62
67_71
71
74
74
76
76
74
71
74
71_74
74
76
76
78
79
78
79
31
74
74
71
71
55
59
67
67
79
55_67
43
78
42
66
54
43
79
55
67
76
40
78
42
64
52
66
54
76
74
38
62
40_64
50
52
73
61
37_49
38
62_74
50
71
59
47
35
61
49
73
37
45_57
47
59
69
47
45
71
35
47
57
69
43
55
45
67
43
45
54
41_65
43
55
67
41
43
54
65
52
40
41
64
40
41
50
62
38
40
64
52
38
40
62
50
60
48
36
38
36
38
50
62
60
48
38
38
36
36
62
50
52_64
40_40
38
38
64
52
65
53
33
41
40
40
53
41
65
33
49
54
42_58
58
54
49
42
47
35
47
50_54
59
35_47_47_50_54_59
38_43
31
35
83
84
83
86
84
88
86
89
88
91
89
93
91
95
93
96
95
98
96
100
98
101
100
103
101
105
107
103
105
108
107
108
79
81
79
83
81
84
83
86
84
88
86
89
88
91
89
93
91
95
93
95_96
96
98
98_100
100_101
101_103
105
103
107
105
108
107
108
79
81
79
83
81
84
83
86
84
88
86
88_89
91
89
93
91
93_95
96
95
98
96
100
98
101
100
103
101
105
103
107
105
108
107
108
79
81
79
83
81
84
83
86
84
86_88
88_89
91
89
93
91
95
93
96
95
98
96
98_100
101
100
103
101
105
103
107
105
108
107
108
79
81
79
83
81
84
83
86
84
88
86
89
88
91
89
93
91
95
93
96
95
98
96
100
98
101
100
103
101
105
103
107
105
108
107
108
38
31
43
35
31
43
55
59
50
58
59
54
55
51
50
59
55
54
58
50
51
54
58
59
51
55
50
55
59
50_54_58
51
59
55
50
50
59
55
59
55
50
55
59_62
43
31
51
57_61
62
59
55
55
59_62
51
57
61
59
62
50
59
55
55
59
55
50
60
53
48
41_44
36
48
53
36
60
41
44
60
65
56
36
48
61
60_64
57
56
65
60
65
61
56
64
57
61
60_64
57
56
65
60
65
56
61
57
64
65
60
56
60
56
65
56
57
64
60
65
60
48
36
60
65
56
64
60
57
60
61
64
57
65
56
60
61
65
56
64
57
61
60
61
65
56
56
65
61
54
61
60
56
64
65
60
61
55_65
54
64
60
64
61
54
55
65
61
60
65
55
54
64
61
65
55
61_65
55
61
53
38_45
50
55
65
79
81
79_83
84
81
83
86
84
88
89
86
91
88
93
89
95
91
96
93
98
95
100
96
101
98
103
100
105
101
107
103
108
105
107
108
79
81
79
83
81_84
38
83
86
45_50_53
84
88
86
89
88
45_53
50
91
38_89
93
91
95
93
96
95
98
96
100
98
101
100
103
101
105
103
107
108
105
107
108
38
50
65
62
50
57
45
38
53
58
64
61
65
57
62
62
57_61
65
58
64
58
61
64
57
62
65
62
65
57
58
61
64
62
65
57
65
57
62
62
38
50
62
50_65
53_57
69
38
65
45
62
68
69
64
58
65
58
64
68
62
69
64
62
57_65
62_69
64
57
62
38
55
60
52
67
38
43
45
50_53
65
36
38_40
48
43
67
60
55
36_52
40
72
64
60
52
36_40
62
59
71
64
72
60
60
72
64
59
71
62
59
62
71
64
60
72
72
60
64
59
62
71
60
64
72
60
72
64
40
36
52
48
48_52
40
36
59
71
62
60_72
64
72
60
64
71
59
62
59
71
62
60_64
72
60
72
64
59
71
62
60
72
64
72
64
60
36
52
40
48
36
62_64
40
48
72
60
62
49
37
62
41
36
48
40
62
36
40_62
48
37_41
49
62
49
37
62
41
48
40
36
62
50
62
38
40
42
40
49
37
41
62
42
52
38
62
43
50
62
52
52
48
62
40
43
62
54
50
42
48
52_62
40
62
50
31
43
59
50_54
33_42_55
33
54
55
51_57
59
50
54_59
55
50
57
51
54
51
57
55
59
50
54
55
50
58
51
57
55
58
50
58
55
50
58
55
50
62
58
55
43
31
62
61
51
57
58
55
61
62
58
55
57
51
58
58
50
55
62
58
50
53
60
48
44
41
36
48
44
41
79
60
31
53
38
81
55
47
36
79_83
81
84
83_86
88
84
89
86
88
91
89
93
91_95
93
96
95
98
96
100
98
101
103
100
105
101
107
103
105
107
79
81
79
83
81
84
86
83
84
88
86
89
88
91
89
93
91
95
93
96
95
98
96
100
98
101
100
103
101
105
103
107
108
105
107
108
79
47_81
55
37
47
38_83
55_79
31
81
84
83
86
84
88
86
89
88
91
89
93
91
95
93
95_96
96
98
98
100
100_101
101_103
105
103
107
105
108
107
108
79
81
83
79
81_84
83
86
84
88
86
89
88
91
89
93
91
95
93
95_96
96_98
100
98
101
100
103
101
105
103
107
105
108
107
108
55
47
79
47
55
33
81
37
79
83
81
84
83
84_86
86_88
89
88
89_91
91_93
95
93
96
95
98
96
100
98
101
100
103
101
105
103
107
105
108
107
108
79
81
79
83
81
84
83
86
84
88
86
89
88
91
89
93
91
95
93
96
95
96_98
100
98
101
100
103
101
105
103
107
108
105
107
108
55
47
79
55
46
38
81
79
83
33
81
84
83
86
84
88
86
88_89
91
89
93
91
95
93
96
95
98
96
100
98
101
100
103
101
105
103
107
105
108
107
108
46
55
47
50_56
38
52
56
47
50
52
57
57
61
52
52
57
49
61
57
49
52
52
51
51
52
61
61
52
64
57
64
57
57_62
57
64
64
54
62_62
54
62
61
57
61
57
59
59
41
61
61
56
56
41
50
50
46
61
61
55
46
55
51
51
41
68
68
72
41
72
62
62
46
67
67
73
46
73
63
63
54
60
68
63
54_66
70
60
63
66
70
68
67
70
76
73
67
70
73
76
73
76
81
79
73
76
79
81
79
82
85
88
79
82
85
86
88
85
86
84
85
83
84
82
83
81
82
82
81
85
82
84
85
83
84
82
83
81
82
80
81
79
80
80
79
75
80
63
63
56
60
56
60
63
75
63
56_60
56
60
63
63
56
60
56
60
65
63
65
63
60
57
57
60
63
63
57_60
63
57
60
63
63
63
60
57
57
60
77_77
75_75
77_77
75_75
61
58
61
58
74_74
73_73
74_74
58
72_72
61
73_73
61
58
72_72
71_71
71_71
70_70
70_70
74_74
58_61
70_70
74_74
61
58
65_65
70_70
65_65
66_66
65_65
66_66
62
59
64_64
65_65
62
59
63_63
64_64
63_63
63_63
62
59
59
62
63_63
63_63
62
59
62
59
63_63
77_77
75_75
77_77
67
60_63
63
60
67
87_87
75_75
60_67
63
60_63
67
75_75
87_87
67
60_63
60
63
75_75
67
77_77
75_75
77_77
69
61
64
61
64
69
75_75
75_75
75_75
69
61
64_75_75
61
64
69
75_75
75_75
69
61
64
61
64
69_75_75
89_89
87_87
89_89
69
65
62
62
69
65
87_87
89_89
89_89
88_88
69
65_88_88
62
86_86
62_69
65
85_85
86_86
85_85
84_84
83_83
84_84
69
65
62
82_82_83_83
65
62
69
81_81_82_82
80_80
81_81
80_80
79_79
66_73
63
78_78
79_79
66
73
63
78_78
77_77
75_75
77_77
73
66
63
66
73
63
75_75
75_75
73
63_66
73
66
63
75_75
71_71
73_73
71_71
71_71
73_73
68
64
68
64
73_73
71_71
71_71
73_73
73_73
71_71
68_71_71
73_73
64
68
64
73_73
71_71
71_71_73_73
68
64
68
64
83_83
71_71
67
64
64
67
79_79
83_83
76_76
64
79_79
67
67
64
71_71
76_76
64
67
67
64
71_71
71_71
73_73
71_71
68
64
73_73
71_71
68
64
73_73
71_71
73_73
71_71
73_73
71_71
73_73
68
64
71_71
68
73_73
64
71_71
73_73
71_71
68
64
68
64
83_83
71_71
67
64
64
67
79_79
83_83
79_79
76_76
67
64
67
64
71_71
76_76
67
64
67
64
71_71
67
64
71
73
70
72
83
79
67
64
71
73
67
64
75
71
70
72
83
79
70_72
79
83
67
64
64
67
76
75
70
71
79
72_72_83
83
70
79
67
64
64
67_75
79
83
70
78
72
76
72
70
83
79
67
64
78
67
64
75
83
70_76
72
70
72
83
76
67
64
64
67
70
72
72
75
83
79
70
83
79
67
64
75
67
64
78
75
70
79_83
72
72
70
83
79
67
64
78
67
64
70
75_76
72
83
72
70
83
67
64
67
64_70
72
78
75
79_83
76
70
72
83
79
64
67
67
64
79_83
76
70
75_78
72
73
83
72
79
70
67
64
79
78_83
67
64
70
75
72
73
76
72
83
70
79
67
64
78
67_83
64
76
70
72
75
83
72
70
76
67
64
67
64
76
70
83
72
72
70_81
67
64
79
76
79
67
76
81
64
70
72
72
70
82
76
67
64
67
70
64
72
76
82
72
70
83
76
67
70
72
67_71
64
76
83
73
80_84
76
79
67
71
79
71
67
76
80
84
73
73
85
82
71
76_79
67
79
76
67
71
73
82
85
73
83_86
67
76
71
79
83
73
71
73_79
83
86
76
87
84
83
79
73
71
71
73
79_83
84
87
76
76
88
85
79_83
73
71
88
85
73_83
71
79
76
76
83
90
87
79
87
90
73
76
76_91
72_79
73_78
84_88
71
70
78
78
78
78
78
78
78
78
78
78
78
78
78
78
78
78
78
78
73
76
70
72
78
78
78
78
91
58_61_64_70_73_76_82_85
84_88
78
79
58_61_64
70
76
82
73
85
87
72_75
60_63_66
75
87
72
60_63
66
72_74_75_78
93
81
80
80
80
80
80
80
80
80
80
80
80
80
80
80
80
80
80
80
80
80
80
80
80
80
66_72_74_75_78_81_87_93
63
60
66_87
63
60
78
86
77
78
65
86
84
79
82
84
79
82
81
84
82
81
84
86
86
81
77
82
85
88
64
77
65
76
77
75
76
85
91
84
88
81
74
75
75
74
76
75
88
84
85
91
81
76
79
81
88
85
79
82
86
65
78
77
64
78
82
81
84
86
79
82
81_84
79
81
84
82
81
82
84
86
86
77
77
81
82
76
64
88
85
65
77
75
76
85
81
88
81
91
74
75
84
91
75
74
84
76
81
88
76_81
76
75
85
88
76_77_82
81
86
85
64
53
53
55
57
55
58
57
58
60
62
60
82
77
86
63
63
65
84
75
79
67
65
75
63
68_83_84
75
79
78
67
62
68_69
77
81
78
69_69_75_83
64
63
63
64
62
63
61
62
61
60
58
70_74
69
82
60
81
58
70
43_46_50_55
43
82
77
31_43_55_58
74
46_55
50
53_57
58
55
53
57
55_58
58
54_55_57
54
55_58
57
55
58
55_58
50
55
58
58_62
55
50
58
62
57_61
51
55
58_62
55
61
57
51
58
62
55_58
50
55
43
55
58
36_41_44_53_60
31
50
88
89
88
53
77_89
36_41_43_44_45_48_53
60
53
77
60
60
65
65
69
57
48
45
53
43
43_45_48_53
69
65
65
60
60
57
57
53
53
53
53
57
53
53
57
57
57
62
48
62
43_45
43_45_48_53
57
62
65
65
63
48
43_55
43_47_50_55
62
45
47
63
53
46
46
43
50
55
50_55
31_43_55_58
58
54_57
51
50_55
55_58
50
51
54
57
58
51_54_57
55
50
55_58
54
50
57
51
55
58
50
50
55_58
55
58
58_62
55
50
43
31
58
62
57_61
51
55
61
58_62
55
51
57
58
62
55_58
50
55
55
53_60
48
58
50
88
89
88
89
60
53
77
56
53
36_41_44
48
77
72
72
84
84
53
77
41
44
36
43_45_48_53
53
56
88
89
88
77
87
89
88
87
89
88
77
89
48
43
55
43_46_50_55
53
45
53
77
46
43
50
31_43_55_58
55
55
50
55_58
54_57
51
50
55_58
50
54
51
57
51
58
54_57
55
50
55_58
50
54
51
57
58
55
50
50
55_58
55
58
55_58_62
50
57_61
51
62
58
55
61
55
57
58_62
51
58
62
50
55_58
55
58
43
55
55
43_58_62
50
31
62
58
39_51_57_61
55
43
38_58_62
50_61
57
51
39
62
58
31_43_46_50_58_62
55
50
38
79
81
79_83
84
81
86
83
88
84
89
86
91
88
89
93
91
95
93
96
95
98
96
100
98
101
100
103
101
105
103
107
105
108
107
108
31_43_46_50_55_58_62
60_64_72_79
76
72
67_72_76
64
76
72
76
64_72_84
67
79
76
72
67_79
76
64
76_88
79
84
88
64_72_91
76
67
91
76
72
67_79_93
76
64
93
76
79
64_72_91
76
67
76
72
67_79
76
64
76_88
91
79
76
88
60
60_64_72_91
67
91
76
72
67_79_93
76
64
93
76
79
64_72_95
76
67
76
72
67_79
76
64
76_96
79
95
96
64_72_91
76
67
91
76
72
67_79_88
76
64
88
76
79
64_72_84
76
67
84
72_79
79
67_79_86
64
86
76
60
79
67
63_68_80_87
76
63
63
87
63
67_84
84
63
67
63
62_86
62
62
62
66_83
86
83
62
66
68
80
62
61_68_80_85
61
61
61
65_82
85
82
61
65
61
60_84
60
60
60
64_81
84
81
60
64
60
68
59_68_83
80
59
59
59
63_80
83
80
59
63
59
58_82
58
58
58
62_79
82
79
58
62
68
58
57_68_81
57
57
57
61_78
81
78
57
61
57
56_80
56
56
56
60_77
80
77
60
56
56
51_63_70
68
63
67
58_63_67_75
70
67
63
75
55_63_67_79
58
63_67
58_67_70
55
67_70_82
79
82
55_63_67_82
58
82
67
63
58_70_84
67
55
84
70
67
55_63_82
58
67
67
63
58_70
67
55
67_70_79
82
67
51
58
51_58_63_70_79_82
82
70
55_67
58
58_70_84
67
55
84
58_70
55_67
58_70_86
67
55
55_58
70
58
55
86
55_86_87
58
87
58_84_88
55
86
55_58
58_83_89
88
55
84
58
55
58_82_90
89
83
55
58
55
82
58_81_90_91
55
55
58
55
63
56_80_92
51
81
91
56
60
92
60_60_63
56_60
60
63_80
56
60
56_80
60
56
60_63
60
56_60_84
60
80
63
56
60
84
56_75_87
87
75
60_80
56
80
60_63_84_89
60
89
56_60_80_84
63
60
60
56
56_75_87
80
60_80
75
56
80
60_63_84
60
56_60_80_84
63
87
84
60
60
56
56_75_87
84
80
87
60_80
75
56
60_63_84_89
80
60
89
56_60_80
63
84
60
60
56
56_75_91
80
60_80
75
56
80
60_63_84
60
56_60_80_92
63
91
84
60
92
60
56
56_72_87
80
87
72
60_75
56
60_63_80_84
75
60
84
56_60_75
63
60
80
56_60
56_72_80
75
60_75
72
56
60_63_80_82
75
60
80
82
60
56_60_75
80
63
60
56
59_71_83
75
59
59
59
63_80
83
80
59
63
59
58_82
71
58
58
58
62_79
82
79
58
62
58
57_81
57
57
61_78
57
81
78
57
61
57
56_80
56
56
56
60
80
56
60
56
55_79
55
55
59_76
55
79
76
55
59
55
54_78
54
54
54
58_75
78
75
54
58
54
53_77
53
53
53
57_74
77
74
53
57
53
52_76
52
52
52
56_73
76
73
52_56
52
47_59_66_78
63
59
63
71
66
78
63
47
51_59_75
71
63
63
59
66
63
63_77_78
66
78
75
77
47_59_77_78
63
51
77
78
63
59
66_77_78
63
78
77
63
66
47_51_59_77_78
63
78
77
63
59
66_77_78
63
78
77
63
66
47_51_59_78
63
78
63_78
59
78
47_51_66_78
63
78
63_78
66
78
63
51_51_63_78_78
78
78
66_78_78
78
63
78
71_78_78
66
78
78
66_78_78
71
78
78
66
51_54_66_78_78
78
78
71_78
66
78
54_59_75_78
71
78
71_78
75
78
71
59_59_71_78
78
75
71
78_79
75
78
79
75
75
59_59_71_90
59
90
74
71
74_78_90
90
74
78
91
71_90
74
90
91
74
71
78
74
74
78
71_90
74
90
74
71
78_90
74
90
74
78
74_91
71_90
91
90
74
71
74
78
74
78
71_90
74
90
71
74
74
78_90
90
74
78
74
91
71_90
90
91
74
71
74
78
74
78
70_74_90
90
70
74
78_90
74
90
78
74
91
68_74_90
91
90
72
68
72
75
72
75
67_91
72
70_91
74
70
67_79
74
79
67
70
67
74
70
70
74
70
70
74
70
79
74
79
74
74
74
74_79
79
82
86
82
31_43_46_50_79_91_91
86
91
79_91
50
46_50_55_58
51_54_57
50
58
55
51
50_54_55_58
57
58
55
51_54_57
50
50_55_58
54
57
51
58
50
55
50_52_55_58
52
58
55
50
55_58_62
62
51_55_57_61
58
61
57
51_55_58_62
58
51_55_55_58
62
31
43
55
58
51_56_64_67_76
43
47
55
56_64_67_76
55
47
43
57_65_72_77
41_45_53
57_65_72_77
53
45
41
38_50
57_62_65
65
58_61_62_64
57
61
57_62_65
58
64
58_61_64
65
62
57
57_61_62_65
64
58
65
62
57
57_62_65
62
57
65
62_65_69
65
58_64_68
69
62
58
68
62_65_69
64
65
69
62
57_62_65
38
50
62_65
57
54_63
38_50
43
54_63
38_50
43
52_60_67_72
36
43_48
52_60
36
43_48_72
67
60_64_72_79
60
72_76
76
67_72
64
76
72
76
64_72_84
67
79
76
72
67_79
76
60
64
76_88
79
84
88
64_72_91
76
67
91
76
72
67_79_93
76
64
93
76
79
64_72_91
76
67
76
72
67_79
64_76
76_88
79
91
60
88
60_64_72_91
76
67
91
76
72
67_79_93
76
64
93
76
79
64_72_95
76
67
76
72
67_79
76
64
76_95_96
79
96
64_72_91
76
67
91
76
72
67_79_88
76
64
88
76
79
64_72_84
76
67
84
76
72
67_79_86
76
64
86
76
67
79
60
63_68_80_87
76
63
63
63
67_84
87
84
63
67
62_86
63
62
62
62
66_83
86
83
62
66
68
80
62
61_68_80_85
61
61
61_65_82
85
82
61
65
61
60_84
60
60
64_81
60
84
81
64
60
68
60
59_68_83
80
59
59
63_80
59
83
80
59
63
58_82
59
58
58
58
62_79
82
79
58
62
68
58
57_68_81
57
57
57
61_78
81
78
61
57
56_80
57
56
56
56
60_77
80
77
56
60
56
68
51_63_79
63_67
70_72
67
79
72
67_74
70
51
74
51_70_75
67
75
55
51
55
58
70
55
58
55
63
67_79
63
70_72
67
79
72
67_74
70
67
51_70_75
74
75
55
51
58
55_70
63
58
63_67
67
70
70
75
75
79
79_82
82
43_51_55_59_66_83_91
74
59
66
55
51
43
83_91
74
36_40_48_72_79_88_96
72_79
40
36
48
88_96
79
74
43_51_55_59_66_91
66
59
91
79
74
55
51
43
36_40_48_60_67_88_96
79
60
67
88
96
79
36
40
48
43_51_55_59_66_83_91
79
51
83
55
43_91
79
59
66
43_51_55_59_66_83_91
79
91
83
66
79
59
43
55
51
43_55_79
67
79
43
55
67
43_55_79
67
43
79
55
67
43_55_79
67
79
55
44_56_80
68
43
67
44
35_47_71
56
80
59
68
59
71
47
35
43_55
41_53
43
55
41
53
40_52
40
38_50
52
50
38
43_51_55_59_66_83_91
79
74
79
55
51
91
74
66
43
83
59
67
43_55_79
43
55
67
79
67
43_55_79
43
55
67
79
43_55_67_79
79
68
44_56_80
43
67
55
35_47_71
56_59
68
80
44
71
35
59
47
43_55
41_53
55
43
53
40_52
41
38_50
52
40
50
38_40_52
40_42_54
52
42
43_55
54
39_51
55
43
39
40_52
51
40
41_53_55_55_59_71_74_79
52
55
53
53_55_65
59
41
71_71
65
74_75_80
53
79
71
75
80
39_51
39
41_53
51
54
42
53
41
50
54
38_42
51
38
39
50
39
51
66
70_73
54
42_52_78
58
56
56
52_64
58
52
54
42
70
66
70
73
64
74_79
78
52
74
79
70
50
38
52
40
38_50
53
52
41
40
49
53
37
41
50
49
38
37
38
50
36_48
48
36
36_48
48
36
36_48
48
36
50_53
36_41
50
53
53
50
62_65
57
58_61_64
57
65
62
57
61
62_65
58
64
58
61_64
62
57
65
62_65
57
61
58
64
62
65
57
62_65
57
65
62
50
53
41
36
57
36_41_65_69
53
50
62
64_68
69
58
62
65
68
65_69
58
62
64
65
69
65
57
62
50_53
41
36
57
50_53
36_41_59_62_67
65
62_67
43
31
36
50
53
41
60
48
59
31
26
38
43
36
60
26
38
60
60
48
36
36
36
36
36
36
36
37
37
53_56
61
53
56
61
31
31
64
55_60
60_64
55
37
61
53
56
37
53
56
61
31
64
55_60
31
55
60
64
37
53
61
56
37
53
56
61
31
55
64
60
31
64
60
55
37
53_56
49
37
49
53
56
31
72
48
52_55
60
31
55
52
48
37_61_72_73
60
73
61
53
49
44
37_63_75
75
63
44
49
53
31_64_76
76
64
55
48
52
31_60_72
52
48
55
37_61_73
60_72
73
61
53
49
44
63_75
37
44
75
49
63
53
31_64_76
76
64
55
48
52
60_72
31
48
52
55
37_61_73
72
60
64_76
61
73
61
53
56
65_77
76
64
37
68_80
77
65
53
56
61
68
31_72_84
80
84
72
55
64
60
71_83
31
72_84
83
71
60
64
55
37_73_85
72
84
85
73
61
53_56
77_89
37
89
53
77
56
61
31_76_88
55_64
60
31
88
60
64
55
76
37_73_85
85
73
53_61
56
77_89
37
53_89
56
61
77
31_76_88
76
88
77
76_89
88
77
89
55_64
60
31_72_84
76
88
84
72
67_79
60
64
55
37_68_79_80
67
80
68
53_61
56
73_85
37
61
56
53
85
73
31_72_84
85
72_73
84
72
84
85
73
55_60
52
84
31_67_72_79
67
79
64_76
52
55
60
76
64
37_65_77
77
65
53_56_61
68_80
37
56
61
53
80
68
31_67_79
79
60
55_67
52
63_75
31
64
63
75
76
52
55
60
64
37_65_77
76
77
65
56_61
53
68_80
37
80
68
56
53
61
31_67_79
79
67
60
52_55
63_75
31
63
64_76
75
52
55
60
76
37_65_77
64
65
77
53
61
56
68_80
37
80
68
53
56
61
31_67_79
62
55
59
31
59
55
67
62
79
60_72
28_40
48_60
60
72
40_40_52
60
48
52
40
28_40_52
40
52
48_60
48_60
60
48
48
60
48_60
48_48_60_60
48_60
40_52
40_48_52_60
40_48_52_60
40_48_52_60
60
48
40_52
52
40
40_52
52
40
48_60
48_60
60
48
60
48
48_60
48_48_60_60
48_60
40_52
40_48_52_60
40_48_52_60
36_40_48_52
36
48
36_48
48
36
36_48
48
36
36_48
48
36
25_37
65_68_73_77_80_85
25
37
68
65
73
77
80
85
31
31
67_72_76_79_84_88
76
72
67
84
79_88
37
65_68_73_77_80_85
37
68
65
73
77
80
85
31
48_67_72_76_79_84_88
31
67
72
76
84
88
79
37_48_49
49
51_65_68_73_77_80_85
37
51
68
65
73
80
77_85
31_52
52
48_67_72_76_79_84_88
31
72_76
67
84
79
88
37_49
48
49
51_65_68_73_77_80_85
37
51
65
68
73
77_80
85
31_52
52
48_67_72_76_79_84_88
31
84
72
67
79_88
76
37_49
48
51
49
51
53_65_68_73_77_80_85
37
56
53
68
65
73
77
80
85
56
31_60
60
59_67_72_76_79_84_88
31
60
59
76
72
67
84
88
79
37_61
60
61
37
65_65_68_73_77_80_85
68
73
65
65
77_80
85
31_64
67_72_76_79_84_88
31
76
72
67
88
84
79
37_61_64
61
65_65_68_73_77_80_85
37
65
68
73
65
77_85
80
31_64
64
65
64
65
64
60_67_72_76_79_84_88
31
60
55
72
67_76
55
84_88
79
37_56
56
61_65_68_73_77_80_85
37
61
65_68
73
80
77_85
31_60
60
61
60
61
60
55_67_72_76_79_84_88
31
55
52
76
67_72
84
37_53
52_79
88
53
56_65_68_73_77_80_85
37
56
65
68
73
31_55
77
80_85
55
51_67_72_76_79_84_88
31
51
52
72
67
76
84
88
79
37_53
52
53
56_65_68_73_77_80_85
37
56
68
65_73
77
80_85
31_55
55
51_67_72_76_79_84_88
31
51
52
76
67_72
88
84
79
37_53
52
53
56_65_68_73_77_80_85
37
68_73
65
85
77
80
31_55
56
67_72_76_79_84_88
31
76
72
67
84
36_48_60_72_79_84_88_96
55
31_43_48
36_60
72
84
96
43
31
31_43
65_71_77_83
77
83
65
71
65_71_77_83
77
83
65
71
65_71_77_83
77
83
31_43
48_60_60_64_65_71_72_76_84
60
48
40_52
52
40
40_52
76
84
60
64
72
40
52
48_60
60
48
60
48
60
48
48_60
48_48_60_60
48_60
40_52
40_48_52_60
48_60
48_60
48_60
48_60
48_60
48_60
60
48
48_60
60
48
48_60
60
40_52
48
40_48_52_60
40_48_52_60
31_40_43_52
55_59_65_71_83_89_95
83
95
89
65
71
55_55_59_59_65_71_83_89_95
55_59
65_83
95
71
89
55_59_65_71_83_89_95
83
95
89
71
65
36_48_55_59_64_72_84_88_96
31
43
36_48_64_72_84_88_96
36_43
43
36
60_60
64_64
67_67
43_52_72_72
60_60
64_64
67_67
72_72
43
52
71_71
75_75
78_78
71_71
39_47_83_83
78_78
75_75
83_83
39
47
66_66
71_71
75_75
55_63_78_78
71_71
66_66
75_75
78_78
55
63
79_79
84_84
88_88
79_79
48_55_91_91
84_84
88_88
91_91
48
55
72_72
76_76
79_79
55_64_84_84
72_72
76_76
84_84
79_79
55
64
71_71
75_75
66
71_71
78_78
51_59_75_75_83_83
78_78
66
83_83
51
59
66_66
71_71
66_66
75_75
71_71
55_63
78_78
75_75
78_78
55_63
67_67
48_55_72_72
76_76_79_79
67_67
72_72
76_76_79_79
55
48
64_64
52_60_67_67
72_72
64_64
67_67
72_72
60
52
71_71
75_75
39_47_78_78
71_71_83_83
75_75
78_78
83_83
47
39
66_66
71_71
43_51_75_75
78_78
66_66
71_71
75_75
78_78
43
51
79_79
84_84
36_43_88_88
91_91
79_79
84_84
88_88
91_91
36
43
72_72
76_76_79_79
43_52_84_84
72_72
84_84
79_79
76_76
52
43
71_71
75_75
78_78_83_83
39_47
71_71
75_75
83_83
78_78
39_47
66_66
71_71
43_51_75_75_78_78
66_66
78_78
71_71
75_75
43
51
36_43
36
43
64
64
67
67
72
64
72
64
43_52_76
67
76
67
72
72
76
76
52
43
39_47
39
47
43_51
43
51
48_55
48
55
67_67
72_72
55_64_76_76
67_67
79_79
72_72
76_76
79_79
55
64
51_59
59
51
55_63
63
55
64_67
36_43_52_60
43
36
52
52_55
67
64
55
69_72
52
40_47_55_57_67
60
40
47
57
55
52_57
72
69
72_76
69
67
72
52
57
79
69
36_43_52_72
43
36
52
76
79
79_81
52_57_76
72
52
57
79
81
76_76_79
40_47_55_72
40
47
55
52_57
72
76
79
69
72_76
52
57
72_76
36_43_52_72_76_79
69
36
43
76
52
79
79_81
52_55_76
72
52
79_81
55
40_47_51_54_75_78_83
76
40
47
51
54
51_54
78
83
75
76_79_84
79
51
54
36_43_52_72_76_76_79
76
84
36
43
52_79
52_55_69_72_72_76
55
72
52
72
40_47_55_57_67_69_69
76
47
40
69
57
55
71_74
52_57_65
67
72
71
74
52
57
72_75
65
32_39_63
32
39
48_56
72
48
56_75
63
72_75
36_43_70
43
36
75_83
72
79
56_59_70_74
83
79
72_75
59
56
32_39_63_74
48_56
32
39
72
75
48
75
36_43_70_72
56
63
75
72
79_83
70
53_59_74
36
43
83
53
59
72_75
39_46_70
79
74
51_60
46
39
72
60
51
67_70_70
36_43_65
75
50_58
36
43
70
67
50
58
67_70
39_46_63
65
55_58
46
39
55
58
36_43
67
70
57
63
36
43
58
57
39_46_55
48_51
39
46
48
51
55
60_63
58
43_50_58
53
43
50
63
63_67
60
58
63
67
53
70
39_46_63_65_67
65
70
67
70_72
55_60_67
63
39
46
70
55_60
72
67_67_70
43_50_58_63
58
55_58
43
63
70
50
67
60_63_67
55
58
63
67
39_46_55_63_67_70
60
55
67_70
63
55_58_67_70_72
46
39
72
58
70
55
42_50_54_57_66_69_74
67
54
57
54_57
42
50
74
70
66
69
67_75
70
54
57
39_46_55_63_67_67_70
67
75
70
55
63
63
55_58_60
39
46
58
55
63
50_55_58_60_60_63
43
60
53_56_61
65
50
55
58
63
43
61
65
53
56
38_47_50_54_66
62
38
47
54
62
66
66
38_47_54_62
66
66_74
62
62
54
38_47
74
66
62_62_66
50
38_48_50_54
48
38
62
66
54
62_66
38_48_54
66
66_74
48_62
62
38
54
74
66
62_62_67
31_43_55_59
50
55
38_50
43
31
43_55
38
50
45_57
43
55
43_55
45
57
41_53
55
43
40_52
41
53
38_50
40
52
59
62
50
67
38
36_43_48
64
48
67_67_91
36
64
43_55_64_72_72_84
76_76
84
79_79
91
72_72
67_67
76_76
79_79
64
55
83_91
39_47
63
67_67
54_63_71_71
75_75
39
63
79_79
47
67_67
71_71
75_75
79_79
83
91
54
36_43_64
63
67_67
72_72_84_91
43
36
55_64_76_76_79_79
72_72
67_67
76_76_84
79_79
91
64
83_91
63
39_47_64
55
67_67
54_63_71_71
39
75_75
63
47
79_79
67_67
71_71
75_75
79_79
91
83
64
36_43_63
54
67_67
84_91
55_64_72_72
76_76
67_67_84
91
79_79
64
36_43
72_72
76_76
79_79
83_91
63
55
39_47_64
67_67
71_71
54_59_75_75
63
67_67
39
79_79
47
71_71
75_75
79_79
54_59
91
64_83
36_43
67
72
76
79_84_91
67
72
43_76
36
64_79
84_91
63
39_47
67_71
75
59_79_91
63_83
39
47
67
71
75
79
91
83
36_48_60_76
59
60
79
84
62_88
79_84
88
91
76
79
84
88
91
48
36
88
84
79
62
75
42_63
63
79
59_83_87
83_87
78
75
79
87
83
42
78
83
87
76
36_48_60
59
60
79
84
62_76_88
84
79_88
79
84
88
48
36
84_88
79
62
75
42_63
63
79
83
87
78_83
59_87
75
79
83
42_87
78
83
87
76
36_48_60
59
63
60
79
84
76
63
84
79_88
64_88
79
84
88
36
48
88
84
79
67
64
75
67
42_71
71
79
87
78_83
83
70_87
79
75
42
83
87
78
83_87
70
71
36_48_72
71
72
79
79_84
84
88
76_88
79
84
88
48
36
88
84
79
76
42_75
79
83
87
78_83
87
79
83
87
42
78
83
87
36_48_72_75
72
79
84
79
88
84
76_88
79
88
84
48
36_84
88
79
76
42_75
75_76
75
76
79
83
87
87
78
83
75
71
79
83
87
42
78
83_87
71
66
66
76
36_48_67_79
79
67
79
76
84
88
88
72
79
84
88
48
36
88
72
75
42_71_75
72
71
71
72
79
75
83
87
87
75
71
66
79
83
42
87
87
63
66
76
36_48_64_76
63
64
79
76
84
88
67_88
79
84
88
76
48
36
88
67
75
42_66_75
79
66
75
83_87
87
62
79
75
42
87
83
87
63
62
76
36_48_64_76
63
64
79
84
76
88
88
67
79
76
84
88
48
36
88
67
75
42_66_75
66_79
87
83_87_90
75
62
79
42
87
83
75
90
87
63
62
76
36_48_64_76
63
64
79
84
88
76
67_88
79
84_88
76
48
36
88
67
75
42_66_75
79
83
87
90
87
79
75_83
87
75
87
90
42
66
35_47_59_59_71_83
47
35
36_48
48
36
37_49
37
49
38_50
50
38
59_59
47
59
28
52_55_71_83
40
28
40
47_48
47_48
47_48
30_42
47_48
47_48
47_48
47_48
47_48
47_48
30
42
47_48
47_48
47_48
43
31
47_48
47_48
47_48
47
48
47_48
43
31
47_48
48
47
47
30_42
48
48
47
47_48
42
30
52
47
55
28_40
47
67
64
59
47
64
47
63
66
67
47_48
28
40
47_48
47_48
66
30
47_48
42_64
67
63
47_48
47_48
47_48
64
67
66
63
47
48
47_48
47
48
42
30
47_48
66
43
31
64
67
63
47_48
47_48
47_48
48
47
47
48
47_48
43
47_48
64
67
47_48
67
64
30
42
47_48
31
48
47
47
48
47_67
64
42
67
71
28
30_40
47
47_47
47
48
47
48
48
47
47_48
48_67
28
47
30
69
42
66
40
47_48
71
47_48
47
48
47_48
47_48
47_48
47_48
42
47_48
30
31
43
67
71
47_48
66
69
48
47
47
48
47_48
47
48
47_48
47
48
47_48
40
31_67
28
71
43
47_67
64
48
48
47
47
48
47
64
42
30
28
40
62_69
52
67
52
54
52
54
54
52
52
54
40
28
30_54
42
52
52_54
52_54
52_54
54
52
52_54
54
52
52_54
30
42
28
52_54
40
52
54
52_54
52
54
54
52
52
54
54
52
52
30
54
38
42
54
52
52
54
52_54
52
54
40
52_55
59
38_45_47
69
62
52
45
48
47
47_48
48
47
47
48
42
48
40
47
47
48
48
47
47_48
48
47
47_48
47_48
47_48
42_43
47_48
47
48
47_48
47
48
48
47
47_48
48
47
47
48
42
48
43
47
47
48
48
47
47
48
52
55
59
47
40
59
47
42
71
67
47
48
60
47_48
71
66
70
59
67
48
47
47
48
42_67_71
66
47
48_59
70
60
40
47
48
48
47
48
47
66
70
59_60
48
71
47
67
48
47
48
47
48
47
67
43
71
42
59
48_66
47
60
70
48
47
48
47
47
48
47_48
47_48
48
47_59
71
67
47
48
67_71
42
47_48_59
43
47_48
47
40
47
42
59
67
70
60
71
66
47_48
47_48
48
47
66
67
42
48_59_71
47
70
40
60
48
47
47_48
47_48
66
70
47_48_60
71
59
67
47_48
47
48
47_48
43
67
71
66
42
47_59
48
70
60
48
47
47_48
48
47
47
48
48
47
47_48
59
71
67
48
47
67_71
42
47_59
48
43
48
47
47_48
35
42
67_71
47
60
59
42
60
35
59
47
42_59
35
47
71_83
36
72_84
35
71
83
72
84
48
52
55
60
74_86
48
52
55
60
86
74
42
75_87
36
75
87
51
54
59
63
51
71_83
54
59
63
48
42
72_84
71
83
84
72
48_48
52
55
48
60
74_86
52
55
86
74
60
42
75_87
75
87
51
54
59
51
63
71_83
54
59
63
83
36
72_84
42
71
75_87
84
72
48
52
55
75_87
60
48_76_88
52
55
60
79_91
88
76
79
42
83_91_95
36
51
54
83_95
59
63
51_82_94
54
59
63
82
83_95
94
48
95
42
84_96
83
96
84
97
97
48_48
52
55
60
88_100
48
52
55
60
88
100
42
87_99
51
54
59
63
51
54
59
63
99
87
36
84_96
42
84
96
48
52
88_100
55
60
48
52
55
60
88
100
42
87_99
36
99
87
87_88_99_100
88
100
51
87
54
99
59
83_95
63
51
54
59
63
83
95
78_90
78
90
48
79_91
42
91
79
48_48
52
55
60_84_96
48
52
55
60
84
96
42
83_95
83
95
83_84_95_96
84
83
51_96
54
59
77_90
63
95
51
54
77
59
63
90
75_87
36
76_88
42
75
87
88
76
48
52
55
60
48
79_91
52
55
60
91
79
42
78_90
36
78
51
54
59
90
63
74_86
51
54
59
63
86
75_87
74
48
76_88
75_87
42
88
76
48_48
52
55
60
48
52
79_91
55
60
91
79
42
78_90
78
51
90
54
59
74_86
63
51
54
59
63
75_87
86
74
76_88
36
75
87
42
88
76
48
52
55
79_91
60
48
52
55
60
79
91
42
78_90
36
58
61
64
70
58
61
64
70
90
59
78
35
71_83
42
83_83_95
71
59
35
83
95
83_95
84_96
43
36
95
83
43
36
67_76
67
76
43
36
43
36
79_88
79
88
43
36_84_96
43
36
79_88
79
88
43
36
43
36
55_79_88
55
79
88
60
60
43
36
64
43
36
64
60_79_88
60
79_88
55
55
43
36
54
43
36
54
55_79_88
55
79_88
60
60
36_43
64
64
43
36
67
67
65_72_81
72
81
41_48
65
41
48
64
60_81
72
64
72
81
62
60
62
64
42
48
42
48
62
64
62
59
81
72
72
81
60
59
60
42
48_62
48
42
60
62
60
57_72_81
57_81
72
59
59
60
36_67_76
76
67
64_72
64
72
60
55
36
55
36_60
36
60
36
43
36
43_64
43
43
43
43
64
43
43
76
67
36
36_60
67
76
60
55
55
54
39
36
54
36
39
67_76
39
40
40_55
39
55
67
76
60
44
40
40
44
60
44
45
45_64
44
64
67
45
41
45
67
41
81
72
41_50
50_65
41
81
72
50
50
50
50
50
50
50
50
51
65
50
51
50
51_64
52
51
52
52
81
72
52
52
52_67
64
52
53
72
81
52
53
65
67
54
53
54
53
54
55
55_64
54
65
64
62
81
72
65
62
72_81
64
65
62
64
62
60
81
72
56
55_56_64
55
60
81
57
56_72
56
57
62
64
58
57
58
57
59
58
59
62
58
79
71
79
71
60
59
59
60_72
64
64
72
60
60
55
52
48
48_60
57
55
52
55
60
57
60
64
57
55
60
64
64_67
43
36
60
57
52
36
43
52
55
52
64
67
55
52
55_57
72
69
47
40
67
60
57
55
40
47
57
52
72
69
72_76
69
67
72
76
52
57
76_79
52
43
36
72
69
79
76
52
77
81
36
57
52
43_72
76
81
77
52_57
47
40
55
76_76_79
72
47
40
57
52_55
79
76
72_72
69_76
52
76
72
57
76_79
52
36
43
72
69
52
79
76
43_79
52_81
36
55
76
72
55
81
52
79
51_54
83
47
78
40
75
76
51
54
51
54
40
47
78
83
79_84
76
75
79
51
54_84
79
76_76
52
36_43
72
76
52
79
55
52_76
72_72
69
36
43
72
55
52_76
72
69_69
57
55
47
40
67
57
55_72
69
71
74
57
52
65
47
67
40
71
74
72_75
32
39
63
52
57
65
56
48
32
39
72
75
72
75
36_43_48
56
70
63
75
72
59
55_83
79
74
70
36
43
83
59
55
79
75
72
32
39
63
74
56
48
32
39
72
75
48_75
56_72
36_43
70
63
72
75
79_83
59
53
36
74
43
70
83
59
53
75_79
72
46
39
70
74
51_60
46
39_75
72
70
51
60
70
67
36
65
43
58
50
36
43
67
70
58
50
67
70
46
39
63
65
58
55
46
39
55_58
36
43
67
70
36
43
69
63
70
46
39
63_67
69
51
60
39
46
51
60
43
72_75
50
70
70
63
67
50
43
58
53
75
70
75
79
72
72
58
53
75
79
55
82
79
39
46
75
72
55_82
79
81
84
60
55_75
79
39
46
60
55
81
79_79
82
58
84
75
50
43
58
55
58
43
50
79
82
75_75
79
72
58_75
55
79
55
79
82
75
39_46
72
55
79
82
55
58
84
79_82
75
39
46
55
58
82
84
57
42
50
78_86
81
54
79
54
57
54_57
42
50
78
86
79
82
87
81
54
82
57
55
75
87
39
82
46_79_79
82
55
55
58
75_75
72
39
46
55
58
75
55
43_50
75
72_72
70
79
72
55
73
77
50
60
53
68
75
43
70
77
73
53
60
78
74
38_47
54
62
66
68
47
38
74
66
78
78
74
47
38
66
78
78
74_86
38_47
74
66
78
86
54
62
78
74_74
38
54
48_62
66
48
38
66
74
78
78
74
48
38
66
78
86
78
74
74
38
66
48
86
71
79
54_78
55
43
67
62
74
55
50
38
43
71
55
59
79
67_67
43
50
38
57
55
45
43
59
67
55
59
67
43
57
45
53
55
43
41
40_41
52
53
50
40
38
52
50
59
38
67
37
49
56
62
93
89
37
80_85
49
65
93
68
89
56
80
85
62
65
68
44
79_84_88_92
57
60
64
69
57
44
60
64
69
79_84_88_92
37
49
56
61
92
89
65
68
80_85
56
92
37
49_89
61
65
68
80
85
44
79_84_88_92
56
60
64
68
44
56
60
64
68
37
49
88_92
84
79
56
61
65
68
56
37
73_77_80
49
61
65
68
73
77_80
44
56
60
68
64
72_76_80
56
44
60
64
68
76
80
72
49
37
56
61
65
56
68
61
73_77_80
37_49
65
68
77
80
73
44
56
60
56
64
68
72
60
64
44
68
72
84
84
49_73
77
73
80
77
85
49
80
85
53_61_75_77_80_85
85
75
77
80
87
53
61
87
43_76
76
79
84
79
84
88
43
88
55_64_72
72
64_84
55
84
49_73
73
77
80
77
80
85
49
85
53_61_77
77
53_80
61
80
43_84
79
84
76
79
43
72_76
72
55_64_83
83
64_84
55
84
49_85
80
85
77
80
49
73
77
73
53_61_89
89
53
77
61
77
43_88
88_89
88
89
89
43
88
88_89
89
88
88
89
55_64_83
88
83
64
55
84
84
49_85
80
85
77
80
77
73
49
73
53_61_89
89
53
77
61
77
43_88
88
89
88
43
89
88
55_64_84
84
79
64
55
79
49_80
77_80
77
73
49_73
68
68
53_61_85
85
53
73
61
73
43_84
84
85
84
43
85
84
55_64_79
79
64
76
55
76
49_77
73
71
73_77
49
65
71
65
53_61_80
80
53
68
61
68
43_67
67
43
55_64
55
64
60
60
67
43_60
67
36
60
36_43
57
91
88
60
79_84
64
84
67
57
79
60
64
67
91
88
87
43_51_78_83_91
51
43
55
59
62
67
55
59
62
67
78
83
87
91
36_43
36
43
55
60
64
91
88
67
79_84
55_88
91
79
84
60
64
67
91
87
43_51_78_83
51
43
55
59
63
67
55
59
63
67
78
83
91
87
48
88_91
48
72_79_84
72
84
79
88
91
55
87_91
75_79_83
55
75
79
83
87
91
60
60
91
88
67_79_84
67
88
84
91
79
67
87
91
93
71_79_83
67
71
93
79
83
87
91
76
91
88
76
79_83
79
88
91
83
76
91
88
76
79_83
79
88
91
83
76
76
91
88
79_83
88
79
91
83
76
76
91
88
79_83
79
88
91
83
76
76
79_83
83
79
76
76
79_83
83
79
76
76
76
76
78
77
65_78_82_86
82
81_84_86
84
79_82
81
81_82_84
79
82_84_86
81
77
82
77
86
76_81_85_88
65
77
75
76
85
88
75
74_84_93
81
75
74
76
81_85_88
75
93
76
84
79
88
81
85
78
77
78
65_79_82_86
81_82_84
86
79_82
81
84
81_84
82
79
82_86
84
81
86
77
82
77
76
81_85_88
65
77
75
76
74_84_93
85
75
88
81
75
74
84_93
76_88
75
76
85
88
85
70_77_86
53
55
53
57
55
57
58
70
77
86
58
59
52_55_58_59_60
52
58
55
60
52_55_58_60
52_58
55
60
52_55_58_60
58
52
55
60
51_56_58_61
56
51_61
58
51_56_58_61
51
56
58
61
51_56_58_61
51
58
56
61
52_57_60_62
57
52
60
62
52_57_60_62
52
60
57
62
52_57_60_62
60
52
57
62
51_58_60_63
58
51
60_63
51_58_60_63
58
51
60
63
51_58_60_63
60
51
63
58
52_59_62_64
59
52
64
62
52_59_62_64
52
62
59_64
52_59_62_64
62
52
59_64
51_60_62_65
51
60
62
65
51_60_62_65
62
51
60
65
51_60_62_65
51
65
60
62
49_61_64_66
61
64
66
49
49_61_64_66
49
64
66
61
49_61_64_66
64
49_61_66
47_62_64_67
64
62
67
47
47_62_64_67
62
47
67
64
62
47_64_67
62
47
64
67
46_51_66_68
68
66
46_51
46_51_66_68
46
51
68
66
46_51_66_68
66
46
68
51
45_52_66_69
52
69
45
66
45_52_66_69
45
52
66
69
45_52_66_69
45
69
66
52
46_51_66_68
46
66
51
68
46_51_66_68
46
66_68
51
46_51_66_68
46
66_68
51
45_52_66_69
45
52
69
66
45_52_66_69
45
52
69
66
45_52_66_69
45
66
69
52
37_49_53_68_70
37
49
53
68
70
37_49_53_68
37
49
68
53
37_49_53_68_82
68
82
53
37
49
44_54_68_71
44
54
68
71
44_54_68
44
54
68
44_54_68_83
68
44
54
83
38_50_53_68_81
38
50
53
81
68
38_50_53_68_81
53
68
38
50
81
38_50_53_68_81
68
53
38
50
81
43_55_68_83
43_83
55
68
43_55_68_83
43
55
68_83
43_55_68_83
43
55
68
36_48_52_55_67_72
83
52
55
67
52_55_67_76_84
72
67
52
55
76_84
52_55_67_76_84
67
76
52
55
84
36_48_52_55_67_76_84
67_76_84
55
52
52_55_67_76_84
67
55
76
84
52
51_54_68_77_84
68_77_84
51
54
51_54_68_77_84
68
51
77
54
84
51_54_68_77_84
68
51
77
54
84
51_54_68_77_84
51
68
54_77
84
51_54_68_77_84
51
77
68
54_84
51_54_68_77_84
68_77_84
51
54
51_54_70_79_84
51_84
54
70_79
52_55_76_84
55
52
24_36_48_72
24
36
48
24_36_48_60
24_36_48_60_76_84
72
