41_48_72_84
63_64
70
70
63_64
70
61
70
70
61
70
70
60
70
70
60_63
70
70
36
41
60_63
70
60
70
64
70
36
41_72_84
71_83
70
53
60_64
48
70
60
72_84
71_83
70
64
70
76_88
50
72_84
53
38
70
41
63_64
70
63
70
61
70
70
61
70
74_86
76_88
70
60
70
70
60_63
70
63
45
64_76
38
74_86
70
60
70
60
70
64
70
57
65_77
38
64_76
50
70
45
60_64
70
60
70
64
70
55
70_82
70
65_77
57
38
63_64
43
70
63
70
61
70
70
61
70
70
60
70
67
69
60
69
68
68
66
67
70
61
66
55
70
62
67
58
65
61_67
70
70
70
38
43_60
74
70
74
60
77
70
64
70
50
55
69_81
70_82
70
60_64
70
60
55
62
58
77
65
70_82
69_81
70
43
38
64
70
64
55
50
70
70_73_82_85
43
37
63
70
63
70
61
70
70
61
70
70
60
70
60
70
61
70
61
73_85
37
72_84
36
70
60
70
60
70
64
70
70
60_64
70
60
70
64
70
72_84
64
57
55
72
70
72_84
41
36_63
70
63
70
61
70
57
53_70
61
60
70
64
65
70
69
60
72
70
76
60
70
61
70
61
70
36
60
41
70
60
70
64
70
72
71
70
41
60_64
36
70
69
65_72
53
60
57
76
64
60
72
70
71
64
70
64
70
74_86
79
38
72
41_63
72_84
70
63
70
77
69
74
65
62
57
61
70
74
69
57
77
62
65
70
61
70
77
70
79
77
65
57
69
60_74
62
70
60
70
61
70
61
45
38
70
60
70
60
70
64
70
53
57
38
70
60_64
45_76
77
70
60
50
53
70
77
64
76
70
62
57
65
64
69
74
77
55
70
38
43
50
82
63
77
70
63
70
61
55
70
58
62
70
61
65
70
67
70
70
60
74
70
77
60
70
61
70
61
70
38
60
43
82
70
60
70
82
64
70
50
70
43
55
82
84
60_64
38
70
82
60
84
55
65_67
62
74
77
58_70
70
81
82
64
70
82
64
81
55
50
70
37_77_89
43_63
74_86
70
85
82
63
70
61
70
70
61
70
70
60
70
60
70
61
70
85
84
61
84_85
37
76_88
84
85
70
36
60
77_89
70
60
70
64
70
84
82
70
60_64
70
60
70
64
70
64
82
53
76_88
81
72_84
70
41
36
63
55
70
53
57
63
60
70
64
81
84
41_61
36
69
70
72
70
61
76
70
70
84
81
60
70
60
84
81
70
61
84
81
70
81
84
61
84
81
70
81
84
60
70
81
84
84
81
60
81
84
70
84
64
81
81
70
84
84
84
84
81
70
60_64
70
84
60
84
53
70
64
57
70
83
64
84
76
69_72
60
64
82
70_83
55
43
63
53
36
70
55
58
63
62
84
82
65
64
70
70
36_64
43
61
74
84
82
70
70
77
82_84
61
70
82
84
70
84
60
82
70
82
84
84
82
60
82
84
70
84
61
82
70
82
84
84
82
61
82
84
70
84
60
82
70
60
70
64
70
70
60_64
84
70
60
62
58
55
70
84
77
64
74
70
70
83
65
82
84
64
83
82
72_84
81
53
70
41_53
36
63
55
57
70
60
63
64
84
69
81
70
36
41
61
72
70
84
81
76
70
61
70
81
84
70
60_84
81
70
81
84
60
84
81
84
81
70
84
81
61
70
84
81
61
81
84
84
81
70
60
70
60
70
64
70
70
60_64
84
70
53
60
70
84
64
64
70
57
83
69
72
76
64_84
60
82
83
55
55
70
36
43
53
63
58
70
60
65
63
70
84
82
74
36
43
70
61
70
77
84
82
70
61
70
82
84
70
84
82
60
84
82
70
82
84
60
82
84
70
82
84
61
70
84
82
61_82
84
84
70
60
82
70
60
60_70
64
55
70
84
70
60_64
64
60
70
77
74
70
60
60
58
65
55
64
70
70
64
70
64
70
53
70
41
36
57_69
60
64
63
69
72
70
76
63
70
61
70
70
61
70
70
60
70
60
70
61
70
61
70
36
60
41
70
69
60
60
70
64
70
60
70
60_64
65
70
60
65
36
70
70
36
64
70
53
70
64
60
64
36
57
70
41
69_69
53
76
63
72
70
57
67
69
63
60
67
70
69
65
61
70
69
70
61
70
72
70
60
70
76
72
60
74
70
76
61
70
61
70
60
70
60
69
65
70
64
70
70
69
60_64
65
70
60
41
69
74
70
41
64
57_70
53_69
74
65
64
74
41
60
70
52
40
52_63
74
70
55
60
63
64
70
67
61
70
72
74
72
70
61
70
76
70
60
70
60
70
61
70
61
55
40
70
52
48
60
70
60
70
64
70
52
55
40_70
48
60_64
70
60
70
64
70
52
55
64
76
64
52
51
72
70
39
40
67
67_79
51
63_63_75
70_82
70
60
55
63
60
63
70
67
61
70
72
70
61
70
75
70
60
70
60
70
61
70
67
63
75
61
51
67_79
72_72
66_78
55
39_50
70_82
62_74
69_81
38_63_75
50_51
70
66
57
60
70
69
60
74
70
62_64
70
70
60_62_64_66
70
60
38
38
70
64_66_72
57
50
60_74
69
66
70
66_78
69_81
62_74
64_72
67_79
62_74
38
70_82
70
43
63_70
70
63_69_70
70
61_69_70
70
70
61
70
70
60
70
60
70
61
70
67_79
70_82
61
70_82
67_79
62_74
63_75
70
51
60
38
50
43
70
60
70
62_64_70
70
70
60_64
70
60
65
62
70
43
38
64
70
67_79
70_82
65
64
72
67_79
70_82
63_75
61_73
70
43_49
51
37
63
70
72
70
63
70
70
61
69
70
70
61_69
70
70
70
60
70
60
70
61
70
61
61_73
37
64_76
36
70
52
60
49
70
60
70
60
70
64
70
60
70
60_64
64
70
60
36
64
70
36
64
70
70
64_76
64
36
65_77
67_79
53
70
52
41
63
70
70
63
70
70
61
70
70
70
61
70
69
70
60
70
60
70
61
70
61
70_82
69_81
36_41
70
60
70
60
70
64
70
72_84
41
70
36
60_64
70
60
70
64
70
69_81
64
72_84
70
67_79
41_55_70_82
53
74_86
43
67
63
70
69
63
70
70
67
61
70
70
61
70
74
70
70
60
70
60
43
77
74
70
43
61
70
74_86
61
65_77
43
76
70
73_85
36_60
77
70
60
60
70
64
70
64_70
60_64
60
67_79
73_85
70_82
70
76
55
60
64
70
70
64
70
64
70
72
36
70
69
53
63
41
70
57
60
63
64
69_70
61
64
70
72
69
70
61
70
72
76
64
70
60
76
70
74
60
74
70
72
61
70
61
70
41
36
60
70
60
69_72
60
70
76
64
70
70
65
60_64
60
70
74
76
36
60
70
70
36
65
64
72_74
70
53
64
36
72
64_70
60
57
70
41
81
69
53
63_72
70
57
60
63
62
65
76
70
81
61_67
69
69
70
74
70
61
70
74
76
70
69
60
67
70
60
67
70
69
61
70
61
72
41
36
74
69
67
70
60
70
60
74
72
69
65
70
64
70
77
72
36
41
69
70
62
60_64
65
70
81
77
60
69
74
70
81
57
53
86
64
70
69
72
65
64
86
60
74
41
52
86
70
40
63
55
74
70
60
63
64
70
61
70
67
74
72
70
61
70
72
70
60
70
76
60
70
61
84
70
86
61
72
86
84
70
60
86
84
70
84
86
60
84
86
86
84
70
64
64
84
86
70
86
84
86
84
86
84
70
86
84
60_64
40
86
70
84
60
72_84
86
52
63
55
76
70
40
64
70
63
67
64
40
51
67
57
70
60
60
39_74
63
63
70
67
72
63
74
72
70
61
67
70
71
72
70
61
70
71
87
72
70
84
60
70
86
71_87
60
72
84
86
70
72
61
71
70
72
63
51_67
82
84
61
60
39
50
62
60
82
81
66
70
60
38
72
70
60
62_70_72
64
70
70
60_64
70
62
38_60
66
38
70
64
60
66
57
70
50
72
66
62
64
38
72_72
82
81
70
50_72
43
63
70
63
55
70
72
61
70
70
58
70
61
70
62
70
50
60
70
67
60
70
70
67
61
70
70
74
61
74
76
70
43
60
38
70
60
70
64
70
70
70
74
60_64
76
70
38
60
69
70
38
64
58
70
38
62
69
64
55
69
74
82
77
70
50
38
69
63
70
67
69
63
67
53
70
67
61
70
57
70
61
67
60
65
70
69
65
70
65
60
69
74
65_70
60
82
77
70
61
70
60
77
82
65
61
57
59
69
55
74
38
65
43
77
70
60_72
77
70
65
62
60
62
70
64
61
70
61
62
71
72
70
60_64
70
60
62
69
81
50
77
38
55
53
43
70
64
70
81
77
65
71
67
64
69
55
59
65
58
38
67
70
70
43_67
79
77
63
74
70
67
63
62
70
61
70
70
61
65
70
65
70
67
60
70
60
70
74
67
70
61
70
61
70
38
79
70
43
60
70
60
74
79
67_79
70
64
70
70
78
43_79
66_78
77
38
70
67_79
74
60_64
70
60
79
78
67_79
66_78
74
70
77
64
70
55_65
62
64
58
70
48_80
74
68_80
43
79
67_79
63
55
70
63
67
70
67
67
58
61
70
70
61
70
61
70
60
70
60
73
70
61
70
61
61_73_85
64
73
67
68_80
48
43
70
60
72
70
60
60
70
64
70
43
36
60
70
60_64
70
60
64
60
70
64
70
60
55
58_64
64
70
72
64
81
73_85
70_80
36
53
41_63
70
70
69
57
63
60
70
61
70
64
70
61
65
70
69
70
65
60
72
69
70
76
72
60
74
64
76
70
61
70
62
60
61
70
41
36_60
70
60
81
79
70
72
79
64
81
74
70
79
81
36
60_79
70
77
60_64
36
70
62
69
60
60
77
72
70
64
70
53
60
65
64
60
57
72
65_70
36
74
53
41
72
63
70
70
70
63
69
57
70
61
70
67
69
60
70
61
67
70
69
65
70
60
70
69
60
74
70
61
70
61
72
36
41
74
70
60
70
60
69
65
70
64
70
69
77_89
65
36_41
70
60_64
53
70
69
60
74
57
70
53
64
70
69
74
72
65
74
64
60
53
76_88
77_89
70
41
52_76
40
74
63
70
63
55
70
61
70
60
70
61
70
64
70
60
70
67
60
72
70
67
61
70
72
74
61_76
40
74
72
79
52
76
70
74
60
40
70
60
70
64
70
79_91
76_88
84
70_79
60_64
70
40
60
84_96
79_91
70
40
64
55
70
52
76
64
64
40
84
55
70
51
52
75_87
60
84
84_96
39
63
70
55
63
70
60
61
70
63
70
61
70
67
63
70
60
70
72
67
60
67
72
70
61
70
55
63
51_67
61
63
39
60
50
74_86
54
75_87
55
38
70
60
57
70
60
62
60
72
66
69
62
70
64
70
72
38
62
66
38_70
60_64
70
60
66
72
70
64
84
70
66
69
64
50
57
54
72
74_86
38
60
70
74_86
70
70
43
50
55_63
62
72
70
69
70
63
69
70
70
61
70
70
61
70
70
60
70
60
70
61
70
55
70
61
75_87
51
70
74_86
60
38
50
43
70
60
70
64
70
38
70
38
60_64
70
60
70
70
70
64
70
64
38
70
70
76_88
75_87
37_52
51_63
70
70
63
70
70
69
61
70
70
69
61
70
70
70
60
70
69
70
60
69
70
70
61
70
61
37
36
70
60
70
60
70
60
70
64
70
70
60_64
36
70
60
36_70
64
70
64
36
64
60
57
52
70
41
63
70
64
70
63
70
61
70_70
70
70
61
70
77_89
70
76_88
60
70
70
69
60
70
61
70
61
79_91
55
77_89
36
70
41
57
60
70
60
70
64
70
53
55
79_91
70
81_93
60_64
36
70
60
70
36
64
70
36
64
81_93
63_75
51_70
53
41
63
70
51
63_75
65_77
53
63
67_79
55
70
65_77
53
61
70
69_81
57
67_79
55
70
61
70
65_77
69_81
57
53
70
60
67_79
70
55
65_77
53
60
69_81
57
67_79
55
70
61
70_82
70
58
69_81
57
41
61
70_82
58
67_79
55
41
70
60
69
69_81
70
57
55_67_79
60_65
70_82
58
69_81
57
70
64
72_84
60
70_82
70
58
41
65
72_84
69_81
60
57
41
70
60_64_69
70_82
58
70
57
69_81
60_69
70_82
72_84
60
58
70
64_76
70
60_61_73_85
41
72_84
64_76
74_86
74_86
61_62
70
46
73_85
63_74
70
63_73_74
70
61_73_74
70
70
61
70
70
60
70
60
70
61
70
61
46
70
60
41
70
60
70
65
64_74
70
41
46
70
60_64
69
70
65
60
46
41
70
69
76
64
70
41
64
76
59
74
62
70
47
63
70
73
74
63
70
73
61
74
70
70
61
73
74
70
70
73
60
74
70
60
70
61
70
61
47
40
70
60
70
60
74
64_70
64
70
64
70
68
60_64
70
40
60
68
74
70
40
64
70
64
40
74
72_84
55
59
70
45
74
74_86
63_74_86
70
63
70
74
61
72
70
70
61
70
70
60
70
60
70
61
70
61
70
45
40
60
70
60
70
64
70
72
40
70
45
60_64
70
60
72_84
63
72_84
70
64
70
63
74_86
67
72_84
64
70
45
67
75_87
39_63
74_86
70_74
63
74
72
70
61
70
72
70
61_71
70
70
60
71
72
70
60
70
39
61
70
39
61
39
74_86
54
38_70
55
75_87
60
70
60
70
64
72
62
70
38_45
70
60_64
66
70
62
60
66
70
72
64
70
64
72
45_72_84
54
53
70
74_86
72
37
63
70
63
70
61
70
72
70
70
61
70
70_82
70
60
72_84
70
60
70
61
70
61
37
69_81
70
46
70_82
60
70
60
70
64
46
70
37
67_79
70
69_81
70
60_64
70
61
60
37
46
61
70
64
65
70
46
64
65
72
70_82
70
36
67_79
63
70
72
70
63
70
70
69
61
70
69
70
61
70
70
70
60
70
69
70
60
69
70
70
61
70
61
53
52
36
43
70
60
70
60
70
70
60
64
70
73_85
70_82
43
36
70
60_64
64
60
70
60
73_85
72_84
64
70
70
64
70
64
52
70
69_81
52
69
70
36_72_84
41
63
70
63
70
61
70
70
61
70
70
60
70
60
70
61
70
61
41
69_81
72_84
36
52
70
50
60
70
60
70_74
64
70
77_89
72_84
50
48
70
74
72
60_64
70
36
60
77_89
50_76_88
48
70
74
36
64_72
70
76_88
36
64
50
51
63_75
70
75
41
63
74
51
70
53
63_75
69
65_77
63
55
53
67_79
70
65_77
61
70
55
57
69_81
67_79
70
61
70
57
53
65_77
69_81
70
60
55
70
67_79
53
65_77
60
57
69_81
55
67_79
70
61
70
58
70_82
57
69_81
61
58
55
70_82
67_79
43
41
70
60
57_70
69_81
55
60
58
70_82
57
67_79
69_81
70
64_65
60
70
58
72_84
70_82
65
60
72_84
57
69_81
43
45
70
60_64_69
58
75
70_82
70
57
60_69
69_81
58
60
72_84
70_82
70
64_76
70
61
60
73_85
72_84
64_76
45
61
70
59
63_74
73_85
47
74_86
70
63_73_74
70
61_73_74
70
70
61
70
70
60
70
47
60
70
47
61
70
47
61
70
47
60
70
60
70
65
64_74
70
76_88
70
60_64_69
74_86
65
70
60
47
70
69
76
47
64
70
64
47
81_93
76
70
76_88
40_74
63
70
63
70
61
70
74
70
74
61
70
70
60
70
60
74
73
70
61
70
61
73
40
80_92
47
70
74
60
81_93
70
60
70
64
74
64
70
47
40
70
60_64
64
68
70
60
74
70
68
64
70
40
64
74
79_91
39_80_92
58_70
74
59
63
70
63
70
74
61
70
72
70
61
70
70
60
70
60
75
70
61
70
79
75
61
82
39
79
70
60
46
70
82
86
60
70
64
70
86
72
84
84
86
70
46
39
60_64
84
86
70
63
84
82
60
82
70
81
64
63
67
70
81
79
64
79
67
81
39
78_90
79_91
70
74
63
38
81
70
82
74
63
72
70
61
70
70
61
70
70
60
70
60
71
72
70
71
61
72
82
70
81
81
82
61
71
72
81
82
38
45
71
70
60
57
58_72
70
60
70
64
62
72
70
81
45
66
38_70
60_64
62
70
60
66
72
70
64
70
64
38
72
77_89
70
78_90
72
37_63
56
70
57
63
70
61
72
70
70
70
61
70
70
60
70
73
60
73
70
77
61
70
80
77
61
80
70
44_84
37_60
70
60
84
70
64
82
70
82
84
82
84
80
82
70
60_64
37
44
70
80
79
60
70
77
79
70
64
70
77
79
64
80
79
70
56
37
55
61
63
43
70
61
62
63
62
70
65
61
70
69
70
65
61
70
69
70
60
72
70
60
72
70_70
61
70
70
69
61
79
80
76_88
70
60
43
77_89
36
70
60
70
64
70
69
70
60_64
70
60
36
60
60
64
36_70
64
70
64
70
79
64
36
77_89
70
81
57
70
55
76_88
41
69
63
70
53
57
65
60
69
63
82
64
81
65
67
70
69
65
61
82
81
70
72
70
81_82
61
70
82
81
70
41
36
82
81
60
70
82
81
82
81
60
81
82
82
81
70
61
82
81
70
82
81
82
61
81
82
81
70
82
81
60
70_82
81
82
81
60
82
81
82
81
70
64
82
81
70
82
81
82
81
70
60_64
70
81
82
60
53
81
79
70
64
70
57
79
81
64
69
67
72
64
36
60
79_91
81
70
55
82
58
57
43_63
77_89
70
58
60
84
82
63
65
82
67
84
43
70
70
36_61
70
82
74_84
82
84
70
61
82
84
70
82
84
70
60
84
82
70
82
84
60
84
70
84
61
70
84
84
61
84
82
70
60
65
70
60
70
64
70
82
84
81
82
70
60_64
70
79
81
60
77
70
79
64
70
77
79
58
55
64
65_67
60
70
74
57
53
72_84
70
58
79
81
36_41
79_91
57
63
70
81
60_82
67
63
82
81
69
81_82
72
70
82
61
81
76
41
36
70
82
81
81
82
70
61
82
81
70
82
81
70
82
60
81
70
81
82
60
82
81
70
82
81
61
70
82
81
61
70
60
70
60
82
81
70
64
70
81
79
70
60_64
70
77
79
60
77
53
79
70
64
70
81
69
79
64
57
72_76
67
60
81
82
58
70
72_84
79_91
36
43
57
63
70
84
82
63
77_89
82
84
79_91
70
43
36
82
84
61
70
74_86
82
84
77_89
70
82
61
84
70
82
84
70_82
70
60_74_86
84
82
70
82
84
60
84
67_79
82
70_82
70
82
84
61
70
84
82
74_86
82
61_84
67_79
58
84
82
72_84
74_86
70
60
70
60
48
60_72
70
64
70
72_84
84
36
52
48
64_76
60_72
70
36_60_64
70
60
58
70_82
52_70
64
64_76
70
64
58
57
70_82
70
69_81
63
36
41
70
63
65
70
69
61
70
76
70
61
70
70
60
70
60
74
76
70
61
70
61
72
74
41
70
36
60
70
60
57
48_69_81
60_72
70
64
70
36
53_65_77
70
36
48
60_64
60_72
70
60
70_82
70
65_77
58
64
53
70
64
69
65
36
70_72_82
70
69_81
57_58
41
63
70
63
67_79
70
69_81
55
61
57
70
70
61
70
69_81
67_79
57
70
60
55
70
60
65
69
70
74
61
70
61
41
36
70
60
70
60
57
53
69_81
65_77
70
64
70
57
36
69_81
41
53
65_77
70
60_64
70
60
62
74_86
57
69_81
70
64
69
70
74
65
64
74_86
62
41
74_86
62
70
40
63
70
63
64
67
70
72
61
70
70
61
70
70
60
70
60
70
61
70
61
40
72_84
70
60
40
60_74_86
62
70
60
70
64
64
70
70
67
64
60_64
70
60
40
72
70
67
40
64
72
64
70
67
64
40
72
70
72
39
63
72
67
63
70
63
70
61
70
70
61
70
74
72
70
60
70
60
75
74
70
61
67
63
70
72
61
39
62
75
74
66
70
38
40_60
70
72
60
40
60
72_84
62_74
50
70
64
70
38
66_78
54
62_74
70
60_64
38
50
70
60
72_84
66_78
60
70
54_64
70
74
62
66
64
72
70_82
58
62
70
72_84
38_60
67
63
43
70
70
63
70
61
70
70
61
70
70
60
70
60
70
61
70
61
70
38_43
60
70
60
58
50
70_82
62_70_74
64
70
53
38
70
43
67
50
60_64
70
62
70
65_77
62_74
60
38
43
60_70
72_84
53
64
65_77
70
38
64
70_82
70_70
37
58_61
65
72_84
63
60
70
63
69_81
70_82
57
58_70
61
70
70
61
70_82
70
69_81
58
57_70
60
70
60
70
65
61
70
61
61
37
70
60
36
64
70
60
67
70
70
60
58
70_82
48
60_72
70
64
70
36
52
64_76
36_48
70
60_72
60_64
70
60
58
52_67
64
70_82
60
70
64_76
70
64
70
64
58
70_82
36
58_70_82
41_70
63
70
63
70
60
61
70
70
61
70
65
60
70
60
70
60
70
65
70
61
70
61
70_82
69_81
70
69
57
64
70
36
41_58
60
65
70
64
65
64
60
63
64
63
74
69
70
64
64
70
64
69
69
72
72
70
60_64_74
72
70
76
36
60
76
72
69
70
36
72
64
70
72
73
64
57
73
36
70
70
69
43
69_81
74
63
70
63
70
74
70
61
70
70
61
70
77
74
70
60
70
60
74
77
81
70
61
70
70
72
70
61
43
70
72
80
36
81
70
60
70
72
70
60
60_72
72
48
73
70
64
70
36
64_76
52
60_72
36
48
70
60_64
70
80
60
73
70_82
58
64_76
52
70
64
70
64
57
58
36
69_81
70_82
70
41
63
70
63
64
70
61
64
70
65
65_70
61
69
70
69
70
60_72
70
72
55
76
60
55
74
70_76
61
70
72
74
61
74
72
41
70
36
60_72
74
70
60
69
72
57
48
69_81
60_72
69
70
64
64
70
64
62
53
65_77
48
70
60_72
60_64
70
36
62
60
64
64
58
62
36
64_70_70_82
53
62_65_77
64
62
70
64
62
60
64
36
62
57
60
58
70
69_81
62
41_70_82
63
70
62
63
55
67_79
57
70
69_81
61
70
70
61
70
57
55_69_81
70
67_79
60
70
60
70
61
70
61
41
36
70
60
70
60
57
69_81
53
65_77
70
64
70
36
41
69_81
57
65_77
70
60_64
53
70
60
62
74_86
62
70
69_81
57
64
70
64
74_86
62
74_86
62
70
41
63
40
70
63
64
70
61
70
67
70
61
70
72
70
60
70
74
72
60
40
74
70
40
61
76
70
76
61
67
40
67
76
60
72_84
62
70
74_86
60
40
70
60
70
64
73
72
76
70
73
70
76
60_64
70
60
79
76
70
64
70
84
79
64
67_72
64
84
70
84
40
39
63
70
63
63
70
61
70
67
70
61
70
72
70
60
70
84
60
70
82
72
82
84
70
61
82
70
69
70
84
67
63
81
82
61
81
79
69
39
62
70
66
60
69
38
78
79
70
78
79
60
60
72_84
79
81
50
62_74
70
64
70
38
54_66_78
70
60_64
38
50
62_74
70
81
60
72_84
60_70
54_66_78
64
62
66
69
70
64
70_82
38
70
58
72_84
62
63
60
43
67
70
70
63
70
61
70
70
61
70
70
60
70
60
70
61
70
61
70
60
38
43
70
60
58
50
70_82
62_74
70
64
70
53
70
65_77
50
60_64
43
38
62_74
70
67
60
70
62
60_72_84
70
53
65_77
64
70
64
58
70
70_82
43
60
37
63
61
72_84
70
65
70
63
69_81
70
57
58
70_82
61
70
70
61
70
70_82
58
70
69_81
57
60
70
60
37
70
37
61
70
61_65
61
70
37
60
64
70
36
60
70
70
60
58
70_82
60_72
48
70
64
70
36
64_76
52
70
48
60_64
60_72
36
70
60
64
60
70
58
70_82
52
64_76
70
64
70
64
58
70_82
58
70_82
70
36
41_63
70
63
64
65
64
70
65
64
61
70
63
64
63
70
61
64
70
64
70
60
69
70
69
60
72
72
70
61
70
76
61
69_81
70_82
57
70
58
60
41
36
70
60
70
74
76
64
81
70
70_79
36
55
72
81
60_64
57
74
70
69
72
60
55
53
79
70
77
36
64
69
70
67
36
69_81
64
65
67
63_75
51
70
41
53
75
65
63
77
70
63
51
63_75
65_77
53
63
67_79
55
65_77
70
53
61
70
69_81
57
67_79
55
70
61
69_70_81
65_77
53
57
70
60
70
67_79
55
53
65_77
60
69_81
57
55
70
61
70
70_82
58
67_79
69_81
57
61
41
70_82
58_67_79
55
43
70
60
70
69_81
57
55
67_79
60
70_82
58
69_81
65
57
70
64
72_84
70
60
70_82
58
72_84
69_81
60
57
69
63
43
45
65
70
75
60_64
70_82
58_70
69_81
57
60
70_82
72_84
60
69
58
76
70
64
70
73_85
72_84
61
60
64
45
73_85
74_86
62
61
70
46_74
76
63
70
63
73
74
70
61
70
73
70
74
61
70
70
60
70
60
70
61
70
61
46
41
70
60
70
60
74
65
70
64
70
69
70
65
60_64
70
60
41
69
46_76
70
64
70
64
46
59
62_76
70
74
47
63
70
73
74
63
73
70
74
61
70
70
61
70
70
60
70
60
70
73
74
61
70
61
47
40
73
70
74
60
70
60
70
64
70
74
47
40
70
60_64
70
60
64
47
40
70
64
64
70
68
64
72_84
40
55
59
68
45
70
74
74_86
63
70
63
74
74
70
61
70
70
61
70_74
72
70
60
70
60
70
61
70
61
70
40
45
60
70
60
70
64
70
63
72
70
45
40
60_64
70
67
63
60
72_84
72_84
70
67
64
74
70
74_86
72_84
64
45
74
70
39
75_87
72
63
74_86
70
63
70
61
70
70
61
70
70
60
70
60
39
71
70
72
39
61
70
39
61
74_86
71
38_54
72
70
55
75_87
60
70
60
70
64
62
72
70
62_70
66
60_64
70
38
60
66
72
38
70
64
70
38
64
72
72_84
54
53
43
70
74_86
72
63
70
63
70
61
70
72
70
70
61
70
70_82
70
60
72_84
70
60
70
61
70
61
69_81
43
38_70
70_82
60
70
60
70
61
70
64
70
67_79
69_81
70
43
38
61
60_64
65
70
60
65
72
70
64
70
64
43
72
70_82
70
70
37
67_79
63
70
63
70
69
70
61
70
70
61
70
70
60
70
37
60
70
69
37
70
61
69
70
70
37
61
69
53
52
36
70
70
60
70
60
60
70
70
64
70
73_85
70_82
64
36_70
43
60_64
60
70
60
73_85
72_84
43
36_64
70
70
64
70
64
52
70
36
69_81
52
70
72_84
69
41
63
70
63
70
61
70
70
61
70
70
60
70
60
70
61
70
61
69_81
72_84
36
52
70
41
50
60
70
60
70
64
70
77_89
72_84
50
48
70
60_64
36
70
60
77_89
50_76_88
48
70
36
64
70
76_88
36
64
50
51
63_75
70
69
41
63
51
70
53
63_75
65_77
63
55
53
67_79
70
65_77
61
70
55
57
69_81
67_79
70
61
70
57
53
65_77
69_81
70
60
55
70
67_79
53
65_77
60
57
69_81
55
67_79
70
61
70
58
70_82
57
69_81
61
58
55
41_70_82
67_79
43
70
60
57_70
69_81
55
60
58
70_82
57
65
67_79
69_81
70
64
60
70
58
72_84
70_82
60
72_84
57
69_81
45
43
69
70
65
60_64
58
70_82
70
57
60
69_81
58
60
72_84
69
76
70_82
70
64
70
61
60
73_85
72_84
64
59
61
74_86
70
76
74
45
73_85
47
63
70
63
73
74
70
61
70
73
74
70
61
70
70
60
70
60
70
61
70
47
61
70
47
60
70
60
70
74
65
64
70
70
60_64
69
70
65
47
60
70
47
64
69
76
70
47
64
77_89
70
74_86
40
63
76
74
70
63
70
61
70
74
74
70
61
70
70
60
70
60
74
70
73
61
70
61
73_76_88
70
74
60_77_89
70
60
70
74
64
64
70
68
70
60_64
64
70
60
40
68
74
70
64
40
70
64
40
74
59
70
75_87
58
39_74
63
76_88
70
63
70
61
70
74
72
70
61
70
70
60
70
75
60
75
70
79
61
70
79
82
61
82
70
39_46
60
86
70
60
70
64
70
86
84
72
46
70
82
39
84
60_64
70
81
82
63
60
81
79
70
64
63
70
67
79
81
64
67
39
81
74_82
70
38
63
57_58
70
74
63
72
70
61
70
70
61
70
70
60
70
72
71
60
71
70
72
61
70
71
72
61
81
74_86
71
82
38
45
70_72
60_75_87
70
60
72
62
70
64
70
45
62
38
66
70
60_64
81
70
60
66
72
70
64
70
38
64
72
73_85
74_86
56_72
70
57
37
63
70
63
70
61
70
72
70
70
61
70
70
60
70
73
60
73
70
77
61
70
80
77
61
44
70
37
80
60
84
70
60
70
64
70
84
82
77_89
73_85
80
82
70
60_64
70
70
79
80
60
79
82_94
44
77
77_89
70
37
64
70
77
79
64
70_81_93
37_55
79
82_94
56
43
81
61_63
70
61
62
63
62_70
65
61
70
69
70
61
65
70
70
69
60
72
70
60
72
70
70
61
70
61
70
69
70
60
43
36
70
60
69
70
60
64
70
70
60_64
64
70
60
60
70
64
70
64
70
64
36
53
57
60
64
57
70_70
69
55
41
63
69
72
70
76
63
70
65_69
41_61
36
70
70
61
70
65
70
60
65
70
60
70
61
70
61
70
60
70
81
84
60
70
64
70
84
81
81
84
81
70
84
60_64
70
81
77
60
77
70
72
53
64
64
69
72
70
57
76
64
55
65
58
82_94
70
55
70
57
36
81_93
43
74
74
63
72
70
77
63
70
43
36
61
70
65
70
61
70
70
60
70
60
70
61
70
61
70
60
70
60
74
76
67
70
64
70
77
76
67
77
79
69_70
60_64
70
79
81
60
77
74
70
58
69
70
55
70
82
81
64
65
70
82
86
60
64
53
57
36
70
70
81_93
60
64
57
84
69
41
63
82_94
86
55
69
70
72
84
81
63
76
69
65
70_81
76
61
41
36
70
65
65_70
61
70
70
60
70
60
70
61
70
61
70
60
76
70
76
60
76
81
70
64
81
70
84
84
88
70
60_64
70
86
88
60
53
64
70
84
69
72
86
64_76
57
70
84_86
64
55
60
58
65
55
70
70
57_60
36
43
74_82_94
63
70
65
81_93
77
63
70
43
36
61
70
70
61
70
70
60
70
60
70
61
70
61
70
60
70
60
70
64
70
86
82_94
88
86_98
70
60_64
70
77
74
58
60
70
55
84_96
60
65_86_88_98
89
70
64
82_94
70
84_96
64
53
89
57
55
36
53
60
70
81_93
88
41_64
82_94
63
69
70
72
63
76
70
84_96
91
88
61
81_93
70
70
61
70
70
81_93
88
60
84_96
91
70
60
70
61
70
61
70
60
70
41
50
60
48
70
50_64
70
45
48
45
41
70
60_64
41
70
38
40
60
40
38
36_70
64
70
36
76
45
64
69
64
72
45
70
41_62
81_93
72
74
64
69
88
70
41
53
69_72
64
74
53
57
60_62
