76
76
69
69
81
81
79
76
79
76
77
77
74
74
76
76
74
64
72
74
64
72
71
71
57
72
57
72
71
71
72
69
69
72
77
77
67
71
67
71
64
76
64
76
65_69
65
69
74
62
62
74
64_68
64
68
74
74
71
52
52
68
71
68
74
56
56
71
74
71
68
59
59
71
68
71
56_64
56
74
64
72
52
74
52
71
72
71
72
57
57
72
71
71
69
52
52
69
68
69
45
68
45
71
69
57_72
71
57
65
65
71
55
72
55
64
52
71
52
64
69
53
53
69
50_71
50
71
52_68
52
50
50
47
68
64
44
47
50
68
44
64
50
47
44
47
71
68
47
44
40
68
47
71
50
40
48
50
64
47
48
64
68
47_49
69
49
69
79
45
76
79
45
73
76
73
49_79
49
76
79
73
76
52
52
73
76
76
69
49
49
69
67
66
45
67
45
66
64
50_64
66
66
60
50
74
60
57
54
57
78
60_74
54
57
60
78
54
81
57
57
54
50
78
57
81
50
60
60
59
74
78
57
59
57
59_74
79
59
77
79
55
74
77
55
71
74
71
77
59
59
74
74
71
62
77
62
74
71
74
59_67
59
77
67
76
55
77
55
74
76
74
60_76
60
74
76
55
72
74
71
72
55
71
48
69
72
69
48
74
60
72
60
78
74
79
59
71
78
59
55
71_79
55
72
57
69
72
57
54
69
54
55_71
74
71
55
76
53
74
53
77
76
52_79
77
52
69
69
70
50
50
79
67
70
67
79
52
52
69
69
70
48
48
67
67
70
53
69
72
69
79
53
74
52
52
72
76
74
50
77
76
50
67
67
48
69
48
77
65
69
65
77
50
50
67
67
47_69
77
47
65
69
65
67
52
64
67
52
67
50
64
50
71
67
76
49
71
49
65
65
47
67
47
64
76
67
64
76
49
49
65
65
45
67
45
64
76
67
64_65
50
50
62
65
65
62
48
48
69
65
74
47
69
47
64
45
64
65
45
62
74
65
62
47_74
47
64
74
64
65
43
43
65
62
62
48_64
48
62
64
43_60
62
43
59
60
59
60
36
56
60
36
57
56
48
57
48
64
62
47
64
44_59
47
62
44
45
60
59
45
42
60
57
42
57
44
59
44
59
62
62
40
59
40
59
56
56
62
44
44
62
59
59
56
47
47
59
56
59
52
44
44
62
52
60
40
62
40
60
59
59
60
45
45
60
57
57
61
45
45
61
64
64
49_67
49
64
67
64
61
52
52
64
61
49
57
64
49
67
57
45
65
67
45
64
65
50_64_65
50
57
57
53
62
65
53
52
64
62
52
64
69
51
51
66
69
66
63
54
54
66
63
51
59
66
51
69
59
68
47
47
69
66
68
40_66_68
40
64
68
52
64_68
52
71
68
56
74
71
56
71
74
59
68
71
59
71
68
56
64
71
56
74
64
72
74
52
52
71
72
72
57
71
62
72
60_62
76
59
60
76
59
60_69
59
60
69
60
59_81
60
64
64
79
61
61
76
64
81
57
79
64
62
77
76
62
74
65
77
65
74
83
56
56
81
83
59
80
59
81
78
80
80
78
52
78
80
52
64_80
78
64
83
80
62
76
62
83
59_80
76
59
60
81
80
60
81
57
71_72
57
71
72
74
59
59
77
74
77
72
57
57
77
72
77
71
56
56
77
71
77
72
57
57
77
72
77
71
59
59
71
77
77
69
60
60
77
69
77
62_68
71
68
62
76
50
71
50
64
76
64
48
69
48
72
69
76
60
72
60
64
76
68
59
64
48
48
59
71
68
74
52
71
52
74
64
64
45_72
45
71
69
57
71
67
69
67
65
65
57
55
64
53
64
55
62
52
53
64
62
72
52
64
65
50
50
64
48
65
48
64
65
50
38
72
50
65
38
72
71
43
43
69
55_67
69
65
67
65
64
64
55
71
53
62
62
52
53
60
50
62
60
52
50
62
48
64
48
62
46
64
46
62
48
64
48
64
36
70
70
36
69
41
41
67
69
45
65
67
45
65
64
64
65
38
65
64
38
65
50
64
48
65
50_69
48
69
47
48_68
48
47
68
71
45
45
71
45
69
45
42
72
69
42
72
44_71
72
71
44
74
72
74
71
68
71
68
64
64
65
47
47
62
65
62
64
44
44
64
60
60
62
40
40
59
62
59
60
45
60
64
69
64
68_69
45
68
69
62_69
62
64
48
48
64
60
60
62
47
47
59
60
59
45
62
45
57
60
52_57
56
56
64
64
71
69
71
52
71
69
64
71
65
52
64
65
62
52
54
64
62
60
62
56
54
60
64
59
62
56_59_60
57
62
60
64
62
59
56
57
56
57_60
59
57
64
52
52
53
62
60
53
50
50
52
60
52
48
62
48
50
59
60
47
50
47
48_57_59
59
48
50
57
50
60
52
59
52
47
56
47
60
57
48
56
48
52
57
53
50_52
59
53
50
59
52
48
48
57
52
47
50
57
56
50
47
48_56
45
52
48
57
52
45
44
47
57
45
48
47
44
57
48
40
45
57
47
56
50
40
40
50
47
56
40
48
52
57
52
40
60
48
57
40
50
59
53
60
53
50
40
62
59
40
52_56_62
56
59
59
52
62
40
62_65
65
62
62
59
59
56
59
56
52
59
62
52
60
62
40
59
60
59
60
57
60
64
65
65
64
69
56
59
57
57
60
59
56
52_60
57
69
68
62
59
52
62
52
59
68
69
64
52
60
64
60
72
52
69
52
65
62_71
72
65
62
52
74
71
52
64_68_74
68
71
71
64
74
52
74_77
77
74
74
71
71
68
71
68
64
71
64
74
74
72
52
71
72
71
69
72
72
76
81
76
68
71
81
69
71
72
69
72
68
81
64
69
81
71
80
64
74
74
64
71
80
64
76_81
72
76
84
64
72
81
64_83
74
77
84
77
81
74
64
83
81
64
76_80
78
80
80
64
76
78
83
80
64
81
76
83
80
81
76
64_81
80
84
81
64
84
74_80
78
80
74
64
80
78
83
64
78_80_83
72
78
76
76
64_78
72
81
78
64
77
74
81
77
76
76
77
74
64
83
77
83
76
64
72
76
74
74
76
72
64
76
81
64
74_81
71
74
72
74
72
64
71
74
80
64
72
76
80
76
74
74
76
72
64
76
81
81
71_74
64
74
72
72
74
71
64
74
80
80
64_69
72
72
71
64_69
72
71
78
72
71
74
78
64
74
72
72
74
64
71
74
80
72
80
69
64
72
71
69
71
72
64
72
78
78
64_71
68
71
69
64
71
69
68
76
71
64
74
76
71
72
64
71
74
64
69
72
60
60
71
62
69
62
68
59
71
59
69
60
68
60
57
66
69
57
66
59_68
59
68
66
57
57
68
59
66
59
62_71
68
62
71
56
64
56
64
63
54
63
56
64
54
56
59
64
68
59
68
62
53
62
53
60
52
53
62
52
60
53
57
65
62
57
65
50_59
59
57
50
48
50
48
59
57
50
53
62
59
53
47
56
62
47
45
54
56
47
45
56
54
47
50
59
56
50
44
59
52
42
44
44
42
50
44
50
40
50
52
48
50
47
48
47
53
50
53
48
50
47
48
47
56
50
48
56
50
47
48
40
47
40
59
53
52
53
59
50
52
56
50
53
52
56
53
50
52
50
59
53
52
59
53
50
52
40
50
40_62
56
54
62
56
52
54
59
52
56
54
59
56
52
54
62
52
59
62
57
59
57
40
