56_60_63
68
68
67
56_60_63_67
68
68
72
72
63
63
68
68
55_58_63
70
70
68
55_58_63_68
70
70
73
73
63
63
70
70
72
56
56
55
55_72
56_72_75_80
56
60
60
72_75_80
51
51
56_72_75
56_72_75
70_73
58
58
56
56_70_73
58_79
58
61
61
79
51
51
58_70_73_79
58_70_73_79
68_75_80
60
60
58
58_68_75_80
60_75
60
63
63
75
56
56
60_70_75
60_70_75
53_68_75
75
80
80
79
53_68_79
65_80
80
77
77
65
72
72
75
75
70_73
58
58
56
56_70_73
58_80
58
61
61
80
55
55
58_68_73
58_68_73
51_67_73
73
82
82
80
51_67_80
63_82
82
79
79
63
73
73
67_73_82
67_73_82
68_72
56
56
55
55_68_72
56
75
56
75
60_77
77
79
60
79
53_80
80
77
53
77
56_74
74
77
56
77
50_70
50
55
55
53
53
55
70
74
55
74
58_75
75
77
58
77
51_79
79
75
51
75
55_72
72
75
55
75
48_68
68
70
48
70
53_67
53_67
51_70
51_70
53_68
68
72
53
72
56_74
74
75
56
75
50_77
77
74
50
74
53_70
70
74
53
74
46_67
67
68
46
68
51_65
51_65
50_68
50_68
51_67
67
70
51
70
55_72
72
74
55
74
48_75
75
72
48
72
51_68
68
72
51
72
44_65
65
75
44
75
53_74
53_74
51_75
51_75
53_68
68
75
53
75
56_74
74
75
56
75
50_65
65
75
50
75
53_74
74
75
53
75
46_67
67
75
46
75
55_74
55_74
53_75
53_75
55_70
70
75
55
75
58_74
74
75
58
75
51_67
67
75
51
75
55_74
74
75
55
75
48_68
68
75
48
75
56_73
56_73
55_75
55_75
56_72
72
75
56
75
60_70
70
75
60
75
53_68
68
75
53
75
56_67
67
75
56
75
50_65
65
75
50
75
53_67
67
75
53
75
46_68
68
74
46
74
50_75
75
77
50
77
51_67
67
70
51
70
48_68
68
72
48
72
43_70
70
75
43
75
41_74
74
72
41
72
43_70
70
68
43
68
44_70
70
72
44
72
46_62_65
65
63
46_62_63
63
51
51
50
50_63
51_67_70_75
51
55
55
67_70_75
46
46
51_67_70
51_67_70
65_68
53
53
51
51_65_68
53_74
53
56
56
74
46
46
53_65_68_73
53_65_68_73
55_63_67_70_75
63_67_70_75
63
63
62
55_62
63
63
51_67
51
53
67
53
55_58
55
53
58
53
55_63
55
51
63
51
58
58
46_65
65
63
46
63
65
65
46_68
46
48
68
48
50_58
50
48
58
48
50_65
50
46
65
46
51_67
51_67
39_70
70
68
39
68
70
70
61_75
61
60
75
60
58_67
58
60
67
60
56_70
56
58
70
58
55_63
55
56
63
56
53_67
53_67
55_65
55_65
51_67
51
53
67
53
49_70
49
51
70
51
48_63
48
49
63
49
46_67
46
48
67
48
44_60
44_60
63
63
61
61
63
63
68_78
78
77
68
77
60_75
75
77
60
77
63_73
73
75
63
75
56_72
72
73
56
73
60_70
60_70
58_72
58_72
60_68
68
70
60
70
63_66
66
68
63
68
56_65
65
66
56
66
60_63
63
65
60
65
53_61
61
73
73
72
72
73
53
56
73
56
58_77
58
60
77
60
61_70
61
58
70
58
55_73
55
58
73
58
51_67
67
72
72
70
70
72
51
55
72
55
56_75
56
58
75
58
60_68
60
56
68
56
53_72
53
56
72
56
49_65
49
51
65
51
48_70
48_70
51_68
51_68
49_70
49
53
70
53
55_73
55
56
73
56
58_67
58
55
67
55
51_70
51
55
70
55
48_63
48
49
63
49
46_68
46_68
49_67
49_67
48_68
48
51
68
51
53_72
53
55
72
55
56_65
56
53
65
53
49_68
49
53
68
53
46_61
46
56
61
56
55_70
55_70
56_68
56_68
49_70
49
56
70
56
55_73
55
56
73
56
46_67
46
56
67
56
55_70
55
56
70
56
48_63
48
56
63
56
55_72
55_72
56_70
56_70
51_72
51
56
72
56
55_75
55
56
75
56
48_68
48
56
68
56
55_72
55
56
72
56
49_65
49
56
65
56
54_73
54_73
56_72
56_72
53_73
53
56
73
56
51_77
51
56
77
56
49_70
49
56
70
56
48_73
48
56
73
56
46_67
46
49
67
49
48_70
48
51
70
51
49_63
49
53
63
53
51_67
51
49
67
49
48_68
48
51
51
49
49
53
53
51
68
67
51
67
53_68
53_68
49_70
49_70
51_72
72
70
51
70
72
72
49_70
70
72
72
70
49
70
72
72
51_70
51_70
39_68
39_68
44_68
68
75
75
73
44_73
56_75
75
72
72
56
67
67
70
70
68
68
70
70
68
53
53
51
51_68
53_75
53
56
56
49
75
66
49
66
53_65
65
63
53
63
46_61
61
73
73
72
46_72
56_73
73
70
70
56
65
65
68
68
67
67
68
68
67
51
51
49
49_67
51_73
51
55
55
48
73
65
48
65
51_63
63
61
51
61
44_60
44_60
56_72
56_72
55_70
55_70
56_72
56_72
53_68
53_68
56_72
56_72
51_67
51_67
56_72
56_72
49_65
49_65
56_72
56_72
48_63
48_63
56_72
56_72
46_61
46_61
58_73
58_73
56_72
56_72
58_73
58_73
55_70
55_70
58_73
58_73
53_68
53_68
58_73
58_73
51_67
51_67
58_73
58_73
49_65
49_65
58_73
58_73
48_63
48_63
60_68
68
70
70
68
60
68
67
67
68
68
53_72
53
55
72
55
56_65
56
55
65
55
56_68
56
53
68
53
58_73
58_73
46_67
67
68
68
67
46
67
65
65
67
67
51_70
51
53
70
53
55_63
55
53
63
53
55_67
55
51
67
51
56_72
56_72
49_61_65_68
49_61_65_68
51_58_63_68
51
49
49
68
51_67
51
39
39
58_63_67
44_60_63_68
44_60_63_68
