36_48
60
64
60
67
64
67
64
60
64
70
60
67
70
69
67
60
69
65
69
60
65
65
69
60
65
72
60
69
72
69_71
71
67
71
74
71
67
74
71
67_71
77
67
74
77
36
74
72_76
67
48
48
52
48
55
52
76
72
67
52
55
48
52
72_76
67
60
48
67
76
52_60
69_74
54_72_72
52
54
50
54
50
57
54
72
54
57
74
69
50
54
50
72_74
62
69
72
54_62
69
67_71
55
54
67
71
67
74
71
71_74
67
67_71
74
67_71
55
71
76
55
55
76
57
72
71
45
57
48
45
52
48
48
52
72
48
45
45_69_72
64
55
52
55
54
52
64
62
72
69
66
62
69
66
66
69
62
66
54
72
50
62
69
72
50
69
71
55
55
54
67
54
71
55
67
71
43
55
74
71
43
55
71
74
71
67
55
43
77
67
74
77
43
55
76
74
55
54
54
55
67
76
72
43
55
67
76
72
43
55
72
76
67
72
55
43
79
67
76
79
43
55
78
76
55
54
54
69
55
78
72
43
55
69
78
72
43
72
55
78
72
69
55
43
81
69
81
78
43
71_74_79
55
78
55
43
43
47
50
47
50
47
79
74
71
47
43
53
71
43
50
53
50
52
72
71
48
52
76
72
52
79
48
76
52
79
55
84
52_55
79
84
79
76
52
60_82
76
60
82
79
52
79
81
53
52
79
81
77
79
76
77
74_76
74
72
71
72
69_71
69
71
67_71
69
67
71
69
72
71
74
72
76
74
76
77
79
77
79
50
53
50
52
67_72
48
52
55
48
55
67
72
43_62_71
43
62
71
64_72
36
36
64
72
