63_75_79
67
63
67
75
79
79
63_75
67
72
60
75
63_67
79
72
60
75_79
63
67
70
58
75
67
79
63
70
58
75
63_79
67
67
63
75
79
55
67
70
58
55
67
74
62
58
70
74
62
79
63_67
75
63
79
67
75
63
51
50
50
67
51
55_63
68
68
58
70
55
67
58
70
72
60
72
60
79
75
63
67
79
63
67
75
48
60
63
48
51
60
67
55
51
63
55
67
70
27
58
39
27
58
39
70
79
70_75
67
51
58
46
55
51
55
58
51
55
51_55
58
58
51
55
34
56
58
53
75_79
58_70
67
55
51
46
34
58
53
56
46
39
51
55_58
58
51
55
58
51
55
58
51
55
51
55
58
58
51
55
34
56
53_58
39
58
34
53
46
56
55
51
58
46
39
58
51
55
58
51
55
58
51
55
34
55
51
58
39
58
51
34
55
38
56
58
53
53_58
56
46
38
55
51
58
39
46
58
51
55
58
55
51
58
51
55
51
58
55
58
51
55
58
34
53
56
46
39
53
58
56
34
51_58
55
27
39
58
55
51
58
51
46
55
46
51_63
39
55
39_51
56_63
53
53
63
56
58
55
63
55
63
58
56
60
63
63
60
56
51
63
58
51
62
51
55
70
62
58
55
58
63
46
60
70
70
63
60
62_65
70
66
66
70
62
65
27_39
39
27
63
67
70
58
46
70
67
63
70
58
46
63
67
46
58
75
63
67
68
63
65
51
75
75
68
65
70
67
75
75
67
70
68
72
75
75
72
68
51
75
63
63
70
74
75
63
75
67
82
74
70
67
75
72
70
58
82
82
75
72
77
82
74
78
78
74
82
77
75
79
82
82
79
75
82
70
77
74
84
78
74
70
77
78
84
75
79
79
80
82
75
80_82
70
77
74
70
84
74
77
78
78
75
79_84
79
80
82
75
82
80
70_77
74
70
84
78
77
74
78
75
79
84
79
80
82
75
82
80
70_77
74
84
78
74
70
77
84
78
39_58
70
27
79
75
75
79
70_75
58_79_82
67
58
75
70
79
82
67
70_82
75_79
67
63
75
82
79
70
67
63
82
70_75
79
67
75
82
70
79
67
82
75_79
70
75
70
79
82
79_82
75
79
82
75
79_82
79
82
79_82
70
67
70
79
67
82
82
79
70
67
75
63
82
70
67
79
75
63
82
79
67_70
62
74
82
70
67
79
74
62
82
79
67
70
67
82
79
70
58
70
74
62
58
70
77
65
62
74
65
77
79_82
67
70
67
82
70
79
55_67
70
58
55
67
74
62
58
70
62
74
75
63
75
63
82
79
70
67
70
79
67
82
51
63
67
55
51
63
58
70
55
67
58
70
31
74
43_62
31
43
62
74
74
79
71
83
50_62
59
55
54
72
72
54
74
71
59
62
83
50
38_50_55_79
50
38
52
40
67
59
67
59
50
38
59_67
52
40
59
67
38
50
36
48
64
67
69
67
64
69
36
48
71
35_62
47_67
71
67
62
64
62
55
47
35
55
64
62
64
55_62
45
33
55
62
64
66
60
62
33
45
66
62
60
67
59
62
43
31
67
59_62
55_59
62
55
59
55_59
62
62
55
59
31
60
57
62
38
62
60
57
38
43
59
55
50
62
43
59
55
62
62
59
55
55
62
59
38_59
55
43
62
55
62
38
59
60
42
57
62
42
62
60
57
50
59
55
43_62
50
62
55
59
62
59
55
62
55
59
59
55
62
62
55
59
60
38_57
62
43
62
38
60
57
50
59
55
50
62
43
62
55
59
62
59
55
62
55
59
59
55
35
62
43
59
62
35
38
55
42
57_60
62
38
62
60
57
55
31
42
43
50_59
62
62
59
55
62
50
59
55
50
67
59
55
43
55
43
60
57
67
67
60
57
62
59
67
62_67
59
60
64
67
67
64
60
67
55
55
62
66
55
59
74
62
66
59
67
64
62_74
50
67
74
64
69
66
74
74
66
69
31
43
71
67
31
43
74
74
71
50
67
62
74
62
50_67
71
50
62
79
71
67
67
55_72
69
79
79
72
69
74
71
79
79
71_74
72_76
79
79
55
76
72
79
67
67
74
78
67
71
86
74
78
71
79
74
76
62
86
79
86
76
78
81
86
86
81
78
83
79
86
86
79
83
86
81
78
74
74
88
82
78_81
82
83
79_88
83
79
84_86
86
84
74_81
78
74
82_88
81
78
83
79
82
88
83
84_86
79
84
86
81
74
78
74
88
82
81
78
83
79
82
88
86
84
83
79
74_81
78
84
86
82_88
78
74
81
82
88
83
79
43
74
31_62
83
79
86
79_83
74
62_71
71
62_79
74
83
86
86
74_79_83
71
67
83
79
71
86
74
67
86
71_83
79
74
79
83
86
74
71
86
79_83
74
86
74
79
83
86
83
79
79
86
83
86
83
83
86
83
79
81
84
79
83
82
85
81
84
86
83
85
82
91
84_87
83
86
91
84
87
83
71_74_79
67
71
67
74
79
83
84
75
80
65
72
68
75
65_74
62
63
75
74
62
63
65
77
68
75
78
66
77
65
72
66
80
78
82
74_79
67_70
84
79
70
67
82
74
79
70
75
58_63
67
79
75
67
58
70
63
63
75
72
67
60
72
75
67
60
63
68
56
65
60
65
60
68
56
67
70
58_62
55
67
62
55
70
58
72
60
63_68
56
53
53
63
62
50
50
63
51
62
56
51
52
64
63
52
53
65
68
64
53
66
54
65
60
72
67
62_70
58
66
55
54
50
62
55
58
67
50
70
67
55
58_61
51
55
61
58
67
51
72
68
60
56
63
44
51
56
51
72
63
68
60
44
67
55
60
40
52
48
55
60
40
52
67
48
72
68
60_63
44
56
51
68
63
51
44_72
56_60
39
51
48
51
36
39
32
44
48
36
32
44
32
44
32
44
44
32
32
44
51
56_63
41
58
63
43
41
51
58
56
51
60
63
44
36
43
51
60
63
44
36
46
65_68
38_56
56
68
65
38
46
39
68
48
56
63
56
63
68
48
39
50
68
60
72
41
68_72
60
50
41
68
60_72
44
51
51
44
60
60
62
53
48
60
62
53
48
55
55
56
62
60
53
72
68
62
60
53
56
41
51_63
56
41
63
58
43
51
43
58
51
60
44
56
63
36
60
51
44
36
63
38
46
65_68
56
68
56
46
65
38
39
48
68
56
63
56
48
39
63
68
50
41_72
68
60
41
72
68
60
50
72
51_60
44
68
44
51
60
48
60
53
62
60
62
48
53
55
60
55_62
56
53
60
62
68
72
56
53
53
62
74
68
68
70
53
56
56
70
62
63
60_75
74
72
72
84
67
72
79
84
77
67
65
79
77
65
72
60
75
63
53_68
74
62
56
70
68
53
56
70
63_74
62_75
60
72
84
72
79
67
84
72
77
65
67
79
77
60
65
72
63
75
68
74
53
62
53
56
70
68
62
74
70
56
63
72
60
75
75
72
72_84
80
51
51
56
60
80
84
63
72
56
60
84
72
80
63
60
72
84
80
65
63
73_80_85
84
67
65
80
84
85
73
68
73
85
67_84
80
70
68
73
85
80
84
72
70
80
84
74_86
75
72
80
86
74
84
77
75
86
84
80
79
77
80
84
86
80
87
84
79
82
80
84
87
82
87
84
84
87
63_75
67
48_72
60
55
51
67
75
51
72
55
63
60
48
63
51
63
63
71
59_67
55
43_47
55
43
47
51
59
63
71
67
51
39
39
51
63
72
67
75
60
51
48
55
63
67
60
55_75
51_72
48
43_55
51
39
43
55
36
48
51
39
36
48
36
48
36
48
36
48
36
48
45
67
55
60
85
85
45
47
62
67
60
55
47
48
39
55
67
63
62
39
55
63
67
48
43_50
66
60_72
43
50
66
72
60
43
51_72
60
67
43
60
51
67_72
48_54
63
72
75
48
75
54
72
63
75
63
48_72
55
48
55
63
51
59
63_65
51
63
65
55
59
55
59_65
63
56
63
75
65
72
56
59
66
39
44
54
59
60
60
39
61
46
44
59
66
54
46_54
63_66
39
47
61
54
63
66
39
47
42
49
59
64
71
42_71
59
64
49
51
42
66
71
59
59
66
71
42
51
75
71
63
53
47
75
71
47_63
53
54
47
75
63
71
51
47
54
63
51
59
65
63
63
65
51
55
51
59
55
59
56
65
63
71
75
63
65
56
59
59
65
77
71
59
65
61
73
71
77
61
73
78
75
66_71
59
63
78
71
75
66
59
63
75
87
82
87
70
75
70
75_87
80
68
82
87
80
75
68
65
59
71_77
77
73
61
59
71
65
61
66
63
78
59
71_73
75
71
78
75
59
66
63
75
87
70
82
87
75
75
68
87
80
70
82
87
80
75
68
71_77
65
59
71
77
73
61
65
59
73
78
66
71
75
59
63
61
74
62
63
75
62
74
78
66
63
75
68_80
66
78
80
83
71
68
87
75
71
83
90
78
87
59_63
66_75
78
75
71
90
78
44
56
59
47
44
56
63
51
47
59
51
63
66
54
54
66
59_71
71
59
55
43
75
63
63
75
43
55
79
67_75
71
59
53_55
63
59
53
55
63
60
55
48
51
55
60
51
48
67
79
71
75
79
39_67
51
67
51
39
79
67
63
55_61
83
79
71_75
61
59
56
44
67
51
55
63
56
51
44
59
83
71
83
71
47
35
75
79
71
83
35
47
87
83
75
79
63
57_59
67
59
57
63
55
39
48
67
48
39
55
87
75
79
83
87
75
31
43
75
87
31
43
91
87
83
79
67
59
53_63
67
59
53
63
91
83
34_87
46
79
67
63
58
55
53
82
70_79
75
53
34
46
79
70
75
82
75
80
72
82
72
80
75
70_75
79
82
82
79
75
58
70
67
55
63
60
65
63
68
75
77
82
63
60
65
82
68
77
75
67
63
58
82
79
70
75
75
82
79
70
34_46
80
72
75
82
72
82
80
75
75_79
70
82
79
82
75
70
67
63
34
58
46
68
75
77
56
63
60
82
82
75
68
56
77
63
60
82
67
58
63
70_79
75
75
82
79
70
80
34_46
75
72
82
82
72_80
75
34
46
75
79
70
82
67
58
63
79
82
75
70
60
53_56
68
75
77
82
53
56
60
82
75
68
77
82
67
58_63
79
70
75
75
79
82
70
67
58
63
80
75
72
51
82
55
82
75_80
72
58
70
75
79
51_55
82
58
79
82
75
70
60_63
56
68
77
75
82
60
63
56
82
75
68
77
82
67
58
63
75
79
70
79
75
70
34
46
67
62
67
63
58
46
34
63
62
67
55
51
46
66
70
63
66
70
67
67
75
72
75
70
72
79
75
70
79
75
69
51
46
55
66
70
69
51_58
55
70
66
58
55
67
51
67
72
75
58_63
55
75
70
72
70
75
79
75
79
74
75
79_82
74
63
79
75
82
58
55
79
67_74
58
63
67
63
79
58
75
74
75
82
78
63_67
58
58
63
78
82
67
79
79
67_87
63_70
84
87
70
63
67
82
84
67_70
63
82
91
87
67
63
70
91
87
81
75
70
67
81
78
82
82
78
70
75
79
67
79
75
70
67
87
84
87
70
75
67
82
84
82
79
70_75
91
87
70
79
75
87
91
86
82
79
87_91_94
70_75_86
94
87
91
70_75
82
79
68_70
82
53_77
62_74
58
56
62
58
53_56
46
34
34
46
74
82
68
70
77
27_39_51_63
63
51
79_87
82
82
91
79
87
58
46
87
82
79
91
82
91
79
87
80_89
91
87
92
80
87
89
46
58
82_91
87
63
51
58
92
94
87
91
82
94
82_87
79
82
91
87
79
39
27
87
82
79
39
34
27
91
82
91
63
58
79
87
51
89
80
87
91
48
51
92
89
87
80
48
91
55_82
87
43_92
51
27
39
34
94
87
91
43
82
94
55
46
58
87
82
79
91
82
87
79
58
46
58
87
82
46_79
91
82
91
79
87
58
46
63
58
51_80_89
87
91
92
89
87
80
63
51
58
82
87
91
92
63
58
51
94
87
91
82
94
87
79_82
91
82
87
79
87
82
79
27_39
34
91
58
63
82
91
51
79
87
80_89
87
48_91
51
92
89
87
80
91
82_87
55
43
34_39
27
92
51
94
48
87
91
82
43_94
55
58
46
87
79_82
91
58
82
79_87
46
87
82
79
58
46
91
91
82
79
87
58
46
91
89
80
87
63
58
51
92
89
87
80
63
51
58
82
87
63
58
51
91
92
94
82
87
91
94
82
75
51
87
75
82
82
75
87
55_67
63
58
87
82
75
87
27
39
75_82
74
67
55
86
75
74
82
60
48_82
75
74
86
86
75
82
74
86
80
75
72
84
75
80
72
48
60
72_80
75
63
51
84
84
80
75
27
39
72
84
79
75
70
39
27
82
75
63
79
70
51
58
46
70
79
75
82
82
27
75
39
70
82
79
75
68
80
75
68
75
68
60
58
48
46
80
80
75
48
60
68
58
75
80
67
46
79
75
46
58
44
56_79
70
67
65
70
44
56
55
43
70
72
65
60
70
72
43
55
53
41
70
72
60
60
72
70
68_74
60
62
68
74
62
41
53
67
75
51
39
63
67
75
63
75
70
63
70
75
51
70_75
39
43_55
63
63
70
75
63
70_77
65
70
77
43
65
55_70_79
50
38
67
79
70
67
67
63
58
63
67
63_67
48
36
50
38
58
58
63
67
58
65
68
60
65
68
67
70
46
34
60
48
36
62
67
70
62
60
63
55
60
63
60
63
55
53
63
60
34
53
46
44
32
63_65
60
65
63
44
32
67
43
63
31
60
58
67
63
43
31
34
46
60
58
60
57
34
60
46
29_41
57
56
60
56
62
58
62
27
29
39
41
63
55
58
63
55
55
51
58
51_55
51
55
58
51
58
55
58
39_56
53
27
34
56
53
58
34
58
55
51
39
46
55_58
51
58
55
51
58
51
55
51
55
58
51
58
55
56
58
53
70
58
56
53
70
39
46
55
51
58
63
55
58
51
58
51
55
58
55
51
51
34
55
58
58
51
55
34
63
46
58
56
41
50
50
58
56
46
41
58
51_55
46
39
55
58
51
58
51
55
51_58
55
51
55_58
70
46
39
51
58
55
70
58
56
72
53
53
58
56
72
63
51_55
58
51_55
39
27
80
89
91
27
39
80
89
34
46
87
91
79
79
91
34
46
87
39
80
89
51
91
91
39
80
89
51
87
79
46
58
91
79_91
63
87
89
80
91
46
60
58
91
63
89
60
80
87
79
67
55
63
91
91
79
55
67
89
80
58
70
87
91
91
89
80
58
87
79
70
75
63
91
91
79
89
80
63
75
91
58
70
87
91
89
80
58
70
67
55
87
79
91
87
79
55
67
68
77
63
51
79
68
77
51_75
67
48_60
63
79
79
67
75
77
68
58
46
48
79
60
55
79
58
77
68
55
46
51
75
67
39
79
75
67
39
51
56
65
36
48
67
56
65
48
36
63
55
46
34
67
55
63
63_75
67_72
60
51_55
48
46
34
72
67
63
75
48
55
51
60
70
67
55
43
50
46
62
58
50
43
55
46
67
58_70
62
46
34
62
56
65
53
58
74_82
77
68
70
46
34
82
68
77
74
70
65
62
58
53
56
27
39
70_75
67
63
63
70
67
75
58
46_70_75
51
55
67
63
46
51
58
55
58
63
51_55_70
46_67
75
67_70_75
63
46
58
51
55
70
63
67
75
58
46
55
51
75
67
70
63
27
39
46_51
55
58_70
67
75
63
