78
76
78
38_57_62_66
74
76
74
69
69
74
62
57
66
76
33_57_61_64
74
38
76
57
61
64
78
38_57_62_66
33
79
78
78
79
76
78
57_62
66
76
74
54_57_62
76
74
78
76
79
38
78
57
62
79
54
81
38_57_62_66
81
81
81
57_62
66
81
81
57_62_66
81
66
62
57
38
81
31_55_62_67
83
83
55
62
67
81
81
31
83
81
83
38_57_62_66
79
81
79
57_62
66
54_57_62
78
78
78
38
78
54
79
57
62
79
38_57_62_66_81
81
86
86
62
57
66
37_57_61_64
81
38
81
81
57_79
81
61
64
79
78
38_57_62_66
37
78
76
78
76
62
57
66
78
79
37_57_61_64
38
79
81
57
64
61
81
78
38_57_62_66
37
79
78
57
66
64
61_62
57
79
76
33
38
76
69
57
61
64
61_69
57
69
76
57
61_69
76
69
57_61
76
57
61
69
76
57_69
61
76
57_61
69
76
76
57_61_69
33
33
33
35
35
37
76
78
57
69
76
61
37
78
38_57_62_66
74
76
74
69
74
69
62
57
66
76
38
33_57_61_64
74
76
57
61_64
78
38_57_62_66
33
79
78
78
79
76
78
62
57
66
74
54_57_62
76
76
74
76
78
78
38
79
57
54
62
79
81
38_57_62_66
81
81
81
57
62_81
66
81
81
57_62_66
81
57_62
66
38_83
31_55_62_67
83
55
67
62
81
81
83
83
81
38_57_62_66
31
79
81
79
57_62
78
54_57_62
66
78
78
78
57
54
62
38
79
79
81
38_57_62_66
81
86
86
62
57
66
81
37_57_61_64
38
81
81
81
57
61
64
79
79
78
38_57_62_66
37
78
76
76
78
57_62
78
66
38
79
31_59_62_67
79
81
81
78
78
79
62
67
59
79
33_57_61_64
76
31
76
81
57
61
64
57_62_66_79
81
79
78
66
62
57
57_62_64_76_78
78
76
78
76
78
76
76
78
78
76
76
78
78
76
61_76
78
62
61
76
64
57
74
74
38_54_57_62_74
33
74
54
57
62
66
62
57
50
38
67
66
57
62
49_57_64_69
50
67
64
69
57
49
64_69
57
45
64
57
69
45
47_57
64
69
57
64
47_69
49
57
64
69
64
57
69
49
57
45
69
61
57
61_69
45
62_66
57
50
62
62
62
66
57
69
54_74
50
73
69
74
54
50
50
74
69
73
50
76
74
69
76
50
62
50
78
69
78
61
76
62
62
61
78
76
69
64
49
50_62
69_78
79
62
78
64
79
49
78
61
50_76
62
61
59_74
76
50
69
74
76
45_69
57
61
59
76
74
73
74
69
71
73
69
71
45
67
57
61
69
67
57
50
66
62
67
57_62
50
66
67
64_69
49_57
64
69
49
57
64
69
45
57
64
69
57
45
64_69
47_57
57
64
69
47
49
57_64_69
64
69
57
49
69
45_61
57
69
61
57
45
50_57
62_66
62
62
66
62
57
54
66_74
66
50
74
64_73
64
54
50_50
74
66
66
50
73
74
76
67
73
73
67
50
76
50
69_78
62
69
76
78
69
57
62
78
50_76
69
49
64_69_79
78
57
62
78
49
79
64
69_78
69
76
47_61
62
74
59
61
76
47
74
69
61_76_81
45_57
59
57
61
57_64
57
64
57_64
57
64
64
57
76
81
78
45
57
64
76
78
38_57_62_66_74
76
69
74
74
69
62
66
57
74
33_57_61_64_76
38
57
61
64
38_57_62_66_78
33_76
78_79
79
78
76
78
76
62
57
54_57_62_74
66
76
74
76
78
57
62
79
38
54
78
79
81
38_57_62_66
81
38
38_81
81
57
62
81
66
81
81
57_62_66
38
57
62
66
31_55_62_67_83
81
83
55
62
67
83
31
81
38_57_62_66
83
83
81
81_83
83
81
81
83
83
81
81
83
79
62
57
79
81
54_57_62_78
66
78
78
38
57
62
54
78
79
38_57_62_66
81
79
86
81
62
66
57
38
37_57_61_64_81
86
81
81
79
57
61
81
64
37
79
38_57_62_66_78
76
78
78
57
62
76
66
78
31_38_59_62_67_79
81
79
81
78
79
62_67
59
79
78
33_57_61_64_76
31
76
81
57
61
57_62_64_66_79
81
78
79
78
78
66
62
62_64
78
76
76_78
76
78
78
76
76
78
61
62
74
74
76
57
61
74
64
33
38_54_57_62
66
69
62
50
54
62
57
38
50
62
67_71
62_66
69
55
47
74
66_69
67
62
55
71
47
43
62
55
71
67
66
69
67
55
72
69
62
43
71
62
55
43
71
67
72
69
67
72
69
43
62_71
55
72
67
71
55_62
43
69
67
69
66
71
55
43_66
62
67
60_69
64
48
64
67
48
47
60
64_67
60
48
47
64_67
50
48
60
48
60
67
64
50
64_67
50
48
60
48
64_67
60
50
47_60
64
48
67
66
69
60
45
47
66
64
67
60_69
45
64
66
69
60
67
45
66
67
60_69
71
45
71
69
66
45_60
67
66
71
67_69
60
45
66_69
71
45_67
60
66
67
64
69
60
45
64
59
66
47
45_63
67
45
59
63
66
47
59
47
63_71
63
71
59
47
57
69
64
49
71
69
69
71
49
67
51
59
69
57
66
64_67
59
66
52
51
67
64
59
47
35
63_71
64
67
52_59
63
71
49
64
69
37
47_71
69
35
69
71
64
39
51
67
59
37
49
69
66
67
59
52
64_67
40
39
51
66
59_63_71
47
64
67
63
71
40
52
59
49
69
64
47
57
69_71
69
71
57
67
51
69
59
49
66
67
64
59
52
51_64_67
59
66
66
67
59
52
67
45
60
66
69
64
67
60
59
69
66
47_63
45
57
59
63
64
66
64
55
57
52
47
64
59
59
52_64
55
64
52
68_71
52_68
71
64
64
52_68_71
68
71
52
64
64
68
71
52
52
64
68
71
64_72
57
45
64
57
72
45
59
44_64_71
64
71
59
44
57_64_72
45
45
57
74
45_57
72
72
45
74
57
64
40
56
52
71
64
72
64
71
68_71
64
52
40
52_56
64_68
71
40
40
52
40
52_68
64_71
64
68
71
40
52
52
68_71
40
64
64
68_71
40
52
45
33
64
72
64_72
44
45
64_71
32
33
64
71
44
45
33
64_72
32
45
33
45
33
74
72
72
74
64
33
56
45_52
40_44
64
71
72
68_71
64
52
68
52
71
64
64
71
52_64
56
68_71
52
40
44
52
68
71
64
64_68_71
52
64
52
72
60_64
57_68
45
71
45
71
60
57
44_72
59
44
64
57
60_72
45_64
59
71
45
60
57
64
74
57
45
64_72
72
64
45
74
57
52
71_72
68
40
72
71
64
71
52
72
72
71
68
72
68_74
52
71
64
71
71
40
74
68
76
68_71
44
52
74
76
68
74
44
57_60
45_72
64
74
72
72
74
60
45
57
57
62
38
66
72
71
66
38
62
64_71
57
64
40_68_71
62
64
40
68
45_60
64_69
57
62
71
45
60
57
64
69
64
45
57_60
66
64
45
66
60
59
40
57
64_67
40
52
59
64
66
62
59
67
52
47
66
62
66
66
67
47
67
42
62_69
59
57
42
42
42
57_62
55_59_62
43
69
62
43_55
67
54
67_69
55
69
54
52
64_67_71
55
59
54
52
67
71
52
71
67
54
52
50
64
57
49_64
50_67
71
49
45
69
60
64
57
45
50
60
62
67
69
66
67
64
57
66
62
62
50
52_57_64
45
61
62
62
61
62
64
64
61
52
52
52
52
57
61
78
52
45
57
76
78
38_57_62_66
74
76
74
69
69
74
62
57
66
76
33_57_61_64
38
74
76
57
61
64
38_57_62_66_78
33
79
78
78
79
76
78
57_62
66
54_57_62_74
76
76
74
78
76
38
79
57_78
62
79
54
38_57_62_66_81
81
81
81
81
57
62
66
81
57_62_66
81
57_62
66
81
38
31_55_62_67
83
83
81
62
55
67
81
83
81
83
38_57_62_66
31
79
81
79
57_62
66
54_57_62
78
78
78
38
78
79
57
54_62
79
38_57_62_66_81
81
86
62
57
66
86
37_57_61_64
81
38
81
81
57
61
79
64
81
79
37
78
38_57_62_66
78
76
78
76
62
57
78
66
79
37_57_61_64
38
79
81
57
61
64
81
78
37
38_57_62_66
79
78
62
57
66
79
76
33_57_61_64
38
76
69
57
61
64
69
76
57_61_69
57
61
69
76
76
57_61_69
57
76
61
69
57_61_69
76
57
61_69
76
76
57_61_69
33
33
35
33
35
37
76
78
57
61
69
76
78
37
38_57_62_66
74
76
74
69
74
69
62
57
66
38
76
33_57_61_64
74
76
57
61
64
78
38_57_62_66
33
79
78
78
79
76
78
62
57
66
74
54_57_62
76
76
74
76
78
78
38
79
57
62
79
81
38_57_62_66
54
81
81
81
57
62
66
81
81
81
57_62_66
81
38
57_62
66
83
31_55_62_67
83
31_62
67
55_81
81
83
83
81
38_57_62_66
79
81
79
57
62
66
78
54_57_62
78
78
78
57
38_62
79
54
79
81
38_57_62_66
81
86
62
57
86
66
37_57_61_64_81
38
81
81
81
37
57
79
61
64
79
38_57_62_66_78
78
76
76
78
78
57
62
66
38
31_59_62_67_79
79
81
81
78
78
79
62
59_67
31
33_57_61_64_79
76
76
81
81
61
66_79
64
79
78
78
57
66
76
57_62_64
78
76
76
78
78
76_76
78
78
76
76
78
57
57_61
62
76
74
57
61
74
38_54_57_62_74
64
33
74
38
54
62
57
