48_64
48
55_60
60
55
55_60
55
60
64
52
67
52
55_60
55
60
55_60
69
67
55
60
69
50_69
50
59
53_55
53
55
59
53_59
55
55
53_59
43
43
53_55
59
55
59
53
53_55_59
55
53
59
69
50
65
50
53_55_59
55
53
59
53_55_59
55
59
53
65
69
43
43
59
53_55
55
53
59
71
59
53_55
69
55
53
59
71
71
52
52
55_60
60
55
55_60
55
60
52
52
55_60
55
60
55_60
55
60
71
74
45
45
60
52
52
60
52_60
52
60
74
45
72
45
52_60
52
60
52_60_64_72
52
60
50
67
64
50
53_57
53
57
53_57
53
57
67
65_69
50
50
57
53
53
57
53_57_64
65
53
57
69
64
64_71
43
43
53_55
53
55
53_55
53
55
64
71
43
62_71
43
53_55
53
55
53
55
53
55
62
71
48
72
60
48
52_55
55
52
52_55
55
52
52_55
60_72
52
55
48
64
48
55_60
55
60
55_60
55
60
64
67
52
52
55_60
55
60
55_60
69
67
55
60
69
50
69
50
53_59
55
55
53
59
53_55_59
55
53
59
43
43
53_55_59
55
53
59
53_55_59
53
55
59
50
65
69
50
53_55_59
55
53
59
53_59
55
55
53
59
65
43
69
43
53_55_59
55
53
59
53_59_71
55
69
55
59
53
71
52_71
52
55_60
55
60
55_60
55
60
52
52
55_60
55
60
55_60
55
60
71
45
74
45
52_60
52
60
52_60
60
52
45_74
72
45
52
60
52
60
72
52_60_64
52
60
50
67
64
50
53_57
53
57
53_57
53
57
50
65_69
67
50
53_57
53
57
53_57
64
69
53
65
57
64
43
64_71
43
53_55
53
55
53_55
53
55
64
71
43_62_71
43
53_55
53
55
53
55
53
71
62
55
72
60
48
48
52
55
52
55
52
55
55
52
52_55
60
72
76_79
84
79
81
84
52
55
84
81
76
48
76_79
84
48
84
79
52_55_81
84
52_55
84
81
76
52_55_76_79
84
52
55
84
79
76
76_81
43
84
43
84
81
76
79
76
52_55
84
55
52
84
79
81
52_55
84
52
55
84
76
81
77_79
50
84
50
79
77
77_83
53_55
83
53
55
77
53_55_77_83
53
83
55
77
77_79
43
43
77
79
53_83
55
83
53
55
55_77_83
53
53
55
83
77
77_79
47
47
86
79
77
77_81
53_55
86
53_55
86
81
77
53_55
77
79
86
53
55
79
86
77
43
77_81
86
43
86
81
77
53_55
77_79
86
53
55
79
86
77
86
53_55_77_81
53
55
86
81
77
86
48_76_79
48
79
76
52_55
76_84
76
84
55
52
52_55_76_84
76
84
52
55
76_79
43
43
84
52_55
79
76
84
55
52
52_55_76_84
76
84
52
55
76
79
48
48
84
79
76
76_81
52_55
84
55
52
84
81
76
52_55_76_79
84
52
55
84
79
76
48_76_81
84
48
84
81
76
52_55
76_79
84
55
52
84
76
79
55
52
76_81
84
52
55
81
84
76
76_79
47
84
47
79
76
79_83
52_55
79
83
52
55
79_83
52_55
79
83
52
55
76_79
47
47
83
55
52
76
79
83
52
55
83
79
52_55
79
83
52
55
47_75_83
47
84
83
84
54_57_83
57
54
84
83
84
54_57_83
54
57
84
83
84
75
47
75_83
47
84
83
54_57
83
84
54
57
83
84
84
54_57_83
54
57
84
83
75
84
52_76_83
52
84
83
55_83
59
84
55
59
84
83
55_59_83
84
55_59
83
84
76
84
43
74_83
84
83
43
83_84
53_55
55
53
83
84
84
83
55
53
53
55
83
84
74
84
76_79
48
48
84
79
76
52_55_76_81
84
55
52
84
81
76
52
55
76_79
84
52
55
84
79
76
43
76_81
84
43
81
84
76
52_55_76_79
84
52
55
84
79
76
84
76_81
52_55
52
55
84
81
76
50_77_79
84
50
77
79
53_55
77
83
77
83
53
55
53_55
77_83
77
83
53
55
43_77_79
43
79_83
53_55
77
83
53
55
53_55
77_83
77
83
53
55
47_77_79
47
79
86
77
53_55
77_81
86
53
55
81
86
77
53_55
77_79
86
53
79
55
86
77
86
43_77_81
43
86
81
77
53
55_77_79
86
53
55
79
86
77
77
53_55_81
86
55
53
81
86
77
86
48_76_79
48
79
52_55_84
76
84
52
55
52_55
76_84
76
84
52
55
76_79
43
43
52_55_84
79
76
84
52
55
52
55_76_84
52
84
76
55
72
48
79
72
48
52_58_60_74
79
52
58_60
79
74
58_60
72
52
79
52
58
60
79
72
48
74
79
48
79
74
52
58_60
72
79
58
52
60
79
72
79
52_58_60_74
52
58
60
74
79
53_72
79
53
77
72
77
57_60_74
60
57
77
74
77
57
60_72
57
60
77
72
53_74
77
53
74
77
57_60_72
77
57
60
77
72
74
57_60
77
57
60
77
74
72_76
55
77
55
76
79
76
60_64
79
60
64
76
79
79
76
60_64
60
64
76
79
72
79
55
71_77
55
77
79
79
62_65
77
62
65
77
79
62_65_77
79
62
65
79
71
77
79
60_72_76
60
79
76
64_76
67
79
67
64
79
76
79
76
64_67
67
64
76_79
72
79
36_48_84
84
76_79
76
79
84
76_81_84
84
81
76
84
36
48
48_76_79
48
84
79
52_55_81
84
52_55
84
81
76
52_55_76_79
84
52
55
84
79
76
76_81
43
84
43
84
81
76
79
76
52_55
84
55
52
84
79
81
52_55
84
52
55
84
76
81
77_79
50
84
50
79
77
77_83
53_55
83
53
55
77
53_55_77_83
53
83
55
77
77_79
43
43
77
79
53_77_83
55
77
83
53
55
55_77_83
53
53
55
83
77
77_79
47
47
86
79
77
77_81
53_55
86
53_55
86
81
77
53_55
77
79
86
53
55
79
86
77
43
77_81
86
43
86
81
77
53_55
77_79
86
53
55
79
86
77
86
53_55_77_81
53
55
86
81
77
86
48_76_79
48
79
76
52_55
76_84
76
84
55
52
52_55_76_84
76
84
52
55
76_79
43
43
84
52_55
79
76
84
55
52
52_55_76_84
76
84
52
55
76
79
48
48
84
79
76
76_81
52_55
84
55
52
84
81
76
52_55_76_79
84
52
55
84
79
76
48_76_81
84
48
84
81
76
52_55
76_79
84
55
52
84
76
79
55
52
76_81
84
52
55
81
84
76
76_79
47
84
47
79
76
79_83
52_55
79
83
52
55
79_83
52_55
79
83
52
55
76_79
47
47
83
55
52
76
79
83
52
55
83
79
52_55
79
83
52
55
47_75_83
47
84
83
84
54_57_83
57
54
84
83
84
54_57_83
54
57
84
83
84
75
47
75_83
47
84
83
54_57
83
84
54
57
83
84
84
54_57_83
54
57
84
83
75
84
52_76_83
52
84
83
55_83
59
84
55
59
84
83
55_59_83
84
55_59
83
84
76
84
43
74_83
84
83
43
83_84
53_55
55
53
83
84
84
83
55
53
53
55
83
84
74
84
76_79
48
48
84
79
76
52_55_76_81
84
55
52
84
81
76
52
55
76_79
84
52
55
84
79
76
43
76_81
84
43
81
84
76
52_55_76_79
84
52
55
84
79
76
84
76_81
52_55
52
55
84
81
76
50_77_79
84
50
77
79
53_55
77
83
77
83
53
55
53_55
77_83
77
83
53
55
43_77_79
43
79_83
53_55
77
83
53
55
53_55
77_83
77
83
53
55
47_77_79
47
79
86
77
53_55
77_81
86
53
55
81
86
77
53_55
77_79
86
53
79
55
86
77
86
43_77_81
43
86
81
77
53
55_77_79
86
53
55
79
86
77
77
53_55_81
86
55
53
81
86
77
86
48_76_79
48
79
52_55_84
76
84
52
55
52_55
76_84
76
84
52
55
76_79
43
43
52_55_84
79
76
84
52
55
52
55_76_84
52
84
76
55
72
48
79
72
48
52_58_60_74
79
52
58_60
79
74
58_60
72
52
79
52
58
60
79
72
48
74
79
48
79
74
52
58_60
72
79
58
52
60
79
72
79
52_58_60_74
52
58
60
74
79
53_72
79
53
77
72
77
57_60_74
60
57
77
74
77
57
60_72
57
60
77
72
53_74
77
53
74
77
57_60_72
77
57
60
77
72
74
57_60
77
57
60
77
74
72_76
55
77
55
76
79
76
60_64
79
60
64
76
79
79
76
60_64
60
64
76
79
72
79
55
71_77
55
77
79
79
62_65
77
62
65
77
79
62_65_77
79
62
65
79
71
77
79
60_72_76
60
79
76
64_76
67
79
67
64
79
76
79
76
64_67
67
64
76_79
72
79
36_48_84
88_91_96
84
88_91_96
36
48
