60_72
60
67
67
64
64
67
67
60_72_76
60
67
67
64_76_79
64
67
67
62_71_79
62
67
67
65
65
67_71_72
72_74
67
60_72_74
60
67
72
67
64
64
67
67
60_81
60
69
69
65
65
69
69
60_79_81
60
67
67
64_84
64
67
79
84
67
59_79
59
67
67
62_77_79
62
67_76_77
76_77
67
60_76_77
60
67
76
67
64
64
67
67
65_81
81
83
65_83_84
84_86
86_88
88_89
89_91
91_93
91_93
89_91
88_89
65_72_86_88
84_86
83_84
65_72_81_83
81
64_72_79
79
81
81
64_72_83
83
84
84
86
86
88
88
89
89
91
91
89
89
88
88
86
86
64_72_84
84
83
83
81
81
64_72_79
79
62_72_77
77
79
79
62_72_81
81
83
83
84
84
86
86
88
88
89
89
88
88
86
86
84
84
62_71_83
83
81
81
79
79
62_71_77
77
60_72_76
76
77
77
60_72_79
79
81
81
83
83
84
84
86
86
88
88
86
86
84
84
83
83
60_64_81
81
79
79
77
77
60_64_76
76
65_69_74
74
76
76
77
77
79
79
81
81
83
83
85
85
86
86
81
81
83
83
84
84
65_69_86
86
88
88
89
89
91
91
65_93
93
95
95
96
96
95
95
93
65
93
91
91
67_89
89
88
67
88
69_89
89
91
91
93
93
91
91
89
69
89
88
88
66_86
86
84
66
84
55_55_83
55
59
83
59
62_91
62
55_67
91
67
55_55_88
55
60
88
60
64_84
64
55_67
84
67
55_55_86
55
59
86
59
62_91
62
55_67
91
67
55_55_88
55
60
88
60
64_84
64
55_67
84
67
55_86
55_86
67_83_86_91
67_83_86_91
55_79
55_79
61
61
62
62
61
61
62
62
61
61
62
62
61
61
62
62
60
60
62
62
60
60
62
62
60
60
62
62
60
60
62
62
59_86
59
62
86
62
59_83
59
62
83
62
59_79
59
62
62
59
59
62_79
62
59_79
59
62
79
62
59_81
59_81
62_83
62_83
59_81
59
62
81
62
59_79
59
62
79
62
60_79
60
62
62
59
79
59
62_78
62_78
57_78
57
62
62
59
59
62_78
62
60
60
62
62
59
59
62
62
60
60
62
62
57
57
62
62
59_86
59
62
86
62
59_83
59
62
83
62
59_79
59
62
62
59
59
62_79
62
59_79
59
62
79
62
59_81
59_81
62_83
62_83
59_81
59
62
81
62
59_79
59
62
79
62
60_79
60
62
62
59
79
59
62_78
62_78
57_78
57
62
62
59
59
62_78
62
60
60
62
62
59
59
62
62
60
60
62
62
57
57
62
62
59_86
59
59
59
62
62
67_86
67
71
86
86
83
83
71_79
79
76
60
60
64
64
67_76
67
72
76
76
79
79
72_76
76
84
57
57
60
60
66_84
66
69
84
84
81
81
69_78
78
74
59
59
62
62
66_74
66
71
74
74
78
78
74
71
74
83
55
55
59
59
83
64
64
67
83
83
79
79
76
67
76
72
57
57
60
60
72
64
64
69
72
72
76
76
72
69
72
81
54
54
57
57
62_81
62
66
81
81
78
78
66_74
74
71
55
55
59
59
62_71
62
67
79
79
74
74
67_71
71
60_64_69
60_64
60_64
60_64
60_64
60_64
60_64_69
60_64
60_64_72
60_64
60_64
72
60_64
60_64_76
60_64
60_64
76
60_64
60_64_81
60_64
60_64
60_64
60_64
81
60_64
60_64_83
83
81
81
80
80
60_64_81
81
60_64_84
60_64_84
60_64_81
60_64_81
60_64_84
60_64_84
60_64_81
60_64_81
62_83
62
71
83
71
67_79
67
71
79
71
62_86
62
71
71
67
67
71
71
62
62
71
71
67_86
67
71
71
62_84
62_84
71_83
71_83
67_81
67_81
71_79
71_79
62_81
62
72
72
66
66
72
72
62
62
72
72
66
66
72
72
62
62
72
72
66
66
72
72
62_81
62
72
72
66
66
72
72
79
67_71
79
67_71
79
79
74
74
79
79
83
83
86
86
83
83
79
79
83
83
84
62_69_72
84
81
81
78
78
81
62_69_72
81
79
67_71
79
67_71
67
67
62
62
67
67
71
71
74
74
71
71
67
67
71
71
72
62_69_72
72
69
69
66
66
69
62_69_72
69
67
67_71
67
67_71
74_83
55_71
74_83
55_71
71_79
55_71
71_79
55_71
55_67_67
55_67_67
79
79
74
74
79
79
82
82
86
86
82
82
79
79
82
82
62_69_72_84
84
81
81
78
78
62_69_72_81
81
67_70_79
67_70_79
67
67
62
62
67
67
70
70
74
74
70
70
67
67
70
70
50_57_60_72
72
69
69
66
66
50_57_60_69
69
67
55
55
57
57
59_67
59
60
60
62
62
64
64
66
66
67
79
79
82
82
81
81
79
67
79
77
77
76
76
74
74
73
57
57
59
59
61_73
61
62
62
64
64
66
66
68
68
69
85
85
88
88
86
86
69
84
84
83
83
81
81
79
79
50_62_77
50_62_77
74
74
69
69
74
74
77
77
81
81
77
77
74
74
77
77
69_76_79_79
79
76
76
73
73
69_76_76_79
76
74_74_77
74_74_77
65
65
57
57
62
62
65
65
69
69
65
65
62
62
65
65
57_64_67_67
67
64
64
61
61
57_64_64_67
64
62_65
62
62
64
64
62_65_65
65
67
67
69
69
71
71
73
73
74
62
62
65
65
64_74
64
62
62
60
60
59
59
57
57
56
71
71
72
72
56_74
74
76
76
78
78
80
80
81
81
83
55
55
59
59
57_83
57
55
55
53
53
52
52
50
50
48
81
81
88
88
48_86
86
84
84
83
83
81
81
79
79
77
62
62
69
69
67_77
67
65
65
64
64
62
62
60
60
59
79
79
86
86
59_84
84
83
83
81
81
79
79
77
77
76
72
72
79
79
76_77
77
76
76
74
74
72
72
71
71
69
77
77
84
84
69_83
83
81
81
79
79
77
77
76
76
74
71
71
77
77
74_76
76
74
74
72
72
71
71
69
69
68
76
76
83
83
68_81
81
80
80
77
77
76
76
74
74
72
69
69
72
72
71_72
71
69
69
67
67
65
65
64
64
62
70
70
74
74
72
72
70
70
69
69
62_67
67
65
65
60_64_67_70
64
65
65
67
67
69
69
70
70
72
72
60_67_70_74
74
76
76
65_77
65
72
72
69
69
72_77
72
65_81
65
72
81
72
69_84
69
72
84
72
67_76
67
72
72
70
76
70
72_77
77
79
72
79
65_77
65
72
77
72
69
69
72
72
65_86
65
74
74
70
70
74_86
74
65_84
65
72
84
72
69_89
69
72
89
72
64_84
64
72
84
72
67_82
67_82
72_81
81
82
72
82
65_81
65
72
72
69
81
69
72
72
70_74
74
76
76
70_77
77
79
79
81
81
82
82
84
84
86
86
84
84
82
82
81
81
65_70_79
79
77
77
76
76
65_70_74
74
69_72_77
72
74
74
69_76_77
76
77
77
79
79
81
81
82
82
84
84
82
82
81
81
79
79
69_77_77
77
76
76
74
74
69_72_77
72
67_70_77
70
72
72
67_77
74
74
76
76
77
77
79
79
81
81
82
82
81
81
79
79
77
77
67_76
76
76
74
74
72
72
67_76
70
70
65_77
69
69
70
70
65_72_77
72
74
74
76
76
77
77
79
79
81
81
79
79
77
77
76
76
74
74
72
72
71
71
69
69
65_81
65
67
67
69_81
69
71
71
72
72
74
74
76
76
77
77
76
76
74
74
72
72
71_72_81
71
69
69
67
67
65_72_81
65
64_72_79
64
65
65
67_72_79
67
69
69
71
71
72
72
74
74
76
76
74
74
72
72
71
71
69_72_79
69
67
67
65
65
64_72_79
64
62_72_77
62
64
64
65_72_77
65
67
67
69
69
71
71
72
72
74
74
72
72
71
71
69
69
67_71_77
67
65
65
64
64
62_71_77
62
60_72_76
60
62
62
64_72_76
64
65
65
67
67
69
69
71
71
72
72
71
71
69
69
67
67
65_72_76
65
64
64
62
62
60_72_76
60
65_69_76
76
62
62
64
64
65
65
67
67
69
69
71
71
73
73
74
74
69
69
71
71
73
73
74
74
76
76
77
77
65_69_79
79
65_81
81
83
83
84
84
83
83
81
65
81
79
79
67_77
77
76
67
76
69_77
77
79
79
81
81
79
79
77
69
77
76
76
66_74
74
72
66
72
55
71
55
59
59
62
79
71
62
67
67
55
76
79
55
60
60
64
76
72
64
67
67
55
74
72
55
59
59
79
62
74
62
67
67
79
55
76
55
60
60
72
64
76
64
67
67
72
55
74
74
55
67_71_74_79
67_71_74_79
55_67
55_67
66
66
67
67
66
66
67
67
66
66
67
67
66
66
67
67
65
65
67
67
65
65
67
67
65
65
67
67
65
65
67
67
64_79
64
67
79
67
64_76
64
67
76
67
64_72
64
67
67
64
64
67_72
67
64_72
64
67
72
67
64_74
64_74
67_76
67_76
64_74
64
67
74
67
72
64_72
64
67
67
72
72
65_72
65
67
67
64
72
64
67_71
67_71
62_71
62
67
67
64
64
67_71
67
65
65
67
67
64
64
67
67
65
65
67
67
62
62
67
67
64_79
64
67
79
67
64_76
64
67
76
67
64_72
64
67
67
64
64
67
72
67
64_72
64
67
72
67
64_74
64_74
67_76
67_76
64_74
64
67
74
67
64_72
64
67
72
67
64_72
64
67
67
64
72
64
67_71
67_71
62_71
62
67
67
64
64
67_71
67
65
65
67
67
64
64
67
67
65
65
67
67
62
62
67
67
79
52
52
55
55
60_79
60
64
79
79
76
76
64_72
72
69
53
53
57
57
60
60
65
69
69
69
72
72
65_69
69
77
50
50
53
53
59_77
59
62
77
77
74
74
62_71
71
67
52
52
55
55
59_67
59
64
79
79
83
83
64_79
79
88
72
72
76
76
81_88
81
84
88
88
84
84
81_84
81
77
74
74
77
77
77_81
81
86
77
77
81
81
77_86
77
86
71
71
74
74
79_86
79
83
86
86
83
83
79_83
79
76
72
72
76
76
79
79
88
76
84
84
79
79
76_88
76
74
65_69
65_69
65_69
65_69
65_69_74
65_69
65_69_74
65_69
65_69
74
65_69
65_69_74
65_69
65_69
74
65_69
81
65_72_75
65_72_75
65_72_75
65_72_75
65_72_75_81
65_72_75
80
65_72_75_81
80
65_72_75
65_72_75
81
65_72_75
80
65_72_75_81
80
65_72_75
65_72_75
81
65_72_75
67_79
67
76
79
76
72_81
72_81
76_83
76_83
67_84
67_84
76_86
76_86
72_88
72_88
76_86
76_86
67_84
67_84
76_83
76_83
72_81
72_81
76_79
76_79
67_77
67_77
76_76
76_76
72_74
72_74
72_76
72_76
67_74
67
77
77
71
71
77
77
67
67
77
77
71
71
77
77
67
67
77
77
71
71
77
77
67
67
77
77
71
74
72
71
77
72
74
77
72
74
60_64
72
60_64
72
72
67
67
72
72
76
76
79
79
76
76
72
72
76
76
67_74_77
77
77
74
74
71
71
67_74_77
74
74
72_76
72
72_76
72
60
60
55
55
60
60
64
64
67
67
64
64
60
60
64
64
67_74_77
65
65
62
62
59
59
67_74_77
62
62
60_64
60
60_64
60
72
76_79_84
72
76_79_84
48_60
72
48_60
72
