48_72
76
72
67
67
72
48
76
72
67
79
48_77
76
74
72
48
71
72
71
72
43
74
72
71
69
55_67
53
52
50
72
48
76
72
67
67
76
60
79
76
72
54
76
72
55
74
71
48
72
69
50_71
67
69
38
66
67
43
69
71
72
74
76
78
79
54
69
62
57
81
62
81
54
62
81
57
62
71
55
72
74
76
78
79
81
83
72
57
62
84
60
62
84
57
62
60_84
62
59
74
79
83
86
84
83
81
79
60
78
76
79
78
48
81
79
78
76
50
76
74
72
71
38
74
72
71
69
43
67
47
50
55
43
71
65
74
71
67
67
63
72
75
72
67
79
59
77
74
60
75
72
71
55
72
74
71
67
67
65
79
67
55
79
67
62
79
67
55
79
67
63
79
67
55
79
67
60
79
67
55
79
67
59
74
75
77
74
60
77
75
74
72
55
71_79
43
55
53
52
50
60
48
64
60
55
55
48
60
64
60
55
67
48
65
64
62
60
48
59
60
59
60
43
62
60
59
57
55
43
41
40
38
36
60
55
60
64
64
64
48
60
64
67
72
64
55_67
62_65
43_60_64
59_62
48
60
62
64
65
67
69
71
72
47
62
55
50
74
55
47
74
55
50
74
55
48
64
65
67
69
71
72
74
76
50_65
55
77
53
55
77
50
55
53_77
55
52
67
72
76
79
77
76
74
72
53
81
79
77
76
53_74
72
71
69
55_67
69
65
67
64
43
65
62
64
60
36
40
43
48
36
