40
52
55
59
52
55
64
52
55
64
52
55
40_64
52
55
59
52
55
59
52
55
59
52
55
40
52
55
59
52
55
64
52
55
67
52
55
40_67
52
57
60
52
57
66
52
57
60
52
57
40
52
57
66
52
57
66
52
57
66
52
57
40_66
51
57
59
51
57
59
51
57
48
51
57
47
51
57
66
51
57
67
51
57
66
51
57
40_66
52
57
59
52
57
64
52
55
59
52
55
40
52
59
67
52
59
67
52
59
67
52
61
50_67
57
62
66
57
62
66
57
62
50
57
62
54
60
62
69
60
62
69
60
62
69
60
62
55_69
59
62
67
59
62
67
59
62
55
59
62
43
59
62
71
59
62
71
59
62
71
59
62
48_71
60
64
69
60
64
69
60
64
48
60
64
49
58
64
67
58
64
67
58
64
67
58
64
50_67
57
62
66
57
62
66
57
62
50
57
62
48
57
62
66
57
62
66
57
62
66
57
62
47_66
55
62
67
55
62
67
55
62
47
55
62
42
50
60
69
50
60
69
50
60
69
50
60
43_70
50
59
71
50
59
71
50
59
43
50
55
40
55
59
67
55
59
67
55
59
52_67
55
59
48
60
64
69
60
64
45
60
64
72
60
64
50
57
60
66
57
60
66
57
60
51_66
57
60
52_66
57
60
67
55
59
67
55
59
52
55
59
47
56
62
65
56
62
65
56
62
65
56
62
48_65
57
62
64
57
60
45
60
64
69
60
64
50_69
59
62
67
59
62
67
57
60
66
57
60
43_67
55
59
50_62
55
59
47_59
55
59
50_62
55
59
43
62
71
69
40_69
52
59
62
52
59
68
52
59
62
52
59
40
59
62
64
59
62
66
59
62
68
59
62
45_71
56
62
64
56
62
69
57
60
64
57
60
45
57
60
64
57
60
69
57
60
51_67
57
60
50_67
57
60
66
57
60
66
57
60
50
57
60
50
57
60
66
57
60
64
57
60
66
57
60
43_69
54
60
62
54
60
67
55
59
62
55
59
43
59
62
67
59
62
67
59
62
67
59
62
47_67
51
57
59
51
57
66
51
57
59
51
57
47
51
57
66
51
57
66
51
57
66
51
57
40_66
52
55
59
52
55
64
52
55
59
52
55
40
52
55
67
52
55
67
52
55
67
52
55
47_67
51
57
59
51
57
66
51
57
59
51
57
45
51
57
66
51
57
66
51
57
66
51
57
40_66
52
55
59
52
55
64
52
55
59
52
55
40
55
59
64
55
59
64
55
59
64
55
59
40_67
52
57
60
52
57
66
52
57
60
52
57
40
52
57
66
52
57
66
52
57
66
52
57
40_69
52
59
62
52
59
68
52
59
62
52
59
40
59
62
68
59
62
68
59
62
68
59
62
45_71
60
64
69
60
64
69
59
62
67
59
62
45_67
57
60
66
57
60
46_66
55
61
64
55
61
47_64
54
59
63
54
59
63
54
59
47
54
59
47
55
58
64
55
58
64
55
58
64
55
58
47_64
54
59
63
54
59
63
54
59
47
54
59
47
55
58
64
55
58
64
55
58
64
55
58
47_64
54
59
63
54
59
63
54
59
47
54
59
47
59
59
59
40_59
52
56
68
52
56
68
52
56
40
52
56
47
57
63
66
57
63
66
57
63
66
57
63
49_66
57
63
64
56
61
64
56
61
49
56
61
45
56
61
64
56
61
63
52
59
61
52
57
47_61
52
57
59
52
56
59
52
56
52
56
59
47
54
57
63
54
57
63
54
57
63
54
57
40_63
54
57
64
52
56
64
52
56
59
52
56
40
52
56
59
52
56
59
52
56
59
52
56
40_59
52
56
68
52
56
68
52
56
40
52
56
47
57
63
66
57
63
48_66
57
63
66
57
63
49_66
57
63
64
56
61
64
56
61
49
56
61
45
57
61
64
52
61
63
52
59
61
52
57
47_61
52
57
59
52
56
59
52
56
47
52
56
47
54
57
63
54
57
63
54
57
63
54
57
40_64
52
56
68
52
56
66
52
56
64
52
56
45_66
52
63
64
52
61
63
52
59
61
52
57
47_61
52
56
59
52
56
59
52
56
47
52
56
47
54
57
63
54
57
63
54
57
63
54
57
40_64
56
59
52
56
59
52
56
59
52
56
59
40
54
57
59
54
57
64
54
57
63
54
57
40
52
56
59
52
56
66
52
56
64
52
56
40
51
57
59
51
57
68
51
57
66
51
57
40
52
56
59
52
56
66
52
56
64
52
56
40
54
57
59
54
57
64
54
57
63
54
57
40
52
56
59
52
56
66
52
56
64
52
56
40
51
57
59
51
57
68
51
57
66
51
57
40
52
56
59
52
56
64
52
56
47
52
56
40
52
56
59
52
56
64
52
56
47
52
56
40
52
56
59
52
56
40_64
52
56
59
52
56
40_64
