34_34_46_46_46_51_57_58_62_82_94
49
53
58
62
58
58
58
58
46
34
58
58
58
58
58
58
53
58
53
58
53
58
46
53
58
53
58
58
53
34
58
53
58_58
58
58
53
58
58
58
58
53
58
58
53
58
58_58
58
53
70
53
70
70
58_70
70
70
58
70
70
70
65
65_70
53_58
65
63
65
63
60
65
75
58
60
65
75
58
58_77
70
65
77
58
53
75
75
53
70
63
70
63
70
65
65_70
68
63
65
70
63
65
68
68
63
65
68
58_63
51
46
58
58_75
68
63
75
58
68
63
63
77
58
63
51
77
63
58
51
58
75
63
46
58
75
58
58
46
70
65
58
63_63
63
53
70
65
58
53
63
70
58_63_68
56
70
58_63
65
58_63
65
58_63
57
49
75
58_63
75
63
58
58_77
63
94
77
70
82
70
70
70
70
58
63
68_70
56
60_65
58
69_81
53
65
41
70_82
69_81
65
60
41
53
58
65
70
82
72_84
65
53_58
41
72_84
73_85
53
53_65
55
65
53
75_87
58
41
55
73_85
57
53
53
65
59
57
77_89
75_87
65
60
53_58
41
59
62
53
65
60
64
77_89
79_91
62
65
65
67
64
41
58
65_69
53
81_93
79_91
67
70
53
65
69
72
70_74
76
72
74_82_94
77_81_93
76
70_79
81
77
79
82
81
84
82
86
84
88
86
89
88
91
89
93
91
94
93
41
34_58
46
50
46
34
41
58
50
34_46
41_58
50
41
58
34_46
50
41
34_46_50_58
94
70
77
50
34_46
41
58
41
58
50
34
46
41
58
34
46
50
34_41_46_50
58
41
34
46_58
50
41_50
34_58
46
41
58
34
46
50
34_46
41
58
50
41
34_46
58
50
29_41_51_58
41
29_41
41_51
58
77
57
75
70
49
58
75
70
75
58
74
75
77
51_56
74
29_53
51
77
82
63
72
82
51
63
77
56
53
72
51
29
77
75
75
82
57
70
58
70
58
75
38
38
38
75
77
38
38
58_63
38
56
29_38
51
77
82
63
63
82
77
56_58
63
38
51
38
29
38
77
38
75
38
38
63
38
58
56
38
75
51
29_70
58
63
38
56
58
70
72
51
58
29
38
72
77
38
38
29_56
51_58_63
77
82
38
56
58
63
51
29_38
65
56
51_58_63
29
82
77
38
58
51_56_65
29
63
56
51
29_58_63_77
72
82
58
56
29
51
63
53_58
72
38_77
50
34_50
70
53
38
58
58
50
34
70
72
50
58
53
58
72
77
50
38_50
34
53
38
58
50
77
82
34
50
65
53_58
38_82
50_77
50
34
65
77
38
53_58
77
72
50
34
50
75
72
70
58
75
70
75
58
74
38
75
77
38
38
38
38
74
51_56_77
38
82
38
29_53
51
63
72
82
77
63
51
56
53
72
77
75
51
29
75
70
82
38
58
70
75
58
38
75_77
38
38
38
38
77
58_63
38
82
56
29_38
51
63
82
77
63
63
56_58
38
51_77
38
29
75
38
38
38
38
75
70
38
56_58_63
38
51
29
58
38
56_63
70
58
72
58
51
29
72
77
38
38
77
38
82
29_56
51_58_63
65
38
56
58
63
51
29_38
82
56_77
51_58_63_65
29
38
58
51_56
29
63
77
72
56
51
29_58_63
58
56
29
51
63
82
72
53_58
70
38
51_77
34_51
58
49
53
38_70
58
72
51
34
58
51
72
53_77
58
50
38_50
34
53
77
38
58
82
50
34
65
50
82
53_58_77
38
50
50_65
34
38_77
77
72
53_58
50
34
50
72
63_68
75
75
70
72
75
68
63
75
70
72
74
82_94
62_67
74
71
74
67_74
62
71
75
63_68
75
72
38
29
75
75
63
68
38
29
38
29
72
29_38
38
29
38
29
72
29_38_60
72
41
69
60_72
65
60_72
59_71
41
60_72
59_71
29_38_62_74
60_72
63_75
62_74
63_75
64_76
64_76
65_77
65_77
64_76
65_77
64_76
41
67_79
65_77
29_38
29_38_41
29_38_67_79
41
69_81
29
38
41
41
69_81
29_38
70_82
29_38
41
70_82
53
41
72_84
29_38
55
53
72
84
74_86
38
29
55
57
41_72
72
58
75_87
74_86
57_60
60
62
75_87
58
77_89
41
65
63
60
29_38
65
62
65
69
67
63_65
77_79_89_91
65_65_69
70
67
41
29_38
69_72
65_74
70
79_81_91_93
38
65_75
72
38
74_77
38
75
79
38
81
38_65
77
82
79
38
81_93
34_46_70
34
38_82_84_94
81
58
53
50_86
82
87
84
89
82_94
86
91
87
94
91
89
82_94
81_93
38
82_94
81_93
82_94
38
50
58
82_94
94
81_93
53
38
38
34_34_46
38
38
82_94
33_45
38
33
81_93
38_58
53
50
82_94
38
82_94
81_93
82_94
82_94
81_93
58
50
82_94
53_81_93
33_33_38_45
38
38
81_93
38
82_94
38
38
33_33_45_70
50
58
38_53
77
82_94
82_94
81_93
82_94
38
33_33_45
33_45_53
33_45_81_93
33_33
82_94
50
58
53_82_94
38_58
50_81_93
38
38
50
53_58
38
38
81_82_93_94
38
58
50_53
34_34_46
38
82_94
53
58
50
34_46
34
38
82_94
34_34_46
50
58
53
81_93
53
82_94
34_34_46_50
58
33_45
33
81_93
82_94
50
53
58
53_81_93
82_94
38
33_45_58
33
50
38
38
38
38
77
81_93
82_94
38
31_43
31
38
51
75
63
58
82_94
75
74
82_94
81_93
74
82_94
38
81_82_93_94
72
58
63
51
81_93
38_82_94
72
38
38
31_31_43
38
38
53_82_94
58_81_93
63
38
38
31_43
31
82
82_94
38
82_94
81_93
63
82_94
53
58
55
81_93
58_63_82_94
31_31_43
39_51
81_93
82_94
38
63
58
55
38
38
39_51
38
38
81_93
82_94
38
38
39_51
58
63
55
82_94
39_51
82_94
38_50
81_93
82_94
38
38_50
81_93
82_94
36_48
58
63
55
38
82_94
81_93
38
38
36_48
38
38
81_93
38_82
58
53
82_94
38_50
77
34_46
82_94
34_46
38
82_94
33_45
81_93
82_94
33_45
53
82_94
50_58
81_93
31_43
38
38_81_82_93_94
38
31_43
38
38
38
77
82_94
38_58_63_81_93
51_75
29_41
82_94
75
82_94
74
81_93
82_94
74
38
82_94
81_93
72
63
51
58
29_41_72
38
82_94
81_93
38
38
38
38
81_93
38
82_94
38_51_58_63_82
31_43
58
51_82_94
63
31_43
38
51_58_63
82_94
51
58_63
33_45
81_93
82_94
51_58_63
82_94
81_93
33_45
58
51_63
38
38
81_93
38_82_94
38
38
34_46
38
81_93
38
57_58
62_82_94
82_94
34_46
33_45
82_94
33_45
81_93
82_94
38
31_43
82_94
81_93
58
38
62_81_93
31_43
82_94
38
57
38
38
38
81_93
82
38
29_41_82_94
62
38_58_77
53
82_94
62
58
53
29_41
38
53
62
58
82_94
53
58_62
81_93
82_94
34_46
53
62
58
81_93
82_94
53
62
34_46
38_58
81_93
82_94
38
38
38
38
81_93
53
38
41_60_63_68_77
41
56
75
38
80_92
38
80_92
68
60_63
56
75
55
79_91
74
59_62_67
79_91
55
74
67
59_62
80_92
56
60_63_75
68
53
80_92
41_41_75
56
60_63
68
77_89
29_29
41
41
38
60_72
57_65
41
41
29_29
38
29
29
41_41
38
29_29
41
41
38
29_29
41
41
38
29_29
41_41
38
29_29
41
41
38
38
38
38
38
38
38
38
77_89
29_29
41
41
72
60
57_65
77
65
53
29_29_53_57_60
53
29_60
29
53
57
53_57_60
53
60
57
77
65
53_57_60
77
53
65
60
53
57
55_55_77_79
53_58
53_63_67_75
53
65
53
55
55_75
58
70
58
63
70
63
65
65
65
70
70
65
53
63
55
58
29
53
67
53_58
53
55_63
55
55
67
58
55
72
58
79_79
55
67_67
63
63
72
65
55
77
65
70
70
77
63
87
75
53_79
53_67
79
55
55
79
58
58
75
74
62
75
86
63_87
63
63
75
62
65
70
65
53
63
55
70
29
58
70_74
86
72
70
84
29_60
53_53_55
58
63_69
53
55
69
55
58
70
58
70
58
82
84
60
72
63
70
63
65
77
65
70
58
53
63
70
58
55
77
70
82
58_70
82
53
58
55_63
53
82
53
55
55
82
60
72_84
58
58
70
58_77
82
63
62
63
84
77
86
60
74
72
65
72
65
70
70
29
72
86
60
62
84
53
29_72
74
77
53
55
55
77
58
82
58
53
55
63
58
63
63
53_55_82
58_63
65
72
58
60_67_84_87
63
65
55_79
55
53
70
70
87
67
79
69
55
81
57
53
84
57_65
60
84
77
77
72
29
72
69
81
29
53_65_77
57
77
77
84
53
57
65
60
60_60_84
53
65_77
57
53
65
89
65
53
65
77
53
57
89
67
65
29
55
79
77_87
63
53_58
53_55
53
53
55
87
55
58
53
55_63
58
82
58
63
82
63
65
77
65
70
70
77
29
53
72
63
53_55_58
53
55
55
72
58
55
77
58_67
79
55
63
67
79
63
77
65
63
65_82
75
87
67
55
79
70
70
63
82
75
75
87
53
63
87
53
87
55
55
87
58
58
82
63
87
86
62
74
63
75
63
82
65
77
65
70
53
55
70
58_62
63
29
77_84
86
60
72
74
29
53
63
58
53_55
75
53
55
55
75
58
77
58
84
58_60_82
72
70
63
77
63
65
89
77
65
82_82
65
70
58
70
89
77
70
58
65
53_55
63
82
89
65
77
53
29
37
53_56_89
61
53
56
56
89
60
60
84
61
61
84
65
77
65
84
72
77
89
65
60
68
68
77
84
72
60
61_84
37
53
60
29
57_72
56
60
72
53
60
60
72
65
77
65
77
77_77
72
84
72
65
53_65
84
60
55
58_63
57_89
89
82
82
75
75
41
29_60_84
57
63
55
58
84
77
77
72
84
77
60
53_72
53_65
53_53
72
39
79
41
55
55_77
55_55
67
55
63
65
60
57
57
57
79
79
55
67_67
58
57
58
57
63
87
75
79
55
36
39
59
67
58
58
59
74
63
62
75
62
86
87
63
74
86
72
84
60
62
62
60
60
59
59
60_60
36
60_70
58_58
62
82
62_84
72
58
62
70
58
55_82
58_70
63
58
82
63
62
60
72_84
58
70
82
63
62
84
86
60
74
72
53
65
86
60
62
84
53
72
74
65
72
60_67_84
55_79
67
79
57
60
53
69
58
55
81
57
38
38
38
38
38
57
63
38
53
69
81
57
41
38_53_53_77_89
60
38
38
38
38
38
38
38
41
53
89
53
77
38
41_77_89
53
53
38
53
41
53
77_89
58
70
36_38
48
82
78_94
66_90
70
38
78
36
48
82
66_90
94
77
38
80
50
65_89
68_92
77
38
80
50
65_89
68_92
78
39_75
51
66_90
63_87
75
39
51
78
66_90
63_87
77
61_65_73_85_89
41
53
77
61_85
65_89
41_73
53
42
54
72
63_87
60_84
75
72
63_87
60_84
75
42
54
58_82
73
70
61_85
44
56
58_58_82
44
70
56
61_85
56_73_80
72
60_68_84
46
58
68
56_80
60_84
72
46
58
54_78
70
60_66
48
58_82
54_58_70_78_82
60_66
48
41_53_53_65_77_77
77_77
65_89
38
38
38_41_53
38
38
38
38_41
29
38
38
38
38
38
38
38
41
29
38_41
29
38
38
38
38
38_65
38
38
65_89
53
41
29
72
68
38_75
38
75
72
68
67
71
38_74
74
38
71
67
38
75_79
70
38
79
70_75
38
41_77_89
41
29_72
81
77
38
38
77_89
53
38
77_89
38
55
41
41
38
29_77_89
38
81_93
38
81_93
29
41
41
53
81_93
57
81_93
59
55
72_84
41
29
41
72_84
60
57
72_84
62
59
29
41
41
72_84
64
60
71_83
65
62
67
71_83
41
64
41
29
69
71_83
65
71
67
71_83
72
77_89
69
29
41
41
77_89
89
71
91
77_89
72
91
77_89
88
81_93
41
81_93
89
86
41
29
81_93
88
84
81_93
83
86
72_84
81
72_84
84
72_84
83
79
60_81
77
72_84
76_79
71_83
77
74
71_83
60
76
72
71_83
71_74
69
72
67
71
71_83
65
69_77_89
60
64
67
77_89
62
65
60_64
77_89
53
62
60
55
77_89
60
53_57
81_93
81_93
55_59
65
81_93
60
57
59_81_93
62
65
72_84
60
64
72_84
62
65_72_84
72
64_67
72_84
65_69
71_83
71_83
67_71
72
71_83
69
72
71
74
71_83
77_89
70
72
76
77_89
74_77
77_89
79
76
70
77_89
79
81_93
76
81_93
77
74
69
81_93
76
72
81_93
74
69_71
72_84
69_72
72_84
71
67
72_84
69
70
65
72_84
64
67
71_83
62
65
71_83
70
64
60
59_71_83
62
60
57
71_83
59
55
77_89
72
57
77_89
53
77_89
55
77_89
55
81_93
57
81_93
53
81_93
55_59
57
81_93
60
72_84
62
59
72_84
60_64
72_84
65
62
72_84
67
64
71_83
69
65
71_83
71
67
71_72_83
72
69
71_83
74
71
65
77_89
76
72
77_89
74_77
77_89
76_79
77_89
77
79
81
81_93
79
81_93
81_93
81
65
77
81_93
79
76
72_84
77
74
72_84
76
72
72_84
71_74
41_53_53
72_84
72
69
71_83
71
67
71_83
53_53_65
69
41
64
71_83
67
62
65
60
64
71_83
59
41_53_53_77_89
62
57_60
77_89
59
55
77_89
41_53_53
57
74_77_89
77
81
72
53_72
55_72
52
81_93
76
52
81_93
55
74
77
41_53_53
81_93
57
53
76
79
59
55_81_93
53_53
72_84
41
60_77
57_81
72_84
59_62
79
83
72_84
60
81
41_53_53
84
72_84
62
64
64
83
71_83
86
71_83_84
41
53_53_88
71_83
86
89
71_83
41_53_55_58_77_89
88
77_89
41
53_55_58
41_51_53_53
53
51_53
41
89
41_51_53_53
51_53
53
41
41_51_53_53
51_53
53
41
51_53
41_53
41
53
51
53
41_53
63_63
58
53
41
58
63_63
41_53
58_63_63
53
41_58_63_63
41_53
63_63
58
53
58
63_63
41
41_53
58
63_63
41
63
53
58
63
41_51_53_58
58
51_53
58
41
58
41_51_53_58
58
51_53
58
58
41
58
41_51_53_58
51_53
58
58
41
41
51_53
58_58
41_53
58
51
58
34_46
68_68
56_63_63
46
34
56_63_63
68_68
68_68
56_63_63
34_46
56_63_63
46_68_68
34
68_68
56_63_63
34_46
56_63_63
68_68
46
34
34
68_68
56_63_63
46
63
34
68
68
63
56
46
34
46_56_58_58_63
34_46_56
58_63
58
34
58_63
56
46_58
34_56
58_63
46
58
34_56_58_63
46_58
34_56
58_63
46
58
58_63
34_56
46_58
58
34
63
58
56
46
72
56_68
34_46_68_72
72
56_68
34_46_68
72
56_68
72
34_46_68_72
56_68
72
46_68_72
34
72
56_68
34_46_68_72
56_68
72
34
68_72
46
48_68_72_72
56
34
68_72
46_48_70_72
56
46_70
44_68
44_68
50_74
48_72
50_74
46_70
48_72
46_70
51_75
50_51_74_75
50_74
48_72
48_72
53_77
50_74
53_77
50_74
46_70
46_70
55_79
55_79
53_77
51_75
53_77
51_75
56_80
55_56_79_80
53_77
55_79
53_77
58_82
56_80
58_82
55_79
56_80
55_79
60_84
60_84
56_80
56_80
51_75
51_75
58_82
56_80
58_82
55_79
56_80
55_79
60_84
58_82
60_84
56_80
58_82
56_80
62_86
60_84
62_86
58_82
60_84
63_87
58_82
63_87
62_86
60_84
62_86
53_53_60_76_88
25_34
84
53_53
76_88
56_68
44_56_72_79
56_79
44
53_61_72_72_76
72
53
76
61
44_56_72_76
76
44_56_72
53_61_72_79
53_61
72_79
44_56_64_88
64
56
44_88
37_53_64_88
37
53_64_88
44_56_72_79
56
44_72_79
53_61_72_76
72
53_61_76
44_56_72_76
44_72
56_76
53_61_72_79
53_72_79
61
44_56_64_88
64
88
44_56
37_53_64_88
37_53_64_88
44_56_72_79
56_79
44
53_61_72_72_76
72
53
76
61
44_56_72_76
76
44_56_72
53_61_72_79
53_61
72_79
44_56_64_88
64
56
44_88
37_53_64_88
37
53_64_88
44_56_72_79
68
25
56
44_56_72_79
53_61_72_76
72
53_61_76
25
44_56_72_76
68
44_72
56_76
53_61_72_79
53_72_79
61
44_56_64_88
64
88
44_56
33_45_57_64_68_88
25_72
76
45_57_64_88
49_61_72_79
61_79
49
57_64_72_72_76
72
57
76
64
57_61_72_76
76
57_61_72
60_64_72_79
60_64
72_79
52_61_64_88
33
64
61
52_88
33_45_57_64_88
45
57_64_88
49_61_72_79
61
49_72_79
57_64_72_76
72
57_64_76
57_61_72_76
57_72
61_76
60_64_72_79
60_72_79
64
52_61_64_88
64
88
52_61
88
45_57_64_88
45_57_64_88
79
88
49_61_72_79
61_79
49
76
57_64_72_72_76
72
79
57
76
64
67
57_61_72_76
76
76
57_61_72
60_64_72_79
76
67
60_64
72_79
52_61_64_88
79
76
64
61
52_88
79
45_57_64_88
88
45
57_64_88
49_61_72_79_79
88
61
49_72_79
72
57_64_72_76_76
76
79
72
57_64_76
33_67
33_57_61_72_76
60_64
76
57_72
61_76
76
60_64_72_79
67
60_72_79
64
79
76
52_61_64_88
64
88
52_61
79
60_64
88
28_40_52_64_67_88
33
40_52_64_88
79
48_56_72_79
88
72_79
48_56
76
56_60_72_76
79
56_60
72_76
67
48_56_72_76
76
48_56_72_76
76
56_60_72_79
67
56_60_72_79
79
48_56_64_88
76
64
48_56_88
79
88
40_52_64_88
52_88
40_64
79
88
48_56_72_79
56
48_72_79
76
56_60_72_76
79
56_60_72_76
67
48_56_72_76
76
48_72_76
56
76
56_60_72_79
67
72
60_79
79
48_56_64_88
56_56
76
64
48_88
88
79
40_52
91
64
40_52
91
64
48_56
88
72
88
48
56
88
72
56_60
76
91
56
60
76
91
48_56_76_88
48_88
56_76
56_60_72_91
60
72_91
48_56_64_88
56_56
64
48_88
40_52_64_91
64
40_52
91
48_56_64_88
64
48_56_88
56_60_72_91
56_72_91
60
48_56_76_88
76_88
48_56
56_60_76_91
76
60_91
56_72_88
56_56
72
88
67
28_64_91
52
76
40
76
64
52
40
88
91
72
76
88
91
68
72
88
91
67
68
91
64_88
67
88
60
64_91
64
80
91
88
60
68
76
67
88
64_91
68
67
88
91
72
68
88
91
60
68
76
72
88
91
76
88
77
91
77
76
91
88
60
76
72
88
76_91
68
88
91
72
68
67
88
91
64
91
88
67
60
64
88
91
84
80
64
60
91
88
68
76
67
88
64
91
68
67
91
88
88
60_91
72
68
68
91
88
76
72
77
88
76
91
77
76
91
60
76_88
82
84
72
88
91
76
68
91
88
72
68
67
91
88
64
91
88
67
60
64
88
91
60
64_68
76_91
88
67
64
88
91
67
91
68
88
60
68
72_88_91
68
72
76_88_91
76_88
77_91
77
76
91
88
76
60
91
88
72
76
91
88
68
72
88
91
68
67
82
91
88
64
67
88
91
60
64
91
88
76
64
60
80
68
88
91
67
79
64
80
88
91
79
77
67
68
88
91
79
77
72
68
60
68
80
91
88
76_79
72
80
84
91
76
77_88
77
84
88
88
76
91
76
60
91
88
72
76
91
88
68
72
88
88
91
68
67
91
88
64
67
88
91
60
64_79
84
79
91
88
76
64
60
82
68
84
88
91
67
64
88
91
67
68
88
91
72
68
60
68
91
88
76
72
91
76
77_88
77
88
76_91
76
60
91
72
88
76
88_91
68
72
82
91
68_88
67
91
64_88
67
60
64
88
91
76
91
88
64
60
68
67
88
91
64
91
67
68_88
88
91
72
68
60
68
91
76
72
88
77
88_91
76
77
64_91
76
88
76
60
64
88
91
72
76
88
91
68
72
88
91
67
68
91
64_88
67
88
60
64_91
64
91
88
60
68
76
67
88
64_91
68
67
88
91
72
68
88
91
60
68
76
72
88
91
76
88
77
91
77
76
60_60_76_76_76_88_91
60
91
72
88
76
88_91
68
72
91
68_88
67
91
64_88
67
60
64
88
91
76
91
88
64
60
68
67
88
91
64
91
67
68_88
88
91
72
68
60
68
91
75
72
88
76
88_91
75
76
91
79
88
60
91
79
