41_69_72_84
81
82
84
81
77
72
72
69
41_72
77
72
41_69
77
72
43_70
76
43
72
72_76
43
77
72
74
41
79
72
40_76
81
72
77
38
82
72
79
36
64_70
48_55
67
69
70
71
72
70
64
48_55
69
65
57
53
72
45_53
60_65
67
48_55
64
67
64
48_55
69
65
53_57
82
70
48
67_79
81
69
70_82
83
71
50
84
72
60
51
52
53
55
82
70
57
58
81
69
60
60
84
77
69
60
48
81
70
48_60
79
77
65
69
53
65
69
69
65
65
69
69
65
65
69
69
81
65
65
69
53
69
65
53
65
69
53
69
65
53
65
69
53
65
77
69
65_77
50_65
65
70
70
65
65
70
70
65
65
70
70
82
65
65
70
50
70
65
50
65
70
50
70
65
50
65
70
50
65
77
70
77
65_65
46
65
67
67
65
65
67
67
65
65
67
67
86
65
65
67
46
67
65
46
65
67
46
67
65
46
65
67
46
65
77
67
76
67
67
48
67
72
72
64
64
67
67
84
72
67
48
72
67
67
72
67
48
64
64
67
67
82
67
48
60
60
64
64
79
48_67
67
67
64
64
77
53_65
65
65
69
69
65
65
69
69
65
65
69
69
81
65
65
69
53
69
65
53
65
69
53
69
65
53
65
69
53
65
77
69
77
65
50_65
65
70
70
65
65
70
70
65
65
70
70
82
65
65
70
50
70
65
50
65
70
50
70
65
50
65
70
50
65
74
70
74
62
41_65
62
70
70
62
62
70
70
62
62
70
70
82
62
62
70
41
70
62
41
62
70
41
70
62
41
62
70
41
74
65_70
74
41_62_65
62
70
70
62
62
70
70
62
62
70
70
82
62
62
70
41
70
62
41
62
70
41
70
62
41
62
70
41
74
65_70
74
62
41_65
62
70
70
62
62
70
70
65
82
62
41
62
70
65
74
70
41
74
62
65
41
62
70
70
62
62
70
70
65
82
62
41
62
70
65
74
70
41
74
41_62_65
82
62
65
41
74
62
65
41
82
62
65
41
74
62
65
41
57_61
52_55
69
61
52_55
61
57
55
52
69
61
52_55
61
52_55_57
67
57
67_69
61_64
69
66
62
62
71
73
62
74
57
69
69
55
61
57
73
74
52
76
49
69
69
54
62
50
74
76
50
78
79
45
78
45
45_61
76
81
48
54
60
45
47
50
47
79
74
50
76
55
62
59
77
48
55
60
76
72
60
74
60
54_57
75
59
50
55
74
71
72
74
71
67
71
74
77
76
79
74
79
64
60
72
81
83
55_60
84
72
55
52
79
79
59_67
53
83
71
50_62_84
86
74
47_65
79
79
67
60
52
84
72
86
48_64
88
76
89
43_60
88
74
43_59
86
71
91
62
59
74
55
55
72
57
57
90
69
50_62_86
88
74
59_59
89
71
55
55
88
67
52_84
60
86
72
48_57
87
42_60
60
60
45
60
60
48
60
60
51
60
60
54
60
60
57
60
69
60
60
60
72
60
60
75
60
60
78
60
60
81
60
60
84
60
60
87
60
60
60
60
60
60
60
60
84
60
60
60
60
81
48
87
60
60
60
60
60
60
60
60
84
45
60
60
60
60
87
42
60
60
60
45
60
60
48
60
60
51
60
60
54
60
60
57
60
69
60
60
60
72
60
60
75
60
60
78
60
60
81
60
60
84
60
60
87
60
60
60
60
60
60
60
60
84
60
60
60
60
81
60
60_87
60
60
60
60
60
60
60
84
57
60
60
60
60
77
89
56
62
62
62
62
62
62
62
62
74
62
62
62
62
71
62
89
62
62
62
62
62
62
62
62
86
59
62
62
62
62
79
88
55
67
67
67
67
67
67
67
67
76
58
64
64
64
64
80
89
53
68
68
68
68
68
68
68
68
77
56
65
65
65
65
81
90
51
69
69
69
69
69
69
69
69
78
60
66
66
66
66
83
91
50
71
71
71
71
71
71
71
71
79
91
59
67
67
67
67
83
86
50
71
71
71
71
71
71
71
71
79
86
53
67
67
67
67
84
88
52
72
72
72
72
72
72
72
72
81
57_81
69
69
69
69
77
77
53
65
65
65
65
65
65
65
65
74
74
50
62
62
62
62
79
79
55
67
67
67
67
67
67
67
67
67
79
43
55
55
55
55
76
84
48
67
76
84
67
48
74
83
68
41
77
86
41_68
77
86
41_68
76
84
48_67
81
89
41_69
81
89
41_71
79
88
48_72
81
69_89
41
81
89
41_71
79
48_72_88
91
90
91
55_64
89
62
77
72
59
74
76
60_88
72
86
74
69
62
71
72
84
64
67
83
65
60_71
62
72
84
64
60
86
62
74
57
59
76
88
60
55
55
89
53
81
69
76
64
77
65
79
50_67
89
69_81
88
55
69_81
78
66
79
67
81
86
43_69
79
67
48
76
84
67
76
48_67_84
74
83
41_68
77
86
41_68
77
68_86
41
76
84
48_67
81
89
41_69
81_89
41_71
79
88
72
48
81_89
41_69
81
71_89
41
79
48_72_88
67
66
55
76
67
65_74
86
81
74
83
84
72
64
79
62
77
72
65
74
64_76
60_91
72
89
59
74
69_74
71
76
60_72_88
67
86
62
65
77
60
62
79
84
64_64
60
65
84
81
69
76
64
77
65
79
89
62_67
81
69
88
67
81
69
78
66
79
67
81_86
55_69
71_83
84
84
60_72
59
76
60_72
59
57
77
55
74
86
74
71
55
84
77
89
74
88
86
79
84
76
48
76
84
72
67
47
67
67
88
88
48
67
67
47
67
67
45
67
67
84
84
43
67
67
83
83
59
43
83
59
89
71
50
89
71
86
71
55
86
71
83
83
71
55
71_83
79
88
57_72
72_79
77
59_74_86
77
74
76
88
76
60
76
60
88
48
48
88
48
84
52
52
52_84
91
55_79
55
55_79
76_88
60_60
60_76
72
64_64_84
72
64
71
43_55_83
71
55
77
55
50
77
55
74
55
55
74
55
83
71
55
55
71
55
67
84
57_57
67
57
65
86
59
59
65
59
64
88
60
60
64
60
55
67
67
55
67
60
64_64
60
64
64
72
60
64
72
67
67
55
67
67
60
76
64
60
76
64
72
60
64
72
67
67
55
67
67
72
64
52
72
64
64
72
60
64
72
67
67
55
67
67
72
64
52
72
64
76
60
48
76
60
67
67
55
67
67
72
64
52
72
64
76
60
48
76
60
79
43_55
79
55
72
64
64
72
64
76
60
60
76
60
79
55
55
79
55
84
52
52
84
52
60_72
60
60_72
76
55_55
76
55
79
52_52
52_79
84
48_48_84
84
72
60
72
48
60
84
60
72
72
84
48
60
84
72
60
72
48
60
84
60
72
72
84
48
60
84
72
60
72
48
60
84
60
72
72
84
48
60
84
70
48_72
72
36_60
70
84
48_72
70
84
72
41
69
81
82
84
81
77
72
72
69
72
41
77
72
69
41
77
72
70
43
76
43
72
76
72
43
77
72
74
41
79
72
40_76
81
72
77
38
82
72
79
36
70
55_64
48
67
69
70
71
72
70
64
48_55
69
57_65
53
72
45_53
60_65
67
48_55
64
67
64
55
48
69
65
53_57
48_70_82
79
67
81
69
70_82
83
71
50
72_84
60
51
52
53
55
82
70
57
58
69_81
60_60
84
77
48_60_69
81
70
48_60
79
77
65_69
53
65
69
69
65
65
69
69
65
65
69
69
81
65
65
69
53
69
65
53
65
69
53
69
65
53
65
69
53
65
77
69
77
65
65
50
65
70
70
65
65
70
70
65
65
70
70
82
65
65
70
50
70
65
50
65
70
50
70
65
50
65
70
50
65
77
70
65_77
46_65
65
67
67
65
65
67
67
65
65
67
67
86
65
65
67
46
67
65
46
65
67
46
67
65
46
65
67
46
65
77
67
76
67
67
48
67
72
72
64
64
67
67
84
72
67
48
72
67
67
72
48_67
64
64
67
67
82
48_67
60
60
64
64
79
48_67
67
67
64
64
77
53_65
65
65
69
69
65
65
69
69
65
65
69
69
81
65
65
53_69
69
53_65
65
69
53
69
65
53
65
69
53
65
77
69
77
65
65
50
65
70
70
65
65
70
70
65
65
70
70
82
65
65
70
50
70
65
50
65
70
50
70
65
50
65
70
50
65
74
70
74
62
41_65
62
70
70
62
62
70
70
62
62
70
70
82
62
62
41_70
70
41_62
62
41_70
70
41_62
62
70
41
70_74
65
62_74
41_65
62
70
70
62
62
70
70
62
62
70
70
82
62
62
70
41
70
62
41
62
70
41
70
62
41
62
70
41
74
70
65
74
62
41_65
62
70
70
62
62
70
70
65
82
62
41
62
70
65
74
70
41
74
62
41_65
62
70
70
62
62
70
70
65
82
62
41
62
70
65
74
70
41
62_74
41_65
82
62
65
41
74
62
65
41
82
62
65
41
74
62
41_65
61
57
55
52
69
61
52_55
61
55_57
52
69
52_55_61
61
55_57
52
67
57
67_69
61_64
69
66
62
62
71
73
62
74
57
69
69
55
57_61
73
74
52
76
49
69
69
54
62
50
74
76
50
78
79
45
78
45
61
45
76
81
48
54
60
45
47
50
47
79
74
50
76
55
59_62
77
48
55
60
76
72
60
74
60
57
54
75
50_55_59
74
71
72
74
71
67
71
74
77
76
79
74
79
60_64
72
81
83
55_60
84
72
52_55
79
79
67
59
53
83
71
84
50_62
86
74
47_65
79
79
67
52_60
84
72
86
48_64
88
76
89
60
43
88
74
59
43
86
71
91
62
59
74
55
55
72
57
57
90
69
86
50_62
88
74
59_59
89
71
55
55
88
67
84
52
60
86
72
48
57
87
60
42
60
60
45
60
60
48
60
60
51
60
60
54
60
60
57
60
69
60
60
60
72
60
60
75
60
60
78
60
60
81
60
60
84
60
60
87
60
60
60
60
60
60
60
60
84
60
60
60
60
81
48
87
60
60
60
60
60
60
60
60
84
45
60
60
60
60
87
42
60
60
60
45
60
60
48
60
51_60
60
60
54
60
60
57
60
69
60
60
60
72
60
60
75
60
60
78
60
60
81
60
60
84
60
60
87
60
60
60
60
60
60
60
60
84
60
60
60
60
81
60
87
60
60
60
60
60
60
60
60
84
57
60
60
60
60
77
89
56
62
62
62
62
62
62
62
62
74
62
62
62
62
71
62
89
62
62
62
62
62
62
62
62
86
59
62
62
62
62
79
55_88
67
67
67
67
67
67
67
67
76
58
64
64
64
64
80
89
53
68
68
68
68
68
68
68
68
77
56
65
65
65
65
81
90
51
69
69
69
69
69
69
69
69
78
60
66
66
66
66
83
91
50
71
71
71
71
71
71
71
71
79
91
59
67
67
67
67
83
86
50
71
71
71
71
71
71
71
71
79_86
53
67
67
67
67
84_88
52
72
72
72
72
72
72
72
72
81
81
57
69
69
69
69
77
77
53
65
65
65
65
65
65
65
65
74
74
50
62
62
62
62
79
79
55
67
67
67
67
67
67
67
67
67
79
43
55
55
55
55
76
84
48
67
76
67_84
48
74
83
41_68
77
68_86
41
77
86
41_68
76_84
48_67
81
89
41_69
81
89
41_71
79
88
48_72
81
89
41_69
81
89
41_71
79
88
48_72
91
90
91
55_64
89
62
77
72
59
74
76
88
60
72
86
74
69
62
71
72
84
64
67
83
65
71
60
62
72
64_84
60
86
62
74
57
59
76
60_88
55
55
89
53
81
69
76
64
77
65
79
67
50
89
81
69
88
55
81
69
78
66
79
67
81
86
43_69
79
67
48
76
84
67
76
84
48_67
74
83
41_68
77_86
41_68
77
86
41_68
76
84
48_67
81
89
69
41
81
89
71
41
79
88
48_72
81
41_69_89
81
41_71_89
79
88
72
48
67
66
55
76
67
74
65
86
81
74
83
72_84
64
79
62
77
72
65
74
64_76
60_91
72
89
59
74
74
69
71
76
88
72
60
67
86
62
65
77
60
62
79
84
64_64
60
65
84
81
69
76
64
77
65
79
67_89
62
81
69
88
67
81
69
78
66
67_79
81
55_69_86
71_83
84
84
72
60
59
76
72
60
59
57
77
55
74
86
74
71
55
84
77
89
74
88
86
79
84
76
48
76
84
72
67
47
67
67
88
88
48
67
67
47
67
67
45
67
67
84
84
43
67
67
83
83
43_59
83
59
89
71
50
89
71
86
71
55
86
71
83
83
71
55
83
71
79
88
57_72
79
72
77
86
59_74
77
74
76
88
60_76
76
60
88
48
48
88
48
84
52
52
84
52
91
79
55
55
79
55
76
88
60_60
76
60
72
84
64
64
72
64
71
83
55
43
71
55
77
55
50
77
55
74
55
55
74
55
83
71
55
55
71
55
67
57_84
57
67
57
65
86
59_59
65
59
64
88
60_60
64
60
55
67
67
55
67
60
64
64
60
64
64
72
60
64
72
67
55_67
67
67
60
76
64
60
76
64
72
60
64
72
67
67
55
67
67
72
64
52
72
64
64
72
60
64
72
67
67
55
67
67
72
64
52
72
64
76
60
48
76
60
67
67
55
67
67
72
64
52
72
64
76
60
48
76
60
79
55
43
79
55
72
64
64
64_72
60_76
60
76
60
55_79
55
55_79
52_84
52
84
52
72
60
60
72
60
76
55_55
76
55
79
52
52
79
52
84
48_84
48
84
60_72
72
48
60
84
60
72
72
84
48
60
84
72
60
72
48
60
84
60
72
72
84
48
60
84
60_72
72
48
60
84
60
72
72
84
48
60
84_84
60_72
72
84
48_60
84
84
60_72
84_84
48_60
60
48
60
48
60
48
60
64
60
48
60
48
60
48
60
48
60
48_65
55
62
60_64
48
65
60
62
74
48_59
71
72
60
48
74
71
60
67
48
77
74
60
76
48
77
60
74
86
48
71
83
84
60
48
86
83
60
60_64
60_88
64
60
55
67
67
55
67
60
64
64
60
64
64
72
60
64_72
67_67
55
67_67
60_76
64
60
76
64_72
60
64
72
67
55_67
67
67
72
64
52
72
64
64
72
60
64
72
67
67
55
67
67
64_72
52
72
64
76
60
48
76
60
67
67
55
67
67
72
64
52
64_72
60_76
48
76
60
79
55
43
79
55
72
64
64
72
64
76
60
60
76
60
79
55
55
79
55
84
52
52
84
52
72
60_60
72
60
76
55
55
76
55
79
52
52
79
52
84
48_84
48
60
48
60
48
60
48
60
63
48
60
48
60
48
60
48
60
48_63
66
60
60
62
48
63
60
60
48_72
57
69
70
60
72
48
69
60
63
75
48
72
60
74
48
75
60_72
84
65
48
69
81
82
60
48
84
81
60
86
58_58
65
65
58
58
65
65
58
65
62
62
62
62
62
65
70
58
65
70
70
65
53
70
65
62
74
62
62
74
65
70
58
65
70
70
65
53
70
65
74
62
50
74
62
65
70
58
65
70
70
65
53
70
65
74
62
50
74
62
77
58
46
77
58
70
65
53
70
65
74
62
50
74
62
77
58
46
77
58
82
53
41
82
53
70
74
62
70
74
74
70
58
74
70
77
65
53
65_77
82
50_62
82
62
70
70
58
70
70
74
65
53
74
65
77
62
50
77
62
82
82
58
46
58
46
58
46
58
46
58
64
46
58
46
58
46
58
46
58
45
67
64
57
65
45
67
57
64
76
45_61
73
74
57
45
76
73
57
67
45_79
76
57
77
45
79
57
76
89
45
77
65
86
88
57
62
45
89
57_86
93
69
57
64
64
69
57
76
64
57
76
61
73
61
61
73
64
69
57
64
69
69
64
52
69
64
61
73
61
61
73
64
69
57
64
69
69
64
52
69
64
73
61
49
73
61
64
69
57
64
69
69
64
52
69
64
73
61
49
73
61
76
57
45
76
57
69
64
61
69
64
73
61
57
73
61
76
69
52
76
69
81
64
49
81
64
69
73
57
69
73
73
69
52
73
69
76
64
49
76
64
81
61
45
81
61
69
69
57
69
69
73
64
52
73
64
76
61
49
76
61
93
81
45_57
57
45
57
93
81
45_57
81_93
69
69_93
57
93
69_81
93
69
45_57
57
45
57
93
81
45_57
93
81
69
93
69
57_57
93
81
69
93
69
57
81
81
81
53
81
81
55
81
81
81
57
81
53
81
81
50
81
81
77
77
89
81
74
74
69
69
65
65
62
62
62
58
82
82
82
55
82
82
57
82
82
82
58
82
55
82
82
50
82
82
79
79
91
82
74
74
70
70
67
67
62
62
64
61
64
76
76
88
76
55
82
82
57
81
81
79
58
79
55
82
82
57
89
73
77
73
81
81
85
73
52
79
79
53
77
77
76
55
76
52
79
79
53
86
69
74
69
77
77
88
49_76
76
76
50
74
74
73
52
73
49
76
76
50
89
65
77
65
74
74
90
78
45
72
72
46
70
70
74
48
45
43_79
91
62
62
62
62
70
62
62
62
72
62
62
62
74
62
62
62
70
62
62
62
86
67
59
62
59
62
59
62
83
55_67
67
84
50_71
71
86
74
47
74
83
79
43
79
63_75
43
63
63
63
63
72
63
63
63
74
63
63
63
75
63
63
63
72
63
63
63
87
67
60
63
60
63
60
63
84
67
55
67
86
72
51
72
87
75
48
75
84
79
43
79
77
59
43
59
62
59
62
74
59_65
59
75
63
60
60
77
62
62
62
74
59
65
59
75
60
55
60
67
63
67
83
71
62
62
62
72_84
60
63
63
86
74
59_65
65
71_83
62
62
62
72_84
67
52
67
64
60
64
67
64
58
64
68
56
65
65
70
67
55
67
67
64
58
64
68
65
48
65
60
56
60
64
55
55
55
53
65
56
56
84
67
58
52
64
55
60
65
41
72
60
72
60
72
60
80
72
60
72
60
82
60_72
72
60
84
72
60
72
60
80
72
60
72
60
77
72
56
48
72
56
80
60
80
60
44
77
65
77
65
72
68
46
72
68
68
72
48
68
72
44
65
65
65
65
41
85
65
61
73
58
73
58
73
58
82
73
58
73
58
84
73
58
58_73
85
73
58
58_73
82
73
58
73
58
77
73
49_58
73
58
82
61
82
61
46
77
65
77
65
48
73
70
73
70
70
73
49
70
73
65
65
46
65
65
85
41_58_70
70
58
73
58
53
73
58
82
73
55
53
73
55
84
72
53_56
72
56
85
70
58
53
70
58
82
73
55
53
73
55
84
67
55
52
67
55
70
51
48
70
51
79
70
51
48
70
51
80
68
53
48
68
53
82
67
48_55
67
55
79
70
48_51
70
51
80
53_60
53
60
56
68
56
48
68
56
75
66
56
48
66
56
77
56_65
48
65
56
78
56_63
48
63
56
75
66
56
48
66
56
77
56
56
49
56
56
65
49
44
65
49
72
63
51
44
63
51
73
61
53
44
61
53
75
60
44_54
60
54
72
63
51
44
63
51
73
68
56
49
68
56
51
66
54
54_66
77
65
53_53
53_65
78
65
53
49
53_65
80
65
44_53
65
53
77
65
53
53_65
80
77
49_65
77
51
75
75
77
89
73
53
73
78
73
49
73
80
73
44
73
77
73
73
80
77
49
77
51
75
75
77
89
53_73
73
78
73
49
73
73_80
44
73
77
73
73
80
77
49
77
51
75
75
77
89
73
53
73
78
73
49
73
80
73
44
73
77
73
73
85
77
89
46
77
48
75
75
82
89
73
49
73
84
46_73
73
85
73
41
73
82
73
73
85
77
46
77
48
75
75
82
89
73
49
73
84
73
46
73
85
73
41
73
82
73
73
85
46_77
77
48
75
75
82
89
73
49
73
84
73
46
73
85
73
41
73
82
73
73
85
46_77
77
48
75
75
82
89
49_73
73
84
73
46
73
85
41_73
73
82
73
73
86
77
89
41
77
43
76
76
83
89
74
44
74
84
74
41
74
86
74
36
74
83
74
74
86
77
41
77
43
76
76
83
89
74
44
74
84
74
41
74
86
36_74
74
83
74
74
86
77
41
77
43
76
76
83
89
74
44
74
84
41_74
74
86
36_74
74
83
74
74
86
77
41
77
43
76
76
83
89
74
44
74
84
74
41
74
86
74
36
74
83
74
74
86
77
86
41
86
77
43
83
77
83
77
86
84
77
44
84
77
86
77
41
86
77
83
77
36
83
77
84
77
44
84
77
86
77
41
86
77
77_83
43
77_83
77_84
44
84
77
86
41_77
86
77
77_83
36
77_83
84
77
41
77_84
77_86
41_86
77_86
43
83
77
83
77
86
77_84
44
84
77
86
77
41
86
77
83
77
36
83
77
84
77
44
84
77
86
77
41
86
77
83
77
43
83
77
84
77
44
84
77
77_86
41
86
77
77_83
36
83
77
84
41_77
84
77
77_86
36_89
86
77
86
77
86
77
89
77
68
77
68
48
86
77
86
77
36
48
87
78
90
36
87
78
87
78
87
78
90
78
69
78
69
48
87
78
87
78
36
48
88
79
36_91
88
79
88
79
88
79
91
79
70
79
70
48
88
79
88
79
36
48
91
82
36_88
91
82
91
82
82_91
88
82
79
82
79
48
91
82
91
82
36
48
91
36_82_88
91
82
38
91
82
82_91
88
40
82
79
82
79
41
91
82
91
82
43
91
82
91
82
45
91
82
91
82
46
91
82
91
82
47
91
82
91
82
48
91
82
91
82
91
82
48
91
82
91
48_82
91
82
93
48_81_89
93
81
72
93
89
48
93
93
93
45
93
93
46
93
93
93
48
93
45
93
93
41
93
72
93
93
93
93
93
93
93
93
72
36_84
93
41
93
93
72
41
91
82
91
40
91
91
91
40
91
41
91
91
43
89
72
81
89
45
89
89
72
46
88
79
88
88
88
88
88
88
88
88
88
88
88
72
46
91
88
91
91
91
43
91
91
45
91
91
46
91
91
47
91
91
91
72
48
91
91
91
91
91
91
91
91
72_79
46
91
91
91
72
93
81
45
48
93
93
93
41
93
93
93
93
45
91
72
79
43
91
91
91
65
41
89
81
72
53_57
72
57
53
72
57
53
69
70
72
69
65
60
48
65
53
65
82
53
52_64
48
64
52
48
65
81
53
50
67
79
55
52
69
77
57
53
70
72
58
55
72
57
74
74
76
55
76
77
53
77
79
52
79
81
50
81
70
52_55
82
67
69
70
67
71
72
65
53
50
70
67
52_55
69
65
53_57
60_72
60_65
53_53
67
52_55_64
67
64
52_55
69
65
57
53
46
55
55
43
45
55
53
46
52
47
48_52
53_64
64
55
62
46
60
48
60
45
48
72
50
62
41
74
52_72
45_64
43_70
53_69
41_65
53
57
57
81
53
53
57
81
57
79
53
53
77
57
57
77
53
45
53
60
60
53
53
60
60
53
53
60
77
60
41
53
77
41
53
62
62
82
53
53
62
81
62
79
53
53
77
62
62
77
53
46
53
62
62
53
53
62
62
53
53
62
77
62
41
53
77
41
53
62
62
86
53
53
62
81
62
79
53
53
77
62
77
62
53
77
50
53
59
59
83
53
53
59
81
59
79
53
53
77
59
77
59
41
79
55
72
40
55
60
60
84
55
55
60
79
60
77
48
55
55
76
60
72
60
48
76
52
72
52
60
60
79
58_72
52
52
60
79
60
77
55_72
48
48
76
58
58
60
53_69
77
81
53
53
53
53
53
77
69
60
77
68
62
50
83
50
50
50
50
50
77
68
62
77
71
41_56
86
41
41
41
41
41
71_77
56
71_77
56
41
86
41
41
41
41
41
77
71
56
77
71
41_56
86
71
41_56
77
41_56_71
77
71
41_56
86
71
41_56
71_77
41_56
77
71
41_56
86
71
56
41
71_77
41_56
86
56_71
41
77
71
41_56
64
58
55
73
55_58
64
58_76
55
72
84
58
55
63_75
57_60
75
65
65
75
65
62_74
58
67
69
70
70
65
65
65
63
53_63
69
70
60
72
57
65
65
58
62
46
70
72
65
74
75
70
74
69
53_57
72
77
72
71
62
55
67
60_60
76
72
72
74
69
53_60
75
65
58
58
74
70
70
55
72
67
67
73
52
64
60
67
69
70
64
65
67
60
64
67
72
72
67
70
72
69
65
74
76
60
77
72
65
72
57
72
64
58_67
76
77
67
55_58
79
72
72
52_55
72
65
60
57
77
79
72
53_57
81
82
72
48_53
81
72
79
55
52
72
72
57
69
54
66
50
71
67
55_70
69
82
67
70
52
48_64
69
81
69
65
77
53
67
79
68
80
65
47
47
50
53
56
59
62
62
65
65
68
71
74
77
80
77
74
53
80
77
50
80
65
47
50
53
56
59
62
62
65
65
68
71
74
77
80
77
74
53
80
77
50
82
76
67
49
55
55
55
55
55
55
55
79
55
55
55
55
76
82
61
55
55
55
55
55
55
55
55
79
58
55
55
55
55
84
84
57
57
57
57
57
57
57
57
57
81
60
54
54
54
54
85
82
55
58
58
58
58
58
58
58
58
82
58
55
55
55
55
86
83
41
56
56
56
56
56
56
56
56
83
44
50
50
50
50
88
84
40
55
55
55
55
55
55
55
55
84
43
52
52
52
52
88
84
46
52
52
52
52
52
52
52
52
84
48_79
52
52
52
52
89
81
45
53
53
53
53
53
53
53
53
89
86
50
50
50
50
50
82
70
46
58
58
58
58
58
58
58
58
79
67
55
55
55
55
55
84
72
60
60
60
60
60
60
60
60
60
72
60
48
48
48
48
48
81
72
53
65
81
72
53_65
79
73
46_64
82
73
46_64
82
73
46_64
81
72
53_65
86
46_65_74
86
76
46_67
77_84
53_69
86
74
46_65
86
76
46_67
84
77
53_69
72
71
69
60_72
67
70
82
77
64
79
81
65
69
77
67
79
74
76
77
84
65
72
82
64
76
77
65_81
67_79
79
81
81
69
82
70
58
82
81
82
84
86
74
55
86
84
72
60
86
83
84
86
76_88
48
84
65_72
53
81
81
72
53_65
79
73
46_64
73_82
46_64
82
46_64_73
81
53_65_72
86
65_74
46
86
76
67
46
84
77
53_69
86
74
65
46
86
76
67
46
84
77
69
53
60
59
69
60
58
79
74
67
76
69
77
84
57
72
55_82
70
79
65
67
81
53_69_81
65
52_79
82
77
67
79
81
69_77
53
77
55_76
79
74
70
76
77
72
57_75
72
58_74
74
62
69
57
70
58
72
60
55
74
74
62
60_72
62_74
71
59
72
60
74
62
76
48
76
64
77
69
77
53
64
65
69
65
64
62
70
67
60
48
67
64
58
57
70
67
58
57
55
72
69
53
53
69
65
53
57
52
57
57
81
69
53
57
57
52
57
57
50
57
57
77
48_65
57
57
76
55_64
48
55_76
55
82
55
82
55
60
79
55
79
55
48_76
55_76
55_76
50_72
72
55
55_72
52_79
70
55
55_70
53_77
69
53
69
53
41
53_81
53_81
45
53_77
53_77
48_72
72
53
72
53
53_69
69
53
69
53
57_77
65
53
65
53
76
48
64
55
64
55
55
70
55
70
55
60
67
55
67
55
76
60
64
55
64
55
72
62
60
55
60
55
79
64
58
55
58
55
65_81
57
41
57
60
60
60
65
57
65
57
65
57
60
60
60
65
57
65
69
53
69
60
60
60
65
57
65
69
53
69
72
48
72
65
57
65
69
53
69
72
48
72
77
45
77
72
53
72
77
48
77
81
45
81
84
41
84
77
53
77
81
48
81
84
45
84
89
41
89
77
53
77
77
41_53
77
53
65
41
77
53
65
53
41
77
53
65
41
77
53
65
53
41
77
53
65
41
77
53
65
53
41
77
77
53
65_77
41
77_77
53
53_65
41_77
65
53
65
53
65
53
65
68
53
65
53
65
80
65
49_53
65
61
53
49
61_65
53
49
77
78
61
80
49
77
61
73
49
61
68
49
73
61
49
63_73
72
72
73
61
75
49
77
61
78
49
49
72
73
75
78
77
61
78
49
78
61
75
49
77
73
73
75
61
77
49
78
61
73
49
80
75
77_80
61
78
61
49_80
61
80
61
49
65
61
51
53
54
61
56
63
65
73
66
75
68
77
78
80
46
58
65
48
50
51
58
53
60
62
70
63
72
65
74
75
77
51
63_66
53
54
56
63
58
65
66
75
68
77
70
78
80
82
64
67
48
64
67
50
52
53
60
55
62
64
72
65
74
67_76
77
79
52_55
48
53_56
52
53
55
60
56
64
65
72
67
76
68
77
79
80
48
53
57
52
53
55
60
57
64
57_65
72
76
67
77
69
79
81
84
84
41_53
69
84
84
53
84
65
81
41
81
67
82
41
82
69
84
41
84
65
81
41
81
69
53
77
41
77
53_77
77
65
77
41
77
67
77
41
77
69
72
41
72
65
77
41
77
73
55
77
41
77
76
53
76
70
76
41
76
72
77
41
77
70
41_79
79
69
41_81
81
73
55
82
41
82
82
53
82
70
41_82
82
72
82
41
82
70_82
41
82
69
82
41
82
73
55
82
41
82
82
53
82
73
79
41
79
72
81
41
81
70
82
41
82
71
83
41
83
72
48
84
41
84
72
84
53
84
74
84
41
84
72
41_84
84
74
82
41_48
82
76
82
41
82
48
77
81
41
81
84
41
84
72
48
77
45
77
72
45
72
76
48
79
48
79
48_76
76
77
48
41_81
81
84
41
84
72
48
77
45
77
72
45
72
76
48
79
48
79
76
48
76
77
48
81
41
81
84
41
84
72
48
77
45
77
72
45
72
76
48
79
48
79
76
48
76
82
48
79
36
82
48
79
74
76
77
81
72
79
70
79
74
76
77
77
69
72
70
67
62
64
65
69
60
67
58
67
62
64
57_65
65
60
58
48_67
67
62
64
65
57
65
60
58
67
67
62
64
65
57
65
60
58
67
48
67
62
64
57_65
65
60
58
65
67
62
64
60_65
67
69
48_58
53_79
67
67
53
67
50
67
67
52
67
67
53
65
48_77
65
48
57
57
58
48
79
67
53
67
67
50
67
67
52
67
67
53
65
48
77
65
48
57
57
58
48
79
67
53
67
67
50
67
67
52
67
67
53
48_65
77
65
48
57
57
58
48
79
67
53
67
67
50
67
67
52
67
67
53
69
53
81
69
48
57
57
58
53
82
70
50
70
70
48
70
70
50
70
70
51
72
53_84
72
45
60
60
62
53
86
74
58
74
74
57
74
74
58
74
74
60
76
48_88
76
55
64
64
65
48
89
77
57
77
77
55
77
57
77
57
77
77
58
60_79_91
79
52
67
67
69
65
89
81
53
81
81
81
53
52
81
81
53
81
82
53
50_89
82
70
91
50
70
53
71
92
49
83
49_83
83
83
49
83
83
49
83
83
49
83
83
49
83
83
49
83
83
49
83
83
49
83
83
49
83
84
53
48_93
84
48_84
84
81
60_93
41
81
84
84
57
65
77
77
60_67
79
79
81
65
69
81
57
65
77
77
65
69
41
81
81
84
84
57
65
77
77
60
67
79
79
81
65
69
81
60
65
77
77
65
41_69
81
81
84
84
57
65
57
77
77
60
67
55
79
79
81
65
69
53
81
60
65
57
77
77
64
67
48
79
79
64
48_67
79
64
67
48
81
65_69
41
81
84
84
57
65
77
77
60
67
79
79
81
65
69
81
57
65
77
77
65
41_69
81
81
84
84
57
65
77
77
60
67
79
79
81
65
69
81
60
65
77
77
65
41_69
81
81
84
84
57_57_65
77
77
55_60_67
79
79
81
53_65_69
81
60
57_65
77
77
64
48_67
79
79
64
67
48
79
64
67
48
81
72
65
53
81
72
53_65
81
53_65_72
64
55_58
48
64
55_58
48
64
58
48_55
76
70
67
48
76
70
67
48
76
70
48_67
65
57
41_48
65
57
41_48
57_65
41_48
69_77
41_65
77
69
41_65
77
69
65
41
57_65
41_48
65
57
41_48
77
69
41_65
77
69
65
41
65
57
41_48
65
57
48
41
69_77
41_65
77
69
41_65
77
69
65
53
77
69
53_65
72
48
77
69
81
69
45_69
70
46
84
69
72
48
45
69
89
69
41
65
