65_69
69
65
69
65
69
65
69
65
69
65
69
65
70
67
67
60
69
65
57
53
70
67
55_58
67
60
55
48
69
65
77_81
70
67
79_82
67
60
79
72
70
67
70
67
70
67
70
67
70
67
70
67
70
67
72
69
69
65
67_70
55_58
72
69
57_60
69
65
53_57
67_70
79_82
72
69
81_84
69
65_81
77
77
72
69
70
67
76
76
69
65
74
69
65
86
69
65
67
64
84
84
65
62
77
74
82
77
74
82
77
74
81
72_76
79
74
70
78
69_72
79
74
70
81
76
72
82
77
74
65
62
79
64_67
81
69
65
77
72
69
76
72
67
55_64
84
64
55
55
62
55
79
62
55
72
64
60
48
48
74
67
48
74
67
74
67
74
67
48
74
67
74
67
67_74
48
76
72
72
64
48
55_62
48
62
55
62
55
62
55
48
62
55
62
55
62
48_55
64
60
60
52
48
74
67
48
67_74
74
67
74
67
48
74
67
74
67
74
67
48
76
72
72
64
48
71
62
48
72
64
67
64
48
65
62
48
67
64
48_60_64
62
59
48
64
60
60
48_60
62
72
50
64
52
60
48
62
50
72
64
52
60
48
62
50
72
64
52
60
48
61
61
37
85
57
41
81
77
81
77
81
77
57
53
81
77
81
77
57
81
77
41
81
77
57
82
79
58
53
79
72
55
81
77
57
41
79_82
58
53
79
72
55
81
77
57
41
82
79
58
53
79
72
55
82
79
41_58
82
79
82
58_79
53
82
79
82
79
58
82
79
41
79_82
58
84
81
60
53
81
77
57
82
79
41_58
84
81
60
53
81
77
57
82
79
58
41
84
60_81
53
81
77
57
77
84
41_60
53
60
76
84
46
76
84
62
74
82
58
62
86
50_81
57
62
57
84
81
55
84
81
58
82
79
55
70
82
70
43
70
81
69
45
72
79
67
46
72
62
78
66
45
60
79
67
46
62
81
69
48
64
82
70
50
65
79
72
52
67
81
72
53
69
77
74
50
69
74
74
46
67
79
74
43
67
64
76
48
67
76_76
36
58
77
77
41
57
65
57
53
65
57
65
57
48
65
57
65
57
65
57
89
48
65
57
45
65
57
45
65
57
65
57
41
65
56
65
56
65
56
91
36
65
55
67
64
67
61
46
67
61
67
61
43
61_67
61_67
67
61
91
43
67
60
40
67
60
40
67
60
67
60
36
67
60
67
60
67
60
93
41
67
60
69
65
89
84
84
41
81
45
77
81
65
45
77
65
77
65
77
48
77
65
77
65
65_77
72
48
77
65
79
67
76
64
82
79
79
36
76
43
79
67_76
43
79
67
79
67
72
48
79
67
79
67
79
67
45_77
67_79
81
69
77
65
60
55
48
60
55
60
55
43
60
55
60
55
60
55
84
43
60
55
40
60
40_52
52_60
60
52
36
60
51
60
51
60
51
86
31
60
50
62
59
62
56
53
62
56
62
56
50
62
56
62
56
62
56
86
50
62
56
47
62
55
47
62
55
62
55
43
62
55
62
55
62
55
88
48
62
55
64
60
84
79
79
48
76
52
84
72_76
52
84
72
84
72
72
55
84
72
84
72
84
72
79
55
84
72
86
74
83
71
89
86
65
55
86
83
62
55
86
83
55_62
83
79
55_59
71
65_67
50
74
47_62_71
74
71
47_62
77
74
43_59
89
86
55_65
86
55_62_83
86
83
62
55
83
79
55_59
71
65_67
50
74
71
47_62
74
71
47_62
77
74
43_59
89
86
65
55
86
83
55_62
86
83
62
55
83
79
55_59
79
91
55_67
67
79
55
43
68
56
44
60
63
60
63
60
63
60
75
63
60
63
60
60_63
77
60_63
77
63
61
70
63
61
70
63
56_61
72
63
61
73
63
56_61
61
75
79
61
56
61
72
80
60
56
60
60
82
60
84
75
75
60
77
60
75
74
75
63
60
76
63
60
79
61_63
56
77
63
61
70
63
56_61
72
63
61
73
63
56_61
61
75_79
56_61
61
72
80
60
56
60
84
60
63
66
50
66
84
66
66
74
65
43
65
86
65
65
79
65
65
79
65
65
72
72
64
48
60
64
67
55
67
48
55
79
60
64
67
55
81
67
48
55
62_81
62
74
65
67
48
74
65
55
76
67
77
48
55
65
62
65
67
79
48
65
55
67
76
48
55
64
60
64
67
55
67
79
48
55
60
81
64
79
78
67
79
55
80
67
83
48
55_62
62
81
65
67
74
48
65
55
76
67
77
48
55_65
62
65
67
79
48
65
55
67
76
48
64
64
76
72
62
64
62
45
74
71
64
76
73
74_77
50_65
65
77
74
64
65
64
47
76
73
66
78
75
79
76
52_67
67
79
76
66
67
65
48
77
74
67
79
76
77_81
53_69
69
81
77
67
69
67
50
79
76
69
81
78
79_83
55_71
72
83
79
71
72
83
79
71
84
76
48
72
81
77
69
53
71
81
77
69
71
81
77
69
83
75
47
71
79
76
67
52
69
79
76
67
69
79
76
67
81
73
57
69
74_77
65
50
67
74_77
65
67
77
74
65
79
71
55
67
60_60
64
48
72_76
48
60
61
74
71
45
76
73
77
74
50_62
77
74
50
62
54
76
73
47
78
75
79
76
52_55
79
76
52
55
55
77
74
48
79
76
81
77
53_57
81
77
53
57
57
79
76
50
78
81
79
83
43_62
83
83
55
71
67
55
71
71
43
79_83
67
83
83
52
79_84
60
84
84
53
77_81
60
81
81
41
69
65
60
69
69
53
81
65
60
81
81
51
83
66
59
83
83
52
79
76
59
79
64
79
40
67
59_64
67
67
52
79
64
58
79
79
49
81
57_64
81
81
50
77
74
57
77
62
77
38
65
62
57
65
65
50
77
62
56
77
77
47
79
65
55
79
79
47
77
74
55
55
62
59
59
55
55
43
55
82
67
48
48
58
55
55
48
60
48
60
81
65
57
53
65
60
60
53
53
41
81
65
57
41
57
53
57
53
57
53
57
53
57
53
53_57
53_57
65_69
69
65
69
65
69
65
69
65
69
65
69
65
53_57
57
53
57
53
57
53
57
53
57
53
57
53
69
65
69
65
69
65
69
65
69
65
69
65
69
65
70
67
67
60
69
65
57
53
70
67
58
55
67
60
48_55
65_69
77_81
70
67
82
79
67
60
72_79
70
67
70
67
70
67
67_70
67_70
70
67
70
67
72
69
69
65
67_70
58
55
72
69
57_60
69
65
53_57
67_70
79_82
72
69_81_84
69
65_81
77
77
72
69
70
67
76
76
69
65
74
69
65
86
69
65
67
64
84
84
62_65
74_77
82
77
74
82
77
74
81
76
72
79
74
70
78
72
69
79
74
70
81
76
72
82
77
74
70
65
70
65
82
50
65_70
81
48
69
64
79
46
62_67
78
45
66
60
79
46
62_67
81
48
69
64
82
50
70
62
77
74
77
74
82
77
74
81
76
72
79
74
70
78
69_72
79
74
70
81
76
72
82
77
74
65
62
65
62
82
65
62
64
60
81
81
62
58
74
70
79
74
70
79
74
70
69_72
77
77
72
69
76
70
67
76
55
70
67
71
68
74
53
74
69
53_69
73
52
69
73
52
69
69
71
50
71
69
50
69
49
69
76
49_76
69
69
74
47_80
74
69
47_80
73
81
45
69
73
52
69
69
71
50
71
69
50
69
49
69
76
49
69
69
47_80
69
80
47
81
45
69
81
69
69
79
79
69
78
69
78
57
69
69
76
55
76
69
55
74
54
69
81
54_69
69
69
79
73
52
79
69
73
52
78
50_74
69
78
69
57
69
69
76
73
55
74
69
74
55
54
69
54_86
62
64
52
64
52
65
50
50_65
66
48
79
48_66
67
46
67
46_91
69
45
69
45
70
43
70
55
71
53
60
53
72
52
60_72
52
74
50
74
50
75
48
75
48
76
46
76
65
46
77
45
77
65
45
43_79
79
43
80
41
80
41
41
81
46
81
82
70
70
58
72
62
72
74
74
74
67
74
52
76
76
64
77
77
79
79
76
74
80
57
74
81
73
45
73
45_57
71
47
71
47
69
48
69
48
67
49
67
49_62
65
50
65_74
50
64
52
52_64
62
53
53_62
74
86
72
54
79
62
70
55
67
71
53
67
71
53
55
72
52
84
55
52_72
53
74
50
53
74
50
52
76
48
57
65
53
77
59
55
59_77
55
76
57_60
60_76
57_71
74
62
59
72
64
60
65_71
62
80
64
52
81
63
78
81
63
78
83
62
80
84
62
57_81
86
60
83
86
59
83
88
57
84
71
67
62
57
69
55_72
69
55_72
71
74
53
72
76
52_67
74
77
50
74
77
50
76
79
48
76
72
70
67
61
55
81
64
65
62
53
79
62
60
45
62_77
47
74
67
71
53
76
72
52
82
76
67
48
81
77
65
76
67
53_70
77
65
69
71
57_68
72
69
52
68
59
52_62
69
60
50
75
51_63
76
64
76
52
87
63_75
51
76
64
88
52
75
63
51
76
64_76
52
87
75
51_63
76
64
88
52
75
63
51
76
64
52_76
87
75
63
51
76
64
88
52
75
63
51
76
64
76
52
88
85
81
40
85
81
85
81
52
85
81
85
81
85
81
40
85
81
86
83
52
83
76
85
81
40
86
83
52
83
76
85
81
40
86
83
52
83
76
86
83
40
86
83
86
83
52
86
83
86
83
86
83
40
86
83
88
85
52
81_85
86
83
40
88
85
52
81_85
86
83
40
85_88
52
85
81
64
76
40
76
88
52
64
76
40
76
52_88
64
76
40
76
88
52
64
76
40
76
88
52
41
53
41
53
41
53
41
53
41
53
41
53
41
53
41
53
69
65
41
69
65
69
65
53
69
65
69
65
69
65
41
69
65
70
67
53
67
60
69
65
57
41
70
67
58
53
67
60
55
69
41_65_81
70
67
82
53
67
60_79
70
67
41
70
67
67_70
53
70
67
70
67
70
67
41
70
67
72
69
53
69
65
70
67
58
41
72
69
60
53
69
57_65
70
67_82
41
72
69
84
53
69
65
81
65
60
89
41
53
88
62
46
88
86
58
60_66
50_86
62
84
67
58
43
84
55_82
82
43
66
60
45_81
67
62
79
46
78
58
79
46
69
64
48_81
70
65
82
50
67
79
52
69
65
81
53
89
41
67
64
43_88
88
55
65
62
79
43
91
43
64
48_60_84
48
36
67_74
74
67
74
67
48
74
67
74
67
74
67
36
74
67
76
72
48
72
64
65
59
36
86
86
48
86
64
60
36_86
88
48
84
36_84
74
67
74
67
74
67
48
74
67
74
67
74
67
36
74
67
76
72
48
64_72
71
36_59
72
60
48
67
55
65
53
36
67
55
48
64
52
62
50
36
64
52
48
60
48
62
50
36
64
52
48
60
48
62
50
36
52_64
48
60
48
62
36_50
52_64
48
60
48
61
49
37
85
69
77_81
41
81
77
69
81
77
53
81
77
69
81
77
81
77
41_70
81
77
82
79
67
53
79
72
81
77
41_70
82
79
67
53
79
72
81
77
41_70
82
79
53_67
79
72
79_82
41_70
82
79
70
82
79
53
82
79
70
82
79
82
79
41_72
82
79
84
81
69
53
81
77
82
79
41_72
84
81
53_69
81
77
82
79
41_72
84
81
69
53
81
77
77
60
41_65
53
60
76
65
46
76
62
65
74
58
62
86
50
57
62
57
84
67
55
84
58
82
67_67
70
82
67
55
70
81
57_67
72
79
58_67
74
62
78
57
60
79
58
62
81
60_69
64
82
65
62
65
79
60_64
67
81
60
65
69
77
62_69
69
74
67
58
67
79
55_67
67
64
67
60
67
76
48_67
58
77
65
53
57
65
57
65
65
57
65
57
60
65
57
57_65
65
57
77
60
65
57
57
65
57_60
65
60
65
60
53
65
59
65
59
65
59
79
48
65
58
67
64
67
61
58
67
61
67
61
55
67
61
67
61
67
61
55_79
67
60
52
67
60
52
67
60
67
60
48
67
60
67
60
60_67
53_81
60_67
69
65
65
89
60
84
60
84
53
57
81
57
57_77
57_81
77
77
57
81
60
77
77
77
57
50_84
79
81
78
60_84
57
81
57
50_81
54
78
57
81
54
57_78
81
81
50
74
62
81
81
81
55
55_79
81
82
79
67
58_67
67
58
58_67
62
67
58
67
58
67
58
62_82
67
58
58
67
58
58
67
58
67
58
55
67
58
67
58
67
58
84
53
69
60
69
60
63
69
60
69
60
60
69
60
69
60
69
60
84
60
69
60
57
72
63
57
72
63
72
63
53
72
63
72
63
72
63
89
58
72
63
74
65
70
62
58
82
53
89
53
58_89
50
86
62
82
50
86
62
82
82
46
65_82
82
82
82
41
65_77
82
84
81
63_87
60
84
60_84
53
57
81
60
57_84
60_81
84
84
53
77
65
84
84
84
58
58_82
84
86
82
70_74
46_50
70
53_65
50
70
65
50_53
65
62
58
53
77
74
50_53
82
77
58
53
82
77
53_58
86
82
58_62
74
70
46_50
70
65
50_53
70
65
53
50
65
62
53_58
77
53_74
50
82
77
53_58
77_82
53_58
86
82
58_62
82
55_58_82
91
84
55
52
84_91
52_55
88
84
52
48
64
58_60
55
67
64
55
52
67
64
52_55
70
52_67
48
82
58_82
48
91
84
55
52
91
84
52_55
88
84
52
55
82
82
48_58
91
84
55
52
91
84
52_55
88
84
52_55
82
58_82
48
91
84
55
52
91
84
52_55
88
84
52_55
82
82
48_58
91
52_55_84
91
84
55
55
72_84
60_60
84
72
60
60
84
72
48
73
61
61
49
65
56
65
56
65
56
56_65
80
65
56
56_65
65
56
82
65
56
66_82
49_56
75
66
56
75
49_56_66
77
66
56
78
66
49_56
66
56
80
56_66
49
66
56
77
65
56
49
65
56
65
56
65
56
80
65
56
82
65
56
80
79
80
65
56
81
65
56
84
66
56
49
82
66
56
75
56_66
49
77
66
56
78
66
56
49
66
56
80
66
56
49
66
56
77
65
61
49
61_65
65
61
65
61
65
55_62
65
62
65
62
65
62
79
67
48_64
67
64
67
64
67
64
84
67
64
67
64
67
64
67
64
77
60
53
77
65
69
72
60
72
84
53
60
65
69
72
60
86
72
53
86
60
60
67
79
70
72
53
79
60
60
81
72
53
82
60
60
67
70
84
72
53
60
60
72
81
53
60
60
65
69
72
60
72
84
53
60
67
86
84
70
83
84
72
60
85
72
88
53
60
60
67
86
70
79
72
53
60
60
81
72
53
82
60
60
67
70
84
72
53
60
60
72
81
53
69
77
69
81
77
67
69
67
62
79
76
69
81
78
82
70_79
67
70
82
79
69
70
69
64
81
78
71
83
80
84
72
81
69
72
84
81
71
72
70
53
82
79
72
84
81
86
74
82
58
74
86
82
72
74
72
55
84
81
74
83_86
88
84
72
60
67
88
84
72
88
67
84
72
89
81
65
69
86
70_82
58
65
86
82
70
86
65
82
70
88
64_80
68
84
69
81
57
64
84
81
69
84
64
81
69
78_86
62
66
82
67
79
55
62
82
79
67
82
62_79
67
84
60_76
64
81
53_65
65
81
77
65
53
79
76
50
81
78
82
79
67
55
82
79
67
55
81
78
52
83
80
84
81
69
57
84
81
69
57
65
82
79
53
84
81
82
65
86
58
86
82
65
58
67
84
81
55
86
83
60
88
60_84
88
88
48_60
76
64
76
64
76
64
60
60
88
76
88
76
88
76
65
57
89
77
89
77
89
77
58_65
86
74
86
74
86
74
65
46
74
62
74
62
74
62
58_65
86
74
74_86
86
74
56
88
76
88
76
88
76
57
84
72
84
72
84
72
45
72
60
72
60
72
60
57
84
72
84
72
72_84
54_69
86
74
86
74
86
74
55_67
82
70
82
70
82
70
67
43
70
58
70
58
70
58
67
55
82
70
82
70
82
70
52_60
84
72
84
72
84
72
60
52
82
79
48
67
64
64
60
60
48
60
81
77
65
53
63
60
60
53
53
41
53
86
77
65
46
58
82
53
65
58
58
46
46
86
65_82
58_62
62
58
62
58
62
58
62
58
62
58
62
58
74
70
74
70
74
70
74
70
74
70
74
70
74
70
62
58
62
58
58_62
62
58
62
58
62
58
62
58
74
70
74
70
74
70
74
70
74
70
74
70
74
70
72_75
72
65
74
70
62
58
75
72
60_63
72
65
53_60
74
70
86
82
75
72
84_87
72
65
84
77
72_75
75
72
75
72
75
72
75
72
75
72
72_75
77
74
74
70
75
63_72
60
77
74
62_65
74
58_62_70
75
72
84_87
77
74
86_89
74
70
86
82
82
77
74
82
77
74
82
74_77
82
77
74
82
77
74
82
77
74
82
77
74
84
79
75
81
75
72
84
79
63_75
79_84
63_75
84
63_75_79
84
75_79
63
84
75_79
63
84
79
75
63
84
75_79
63
86
80
77
65
83
77
74
62
64
65
62
74
69
65
86
69_74
65
86
74
69
65
74
69
65
86
74
69
65
74
69
65
86
74
69
65
76
70
67
88
73
64_67_85
65
67
64
69
69
67
69
69
69
69
69
65
69
64_81
81
81
81
81
81
62
81
64_81
81
81
81
81
81
57
81
57_81
59
79
61
45
45
45
45
45
45
78
62
45
88
76
64
57
57
57
57
57
57
86
74
66
57
88
76
67
57
57
57
57
57
57
69_81
69
57
69
69
67
69
69
69
69
69
65
69
81
64
81
81
81
81
81
62
81
81
64
81
81
81
81
81
65
77
77_89
53
55
87
75
57
41
41
41
41
41
41
86
74
58
41
84
72
60
53
53
53
53
53
53
82
70
62
53
84
72
53_63
53
53
53
53
53
77
65
65
53
65
65
53_53
65
65
65
65
65
67
55
65
77
51_53_69
77
77
77
77
77
50_70
77
53_72
48_57
53
53
53
53
53
74
46_58
53
65
44_86
62
65
65
65
65
65
43
59
67
67
55_55
67
67
67
67
67
69
57
67
79
55_71
53
79
79
79
79
79
72
51
79
55
74
50_59
55
55
55
55
55
76
48_60
55
67
46_55_88
67
67
67
67
67
45_57
61
81
73
45
85
73
73
73
73
73
86
47
74
88
76
49
79
76
76
76
76
76
77
89
50
69
75
51_55_67
55
55
55
55
55
74
68
53
56
72
69
57
54
57
57
57
57
57
71
62
55
50
79
83
43_71
71
71
71
71
71
84
44
72
86
74
47
77
74
74
74
74
74
75
87
48
67
74
65
50_53
53
53
53
53
53
72
67
51
55
70
67
55
52
55
55
55
55
55
69
60
53
48
77_89
65_69
89
89
79_89
70
81
65_89
63
89
89
82_89
61_65
82_84
60_63
82
82
85
82
58_61
86
82
56_65
82
82
88
82
55_67
75
82
63_67
87
87
77
87
68
79
87
63
61
87
87
80
87
60_63
82
75
58_61
80
80
84
80
60
56
84
80
68
54
80
80
85
80
68
53
85
65
49_53
65
65
65
51_55
65
56
53
84
65
65
82
65
55_58
80
65
60
56
65
65
79
65
61
58
77
65
59_68
65
65
76
60
60_67
84
48_52_60
60
60
60
53
50
52_55_60
82
60
60
80
53_56_60
60_79
55_58
60
60
60_60_77
56
65_75
57_60
65
65
74
65
58_62
74
82
58
56
82
82
75
82
55_58
82
82
77
82
53_56
82
82
79
82
51_55
87
87
77
87
53_56
87
87
75
87
55_58
87
87
74
59_88
56
88
88
73
88
57_64
81
81
73
81
69
55
81
81
74
81
57
53
81
81
76
52_55_81
81
81
77
81
53
50
86
76
55
52
86
86
74
57
53
86
72
62
54
86
86
70
55_62
79
71
67
53
79
79
67_72
51
79
74
55
50
79
75
75
55
48
75
74
50_53
75
84
72
51_55
84
70
67
52
84
77
69
65
53
77
69
51_53
77
77
70
53
50
77
72
51
48
77
86
74
50
46
86
74
60
57
86
86
76
58
55
86
77
57
53
86
88
79
55
52
88
80
53
50
88
81
81
52
49
81
81
50
47
81
81
81
49
45
57
81
57
47
81
81
49
81
50
81
81
52
81
54
81
81
55
81
56
81
81
57
81
59
81
81
61
81
62
81
81
64
81
66
81
81
74
78
68
78
74
74_78
78
74
69
78
74
78
74
78
74
57
79
76
76
69_69
78
74
57
79
76
76
69_69
78
74
57
79
76
69_76
69
79
76
57
79
76
76_79
79
76
69
79
76
79
76
79
76
57
81
78
78
69_74
79
76
57
81
78
78
74
69
79
76
57
81
78
78
74
69
57_69
81
81
93
69
69
81
57
81
93
69
69
81
57
81
93
69
69
81
57
81
93
69
41
53
41
53
41
53
41
53
41
53
41
53
41
53
41
53
69
65
41
69
65
69
65
53
69
65
69
65
69
65
41
69
65
70
67
53
67
60
65_69
41_57
70
67
58
53
67
60
55
69
65
81
41
70
67
82
53
67
60
79
70
67
41
70
67
67_70
53
70
67
70
67
70
67
41
70
67
72
69
53
69
65
70
41_58_67
72
69
60
53
69
57_65
70
67
82
41
72
69
84
53
69
65
81
65
60
89
41
53
88
62
46
88
86
58
60_66
50_86
62
84
67
58
43
84
82
55
43
82
66
60
45_81
67
62
79
46
58_78
79
46
69
64
48_81
70
65
82
50
67
79
52
69
65
53_81
77
41
67
64
76
43
84
55
65
62
67
43
79
43
64
60
48_72
48
36
74
67
74
67
74
67
48
74
67
74
67
67_74
36
74
67
76
72
48
72
64
65
55
36
86
86
48
86
86
36
88
48
84
36_84
74
67
74
67
74
67
48
74
67
74
67
67_74
36
67_74
76
72
48
72
64
71
59
36
72
60
48
67
55
53_65
36
67
55
48
64
52
62
50
36
64
52
48
60
48
50_62
36
64
52
48
60
48
62
50
36
64
52
48
60
48
62
50
36
64
52
48
60
48
49_61
37
73
65
61
61_65
61_65
65
61
65
61
65
61
65
61
66
63
63
60
61
49
37_73
64
61
64
61
61_64
64
61
64
61
64
61
64
61
66
63
63
60
61
49
37_73
61
49
37_73
61
49
37_73
66
81
78
42
81
78
66
81
78
54
78_81
66
78_81
81
78
42_66
81
78
83
80
54_66
73_80
81
78
66
42
83
80
54_66
80
73
81
78
42_66
83
80
66
54
80
73
83
80
42_66
83
80
66
83
80
54
83
80
66
83
80
83
80
42_66
83
80
85
81
54_66
81
78
80_83
42_66
85
81
66
54
81
78
83
80
42_66
85
81
66
54
81
78
78
90
66
42
54
76
88
66
47
76
66_88
74
86
59
50_66
86
86
62
85
66_85
55
85
85
67
83
67_83
67
68
65
83
83
81_93
66_66
80
92
59_66
78
90
57_66
80
92
66
59
81_93
61_66
83
95
62_66
80_92
61_65
81
93
66
66
78
90
57_66
80
92
66
59
78
90
57_66
80
66_92
59
81
93
61_66
83
95
66
62
80
92
61_65
81
93
66
66
78
90
57_66
80
92
59_66
78
90
57_66
80
59_66_92
81
66_93
61
83
83
62_66
80
89
65
65
81_89
65_65
77
89
65
57
79_91
58_65
77
89
65
57
79
91
58_65
81
93
65
60
82
65_94
62
79
91
64
81
93
65_65
77
89
65
57
82_94
50_65
79
91
52
81
93
53_65
77
65_89
57
82
94
62_65
79
91
64
81
93
65_65
77
89
57_65
82
94
50_65
79
91
52
81
93
53_65
77_89
57_65
82
94
62_65
79
64_91
81
93
65_65
77
89
65
57
82
94
62_65
79
91
64
76
88
60_60
81
61_93
77
89
60
62
74_86
58
79
91
60
59
76
88
60
72
84
60
63
77_89
57
74
86
60
58
70_82
62
76
88
60
56
72
84
57
69
81
60
60
74
86
54
70
82
55_60
67
79
58
72
84
60
52
69
81
53
65
77
60
57
70
82
50
67
79
60
51
64
76
52
60
72
60
55
58
70
58_60
55
60_60_67
67
79
48_60
64
76
55_60
58
70
60
58
70_82
60_60
67
79
48_60
64
76
55_60
76
88
60
58
70
82
60_60
67
48_60_79
82
84
55_60
79
60_84
58
76
82
60
60
76_84
48_60
77
77
53_65
69
69
65
69
65
69
65
84
69
65
69
65
69
65
86
69
65
70
86
67
53
79
70
67
70
79
67
53
81
70
67
70_82
53_67
70
67
84
70
67
53
70
67
81
65_69
53
69
65
69
65
69
65
84
69
65
86
69
65
84
83
84
69
65
85
69
65
88
70
53_67
86
70
67
79
70
67
53
81
70
67
70
82
53_67
70
67
84
70
67
53
70
67
81
69
77
53
77
69
77
69
77
69
65
77
69
77
69
89
77
69
65
77
69
77
69
77
69
65
77
69
77
69
77
69
50
77
69
77
69
77
62_69
77
69
77
69
89
77
69
62
77
69
77
69
77
69
62
77
69
77
69
77
74
46
77
74
77
74
77
74
58
74_77
77
74
89
77
58_74
77
74
77
74
74_77
58
77
74
77
74
76
67
48
76
67
76
67
76
67
60
76
67
76
67
88
76
67
60
76
67
76
67
76
67
60
76
67
76
67
69
65
77
41
65
69
60_72
60
72
48
60
65
69
72
60
50
72
82
60
50_82
67
43
70
72
43
60
84
45_81
72
86
46_79
60
67
74
70
67
72
48_76
60
76
72
77
45_77
60
65
72
69
69
72
60
65
79
72
81
60
48_72
60
65
50
69
48
47
72
48
60
49
72
82
82
60
52
67
84
50
82
70
81
82
72
43
60
81_84
45
72
86
79
46_60
67
74
70
67
72
48_76
60
76
72
45_77
72_77
77
69
77
69
77
69
57
77
69
77
69
89
77
69
57
77
69
77
69
77
69
57
69_77
77
69
77
69
50
77
69
77
69
77
69
62
69_77
77
69
89
77
69
62
77
69
77
69
77
69
62
77
69
77
69
77
74
46
77
74
77
74
77
74
58
77
74
77
74
89
77
74
58
77
74
77
74
77
74
58
77
74
77
74
76
48_67
76
67
76
67
76
67
60
76
67
76
67
88
76
60_67
76
67
76
67
76
67
60
76
67
67_76
87
69_75
53
75
75
75
41_69
75
75
75
41_69
75
75
75
69
41
75
75
75
41_69
75
75
75
69
41
75
75
75
69
41
75
75
75
69
41
75
75
77
69
41_89
78
90
75
69
87
41
77
89
69
41
78
90
75
69
87
41
77
89
69
41
78
90
75
69
87
41
77
89
41_69
78
90
75
69
41_87
76
80
56
40
76
64
52_79
76
64
48_79
82
79
48_79
57
53
57
53
57
53
57
53
58
55
55
48
72
79
48_72
76
79
72
48
79
79
48_72
84
79
48_72
58
55
58
55
58
55
58
55
60
57
57
53
77_81
53_77
81
81
53_77
84
81
77
53
89
81
53_77
77_81
48_60
81
77
81
77
81
77
81
77
81
77
81
77
46_60
82
79
79
72
82
79
60
46
82
79
82
79
82
79
82
79
82
79
82
79
60
45
84
81
81
77
81
77
60
48
81
77
81
77
81
77
77_81
81
77
81
77
60
46
82
79
72_79
81
77
60
46
79_82
79
72
81
77
60
45
82
79
79
72
81
77
60
48
81
77
81
77
81
77
81
77
81
77
81
77
60
46
82
79
79
72
81
77
60
46
82
79
79
72
82
79
60
45
81_84
81
77
82
79
60
41
84
81
81
77
79_82
60
48
84
81
86
48_60_82
88
79
89
65_69
41
69
65
53_57
93
77
41_65
69
65
57_57
93
77
41
69
69
65
60
93
77
41
69
69
65
60
93
77
41
69
69
65
65
93
77
41
69
69
65_65
93
89
65
41
69_81
77
65_69
53_57
45
41
53_57
69
65
81
77
93
89
69
77
81
65_69
53_57
45
41
53_57
65_69
77_81
93
89
81
53
89
81
41
53
88
84
41
88
84
86
82
53
41
84
81
53
84
81
41_69
84
81
70
82
79
53
67
69
41_65
67
70
53
60
67
65
69
41
67
70
53
60
67
65
41_69
67_70
53
60
67
65
41_69
53
89
81
41
53
88
84
41
88
84
86
82
53
41
81_84
53
84
81
69
41_81
82
82
70
53
79
67
81
69
41
82
70
53
79
67
81
41_69
82
70
53
79
67
81
41_69
82
70
53
79
67
86
41_74
79
88
76
53
84
72
86
74
41
88
76
53
84
72
86
41_74
88
76
53
84
72
86
74
41
88
76
53
84
72
77
69
41
89
89
53
89
89
41
89
53
89
89
41
89
53
89
89
41
89
53
89
84
41
69
77
88
72
79
48
84
69
77
41
88
72
48_79
84
69
77
41
88
72
48_79
84
41_69_77
88
48_72_79
84
69
41_77
88
72_79
48
69_84
41_77
88
72
48_79
77_93
41_81
41
93
53
93
53
93
41
41
93
53
93
53
93
41
41
93
53
93
53
93
41
41
93
53
93
53
89
69
81
41
89
69
48_81
89
69
41_81
89
69
48_81
89
69
41_81
89
69
48_81
89
69_81
41
89
69
48_81
89
69
81
41
89
69
60
48
89
69
65
41
89
69_69
45
89
69
72
48
89
69
77
53
89
65
65
41
