58_70_74_77
77
70_74
58
58_70_74_77
77
58_70_74
77
74
58_70
77
74
70
58
74_77
70
58
74_76
58_70
79
74
58_70
77
76
74
58_70
79
74
58_70
77
74_76
58_70
79
58_70_74
77
70_74
58
74
58_70
58_70_74
74
74
65
60
74
72
65_72
57
72
74
72
57_65
75
72
72
57_65
74
74
58_65
70
65_74
58
58_65_74
46
65_74
58
48
58_70_74
50
50
74
70
58
51
74
70
58
53
54
70_74
58
50
58_70_74
55
74
55_70
70_74
55
70_74
55
70_74
55
74
55_70
74
70
55
73
55_70_74
75
55_70_74
74
73_74
55_70
75
70_74
55
74
73
74
55_70
75
70_74
55
74
70_74
55
70_74
55
82
55_70_74
74
57_69
82
81
57_69_74
81
82
74
54_69
84
74_81
69
54
82
70_74
55
79
74
55_70
70_74
55
43
74
55_70
45
74
55_70
46
46
55_70_74
48
74
55_70
50
50
74
55_70
46
75
51_67
51
51_67_75
67_75
51
75
51_67
75
67
51
75
67
51
75
67
51
81
75
67
51
84
75
51_67
82
75_81
51_67
84
75
51_67
82
81
75
69
53
84
87
84
75
60_72
82
75
72
60
81
77_82
57_72
84
57_72_77
77
79
57_72_77
81
77
58_74
82
53
58_74_77
55
58_74_77
46
77_77
58_74
79
60_75_77
72
45_75_77
60
48
77
75
60
41
75
77
60_75
77
77
58_74
74
46
74_77
58
50
77
58_74
41
74
77
58_74
75
57_72_77
72
72_77
72
57
74
57_72_77
72
72
77
57_72
74
77
74
58
70
53_74_77
58
55
77
74
58
46
77_77
58_74
79
75_77
60
79
72
75_77
45_60
48
77
60_75
41
75_77
75
60
77
58_74_77
77
70
74_77
46_58
50
77
58_74
46
75_79
51_70
81
74
70
46
77
70_75_79
51
81
46_70_74
77
79
75
51_70
81
74
46_70
77
63_72
53_57
74
53_65
46
70
62
58
63_72
53_57
65_74
53
46
70
58_62
63_72
57
53
65_74
53
46
70
58_62
46
46
79
51_70_75
81
74
46_70
77
79
51_70_75
81
74
46_70
77
79
51_70_75
81
74
46_70
77
79
70_75
51
81
74
46_70
77
75_79
70
51
81
74
46_70
77
79
75
51
77_81
53
77
50_74
45
46_74_82
48
82
46_74
46
57
74_82
46
60
82
74
46
58
69_74_82
46
72
74_82
46
70
81
46_74_82
84
82
48_79
82
47
48_79_82
50
48_79_82
48
59
79_82
48
62
82
48_79
60
71
82
48_79
74
82
79
48
72
81_82
48_79
84
79_82
48
82
47_48_82
50
82
48
48
82
48
79
81
81
48
81
47
48
50
81
48
48
81
48
77
76_79
48
47_48_76_76
50
48_72_76
48
76
48_76
77
48_77
81
77
47_48
50
84
77
48
48
81
48_77
82
48_79
82
79
47_48
50
79
48
48
79
48
79
81
79
48_77
81
47_48_77_81
50
77
48
48
77
48
77
79
77
76
48
79
76
76
47_48
50
72
76
48
48
76
48_76
48
77
77
41_41
43
53
65
45
65
53
46
65
53
48
65
53
46
65
53
45
65
53
43
65
53
41
65
53
60
57
53
57
69
57
61
53_65
62
74
71
59
77
59
60_76
60
79
72
48
82
48
81
77
41_53
43
65
53
45
65
53
46
65
53
48
65
53
46
65
53
45
65
53
43
65
53
41
65
53
60
57
53
57
69
57
61
53_65
62
74
71
59
71
59
67
55
55
67
77
65
53_77
76
52_64
76
72
48
48_72
82
58
58
82
81
57
57_81
53_77
53
77
87
63
51_75
74
50
62
86
85
61
73
49
72
48
60
72
48
53_77
76
52
74
50
72
48
82
55
81
53
79_84
48_60
77
41
81
53
77
57
67
60
76
58
76
67
48_58
76
67
58
48
77
69
60
48
76
67
58
74
65
57
76
67
58
77
65
57
53
72
72
48
77
53
76
52
48
74
50
53
48_52_72
82
55_58
81
57
53
55_79
58_84
53_77
57
81
89
88
67
88
58
48
70
55
88
48
76
58
79
60
89
48
82
58
88
86
76
60
88
53
77
89
57
76
79
41_65
77
74
70
62
58
72
60_69
57
64
52
67
55
41
65
53
82
55_58_79
77_81
57
53
76
79
41_53
77
72_75
60_63
74
70
58_62
64
52
55_67
41
65
53
84
60_81
57
82
79
55_58
76
79
53
41
77
62_65_74_77
75
72
60_63
52_64
67
55
41
65
53
62_82_86
58
57_60_81_84
76
79
53
41
77
79
67_75
63
74_77
62_65
75
63_72
60
74
62_70
58
72
69
57_60
79
75
63_67
65_74_77
62
75
60_63_72
74
62_70
58
72
57_60_69
79
75
63_67
77
65_74
62
75
60_63_72
74
70
58_62
72
57_60_69
75_79
67
63
74_77
62_65
63_72_75
60
74
62_70
58
72
69
57_60
41_77
79
75
77
74
43
87
72
77
45
86
46_70
75
53_77_84
82
58_74
58_70_77
74
77
74
58_70
74_77
70
58
77
74
58_70
77
74
58_70
77
74
58_70
76
74
58_70
79
74
58_70
77
76
58_70_74
79
74
58_70
77
76
58_70_74
79
70_74
58
77
70_74
58
70_74
58
58_70_74
74
65_74
60
74
72
72
57_65
72
74
57_65_72
75
72
57_65_72
74
65_74
58
70
74
65
58
74
65
58
46
58_65_74
48
58_70_74
50
50
58_70_74
51
74
58_70
53
55
70_74
58
57
58_70_74
58
58_70_74
58_70_74
74
70
58
74
70
58
70_74
58
70_74
58
58_70_74_76
79
74
58_70
79
77
74
58_70
76
79
74
58_70
79
77
74
58_70
76
79
58_70_74
79
77
74
58_70
77
76
74
58_70
76
77
74
58_70
77
74
60_72_75
74
72
60_72_75
72
74
75
60_72
74
75
72
69
57
75
72
70_74
46
70
70_74
46
48
70_74
50
70
70_74
50
74
72
51_69
74
72
72
69
72
74
72
69
74
75
72
69
75
72
50_70_74
79
74_77
46_70
48
70_74
50
50_70_74
70
74
72
51_69
74
72
69_72
72
74
69_72
74
75
72
69
75
72
74
50_70
72
70_74
46_70
48
74
70
50
70_74
70
74
72
69
74
72
72
41_69
72
74
41
69_72
74
53
75
69_72
75
72
70_74
75
74
46_70_74
74
75
46
74
70
75
58
77
74
70
77
74
67_76
77
76
72_84
48
76
77
50
84
72
77
52
79
84
52_72
79
81
53
84
72
55_82
72_84
84
72
84
72
79
52
81
84
53_72
72_84
84
72
72_84
77
57
79
84
58_72
76
84
72
58
72
58_72_84
76_84
72
58
77
72_84
57
53
41_69
70
53
41
70
72
53
41
72
74
53
41
75
53
40
43
53
41
53
72
53
74
53
40
43
53
41
53
70
75
53
72
53
69
40
43
53
65
41
53_69
72
74
53
70
53
74
40
43
53
77
41
53
74
70
53_72_75
69
40_53_75
43
65
53
41
69
53
72
74
72
70
53
74
53_74
40_74
43
77
53
41
74
53
70
72
70
75
53
72
53_75
40_69
43
53_65
41
53
69
72
74
72
53_70
74
74
53
40_74
43
53
77
41
53
74
82
84
82
53
75
84
81
53
75
40
43
77
53
41
81
53
41
72
74
72
46_82
46_70
48
70
58
50
70
58
51
70
58
53
70
58
51
70
58
50
70
58
48
70
58
46
70
58
53
50
46
50
74
54
70
55
79
76
52
82
81
53
84
77
65
81
87
60
82
86
46_58
48
70
58
50
70
58
51
70
58
53
70
58
51
70
58
50
70
58
48
70
58
46
70
58
53
50
46
50
74
54
70
55
79
76
52
76
72
48
72
82
58
82
81
57
81
77
53
65
75
63
75
74
62
74
70
46
70
80
56
80
55_79
79
78
54
78
77
53
77
82
81
79
77
77
81_87
82
86
81_84
65
77
82
82
86
58_74
70_82
62
57
81
65_69
81
63
60
53
81
63
60
53
82
65
53_62
81
63
60
62_79
58
81
60_63
58
82
58_62
77
65_77
70_82
81
69
53
67_79
58
77
57_65
87
75
60
86
74
58
72_84
63
89
82
62_70
86
82
81
60
53_75_81
63
75
53_81
69
72
77
53_82
75
75_81
74
79
81
75
81
58
82
74
82
81
84
46
82
79
75
77
74
69
72
46
70
72_75
74
70
81
84
46
82
80
77
75_79
69
72
46
70
74_77
75
72
81
84
46
82
79_82
80
77
69
72
46
70
79
75
74_77
81
84
46
82
84
46_80
82
79
77_80
46
79
75
77
46_74
80_84
82
79
46
77_80
79
46_75
77
74
84
80
46
82
79
46_77_80
79
75
77
46_74
84
80
79_82
46
77_80
79
46_75
77
74
46
84
80
46
79_82
48
77_80
46
50
79
51_75
80
74
46_53
46
48
50
50
51
53
53
55
56
70
46
72
46
74
46
74
70
46
46_72_75
46_74_77
77
46_74
79
46_75
80
74
46
80
74
46
80
74
46
80
74
46
80
74
46
79
82
80
79
75
51
79
75
51
79
75
51
79
75
51
79
75
51
77
80
79
79
51_58
82
80_89
46_58
79
89
58
46
82
80
89
46_58
79
89
58
46
82
80
89
58
46
67
70
68
77
65
46
80
79
87
67
51
77
87
67
51
80
79
87
51_67
77
87
67
51
80
79
87
51_67
65
68
67
79
87
53
79
79
87
51
79
79
79
86
53
77
77
77
84
41
81
81
81
86
46
82
82
82
87
51
79
79
79
53_86
77
77
77
41_84
81
81
81
53_86
46
82
82
79
79
77
77
84
41_53
81
81
82
86
53
46
82
79
79
77
77
84
53
41
81
81
82
86
53
46
82
79
79
77
77
84
41_53
81
81
82
86
46_53
82
79
79
77
77
41_53_84
81
81
82
86
46
46
58
58
82
46
34
58
58
82
34_46
58
58
82
34_46
58
58
82
34_46
58
58
82
34_46
58
58
82
34_46
58
58
46_82
34
58
58
82
34_46
