41
41
48
53
55
53
48
41
48
53
55
53
72
48
76
41
41_77
48
53
55
53
79
77
48
45
45
76
52
57
72
60
57
69
45
41
41
77
48
53
55
53
79
48
45
45
76
52
57
72
60
57
69
45
46
46
74
53
58
60
62
58
39
39
74
46
51
70
55
58
67
55
41
41
72
48
53
55
53
48
41
69
48
53
55
53
72
48
76
41
53_57_77
41
60
48
53
55
53
79
48
77
60
45
57_64
45
76
52
57
72
60
57
69
45
41
57
60_65
41
77
48
53
55
53
79
48
45
45
60
76
57_64
52
57
72
60
57
69
45
46
58
65
62
46
74
53
58
60
62
58
39
58
55_63
39
74
46
70
51
55
58_67
55
53
57
41_60
72
41
72
69
65
48
53
69
72
65
55
53
69
72
65
48
69_72
65
41
69
48
53
65
69_72
55
53
48
38_50
50
74
69_77
69_74
77
57
62
64
65
62
79
45
69
72_76
45
76
69_72
52
57
60
57
72
45
70
39
67_77
39_70
67_77
46
51
75
75
55
74
58
74
55
69
65_72
41
41
65_69
72
48
53
55
57
53
41
74_77
69
50
69_74_77
57
62
64
65
62
79
72
69_76
45
45
72_76
69
52
57
60
57
72
45
39
70
67
77
39
77
70
67
46
75
51
75
55
74
58_74
55
68
75
65
37
75
37_68
65
44
49
73
73
53
72
56
72
53
67
72
64
36
64_67
36_72
43
48
52
55
52
36
72
76
41
69
41
72_77
48
53
55
53_79
48
45
76
45
52
57
72
60
57
45
77
69_72
41
41
77
48
53
55
53
79
48
45
45
76
52
57
72
60
57
69
45
46
70_74
46_74
53
58
60
62
58
70
67
39
74
39
46
70
51
55
36
67
48
69
41_72
41
72
48
53
55
53
48
41
69
48
53
55
53
72
48
76
69
41
72
53
41_57
77
60
48
53
55
53
79
48
77
45
57
60
64
45
76
52
57
72
60
57
45
77
57
41_65
60
69
72
41
77
48
53
55
53_79
48
76
45
45
60
57
64
52
57_72
60
57
69
45
58
65
46
62
70
74
46_74
53
58
60
62
58
58
39
63
55
39_70
74
67
46
51
70
55
58
67
55
41
57
60
65
69
41_72
72
48
53
55
53
48
69
41
48
53
55
36
48
41
57
60
53
41
65
69_72_77
48
53
55
53
48
69_72
41
65
53_65
60
41
57_57
53_60
