62
64
61
65
60
67
58
55
69
64
58
62
57
60
62
64
61
65
60
67
58
55_69
64
58
69
64
57
62
60
62
64
61
65
60
70
58
76
55
64
69
65
57
58
62
61
64
65
60
58
70
76
55
69
76
64
69
65
57
58
62
64
61
62
60
64
58
62
55
64
64
69
65
57
58
62
64
62
64
61
62
60
64
58
62
64
55
64
69
65
57
58
62
64
58
50
62
52
64
43
62
50
64
36_69
65
38
58
53
64
58
62
64
50
62
52
64
62
43
50_64
36
69
65
38
53
58
74
58
76
50
74
52
76
43
50_76
74
88
36
86
76
74
38
65
70
58
74_76
88
50_86
52
74_76
88
43
86
74_76
50
36
86_88
38_76
74
65
70
64
55
76
58
69
57
81
60
76
58
88
62
81
60
93
64
76
58
88
62
69
57
81
60
64
55
76
58
69
57
81
60
76
58
88
62
81
60
93
64
76
58
88
62
69
81
57
60
62
64
61
65
60
67
58
69
55
64
58
62
57
60
62
64
61
65
60
67
58
69
55
64
58_69
64
62
57
60
62
61_64
60
65
58
70
76
55
64
69
57
65
58
62
61
64
65
60
58
70
76
55
69
76
64
69
65
57
58
62
64
61
62
60
64
58
62
55
64
69
64
65
57
58
62
64
62
64
61
62
64
60
62
58
64
55
69
64
65
57
58
62
64
58
50
62
52
64
43
62
50
64
36
69
65
38
53
58
64
58
62
64
50
62
64
52
62
43
50
64
36
69
65
38
53
58
74
58
76
50
74
52
76
43
50
74_76
88
36
86
38
74_76
65
70
76
74
58
88
50
86
52
74_76
43
88
86
50
74_76
88
36
86
74_76
38
65
70
64
55
76
58
69
57
81
60
76
58
88
62
81
60
93
64
76
58
88
62
69
57
81
60
64
55
76
58
69
57
81
60
76
58
88
62
81
60
93
64
76
58
88
62
69
57
81
60
62
64
61
65
60
67
58
69
55
64
58
62
57
60
43
31
64
65
67
69
71
72
74
76
77
79
81
83
84
86
88
89
91
93
95
96
98
36
24
92
94
