60
60
48_60
48
36
65_72_80
60_72
65_68_80_84
65_72_80
77_80
68_72
53
41
53_56
29
48
60
60
48_60
48
36
62_74_86
60_72
65_68_83_86
62_71_80
77_80
71_74
53
41
53_56
29
48
60
60
48_60
48
36
75_87
60_72
63_84_87
66_75_84
75_81
72_75
54
42
54_57
30
48
63_72_79
55_67
55_67_87_91
55_63_72
75_79
72_75
55_67
43
55_60
31
43
55_62_71
55_67
55_67_74_83
55_62_71
71_79
71_74
55_67
43
55_59
31
43
60
48
48
36
63
51
63
51
62
50
62
50
67
55
67
55
60
48
48
36
63
51
63
51
62
50
62
50
67
55
67
55
60
48
48
36
63
51
63
51
62
50
62
50
68
56
68
56
67
55
67
55
72
60
72
60
71
59
71
59
59
77
65
65
77
65
65
75
63
63
75
63
80
68
63
60
48
80
68
80
68
63
60
48
91
79
67
62
58
46
79
67
79
67
62
58
46
90
78
66
60
56
44
78
66
78
66
60
56
44
59
55
43
79
55_67
55_67_83_91
67
71_79
59_67
43_55
43
58
46
34
61
49
61
49
49
60
48
48
60
48
48
65
53
53
65
53
53
58
46
34
61
49
61
49
49
60
48
48
60
48
48
65
53
53
65
53
53
58
46
34
61
49
61
49
49
60
48
48
60
48
48
66
54
54
66
54
54
65
53
53
65
53
53
70
58
58
70
58
58
69
57
57
69
57
57
57
75
63
63
63
75
63
63
63
73
61
61
61
73
61
78
61
58
66
46
78
66
78
66
61
58
46
89
77
60
56
65
44
77
65
77
65
60
56
44
58
55
43
76
64
76
60_72
58_70_84_88
64
70_76
58
55
55_64
43
48
89
77
56
65
44
77
65
48_60
77
65
48_60
56
44
87
75
55
63
43
75
63
48_60
75
63
48_60
55
43
86
74
53
62
41
74
68
62
48_60
74
68
62
48_60
60_72
48
67
55
43
86
74
53
62
41
74
68
62
48_60
74
68
62
48_60
60_72
48
67
55
43
68_86
74
53
62
41
74
62
48_60
74
62
48_60
67
55
43
60_72
68_86
74
53
62
41
48
74
62
48_60
74
62
48_60
67
55
43
60_72
68_86
74
53
62
41
48
74
62
48_60
74
62
48_60
67
55
43
60_72
68_86
74
53
62
41
48
74
62
48_60
74
62
48_60
67
55
43
77
60_72
65_68_84_89
65
72_77
65_72
56_60
56
48
56_60
44
77
65
56_60
48
77
65
56_60
77
65
48
56_60
77
65
56_60
48
77
65
56_60
48
77
65
56_60
77
48
65
56_60
77
65
56_60
48
77
65
56_60
48
77
65
56_60
77
48
65
56_60
77
65
56_60
48
77
65
56_60
48
77
65
56_60
77
48
65
56_60
77
65
56_60
48
77
65
56_60
77
65
56_60
77
65
56_60
75
55_67
67_75_87
63
75
63
55_58
55
55_58
43
43
75
63
55_58
75
63
55_58
75
63
55_58
73
55_67
65_68_73_85
61
73
65_68
53_56
53
53_56
41
43
73
61
53_56
73
61
53_56
73
61
53_56
72
55_67
63_67_72_84
60
72
63_67
51_55
51
51_55
39
43
72
60
51_55
72
60
51_55
72
60
51_55
71
55_67
65_67_79_83
59
71_77
67_79
53_55
50
50_53
38
43
71
59
53_55
71
59
53_55
71
59
53_55
71
59
53_55
71
59
53_55
71
59
53_55
71
59
53_55
72
55_67
63_67_79_84
60
72_75
67_79
51_55
48
48_51
36
43
72
60
51_55
72
60
51_55
72
60
51_55
72
60
51_55
72
60
51_55
72
60
51_55
72
60
51_55
74
55_67
55_67_74_86
62
74_79
74_77
53_55
47
47_59
35
43
74
62
53_55
74
62
53_55
74
62
53_55
74
62
53_55
74
62
53_55
74
62
53_55
74
62
53_55
75
60_72
55_67_75_87
63
75_79
67_72
51_55
48
48_60
36
48
75
63
51_55
75
63
51_55
75
63
51_55
75
63
51_55
75
63
51_55
75
63
51_55
75
63
51_55
76
60_72
67_84_88
64
76_79
67_72
55_60
46
46_58
34
48
76
64
55_60
76
64
55_60
76
64
55_60
76
64
55_60
76
64
55_60
76
64
55_60
76
64
55_60
76
60_72
65_84_89
65
72_77
65_68
56_60
44
44_56
32
48
77
65
56_60
77
65
56_60
77
65
56_60
77
65
56_60
77
65
56_60
77
65
56_60
77
65
56_60
79
60_72
58_70_84_91
60_67
76_79
67_70
58_64
43
43_55
31
48
79
60_67
58_64
79
60_67
58_64
79
60_67
58_64
79
60_67
58_64
79
60_67
58_64
79
60_67
58_64
79
60_67
58_64
80
60_72
65_68_84_92
60_68
76_80
68_72
60_65
41
41_53
29
48
80
60_68
60_65
80
60_68
60_65
80
60_68
60_65
80
60_68
60_65
80
60_68
60_65
80
60_68
60_65
80
60_68
60_65
81
60_72
63_81_93
69
75_81
72_75
48_60
42
42_54
30
48
60
60
48
48
63
63
51
51
63
63
51
51
62
62
50
50
81
60_72
63_81_93
69
75_81
72_75
48_60
42
42_54
30
48
60
60
48
48
63
63
51
51
63
63
51
51
62
62
50
50
80
80_92
62
74_80
71_74
59
41
41_53
29
59
59
47
62
62
50
50
62
62
50
50
60
60
48
48
80
80_92
62
74_80
71_74
59
41
41_53
29
59
59
47
62
62
50
50
62
62
50
50
60
60
48
48
79
67_79_91
61
79
70_73
58
40
40_52
28
58
46
61
49
49
61
49
49
60
48
48
78
60_72
51_63_78_90
60
78
69_72
57
39
40_52
27
48
57
57
45
60
60
48
60
60
48
58
58
46
77
46_58_77_89
70_77
65_70
38
38_50
26
82
57
57
45
60
60
48
60
60
48
58
58
46
78
46_58_90
70_78
66_70
39
38_50
27
77
46_58_89
70_77
65_70
38
38_50
26
82
57
57
45
60
60
48
60
60
48
58
58
46
78
46_58_90
70_78
66_70
39
38_50
27
77
46_58_89
70_77
65_70
38
38_50
26
82
57
57
45
60
60
48
60
60
48
58
58
46
78
46_58_90
70_78
66_70
39
38_50
27
77
46_58
70_77
65_70
38
38_50
26
82
57
57
45
60
60
48
60
60
48
58
58
46
78
46_58_90
58
70_78
66_70
58
39
38_50
27
57
57
77
46_58_89
58
70_77
65_70
58
38
38_50
26
74
70
68
67
46_58
51
46
39
55
51
55
58
55
68
51
51
46
39
67
56
32
53
65
50
53
62
58
53
58
50
56
46
32
70
55
31
55
51
55
58
55
72
51
55
46
31
70
50
38
56
53
56
68
58
56
53
50
46
38
67
67
79
51
39
55
70_82
51
55
58
55
70_82
68
80
51
51
46
39
67
79
56
32
53
70_82
65
77
50
53
62
74
58
53
70_82
58
70
50
56
46
32
70
82
55
31
55
70_82
51
55
58
55
70_82
72
84
51
55
46
31
70
82
50
38
56
70_82
53
56
68
80
58
56
70_82
53
50
46
38
82
91
67
79
79
51
67
39
82
70
82
70
55
82
70
82
70
51
82
70
82
70
55
82
70
82
70
58
82
70
82
70
55
82
70
82
92
70
80
80
51
68
82
70
82
70
51
46
39
82
70
82
91
70
79
79
56
67
32
82
70
82
70
53
82
70
82
89
70
77
77
50
65
82
70
82
70
53
82
70
82
86
70
74
74
56
62
82
70
82
70
53
82
70
82
82
70
70
70
50
58
82
70
82
70
56
44
32
82
70
82
46_58_82
70
82
70_82
55_58
43
55_58
31
82
70
55_58
82
70
55_58
82
70
55_58
82
70
55_58
82
70
55_58
82
70
55_58
82
70
55_58
85
65_85
73
85
61_73
53_56
41
53_56
29
85
73
53_56
85
73
53_56
85
73
53_56
85
73
53_56
85
73
53_56
85
73
53_56
85
73
53_56
84
67_84
72
84
60_72
52_55
40
52_55
28
84
72
52_55
84
72
52_55
84
72
52_55
84
72
52_55
84
72
52_55
84
72
52_55
84
72
52_55
82
70
82
48_52
36
48_60
36
82
70
48_52
82
70
48_52
82
70
48_52
82
70
48_52
82
70
48_52
82
70
48_52
82
70
48_52
80
68
53
41
29
56
53
56
60
56
82
70
53
53
48
29
80
68
58
34
55
79
67
52
55
76
64
60
55
72
60
52
58
48
34
84
72
56
32
56
53
56
60
56
85
73
53
56
48
32
84
72
52
28
58
55
58
82
70
60
58
55
52
48
28
80
68
80
68
53
29
84
72
84
72
56
84
72
84
72
53
84
72
84
72
56
84
72
84
72
60
84
72
84
72
56
84
72
84
72
82
70
53
84
72
84
72
53
48
29
84
72
84
72
80
68
58
34
84
72
84
72
55
84
72
84
72
79
67
52
84
72
84
72
55
84
72
84
72
76
64
58
84
72
84
72
55
84
72
84
72
72
60
52
84
72
84
72
58
46
34
84
72
84
84
72
84
72
56_60
44
48_60
32
84
72
56_60
84
72
56_60
84
72
56_60
84
72
56_60
84
72
56_60
84
72
56_60
84
72
56_60
87
87
75
75
63_75
55_58
43
55_58
31
87
75
55_58
87
75
55_58
87
75
55_58
87
75
55_58
87
75
55_58
87
75
55_58
87
75
55_58
86
86
74
74
62_74
54_57
42
54_57
30
86
74
54_57
86
74
54_57
86
74
54_57
86
74
54_57
86
74
54_57
86
74
54_57
86
74
54_57
84
72
50_54
38
50_62
38
84
72
50_54
84
72
50_54
84
72
50_54
84
72
50_54
84
72
50_54
84
72
50_54
84
72
50_54
82
70
55
43
43
31
58
55
58
62
58
84
72
55
55
50
31
82
70
48
36
57
81
69
54
57
78
66
62
57
74
62
54
48
50
36
86
74
53
53
35
56
56
80
68
53
53
56
56
79
67
53
53
55
55
77
89
65
77
50
50
65
55
55
89
77
48
65
36
75
72
60_63
72
87
67
75
55_60
63
75
72
60_63
50
38
74
70
58_62
70
86
67
74
55_58
62
74
70
58_62
86
74
51
62
39
72
67
55_60
67
84
63
72
51_55
60
72
67
55_60
50
38
70
67
55_58
67
82
62
70
50_55
58
70
67
55_58
82
70
48
58
36
69
67
55_57
67
81
63
69
51_55
57
69
67
55_57
82
70
49
58
37
70
67
55_58
67
79
64
67
52_55
55
70
67
55_58
66
78
66
50
50
54
38
69
66
62
69
66
63
50
54_57
50
54_57
38
69
66
63
69
66
62
50
54_57
38
69
66
62
69
66
63
50
54_57
50
54_57
38
69
66
63
69
66
62
81
78
50
54_57
82
79
38
70
67
62
70
67
63
50
55_58
50
55_58
38
70
67
63
70
67
62
50
55_58
38
70
67
62
70
67
63
50
55_58
50
55_58
38
70
67
63
70
67
62
82
79
50
55_58
84
81
38
72
69
62
72
69
63
50
57_60
50
57_60
38
72
69
63
72
69
62
84
81
50
57_60
86
82
38
74
70
62
74
70
63
50
58_62
50
58_62
38
74
70
63
74
70
62
86
82
50
58_62
75
60_72
63_81_87
69
75_78
63_75
66
60
60_63
48_48
75
69
66
48
75
69
66
48
75
69
66
48
75
69
66
48
75
69
66
48
75
69
66
48
75
69
66
48
75
69
66
48
75
69
66
75
69
66
75
69
66
74
55_67
55_67_82_86
70
74_79
62_74
67
58
58_62
46
43
74
70
67
74
70
67
74
70
67
78
60_72
84_90
72
72_78
72
62
57
57_60
45
48
78
72
62
78
72
62
78
72
62
79
55_67
55_67_82_91
70
70_79
70
62
55
55_58
43
43
79
70
62
79
70
62
79
70
62
78
60_72
84_90
72
72_78
72
62
57
57_60
45
48
78
72
62
78
72
62
78
72
62
79
55_67
55_67_82_91
70
70_79
70
62
55
55_58
43
43
79
70
62
79
70
62
79
70
62
75
60_72
63_81_87
69
75_78
63_75
66
60
60_63
48
48
75
69
66
48
75
69
66
48
75
69
66
48
75
69
66
48
75
69
66
48
75
69
66
48
75
69
66
48
75
69
66
48
75
69
66
75
69
66
75
69
66
74
55_67
55_67_82_86
70
74_79
62_74
67
58
58_62
46
43
74
70
67
74
70
67
74
70
67
78
60_72
84_90
72
72_78
72
60
57
57_60
45
48
78
72
60
78
72
60
78
72
60
79
55_67
55_67_82_91
70
70_79
70
62
55
55_58
43
43
79
70
62
79
70
62
79
70
62
78
60_72
84_90
72
72_78
72
60
57
57_60
45
48
78
72
60
78
72
60
78
72
60
79
55_67
55_67_82_91
70
70_79
70
62
55
55_58
43
43
79
70
62
79
70
62
79
70
62
80
55_67
65_68_83_92
71
80
68
59
53
43_59_62
41
80
71
59
43
80
71
59
43
80
71
59
43
80
71
59
43
80
71
59
43
80
71
59
43
80
71
59
43
80
71
59
43
80
71
59
80
71
59
80
71
59
79
55_67
63_67_84_91
72
79
67
60
51
60_63
39
43
79
72
60
79
72
60
79
72
60
83
55_67
65_67_77_83
77
71
65
65
50
50_62
38
43
83
77
65
83
77
65
83
77
65
84
60_72
63_67_75_84
75
72
63
63
48
48_60
36
48
84
75
63
84
75
63
84
75
63
83
55_67
65_67_77_83
77
71
65
65
50
50_62
38
43
83
77
65
83
77
65
83
77
65
84
60_72
63_67_75_84
75
72
63
63
48
48_60
36
48
84
75
63
84
75
63
84
75
63
80
55_67
65_68_83_92
71
80
68
59
53
59_62
41
43
80
71
59
43
80
71
59
43
80
71
59
43
80
71
59
43
80
71
59
43
80
71
59
43
80
71
59
43
80
71
59
43
80
71
59
80
71
59
80
71
59
79
55_67
63_67_84_91
72
79
67
60
51
60_63
39
43
79
72
60
79
72
60
79
72
60
83
55_67
65_67_77_83
77
71
65
62
50
50_62
38
43
83
77
62
83
77
62
83
77
62
84
60_72
63_67_75_84
75
72
63
60
48
48_60
36
48
84
75
60
84
75
60
84
75
60
83
55_67
65_67_77_83
77
71
65
62
50
50_62
38
43
83
77
62
83
77
62
83
77
62
84
60_72
63_67_75_84
75
72
63
60
48
48_60
36
48
84
75
60
84
75
60
84
75
60
60_72
48
48
36
48
87
75
80
68
63
63_68
60
60
60
63_84_87
75_80
63_68
60
60
60
79
82
67
79
67_70
61
61
61
60_72
36
48
87
75
80
68
63
63_68
60
60
60
63_84_87
75_80
63_68
60
60
60
79
82
67
79
67_70
61
61
61
60_72
36
48
87
75
80
68
63
63_68
60
60
60
63_84_87
75_80
63_68
60
60
60
79
82
67
79
67_70
61
61
61
60_72
36
48
87
75
80
68
63
63_68
60
60
60
63_84_87
75_80
63_68
60
60
60
79
82
67
79
67_70
61
61
61
60_72
63_87
63
75_80
68
60
48
60_63
36
48
68
63
87
68
63
68
63
80
68
63
68
63
68
63
60
48
68
63
60_72
63
66
78
66_69
63
48
36
48
69
66
78
69
66
69
66
87
69
66
69
66
69
66
60
48
69
66
55_67
55_67_86
62
74_79
67_74
59
47
59_62
35
43
67
62
86
67
62
67
62
79
67
62
67
62
67
62
59
47
67
62
55_67
55_67_79_85
64
73_76
64_67
58
46
58_61
34
43
67
64
76
67
64
67
64
85
67
64
67
64
67
64
58
46
67
64
60_72
80_84
60
72_77
65_72
56
44
56_60
32
48
65
60
84
65
60
65
60
77
65
60
65
60
65
60
56
44
65
60
60_72
63_67_72
60
75
63
55
43
55
31
48
63
60
84
63
60
63
60
75
63
60
63
60
63
60
55
43
63
60
60_72
60
81
69
57
42
54
30
48
69
60
84
69
60
69
60
81
69
60
69
60
69
60
54
42
69
60
60_72
63_67
60
79
67
55
51
53
39
48
67
60
84
67
60
67
60
79
67
60
67
60
67
60
51
39
67
60
60_72
72_84
66
72_78
66_72
60
50
50_62
38
48
78
62
50
62
62
50
50
38
75_87
75
63_75
51
51_63
39
63
63
51
63
63
51
51
39
72_84
72
60_72
48
48_60
36
60
60
48
60
60
48
48
36
74
74_86
74
62_74
50
50_62
38
62
62
50
62
62
50
50
38
55
67_79
55
67
55_67
55
55
55
31
58
58
61
61
75
62
62
74
63
63
62
62
58
58
70
55
55
69
54
54
54
57
57
61
61
75
62
62
74
63
63
62
62
57
57
69
74
74_81
62_69
74_81
69_74
54
54
30
70
55_67
55_67_74_82
62_70
74_82
70_74
55
55
55
31
43
58
58
61
61
75
62
62
74
63
63
62
62
58
58
70
55
55
69
54
54
54
57
57
61
61
75
62
62
74
63
63
62
62
57
57
69
74
74_81
62_69
74_81
69_74
54
54
30
70
55_67
55_67_74_82
62_70
74_82
70_74
55
55
55
31
43
58
58
61
61
75
62
62
74
53
53
53
57
57
60
60
69
69
62
62
67
67
51
51
51
55
55
59
59
72
60
60
70
50
50
50
53
53
57
57
65
65
58
58
63
63
48
48
48
51
51
55
55
69
57
57
67
46
46
50
50
54
54
62
62
55
55
60
60
45
45
48
48
51
51
67
67
55
55
66
66
50
50
50
54
54
57
57
72
72
62
62
70
67
55_67_70
70
82
70
55
55
55
43
43
55
58
58
58
46
58
61
61
61
49
61
87
67
55_67_75_87
75
63
63
63
51
43
63
86
67
55_67_74_86
74
81
69
53
53
53
41
43
53
57
57
57
45
57
60
61
61
49
60
81
67
55_67_69_81
69
62
62
62
50
43
62
79
67
55_67_67_79
67
79
67
51
51
51
39
43
51
55
55
55
43
55
59
59
59
47
59
84
67
55_67_72_84
72
60
60
60
48
43
60
82
67
55_67_70_82
70
77
65
50
50
50
38
43
50
53
53
53
41
53
57
57
57
45
57
77
67
55_65_67_77
65
58
58
58
46
43
58
75
55_67
63_67_75
63
75
63
48
48
48
36
43
48
51
51
51
39
51
55
55
55
43
55
81
55_67
67_69_81
69
57
57
57
45
43
57
79
55_67
67_67_70_79
67
79
67
49
49
49
37
43
49
52
52
52
40
52
55
55
55
43
55
61
55_67
67_70_82_91
61
67_70
58
58
58
46
43
58
62
74
67_70_82_91
62
79_82
67_70
50
50
50
38
58_67
50
58_67
55
55
55
43
58_67
55
58_67
58
58
58
46
58_67
58
79
74
67_70_82_91
58_67
79_82
62_74
62
62
62
50
58_67
62
62
74
81_90
57_66
78_81
62_74
50
50
50
38
57_66
50
57_66
54
54
54
42
57_66
54
57_66
57
57
57
45
57_66
57
78
74
81_90
57_66
78_81
62_74
62
62
62
50
57_66
62
55
55_67
67_70_82_91
58_67
70_79
70_74
55_62
43
43_55
31
43
58_67
55_62
43
58_67
55_62
58_67
43
55_62
58_67
55_62
43
58_67
55_62
43
79
58_67
55_62
58_67
43
55_62
79
58_67
55_62
43
58_67
55_62
43
58_67
55_62
58_67
43
55_62
58_67
55_62
43
58_67
55_62
43
58_67
55_62
43
43_55
31
43
58_67
55_62
58_67
55_62
43
43_55
31
43
58_67
55_62
43
58_67
55_62
58_67
43
55_62
58_67
55_62
43
58_67
55_62
43
82
58_67
55_62
43_58_67
55_62
82
58_67
55_62
43
58_67
55_62
43
58_67
55_62
43
58_67
55_62
58_67
55_62
43
58_67
55_62
43
58_67
55_62
43
43_55
31
58_67
43
55_62
55_67
58_67
55_62
43
43_55
31
43
58_67
55_62
58_67
55_62
58_67
55_62
58_67
55_62
58_67
55_62
79
55_67
67_70_82_91
58_67
70_79
70_74
55_62
43
43_55
31
43
58_67
55_62
79
55_67
67_70_82_91
58_67
70_79
70_74
55_62
43
43_55
31
43
58_67
55_62
58_67
55_62
58_67
55_62
58_67
55_62
58_67
55_62
82
55_67
67_70_82_91
58_67
70_79
70_74
55_62
43
43_55
31
43
58_67
55_62
82
55_67
67_70_82_91
58_67
70_79
70_74
55_62
43
43_55
31
43
58_67
55_62
58_67
55_62
58_67
55_62
58_67
55_62
58_67
55_62
86
55_67
67_70_82_91
58_67
70_79
70_74
55_62
43
43_55
31
43
58_67
55_62
86
55_67
67_70_82_91
58_67
70_79
70_74
55_62
43
43_55
31
43
58_67
55_62
58_67
55_62
58_67
55_62
58_67
55_62
58_67
55_62
91
55_67
67_70_82_91
58_67
70_79
70_74
55_62
43
43_55
31
43
58_67
55_62
91
55_67
67_70_82_91
58_67
70_79
70_74
55
55
55
31
43
58
58
61
61
75
62
62
74
63
63
62
62
58
58
70
55
55
69
54
54
54
57
57
61
61
75
62
62
74
63
63
62
62
57
57
69
54
54
70
55
55
55
58
58
60
60
75
61
61
73
60
60
61
61
58
58
70
55
55
68
53
53
53
56
56
60
60
75
61
61
73
60
60
61
61
56
56
68
53
53
67
52
52
52
55
55
59
59
85
73
60
60
61
84
72
59
59
60
60
60
55
55
79
67
51
51
55
80
68
53
53
53_56
55
55
59
59
75
60
60
73
59
59
60
60
56
56
68
53
53
67
52
52
52
55
55
59
59
85
73
60
60
61
84
72
59
59
60
60
60
55
55
79
67
51
51
55
76
64
48
48
48_52
52
52
54
54
72
55
55
70
54
54
55
55
52
52
64
48
48
68
53
53
53
56
56
59
59
73
60
60
72
61
61
60
60
56
56
68
53
53
67
52
52
52
55
55
59
59
73
60
60
72
61
61
60
60
55
55
67
52
52
68
53
53
53
56
56
60
60
75
61
61
73
60
60
61
61
56
56
68
53
53
70
55
55
55
58
58
62
62
89
77
63
63
65
87
75
62
62
63
63
63
58
58
82
70
55
55
58
84
72
56
56
56_60
60
60
62
62
77
63
63
75
65
65
63
63
60
60
72
56
56
70
55
55
55
58
58
62
62
77
63
63
75
65
65
63
63
58
58
70
55
55
72
56
56
56
56
56
56
60
60
77
63
63
75
65
65
63
63
60
60
72
56
56
72
57
57
57
57
60
60
63
63
90
65
78
65
66
89
66
77
66
65
65
65
60
60
84
57
72
57
60
85
58
73
58
58
58_61
61
61
65
65
80
66
80
66
78
68
78
68
66
66
61
61
73
58
73
58
75
60
75
60
60
60
63
63
67
67
82
68
82
68
80
70
80
70
68
68
63
63
75
60
75
60
77
61
77
61
61
61
65
65
69
69
82
70
70
80
60
60
60
60
63
63
67
67
75
68
68
73
58
58
58
58
61
61
65
65
78
66
66
77
56
56
56
56
60
60
64
64
72
65
65
70
54
54
54
58
58
62
62
75
63
63
73
53
53
53
56
56
60
60
68
61
61
66
51
51
51
58
54
58
58
73
61
61
72
56
56
44
44
60
60
48
63
63
51
78
56
56
56
77
65_77_89
65
77
65
49
49
49
37
49
53
53
53
41
53
57
57
57
45
57
82
70
58
58
58
46
58
80
68
48
48
48
36
48
51
51
51
39
51
55
55
55
43
55
75
75_87
63
75
63
56
56
56
44
56
73
58_70_73_85
61
73
61
46
46
46
34
46
49
49
49
37
49
53
53
53
41
53
78
66
54
54
54
42
54
77
65
44
44
44
32
44
48
48
48
36
48
52
52
52
40
52
72
72_84
60
72
60
53
53
53
41
53
70
58_70_70_82
58
70
58
43
43
43
31
43
46
46
46
34
46
48
48
48
36
48
76
58_70_82_88
64
70_76
64_70
49
49
49
37
49
77
58_70_82_89
65
70_77
65_70
41
41
41
29
41
46
46
46
34
46
48
48
48
36
48
70
58_70_82_89
58
70_77
65_70
49
49
49
37
49
70
60_72
58_70_82_91
58
70_79
67_70
40
40
40
28
48
40
43
43
43
31
43
46
46
46
34
46
79
60_72
58_70_82_91
67
70_79
67_70
49
49
49
37
48
49
76
60_72
67_70_82_88
64
70_76
67_70
48
48
48
36
48
48
52
52
52
40
52
55
55
55
43
55
82
60_72
67_70_82_88
70
70_76
67_70
60
60
60
48
48
60
80
65_68
68
72_84
53
53
53_60
41
56
56
60
60
85
73
61
61
84
72
51
51
55
55
59
59
79
67
60
60
77
65
49
49
53
53
57
57
82
70
58
58
80
68
48
48
51
51
55
55
75
63
56
56
73
61
46
49
49
52
52
79
67
55
55
77
65
44
48
48
51
51
72
60
53
53
70
58
43
58
46
49
49
77
65
53
53
76
64
48
48
52
52
55
55
82
70
60
60
80
60_72
65_68_80
68
72_84
68
53
53
53
41
48
53
56
56
56
44
56
60
60
60
48
60
85
60_72
85
73
72_84
73
61
61
61
49
48
61
84
60_72
63_67_84
72
72_84
72
51
51
51
39
48
51
55
55
55
43
55
59
59
59
47
59
79
60_72
79
67
72_84
67
60
60
60
48
48
60
77
60_72
65_77
65
72_84
65
49
49
49
37
48
49
53
53
53
41
53
57
57
57
45
57
82
60_72
82
70
72_84
70
58
58
58
46
48
58
80
60_72
63_80
68
72_84
68
48
48
48
36
48
48
51
51
51
39
51
55
55
55
43
55
75
60_72
75
63
72_84
63
56
56
56
44
48
56
73
60_72
58_70_73
61
72_84
61
46
46
34
48
49
49
49
37
49
52
52
52
40
52
79
60_72
79
67
72_84
67
55
55
55
43
48
55
77
60_72
65_68_77
65
72_84
65
44
44
32
48
48
48
48
36
48
52
52
52
40
52
60
60_72
80_89
60
72_84
65_68
53
53
53
41
48
53
61
65_67_79_89
61
73_85
65_67
46
46
34
49
49
49
37
49
53
53
53
41
53
77
79_89
77
73_85
65_67
55
55
55
43
55
60
60_72
67_79_88
60
72_84
64_67
48
48
48
36
48
48
52
52
52
40
52
55
55
55
43
55
76
60_72
79_88
76
72_84
64_67
60
60
60
48
48
60
65
60_72
65_80_89
65
65_77
65
53
53
53
41
48
85
58_65_77_85
65_73
73_77
70_73
58_65
46
46_61
34
65
65
53
53
53
41
77_86
74
65_68_86
62_74
77_80
65_74
59_62
47
47_59
35
65
65
53
53
68
68
56
56
68
68
56
56
67
67
55
55
77_86
74
65_68_86
62_74
77_80
65_74
59_62
47
47_59
35
65
65
53
53
68
68
56
56
68
68
56
56
67
67
55
55
65
53
68
56
68
56
67
55
67
55
72
60
72
60
71
59
71
59
75
63
75
63
74
62
74
62
79
67
79
67
73_85
67_85
64_73
76_79
64_67
46
46
46_58
34
64
64
52
52
67
67
55
55
67
67
55
55
65
65
53
53
73_85
67_85
64_73
76_79
64_67
46
46
46_58
34
64
64
52
52
67
67
55
55
67
67
55
55
65
65
53
53
64
52
70
58
70
58
68
56
67
55
73
61
73
61
72
60
70
58
79
67
79
67
77
65
76
64
79
67
79
67
85
85
76
61_73
46
46_52
34
84
65_84
77
60_72
44
44_53
32
64
52
52
67
55
55
67
55
55
65
53
53
85
85
76
61_73
46
46_52
34
84
65_84
77
60_72
44
44_53
32
64
52
52
67
55
55
67
55
55
65
53
53
85
85
76
61_73
46
46_52
34
84
65_84
77
60_72
44
44_53
32
64
52
52
67
55
55
67
55
55
65
53
53
85
85
76
61_73
46
46_52
34
84
65_84
77
60_72
44
44_53
32
64
52
52
67
55
55
67
55
55
65
53
53
87
60_72
87
66
78
63_75
54
54
48_54
36
48
66
54
54
86
55_67
67_86
67
79
62_74
55
55
47_55
35
43
66
54
54
68
56
56
68
56
56
67
55
55
87
60_72
87
78
63_75
48
48_54
36
48
86
55_67
67_86
79
62_74
47
47_55
35
43
66
54
54
68
56
56
68
56
56
67
55
55
87
60_72
87
78
63_75
48
48_54
36
48
86
55_67
67_86
79
62_74
47
47_55
35
43
66
54
54
68
56
56
68
56
56
67
55
55
87
60_72
87
78
63_75
48
48_54
36
48
86
55_67
67_86
79
62_74
47
47_55
35
43
66
54
54
68
56
56
68
56
56
67
55
55
87
60_72
87
75
78
63_75
48
48
48_54
36
48
86
55_67
67_86
74
79
62_74
47
47
47_55
35
43
83
71
79
67
77
65
76
55
64
48
43
43
36
52
48
52
55
52
77
65
48
48
43
36
76
64
53
29
50
74
62
47
50
71
59
55
50
67
55
47
53
43
29
79
67
52
28
52
48
52
55
52
81
69
48
52
43
28
79
67
59
35
53
50
53
77
65
55
53
50
59
43
35
76
64
76
60
64
36
52
79
67
48
52
55
52
79
67
77
48
65
48
43
36
76
53
64
29
50
79
67
74
47
62
50
71
55
59
50
79
67
67
47
55
53
43
29
79
52
67
28
52
79
67
48
52
55
52
79
67
81
48
69
52
43
40
79
59
67
35
53
79
67
50
53
77
55
65
53
79
67
50
59
43
35
79
88
67
76
64_76
60
64
36
79
67
79
67
52
79
67
79
67
48
79
67
79
67
52
79
67
79
67
55
79
67
79
67
52
79
67
79
89
67
77
65_77
48
65
79
67
79
67
48
43
36
79
67
79
88
67
76
64_76
53
64
29
79
67
79
67
50
79
67
79
86
67
74
62_74
47
62
79
67
79
67
50
79
67
79
83
67
71
59_71
55
59
79
67
79
67
50
79
67
79
79
67
67
55_67
47
55
79
67
79
67
53
41
29
79
67
79
55_67_79
67
67_79
67
64_67
40
52_55
28
79
67
64_67
79
67
64_67
79
67
64_67
79
67
64_67
79
67
64_67
79
67
64_67
79
67
64_67
82
65_82
70
70_82
70
62_65
50
50_53
38
82
70
62_65
82
70
62_65
82
70
62_65
82
70
62_65
82
70
62_65
82
70
62_65
82
70
62_65
81
81
69
69_81
69
61_64
49
48_52
37
81
69
61_64
81
69
61_64
81
69
61_64
81
69
61_64
81
69
61_64
81
69
61_64
81
69
61_64
79
67
57_61
45
45_57
33
79
67
57_61
79
67
57_61
79
67
57_61
79
67
57_61
79
67
57_61
79
67
57_61
79
67
57_61
77
65
50
38
53
50
53
57
53
79
67
50
50
45
38
77
65
55
31
52
76
64
49
52
73
61
57
52
69
57
49
55
45
31
81
69
53
29
53
50
53
57
53
82
70
50
53
45
29
81
69
49
37
55
52
55
79
67
57
55
52
49
45
37
77
81
65
77
50
65
38
81
69
81
69
53
81
69
81
69
50
81
69
81
69
53
81
69
81
69
57
81
69
81
69
53
81
69
81
69
79
50
67
81
69
81
69
50
45
38
81
69
81
69
77
55
65
31
81
69
81
69
52
81
69
81
69
76
49
64
81
69
81
69
52
81
69
81
69
73
55
61
81
69
81
69
52
81
69
81
69
69
49
57
81
69
81
69
55
43
31
81
69
81
81
69
69_81
69
53_57
41
53_57
29
81
69
65_69
81
69
65_69
81
69
65_69
81
69
65_69
81
69
65_69
81
69
65_69
81
69
65_69
84
84
72
72_84
72
64_67
52
52_55
40
84
72
64_67
84
72
64_67
84
72
64_67
84
72
64_67
84
72
64_67
84
72
64_67
84
72
64_67
83
83
71
71_83
71
63_66
51
51_54
39
83
71
63_66
83
71
63_66
83
71
63_66
83
71
63_66
83
71
63_66
83
71
63_66
83
71
63_66
81
81
69
59_63
47
47_59
35
81
69
59_63
81
69
59_63
81
69
59_63
81
69
59_63
81
69
59_63
81
69
59_63
81
69
59_63
79
79
67
52
40
55
52
55
59
55
81
81
69
52
52
47
40
79
79
67
57
45
33
54
78
78
66
51
54
75
75
63
59
54
71
71
59
51
57
47
33
83
76_79
71
55
43
31
55
55
52
52
55
55
52
52
55
55
52
52
55
55
53
53
41
29
55
55
53
53
55
55
53
53
55
55
53
53
55
55
84
72_77
72
84
72
60
51
39_60
39
72
67
55_60
67
60
48_55
72
67
55_60
52
40
72
70
58_60
70
67
82
70
55_58
58
72
70
58_60
82
70
53
58
41
72
68
56_60
68
65
80
68
53_56
56
72
68
56_60
55
43
72
67
55_60
67
63
79
67
51_55
55
72
67
55_60
79
56
67
44
72
65
53_60
65
89
60
77
48_53
65
72
65
53_60
55
43
72
67
55_60
67
87
63
75
51_55
63
72
67
55_60
87
75
53
63
41
72
68
56_60
68
86
62
74
50_56
62
72
68
56_60
87
75
54
63
42
72
69
57_60
69
84
63
72
72
51_57
60
72
69
57_60
71
83
67
71
71
55_59
55
59
43
74
71
67
74
71
68
55
59_62
55
55
59_62
43
74
71
68
74
71
67
55
59_62
55
43
74
71
67
74
71
68
55
59_62
55
55
59_62
43
74
71
68
74
71
67
55
74
59_62
75
55
43
75
72
67
75
72
68
55
60_63
55
55
60_63
43
75
72
68
75
72
67
55
60_63
55
43
75
72
67
75
72
68
55
60_63
55
55
60_63
43
75
72
68
75
72
67
55
75
71
60_63
77
72
55
43
77
74
67
77
74
68
55
62_65
55
55
62_65
43
77
74
68
77
74
67
55
77
72
62_65
79
74
55
43
79
75
67
79
75
68
55
63_67
55
55
63_67
43
79
75
68
79
75
67
55
79
74
63_67
80
55_67
65_68_74_80
68
74_80
62_71
59
53
53_65
41
43
80
68
59
43
80
68
59
43
80
68
59
43
80
68
59
43
80
68
59
43
80
68
59
43
80
68
59
43
80
68
59
43
80
68
59
80
68
59
80
68
59
79
55_67
63_67_75_79
67
75_79
63_72
60
51
51_63
39
43
79
67
60
79
67
60
79
67
60
71
55_67
65_71_83
65
71_77
65_71
67
50
50_62
38
43
71
65
67
71
65
67
71
65
67
72
60_72
63_67_72_84
63
72_75
63_72
67
48
48_60
36
48
72
63
67
72
63
67
72
63
67
71
55_67
65_71_83
65
71_77
65_71
67
50
50_62
38
43
71
65
67
71
65
67
71
65
67
72
60_72
63_67_72_84
63
72_75
63_72
67
48
48_60
36
48
72
63
67
72
63
67
72
63
67
80
55_67
65_68_74_80
68
74_80
62_71
59
53
53_65
41_43
80
68
59
43
80
68
59
43
80
68
59
43
80
68
59
43
80
68
59
43
80
68
59
43
80
68
59
43
80
68
59
43
80
68
59
80
68
59
80
68
59
79
55_67
63_67_75_79
67
75_79
63_72
60
51
51_63
39
43
79
67
60
79
67
60
79
67
60
71
55_67
65_71_83
65
71_77
65_71
67
50
50_62
38
43
71
65
67
71
65
67
71
65
67
72
60_72
63_67_72_84
63
72_75
63_72
67
48
48_60
36
48
72
63
67
72
63
67
72
63
67
71
55_67
65_71_83
65
71_77
65_71
67
50
50_62
38
43
71
65
67
71
65
67
71
65
67
72
60_72
63_67_72_84
63
72_75
63_72
67
48
48_60
36
48
72
63
67
72
63
67
72
63
67
85
60_72
58_70_79_87
73
67_76
61_73
58_64
46
46_58
34
48
85
73
58_64
48
85
73
58_64
48
85
73
58_64
48
85
73
58_64
48
85
73
58_64
48
85
73
58_64
48
85
73
58_64
48
85
73
58_64
48
85
73
58_64
85
73
58_64
85
73
58_64
84
60_72
65_68_80_84
72
68_77
60_72
56_65
44
44_56
32
48
84
72
56_65
84
72
56_65
84
72
56_65
76
60_72
58_70_82_88
70
70_76
58_70
55_58
43
43_55
31
48
76
70
55_58
76
70
55_58
76
70
55_58
77
60_72
65_68_80_89
68
68_77
57_69
53_60
41
41_53
29
48
77
68
53_60
77
68
53_60
77
68
53_60
76
60_72
58_70_82_88
70
70_76
58_70
55_58
43
43_55
31
48
76
70
55_58
76
70
55_58
76
70
55_58
77
60_72
65_68_80_89
68
68_77
57_69
53_60
41
41_53
29
48
77
68
53_60
77
68
53_60
77
68
53_60
85
60_72
58_70_79_87
73
67_76
61_73
58_64
46
46_58
34
48
85
73
58_64
48
85
73
58_64
48
85
73
58_64
48
85
73
58_64
48
85
73
58_64
48
85
73
58_64
48
85
73
58_64
48
85
73
58_64
48
85
73
58_64
85
73
58_64
85
73
58_64
84
60_72
65_68_80_84
72
68_77
60_72
56_65
44
44_56
32
48
84
72
56_65
84
72
56_65
84
72
56_65
76
60_72
58_70_82_88
70
70_76
58_70
55_58
43
43_55
31
48
76
70
55_58
76
70
55_58
76
70
55_58
77
60_72
65_68_80_89
68
68_77
57_69
53_60
41
41_53
29
48
77
68
53_60
77
68
53_60
77
68
53_60
76
60_72
58_70_82_88
70
70_76
58_70
55_58
43
43_55
31
48
76
70
55_58
76
70
55_58
76
70
55_58
77
60_72
65_68_80_89
68
68_77
57_69
53_60
41
41_53
29
48
77
68
53_60
77
68
53_60
77
68
53_60
41
29
80
68
73
61
65_68
53
53
65_68_85
80
73
53
53
72
66_84
60
72
54
54
41
41
80
68
73
61
65_68
53
53
65_68_85
80
73
53
53
72
66_84
60
72
54
54
41
41
80
68
73
61
65_68
53
53
65_68_85
80
73
53
53
72
66_84
60
72
54
54
41
41
80
68
73
61
65_68
53
53
65_68_85
80
73
53
53
72
66_84
60
72
54
54
65_68_85
65
80
68_73
61
53
53_61
41
65
61
80
68
65
68
65
73
65
61
65
61
65
61
65
53
65
61
65_67_83
62
79
67_71
59
53
53_59
41
62
59
71
67
62
67
62
79
62
59
62
59
62
59
65
53
62
59
84
60
72
58
52
52_60
40
60
58
79
67
60
67
60
72
60
58
60
58
60
58
64
52
60
58
65_81_89
60
77
65_69
57
51
51_57
39
60
57
69
65
60
65
60
77
60
57
60
57
60
57
63
51
60
57
83
59
71
53
50
50_59
38
59
53
77
65
59
65
59
71
59
53
59
53
59
53
62
50
59
53
84_89
60
68_72
56
48
48_60
36
60
56
77
65
60
65
60
68
60
56
60
56
60
56
60
48
60
56
86
62
74
56
47
59_63
35
62
56
77
65
62
65
62
74
62
56
62
56
60
56
59
47
60
56
84
60
67_72
56
44
56_60
32
60
56
77
65
60
65
60
72
60
56
60
56
60
56
56
44
60
56
55_67
67_83_89
62
77
65_71
55
43
55
31
43
71
55
55
55
67
55
43
31
60_72
68_80_92
80
68
44
56
32
48
56
68
56
68
68
56
44
32
60_72
65_77_89
77
65
41
53
29
48
68
68
56
65
65
53
41
29
55_67
67_79_91
79
67
43
55
31
43
65
65
53
67
67
55
43
31
60
72_84
60
72
60
48
48
48
36
51
54
68
55
67
56
55
51
63
48
62
47
47
50
54
68
55
67
56
55
50
62
55_67
55_67_79_86
55_62
74_79
62_67
59
47
35
43
63
60_72
55_67_79_87
55_63
75_79
63_67
60
48
48
36
48
51
54
68
55
67
56
55
51
63
48
62
47
47
50
54
68
55
67
56
55
50
62
55_67
55_67_79_86
55_62
74_79
62_67
59
47
35
43
63
60_72
55_67_79_87
55_63
75_79
63_67
60
48
48
36
48
51
55
80
56
79
46
46
50
54
74
55
72
44
44
48
52
77
53
75
43
43
46
50
70
51
68
41
41
44
48
74
50
72
51
51
55
59
67
60
65
50
50
53
56
72
60
71
43
43
47
50
77
55
75
60_72
63_75_87
63
72_84
63_75
48
48
48
36
48
48
51
51
51
39
51
55
55
55
43
55
80
60_72
68
72_84
68_80
56
56
56
44
48
56
79
60_72
67_74_86
67
72_84
67_79
58
46
46
34
48
58
62
50
50
38
62
66
54
54
42
66
74
60_72
62
72_84
62_74
67
55
55
43
48
67
72
60_72
65_72_84
60
72_84
60_72
56
44
44
32
48
56
60
48
48
36
60
64
52
52
40
64
77
60_72
77_89
65
72_84
65_77
65
53
53
41
48
65
75
60_72
63_75_87
63
72_84
63_75
55
43
43
31
48
55
58
46
46
34
58
62
50
50
38
62
70
60_72
70_82
58
72_84
58_70
63
51
51
39
48
63
68
60_72
65_68_80
56
68_80
56_68
53
53
53
41
48
73
73_85
61
55_67
76
55
48
36
64
60
64
67
64
77
60
55
48
36
76
53
41
62
74
59
62
71
67
62
67
59
55
53
41
79
52
40
64
60
64
67
64
81
60
55
52
40
79
47
35
65
62
65
77
67
65
62
55
47
35
75
75
48
63
36
63
79
60
63
67
63
79
60
77
65
55
48
36
75
53
63
41
62
79
59
74
62
62
67
71
59
62
79
59
67
55
55
53
41
79
51
67
39
63
79
60
63
67
63
79
60
80
68
55
51
39
79
47
67
35
65
79
62
65
67
77
65
65
79
62
55
47
35
87
75
75
60
48
63
36
79
79
63
79
79
60
79
79
63
79
79
67
79
79
63
79
79
89
60
77
77
65
79
79
55
60
48
36
79
79
87
75
75
65
53
63
41
79
79
62
79
79
86
59
74
74
62
79
79
62
79
79
83
67
71
71
59
79
79
62
79
79
79
59
67
67
55
79
79
55
53
41
29
79
79
79
72
67
51
39
27
79
79
63
79
79
60
79
79
63
79
79
67
79
79
63
79
79
60
79
79
55
79
80
63_80
60_63
72_75
68
54
42
54_60
30
80
60_63
80
60_63
80
60_63
80
60_63
80
60_63
80
60_63
80
60_63
80
60_63
80
60_63
80
60_63
80
60_63
80
60_63
80
60_63
80
60_63
80
60_63
80
65
56
73_77
53
41
53_61
29
80
80
65
80
80
61
80
80
65
80
80
68
80
80
65
80
80
61
80
80
56
80
82
65_82
62_65
74_77
70
56
44
56_62
32
82
62_65
82
62_65
82
62_65
82
62_65
82
62_65
82
62_65
82
62_65
82
62_65
82
62_65
82
62_65
82
62_65
82
62_65
82
62_65
82
62_65
82
62_65
82
67
58
75_79
55
43
55_63
31
82
82
67
82
82
63
82
82
67
82
82
70
82
82
67
82
82
63
82
82
58
82
84
60_72
67_84
60_67
76_79
67_72
58_64
46
58_64
34
84
60_67
58_64
84
60_67
58_64
84
60_67
58_64
84
60_67
58_64
84
60_67
58_64
84
60_67
58_64
84
60_67
58_64
84
60_67
58_64
84
60_67
58_64
84
60_67
58_64
84
60_67
58_64
84
60_67
58_64
84
60_67
58_64
84
60_67
58_64
84
60_67
58_64
65
65
72_84
60
60
44
56
32
84
77
65
84
77
65
56
56
44
55
55
43
84
75
63
84
75
63
55
55
43
53
53
41
84
80
68
84
80
68
53
53
41
51
51
39
84
79
67
84
79
67
51
51
39
56
56
44
84
77
65
84
77
65
56
56
44
55
55
43
84
75
63
84
75
63
55
55
43
53
53
41
84
80
68
84
80
68
53
53
41
51
51
39
84
79
67
84
79
67
51
51
39
65
41
53
29
48
72_84
60_72
74
62_74
62
53
53_56
41
72_84
60_72
75
63_75
63
53
53_56
41
74
62_74
62
65
41
29
48
72_84
60_72
74
62_74
62
53
53_56
41
72_84
60_72
75
63_75
63
53
53_56
41
74
62_74
62
67
43
31
48
72_84
60_72
76
64_76
64
55
55_58
43
72_84
60_72
77
65_77
65
55
55_58
43
76
64_76
64
67
43
31
48
72_84
60_72
76
64_76
64
55
55_58
43
72_84
60_72
77
65_77
65
55
55_58
43
76
64_76
64
68
44
32
48
72_84
60_72
76
64_76
64
56
56_60
44
72_84
60_72
79
67_79
67
56
56_60
44
77
65_77
65
86
67_86
74_86
47
47
35
43
86
67_74
77
65_77
65
59
59_62
47
86
67_74
80
68_80
68
59
59_62
47
79
67_79
67
87
60_72
67_87
79
75
75
67
48
48
36
48
79
67
79
67
47
47
35
79
67
79
67
48
48
36
79
67
83
67_83
79
71
71
67
50
50
38
79
67
84
60_72
67_84
79
72
72
67
51
51
39
48
79
67
79
67
50
50
38
79
67
79
67
51
51
39
79
67
80
67_80
79
68
68
67
48
48
36
79
67
79
55_67
67_79
79
67
67
67
47
47
35
43
79
67
79
67
48
48
36
79
67
79
67
50
50
38
79
67
80
67_80
79
68
68
67
48
48
36
79
67
79
67_79
79
67
67
67
47
47
35
79
67
79
67
48
48
36
79
67
79
67
47
47
35
79
67
89
67_89
79
77
77
67
43
43
31
79
67
87
60_72
67_87
79
75
75
67
48
48
36
48
79
67
79
67
47
47
35
79
67
79
67
48
48
36
79
67
83
67_83
79
71
71
67
50
50
38
79
67
84
60_72
67_84
79
72
72
67
51
51
39
48
79
67
79
67
50
50
38
79
67
79
67
51
51
39
79
67
80
67_80
79
68
68
67
48
48
36
79
67
79
55_67
67_79
79
67
67
67
47
47
35
43
79
67
79
67
48
48
36
79
67
79
67
50
50
38
79
67
80
67_80
79
68
68
67
48
48
36
79
67
79
67_79
79
67
67
67
47
47
35
79
67
79
67
48
48
36
79
67
79
67
47
47
35
79
67
89
67_89
79
77
77
67
43
43
31
79
67
87
60_72
67_87
79
75
75
67
48
48
36
48
59
47
47
35
60
48
48
36
83
55_67_83
74
74_83
71_74
55
43
43
31
84
60_72
55_67_84
75
75_84
72_75
60
48
48
36
48
59
47
47
35
60
48
48
36
71
55_67_83
62
71_74
62_71
55
43
43
31
72
60_72
55_67_84
63
72_75
63_72
60
48
48
36
48
59
47
47
35
60
48
48
36
59
55_67_83
59
74_79
62_71
55
43
43
31
60
60_72
55_67_84
60
75_79
63_72
60
48
48
36
48
59
47
47
35
60
48
48
36
59
55_67_83
59
71_79
62_71
55
43
43
31
60
60
84
60
60_72
60_72
48
48
48
36
48
65_72_80
60_72
65_80_84
65_72_80
77_80
68_72
53
41
41_53
29
48
60
60
72
60
60_72
60_72
48
48
48
36
62_74_86
60_72
65_68_83_86
62_71_80
74_83
71_74
53
41
41_53
29
48
60
60
72
60
60_72
60_72
48
48
48
36
87
60_72
75_87
72
75_84
72_75
54
54
60_63
42
48
83
74
74_83
71
74_83
71_74
53
53
59_62
41
84
60_72
67_72_84
72_79
72_84
67_72
51
51
51_55
39
48
52_55
79
60_72
67_79_84
67_72
72_79
70_72
52
52
40
48
80
60_72
67_80_84
68
72_80
68_72
53
41
53_56
29
48
55
76
60_72
67_76_84
60_64
72_76
70_72
55
43
58
31
48
77
60_72
77_84
60_65
72_77
68_72
56
44
56_60
32
48
62
74
55_67
77_86
67
74_77
67_74
55
47
59
35
43
75
55_67
75_87
67
72_75
67
60
48
48
36
48
62
55_67
71_74
59
71_74
65_67
55
43
43
31
43
60
60
72
60
72
60
48
48
48
36
48
48
51
51
50
59
50
56
56
43
31
55
60
36
48
51
50
59
56
31
55
60
36
48
51
50
59
31
50
56
55
60
36
51
59
50
31
56
55
60
48
48
36
60
60
48
36
36
60_60
48
36
36
60
60
48
36
36
