55_67_79
55_67_79_91
55_67_67_79
55_67
55_67_79
43_55
43
43_55
43
31
55_67
43
77
55_67_77_89
65_65_77
55_67
53_65_77
43_55
41
41_53
43
29
76
55_67_76_88
64_64_76
55_67
52_64_76
43_55
40
40_52
43
28
55_67_79
55_67_79_91
55_67_67_79
55_67
55_67_79
43_55
43
43_55
43
31
55_67
43
77
55_67_77_89
65_65_77
55_67
53_65_77
43_55
41
41_53
43
29
76
55_67_76_88
64_64_76
55_67
52_64_76
43_55
40
40_52
43
28
74
62
50
50
38
72
60
60
48
36
71
59
59
47
35
69
57
57
45
33
67
67
55
43
31
66
66
54
42
30
58_61
61_64
66
66
54
42
30
58_61
61_64
66
66
54
47
35
59_62
62_66
67
67
55
43
31
62
59_62
71
68
59
43
59_65
31
67
63
65
62
44
32
51_63
63_72
51_60
51_67
61_70
49_58
51_63
60_68
48_56
68
60_68
48_56
68
65_75
53_63
73
61
68
63_72
51_60
65
62_72
50_60
71
59
64
61
64
58_61_70
44
49_58
43
63
63
76
61
58
63
51_75
58_61
55
70
39
60
56
72
44
56_60
61
58
53_73
49
53_58
65
60
56
51_68
51
56_60
63
60
51_63
56_63
61
58
39
51_61
67
63
55
51_63
61_63_72
70
56
51_63
60_63_68
44
56_60
68
68
65
67
68
63
65
68
61
63
68
60
67
61
61
58_67
51
58
39
68
60
60
56_68
44
56
32
72
70
61
58
69
63
60
42
30
72
57
70
58
69
60
41
29
72
57
71
59
69
60
64
40
28
71
66
59
39
27
57
40
28
76
64
55_67
55
78
66
54
70
79
67
52
49
37
76
64
55
78
66
54
79
67
52
48
36
76
64
55
78
66
54
79
67
52
71
47
35
73
78
66
46
34
64
71
63
47
35
71
75
78
59
63
66
75
78
83
63
66
71
78
83
87
66
71
75
83
87
90
71
75
78
59
83
86
90
71
74
77
57
83
86
89
71
74
77
56
71
74
77
59
62
65
74
77
83
62
65
71
77
83
86
65
71
74
77
83
86
65
71
74
56_59
77
83
86
65
71
74
54_57
78
83
86
66
86
74
86
73
85
53
53_56
41
56
44
53
41
61
53_56
49
37
61
65
68
61
53_56
49
53
41
49
37
61
53_56
44
32
65
68
73
61
53_56
49
37
44
32
61
53_56
41
29
68
73
77
61
53_56
44
32
41
29
61
53_56
37
25
73
77
80
85
61_73
53_56
61
44
32
41
29
61
53_56
37
25
77
80
85
83
61_71
53_56
59
44
32
41
29
61
53_56
37
25
77
85
85
81
61_69
54_57
57
57
45
54
42
61
54_57
49
37
61
66
69
61
54_57
54
42
49
37
85
61_73
54_57
45
61
33
66
69
73
85
61_73
54_57
61
49
37
45
33
83
61_71
54_57
42
59
30
69
73
78
83
61_71
54_57
59
49
37
45
33
81
61_69
54_57
42
57
30
73
78
81
61
54_57
49
37
45
33
81
61_69
54_57
42
57
30
78
81
86
86
60_62_74
54_57
50_62
50
38
45
33
84
60_62_72
54_57
42
60
30
78
86
86
84
60_62_72
50
60
50
38
46
34
82
58_62_70
50
43
58
31
79
82
86
58_62
50
50
38
46
34
82
58_62_70
50
43
58
31
79
82
87
91
58_63_79
51
51_67
51
39
46
34
89
58_63_77
51
43
65
31
55
51
39
58
46
34
63
89
58_63_77
51
43
65
31
55
55
58
58
63
87
63_75
63
55
55
58
58
63
87
63_75
63
55
55
58
58
63
87
63_75
63
55
55
58
58
63
87
63_75
63
55
55
58
58
63
87
63_75
63
55
55
58
58
61
85_87
61_73_75
61_63
55
55
58
58
61
85_87
61_73_75
61_63
55
55
58
58
61
85_87
61_73_75
61_63
55
55
58
58
61
85_87
61_73_75
51_63
67_70
61_63
55
55
58
58
61
85_87
61_73_75
51_63
67_70
61_63
55
55
73
61
49
58
58
70
58
46
61
85_87
61_73_75
51_63
67_67_70
55
61_63
43
63
63
63
51
39
67
67
61
49
37
70
85_87
70_73_75
51_63
58_67_73
46
61_63
34
58
61_63
70
58
46
61
61_63
67
55
43
63
85_87
58_61_63_73_75
51_55_63
63_67_73
51
51
61_63
39
67
61_63
61
49
37
70
61_63
58
46
34
73
85_87
58_61_63_73_75
51_55_63
55_70_73
51
43
58_61
31
63
61_63
73
61
49
67
61_63
70
58
46
70
85_87
58_61_63_73_75
51_55_63
67_70_73
51
55
58_61
43
73
61_63
63
51
39
75
61_63
61
49
37
79
85_87
58_61_63_73_75
51_55_63
58_70_73
51
46
55_58
34
82
61_63
55
43
31
85
61_63
51
39
27
87
85_87
58_61_63_73_75
51_55_63
51_70_73
51
39
55_58
27
63
61_63
51
39
27
58
61_63
51
39
27
60
60_72_84_87
60_63_72_72_75
51_56_63
48_68_72
48_60
44
44_63
56_60
48
32
51
61
48
63_72
49
44_60
48
32
48
61
48
63_72
49
44_63
48
32
51
65
48
63_72
53
44_67
48
32
55
68
48
63_72
56
44_67
48
32
55
65
48
63_72
53
44_63
48
32
51
65
48
63_72
53
44_67
48
32
55
68
48
63_72
56
44_70
48
32
58
72
48
63_72
60
44_70
48
32
58
68
48
63_72
56
44_70
48
32
58
72
48
63_72
60
44_73
48
32
61
75
48
63_72
63
44_77
48
32
65
75
48
63_72
63
44_73
48
32
61
72
48
63_72
60
44_73
48
32
61
75
48
63_72
63
44_77
48
32
65
79
48
63_72
67
44_80
48
32
68
82
48
63_72
70
44_84
48
32
72
82
48
63_72
70
44_80
48
32
68
79
48
63_72
67
44_77
48
32
65
75
48
63_72
63
44_73
48
32
61
72
48
63_72
60
44_72
48
32
60
70
48
63_72
58
44_68
48
32
56
67
48
63_72
55
44_65
48
32
53
63
48
63_72
51
44_61
48
32
49
60
48
63_72
48
44
47
32
60
60_72_84_87
60_63_72_72_75
51_56_63
48_68_72
48_60
44
44_63
56_60
48
32
51
61
48
63_72
49
44_60
48
32
48
61
48
63_72
49
44_63
48
32
51
65
48
63_72
53
44_67
48
32
55
68
48
63_72
56
44_67
48
32
55
65
48
63_72
53
44_63
48
32
51
65
48
63_72
53
44_67
48
32
55
68
48
63_72
56
44_70
48
32
58
72
48
63_72
60
44_70
48
32
58
68
48
63_72
56
44_70
48
32
58
72
48
63_72
60
44_73
48
32
61
75
48
63_72
63
44_77
48
32
65
75
48
63_72
63
44_73
48
32
61
72
48
63_72
60
44_73
48
32
61
75
48
63_72
63
44_77
48
32
65
79
48
63_72
67
44_80
48
32
68
82
48
63_72
70
44_84
48
32
72
82
48
63_72
70
44_80
48
32
68
79
48
63_72
67
44_77
48
32
65
75
48
63_72
63
44_73
48
32
61
72
48
63_72
60
44_72
48
32
60
70
48
63_72
58
44_68
48
32
56
67
48
63_72
55
44_65
48
32
53
63
48
63_72
51
44_61
48
32
49
60
48_60_72
66_72
57
48_66
48_60
45
45
54
47
33
66_75_84
60_72_84_87
63_63_72_72_81
51_57_63
48_60_69_72
48_60
42
42
54_57
48
30
55_62_71_79
55_67_86_91
55_62_62_71_74_83
59
53_55_71_74
43_55
41
41
53_59
43
29
55_62_71
55_67_86_91
55_62_62_71_74_83
59
53_55_71_74
43_55
53
53
53_59
43
41
55_64_72
55_67_88_91
55_64_64_72_76_84
60
52_55_72_76
43_55
52
52
52_60
43
40
55_65_74
55_67_89_91
55_65_65_74_77_86
62
59_62_74_77
43_55
47
47
47_62
43
35
55_67
55_67
55
55_67
43
31
89
59_62
55_67
88
55_67_79
55
55_67
43
60_64
31
62_65
64_67
55_67
88
55_67_77
55
55_67
43
65_69
31
86
81
55_67
55_67_76_79
55
55_67
43
64_67
31
84
86
77_81
65_69
84
76_79
64_67
55_67
84
55_67_74_77
55
55_67
43
62_65
31
83
84
76_79
55_67
64_67
83
74_77
62_65
55_67
83
55_67_72_76
55
55_67
43
60_64
31
81
83
74_77
55_67
62_65
81
72_76
60_64
55_67
81
55_67_71_74
55
55_67
43
59_62
31
79
81
72_76
55_67
60_64
47
35
79
71_74
59_62
50
38
55_67
79
55_67_71_74
55
55_67
53
59_62
41
52
40
55
43
53
41
57
45
53
41
50
38
49
37
52
40
50
38
53
41
50
38
47
35
53
41
50
38
47
35
50
38
47
35
55_67
55_67
55_55_67
43_55
43
31
91
91
91
55_67
91
55_67
55
43
31
89
59
89
59
89
59
55_67
89
55_67
55_55_67
43_55
43
59
31
88
79
60_64
88
79
60_64
88
79
60_64
55_67
88
55_67_79
55_55_67
43_55
43
60_64
31
86
77_81
65_69
86
77_81
65_69
86
77_81
65_69
55_67
88
55_67
55
43
31
86
77_81
65_69
86
77_81
65_69
86
77_81
65_69
55_67
86
55_67_77_81
55_55_67
43_55
43
65_69
31
84
76_79
64_67
86
77_81
65_69
84
76_79
64_67
55_67
84
55_67_76_79
55_55_67
43_55
43
64_67
31
83
74_77
62_65
55_67
84
55_67_76_79
55_55_67
43_55
64_67
83
74_77
62_65
83
74_77
55_67
43_55
43
62_65
31
81
72_76
60_64
55_67
83
55_67_74_77
55_55_67
43_55
62_65
81
72_76
60_64
81
72_76
55_67
43_55
43
60_64
31
79
71_74
59_62
55_67
81
55_67_72_76
55_55_67
43_55
60_64
47
35
79
71_74
59_62
50
38
55_67
79
55_67_71_74
55_55_67
43_55
53
59_62
41
52
40
55
43
53
41
57
45
53
41
50
38
49
37
52
40
50
38
53
41
50
38
47
35
53
41
50
38
47
35
53
41
50
38
47
35
46
34
58
79
58_75
58
63_67
77
74
62_65
79
75
63_67
77
74
62_65
77
74
45
62_65
33
44
32
56
79
56_76
56
64_67
77
74
62_65
79
76
64_67
77
74
62_65
43
31
79
76
64_67
55
77
55_74
55
62_65
45
33
79
76
64_67
57
77
57_74
57
62_65
47
35
49
37
47
35
48
48
48
36
48
48
52
48
48
48
48
55
48
48
57
48
48
48
48
48
48
55
48
48
52
48
48
48
48
48
45
48
48
43
48
48
43
48
48
48
48
48
48
48
52
48
52
48
48
55
48
48
48
48
60
48
48
62
48
48
48
48
48
48
60
48
48
55
48
48
52
48
48
50
48
48
48
48
48
48
48
48
48
48
48
48
48
48
50
50
48
48
53
48
48
48
59
48
59
48
60
48
60
48
48
48
48
48
59
48
59
48
48
53
53
48
48
59
48
48
48
62
48
62
48
64
48
64
48
48
48
48
48
62
48
62
48
59
59
48
48
48
48
48
62
48
48
48
48
48
48
48
48
65
59
48
48
48
48
62
48
48
48
48
65
48
48
48
48
48
48
48
48
71
59
48
48
48
48
62
48
62
48
48
48
65
48
48
48
48
48
48
48
48
71
59_62
48
48
48
48
65
48
48
48
48
71
48
48
48
48
48
48
48
48
74
59_62
48
48
48
48
65
48_65
48
48
48
71
48
48
48
48
48
48
48
48
74
62
48
48
48
48
71
59
48
48
48
48
74
62
48
48
48
48
48
48
48
48
77
65
48
48
48
48
71
59
48_71
48
48
48
74
62
48
48
48
48
48
48
48
48
77
65
48
48
48
48
74
62
48
48
48
48
77
65
48
48
48
48
48
48
48
48
83
71
48
48
48
48
74
62_74
48_55
48
48_55
48
77
65
48_55
48
48_55
48
48_55
48
48_55
48
83
71
48_55
48
48_55
48
77
65
48_55
48
48_55
48
83
71
48_55
48
48_55
48
48_55
48
48_55
48
86
74
48_55
48
48_55
48
77
65_77
48_55
48
48_55
48
83
71
48_55
48
48_55
48
48_55
48
48_55
48
86
74
48_55
48
48_55
48
83
71
48_55
48
48_55
48
86
74
48_55
48
48_55
48
48_55
48
48_55
48
89
77
48_55
48
48_55
48
77
83
65
48_55
48
48_55
48
83
71
48_55
48
48_55
48
48_55
48
48_55
48
86
74
48_55
48
48_55
48
83
86
71_77_83
48_55
48
53_59
48_55
48
86
74
48_55
48
48_55
48
48_55
48
48_55
48
89
77
48_55
48
48_55
48
83
86_89
71_83_86
48_55_74
48
59_62
36
48_55
48
36
86
74
48_55
48
36
48_55
48
36
48_55
48
36
48_55
48
36
89
77
48_55
48
36
48_55
48
36
83
71
48_55
48
36
48_55
48
36
86
74
48_55
48
36
48_55
48
36
48_55
48
36
48_55
48
36
89
77
48_55
48
36
48_55
48
36
83
67_74
71
48_55
48
48
36
48
48_55
48
48
36
48
86
74
48_55
48
48
36
48
48_55
48
48
36
48
48_55
48
48
36
48
48_55
48
48
36
48
89
77
48_55
48
48
36
48
48_55
48
36_48
48
83
89_91
71
48_55
48
48
36
48
48_55
48
48
36
48
86
74
48_55
48
36_48
48
48_55
48
36_48
48
48_55
48
36_48
48
48_55
48
36_48
48
91
79
48_55
48
36_48
48
48_55
48
36_48
48
83
71
48_55
48
48
36
48
48_55
48
48
36
48
86
74
48_55
48
36_48
48
48_55
48
36_48
48
48_55
48
48
36
48
48_55
48
36_48
48
91
79
48_55
48
48
36
48
48_55
48
48
36
48
83
71
48_55
48
48
36
48
48_55
48
36_48
48
86
74
48_55
48
36_48
48
48_55
48
48
36
48
48_55
48
36_48
48
48_55
48
36_48
48
91
79
48_55
48
48
36
48
48_55
48
48
36
84
60_72_84
60_72_84
60
60_64_72
52_60
48
48
52_60
48
36
76_84
55_64
88
60_72_88
64_76_76_84
64
55_64_64_76
48_60
52
52
52_64
48
40
76_84
55_64
76_84
55_64
76_84
55_64
91
60_72_91
67_76_79_84
67
55_64_67_79
48_60
55
55
55_67
48
43
76_84
55_64
93
60_72_93
69_76_81_84
69
55_64_69_81
48_60
57
57
48_57_69
45
48
76_84
55_64
48
48
76_84
55_64
48
48
76_84
55_64
48
48
76_84
55_64
48
48
76_84
55_64
48
48
91
60_72_91
67_76_79_84
67
55_64_67_79
48_60
55
55
67
43_48
48
76_84
55_64
48
48
88
60_72_88
60_76_76_84
60
55_64_64_76
48_60
48
52
64
48
40
76_84
55_64
84
84
72_76_84_84
55_64_72
48
60
36
76_84
55_64
81
60_72_81
60_69_76_81_84
60
55_64_69
48_60
48
45
57
48
33
76_84
55_64
79
60_72_79
60_67_76_79_84
60
55_64_67
48_60
48
43
55
48
31
76_84
55_64
79
60_72_79
60_67_76_79_84
60
55_64_67
48_60
48
43
55
48
31
48
76_84
55_64
48
48
76_84
55_64
48
48
76_84
55_64
48
48
76_84
55_64
48
48
76_84
55_64
48
48
76_84
55_64
48
48
76_84
55_64
48
48
84
60_72_84
60_72_76_84
52_60_64
55_64_72
48_60
48
60
60
48
48
76_84
55_64
79
91
67_76_79_84
55_64_67_79
55
55
43
76_84
55_64
77
60_72_89
60_65_76_77_84
52_60_64
55_64_65_77
48_60
48
53
53
48
41
76_84
55_64
76
60_72_88
60_64_76_76_84
52_60_64
55_64_64_76
48_60
48
52
52
48
40
76_84
55_64
76
60_72_88
60_64_76_76_84
52_60_64
55_64_64_76
48_60
48
52
52
40
48
48
76_84
55_64
48
48
76_84
55_64
48
48
76_84
55_64
48
48
76_84
55_64
48
48
76_84
55_64
48
48
76_84
55_64
48
48
76_84
55_64
48
48
79
60_72_91
60_67_76_79_84
52_60_64
55_64_67_79
52_60
48
48
67
48
36
76
88
76_76_84
55_64_64_76
64
74
86
74_76_84
55_62_64_74
62
72
84
72_76_84
55_60_64_72
60
76
88
76_76_84
55_64_64_76
64
72
84
72_76_84_84
55_64_72
60
69
81
69_76_81_84
55_64_69
57
67
79
67_76_79_84
55_64_67
55
72
84
72_76_84_84
55_64_72
60
67
79
67_76_79_84
55_64_67
55
65
77
65_76_77_84
55_64_65
53
64
76
64_76_76_84
55_64_64
52
67
79
67_76_79_84
55_64_67
55
64
76
64_76_76_84
55_64_64_76
52
62
74
62_74_76_84
55_62_64_74
50
60
72
60_72_76_84
55_60_64_72
48
55
67_79_86_91
65_71_74_79_83
62
55_65_67_74
55_67
43
65
43_59_62
53
43
79
74_83
55_65
62
43_50
79
43
79
74_83
55_65
60
43_48
79
43
74_83
55_65
59
43_47
79
43
79
74_83
55_65
62
43
50
43_79
74_83
55_65
59
43
47
79
43
79
74_83
55_65
55
43_43
43
79
74_83
55_65
53
41_43
79
43
79
74_83
55_65
59
47
43
43_79
74_83
55_65
55
43
43
79
43
79
74_83
55_65
53
41_43
43
79
74_83
55_65
50
43
38
79
43
79
74_83
55_65
53
41
43
43
79
74_83
55_65
50
43
38
79
43
79
74_83
55_65
47
35_43
43
79
74_83
55_65
43
43
31
79
86
86_91
74_74_83_86
55_65_74
41
62
43
29
83
83
71_74_83_83
55_65_71
59
81
81
69_74_81_83
55_65_69
57
79
79
67_74_79_83
55_65_67
55
83
83
71_74_83_83
55_65_71
59
79
79
67_74_79_83
55_65_67
55
76
88
74_76_83
55_64_65_76
52_64
74
86
74_74_83
55_62_65_74
50_62
79
91
74_79_83
55_65_67_79
55_67
74
86
74_74_83
55_65_74
50_62
72
84
72_74_83
55_65_72
48_60
71
83
71_74_83
55_65_71
47_59
74
86
74_74_83
55_65_74
50_62
71
83
71_74_83
55_65_71
59
69
81
69_74_83
55_65_69
57
67
79
67_74_83
55_65_67
55
72
60_72_84
64_72_76_79_84
60
55_64_72_76
48_60
48
64
48_60_64
52
48_84
76_84
55_64
60
48_48
84
48
84
76_84
55_64
57
48
45
48
84
76_84
55_64
55
43_48
84
48
84
76_84
55_64
60
48
48
48
84
76_84
55_64
55
48
43
84
48
84
76_84
55_64
53
41_48
48
84
76_84
55_64
52
48
40
84
48
84
76_84
55_64
55
48
43
48_84
76_84
55_64
52
48
40
84
48
84
76_84
55_64
50
48
38
48_84
76_84
55_64
48
36_48
84
48
84
76_84
55_64
52
48
40
48_84
72
60
48
48
36
84
48
84
72
55
60
52_55
31_48
48
84
72
52
59
48
28
84
48
84
69_81
53_60_69
59
53_57
48
29
57
57
57
57
56
59
57
72
64_79
55_67
57
52_55
48
24
55
53
52
50
48
60
59
72
65_72_81
57_69
59
53_57
48
29
57
57
57
57
56
59
57
72
64_79
55_67
57
52_55
48
24
55
84
72_76
60_67
60
60
52_55
52
72
62
57
52
48
29
50
84
72_74
60_69
60_62
53
53_57
57
72
64
52
57
48
31
48
79
72_76
60_64
60_64
52
52_55
55
67
59_62
55
55
43
31
47
79
71_74
59_62
55_62
50
53_55
55
67
79
64_72_76
48_60_64
48_60
48
52_55
48
36
50
50
38
52
52
40
53
53
41
55
55
43
72
60
57
57
45
84
72
59
59
47
83
71
60
60
48
83
60_72_81_84
71_72_77
53_65_69
53
53
48
41
81
69
55
81
69
57
81
69
59
81
69
60
80
68
62
83
71
64
81
69
65
81
60_72_79
69_76
48_64_67
48
60
48
36
79
67
50
50
38
77
65
52
52
40
76
64
53
53
41
74
62
55
55
43
72
60
57
57
45
84
72
59
59
47
83
71
60
60
48
83
60_72_81
71_77
53_65_69
53
53
48
41
81
69
55
81
69
57
81
69
59
81
69
60
80
68
62
83
71
64
81
69
65
81
60_72_79
64_76
60_64_67
48
60
48
36
64
60
79
64
60
84
60_72_79_84
67_72_76
64_64_67
48_60
60
60
48
48
67
64
76
67
64
76
62
53
62
53
74
62
53
77
60_72_81_84
65_72_74
57_60_69
48_60
53
53
48
41
65
57
81
65
57
81
60
52
60
52
72
60
52
76
60_72_79_84
64_72_76
55_60_64
48_60
55
55
48
43
64
55
79
64
55
79
59
50
59
50
71
59
50
74
55_67_79_83
62_71_74
59_59_62
43_55
53
53
43
41
62
59
79
62
59
79
64
60
64
60
76
64
60
83
60_72_79_84
67_72_76
60_60_67
48_60
52
52
48
40
67
60
84
67
60
84
62
53
62
53
74
62
53
80
60_72_81_84
65_72_74
57_60_69
48_60
53
53
48
41
65
57
81
65
57
81
60
52
60
52
72
60
52
78
60_72_79_84
64_72_76
55_60_64
48_60
55
55
48
43
64
55
79
64
55
79
59
50
59
50
71
59
50
78
55_67_79_83
62_71_74
59_59_62
43_55
53
53
43
41
62
59
79
62
59
79
64
60
79
64
60
79
64
60
84
60_72_84
64_72_76
60_60_64
48_60
52
52
48
40
84
64
60
84
64
60
74
86
62_74
60_62
74
62
60
74
62
60
81
60_72_84_93
62_72_81
60_69
60_62
53
53
48
41
81
62
60
81
62
60
72
84
64_72
60_60
60
72
64
60
72
64
60
79
60_72_84_91
64_72_79
60_67
60_64
55
55_67
48
43
79
64
60
79
64
60
71
83
65_71
59_62_71
47_59
71
65
62
71
65
62
79
55_67_83_91
62_71_79
59_67_79
55_62
43
55_67
43
31
79
62
59
79
62
59
79
55_67_88_91
64_67_76_84
60
55_72_76
43_55
43
52
60_64
43
40
79
67
76
64
48
36
72
60
67
55
45
33
79
67
76
64
43
31
72
60
55_67
67
55
43
43
31
79
67
84
76
64
48_60
72
60
88
67
55
52_64
79
67
91
76
64
55_67
72
60
91
55_67_86
65_67_74_83
62
55_71_74
55_67
43
53
59_62
43
41
79
67
77
65
50
38
74
62
67
55
45
33
79
67
77
65
43
31
74
62
55_67
67
55
43
43
31
79
67
89
77
65
74
62
86
67
55
79
67
79
77
65
74
62
79
55_67_88
64_67_76_84
60
55_72_76
43_55
43
52
60_64
43
40
79
67
55_67
76
64
48
43
36
55_67
72
60
43
55_67
67
55
45
43
33
84
79
67
48_60
84
55_67
76
64
48_60
43
43
31
84
72
60
48_60
84
55_67
67
55
48_60
43
43
31
88
79
67
52_64
88
76
64
52_64
88
72
60
52_64
88
67
55
52_64
91
79
67
55_67
91
76
64
55_67
91
72
60
55_67
91
86
65_67_77_86
62
55_74_77
55_67
43
53
62_65
43
41
79
67
55_67
77
65
50
43
38
55_67
74
62
43
55_67
67
55
45
43
33
79
67
55_67
77
65
43
43
31
74
62
55_67
67
55
43
31_43
43
79
67
43
43
89
77
65
43
43
74
62
43
43
86
67
55
43
43
79
67
43
43
79
77
65
43
43
74
62
43
43
91
88_91
64_76_79_84
60
67_72_76
43
67
60_64
43
55
91
79
67
91
79
67
88
64_76_88
76_76
64_76
52_64
64
64
48
52
88
76
64
88
76
64
84
60_72_84
72_84
60_72
48_60
60
60
48
48
84
72
60
84
72
60
79
55_67_91
79_79
67_79
55_67
55
55
43
43
79
79
67
79
79
67
76
64_76_88
76_76
64_76
52_64
52
52
43
40
76
76
64
76
76
64
72
60_72_84
72_72
60_72
48_60
48
48
43
36
72
72
60
72
72
60
69
55_67_81
69_69
57_69
43_55
45
45
43
33
69
69
57
69
69
57
67
55_67_79
67_67
55_67
43_55
43
43
43
31
67
67
55
67
67
55
66
78
66_66_78
54_66
42
42
30
58_66
54
54
42
70
58_66
54
54
42
58_66
54
54
42
58_66
54
54
42
58_66
54
54
42
73
85
58_66_73_82
66
54
54
58_61
42
58_66
54
54
42
74
86
58_66_66_74
54
54
42
62
30
58_66
54
54
42
58_66
54
54
42
58_66
54
54
42
58_66
54
54
42
58_66
54
54
42
73
82_85
58_66_70_73
66
54
54
58_61
42
58_66
54
54
42
70
58_67
55
40
28
58_67
55
52
40
73
58_67
55
52
40
58_67
55
52
40
58_67
55
52
40
58_67
55
52
40
79
85_91
58_67_67_79
52_64
55
52
58_61
40
58_67
55
52
40
81
58_67_67
64
55
52
40
28
58_67
55
52
40
58_67
55
52
40
58_67
55
52
40
58_67
55
52
40
58_67
55
52
40
79
85_91
58_67_67_79
52_64
55
52
58_61
40
58_67
55
52
40
71
59_66
54
51
39
59_66
54
63
51
78
59_66
54
63
51
59_66
54
63
51
59_66
54
63
51
59_66
54
63
51
83
83
59_66_66_78
47_59
54
63
51_59
51
59_66
54
63
51
84
84
59_66_66
62
54
50
50
50_60
38
66_71
59
62
50
66_71
59
62
50
66_71
59
62
50
66_71
59
62
50
66_71
59
62
50
83
83
66_66_71_78
47_59
59
62
59
50
66_71
59
62
50
76
70
67
49
37
70
67
61
49
82
70
67
61
49
70
67
61
49
70
67
61
49
70
67
61
49
88
64_76_82_88
70_70_76
52_64
67
55_67
61
64_67
49
70
67
61
49
90
64_70
60
67
48
48
36
70
67
60
48
70
67
60
48
70
67
60
48
70
67
60
48
70
67
60
48
88
64_76_82_88
70_70_76
52_64
67
55_67
60
64_67
48
70
67
60
48
90
64_76_83_88
64_71_76_79
52_59_64
67
55_67
47
47
64_67
35
71
67
59
47
71
67
59
47
88
71
67
59
47
90
64_76_85_88
64_73_76_79
52_61_64
67
55_67
46
46
64_67
34
73
67
58
46
73
67
58
46
88
73
67
58
46
90
64_76_85_88
64_73_76_79
52_61_64
67
55_67
46
46
64_67
34
73
67
58
46
73
67
58
46
88
73
67
58
46
90
64_76_85_88
64_73_76_79
52_61_64
67
55_67
46
46
64_67
34
73
67
58
46
73
67
58
46
88
73
67
58
46
87
83_87
59_71_75_78
47_59_59
66
47
57
63_66
45
71
59
71
59
71
59
71
59
55
55
64_67
43
55
55
64_67
43
55
55
64_67
43
57
57
63_66
45
71
59
71
59
71
59
71
59
55
55
64_67
43
55
55
64_67
43
55
55
64_67
43
57
57
63_66
45
71
59
71
59
57
57
63_66
45
55
55
64_67
43
71
59
71
59
55
55
64_67
43
51
51
66_69
39
71
59
71
59
51
51
66_69
39
52
52
64_67
40
71
59
71
59
52
52
64_67
40
71
59
47_59
57
57
63_66
45
83
71
47_59
59
83
71
47_59
59
83
71
47_59
59
83
71
47_59
59
67
64
59
55
43
67
64
59
55
43
67
64
59
55
43
67
84
64_72
55
48_60
58
60
46
84
72
48_60
60
84
72
48_60
60
84
72
48_60
60
84
72
48_60
60
69
65
60
57
45
69
65
60
57
45
69
65
60
57
45
69
86
66_74
57
60
62
48
86
74
62
86
74
62
69
66
62
60
48
74
67
62
59
47
86
74
62
86
74
62
74
67
62
59
47
71
68
64
62
50
88
76
64
88
76
64
71
68
64
62
50
76
69
64
61
49
88
76
64
88
76
64
76
69
64
61
49
76
69
64
60
48
88
76
64
88
76
64
76
69
64
60
48
75
69
66
59
47
87
75
63
87
75
63
75
69
66
59
47
71
68
64
62
50
88
76
64
88
76
64
71
68
64
62
50
76
69
64
61
49
88
76
64
88
76
64
76
69
64
61
49
76
69
66
60
48
88
76
64
88
76
64
76
69
66
60
48
75
69
66
59
47
87
75
63
87
75
63
75
69
66
59
47
76
69
66
60
48
88
76
64
88
76
64
76
69
66
60
48
75
69
66
59
47
87
75
63
87
75
63
75
69
66
59
47
47_59
51
51
35
52
52
84
81
54
54
83
79
55
55
81
78
57
57
79
76
59
59
78
75
60
60
79
76
58
58
78
75
47_59
59
59
35
78
81_84
66
57_60
79
79_83
67
55_59
81
78_81
69
54_57
83
76_79
71
52_55
84
75_78
72
51_54
82
76_79
70
52_55
83
71
47_59
51
51
51_54
35
84
72
52
52
35
84
75_87
81
54
54
35
83
76_88
79
55
55
35
81
78_90
78
57
57
35
79
88_91
76_76_79
59_67_76
59
64_67
35
78
87_90
75_75_78
60_66_75
60
63_66
35
79
88_91
76_76_79
58_67_76
58
64_67
35
78
87_90
75_75_78
47_59
59_66_75
59
63_66
35
79
88_91
76_76_79
47_59
64_67_76
52
64_67
40
78
87_90
75_75_78
47_59
59_66_75
59
63_66
47
88
88_91
76_79_79
47_59
52_67_76
52
64_67
40
87
87_90
75_78_78
47_59
59_66_75
59
63_66
47
88
88_91
76_79_79
47_59
64_67_76
52
64_67
40
87
87_90
75_78_78
47_59
59_66_75
47
63_66
35
88
88_91
76_79_79
47_59
64_67_76
52
64_67
40
87
87_90
71_75_78_78
47_59_59
59_66_75
47
47
63_66
35
71_83
71_83
71_83
80
64_68
68
56_59
80
76
71
68
83
81
78
59_66
66
54_57
78
75
71
73
61
69
75
63
66
64
76_76
52_64
64
64
52_56
40
68
68
56
71
71
59
76
73_85
76
64
71
71
59
75_87
68
68
56
64
76_88
64
52
68
68
56
71
71
59
76
76_76
52_64
64
64
38
68
71
59
76
76
64
81
52_64
69
37
69
64
61
76
69
64
81
52_64
69
37
69
64
61
76
69
64
81
52_64
69
37
69
64
61
76
69
64
80
52_64
68
35
68
64
59
76
68
64
67
64_79
52_64
61
67
52_55
34
73
76
79
76
73
67
60
48_60
72
72_84
76
79
74_86
76
76_88
72
77
77_89
65_81
69
53_57
33
81
81
69
77
77
65
72
72
60
33
69
69
57
65
65
53
62
62
50
58_62
34
74
74
62
82
70
70
70
58
67
67_74
55
62
62
62
50
79
67
74
74
62
60
60_79
48
67
53_57
72
72
60
69
69
57
65
65_77
53
65
36
60
60
48
72
72
60
60
60
48
65
65
53
69
69
57
60
60_76
48
64
55_58
36
67
67
55
70
70
58
70
62_82
50
46
74
62
50
70
58
55
67
55
58
34
62
50
46
74
62
58
63
51
48
60_63
36
75
63
51
72
84
72
60
57
63
69_75
57
60
63
51
48
69
81
75
63
60
69
62_81
50
50
55_58
74
62
55
70
58
58
67
67_79
55
62
38
62
50
58
74
62
55
66
62_78
50
50
54_57
66
54
54
74
86
62
69
57
57
65
77
62
50
50
50_53
38
65
53
53
71
83
59
71
59
59
64_71
52
52
52
40
69
57
57
69
81
69
57
71
59
59
68
80
64_68
52
52
56
68
56
56
76
88
76
64
71
59
59
67
79
64_67
52
52
55
67
55
55
76
88
76
64
71
59
59
67
79
64_67
52
52
52_55
40
67
55
55
72
84
72
60
72
60
60
70
64_76_82
61_67_70_79
52_64_64
55_67_79
55_67
52
52
58_61
40
82
73
67
64
52
82
73
67
82
73
67
64
52
82
73
67
64
52
82
73
67
82
73
67
64
52
82
73
67
64
52
82
73
67
82
73
67
64
52
82
73
67
64
52
82
73
67
82
73
67
64
52
71
83
59_66_71_78
59_59_66
54_66_78
47
51
59_63
39
83
71
66
63
51
83
71
66
83
71
66
63
51
83
71
66
63
51
83
71
66
83
71
66
63
51
83
71
66
63
51
83
71
66
83
71
66
63
51
83
71
66
63
51
83
71
66
83
71
66
63
51
75
83_87
66_71_75_78
47_59_59
59_71_78
47
45
63_66
33
87
78
71
57
45
87
78
71
87
78
71
57
45
87
78
71
57
45
87
78
71
87
78
71
57
45
87
78
71
57
45
87
78
71
87
78
71
57
45
87
78
71
57
45
87
78
71
87
78
71
57
45
88
88
71_76_76_83
47_59_59
59_64_71
47
56
56_59
44
71
83
59_71_83
47_59
59_59_71
56_59
83
81
69_69_71_81
59
57
47
54
54_57
42
69
81_83
59_69_81
47_59
57_59_71
54_57
83
80
68_68_71_80
59
56
47
52
52_56
40
68
80_83
59_68_80
47_59
56_59_71
52_56
83
78
66_66_71_78
59
54
47
57
51_54
45
66
78_83
59_66_78
47_59
54_59_71
51_54
83
71
71_71_71_83
59
59
47
56
56_59
44
71
71_83
59_71_83
47_59
59_71
56_59
83
71_71
59
57
47
54
42
71
81_83
59_69_81
47_59
59_71
54_57
83
71_71
59
56
47
52
40
71
80_83
59_68_80
47_59
59_71
52_56
83
71_71
59
54
47
57
45
71
78_83
59_66_78
47_59
59_71
57_63
83
71_71
59
59
47
56
44
71
83
59_71_83
47_59
59_71
56_64
83
71_71
59
57
47
54
42
71
81_83
59_69_81
47_59
59_71
54_57
83
71_71
59
56
47
52
40
71
80_83
59_68_80
52_64
59_71
52_56
88
64_76
50
56
50
50
38
76
80_88
64_68_76
52_64
64_76
56_59
88
64_76
49
57
49
49
37
76
81_88
64_69_76
52_64
64_76
57_61
88
76
62
59
47
76
86_88
64_74_76
52_64
64_76
59_62
88
76
61
57
45
76
85_88
64_73_76
52_64
64_76
57_61
89
65
59
56
44
77
83_89
71_77_77
47_59
56_59
90
66
57
54
42
78
81_90
69_78_78
47_59
66
54_57
92
68
56
52
40
80
88_92
76_80_80
47_59
64_68
52_56
93
69
54
51
39
81
90_93
78_81_81
47_59
66_69
51_54
93
69
52
49
37
81
90_93
78_81_81
47_59
66_69
49_52
93
90_93
66_69_78_81
47_59_63
51_66_69
48
47
47_51
35
69
66
54
42
69
66
69
66
66
59
57
45
66
59
66
59
75_78
69
66_71_83
59
51_54
47
69
66
75_78
71_83
51_54
69
66
71
75_78
66
59_71_83
61
51_54
49
66
59
66
59
78
69
66
69
66
69
66
81
66
59
66
59
66
59
83
75_78
69
66_71_83
59
51_54
47
69
66
75_78
71_83
51_54
69
66
85
75_78
66
59_71_83
57
51_54
45
66
59
66
59
69
66
54
42
69
66
69
66
66
59
49
37
66
59
66
59
83
75_78
69
66_71_83
47
51_54
35
69
66
75_78
71_83
51_54
69
66
81
75_78
66
59_71_83
47
51_54
35
66
59
66
59
78
69
66
69
66
69
66
73
66
59
66
59
66
59
71
75_78
69
66_71_83
51_54
69
66
75_78
71_83
51_54
69
66
71
76_80
64_64_68_68
64
59_71_83
47
47
52_56
35
64
59
64
59
68
64
52
40
68
64
68
64
64
59
56
44
64
59
64
59
76_80
64_68_68
64_71_83
59
52_56
47
68
64
76_80
64_68
71_83
52_56
68
64
71
76_80
64_64_68
59_71_83
61
52_56
49
64
59
64
59
76
68
64
68
64
68
64
80
64
59
64
59
64
59
83
76_80
64_68_68
64_71_83
59
52_56
47
68
64
76_80
64_68
71_83
52_56
68
64
85
76_80
64_64_68
59_71_83
56
52_56
44
64
59
64
59
68
64
52
40
68
64
68
64
64
59
49
37
64
59
64
59
83
76_80
64_68_68
64_71_83
47
52_56
35
68
64
76_80
64_68
71_83
52_56
68
64
80
76_80
64_64_68
59_71_83
47
52_56
35
64
59
64
59
76
68
64
68
64
68
64
73
64
59
64
59
64
59
71
76_80
64_68_68
64_71_83
52_56
68
64
76_80
64_68
71_83
52_56
68
64
71
78_81
66_66_69
59_71_83
57
54_57
45
66
59
66
59
69
66
54
42
69
66
69
66
66
59
49
37
66
59
66
59
78_81
66_69_69
66_71_83
47
54_57
35
69
66
78_81
66_69
71_83
54_57
69
66
81
78_81
66_66_69
59_71_83
47
54_57
35
66
59
66
59
78
69
66
69
66
69
66
73
66
59
66
59
66
59
71
78_81
66_69_69
66_71_83
54_57
69
66
78_81
66_69
71_83
54_57
69
66
71
80_83
68_68_71
59_71_83
59
56_59
47
68
59
68
59
71
68
56
44
71
68
71
68
68
59
49
37
68
59
68
59
80_83
68_71_71
68_71_83
47
56_59
35
71
68
80_83
68_71
71_83
56_59
71
68
83
80_83
68_68_71
59_71_83
47
56_59
35
68
59
68
59
80
71
68
71
68
71
68
73
68
59
68
59
68
59
71
80_83
68_71_71
68_71_83
56_59
71
68
80_83
68_71
71_83
56_59
71
68
71
81_85
61_69_69_73
47_57_59
59_71_83
47
61
57_61
49
69
59
69
59
73
69
57
45
73
69
73
69
85
69
47_59
59
49
37
69
59
81
69
59
81_85
69_73_73
47_59
69_71_83
47
57_61
35
73
69
81_85
69_73
71_83
57_61
73
69
83_87
63_71_71_75
47_59_59
59_71_83
47
63
59_63
51
71
59
71
59
75
71
59
47
75
71
75
71
87
71
47_59
59
49
37
71
59
83
71
59
83_87
71_75_75
47_59
71_71_83
47
59_63
35
75
71
83_87
71_75
71_83
59_63
75
71
85_88
64_73_73_76
47_59_61
59_71_83
47
64
61_64
52
73
59
73
59
76
73
61
49
76
73
76
73
88
73
47_59
59
49
37
73
59
85
73
59
85_88
73_76_76
47_59
71_73_83
47
61_64
35
76
73
85_88
73_76
71_83
61_64
76
73
87_90
66_75_75_78
47_59_63
59_71_83
47
66
63_66
54
75
59
75
59
78
75
63
51
78
75
78
75
90
75
47_59
59
49
37
75
59
87
75
59
87_90
75_78_78
47_59
71_75_83
47
63_66
35
78
75
87_90
75_78
71_83
63_66
78
75
87_90
75_75_78
47_59
59_71_83
66
63_66
54
75
59
75
59
90
78
75
63
51
78
75
87
78
75
75
59
59
47
75
59
75
59
90
87_90
75_78_78
71_75_83
54
63_66
42
78
75
87
87_90
75_78
71_83
63_66
78
75
87_90
75_75_78
59_71_83
51
63_66
39
75
59
75
59
90
78
75
47
35
78
75
87
78
75
75
59
45
33
75
59
75
59
90
87_90
75_78_78
71_75_83
42
63_66
30
78
75
87
87_90
75_78
71_83
63_66
78
75
92
88_92
68_76_80_80
52_64_64
76_76
52
40
64_68
28
90
87_90
75_78_78
75
44
63_66
32
88
85_88
73_76_76
73
49
61_64
37
87
83_87
71_75_75
71
52
59_63
40
85
81_85
69_73_73
69
57
57_61
45
83
80_83
68_71_71
68
61
56_59
49
81
78_81
66_69_69
66
66
54_57
54
81
72
66
64
81
71
66
63
81
76
64
60
81
75
66
59
78
71_78
75_75
59_66
71
57
57_59
83
71_83
76_76
59_64
64
56
56_59
80
77
73
59
85
78
66
58
82
75_82
79_79
63
61
61
87
75_87
80_80
71
59
59
83
80
64
62
88
81
73
61
83
76_83
71_80_80
64
64
62
62
88
76_88
73_81_81
64
73
61
61
83
80
64
62
88
81
73
61
88
88_91
76_79_82
52_64
58
60
64_67
36
88
88_91
67_76_83
52_64
59
59
64_67
35
64_76
85
61
58
34
88
88_91
76_76_79
52_64
64_67
59
57
33
87
87_90
75_78_83
47_59
63_66
56
32
88
64_76_88
76_76_83
52_64
54_59
61
57
33
85
81_85
73_73_81
52_64
57_61
78
78
66
54
42
54
30
80
80
68
56
44
56
32
81
81
69
66_69
57
45
57
33
78
78
66
54
42
30
80
80
68
56
44
32
81
81
69
57
45
33
83
83
71
59_66
59
47
35
83
83
71
59
47
35
85
85
73
61
49
37
87
87
75
63
51
39
88
88
76
56_64
64
52
40
52
68_71
54
56
57
59
64_68
61
58
83
78_81
59_66
54_57_66_69
59
54_57
40
54_57
40
87
75
54_57
40
54_57
40
90
78
54_57
40
54_57
40
83
71
54_57
40
54_57
40
88
76_76_80
56_64
52_56_64_68
52_56
40
52
68_71
54
56
57
59
64_68
61
58
83
78_81
59_66
54_57_66_69
59
54_57
40
54_57
40
87
75
54_57
40
54_57
40
90
78
54_57
40
54_57
40
83
71
54_57
40
54_57
40
88
76_76_80
56_64
52_56_64_68
52
52_56
40
64
52
66
54
68
56
69
57
71
59
73
61
70
58
71
83
59_69_78_81
59_66
59_66_69
59
54_57
47
70
58
71
59
73
61
75
63
76
64
78
66
75
63
76
76_88
59_68_68_76_80
64_64_68
64_64_68
52
64
64
52
76
76
64
63
63
63
51
78
78
64_66_76
52_64
61_64_76
61
61
49
80
80
68
59
59
59
47
81
81
64_69_76
52_64
64_69_76
57
57
45
83
83
71
68
56
56
44
85
85
64_73_76
52_64
64_66_76
54
54
42
82
82
70
64
52
52
40
83
83
66_71_71_83
47_59_59
59_63_71
47
51
51
39
82
82
70
64
52
52
40
83
83
71
63
51
51
39
85
85
73
61
49
49
37
87
87
75
59
47
47
35
88
88
76
57
45
45
33
90
90
78
56
44
44
32
87
87
75
54
42
42
30
88
64_76_76_88
64_76_76
52_64_64
52_64_76
52_64
52
40
40
28
83
71
81
64_76_76_88
64_69_76
52_64_64
64_76_76
52_64
52
64
64
52
80
64_76_76_88
64_68_76
52_64_64
64_76
52_64
52
80
64_76_76_88
64_68_76
52_64_64
64_76
52_64
52
71
59
59
47
69
57
57
45
68
56
56
44
83
64_76_76_88
64_71_76
52_64_64
64_68_76
52_64
52
56
56
44
80
68
78
64_76_76_88
64_66_76
52_64_64
64_76
52_64
52
76
64_76_76_88
64_64_76
52_64_64
64_76
52_64
52
76
64_76_76_88
64_64_76
52_64_64
64_71_76
52_64
52
59
59
47
68
56
56
44
66
54
54
42
64
52
52
40
80
64_76_76_88
64_68_76
52_64_64
64_64_76
52_64
52
52
52
40
76
64
73
64_76_76_88
61_64_76
52_64_64
64_76
52_64
52
71
64_76_76_88
59_64_76
52_64_64
59_64_76
52_64
52
59
59
47
76
64_76_88
64_64_76
52_64_64
64_64_76
52_64
52
64
64
52
71
83
59
59
59
59
47
69
64_76_81
57_64_76
52_64_64
57_64_76
52_64
52
57
57
45
68
64_76_80
56_64_76
52_64_64
56_64_76
52_64
52
56
56
44
71
64_76_83
64_71_76
52_64_64
59_64_76
52_64
52
59
59
47
68
80
68
56
56
56
44
66
64_76_78
64_66_76
52_64_64
54_64_76
52_64
52
54
54
42
64
64_76_76
64_64_76
52_64_64
52_64_76
52_64
52
52
52
40
71
64_76_83
64_71_76
52_64_64
59_64_76
52_64
52
59
59
47
68
80
68
56
56
56
44
66
64_76_78
64_66_76
52_64_64
54_64_76
52_64
52
54
54
42
64
64_76
64_64_76
52_64_64
52_64_76
52_64
52
52
52
40
64
64_76_76
64_64_76
52_64_64
52_64_76
52_64
52
52
52
40
48
48_60
69
65
60_72
57
41_53
48
41
60
59
60
62
60
67
58
55
48
29
58
57
58
50
60
52
58
65
57
53
53
48
60
58
57
62_74
60
64_76
58
57
65_77
65
60
58
65
57
53
53
51
39
60
57
70
58
53
58
49
37
65
58
58
53
70
65
58
65
58
49
37
58
53
65
58
70
58
53
65
58
49
37
65
58
58
53
68
77_89
65_77_80
58_65_68
65
56
48_60
36
58
53
65
58
68
86_89
65_77_80
62_65_74
65
56
59_62
35
86_89
77_80
65_74
59_62
86_89
77_80
65_74
59_62
65
84_89
60_72_77
53_65_72
44
56_60
32
65
83_89
62_74_77
55_65_71
43
55_62
31
65
62
55
65
62_74
55
65
62
55
65
62_72
55
43
31
71
43
31
43
31
89
43
31
65
62
55
65
86
62
55
65
62
55
65
84
62
55
43
31
83
43
31
43
31
80
43
65
31
67
67
55
67
67_77
55
62
67
67
55
67
67_75
55
60
43
31
74
43
59
31
43
31
89_92
77_80
43
59_62
31
67
67
55
67
86_89
67_74_77
55
62_65
67
67
55
67
84_87
67_72_75
55
63_67
43
31
83_86
71_74
43
65_67
31
43
31
87
75
67
43_55
43
63
43
31
72
72
60
75
75
63
79
79
67
75
75
63
72
72
60
77
86
74_77
65_65
62
43
74
74
62
71
71
59
67
67
55
69
69
57
71
71
59
72
84
72_72
60_63
48_60
48
60
48
36
75
75
63
72
72
60
67
67
55
63
63
51
67
67
55
60
60
48
63
63
51
67
67
55
72
84
72_72
60_64_67
48_60
46
58_60
48
34
64
64
52
72
72
60
65
89
65_77
53_65_72
48_60
44
56_60
48
32
72
72
60
65
65
53
72
89
72_77
60_65_72
48_60
44
56_60
48
32
65
65
53
72
72
60
65
89
65_77
53_65_72
48_60
44
56_60
48
32
72
72
60
65
65
53
72
87
72_75
60_67_72
48_60
43
55_60
48
31
67
67
55
72
72
60
72
87
60_75
60_69_72
48_60
42
57_63
48
30
63
60
57
63
60_72
57
60
63
60
57
63
60_70
57
58
42
30
69
42
57
30
42
30
87
42
30
63
60
57
63
84
60
57
63
60
57
63
82
60
57
42
30
81
42
30
42
30
75_78
41
63_66
29
65
65
53
65
65_72_75
53
60_63
65
65
53
65
65_70_73
53
58_61
41
29
69_72
41
57_60
29
41
29
87_90
75_78
41
57_60
29
65
65
53
65
84_87
65_72_75
53
60_63
65
65
53
65
82_85
65_70_73
53
61_65
41
29
81_84
69_72
41
63_65
29
41
29
77
46
65
34
65
61
58
65
61_73
58
61
65
61
58
65
61_72
58
60
46
34
70
46
58
34
46
34
89
46
34
65
61
58
65
85
61
58
65
61
58
65
84
61
58
46
34
82
46
34
46
34
62_80
59
43
65
31
67
67
55
67
67_77
55
62
67
67
55
67
67_75
55
60
43
31
74
43
59
31
43
31
89_92
77_80
43
59_62
31
67
67
55
67
86_89
67_74_77
55
62_65
67
67
55
67
84_87
67_72_75
55
63_67
43
31
83_86
71_74
43
65_67
31
43
31
63
48
67
36
67
63
60
67
63
60
63
67
63
60
67
63
60
62
48
36
48
60
36
48
36
79
48
36
67
63
60
67
63_75
60
67
63
60
67
63_74
60
48
36
72
48
36
48
36
64
61
45
67
33
67
61_64
57
67
61_64
57
64
67
61_64
57
67
61_64
57
62
45
33
45
61
33
45
33
82
45
33
67
61_64
57
67
61_64_79
57
67
61_64
57
67
61_64_78
57
45
33
76
45
33
45
33
83
45
33
79
78
76
88_91
83
83_88
79
71
55_67
81_86
78
69
57_66
79_85
76
67
57_64
74
78_86
62_74
62_66
50
50_62
38
66
57
62
38
66
57
62
54
38
66
57
62
38
66
57
62
38
66
57
62
38
66
57
62
57
38
66
57
62
38
66
57
62
59
38
66
57
62
38
66
57
62
38
66
57
62
38
66
57
62
38
66
57
62
38
66
57
62
57
38
66
57
62
38
66
57
62
54
38
66
57
62
38
66
57
62
50
38
66
57
62
38
66
57
62
47
38
66
57
62
38
66
57_74
62
45
62
38
66
57
62
38
66
57_76
62
45
64
38
66
57
62
38
66
57
62
38
66
57
62
38
66
57
62
38
66
57
62
38
66
57_74
62
62
38
66
57
62
38
66
57
62
54
36
66
57
62
36
66
57
62
57
36
66
57
62
36
66
57
62
36
66
57
62
36
66
57
62
62
36
66
57
62
36
66
57
62
64
36
66
57
62
36
66
57
62
36
66
57
62
36
66
57
62
36
66
57
62
36
66
57
62
62
36
66
57
62
36
66
57
62
57
36
66
57
62
36
66
57
62
54
36
66
57
62
36
66
57
62
52
36
66
57
62
36
66
86
57_74
62
50
36
66
57
62
36
66
88
57_76
62
50
36
66
57
62
36
66
57
62
36
66
57
62
36
66
57
62
36
66
57
62
36
66
86
57_74
62
36
66
57
62
36
67
59
62
59
35
67
59
62
35
67
59
62
55
35
67
59
62
35
67
59
62
52
35
67
59
62
35
67
59_74
62
50
62
35
67
59
62
35
67
59_76
62
50
64
35
67
59
62
35
67
59
62
35
67
59
62
35
67
59
62
35
67
59
62
35
67
59_74
62
62
35
67
59
62
35
69
60
62
60
30
69
60
62
30
69
60
62
57
30
69
60
62
30
69
60
62
52
30
69
60
62
30
69
86
60_74
62
50
30
69
60
62
30
69
88
60_76
62
50
30
69
60
62
30
69
60
62
30
69
60
62
30
69
60
62
30
69
60
62
30
69
86
60_74
62
30
69
60
62
30
67
79
59_67
62
43_55
43
43
31
45
33
46
34
55
47
35
54
54
48
36
52
52
52
52
51
54
52
55_67
55_67
50
55_59
35
57_60
58_61
79
67
91
79
43
59_62
31
90
78
90
78
48
60_64
36
88
76
88
76
88
76
88
76
87
75
90
78
88
76
62
86
74
50
62
55
59_62
43
67
55
59_62
50
71
59
55
43
67
55
55
43
71
59
54
42
74
62
62
74
50
52
40
73
67
76
55
74
72
54
42
71
71
69
59
67
67
86
55_74
55
62
43
85
73
61
71
88
59_76
64
86
74
62
84
72
60
83
71
59
74
81
62_69
57
79
67
55
62
60_62
50
54
42
69
57
72
60
54
42
69
57
54
42
72
60
52
40
74
62
62
81
50
50
38
80
69
83
57
81
79
52
40
78
72
76
60
74
69
86
57_74
54
62
42
85
73
61
72
88
60_76
64
86
74
62
86
74
62
84
72
60
74
83
62_71
59
81
69
57
55_67
79
59_62_67
55_67
43_55
43
43_55
31
45
33
46
34
43
55
47
35
53
55_67
53
48
36
51
51
51
51
50
53
51
50
55_59
31
57_60
58_61
79
67
91
79
59_62
89
77
89
77
48
60_63
36
87
75
87
75
87
75
87
75
86
74
89
77
87
75
67
86
74
55
55_67
43
58_62
31
70
58
55
74
62
43
31
67
58_63_82
55
43
31
81
70
84
58
82
55_81
39
51
27
79
75
77
63
75
65
60_63
53
65
45
57
33
72
60
75
63
45
33
72
87
65
60_75
45
63
33
86
74
62
75
89
63_77
65
87
75
63
86
57
74
41
41_62
29
84
72
60
77
82
65_70
58
81
69
57
65
82
58_62
53_70
46
58
34
70
58
53
74
62
46
34
70
58
46
34
74
62
45
33
77
65
65
77
53
43
31
76
70
79
58
77
75
45
33
74
74
72
62
70
70
89
58_77
46
65
34
88
76
64
74
91
62_79
67
89
77
65
87
75
63
86
74
62
77
84
65_72
60
82
70
58
65
60_63
53
45
33
72
60
75
63
45
33
72
60
45
33
75
63
43
31
77
65
65
53_72
41
29
71
72
60_74
72
70
43
31
69
75
63_67
65
72
89
77
60
45
65
33
88
76
64
75
91
79
63
67
89
77
65
89
77
65
87
75
63
77
86
74
65
62
84
72
60
70
82
61_70
58
46
46_58
34
73
61
77
65
46
34
70
66
58
46
61
34
60
73
61
63
61
58
42
42_60
30
58
78
66
56
54
68
56_66_75_78
56
48
48_63
36
75
63
78
66
48
36
75
87
63
48
36
86
78
89
66
87
85
44
44_60
32
84
80
82
68
80
80
80
56_65_68
53_56
49
56
37
85
73
61
89
77
49
65
37
85
73
49
61
37
89
77
65
48
36
92
80
68
80
68_68
46
56
34
67
85
70_73
61
68
66
48
36
65
89
63_77
65
61
80
85
73
49
61
37
79
82
89
77
65
80
78
77
75
92
80
68
73
80
68
54_56
48
56
36
87
75
63
90
78
48
66
36
87
75
48
63
36
90
78
66
46
34
92
80
68
80
68_75
44
56
32
74
87
75_77
63
75
73
46
34
72
90
70_78
66
68
80
87
75
48
63
36
79
82
90
78
66
80
80
78
77
92
80
68
75
73
85
61_73_77
56
44
44
61_65
32
68
56
49
37
68
85
56_73_77
53
61_65
41
85
73_77
49
61_65
37
68
56
53
41
84
72_75
60_63
68
56
56
44
82
70_73
56
44
58_61
32
56
68
56
58
49
37
56
84
72_75
54
60_63
53
68
56
51
53
41
49
85
73_77
56
61_65
44
55
43
73
61
58
46
56
44
54
42
53
41
77
65
51
39
49
37
68
80_87
56_75_78
44
63_66
32
68
56
51
39
68
80_87
56_75_78
54
63_66
42
80_87
75_78
51
63_66
39
68
56
54
42
80_85
73_77
61_66
68
56
56
44
80_84
72_75
44
60_66
32
68
56
56
44
80_85
73_77
61_66
68
56
56
44
80_87
75_78
56
63_66
44
55
43
72
60
58
46
56
44
56
44
55
43
75
63
58
46
56
44
80_85
73_77
56
61_65
84_87
75_80
60_63
68
85_89
56_77_80
49
61_65
37
48
36
73
61
51
39
49
37
49
37
48
36
77
65
51
39
49
37
83_86
74_79
55
55_67
59_62
84_87
75_79
55_67
60_63
67
86_89
55_77_79
55_67
43
62_65
31
42
30
71
59
44
32
43
31
43
31
42
30
74
62
44
32
43
31
83_86
74_79
55_67
59_62
84_87
75_79
55_67
60_63
71
86_89
59_77_79
55_67
43
62_65
31
42
30
74
62
44
32
43
31
43
31
42
30
77
65
44
32
43
31
86_89
74_77
55_67
62_65
87_91
75_79
55_67
63_67
71
89_92
59_77_80
55_67
43
65_68
31
42
30
74
62
44
32
43
31
43
31
42
30
77
65
44
32
43
31
71
86_91
59_74_79
55_67
43
62_67
31
42
30
74
62
44
32
43
31
43
31
42
30
79
67
44
32
43
31
74
86_89
62_74_77
55_67
43
62_65
31
42
30
77
65
44
32
43
31
43
31
42
30
83
71
44
32
43
31
75_84
60_72_84
60_63_63_67_72_72
60
60_60_63_72
48_60
48
48
48_60
36_48
48
75_84
63_72
60_63
48
75_84
63_72
60_63
48
75_84
87
63_72_75
60_63_63_75
48
51_63
48_75_84
63_72
60_63
48
75_84
63_72
60_63
48
75_84
63_72
60_63
48
48
75_84
63_72
60_63
48
75_84
63_72
60_63
48
75_84
91
63_72_79
60_63_67_79
48_55_67
75_84
48
63_72
60_63
48
75_84
63_72
60_63
48
75_84
92
63_72_80
60_63_68_80
56_68
48
48_75_84
63_72
60_63
48
75_84
63_72
60_63
48
75_84
63_72
60_63
48
75_84
48
63_72
60_63
48
75_84
63_72
60_63
48
75_84
63_72
60_63
48
48
75_84
63_72
60_63
48
75_84
63_72
60_63
48
75_84
91
63_72_79
60_63_67_79
48
55_67
75_84
48
63_72
60_63
48
75_84
63_72
60_63
48
75_84
87
63_72_75
60_63_63_75
51_63
48
75_84
48
63_72
60_63
48
75_84
63_72
60_63
48
75_84
84
63_72_72_84
60_63_72
48_60
48
48_75_84
63_72
60_63
48
75_84
63_72
60_63
48
75_84
79
63_67_72_79
60_63_67_79
48
43_55
48_75_84
63_72
60_63
48
75_84
63_72
60_63
48
75_84
75
63_63_72_75
60_63_63_75
39_48_51
48_75_84
63_72
60_63
48
75_84
63_72
60_63
48
75_84
84
63_72_72_84
60_63_72_84
48_60
48
48_75_84
63_72
60_63
48
75_84
63_72
60_63
48
75_84
79
63_67_72_79
60_63_67_79
48
43_55
48_75_84
63_72
60_63
48
75_84
63_72
60_63
48
75_84
75
63_63_72_75
60_63_63_75
48
39_51
75_84
48
63_72
60_63
48
75_84
63_72
60_63
48
75_84
72
60_63_72_72
60_60_63_72
36_48
48
48
75_84
63_72
60_63
48
75_84
63_72
60_63
48
77
84_89
65_65_65_72_77_80
53
60_68_68_77
41
53
56_65
48
41
65_72
60_68
65_72
60_68
80
65_72
60_68
56
44
65_72
60_68
65_72
60_68
65_72
60_68
65_72
60_68
65_72
60_68
84
65_72
60_68
60
48
65_72
60_68
65_72
60_68
85
60_72
65_72
60_68
48_60
61
49
65_72
60_68
65_72
60_68
65_72
60_68
65_72
60_68
65_72
60_68
65_72
60_68
65_72
60_68
65_72
60_68
84
65_72
60_68
60
48
65_72
60_68
65_72
60_68
80
65_72
60_68
56
44
65_72
60_68
65_72
60_68
77
65_72
60_68
53
41
65_72
60_68
65_72
60_68
72
65_72
60_68
48
36
65_72
60_68
65_72
60_68
68
65_72
60_68
44
32
65_72
60_68
65_72
60_68
77
65_72
60_68
53
41
65_72
60_68
65_72
60_68
72
65_72
60_68
48
36
65_72
60_68
65_72
60_68
68
65_72
60_68
44
32
65_72
60_68
65_72
60_68
65
65_72
60_68
41
29
65_72
60_68
65_72
60_68
74_83
55_67_83
55_62_62_62_71_71
59
55_65_67_71
55_67
43
43
43_47_59
31
43
74_83
62_71
55_65
43
74_83
62_71
55_65
43
74_83
86
62_71_74
55_62_65_74
43
50_62
74_83
43
62_71
55_65
43
74_83
62_71
55_65
43
74_83
62_71
55_65
43
43_74_83
62_71
55_65
43
74_83
62_71
55_65
43
74_83
91
62_71_79
55_65_67_79
43
55_67
74_83
43_62_71
55_65
43
74_83
62_71
55_65
43
74_83
67_74_92
62_71_80
55_65_68_80
56_68
43
74_83
43_62_71
55_65
43
74_83
62_71
55_65
43
74_83
62_71
55_65
43
43
74_83
62_71
55_65
43
74_83
62_71
55_65
43
74_83
62_71
55_65
43
43
74_83
62_71
55_65
43
74_83
62_71
55_65
43
74_83
91
62_71_79
55_65_67_79
55_67
43
43
74_83
62_71
55_65
43
74_83
62_71
55_65
43
74_83
89
62_71_77
55_65_65_77
43_53_65
74_83
43_62_71
55_65
43
74_83
62_71
55_65
43
74_83
86
62_71_86
55_65_74
62
43
74_83
43
62_71
55_65
43
74_83
62_71
55_65
43
74_83
83
62_71_83
55_65_71
59
43
43
74_83
62_71
55_65
43
74_83
62_71
55_65
43
74_83
79
62_71_79
55_65_67_79
55
43
74_83
43_62_71
55_65
43
74_83
62_71
55_65
43
74_83
77
62_71_77
55_65_65_77
53
43
43
74_83
62_71
55_65
43
74_83
62_71
55_65
43
74_83
74
62_71_74
55_62_65_74
50
43
74_83
43_62_71
55_65
43
74_83
62_71
55_65
43
74_83
71
62_71_71
55_59_65_71
47
43
74_83
43
62_71
55_65
43
74_83
62_71
55_65
43
74_83
86_89
62_71_74_83
55_65_65_74
43_43
43_55
31
43
74_83
62_71
55_65
43
74_83
62_71
55_65
43
72_84
60_72_84_87
48_60_60_72_72_84
60
56_63_72
48_60
48
44
44_56
48
32
56
56
84_87
48_60_75_84
51_63_72
48_60
48
56_60
36
51
51
56
56
56
84_87
48_60_75_84
51_63_72
48_60
51
56_60
39
51
51
68
60_72_84_87
48_56_60_75_84
56_63_72
48_60
53
56_60
48
41
56
56
72
84_87
48_60_60_75_84
51_63_72
48_60
51
56_60
39
51
51
56
56
56
75
84_87
48_60_63_75_84
51_63_72
48_60
48
56_60
36
51
51
77
60_72_84_87
48_60_63_65_75_84
60
57_63_72
48_60
45
45
53_60
48
33
57
57
75
84_87
48_60_63_75_84
53_63_72
48_60
48
53_60
36
53
53
57
57
57
72
84_87
48_60_60_75_84
53_63_72
48_60
53
53_60
41
53
53
69
60_72_84_87
48_57_60_75_84
57_63_72
48_60
55
53_60
48
43
57
57
72
84_87
48_60_60_75_84
53_63_72
48_60
53
53_60
41
53
53
57
57
57
77
84_87
48_60_65_75_84
53_63_72
48_60
48
53_60
36
53
53
79
77_77_86
62_65_67_74_86
58
58_62_74
65
46
46
58_62
34
58
58
77
77_86
65_65_74_77
53_65_74
65
50
58_62
38
53
53
58
58
58
74
77_86
62_65_74_77
53_65_74
65
53
58_62
41
53
53
70
77_77_86
58_65_74_77
58_65_74
65
55
58_62
43
58
58
74
77_86
62_65_74_77
53_65_74
65
53
58_62
41
53
53
58
58
58
77
77_86
65_65_74_77
53_65_74
65
50
58_62
38
53
53
80
55_67_86_89
65_65_67_68_74_77
62
59_65_74
43_55
47
47
59_62
43
35
59
59
79
86_89
65_67_67_74_77
55_65_74
43_55
50
59_62
38
55
55
59
59
59
74
86_89
62_65_67_74_77
55_65_74
43_55
55
59_62
43
55
55
71
55_67_86_89
59_65_67_74_77
59_65_74
43_55
56
59_62
43
44
59
59
74
86_89
62_65_67_74_77
55_65_74
43_55
55
59_62
43
55
55
59
59
59
79
83_89
65_67_67_71_77
55_65_71
43_55
50
59_62
38
55
55
80
60_72_84_87
60_60_67_68_72_75
60
51_63_72
48_60
48
48
60_63
48
36
51
51
79
79_87
60_67_67_67_75
55
48_60
51
60_63
39
55
55
51
51
51
75
79_87
60_63_67_67_75
55
48_60
55
60_63
43
55
55
82
60_72_80_87
60_63_68_70_75
60
51
48_60
48
48
60_63
48
36
51
51
80
80_87
60_68_68_75
56
48_60
51
60_63
39
56
56
51
51
51
75
80_87
60_63_68_75
56
48_60
56
60_63
44
56
56
82
80_89
65_65_68_70_77
61
53
65
49
49
61_65
37
53
53
80
80_89
65_68_68_77
56
65
53
61_65
41
56
56
53
53
53
77
80_89
65_65_68_77
56
65
56
61_65
44
56
56
84
80_89
65_67_68_72_77
62
53
65
50
50
62_65
38
53
53
82
82_89
65_70_70_77
58
65
53
62_65
41
58
58
53
53
53
77
82_89
65_65_70_77
58
65
58
62_65
46
58
58
82
82_91
67_70_70_79
63
55
51
51
63_67
39
55
82
70
51
39
55
79
67
58
55
43
58
84
72
58
46
58
84
60_72_84_91
48_60_60_72_72_79
55
55_60_72
48_60
52
52
52_55
48
40
55
84
72
52
40
55
79
67
60
55
43
60
84
72
60
48
60
84
60_72_84_92
48_60_60_72_72_80
56
56_68_72
48_60
53
53
53_56
48
41
56
84
72
53
41
56
80
68
60
56
44
60
84
72
60
48
60
84
60_72_84_93
48_60_60_72_72_81
57
57_69_72
48_60
54
54
54_57
48
42
57
84
72
54
42
57
81
69
60
57
45
60
84
72
60
48
60
84
60_72_87_93
48_60_63_72_75_84
60
54_72_75
48_60
42_48
42
54_57
30
48
48
48
75_87
72_81
48
48
48
48
48
48
48
48
48
48
48
48
48
48
48
48
48
48
48
48
48
48
48
48
48
48
48
91
79
55
43
43
55
43
31
55_67_75_84
55_67_87_91
43_55_63_72_75_79_84
55_67_72_75
43_55
60_63
43
43
31
55_67_74_83
55_67_86_91
43_55_62_71_74_79_83
55_67_71_74
43_55
59_62
43
84
60_72_87_93
48_60_63_72_75_81_84
60
54_72_75
48_60
42
42_48
60_63
30
48
48
48
75_87
48
48
48
48
48
48
48
48
48
48
48
48
48
48
48
48
48
48
48
48
48
48
48
48
48
48
48
91
79
55
43
43
43
31
55_67_75_84
55_67_87_91
43_55_63_72_75_79_84
55_67_72_75
43_55
60_63
43
43
31
55_67_74_83
55_67_86_91
43_55_62_71_74_79_83
55_67_71_74
43_55
59_62
43
84
60_72_84
48_60_60_72_84_84
60
60_60_72
48_60
48
48
48
36
48
48
79
79
67
55
55
43
48
48
80
80
68
48_56
56
44
48
77
77
65
53
53
48
41
48
79
79
67
55
55
43
48
48
75
75
63
51
51
39_48
48
77
77
65
48_53
53
41
48
74
74
62
50
48_50
38
48
75
75
63
51
51
39
48
48
72
72
60
48
48
48
36
48
74
74
62
50
50
38_48
48
71
71
59
47_48
47
35
48
72
72
60
48
48
36_48
48
67
67
55
43
43
31_48
48
69
69
57
45
45
48
33
48
71
71
59
47
47_48
35
48
72
60_72
60
60
48
48
48
36_48
48
67
79_91
67
67
55
55
43
48
48
68
80_92
68
68
56
48_56
44
48
65
77_89
65
65
48_53
53
41
48
67
79_91
67
67
55
55
43_48
48
63
75_87
63
63
51
51
39_48
48
65
77_89
65
65
48
53
53
41
48
62
74_86
62
62
48_50
50
38
48
63
75_87
63
63
51
51
39
48
48
60
72_84
60
60
48
48
36
48
48
62
74_86
62
62
50
48_50
38
48
59
71_83
59
59
47
47
35
48
48
60
72_84
60
60
48
48_48
36
48
55
67_79
55
55
43
43_48
31
48
57
69_81
57
57
45
45
33
48
48
59
71_83
59
59
47
47
35
48
60
72_84
60_60
60
60
48
48_48
48
36
48
79
79_91
79
67
55
55
43_48
48
80
80_92
80
68
56
48_56
44
48
77
77_89
77
65
48
53
53
41
48
79
79_91
79
67
48_55
55
43
48
75
75_87
75
63
51
51
39_48
48
77
77_89
77
65
53
53
41_48
48
74
74_86
74
62
48
50
50
38
48
75
75_87
60_75
60
63
48_48
51
51
39
48
72
72_84
72
60
48
48_48
36
48
74
74_86
74
62
48
50
50
38
48
71
71_83
71
59
48
47
47
35
48
72
72_84
72
60
48
48
36
48
48
67
67_79
67
55
43
43
31_48
48
69
69_81
69
57
45
45
33_48
48
71
71_83
71
59
48
47
47
35
72
72_84
60_72
60
60
48_48
48
48
36
48
67
79_91
67
67
55
55
48
43
48
68
80_92
68
68
56
56
44
48
48
65
77_89
65
65
53
53
41_48
48
67
79_91
67
67
55
48_55
43
48
63
75_87
63
63
48
51
51
39
48
65
77_89
65
65
48_53
53
41
48
62
74_86
62
62
50
48_50
38
48
63
75_87
60_63
60
63
48
48_51
51
39
48
60
72_84
60
60
48
48
48
36
48
62
74_86
62
62
50
50
48
38
48
59
71_83
59
59
47
47
35_48
48
60
72_84
60
60
48
48_48
36
48
55
67_79
55
55
43
43
31
48
48
57
69_81
57
57
45
45
33_48
48
59
71_83
59
59
48
47
47
35
48
60
72_84
60_60
60
60
48
48
48
48
36
55
67
55
55
43
43
31
57
69
57
57
45
45
33
59
71
59
59
47
47
35
60
72
60
60
48
48
36
62
74
62
50
50
50
38
63
75
63
51
51
51
39
65
77
65
53
53
53
41
67
79
67
55
55
55
43
68
80
68
56
56
56
44
70
82
70
58
58
58
46
72
84
72
60
60
60
48
74
86
74
62
62
62
50
62
74
62
50
50
50
38
55_63_75
55_63
51
51
39
75
75
75
75
70
70
70
70
70
67
58
63
67
63
67
70
63
67
70
67
70
75
58
63
67
63
67
70
67
70
75
70
75
79
75
63
63
51
51_55
39
67
70
72
70
70
61
58
58
46_53
34
57
57
58
58
57
57
58
58
57
57
58
58
57
57
76
64_64
58
58
48_52
36
57
57
79
67
58
58
61
61
60
60
55
58
58
84
72
56
56
55
55
65
65
53
53
53_56
41
68
72
73
72
72
63
60
60
48_55
36
59
59
60
60
59
59
84
75
60
60
44_53
32
58
58
56
56
55
55
62_74
53
53
46
34
55_56
55_56
70
82
58
58
34
58
58
63_75
75
63_75
51
51
51
39
75
75
75
75
70
70
70
70
70
67
58
63
67
63
67
70
63
67
70
67
70
75
58
63
67
63
67
70
67
70
75
70
75
79
75
63
59
54
47
35
51_63
51_63
51_63
51_63
66
63
60
45
33
48_60
48_60
48_60
48_60
69
63
60
42
30
48_60
48_60
48_60
48_60
71
62
55
53
41
43_55
43_55
43_55
43_55
71
43_55_67
65
50
38
74
71
62
47
35
43_55
43_55
43_55
43_55
77
43_55_74
59
43
31
43_55
43_55
43_55
43_55
43_55
43_55
43_55
43_55
43_55
43_55
79_88
67_76
64_67
55_64
77_86
65_74
62_65
53_62
43
43
43
43
76_84
64_72
60_64
48_60
52_60
48
76_84
64_72
64
48_60
52_60
81_91
69_79
69
48_60
57_67
89
77
65
48
48
48_60
48
79_88
67_76
67
55_64
48
81_88
66_76
66_69
48_60
54_64
48
87
75
63
83_86
55_62_65_74
65_71
43_55
53_62
43
43
43
43
62
59
53_59
43
43
31
83
71_80
59_68
91
79
67
43
43
62
83_86
55_59_62_71_74
53_65_67
43_55
43
43_62
43
31
43
64
84_88
60_60_64_72_76
52_64
48_60
48
48_64
36
48
48
65
91
60_62_62_79
57
48_60
41
41_67
48
29
89
77
65
48
81
69
57
64
84
60_60_64_72
55
48_60
43
43_60
31
43
43
76
64_67
43
43
65
77
55_62_62
55_65
43_55
43
43
31
83
71
59
43
43
88
76
64
43
86
74
62
43
71
76
74
74
79
77
74
79
77
76
74
72
71
81
79
77
76
74
72
83
81
79
77
76
74
84
83
81
79
77
76
86
84
83
81
79
77
88
86
84
83
81
79
67
89
77
88
76
86
74
84
72
83
71
81
69
79
67
89
77
65
88
76
64
86
74
62
84
72
60
83
71
59
81
69
57
79
67
55
89
77
65
88
88
76
64_76
64
86
86
74
62_74
62
84
84
72
60_72
60
83
83
71
59_71
59
81
81
69
57_69
57
79
79
67
55_67
55
89
89
77
65_77
65
88
88
76
64_76
64
86
86
74
62_74
62
84
84
72
60_72
60
83
83
71
59_71
59
81
81
69
57_69
57
79
79
67
55_67
43
55
31
89
89
77
65_77
53
65
41
88
88
76
64_76
52
64
40
86
86
74
62_74
50
62
38
84
84
72
60_72
48
60
36
83
83
71
59_71
47
59
35
81
81
69
57_69
45
57
33
79
79
67
55_67
43
55
31
81
81
69
57_69
45
57
33
83
83
71
59_71
47
59
35
84
84
72
60_72
48
60
36
86
86
74
62_74
50
62
38
88
88
76
64_76
52
64
40
89
89
77
65_77
53
65
41
91
91
79
67_79
55
67
43
84
60_72_84_88
64_64_67_72_76_84
60
60_64_64_72
48_60
48
48
52_60
36
48
48
88
76
60_64
60
48
48
60_64
60
48_48
48
91
79
60_64
60
48
48
93
60_72_84_88
64_67_76_81_84
60_64_64_72
48_60
60
52_60
48
48
48
60_64
60
48
48
60_64
60
48
48
48
91
79
60_64
60
48
48
88
60_72_84_88
64_67_76_76_84
60_64_64_72
48_60
60
52_60
48
48
48
84
72
60_64
60
48
48
81
69
60_64
60
48
48
48
79
67
60_64
60
48
48
79
67
60_64
60
48_48
48
60_64
60
48
48
60_64
60
48_48
48
60_64
60
48
48
84
60_72_84_88
64_64_67_72_76_84
60
60_64_64_72
48_60
48
60
52_60
48
48
48
79
67
60_64
60
48
48
77
65
60_64
48_60
48
48
76
64
60_64
60
48
48
76
64
60_64
60
48
48
48
60_64
60
48
48
60_64
60
48
48
48
60_64
60
48
48
79
60_72_79_91
64_64_67_67_76_84
60
60_64_64_72
48_60
48
60
52_60
48
48
48
76
76_88
64
60_64
60
48
48
74
74_86
62
60_64
60
48
48
48
72
72_84
60
60_64
60
48
72
72_84
60
60_64
60
48
48
60_64
60
48
72
60_72_84
60_60_72
48_60_60_72
48_60
52
52
48
40
52
40
74
60_72_84
60_60_62_62_74
60
48_60_62_74
48_60
48
53
53
48
41
72
60_72_84
60_60_72
48_60_60_72
48_60
52
52
48
40
74
60_72_84
60_62_62_74
48_60_62_74
48_60
53
53
48
41
72
60_72_84
60_60_72
48_60_60_72
48_60
52
52
48
40
74
60_72_84
60_60_62_62_74
60
48_60_62_74
48_60
48
53
53
48
41
72
60_72_84
60_60_72
48_60_60_72
48_60
52
52
48
40
76
60_72_84
60_64_76
48_60_64_76
48_60
55
55
48
43
77
60_72_84
48_60_60_65_77
60
48_60_65_77
48_60
48
57
57
48
45
76
60_72_84
48_60_64_76
48_60_64_76
48_60
55
55
48
43
77
60_72_84
48_60_65_77
48_60_65_77
48_60
57
57
48
45
76
60_72_84
48_60_64_76
48_60_64_76
48_60
55
55
48
43
77
60_72_84
48_60_60_65_77
60
48_60_65_77
48_60
48
57
57
48
45
76
60_72_84
48_60_64_76
48_60_64_76
48_60
55
55
48
43
72
60_72_84
48_60_60_72_84
48_60_60_72
48_60
52
52
48
40
72
60
48_60
74
60_72_86
48_60_60_62_74_84
60
48_60_62_74
48_60
48
53
53
48
41
74
62
48_60
72
60_72_84
48_60_60_72_84
48_60_60_72
48_60
52
52
48
40
72
60
48_60
74
60_72_86
48_60_62_74_84
48_60_62_74
48_60
53
53
48
41
74
62
48_60
72
60_72_84
48_60_60_72_84
48_60_60_72
48_60
52
52
48
40
72
60
48_60
74
60_72_86
48_60_60_62_74_84
60
48_60_62_74
48_60
48
53
53
48
41
72
60_72_84
48_60_60_72_84
48_60_60_72
48_60
52
52
48
40
76
60_72_88
48_60_64_76_84
48_60_64_76
48_60
55
55
48
43
76
64
48_60
77
60_72_89
48_60_60_65_77_84
60
48_60_65_77
48_60
48
57
57
48
45
77
65
48_60
76
60_72_88
48_60_64_76_84
48_60_64_76
48_60
55
55
48
43
76
64
48_60
77
60_72_89
48_60_65_77_84
48_60_65_77
48_60
57
57
48
45
77
65
48_60
76
60_72_88
48_60_64_76_84
48_60_64_76
48_60
55
55
48
43
76
64
48_60
77
60_72_89
48_60_60_65_77_84
60
48_60_65_77
48_60
48
57
57
48
45
77
60_72_84_89
48_60_65_77_84
48_60_65_77
48_60
57
57
48
45
76
60_72_84_88
48_60_64_76_84
48_60_64_76
48_60
55
55
48
43
75
60_72_84_87
48_60_60_63_75_84
60
48_60_63_75
48_60
48
54
54
48
42
76
60_72_84_88
48_60_64_76_84
48_60_64_76
48_60
55
55
48
43
74
60_72_84_86
48_60_62_74_84
48_60_62_74
48_60
53
53
48
41
72
60_72_84
48_60_60_60_72_84
60
48_60_60_72
48_60
48
52
52
48
40
81
60_72_84_93
48_60_69_81_84
48_60_69_81
48_60
53
53
48
41
79
60_72_84_91
48_60_67_79_84
48_60_67_79
48_60
52
52
48
40
78
60_72_84_90
48_60_60_66_78_84
60
48_60_66_78
48_60
48
51
51
48
39
79
60_72_84_91
48_60_67_79_84
48_60_67_79
48_60
52
52
48
40
77
60_72_84_89
48_60_65_77_84
48_60_65_77
48_60
50
50
48
38
76
60_72_84_88
48_60_60_64_76_84
60
48_60_64_76
48_60
48
48
48
36_48
48
76
64
48_60
55
55
43
48
77
60_72_84_89
48_60_65_77_84
48_60_65_77
48_60
57
57
45_48
48
76
88
64_76
48_60_64_76
55
55
43
48
75
60_72_87
48_60_60_63_75
60
48_60_63_75
48_60
48
54
54
48
42
48
75
63
48_60
54
54
42
48
76
60_72_84_88
48_60_64_76_84
48_60_64_76
48_60
55
48_55
43
48
74
86
62_74
48_60_62_74
53
53
41
48
72
60_72_84
48_60_60_60_72_84
60
48_60_60_72
48_60
48
48_52
52
40
48
72
60
48_60
52
52
40
48
81
60_72_84_93
48_60_69_81_84
48_60_69_81
48_60
53
53
41
48
48
79
91
67_79
48_60_67_79
52
52
40
48
78
60_72_90
48_60_60_66_78
60
48_60_66_78
48_60
48
48_51
51
39
48
78
66
48_60
51
51
39
48
79
60_72_84_91
48_60_67_79_84
48_60_67_79
48_60
48_52
52
40
48
77
89
65_77
48_60_65_77
50
50
38
48
76
60_72_84_88
48_60_60_64_76_84
60
48_60_64_76
48_60
48
48
48_48
36
48
76
64
48_60
48
48
36
48
77
60_72_84_89
48_60_65_77_84
48_60_65_77
48_60
57
48_57
45
48
76
88
64_76
48_60_64_76
55
55
43
48
75
60_72_87
48_60_60_63_75
60
48_60_63_75
48_60
48
54
54
42
48
48
75
63
48_60
54
54
42
48
76
60_72_84_88
48_60_64_76_84
48_60_64_76
48_60
55
55
43
48
48
74
86
62_74
48_60_62_74
53
53
41
48
72
60_72_84
48_60_60_60_72
60
48_60_60_72
48_60
48
52
52
40_48
48
72
60
48_60
52
52
40
48
81
60_72_84_93
48_60_69_72_81
48_60_69_81
48_60
53
48_53
41
48
79
91
67_79
48_60_67_79
52
52
40
48
78
60_72_84_90
48_60_60_66_72_78
60
48_60_66_78
48_60
48
48_51
51
39
48
78
66
48_60
51
51
39
48
79
60_72_84_91
48_60_67_72_79
48_60_67_79
48_60
52
52
40
48
48
77
89
65_77
48_60_65_77
50
50
38
76
60_72_84_88
60_64_67_72_76
60
48_60_72_76
60_64
48
48
48
48
36
60
60
64
64
67
67
72
72
48
48
48
79_86
67_67_74
52_67_74
55_62
52
52
55
55
55
60_72_76_84
64_67_72
48_64_72
52_60
48
48
48
36
60
60
64
79_86
64_67_67_74
67_74
55_62
67
67
72
76_84
64_67_72_72
64_72
52_60
48
48
48
79_86
67_67_74
52_67_74
55_62
52
52
55
55
55
60_72_76_84
64_67_72
48_64_72
52_60
48
48
48
36
60
60
64
79_86
64_67_67_74
67_74
55_62
67
67
72
76_84
64_67_72_72
64_72
52_60
48
48
48
79_86
67_67_74
52_67_74
55_62
52
52
55
55
55
60_72_76_84
64_67_72
48_64_72
52_60
48
48
48
36
60
60
64
64
67
67
72
72
48
48
48
52
52
52
55
55
55
55_67_86_89
67_74_77
55_74_77
62_65
43
43
43
31
67
55
71
59
74
62
79
67
59
47
47
84_88
67_72_76
62_72_76
60_64
50
50
67
55
55
55_67_79_86
67_67_74
55_67_74
55_62
43
43
43
31
67
55
71
84_88
59_67_72_76
72_76
60_64
74
62
79
79_86
67_67_67_74
67_74
55_62
59
47
47
84_88
67_72_76
62_72_76
60_64
50
50
67
55
55
55_67_79_86
67_67_74
55_67_74
55_62
43
43
43
31
67
55
71
84_88
59_67_72_76
72_76
60_64
74
62
79
79_86
67_67_67_74
67_74
55_62
59
47
47
84_88
67_72_76
62_72_76
60_64
50
50
67
55
55
55_67_79_86
67_67_74
55_67_74
55_62
43
43
43
31
67
55
71
59
74
62
79
67
59
47
47
62
50
50
67
55
55
60_72_84_88
67_72_76
60_72_76
60_64
48
48
48
36
72
60
76
84_88
64_67_72_76
72_76
60_64
79
67
84
60_72
72
60
48
48
79_86
67_67_74
64_67_74
55_62
52
52
48
67
55
55
60_72_76_84
64_67_72
60_64_72
52_60
48
48
48
36
72
60
76
79_86
64_67_67_74
67_74
55_62
79
67
84
76_84
64_67_72_72
64_72
52_60
60
48
48
60_72_79_86
67_67_74
64_67_74
55_62
52
52
48
67
55
55
60_72_76_84
64_67_72
60_64_72
52_60
48
48
48
36
72
60
76
79_86
64_67_67_74
67_74
55_62
79
67
84
76_84
64_67_72_72
64_72
52_60
60
48
48
60_72_79_86
67_67_74
64_67_74
55_62
52
52
48
67
55
55
60_72_76_84
64_67_72
60_64_72
52_60
48
48
48
36
72
60
76
64
79
67
84
72
60
48
48
60_72
64
52
52
48
67
55
55
55_67_86_89
67_74_77
55_74_77
62_65
43
43
43
31
79
67
83
86_89
67_71_74_77
74_77
62_65
86
74
91
79
59
47
47
55_67_84_88
67_72_76
62_72_76
60_64
50
50
43
67
55
55
55_67_79_86
67_67_74
55_67_74
55_62
43
43
43
31
79
67
83
84_88
67_71_72_76
72_76
60_64
86
74
91
79_86
67_67_74_79
67_74
55_62
59
47
47
55_67_84_88
67_72_76
62_72_76
60_64
50
50
43
67
55
55
55_67_79_86
67_67_74
55_67_74
55_62
43
43
43
31
79
67
83
84_88
67_71_72_76
72_76
60_64
86
74
91
79_86
67_67_74_79
67_74
55_62
59
47
47
55_67_84_88
67_72_76
62_72_76
60_64
50
50
43
67
55
55
55_67_79_86
67_67_74
55_67_74
55_62
43
43
43
31
79
67
83
71
86
74
91
79
79
67
59
47
47
83
71
62
50
50
86
74
67
55
55
88
60_72_84_88
60_64_72_76_76_84
60
48_72_76
60
48
36
60_64
48
24
86
64_76_83_86
52_64_71_74_83
52_71_74
52_64
40
59_62
28
84
64_76_81_84
52_64_69_72_81
57_69_72
52_64
45
57_60
33
83
60_72_79_83
48_60_67_71_79
60_67_71
48_60
48
55_59
36
81
60_72_89_93
48_60_77_77_81
65_65_69
48_60
53
53_57
41
79
88_91
76_76_79
64_67_69
57
52_55
45
77
86_89
62_65_74_74_77
62_65_69
62_65
62
50_53
50
77
86_89
62_65_74_74_77
62_65_69
62_65
60
60_62
48
77
86_89
62_65_74_74_77
62_65_67
62_65
59
59_62
47
77
84_89
62_65_72_72_77
62_65_74
62_65
57
57_60
45
77
55_67_83_89
62_65_71_71_77
62_65_74
55_62
55
55_59
43
43
81
55_67_81_93
62_71_74_81
62_62_71
55_62
53
53_59
41
43
79
60_72_79_91
64_72_76_79
64_64_72
60_64
52
52_60
40
48
81
60_72_81_93
48_60_72_72_81
60_69_72
60
53
53_60
41
79
55_67_79_91
60_64_72_76_84
64_72_76
48_60
55
55_60
43
43
79
55_67_79_91
55_62_71_74_83
62_71_74
43_55
43
55_59
31
43
88
60_72_84_88
60_64_72_76_84
48_72_76
48_60
36
55_60
24
48
86
64_76_83_86
52_64_71_74_83
52_71_74
52_64
40
59_62
28
84
64_76_81_84
52_64_69_72_81
57_69_72
52_64
45
57_60
33
83
60_72_79_83
48_60_67_71_79
60_67_71
48_60
48
55_59
36
81
60_72_89_93
48_60_77_77_81
65_65_69
48_60
53
53_57
41
79
88_91
76_76_79
64_67_69
57
52_55
45
77
86_89
62_65_74_74_77
62_65_69
62_65
62
50_53
50
77
86_89
62_65_74_74_77
62_65_69
62_65
60
60_62
48
77
86_89
62_65_74_74_77
62_65_67
62_65
59
59_62
47
77
84_89
62_65_72_72_77
62_65_74
62_65
57
57_60
45
77
55_67_83_89
62_65_71_71_77
62_65_74
55_62
55
55_59
43
43
81
55_67_81_93
62_71_74_81
62_62_71
55_62
53
53_59
41
43
79
60_72_79_91
64_72_76_79
64_64_72
60_64
52
52_60
40
48
81
60_72_81_93
48_60_72_72_81
60_69_72
60
53
53_60
41
79
55_67_79_91
60_64_72_76_84
64_72_76
48_60
55
55_60
43
43
79
55_67_79_91
55_62_71_74_83
62_71_74
43_55
43
55_59
31
43
79
60_72_79_91
60_64_72_76_84
64_72_76
48_60
48
55_60
36
48
81
88_93
64_67_73_76_85
64_73_76
45
61_64
33
81
89_93
62_65_74_77_86
65_74_77
50
62_65
38
79
55_67_86_91
62_65_71_74_83
62_71_74
55_62
43
59_62
31
43
79
60_72_88_91
60_64_72_76_84
64_72_76
60_64
48
60_64
36
48
81
88_93
64_67_73_76_85
64_73_76
45
61_64
33
81
89_93
62_65_74_77_86
65_74_77
50
62_65
38
79
55_67_86_91
62_65_71_74_83
62_71_74
55_62
43
59_62
31
43
79
60_72_88_91
60_64_72_76_84
64_72_76
60_64
48
60_64
36
48
71_79
55_67_86_91
55_67_67_74_74_83
55_62_71_74
55_62
55
59_62
43
43
72_79
60_72_88_91
55_67_67_76_76_84
55_64_72_76
60_64
60
60_64
48
48
71_79
55_67_86_91
55_65_67_74_74_83
55_62_71_74
55_62
43
59_62
31
43
76
60_72_76_88
48_60_64_76
60_64
48_60
48
60_64
36
76
60_72_76_88
48_60_64_76
60_64
48_60
48
60_64
48
36
74
74_86
62_74
59_62
59
59_62
47
77
77_89
65_77
57_65
57
57_60
45
76
76_88
64_76
55_64
55
55_59
43
81
81_93
69_81
53_69
53
53_57
41
79
79_91
67_79
52_67
52
52_55
40
83
83_89
71_83
50_71
50
50_53
38
84
84_88
72_84
48_72
48
48_52
36
76
60_72_76_88
48_60_64_76
60_64
48_60
60
60_64
48
48
74
74_86
62_74
59_62
59
59_62
47
77
77_89
65_77
57_65
57
57_60
45
76
76_88
64_76
55_64
55
55_59
43
81
81_93
69_81
53_69
53
53_57
41
79
79_91
67_79
52_67
52
52_55
40
83
83_89
71_83
50_71
50
50_53
38
84
84_88
72_84
48_72
48
48_52
36
76
60_72_76_88
48_60_64_76
60_64
48_60
60
60_64
48
48
74
74_86
62_74
59_62
59
59_62
47
77
77_89
65_77
57_65
57
57_60
45
76
76_88
64_76
55_64
55
55_59
43
81
81_93
69_81
65_69
53
53_57
48
41
79
79_91
67_79
64_67
52
52_55
40
83
83_91
71_83
62_71
50
50_53
38
84
84_91
72_84
60_72
48
48_52
36
86
60_72_86_91
48_60_74_74
59_74
48_60
47
59_62
48
35
84
84_91
72_72
57_72
45
57_60
33
88
88_91
76_76
55_76
43
55_60
31
86
55_67_86_91
55_67_74_74
53_74
55_62
53
53_59
43
41
43
91
55_67_91
55_67_79_79
52_67_79
60_64
52
52_60
43
40
43
91
55_67_89
62_65_77_79_79
62_65_77
55_62
50
50_59
43
38
43
91
55_67_88
60_64_76_79_79
60_64_76
52_60
48
52_60
43
36
43
91
55_67_86
55_62_74_79_79
55_62_74
55_62
43
50_59
43
31
43
79_91
60_72_84_88
60_64_72_76_76_79
64_72_72_76
60_64
48
52_60
48
36
79_91
79_86
55_62_67_74_74_79
62_67_71_74
55_62
43
50_59
31
79_91
60_72_84_88
60_60_64_67_72_76_76_84
60
55_64_72_72_76
55_67
48
48
48
48
36
79_91
55_67_79_86
55_55_62_67_67_74_74_83
55
55_62_67_71_74
55_67
43
43
43
43
31
79_91
84_88
60_64_72_72_76_76
64_72_72_76
60_64
48
36
79_91
79_86
55_62_67_74_74_79
62_67_71_74
55_62
43
31
79_91
60_72_84_88
60_60_64_67_76_76_84_84
60
55_64_72_72_76
55_67
48
48
60_64
48
36
79_91
55_67_79_86
55_55_62_67_74_74_83_83
55
55_62_67_71_74
55_67
43
43
59_62
43
31
79_91
67_79_91
55_67_67_67_67_79_79
67
67_67_79
55_67
55
67
67
55
79_91
67_79
67
79_91
67_79
67
79_91
67_79
67
79_91
67_79
67
79_91
67_79
67
79_91
67_79
67
79_91
67_79
67
79_91
79
67
67
55
79_91
79
67
88
76
76
64
52
88
76
76
84
84
72
60
48
84
84
72
79
79
67
55
43
79
79
67
76
64_76
64
64
52
48_64
52
48
76
76
64
48
72
72
60
60
48
48
48
72
72
60
48
67
67
55
55
43
48
48
67
67
55
48
64
64
64
48_52
40
48
64
64
64
48
60
60
60
48_48
36
48
60
60
60
48
55
64_76_88
52_55_64_64_76
55_64_76
52_64
43_48
64
31
48
55
55
55
48
60
60_72_84
48_60_60_72_84
60_60_72
48_60
48
60
36
48
48
60
60
60
48
60
55_67_79
43_55_60_67_79
55_60_67
43_55
48
55
36
48
48
60
60
60
60
60_72_84
48_60_60_60_76_84
60
60_60_72
48_60
48
48
48
48
36
60_67_76_84
60_72_84_88
60_60_64_67_67_76_76_84_84
60
48_55_64_72_72_76
60_64
48
48
48
48
36
60_67_76_84
60_72_84_88
60_60_60_64_67_76_76_84_84
60
48_55_64_64_72_72
48_60
48
48
48
48
36
60
60_72_84
60_60_60_64_76_84
60
48_64_72
52_60
48
48
48
48
36
60
60_72_84
60_60_60_64_76_84
60
48_64_72
52_60
48
48
48
48
36
60
60_72_84
60_60_60_64_76_84
60
48_64_72
52_60
48
48
48
48
36
