43_55_71
50
57_72
74
76
74
50_76
74
71
72
43_59_74
50
59_74
73
76
74
50_72
71
69
67
45_45_60_66
50
62
43_43_59_67
50
62
38_50_67_71
62
66_69
62
51_66_71
47_63
52_67_71
70
72
71
55_69
67
66
64
49_64_69
45_61
50_66_69
68
71
69
54_67
66
64
62
57_62_66
45
55_61_64
45
66
66
50_54_62
64
66
67
68
69
70
71
38_69_72
62
38_67_71
40
42
43
45_62
47
48
49
50_60_69
62
50_59_67
52
54
55
57_62
59
60
61
57_60_62
64
66
67
62_69
71
72
73
55_59_74
76
78
79
62_81
83
84
85
54_57_86
62
62
62
31_71_74
62
31_69_72
33
35
36
38_62
40
41
42
43_67_71
62
43_60_69
45
47
48
50_62
52
53
54
55
57
59
60
55_62
64
65
66
48_52_67
69
71
72
55_74
76
77
78
47_50_79
83
55_81
79
50_57_78
76
54_74
72
43_55_71
50
57_72
74
76
74
50_76
74
71
72
43_59_74
50
59_74
73
76
74
50_72
71
69
67
45_57_60_66
50
62
43_43_59_67
50
62
38_50_67_71
62
66_69
62
50_56_71_76
52_68
48_57_72_76
75
77
76
60_74
72
71
69
48_54_69_74
50_66
47_55_71_74
73
76
74
59_72
71
69
67
50_50_62_71
67
38_60_69
66
71
43_59_67
55
57
59
60
61
62
63
64
71_80
64_72_81
63
65
64
62_76_84
60
59
57
62
69_78
62_71_79
61
64
62
60_74_83
59
57
55
56_59_88
52_56
57_60_88
87
89
88
86
84
83
81
54_57_86
50_54
55_59_86
85
88
86
84
83
81
79
52_55_84
83
86
84
54_57_83
81
79
78
51_54_83
82
84
83
52_55_81
79
78
76
49_52_81
80
83
81
50_54_79
78
76
74
47_50_73
74
76
74
52_73
71
69
68
45_49_52
69
71
73
74
76
78
80
81
83
85
86
88
85
83
81
59_62_64_80
81
83
85
86
85
83
81
59_62_64_80
78
76
74
73
71
69
68
45_49_52_57
69
71
73
74
76
78
80
81
83
85
86
88
85
83
81
59_62_64_80
81
83
85
86
85
83
81
59_62_64_80
78
76
74
73
71
69
68
45_49_52_57_69
71
73
74
76
78
79
80
81
80
81
80
81
80
81
80
81
67_73_76
67_73_76_81
81
85
83
81
81
86
66_69_74
66_69_74_86
85
83
81
81
79
64_67_78
76
74
73
57_64_67_83
81
79
62_66_78
66_69_78
78
77
69_74_78
79
80
80
81
80
81
80
81
80
81
67_73_76_80
81
80
81
80
81
80
81
67_73_76_81
80
81
80
81
80
81
80
81
81
80
81
80
81
80
81
80
81
83
81
80
81
66_69_74_83
85
83
81
83
85
66_69_74_85
86
85
83
85
88
86
85
83
83
81
79
64_67_79
78
76
76
74
73
57_64_67_73
83
81
79
62_78
66
69_78
78
78
78
81
79
78
61_76
64
70_76
76
76
76
79
78
76
59_74
62
66
78
76
74
57_72
60
66
76
74
72
55_71
59
62
74
72
71
54_69
57
63
72
71
52_69
67
64_79
50_79
62_79
49_79
61_79
47_79
59_79
45_57_79
79
79
76
73
76
73
67
50_66
74
74
69
66
43_47_52_64
71
71
67
64
45_50_54_62
57_66_69_74
61_76
77
50_77
54
57
62_78
66
69
74_78
78
77
78
81
79
61_78
64
66
70_76
66
64
61_76
76
75
76
79
78
76
59_74
62_73
66_74
78
76
74
57_72
60_71
66_72
76
74
72
55_71
59_70
62_71
74
72
71
54_69
57_68
63_69
72
71
52_69
55_67
64_79
50_79
54
79
62
49_79
52
79
61
47_79
50
79
59
45_49_57_79
78
83
81
79
78
76
74
73
74
76
74
52_73
71
69
67
50_54_66
74
73
74
69
66
43_47_52_64
71
70
71
67
64
45_50_54
62
66
69
33_45
52
55
61
50_54_57
62
50_55_59
49
52
50
48_62
47
45
43
42_57_60
62
38
43_55_59
62
47
50_54_57
62
50_55_59
49
52
50
48_62
47
45
43
42
57
60
62
38
43
67
71
74
47
44
59
62
67
40
45
69
72
76
48
47
62
65
67
43
48
72
76
79
52
45
72
76
84
48
42
72
81
84
45
38
78
81
84
72
78
81
69
72
78
66
69
38_72
60
66
69
57
60
59
62
60
64
62
66
38_64
67
66
69
67
71
69
72
71
74
72
76
74
78
76
79
78
81
38_79
83
81
84
83
86
84
83
81
79
78
79
78
76
78
79
81
83
84
83
86
84
83
81
79
78
79
78
76
78
79
81
83
84
83
86
84
83
81
79
78
79
78
76
78
79
81
83
84
83
86
84
83
81
79
78
79
78
76
78
79
81
79
78
76
74
72
43_55_71
50
57_71
71
71
71
50_71
71
69
71
43_59_74
50
59_74
73
76
74
50_72
71
69
67
45_45_60_66
50
62
43_43_59_67
50
62
38_50_67_71
62
66_69
62
51_66_71
47_63
52_67_71
70
72
71
55_69
67
66
64
49_64_69
45_61
50_66_69
68
71
69
54_67
66
64
62
57_62_66
45
55_61_64
45
66
50_54_62
64
66
67
68
69
70
71
38_69_72
62
38_67_71
40
42
43
45_62
47
48
49
50_60_69
62
50_59_67
52
54
55
57_62
59
60
61
57_60_62
64
66
67
62_69
71
72
73
55_59_74
76
78
79
62_81
83
84
85
54_57_86
62
62
62
31_71_74
62
31_69_72
33
35
36
38_62
40
41
42
43_67_71
62
43_60_69
45
47
48
50_62
52
53
54
55
57
59
60
55_62
64
65
66
48_52_67
69
71
72
55_74
76
77
78
47_50_79
83
55_81
79
50_57_78
76
54_74
72
43_55_71
74
76
74
50_76
74
76
74
57_69
71_74
72_76
74
50_76
74
76
74
43_59_71
72_76
74_78
76
50_78
76
78
76
59_74
73_76
74_78
50_79
78
76
74
72
71
69
67
45_45_60_66
50
62
43_43_59_67
50
62
38_50_67_71
62
66_69
62
50_56_71_76
52_68
48_57_72_76
75
77
76
60_74
72
71
69
48_54_69_74
50_66
47_55_71_74
73
76
74
59_72
71
69
67
50_50_62_71
67
38_60_69
66
71
43_59_67
55
57
59
60
61
62
63
64
71_80
64_72_81
63
65
64
62_76_84
60
59
57
62
69_78
62_71_79
61
64
62
60_74_83
59
57
55
56_59_88
52_56
57_60_88
87
89
88
86
84
83
81
54_57_86
50_54
55_59_86
85
88
86
84
83
81
79
52_55_84
83
86
84
54_57_83
81
79
78
51_54_83
82
84
83
52_55_81
79
78
76
48_52_81
79
78
76
75
76
78
76
60_64_74
72
71
70
76
70
76
70
59_63_71
59
61
63
64
66
68
70
71
73
75
76
78
80
82
83
48_52_81
79
78
76
75
76
78
76
60_64_74
72
71
70
76
70
76
70
59_63_71
59
61
63
64
66
68
70
71
73
75
76
78
80
82
83
48_52_81
79
78
76
75
76
78
76
48_52_74
72
71
70
76
70
76
70
47_51_54_70
71
70
71
70
71
70
71
70
71
70
71
70
71
70
71
59_63_66_71
72
74
72
74
72
74
72
74
72
70
73
71
71
64_68_71
64_68
64_68
64_68_71
64_68_75
73
64_68_71
64_68_71
64_68
64_68
64_68_71
64_68_80
64_68_76
63_66_69_71
63_66_69
63_66_69
63_66_69_71
63_66_69_75
73
63_66_69_71
63_66_69_71
63_66_69
63_66_69
63_66_69_71
63_66_69_81
63_66_69_78
64_68_80
64_68
64_68
64_68_80
64_68_78
64_68_76
61_64_76
61_64
61_64
61_64_76
61_64_75
61_64_73
57_61_66_75
73
57_61_66_72
57_61_66_73
57_61_66_75
73
57_61_66_72
57_61_66_73
56_60_63_72
73
75
56_60_63_75
68
61_64_68
61_64
61_64
61_64_68
61_64_71
69
61_64_68
61_64_68
61_64
61_64
61_64_68
61_64_76
61_64_73
60_63_66_68
60_63_66
60_63_66
60_63_66_68
60_63_66_71
69
60_63_66_68
60_63_66_68
60_63_66
60_63_66
60_63_66_68
60_63_66_78
60_63_66_75
61_64_68
76
61_64
61_64
61_64_76
61_64_75
61_64_73
51_59_66_71
51_59
51_59
51_59_71
51_59_73
51_59_69
52_59_64_69
52_59_71
52_59_68
47_57_63_68
47_57_69
47_57_66
52_56_64
59
61
63
64
66
68
63
64
66
68
69
64_68_71
70
64_68_73
71
64_68_76
75
64_68_78
76
64_68_80
78
64_68_81
80
64_68_83
82
64_68_85
83
64_68_81
80
64_68_78
76
64_68_75
76
64_68_80
76
63_66_69_71
70
63_66_69_73
71
63_66_69_78
77
63_66_69_80
78
63_66_69_81
80
63_66_69_83
81
63_66_69_71_85
83
63_66_69_71_81
80
63_66_69_71_78
77
63_66_69_71_78
80
63_66_69_71_81
78
63_66_69_71_83
81
64_68_81
80
64_68_78
80
64_68_81
80
61_64_78
76
61_64_75
76
61_64_78
76
61_64_75
76
61_64_78
76
61_64_75
76
61_64_78
76
61_64_75
76
61_64_78
76
57_61_66_75
73
57_61_66_72
73
57_61_66_75
73
57_61_66_72
73
57_61_66_75
73
57_61_66_72
73
56_60_63_72
73
75
56_60_63_75
67
68
61_64_69
68
61_64_67
68
61_64_73
68
61_64_76
73
61_64_80
76
61_64_85
80
61_64_88
85
61_64_80
85
61_64_76
80
61_64_73
76
61_64_68
80
61_64_76
73
60_63_66_69
68
60_63_66_67
68
60_63_66_75
68
60_63_66_79
75
60_63_66_80
79
60_63_66_87
80
60_63_66_78
80
60_63_66_75
78
60_63_66_72
75
60_63_66_68
81
60_63_66_80
78
60_63_66_76
75
61_64_78
76
61_64_75
76
61_64_78
76
49_52_75
76
49_52_78
76
49_52_75
73
51_54_73
71
51_54_70
71
51_54_73
71
51_59_71
69
51_59_68
69
51_59_73
69
52_59_69
68
52_59_67
68
52_59_71
68
47_57_68
66
47_57_65
66
47_57_69
66
52_56_64
59
61
63
64
63
64
63
64
66
47_67
69
47_71
67
64
67
71
67
47_64
67
48_71
67
47_64
67
47_71
67
64
67
71
67
47_64
67
55_71
67
52_64
67
47_71
66
64
66
71
66
47_64
66
48_71
66
47_64
66
47_71
66
63
66
71
66
47_63
66
57_71
66
54_63
66
52_71
68
64
68
71
68
52_64
68
62_71
68
59_64
68
45_72
69
64
69
72
69
45_64
69
55_72
69
52_64
69
38_72
69
66
69
72
69
66
69
60
66
57
60
39_54
57
50
54
57
54
60
57
66
60
69
66
38_72
69
66
69
60
66
57
60
66
60
69
66
38_72
69
78
72
81
78
72
78
69
72
78
72
81
78
84
81
78
81
50_54_57_60_72
78
69
72
78
72
81
78
84
81
78
81
50_54_57_60_72
78
69
72
78
72
81
78
84
81
88
86
84
83
81
79
78
81
84
83
81
79
78
76
74
78
81
79
78
76
74
73
76
74
72
71
70
43_55_71
50
57_72
74
76
74
50_76
74
71
72
43_59_74
50
59_74
73
76
74
50_72
71
69
67
45_45_60_66
50
62
43_43_59_67
50
62
38_50_67_71
62
66_69
62
51_66_71
47_63
52_67_71
70
72
71
55_69
67
66
64
49_64_69
45_61
50_66_69
68
71
69
54_67
66
64
62
57_62_66
45
55_61_64
45
66
50_54_62
64
66
67
68
69
70
71
38_69_72
62
38_67_71
40
42
43
45_62
47
48
49
50_60_69
62
50_59_67
52
54
55
57_62
59
60
61
57_60_62
64
66
67
62_69
71
72
73
55_59_74
76
78
79
62_81
83
84
85
54_57_86
62
62
62
31_71_74
62
31_69_72
33
35
36
38_62
40
41
42
43_67_71
62
43_60_69
45
47
48
50_62
52
53
54
55
57
59
60
55_62
64
65
66
48_52_67
69
71
72
55_74
76
77
78
47_50_79
83
55_81
79
50_57_78
76
54_74
72
43_55_71
83_84
86
84
50_86
84
86
84
57_81
83_86
84_88
86
50_88
86
88
86
43_59_83
84_88
74_86
86_88
50_86
88
86
88
55_86
84
83
81
79
78
50_76
74
72
71
69
67
45_45_60_66
50
62
43_43_59_67
50
62
38_50_67_71
62
66_69
62
50_56_71_76
52_68
48_57_72_76
75
78
76
60_74
72
71
69
48_54_69_74
50_66
47_55_71_74
73
76
74
59_72
71
69
67
50_50_62_71
67
38_60_69
66
71
43_59_67
74
74
74
74
60_66_69
60_66_69_74
74
78
76
74
74
79
59_62_67
59_62_67_79
78
76
74
74
72
57_60_71
69
67
66
50_57_60_76
74
72
55_59_71
59_62_71
71
70
62_67_71
72
73
73
74
73
74
73
74
73
74
60_66_69_73
74
73
74
73
74
73
74
60_66_69_73
74
73
74
73
74
73
74
73
74
73
74
73
74
73
74
73
74
76
74
73
74
59_62_67_76
78
76
74
76
59_62_67_78
79
78
76
78
81
79
78
76
76
74
72
57_60_72
71
69
69
67
66
50_57_60_66
76
72
72
55_71
59
62_71
71
71
71
74
72
71
54_69
57
63_69
69
69
69
72
71
69
52_67
55
59
71
69
67
50_65
53
59
69
67
65
48_64
52
55
67
65
64
47_62
50
56
65
64
45_62
60
57_72
43_72
55_72
42_72
54_72
40_72
52_72
38_50_72
84
84
81
78
81
78
72
43_55_71
79
79
74
71
48_52_57_69
76
76
72
69
38_50_67
50_59_62_67
54_69
70
43_70
47
50
55_71
59
62
67_71
71
70
71
74
72
54_71
57
59
63_69
59
57
54_69
69
68
69
72
71
69
52_67
55_66
59_67
71
69
67
50_65
53_64
59_65
69
67
65
48_64
52_63
55_64
67
65
64
47_62
50_61
56_62
65
64
45_62
48_60
57_72
43_72
47
72
55
42_72
45
84
54
40
43
84
52
38_42_50_84
83
84
83
50_54_57_60_84
83
84
83
84
83
81
79
78
76
74
72
55_59_71
79
78
79
74
71
48_52_57_69
76
75
76
72
69
50_55_59
67
71
74
38_50
57
60
66
55_59_62
67
55_60_64
54
57
55
53_67
52
50
48
47_62_65
67
43
48_60_64
67
52
55_59_62
67
55_60_64
54
57
55
53_67
52
50
48
47
62
65
69
43
48
72
76
79
52
44
57
60
64
40
45
69
72
76
48
42_57
60
62
38
43
71
74
79
47
40
71
79
83
47
37
71
79
83
43
38
79
83
86
83
79
83
79
74
79
74
71
74
71
67
71
67
62
67
62
59
62
59
55
38_50
43_55
47_59
43_55
47_59
50_62
47_59
50_62
55_67
50_62
55_67
59_71
55_67
59_71
62_74
59_71
62_74
67_79
62_74
67_79
71_83
74_86
71_86
67_86
62_67_71_86
85
88
86
84
83
81
84
83
81
79
78
79
81
79
83
81
84
83
86
84
83
81
79
78
76
74
72
71
50_54_57_60_69
68
69
74
73
72
43_55_71
74
72
71
50
57_72
74
76
74
50_76
74
71
72
43_59_74
50
59_74
73
76
74
50_72
71
69
67
45_45_60_66
50
62
43_43_59_67
50
62
38_50_67_71
62
66_69
62
50_56_71_76
52_68
48_57_72_76
75
77
76
60_74
72
71
69
48_54_69_74
50_66
47_55_71_74
73
76
74
59_72
71
69
67
64
68_76
69_78
71_80
64_72_81
63
65_74_83
64
62_76_84
60
59
57
62
66_74
67_76
69_78
62_71_79
61
64_72_81
62
60_74_83
59
57
55
76
88
52_56
54_57
56_59
57_60_88
87
59_62_89
88
60_64_86
84
83
81
74
86
50_54
52_55
54_57
55_59_86
85
57_60_88
86
59_62_84
83
81
79
86
85
38_88
86
40_84
83
42_81
79
43_86
85
45_88
86
47_84
83
48_81
79
50_86
85
38_50_88
86
40_52_84
83
42_54_81
79
43_55_86
85
47_57_88
86
48_60_84
83
49_61_81
79
50_62_86
85
88
86
84
83
81
79
78
79
83
81
79
78
76
74
73
74
83
81
79
78
76
74
73
74
79
78
76
74
72
71
50_54_57_60_69
76
76
75
50_54_57_60_74
73
72
71
70
69
74
66
43_55_59_67
62
60_66
62
43_55_59_67
62
66_69
62
50_67_71
62
50_67
49
52
50
48_62
47
45
43
38_66_72
62
60_66_69
62
31_43_59
67
62
67
60
66
62
66
31_43_59
67
62
67
62
69
66
69
50_62
71
67
71
50_62
49
52_71
50
48_67
47
45_71
43
38_62
72
66
72
62
69
66
69
50_62
71
67
71
67
71
50_62
49
71
52
67
50
48_71
47
67
45
71
43
38_62
72
66
72
66
72
62
69
66
69
66
69
50_62
49_71
50_67
49_71
50_62
49_71
50_67
49_71
50_62
49_71
52_67
50_71
48_62
47_71
45_67
43_71
38_62
72
66
72
62
72
66
72
60
69
66
69
60
69
66
69
31_43_59_67
62_66_72_86
85
88
86
84
83
84
81
67_71_79
50_54_57_60_74
73
76
74
78
76
79
78
50_54_57_60_81
80
83
81
84
83
86
84
83
81
79
78
76
74
72
71
69
55_59_67
43_47_50_55_71_74_79_83
31_35_38_43_67_71_74_79
