60
60
65
65
65
65
65
65
69
69
69
69
69
69
70
70
70
70
69
69
67
67
65
65
64
64
64
64
64
64
65
65
67
67
69
69
70
70
72
72
69
69
53
53
67
67
60
60
60
60
67
60
60
72
64
64
72
64
64
72
64
64
65
65
71
65
65
72
64
64
74
62
62
76
60
60
77
59
59
59
59
65
59
59
43
31
60_64
48_60
60
48
36
64
60
60
48
36
59
59
64
60
60
48
36
62
62
72
58
58
52
40
60_72
48_58
58
52
40
57
57
72
60_64_72_72
48_58
58
55
43
60
60
77
65_65_69_77_77
53_57
57
53
41
77
65_65_69_77_77
57_57_57_65
41
53_57
29
77
65_69_69_77_77
57_60_60_69
57_60
81
69_77_81_81
65
53
41
81
69_69_77_81_81
65_65_65_69
41
57_60
29
81
65_72_77_81_81
53_69_69_72
57_65
82
60_70_76_82_82
48_60_67_70
48
58_64
36
82
60_70_70_82_82
48_60_67_70
52
58_64
40
81
69_81_81
79
60_67_70_79_79
48_60_67_70
55
58_64
43
77
65_77_77
76
60_64_72_76_76
48_67_67_70
60
58_64
48
76
67_67_76_84
64
76
60_72_72_77_84
48_64_67_67
58
58_60
46
77
60_72_77_84
48_60_60_65
57
57
45
72
60
79
60_72_76_79_84
48_60_64_67
55
55_64
43
72
60
81
60_72_77_81_84
48_60_65_69
53
53_65
41
72
60
82
60_72_79_82_84
48_60_67_70
52
55_58
40
72
60
72_76
64_64
48
36
84
72_84
60_72
81
60_72_77_81_84
48_65_65_69
53
53_57
41
72
60
79
60_72_76_79_84
48_60_64_67
48
52_55
36
60
48_60
60
48_60
60
48_60
79
60_67_76_79_79
48_64_64_67
58
52_55
46
60
48_60
81
60_69_77_81_81
48_65_65_69
57
53_57
45
60
48_60
60
48_65
60
48_60
77
65_77
84
60_72_77_81_84
48_65_65_69
53
53_57
41
60
48_60
81
69_81
79
60_67_76_79_79
48_64_64_67
48
52_55
36
60
48_60
60
48_60
60
48_60
79
60_67_76_79_79
48_64_64_67
58
52_55
46
60
48_60
81
60_69_77_81_81
48_65_65_69
57
53_57
45
60
48_60
60
48_65
60
48_60
77
65_77
84
60_72_77_81_84
48_65_65_69
53
53_57
41
60
48_60
81
69_81
79
60_67_76_79_79
48_64_64_67
48
52_55
36
72
60_60
84
72_72_84
60_64_64_67
52_55
72
60_60
69_81_84
57_65_65_69
53
53_57
41
81
65_69_81
53_60
77_81
79
60_67_76_79_79
48_64_64_67
48
52_55
36
72
60_60
84
72_72_84
60_64_64_67
52_55
83
71_72_83
60_60
84
69_72_81_84_84
57_65_65_69
53
53_57
41
81
65_69_81
53_60
77_81
79
60_67_76_79_79
48_60_64_67
48
52_55
36
67
55_64_67_76_79_79
48_60_64_67
48
48_60
36
67
55_64_67_76_79_79
48_60_64_67
48
48_60
36
67
55_64_67_76_79_79
48_60_64_67
48
48
36
67
76
61
76
73
67
57
77
74
65
62
50
81
69
77
65
74
62
59
74
71
65
55
76
72
64
60
48
79
67
76
64
72
60
55
52
52
72
67
67
64
64
72
67
67
64
64
72
67
67
64
64
71
65
62
62
72
67
64
60
60
74
67_67
62_67
59
59
77
74
59
55
55
67
60_67
60
60
76
72
74
71
76
72
74
67_71
67_67
55
55
67
67
67_67_79
79
76_76_88
76
73
61
49
69
67
73_76_76_88
57
64_67
45
64
65
74_77_77_89
62
62_65
50
62
69
81_81
65
50
38
68
80_80
69
81_81
62
65
77_77
77
71_74_74_86
67
74
71
55
59
47
67
65
71_74_74_86
55
62_65
43
62
64
72_76_76_88
60
60_64
48
60
67
91
64_79
48
67
36
66
90
78
66
67
91
60_79
67
64
88
76
64
60
67_84
55_67_72
52
55_60
40
70
72
67_84
64_67_72
52
55_60
40
70
73
67_85
64_70_73
52
58_61
40
70
74
62_86
65_69_74
53
57_62
41
76
64
77
65
79
67
80
68
81
69
72
64_84
64_72
67
64_67
67_67
55
55_60
43
74
67
72
71
72
74
65_67_86
55_65_67_71
43
55_62
31
67
71
83
72
64_67_84
60_60_64_72
48
48_60
36
79
79
74
71
65
76
72
64
77
74
59
76
72
60
76
76
71
68
62
72
69
60
74
71
56
72
69
57
72
72
67
64
58
69
65
57
73
70
67
52
74
69
65
53
77
81
65
62
50
72
64
67
55
71
65
55
43
72
71
72
71
72
71
72
71
72
60_64_72
60
48
48_60
67_79
55_67
67_79
55_67
74
71
67
53
41
76
72
67
52
40
77
74
67
47
35
76
72
67
48
36
64_76
52_64
64_76
52_64
71
68
64
62
50
72
69
64
60
48
74
71
64
56
44
72
69
64
57
45
64_76_88
64_76
52_64
64_76_88
64_76
52_64
80
71
64
62
50
81
72
64
60
48
83
74
64
56
44
81
72
64
57
45
76
64_70_76_88
60_60_70
55
58_60
43
77
65_69_77_89
69
53
57
41
78
66_72_78_90
69_69_72
50
60_62
38
79
67_71_79_91
62_67_71
55
59
43
80
68_74_80_80
71_71_74
52
59_62
40
81
69_81
69_69
53
57
41
77
69_89
65
74
65_86
69
72
64_67_67_72_84
64_67_67_67
55
55_60
43
72
65_67_67_71_84
62_65_67_67
43
55_62
31_71
83
72
84
71
83
72
84
71
83
71
83
69
81
71
83
72
64_67_67_72_84
60_60_64_67
48_48
48_60
36
43
55_67
43
43
55_67
43
43
77
55_55_65_67
62
43_55
43
81
79
43
77
67_74_77
62_65_67
43
55_59
76
74
43
72
55_65
62
43_55
43
71
74
43
72
67_72_76_84
60_64_67
43
55_60
76
88
74
86
43
72
55_64_84
60
43_55
43
71
83
69
81
43
67
67_72_76_79
60_64_67
43
55_60
66
78
69
81
43
67
55_62_79
59
43_55
43
66
78
69
81
43
67
55_67_67_77_79_83
65_67_71
43
55_62
69
81
67
79
43
65
55_55_62_67_77
59
43_55
43
64
76
62
74
43
60
55_67_67_72_76_84
64_67_72
43
55_60
64
76
65
77
43
67
55_55_64_67_79
60
43_55
43
69
81
71
83
43
72
55_67_67_72_76_84
64_67_72
43
55_60
74
86
76
88
43
77
55_55_65_67_89
62
43_55
43
77
89
77
89
43
77
67_71_77_89
62_65_67
43
55_59
76
88
74
86
43
72
55_65_84
62
43_55
43
71
83
74
86
43
72
67_72_76_84
60_64_67
43
55_60
72
84
72
84
43
72
55_64_84
60
43_55
43
71
83
69
81
43
67
67_72_76_79
60_64_67
43
55_60
66
78
69
81
43
67
55_65_79
62
43_55
43
66
78
69
81
43
67
55_55_65_67_67_77_79_83
62_65_67_71
43_55
55_62
43
69
81
67
79
43
65
55_55_65_67_67_77_77_83
62_65_67_71
43_55
55_62
43
64
76
62
74
43
60
55_55_64_67_67_72_76_84
60_64_67_72
48_48
48_60
36
67
79
72
84
55
55_67_79
55_67
55
43_55
43
60
60_72_84
60_72
60
48_60
48
60
55_55_60_64_67_67_72
48_52_64_67
48_48
52_55
36
60
55_55_60_64_67_67_72
48_52_64_67
48_48
52_55
36
60
55_55_60_64_67_67_72
48_52_64_67
48_48
48_52
36
60
60
65
65
65
65
65
65
69
69
69
69
69
69
70
70
70
70
69
69
67
67
65
65
64
64
64
64
64
64
65
65
67
67
69
69
70
70
72
72
69
69
53
53
67
67
60
60
60
60
67
60
60
72
64
64
72
64
64
72
64
64
65
65
71
65
65
72
64
64
74
62
62
76
60
60
77
59
59
59
59
65
59
59
43
31
60_64
48_60
60
48
36
64
60
60
48
36
59
59
64
60
60
48
36
62
62
72
58
58
52
40
60_72
48_58
58
52
40
57
57
72
60_64_72_72
48_58
58
55
43
60
60
77
65_65_69_77_77
53_57
57
53
41
77
65_65_69_77_77
57_57_57_65
41
53_57
29
77
65_69_69_77_77
57_60_60_69
57_60
81
69_77_81_81
65
53
41
81
69_69_77_81_81
65_65_65_69
41
57_60
29
81
65_72_77_81_81
53_69_69_72
57_65
82
60_70_76_82_82
48_60_67_70
48
58_64
36
82
60_70_70_82_82
48_60_67_70
52
58_64
40
81
69_81_81
79
60_67_70_79_79
48_60_67_70
55
58_64
43
77
65_77_77
76
60_64_72_76_76
48_67_67_70
60
58_64
48
76
67_67_76_84
64
76
60_72_72_77_84
48_64_67_67
58
58_60
46
77
60_72_77_84
48_60_60_65
57
57
45
72
60
79
60_72_76_79_84
48_60_64_67
55
55_64
43
72
60
81
60_72_77_81_84
48_60_65_69
53
53_65
41
72
60
82
60_72_79_82_84
48_60_67_70
52
55_58
40
72
60
72_76
64_64
48
36
84
72_84
60_72
81
60_72_77_81_84
48_65_65_69
53
53_57
41
72
60
79
60_72_76_79_84
48_60_64_67
48
52_55
36
60
48_60
60
48_60
60
48_60
79
60_67_76_79_79
48_64_64_67
58
52_55
46
60
48_60
81
60_69_77_81_81
48_65_65_69
57
53_57
45
60
48_60
60
48_65
60
48_60
77
65_77
84
60_72_77_81_84
48_65_65_69
53
53_57
41
60
48_60
81
69_81
79
60_67_76_79_79
48_64_64_67
48
52_55
36
60
48_60
60
48_60
60
48_60
79
60_67_76_79_79
48_64_64_67
58
52_55
46
60
48_60
81
60_69_77_81_81
48_65_65_69
57
53_57
45
60
48_60
60
48_65
60
48_60
77
65_77
84
60_72_77_81_84
48_65_65_69
53
53_57
41
60
48_60
81
69_81
79
60_67_76_79_79
48_64_64_67
48
52_55
36
72
60_60
84
72_72_84
60_64_64_67
52_55
72
60_60
69_81_84
57_65_65_69
53
53_57
41
81
65_69_81
53_60
77_81
79
60_67_76_79_79
48_64_64_67
48
52_55
36
72
60_60
84
72_72_84
60_64_64_67
52_55
83
71_72_83
60_60
84
69_72_81_84_84
57_65_65_69
53
53_57
41
81
65_69_81
53_60
77_81
79
60_67_76_79_79
48_60_64_67
48
52_55
36
67
55_64_67_76_79_79
48_60_64_67
48
48_60
36
67
55_64_67_76_79_79
48_60_64_67
48
48_60
36
67
55_64_67_76_79_79
48_60_64_67
48
48
36
67
76
61
76
73
67
57
77
74
65
62
50
81
69
77
65
74
62
59
74
71
65
55
76
72
64
60
48
79
67
76
64
72
60
55
52
52
72
67
67
64
64
72
67
67
64
64
72
67
67
64
64
71
65
62
62
72
67
64
60
60
74
67_67
62_67
59
59
77
74
59
55
55
67
60_67
60
60
76
72
74
71
76
72
74
67_71
67_67
55
55
67
67
67_67_79
79
76_76_88
76
73
61
49
69
67
73_76_76_88
57
64_67
45
64
65
74_77_77_89
62
62_65
50
62
69
81_81
65
50
38
68
80_80
69
81_81
62
65
77_77
77
71_74_74_86
67
74
71
55
59
47
67
65
71_74_74_86
55
62_65
43
62
64
72_76_76_88
60
60_64
48
60
67
91
64_79
48
67
36
66
90
78
66
67
91
60_79
67
64
88
76
64
60
67_84
55_67_72
52
55_60
40
70
72
67_84
64_67_72
52
55_60
40
70
73
67_85
64_70_73
52
58_61
40
70
74
62_86
65_69_74
53
57_62
41
76
64
77
65
79
67
80
68
81
69
72
64_84
64_72
67
64_67
67_67
55
55_60
43
74
67
72
71
72
74
65_67_86
55_65_67_71
43
55_62
31
67
71
83
72
64_67_84
60_60_64_72
48
48_60
36
79
79
74
71
65
76
72
64
77
74
59
76
72
60
76
76
71
68
62
72
69
60
74
71
56
72
69
57
72
72
67
64
58
69
65
57
73
70
67
52
74
69
65
53
77
81
65
62
50
72
64
67
55
71
65
55
43
72
71
72
71
72
71
72
71
72
60_64_72
60
48
48_60
67_79
55_67
67_79
55_67
74
71
67
53
41
76
72
67
52
40
77
74
67
47
35
76
72
67
48
36
64_76
52_64
64_76
52_64
71
68
64
62
50
72
69
64
60
48
74
71
64
56
44
72
69
64
57
45
64_76_88
64_76
52_64
64_76_88
64_76
52_64
80
71
64
62
50
81
72
64
60
48
83
74
64
56
44
81
72
64
57
45
76
64_70_76_88
60_60_70
55
58_60
43
77
65_69_77_89
69
53
57
41
78
66_72_78_90
69_69_72
50
60_62
38
79
67_71_79_91
62_67_71
55
59
43
80
68_74_80_80
71_71_74
52
59_62
40
81
69_81
69_69
53
57
41
77
69_89
65
74
65_86
69
72
64_67_67_72_84
64_67_67_67
55
55_60
43
72
65_67_67_71_84
62_65_67_67
43
55_62
31_71
83
72
84
71
83
72
84
71
83
71
83
69
81
71
83
72
64_67_67_72_84
60_60_64_67
48_48
48_60
36
43
55_67
43
43
55_67
43
43
77
55_55_65_67
62
43_55
43
81
79
43
77
67_74_77
62_65_67
43
55_59
76
74
43
72
55_65
62
43_55
43
71
74
43
72
67_72_76_84
60_64_67
43
55_60
76
88
74
86
43
72
55_64_84
60
43_55
43
71
83
69
81
43
67
67_72_76_79
60_64_67
43
55_60
66
78
69
81
43
67
55_62_79
59
43_55
43
66
78
69
81
43
67
55_67_67_77_79_83
65_67_71
43
55_62
69
81
67
79
43
65
55_55_62_67_77
59
43_55
43
64
76
62
74
43
60
55_67_67_72_76_84
64_67_72
43
55_60
64
76
65
77
43
67
55_55_64_67_79
60
43_55
43
69
81
71
83
43
72
55_67_67_72_76_84
64_67_72
43
55_60
74
86
76
88
43
77
55_55_65_67_89
62
43_55
43
77
89
77
89
43
77
67_71_77_89
62_65_67
43
55_59
76
88
74
86
43
72
55_65_84
62
43_55
43
71
83
74
86
43
72
67_72_76_84
60_64_67
43
55_60
72
84
72
84
43
72
55_64_84
60
43_55
43
71
83
69
81
43
67
67_72_76_79
60_64_67
43
55_60
66
78
69
81
43
67
55_65_79
62
43_55
43
66
78
69
81
43
67
55_55_65_67_67_77_79_83
62_65_67_71
43_55
55_62
43
69
81
67
79
43
65
55_55_65_67_67_77_77_83
62_65_67_71
43_55
55_62
43
64
76
62
74
43
60
55_55_64_67_67_72_76_84
60_64_67_72
48_48
48_60
36
67
79
72
84
55
55_67_79
55_67
55
43_55
43
60
60_72_84
60_72
60
48_60
48
60
55_55_60_64_67_67_72
48_52_64_67
48_48
52_55
36
60
55_55_60_64_67_67_72
48_52_64_67
48_48
52_55
36
60
55_55_60_64_67_67_72
48_52_64_67
48_48
48_52
36
60
63
72
67
72
63
60
67
63_72_75
72
67
75
72
66
63
60
56
44
72
66_78
63
51
60_63
39
75
72
66
48
36
78
75
72
44
32
60
60_72_78_84
54
44
51_54
32
61
61_73_77_85
53
49
49_53
37
56_65
61
61
49
37
56_65
61
61
49
37
56_65
61
61
49
37
56_65
61
61
49
37
56_65
61
61
49
37
56_65
61
61
49
49
37
56_65
61
61
49
49
37
56_65
61
61
49
49
37
56_65
61
61
49
49
37
56_65
61_68
61
49
49_56
37
56_65
61
61
49
49
37
66
63_78
60
48
48_66
36
66
63
60
48
48
36
66
63
60
48
48
36
66
63
60
48
48
36
66
63_80
60
48
48
36
66
63
60
48
48
36
66
63_90
60
48
48
36
66
63
60
48
48
36
66
63
60
48
48
36
66
63
60
48
48
36
66
63_68
60
48
48_56
36
66
63
60
48
48
36
56_65
61_65_77
53_61
49
49_65
37
56_65
61
61
49
49
37
56_65
61
61
49
49
37
56_65
61
61
49
49
37
56_65
61_80
61
49
49
37
56_65
61
61
49
49
37
56_65
61_89
61
49
49
37
56_65
61
61
49
49
37
56_65
61
61
49
49
37
56_65
61
61
49
49
37
56_65
61_65
61
49
49_53
37
56_65
61
61
49
49
37
57_65
63_65_75
53_60
48
48_63
36
57_65
63
60
48
48
36
57_65
63
60
48
48
36
57_65
63
60
48
48
36
57_65
63_77
60
48
48
36
57_65
63
60
48
48
36
57_65
63_87
60
48
36
57_65
63
60
48
36
57_65
63
60
48
36
57_65
63
60
48
36
57_65
63_65_77
60
48
53
36
57_65
63
60
48
36
58_65
61_65_73_85
53_58
46
58_61
34
58_65
61
58
46
34
58_65
61_65_77_89
53_58_65_77
46
65
34
58_65
61
58
46
34
58_65
61_73
58
46
61
34
58_65
61
58
46
34
65
59_71
53
49
59
37
65
59
53
49
37
65
59_65_77_89
53_53_65_77
49
65
37
65
59
53
49
37
65
59_83
53
49
59
37
65
59
53
49
37
64
60_60_76_84_88
48_55_64_76
48_48
60_64
36
48
60
48
48
48
60
48_64_67
48
52_55
48
60
48_65_68
48
53_56
48
60
48_65_68
48
53_56
48
83
60_65_71_72_74_80_80_83
53_62_65_71
48_53
53_65
41
48
84
60_72_76_79_79_84
48_64_64_72
48_48
48_60
36
48
84
60_60_72_72_76_79_79_84
48_64_64_72
48_48
48_60
36
48
60
48_64_67
48
52_55
48
60
48_65_68
48
53_56
48
60
48_65_68
48
53_56
48
83
60_65_71_72_74_80_80_83
53_62_65_71
48_53
53_65
41
48
84
60_72_76_79_79_84
48_64_64_72
48_48
48_60
36
48
81
76
72
48
48
82
77
74
48
48
60_80_89
48_71_74
48
59_62
48
60_81_88
48_72_76
48_60
60_64
48
48
78
72
69
48_60
48
48
79
74
70
48_48
36
48
60_76_85
48_67_70
48
55_58
48
60_77_84
48_69_72
48
57_60
48
75
69
66
48
48
76
70
67
48_60
48
48
60_73_82
48_64_67
48_60
52_55
48
48
60_74_81
48_65_69
48
48
53_57
36
48
48
48
48
48
48
48
71
60_65_74_77_83
48_62_71_74
48
65_68
48
48
48
48
48
48
48
72
60_67_72_76_84
48_64_72_76
48
64_67
48
48
48
48
48
48
48
69
60_63_69_75_81
48_60_69_72
48_63_66
48
48
48
48
48
48
48
70
60_65_70_74_82
48_62_70_74
48_60
62_65
48
48
48
48
48
48
48
48
68
60_65_77_80_80
48_59_71_74
60
48_62_65
48
48
48
48
48
48
48
48
69
60_77_81_81
48_60_69_72
60
48_60
48
48
48
48
60
48_48_60
48
48
48
48
78
60_60_66_66_72_78_84
48_48_60_66_78
57
57
45_48
48
48
48
60
48_48_60
48
48
60_72
48
48
79
60_60_67_67_72_79_84
48_48_60_67_79
48
58
58
46
48
48
48
60
48_48_60
48
48
60_72
48
48
76
60_60_64_64_72_76_84
48_48_60_64_76
55
48_55
43
48
48
48
60
48_48_60
48
48
60_72
48
48
77
60_60_65_65_72_77_84
48_48_60_65_77
56
48_56
44
48
48
48
60
48_48_60
48
48
60_72
48
48
78
60_60_66_66_72_78_84
48_48_60_66_78
57
48_57
45
48
48
48
60
48_48_60
48
48
60_72
48
64_72_79
60_60_64_67_72_72_79_79_84
48_48_60_67_79
48_58
58
46
78
79
78
79
81
64_72_82
60_64_67_72_72_79_82_82_82
48_55_60_64_70_79
48_48
48
36
81
79
77
76
74
72
79
64
82
67
71
72
71
72
79
64
71
72
82
67
73
76
74
72
70
69
60
67
65
65
57
58
65
60
58
65
57
55
69
53
52
69
50
48
69
46
45
70
43
42
70
43
45
69
67
46
47
65
64
48
55
64
57
59
64
60
58
65
57
60
48
67
55
48
69
53
48
70
52
48
52
72
48
69
53
53
59
48
67
60
52
60
76
72
48
77
74
79
76
60
52
60
36
77
74
55
76
72
60
60
60
74
71
72
69
64
64
71
67
69
65
64
60
64
48
67
64
65
62
64
64
64
60
62
59
65
65
71
67
71
67
65
43
65
31
72
69
64
64
74
71
62
62
76
72
60
60
77
74
59
43
59
31
76
73
77
74
59
59
76
73
77
74
59
43
43_59
31
79
76
76
72_79
60
48
48_60
36
76
77
79
60
48
48_60
36
76
64
65
59
59
72
67
60
48
48_60
36
64
62
62
60
58
52
52_58
40
79
81
82
76
58
52
52_58
40
79
60
60
57
57
76
60_72_72
58_60
55
52_58
43
60
60
60
65
65_65_69_77
57_57
53
53_57
41
69
57
57
45
70
58
58
46
77
65_65_69_69_77
57_72
60
60
48
70
58
58
46
65_69_77_84
57_60_65_69
57
57
45
67
55
55
43
69_77_81_89
65_65_65_69
53
53_60
41
64
52
52
40
81
69_69_77_77_81_89
62_65_65_69
50
50_60
38
60
48
48
36
60_77_81_89
48_58_65_69
46
46_60
34
57
45
45
33
60_76_82_88
48_55_64_70
43
43_58
31
54
42
42
30
82
70_70_76_82_82
55_58_64
43
43_55
31
57
45
45
33
81_81
70_79_79
58_58_64
46
46_55
34
59
47
47
35
77_77
60_70_76_76
48_58_60_64
48
48_55
36
67
55
55
43
67_76
64_67_72_76_76
55_69
57
57
45
71
59
59
47
60_67_76_76
48_60_64_72
60
60
48
70
58
58
46
60_72_77_77
48_60_65_69
57
57_60
45
84
72
60
48
48
36
84
60_72_76_79_79
48_64_67_67
55
55_58
43
84
72
60
48
48
36
84
60_72_77_81_81
48_65_65_69
53
53_57
41
84
72
60
48
48
36
84
60_72_79_82_82
48_64_67_70
52
55_58
40
84
72
67
55
43
84
72
64
52
58_67
40
84
72_84_84
60_72
48
36
84
60_72_77_81_81
48_65_65_69
53
57_65
41
84
72
69
57
45
84
60_72_76_79_79
48_60_64_67
48
55_64
36
60
60
48
60_64_72
60
48_60
48
60
60
48
79
67_67_76_79_79
60_60_64_72
58
48_60
46
60
60
48
81
69_69_77_81_81
65_65
57
45
60
60
48
60_65_72
60
48_60
48
60
60
48
77
65_77
84
69_72_77_81_84
60_65_65_72
57
48_60
45
60
53
41
81
69_81
79
67_67_76_79_79
60_64
48
36
60
60
48
60_60_72
60
48_60
48
60
60
48
79
67_67_76_79_79
60_60_64_72
58
48_60
46
60
60
48
81
69_69_77_81_81
65_65
57
45
60
60
48
60_65_72
60
48_60
48
60
60
48
77
65_77
84
69_72_77_81_84
60_65_65_72
57
48_60
45
60
53
41
81
69_81
79
67_67_76_79_79
60_64
48
36
60
48
36
84
72_84
60_64_72
52
48_60
40
60
48
36
69_77_81
65_65
53
41
81
69_81
69
57
45
79
67_67_76_79_79
60_72
60
48
60
48
36
74
70_82_86_86
60_70_74
48
58_62
36
72
69_81_84_84
60_69_72
48
57_60
36
70
67_69_79_82_82
65_65_67_70
53
55_58
41
69
65_77_81_81
65_69_69
57
53_57
45
67
64_67_76_79_79
60_64_67_72
60
52_55
48
67
64_67_76_79_79
60_60_64_67
48
52_55
36
67
64_67_76_79_79
60_60_64_67
48
52_55
36
67
64_67_76_79_79
60_60_64_67
48
52_55
36
72
81
66
81
78
72
62
82
79
70
67
55
74
86
70
82
67
79
64
79
76
70
60
81
77
69
65
53
72
84
69
81
65
60_77
57
57
77
72
69
69
77
72
69
69
77
72
69
69
76
70
67
67
77
69
65
65
79
72
64
64
82
79
60
60
65
65
81
77
79
76
81
77
79
76
60
60
48
48
60_72
84
69_81
81
78
54
42
74
72
69_78_81
50
60_62
38
69
70
70_79_82
55
58
43
67
74
74_86
58
43
31
73
73_85
74
74_86
55
70
70_82
82
64_67_67_67_79
60_60_64_67
79
76
48
52
40
72
70
67_67_67_76_79
60_64_67
48
58_60
36
67
69
69_69_69_77_81
65_65_69
53
57
41
65
72
84
65_72
41
60
29
71
83
71
59
72
84
60_72
60
69
81
69
57
65
60_77
57_65
45
53
33
63
77
60_77
57_72
57
65
45
63
78
60_78
57_72_75
57
60_66
45
63
79
62_79
58_70_74
58
62_67
46
81
69_81
82
70_82
84
72_84
85
73_85
86
74_86
77
65_69_77
57
65
60
60_65_69
60
57_60
48
79
57_79
77
77
76
76
77
77
79
58_67_79
48_60_64_70
48
58_60
36
60
76
76
77
57_65_77
53_57_65_69
53
57_60
41
84
84
76
67
58
46
77
69
57
45
79
70
55
43
77
69
53
41
81
81
76
73
67
55
77
74
65
53
79
76
61
49
77
74
62
50
77
77
72
69
63
51
74
70
62
50
78
75
72
57
45
79
74
70
58
46
82
86
70
67
55
43
77
69
65
60
48
76
70
67
48
36_77
76
77
76
77
76
77
76
77
65_65_69_77_77
53_65_65
53
53
41
72_72_84_84
60_60_72
48_60
72_72_84_84
60_60_72
48_60
79
64
48_60
58
46
81
65
48_60
57
45
82
67
48_60
55
43
81
65
48_60
53
41
69_69_81_81
57_57_69
45_57
69_69_81_81
57_57_69
45_57
76
61
57
55
43
77
62
57_69
53
41
79
64
57_69
49
37
77
62
57_69
50
38
69_69_81_81
57_57_69
45_57
69_69_81_81
57_57_69
45_57
69_76
73
57_69
55
43
69_77
74
57_69
53
41
69_79
76
57_69
49
37
69_77
74
57_69
50
38
81
65_69_75_75_81
53_65_69_72
60
63_65
48
82
70_74_74_82
70_74
58
46
83
71_77_77_83
62_71_74_74
55
55_65
43
84
72_76_76_84
67_72_76
60
60_64
48
85
73_79_79_85
64_73_76
57
57_67
45
86
74_86
62_74
58
58
46
82
74_82
67
79
74_79
70
77
65_69_69_72_77
57_65_69_72
60
60
48
76
67_70_70_76
60_60_67_70
48
48
36_77
77
76
76
77
77
76
76
77
77
76
76
77
77
76
76
77
65_69_69_72_77
57_60_65_69
48_53
53
41
48
60_60_72
48
48
48
60_60_72
48
48
48
82
55_60_60_64_72
48_58
48_48
36
81
84
48
82
60_76_82
48_70_76
48
60_67
81
79
48
77
55_64
58
48_48
36
76
79
48
77
60_77_81
48_69_77
48
60_65
81
79
48
77
57_65_89
60
48_48
36
76
88
74
86
48
72
60_77_81_84
48_69_77
48
60_65
71
83
74
86
48
72
60_67_84
64
48_48
36
71
83
74
86
48
72
60_70_76_84
48_67_72
48
58_64
74
86
72
84
48
70
60_67_82
64
48_48
36
69
81
67
79
48
65
60_69_77_77
48_65_72
48
57_65
69
81
70
82
48
72
60_60_69_72_84
65
48_48
36
74
86
76
88
48
77
60_60_69_72_77_89
48_65_72
48
57_65
79
81
48
82
55_60_64_72
58
48_48
36
82
82
48
82
60_76_82
48_70_76
48
60_67
81
79
48
77
55_64
58
48_48
36
76
79
48
77
60_77_81_89
48_69_77
48
60_65
77
89
77
89
48
77
57_65_89
60
48_48
36
76
88
74
86
48
72
60_77_81_84
48_69_77
48
60_65
71
83
74
86
48
72
58_67_84
64
48_48
36
71
83
74
86
48
72
60_60_64_70_72_76_84
48_58_67_70
48_48
58_64
36
74
86
72
84
48
70
60_60_64_70_72_76_82
48_58_67_70
48_48
58_64
36
69
81
67
79
48
65
57_60_60_69_72_77_77
53_57_65_69
48_53
57_65
41
72
60
77
65
60
48
65
53
65
53
65
60_84
48_60
57
53
45
69
65
53_57
53
57
41
69
65
53
57
69
65_69_81
57_60
53
53_57
41
77
70
67_72_72_76
60
48
55_58
36
70
60_67_72_76
48
55_58
69
65_74_77
53_57
67
60_64_76_79
48_60
48
52_55
36
65
62_77_81
50_53
64
60_60_79_82
48
60
48_52
48
72
60
72
60
72
60
72
60_67_72_76
60_70
58
46
72
60
72
60_65_77
57_69
57
45
72
60
72
60_67_76_79
60_67
55
43
72
60
72
60_69_77_81
65_65
53
41
72
60
72
60_70_79_82
64_67
52
40
72
60
72
60
60
48
36
72
60_84
72
60_69_77_81
65_65
53
41
72
60
72
60_67_76_79
60_60
48
36
72
60
72
60_67_76_79
55_60_64_72
48
60
36
72
60
72
60_67_76_79
55_60_64_72
48
60
36
72
60
72
60_67_76_79
55_60_64_72
48
60
36
72
60
72
60
72
60
73
61
73
61
73
61
74
62_74_79
67_70_74
58
62
46
74
62
74
62_78_81
66_69_69
57
45
74
62
74
62_79_82
67_67_70
55
43
74
62
74
62_81_84
66_69_72
54
42
74
62
74
62
62
50
38
74
62_86
74
74
62_79_82
67_67_70
55
43
74
62
74
62_78_81
62_66_69
50
38
74
62
74
62_78_81
57_66_74
50
62
38
74
62
74
62_78_81
57_66_74
50
62
38
74
62
74
62_78_81
57_66_74
50
62
38
74
62
75
63
75
63
75
63
76
64
76
64
76
64
77
65_65_65_70_82
53_58_70_77
62
58_65
50
77
65
77
65_65_69_72_84
53_60_72_77
60
60_65
48
77
65
77
65_65_70_74_86
53_62_74_77
58
62_65
46
77
65
77
65_65_72_75_87
53_60_72_75
57
60_63
45
77
65
77
65
57
53
41
77
65_77_89
77
65
74
62_65_74_86
53_53_74
58
62
46
74
62
74
62_69_72_84
69_69_72
54
57_60
42
74
62
74
62
66
50
38
74
62_74_86
74
62
74
62_67_71_83
62_67_71
55
55_59
43
74
62
72
60_60_67_70_82
48_67_67_70
52
55_58
40
72
60
72
60
64
48
36
72
60_72_84
72
60
72
60_60_65_69_81
48_60_65_69
53
53_57
41
72
60
74
60_74_79_79
58_62_67
58
58_62
46
79
60
58
72_81_81
66_69
57
57_60
45
81
66
60
70_82_82
67_70
55
55_58
43
82
67
62
69_69_77_77
65_65_69
48_60
53_57
48
84
72
57
81
69
60
48_48
36
77
65
57
72
60
60
48_48
36
69
57
57
65
57
60
48_48
36
67
58_70_70_79_79
48_67_67_70
48_48
55_58
36
64
55_67_67_76_76
48_60_64_67
48_48
52_55
36
65
57_60_69_77_77
53_57_65_69
41_48
53_57
29
57_65
60
57_60_65
57_60
57_65
60
57_65_69_77
60
60
48
57_65
60
57_65_69_77_81
60_65
57
45
57_65
60
57_65_69
60_65
57_65
60
72
57_65_77_81
60
53
41
57_65
60
82
55_64_70_76_82
58_60_67
48
48_60
36
55_64
58_60
55_64_70
58_60_67
81
55_64
58_60
79
55_64_76_82
58_60
52
40
77
55_64
58_60
76
55_64_67_70_76
58_60_60
55
43
74
55_64
58_60
72
55_64_67
58_60_60_67_70
48_60
70
55_64
58_60
69
55_64_70_76
58_60_67_70
60
48_60
48
67
55_64
58_60
65
57_65_65_69_77
57_57_60_65_69
53
48_60
41
57_65
60
57_65_65
57_60
57_65
60
57_65_69_77
60
60
48
57_65
60
57_65_69_77_81
60_65
57
45
57_65
60
57_65_69
60_65
57_65
60
72
57_65_77_81
60
53
41
57_65
60
82
55_64_70_76_82
58_60_60_67_72
48
48_60
36
55_64
58_60
55_64_70_72
58_60_67
81
55_64_74
58_60
79
55_64_76_76_82
58_60
52
40
77
55_64_77
58_60
76
55_64_67_70_76_79
58_60_60
55
43
74
55_64_81
58_60
72
55_64_67_82
58_60_60_67_70
48_60
70
55_64_84
58_60
69
55_64_70_76_86
58_60_67_70
60
48_60
48
67
55_64_88
58_60
65
57_65_65_69_77_89
57_57_60_65_69
53
48_60
41
71
72
67
60
69
65
71
72
67
60
65
57
71_83
72_84
67_76_79
60
69_77_81
65
71_83
72_84
72_82
67_76_76_82_88
60_60_70_76
48
55_58
36
72_81
65_77_77_81_89
57_65_69_77
53
53_57
41
57_65
57_60_65_69_77_77
53_53_60_69
41
53_57
29
57_65
57_60_65_69_77_77
53_53_60_69
41
53_57
29
57_65
57_60_65_69_77_77
53_53_57_65
41
53_57
29
