39_44_49_54_58_63
39_44_49_54_58_63
39_44_49_54_58_63
39_44_49_54_58_63
39_44_49_54_58_63
39_44_49_54_58_63
39_44_49_54_58_63
39_44_49_54_58_63
58_63
58_60_63_65
60_63_65_68
63_65_68_70
63_65_68_70
60_63_65_68
58_60_63_65
58_58_63_63
58_60_63_65
60_63_65_68
63_65_68_70
63_65_68_70
63_63_68_68
49
49_63_65_68_70
63_65_68_70
60_63_65_68
58_60_63_65
58_58_63_63
58_60_63_65
60_63_65_68
63_65_68_70
63_65_68_70
58_63_63_68
58_63_63_68
60_63_65_68
56_60_65
53_56
53_65
60_65
56_60
53_56
53_58_63
58_58_63
55_58
55_55
55_56
56_58
58_63
58_63
55_58
55_58_63
58_60_63_65
60_63_65_68
63_65_68_70
63_65_68_70
60_63_65_68
58_60_63_65
58_58_63_63
58_60_63_65
60_63_65_68
63_65_68_70
63_65_68_70
63_63_68_68
49
49_63_65_68_70
63_65_68_70
60_63_65_68
58_60_63_65
58_58_63_63
58_60_63_65
60_63_65_68
60_63_65_68
58_60_63_65
58_60_63_65
60_63_65_68
60_63_65_68
56_60_65
53_56
53_65
60_65
56_60
53_56
53_58_63
58_58_63
55_58
55_55
55_56
56_58
58_63
58_63
55_58
49_55
56
61
63
39_49_56_61_63
46
51
55
58
63
39_46_51_51_55_58_63
56
58
63
51_51_56_58_63
56
58
63
41_51_56_58_63
48
53
56
60
65
41_41_48_53_56_60_65
48
53
56
60
65
41_48_49_53_56_60_65
56
61
63
49_49_56_61_63
56
61
63
39_49_56_61_63
46
51
55
58
63
39_39_46_51_55_58_63
46
51
55
58
63
39_41_46_51_55_58_63
48
53
56
60
65
41_41_48_53_56_60_65
48
53
56
60
65
41_48_53_56_60_65_65
60
56
53
48
41
41_48_53_56_60_65_65
60
56
53
48
41
41_41_48_53_56_60_65
48
53
56
60
65
41_41_48_53_56_60_65
48
53
56
60
65
41_48_49_53_56_60_65
56
61
63
49_49_56_61_63
56
61
63
39_49_56_61_63
46
51
55
58
63
39_39_46_51_55_58_63
46
51
55
58
63
39_46_51_51_55_58_63
56
58
63
51_51_56_58_63
56
58
63
41_51_56_58_63
48
53
56
60
65
41_41_48_53_56_60_65
48
53
56
60
65
41_41_48_53_56_60_65
48
53
56
60
65
41_48_53_56_60_65_65
60
56
53
48
41
41_48_49_53_56_60_65
56
61
63
49_49_56_61_63
56
61
63
49_56_61_63_63
61
56
49
49_56_61_63_63
61
56
49
49_49_56_61_63
56
61
63
49_49_56_61_63
56
61
63
49_49_56_61_63
56
61
63
49_56_61_63_63
61
56
49
39_49_56_61_63
46
51
55
58
63
39_39_46_51_55_58_63
46
51
55
58
63
39_46_51_55_58_63_63
58
55
51
46
39
39_46_51_55_58_63_63
58
55
51
46
39
39_39_46_51_55_58_63
46
51
55
58
63
39_39_46_51_55_58_63
46
51
55
58
63
39_46_48_51_55_58_63
55
60
63
67
48_48_55_60_63_67
55
60
63
67
48_55_60_63_67_67
63
60
55
48
48_49_55_60_63_67
56
61
63
49_49_56_61_63
56
61
63
49_56_61_63_63
61
56
49
49_51_56_61_63
56
58
63
51_51_56_58_63
56
58
63
39_51_56_58_63
46
51
55
58
63
39_46_51_55_58_63_63
58
55
51
46
39
39_39_46_51_55_58_63
46
51
55
58
63
39_39_46_51_55_58_63
46
51
55
58
63
39_46_51_55_58_63_63
58
55
51
46
39
39_46_48_51_55_58_63
55
60
63
67
48_48_55_60_63_67
55
60
63
67
48_55_60_63_67_67
63
60
55
48
48_49_55_60_63_67
56
61
63
49_56_61_63_63
61
56
49
49_49_56_61_63
56
61
63
49_49_56_61_63
56
61
63
49_56_61_63_63
61
56
49
49_51_56_61_63
56
58
63
51_56_58_63_63
58
56
51
51_51_56_58_63
56
58
63
39_46_51_51_55_56_58_58_63_63
39_39_46_51_55_58_63
46
51
55
58
63
39_39_46_51_55_58_63
46
51
55
58
63
39_46_51_51_55_58_63
56
58
63
51_51_56_58_63
56
58
63
51_56_58_63_63
58
56
51
51_56_58_63_63
58
56
51
51_51_56_58_63
56
58
63
51_51_56_58_63
56
58
63
51_51_56_58_63
56
58
63
51_56_58_63_63
58
56
51
49_51_56_58_63
56
61
63
49_49_56_61_63
56
61
63
49_56_61_63_63
61
56
49
49_56_61_63_63
61
56
49
49_49_56_61_63
56
61
63
49_49_56_61_63
56
61
63
41_49_56_61_63
48
53
56
60
65
41_41_48_53_56_60_65
48
53
56
60
65
41_48_53_56_60_65_65
60
56
53
48
41
41_48_53_56_60_65_65
60
56
53
48
41
41_41_48_53_56_60_65
48
53
56
60
65
41_41_48_53_56_60_65
48
53
56
60
65
41_48_53_56_60_65_65
60
56
53
48
41
39_41_48_53_56_60_65
46
51
55
58
63
39_39_46_51_55_58_63
46
51
55
58
63
39_46_51_55_58_63_63
58
55
51
46
39
39_39_46_51_55_58_63
46
51
55
58
63
39_46_51_55_58_63_63
58
55
51
46
39
39_39_46_51_55_58_63
46
51
55
58
63
39_46_51_55_58_63_63
58
55
51
46
39
39_39_46_51_55_58_63
46
51
55
58
63
39_46_51_55_58_63_63
58
55
51
46
39
39_39_46_51_55_58_63
46
51
55
58
63
39_46_51_55_58_63_63
58
55
51
46
39
39_46_51_51_55_58_63
56
58
63
51_51_56_58_63
56
58
63
51_56_58_63_63
58
56
51
51_56_58_63_63
58
56
51
51_51_56_58_63
56
58
63
51_51_56_58_63
56
58
63
51_51_56_58_63
56
58
63
51_56_58_63_63
58
56
51
49_51_56_58_63
56
61
63
49_49_56_61_63
56
61
63
49_56_61_63_63
61
56
49
49_56_61_63_63
61
56
49
49_49_56_61_63
56
61
63
49_49_56_61_63
56
61
63
41_49_56_61_63
48
53
56
60
65
41_41_48_53_56_60_65
48
53
56
60
65
41_48_53_56_60_65_65
60
56
53
48
41
41_48_53_56_60_65_65
60
56
53
48
41
41_41_48_53_56_60_65
48
53
56
60
65
41_41_48_53_56_60_65
48
53
56
60
65
41_48_53_56_60_65_65
60
56
53
48
41
39_41_48_53_56_60_65
46
51
55
58
63
39_39_46_51_55_58_63
46
51
55
58
63
39_46_51_55_58_63_63
58
55
51
46
39
39_39_46_51_55_58_63
46
51
55
58
63
39_46_51_55_58_63_63
58
55
51
46
39
39_39_46_51_55_58_63
46
51
55
58
63
39_39_46_51_55_58_63
46
51
55
58
63
39_39_46_51_55_58_63
46
51
55
58
63
39_46_51_55_58_63_63
58
55
51
46
39
39_46_49_51_55_58_63
56
61
63
39_49_56_61_63
46
51
55
58
63
39_46_51_51_55_58_63
56
58
63
51_51_56_58_63
56
58
63
51_56_58_63_63
58
56
51
41_51_56_58_63
48
53
56
60
65
41_48_53_56_60_65_65
60
56
53
48
41
41_41_48_53_56_60_65
48
53
56
60
65
41_41_48_53_56_60_65
48
53
56
60
65
41_48_53_56_60_65_65
60
56
53
48
41
41_48_49_53_56_60_65
56
61
63
49_49_56_61_63
56
61
63
49_56_61_63_63
61
56
49
39_49_56_61_63
46
51
55
58
63
39_46_51_55_58_63_63
58
55
51
46
39
39_39_46_51_55_58_63
46
51
55
58
63
39_39_46_51_55_58_63
46
51
55
58
63
39_46_51_55_58_63_63
58
55
51
46
39
39_41_46_51_55_58_63
48
53
56
60
65
41_41_48_53_56_60_65
48
53
56
60
65
41_48_53_56_60_65_65
60
56
53
48
41
41_48_53_56_60_65_65
60
56
53
48
41
41_41_48_53_56_60_65
48
53
56
60
65
41_41_48_53_56_60_65
48
53
56
60
65
41_48_53_56_60_65_65
60
56
53
48
41
41_48_49_53_56_60_65
56
61
63
49_49_56_61_63
56
61
63
49_56_61_63_63
61
56
49
39_49_56_61_63
46
51
55
58
63
39_46_51_55_58_63_63
58
55
51
46
39
39_39_46_51_55_58_63
46
51
55
58
63
39_39_46_51_55_58_63
46
51
55
58
63
39_46_51_55_58_63_63
58
55
51
46
39
39_46_51_51_55_58_63
56
58
63
51_51_56_58_63
56
58
63
51_56_58_63_63
58
56
51
41_51_56_58_63
48
53
56
60
65
41_48_53_56_60_65_65
60
56
53
48
41
41_41_48_53_56_60_65
48
53
56
60
65
41_41_48_53_56_60_65
48
53
56
60
65
41_48_53_56_60_65_65
60
56
53
48
41
41_48_49_53_56_60_65
56
61
63
49_49_56_61_63
56
61
63
49_56_61_63_63
61
56
49
49_56_61_63_63
61
56
49
49_49_56_61_63
56
61
63
49_49_56_61_63
56
61
63
49_49_56_61_63
56
61
63
49_56_61_63_63
61
56
49
39_49_56_61_63
46
51
55
58
63
39_39_46_51_55_58_63
46
51
55
58
63
39_46_51_55_58_63_63
58
55
51
46
39
39_46_51_55_58_63_63
58
55
51
46
39
39_39_46_51_55_58_63
46
51
55
58
63
39_39_46_51_55_58_63
46
51
55
58
63
39_46_48_51_55_58_63
55
60
63
67
48_48_55_60_63_67
55
60
63
67
48_55_60_63_67_67
63
60
55
48
48_49_55_60_63_67
56
61
63
49_56_61_63_63
61
56
49
49_49_56_61_63
56
61
63
49_49_56_61_63
56
61
63
49_56_61_63_63
61
56
49
49_51_56_61_63
56
58
63
51_51_56_58_63
56
58
63
51_56_58_63_63
58
56
51
39_51_56_58_63
46
51
55
58
63
39_46_51_55_58_63_63
58
55
51
46
39
39_39_46_51_55_58_63
46
51
55
58
63
39_39_46_51_55_58_63
46
51
55
58
63
39_46_51_55_58_63_63
58
55
51
46
39
39_46_48_51_55_58_63
55
60
63
67
48_48_55_60_63_67
55
60
63
67
48_55_60_63_67_67
63
60
55
48
48_49_55_60_63_67
56
61
63
49_56_61_63_63
61
56
49
49_49_56_61_63
56
61
63
49_49_56_61_63
56
61
63
49_56_61_63_63
61
56
49
49_51_56_61_63
56
58
63
51_56_58_63_63
58
56
51
51_51_56_58_63
56
58
63
39_46_51_51_55_56_58_58_63_63
39_39_46_51_55_58_63
46
51
55
58
63
39_39_46_51_55_58_63
46
51
55
58
63
39_46_51_51_55_58_63
56
58
63
51_51_56_58_63
56
58
63
51_56_58_63_63
58
56
51
51_56_58_63_63
58
56
51
51_51_56_58_63
56
58
63
51_51_56_58_63
56
58
63
51_51_56_58_63
56
58
63
51_56_58_63_63
58
56
51
49_51_56_58_63
56
61
63
49_49_56_61_63
56
61
63
49_56_61_63_63
61
56
49
49_56_61_63_63
61
56
49
49_49_56_61_63
56
61
63
49_49_56_61_63
56
61
63
41_49_56_61_63
48
53
56
60
65
41_41_48_53_56_60_65
48
53
56
60
65
41_48_53_56_60_65_65
60
56
53
48
41
41_48_53_56_60_65_65
60
56
53
48
41
41_41_48_53_56_60_65
48
53
56
60
65
41_41_48_53_56_60_65
48
53
56
60
65
41_48_53_56_60_65_65
60
56
53
48
41
39_41_48_53_56_60_65
46
51
55
58
63
39_39_46_51_55_58_63
46
51
55
58
63
39_46_51_55_58_63_63
58
55
51
46
39
39_39_46_51_55_58_63
46
51
55
58
63
39_46_51_55_58_63_63
58
55
51
46
39
39_39_46_51_55_58_63
46
51
55
58
63
39_46_51_55_58_63_63
58
55
51
46
39
39_39_46_51_55_58_63
46
51
55
58
63
39_46_51_55_58_63_63
58
55
51
46
39
39_39_46_51_55_58_63
46
51
55
58
63
39_46_51_55_58_63_63
58
55
51
46
39
39_46_51_51_55_58_63
56
58
63
51_51_56_58_63
56
58
63
51_56_58_63_63
58
56
51
51_56_58_63_63
58
56
51
51_51_56_58_63
56
58
63
51_51_56_58_63
56
58
63
51_51_56_58_63
56
58
63
51_56_58_63_63
58
56
51
49_51_56_58_63
56
61
63
49_49_56_61_63
56
61
63
49_56_61_63_63
61
56
49
49_56_61_63_63
61
56
49
49_49_56_61_63
56
61
63
49_49_56_61_63
56
61
63
41_49_56_61_63
48
53
56
60
65
41_41_48_53_56_60_65
48
53
56
60
65
41_48_53_56_60_65_65
60
56
53
48
41
41_48_53_56_60_65_65
60
56
53
48
41
41_41_48_53_56_60_65
48
53
56
60
65
41_41_48_53_56_60_65
48
53
56
60
65
41_48_53_56_60_65_65
60
56
53
48
41
39_41_48_53_56_60_65
46
51
55
58
63
39_39_46_51_55_58_63
46
51
55
58
63
39_46_51_55_58_63_63
58
55
51
46
39
39_39_46_51_55_58_63
46
51
55
58
63
39_46_51_55_58_63_63
58
55
51
46
39
39_39_46_51_55_58_63
46
51
55
58
63
39_39_46_51_55_58_63
46
51
55
58
63
39_39_46_51_55_58_63
46
51
55
58
63
39_46_51_55_58_63_63
58
55
51
46
39
39_46_49_51_55_58_63
56
61
63
49_49_56_61_63
56
61
63
49_56_61_63_63
61
56
49
49_56_61_63_63
61
56
49
49_49_56_61_63
56
61
63
49_49_56_61_63
56
61
63
49_49_56_61_63
56
61
63
49_56_61_63_63
61
56
49
41_49_56_61_63
48
53
56
60
65
41_41_48_53_56_60_65
48
53
56
60
65
41_48_53_56_60_65_65
60
56
53
48
41
41_48_53_56_60_65_65
60
56
53
48
41
41_41_48_53_56_60_65
48
53
56
60
65
41_41_48_53_56_60_65
48
53
56
60
65
41_48_53_56_60_65_65
60
56
53
48
41
41_48_53_56_60_65_65
60
56
53
48
41
41_48_49_53_56_60_65
56
61
63
49_49_56_61_63
56
61
63
49_56_61_63_63
61
56
49
49_56_61_63_63
61
56
49
49_49_56_61_63
56
61
63
49_49_56_61_63
56
61
63
49_49_56_61_63
56
61
63
49_56_61_63_63
61
56
49
41_49_56_61_63
48
53
56
60
65
41_41_48_53_56_60_65
48
53
41_41_48_53
48
53
56
60
65
41_41_48_53_56_60_65
48
53
56
60
65
41_48_53_56_60_65_65
60
56
53
48
41
41_41_48_53_56_60_65
48
53
56
60
65
41_48_53_56_60_65_65
60
56
53
48
41
41_41_48_53_56_60_65
48
53
56
60
65
41_48_53_56_60_65_65
60
56
53
48
41
41_41_48_53_56_60_65
48
53
56
60
65
41_48_53_56_60_65_65
60
56
53
48
41
41_41_48_53_56_60_65
48
53
56
60
65
41_48_53_56_60_65_65
60
56
53
48
41
41_48_49_53_56_60_65
56
61
63
49_49_56_61_63
56
61
63
49_56_61_63_63
61
56
49
49_56_61_63_63
61
56
49
49_49_56_61_63
56
61
63
49_49_56_61_63
56
61
63
49_49_56_61_63
56
61
63
49_56_61_63_63
61
56
49
41_49_56_61_63
48
53
56
60
65
41_41_48_53_56_60_65
48
53
41_41_48_53
48
53
56
60
65
41_41_48_53_56_60_65
48
53
41_41_48_53
48
53
56
60
65
41_41_48_53_56_60_65
48
53
41_41_48_53
48
53
56
60
65
41_41_48_53_56_60_65
48
53
39_41_48_53
46
51
55
58
63
39_39_46_51_55_58_63
46
51
39_39_46_51
46
51
55
58
63
39_46_51_55_58_63_63
58
55
51
46
39
39_39_46_51_55_58_63
46
51
55
58
63
39_46_51_55_58_63_63
58
55
51
46
39
39_39_46_51_55_58_63
46
51
55
58
63
39_46_51_55_58_63_63
58
55
51
46
39
39_39_46_51_55_58_63
46
51
55
58
63
39_46_51_55_58_63_63
58
55
51
46
39
39_39_46_51_55_58_63
46
51
55
58
63
39_46_51_55_58_63_63
58
55
51
46
39
39_39_46_51_55_58_63
46
51
55
58
63
39_46_51_55_58_63_63
58
55
51
46
39
39_39_46_51_55_58_63
46
51
55
58
63
39_46_51_55_58_63_63
58
55
51
46
39
39_46_51_51_55_58_63
56
58
63
51_51_56_58_63
56
58
63
51_56_58_63_63
58
56
51
51_56_58_63_63
58
56
51
51_51_56_58_63
56
58
63
51_51_56_58_63
56
58
63
51_51_56_58_63
56
58
63
51_56_58_63_63
58
56
51
49_51_56_58_63
56
61
63
49_49_56_61_63
56
61
63
49_56_61_63_63
61
56
49
49_56_61_63_63
61
56
49
49_49_56_61_63
56
61
63
49_49_56_61_63
56
61
63
41_49_56_61_63
48
53
56
60
65
41_41_48_53_56_60_65
48
53
56
60
65
41_48_53_56_60_65_65
60
56
53
48
41
41_48_53_56_60_65_65
60
56
53
48
41
41_41_48_53_56_60_65
48
53
56
60
65
41_41_48_53_56_60_65
48
53
56
60
65
41_48_53_56_60_65_65
60
56
53
48
41
39_41_48_53_56_60_65
46
51
55
58
63
39_39_46_51_55_58_63
46
51
55
58
63
39_46_51_55_58_63_63
58
55
51
46
39
39_39_46_51_55_58_63
46
51
55
58
63
39_46_51_55_58_63_63
58
55
51
46
39
39_39_46_51_55_58_63
46
51
55
58
63
39_46_51_55_58_63_63
58
55
51
46
39
39_39_46_51_55_58_63
46
51
55
58
63
39_46_51_55_58_63_63
58
55
51
46
39
39_39_46_51_55_58_63
46
51
55
58
63
39_46_51_55_58_63_63
58
55
51
46
39
39_46_51_51_55_58_63
56
58
63
51_51_56_58_63
56
58
63
51_56_58_63_63
58
56
51
51_56_58_63_63
58
56
51
51_51_56_58_63
56
58
63
51_51_56_58_63
56
58
63
51_51_56_58_63
56
58
63
51_56_58_63_63
58
56
51
49_51_56_58_63
56
61
63
49_49_56_61_63
56
61
63
49_56_61_63_63
61
56
49
49_56_61_63_63
61
56
49
49_49_56_61_63
56
61
63
49_49_56_61_63
56
61
63
41_49_56_61_63
48
53
56
60
65
41_41_48_53_56_60_65
48
53
56
60
65
41_48_53_56_60_65_65
60
56
53
48
41
41_48_53_56_60_65_65
60
56
53
48
41
41_41_48_53_56_60_65
48
53
56
60
65
41_41_48_53_56_60_65
48
53
56
60
65
41_48_53_56_60_65_65
60
56
53
48
41
39_41_48_53_56_60_65
46
51
55
58
63
39_39_46_51_55_58_63
46
51
55
58
63
39_46_51_55_58_63_63
58
55
51
46
39
39_39_46_51_55_58_63
46
51
55
58
63
39_46_51_55_58_63_63
58
55
51
46
39
39_39_46_51_55_58_63
46
51
55
58
63
39_39_46_51_55_58_63
46
51
55
58
63
39_39_46_51_55_58_63
46
51
55
58
63
39_46_51_55_58_63_63
58
55
51
46
39
39_51_51_55_58_63
56
58
63
51_51_56_58_63
56
58
63
51_56_58_63_63
58
56
51
51_56_58_63_63
58
56
51
51_51_56_58_63
56
58
63
51_51_56_58_63
56
58
63
51_51_56_58_63
56
58
63
51_56_58_63_63
58
56
51
49_51_56_58_63
56
61
63
49_49_56_61_63
56
61
63
49_56_61_63_63
61
56
49
46_49_56_61_63_63
61
56
49
49_49_56_61_63
56
61
63
49_49_56_61_63
56
61
63
49_56_61_63_63
61
56
49
49_56_61_63_63
61
56
49
41_49_56_61_63
48
53
56
60
65
41_41_48_53_56_60_65
48
53
56
60
65
41_48_53_56_60_65_65
60
56
53
48
41
41_48_53_56_60_65_65
60
56
53
48
41
41_41_48_53_56_60_65
48
53
56
60
65
41_41_48_53_56_60_65
48
53
56
60
65
41_41_48_53_56_60_65
48
53
56
60
65
41_48_53_56_60_65_65
60
56
53
48
41
39_41_48_53_56_60_65
46
51
55
58
63
39_39_46_51_55_58_63
46
51
55
58
63
39_46_51_55_58_63_63
58
55
51
46
39
39_46_51_55_58_63_63
58
55
51
46
39
39_39_46_51_55_58_63
46
51
55
58
63
39_39_46_51_55_58_63
46
51
55
58
63
39_39_46_51_55_58_63
46
51
55
58
63
39_46_51_55_58_63_63
58
55
51
46
39
39_51_51_55_58_63
56
58
63
51_51_56_58_63
56
58
63
51_56_58_63_63
58
56
51
51_56_58_63_63
58
56
51
51_51_56_58_63
56
58
63
51_51_56_58_63
56
58
63
51_51_56_58_63
56
58
63
51_56_58_63_63
58
56
51
49_51_56_58_63
56
61
63
49_49_56_61_63
56
61
63
49_56_61_63_63
61
56
49
46_49_56_61_63_63
61
56
49
49_49_56_61_63
56
61
63
49_49_56_61_63
56
61
63
49_56_61_63_63
61
56
49
49_56_61_63_63
61
56
49
41_49_56_61_63
48
53
56
60
65
41_41_48_53_56_60_65
48
53
56
60
65
41_48_53_56_60_65_65
60
56
53
48
41
41_48_53_56_60_65_65
60
56
53
48
41
41_41_48_53_56_60_65
48
53
56
60
65
41_41_48_53_56_60_65
48
53
56
60
65
41_41_48_53_56_60_65
48
53
56
60
65
41_48_53_56_60_65_65
60
56
53
48
41
39_41_48_53_56_60_65
46
51
55
58
63
39_39_46_51_55_58_63
46
51
56
58
63
39_39_46_51_56_58_63
46
51
55
58
63
39_46_51_55_58_63_63
51_63
56
60
63
51_56_60_63
