72
60
72
60
72
60
60
72
72
60
60
72
72
60
60
72
60_72
60
72
60_72
60
72
60_72
60
72
53_60_69_72
60
53_69
72
53_60_69_72
53
69
60
72
53_60_70_72
53
60
70
72
53_60_70_72
53
60
70
72
53_60_70_76
53
60
70_76
74
74
53_60_70_72
53
60
70
72
53_60_69_77
77
53
69
60
58_65_74
74
65
58
57_65_72
57
72
65
48_57_64_69
57
48
64
69
50_57_60_65
57
50
60
65
43_50_58_65_67
50
65
43
58
67
48_58_64_67
48
58
64
48_58_62
67
48
58
62
41_53_60_69
41
53
69
60
46_53_62_70
53
46
62
70
48_53_60_69
48
53
60
69
46_53_62_65
53
62
46
65
48_53_60_69
60
53
48
69
50_53_58_70
58
53
50
70
48_53_60_69
53
69
48
60
67
67
46_62_65
53
46_62
53
65
48_53_60_69
60
53
48
69
50_53_58_70
53
50
58
70
48_53_60_69
48
53
69
60
67
67
48_57_60_65
48
57
65
60
48_58_62_67
48
58
62
48_58_60_64
48
58
60
64
67
53_57_60_65
57
53
60
53_60
57
53
57_60
65
53_60_65_69_72
53
60
65
69
53_60_65_69
53
60
65
69
53_60_65_69
65
53
60_69
72
53_60_65_69_72
65_69
60
53
72
53_67_70_72
60
53
60
67
72
70
53_67_70_72
60
53
60
67
70
72
53_60_67_70_76
53
60
76
67
70
74
74
53_67_70_72
60
70
53
67
60
72
53_60_65_69_77
53
77
60
69
65
58_65_74
65
58
74
57_65_72
57
72
65
48_57_64_69
57
48
64
69
50_57_60_65
50_57
60
65
43_50_58_65_67
50
65
43
58
67
48_58_64_67
48
58
64
48_58_62
67
48
58
62
41_53_60_69
41
53
69
60
46_53_62_70
53
46
62
70
48_53_60_69
53
48
60
69
46_53_62_65
53
62
46
65
48_53_60_69
60
69
48
53
50_53_58_70
53
50
58
70
48_53_60_69
48
53
69
60
67
46_53_62_65
67
53
46
62
65
48_53_60_69
60
69
48
53
70
58
53
50
58
53
50
70
48_53_60_69
48
53
69
60
67
67
48_57_60_65
57
48
65
60
48_58_62_67
48
58
62
48_58_60_64
48
58
64
60
67
53_57_60_65
53
57
60
53_57_60
53
57_60
65
48_57_64_72
48
57
64
48_57_64
57
48
64
48_57_64
64
72
57
48
50_62_65_71
62
50
65
71
60
52
64
71
69_71
52
60
64
69
40_59_64_68
52
59
40
52
64
68
45_60_64_69
52
45
60
52_64
69
45_57_60_64_72
45_60_64
57
72
48_55_64_67_76
48
55
64
67
76
48_55_60_64_67_76
48
64
55
60
67
76
52_60_67_76
67
52
60
76
53_65_69_74
65
69
53
74
55_64
67
74
72
74
64
55
67
72
43_62_67_71
55
62
43
67
55
71
48_55_64_67_72
48
64
55
67
48_55_64
64
48
55
72
48_60_67_76
60
48
76
67
53_60_69_77
53
60
77
69
55_60_67_76
60
55
67
76
53_60_69_72
53
60
69
72
55_60_67_76
67
55
60
76
57_65_77
60
65
57
77
60
55_60_67_76
60
55
76
74
67
74
53_60_69_72
53
69
60
72
55_60_67_76
67
55
60
76
57_60_65_77
57
60
65
77
55_60_67_76
55
60
76
67
74
74
55_64_67_72
55
64
72
67
55_65_69_74
65
55
69
55_65_67_71
74
55
67
65
71
48_64_67_72
64
48
48_64
67
72
48
64
50_62_65_70
62
50
65
52_61_67
61
70
52
53_60_69
53
60
67
69
53_60_65_69_72
53
60
69
65
72
53_60_65_69_72
60_69
53
65
72
53_60_69_72
69
53
60
72
53_60_70_76
53
60
76
70
74
74
53_60_70_72
53
60
70
72
53_60_69_77
53
69_77
60
58_65_74
74
58
65
57_65_72
57
72
65
48_57_64_69
57
48
64
69
50_57_60_65
60
50
57
65
43_50_58_65_67
50
65
43
58
67
48_58_64_67
48
64
58
48_58_62
67
48
58
62
41_53_60_69
41
53
69
60
46_53_62_70
53
46
62
70
46_53_60_69
46
53
60
69
46_53_62_65
53
46_62
65
48_53_60_69
60
53
48
69
50_53_58_70
58
53
50
70
48_53_60_69
53
48
69
60
67
67
46_53_62_65
46_53
62
65
48_53_60_69
53
60
69
48
50_53_58_70
53
50
58
70
48_53_60_69
48
53
69
60
67
67
48_57_60_65
48
57
65
60
48_58_62_67
48
58
62
48_58_60_64
60
48
64
58
67
48_57_64_72
48
57
64
48_57_64
48
57
64
48_57_64
48
57
72
64
50_57_65_69
57
50
65
69
52_57_64_72
57
52
64
72
50_57_65_69
50
57
65
69
52_57_64_72
64
52
57
72
53_57_62_74
57_62
53
74
52_57_64_72
57
52
72
71
64
71
50_57_65_69
50
57
65
69
52_57_64_72
64
52
57
72
53_57_62_74
57
62
53
74
52_57_64_72
52
57
72
64
71
71
52_60_64_69
60
52
64
69
52_62_64_69_71
52
62
64
69
52_62_64_68
52
62
64
68
71
45_52_60_64_69
52
45
64
60
45_60_64
45
60_64
69
42_63_69_72
42
69
63
42_63
72
42_63
43_62_67_70
67
70
62
43
45_60_66_69
60_66
69
45
46_62_67
62
67
46
48_58_64_69
64
58
48
36_58_64
48
64
36
58
48
69
41_57_65
48
41
57
48
41_57
57
41_65
42_63_69_72
42
63
69
42_63
42
63
72
62
43
67
72
70
72
67
70
62
43
45_60_66_69
45
60_66
69
46_62_67
62
67
46
48_58_64_69
64
48
58
36_48_58_64
48
36
64
58
69
41_48_57_65
48
41
57
40
48
48
40
38_48_57
38
48
57
65
36_48_58_64_69
64
58
36_58_64
36
36_48_64
58
69
41_48_57_65
41
48
57
40
40
38_48_57
48
57
38
65
36_48_58_64_69
64
58
36_58_64
36
48
36
64
69
58
41_48_57_65
57
48
41
65
36_48_58_64_69
64
36
48_58
69
41_48_57_65
57
48
41
65
36_48_58_64_69
64
36
48_58
69
41_48_57_65
57
48
41
65
36_58_64_69
48
64
36
58
48
69
41_48_57_65
57
48
41
65
36_48_58_64_69
64
58
69
48
36
29
41
29
41
48
53
57
60
57
65
60
65
69
69
69
69
48
53
69
69
69
69
69
69
69
69
33
93
45_89
33
45
93
89
88
84
88
52
40
40
52
81
84
81
81
77
47
59
81
47_77
59_76
72_76
60
48
69
72
69
48
60
69
65
65
69
64
64
60
60
57
57
53
56
53
56
68
50
59
59
68
50
59
45
45
59
56_62
71
62
71
56
62
53
62
53
74
66
45
45
66
74
65
59
65
59
68
77
76
45
68
76_77
45
68
62
62
68
80
71
71
80
71
71
74_83
74
83
93
33_89
45
33
45
93
89
88
88
84
52
40
40
52
81_84
81
81
77
59
47
77_81
47
59
76
72
76
60
48
69_72
69
48_69
60_65
69
65
64
64
60
60
57
57
59
56
59
56
71
62
53
62
71
53
62
45
45
62
65
74
59
74
65
59
65
53
65
77
53_68
45
68
77
45
68
62
68
62
80
71
45_71
45
80
71
65
65
71
74
83
74
83
74
74
77
86
77
86
33_45_93_100
33
45
100
93
96
96
93
52
40
40
52
93
88
88
88
96
44_56
44_56
88
96
93
93
88
59
47
47
59
88
84
84
93
84
57
45
45
84_93
57
88
88
84
47_59
47
59
84
81
81
62
88
50_81
50
81
62_88
84
81
84
60
48
48
81
60
76
76
51_63_76
84
64
51_63_64
76
84
81
76
81
65
53
53
76
72
65
72
64
52_72_81
72
81
76
64
76
52
72
72
69
69
78
72
33_45
33
72
45
78
75
36
48_72
75
36
48
72
69
69
50
38
66
72
38
50
72
66
69
66
51
39_69
66
60
60
60
69
60
69
66
60
66
60
57
57
66
57
57
66
60
60
57
57
54
39
51
54
66
50_62
38
50
38_62
54
66
54
66
63
48
36
36
48
66
54
63
54
46_62_66
34
34
54
62_66
46
54
62
45_66
60
33
33
45
60_62
54
66
54
87
91
43
31
31
43
91
87
86
82
50
38
86
38
50
79
82
79
79
57
45
45
57
79
74
70
74
58
46
67
70
67
58_67
63
46
67
63
62
62
58
58
55
55
51
54
54
51
66
57
48
57
66
48
43
57
43
57
54
69
69
54
60
51
60
43
63
72
63
43
72
51_63
57
57_63
75
43
75
43
66
60
60
66
69_78
69
78
69
69
72
81
72
81
31_91
43_87
31
43
91
87
86
82
86
50
38
38
50
79
82
79
57
79
45
75
45
57
79
75
74
58_70
46_74
67
70
67
58
67
46
63
63_67
62
62
58
58
55
55
57
54
57
54
69
51
69
51
60
43
43
60
72
57_63
63
72
57
63
51
63
43_51_75
43
75
66
60
60
66
78
43
69
43
69
78
63_69
63
69
72_81
72
81
72
72
75
84
75
84
31_43_91_98
31
43
91_98
94
94
91
38_50
38
50
91
86
86
54_94
42
86
42
54
86
94
91
86_91
45_57
45_82
86
57
82
82_91
55
43
43_91
82
86
55
82
57
45_86
45
57
79
82
79
79_86
60
48
48_60
79
86
82
58
46_79
82
46
58
79
74
74
61
49
82
74
49
61
74_82
79
63_74
51
79
74
51
70
63
70
50_62_70
79
70_79
74
62
50
70
74
70
67
67
67_74
40
28
28
67
40_74
70
67_70
43
31
43
31
67
60
62
62
60
45
33
70
62_68
33
69
45_68
69
70
62
67
67
46_62
34
58
62
58
62_67
62_67
64
46
34
64
62
62
55
57
57
55
70
62
28_40
28
62_70
40
67
62_67
43
31
31
43
58_62
58
45_61
67
62
33
61
33_45
62
67
64
64
46
34
62
62
55
55
62
67
62
67
64
62
64
34
62
46
55
55
69
61
55_57_64
45
33
33
45
44
55
44
57
45
64
45
61
47
69
47
49
49
50
69
57
65
62
50
52
57
53
69
62_65
52
53
52
69
57
57_69
52
50
57_69
46
50
69
57
46
69
61_64
55_57
33
45
33
45
44
55
44_57
45
64
61
45
47
69
47
49
49
50
69
57
65
62
50
52
57
62
65_69
52
53
53
52
50
59_65_71
67
52
50_59
49
65_67
49
71
66
66
72
60_64
67_70
36_48
36
48
47
47
48
48
67
64
50
60
70
72
50
52
52
72
60_68
65
53
53
55
60
55
72
56
65
68
56
55
60_72
60
72
53
55_60_72
49_53
49
60_72
60_64_70_72
67
36
48
36
48
47
47
48
47
47
67
48_64
60
50
70
72
50
52
52
72
53_68
60_65
53
55
60
65_72
55
68
56
56
55
53_55_62_74
68_70
62
52_74
68
53_70
52
75
63_70
67_73
39_51
39
51
50
50
51
67
70
51
53
63
73
75
53
55
55
56_75
63
68
71
56
58
63
58
59_75
71
68
58_59
63
75
75
63
56
58
63_75
52
56
52
63
75
63_75
67_70_73
51
39
39
51
50
50
51
67_70
51
53
63
73
53_75
55
56
63_75
55_68_71
63
56
58
68
71
75
58
59
58_59
56
58
75_80_87
51
56
51
75
80
87
75
40_87
80
40
47
75
80
87
47
51
51
56
56
59
99
87
92
56_59
51
56
51
47
47
63
63
92
87
99
86_92_98
40
40
92
98
86
95
86
83
47
95
83
86
47
94
82
86
50
94
86
50
82
56
80_92
86
56
59
86
56
59
80
92
78_90
86
50
56
86
90
47
78
50
47
62
88
76_80
62
76
88
80
87
75
79
51
39
51
39
38
75_79
87
38
39
39
41
41
43
75_83
71
44
43
44
46
46
47
47
49
83
49
51
71
75
51
52
52
82
70_73
39
39
38
38
39
39
41
82
73
41
70
43
80
44
43_68
71
44
46
46
47
47
49
49
51
51
71
52
80
52
68
78
66
70
39
39
38
38
39
70
39
41
66
41
43
78
44
43
80
68
71
44
46
46
47
47
80
71
49
68
49
51
51
52
52
73
61
70
39
39
38
38_39
61
39
41
70
41
43
73
76
44
68
43_64
44
46
46
47
47_49
49
51
76
64
51
52
68
52
75
63
67
39
39
67
38
38
39
39
41
63
41
43
75
43
44_71
63_68
44
46
46
47
47
49
49
51
68
51
52_63
52
71
70
61
39
39
38
38
39
39
41
41
43
61
43_44
70
68
59_63
44
46
46
47
49
47
49
63
51
59
51
52
52
68
66
58
61
39
39
38
38
39
41
39
41
43_58
61
66
43
44_68
63
59
44
46
46
47
49
47
49
51
59
51
52
52
63
61
58
68
39
39
38
38
39
39
41
41
43
58
61
43_44
64
56
59
44
46
46
47
47
49
49
51
51
52
59
52
56
64
63
58
55
39
58
55
39
63
62
62
63
63
64
56_59
66
64
66
68
68_70
71
70
71
64
59
56_64
63
58
55
55
58
63
62
62
63
63
64
59
56
64
66
66
68
68
70
71
70
71
64
59
64
56
63
58
55
63
55_58
61
61
62
62
64
57
54
64
66
66
67
67
68
68
69
69
62
54
62
57
61
56
53
53
56
61
59
59
61
61
62
52_55
64
62
64
65
65
66
66
52
67
48
67
55
48_58
58
57
41
41
57
72
60
72
60
72
60
69
53
53
60
69
72
72
60_69
53
69
53_60
72
76
70
60
53
53
60
76
70
74
74
72
53
60
70
53
60
70
72
77
69
53_60
53
77
60_69
74
58
65
74
65
58
72
57
65
57
72
65
69
64
48_57
57
48
64
69
65
50
57_60
57
50
65
60
67
58
65
50
43
50
65
58
67
43
67
64
58
48
48
64
58
58
48_62
67
48
58
62
69
41
53_60
41
69
53
60
70
46
62
53
53
46
62
70
69
48_53_60
53
48
69
60
65
62
46
53
62
46
53
65
69
60
48
53
60
69
48
53
70
58
50_53
53
50_58
70
69
60
53
48
53
48
69
67
60
67
65
62
46
53
53
46
62
65
72
64
48
57
48
57
72
64
69
50
65
57
65
50_57
69
72
57
64
52
64
52
57
72
74
62
57
53
62
57_74
53
72
57
64
52
57
72
52
64
71
71
69
57_65
50
65
57
50
69
72
57
64
52
64
57
52
72
74
62
53_57
57
53
62_74
72
64
52_57
52
57
72
64
71
71
69
64
60
52
52
69
60
64
71
62
64_69
52
52
64
62
69
68
62
64
52
52
62
68
64_71
69
60_64
45
45
64
60
60_64
45
60
64
45
69
72
69
63
42
42
63_69
69
63
42
42
63
69
72
62
43
67
72
70_72
67
70
62
43
45_60_66_69
66
60
69
45
67
46
62
62
67
46
69
58
48
64
48
64
58
64
58
36_48
64
36
58
69
48
65
57
41
48
41
48
57
57
41
57
41
65
72
42_69
63
42
63
69
63
69
42
42
63
69
72
62
43
67
72
72
70
67
70
62
43
45_60_66_69
60
66
45
69
67
62
46
67
62
46
69
58
64
48
64
58
48
48_64
58
69
64
58
48
48
57_66
63
46
48
46
45
57
45
60
63
51
51
51
66
60
51
66
63
57
48
48
46
46
45
45
57
51
60
63
51
51
66
60
51
66
56
63
48
48
46
46
56
44
63
58
60
58
60
58
58
61
58
66
58
65
56
61
65
56
70
60_63
54
54
70
70
54
60
54
70
63
70
54_61
70
54
68
53
44
61
68
53
44
66
60
58
66
58
60
66
58
66
58
66
61
58
58
66
65
56
61
56
65
70
54
59
63
70
54
54
70
63
59
70
54
70
59_62
54
54
70
68
53
59
62
44
53
62
59
68
59
59
62
56_59
65
71
56
54
54
53
71
65
68
53
59_62
59
59
62
59
68
56
65
71
65
56
49
63
63
63
63
71
66
63
63
70
61
66
61
70
75
59_68
65
75
59
75
65
59
68
59
75
75
66
59
59
75
49_58
73
66
73
58
49
71
63_65
71
63
65
71
63
71
63
71
66
63
63
71
70
66
61
61
70
75
68
59
65
59_75
68
75
59
65
59
75
75
64
67
59
75
58_73
67
59
49
64
73
58
67_73_79
64
70
52
70
67
52
79
73
64
68_73_80
73
80
68
73
69_81
64
52_69
64_73
81
52
61_70_82
49_79
76
76
61
49
79
70_82
79_83
71
59
76
83
79
47
71
59
76
47
79_84
71_72_76
58
46
76
71
46_72
79
58
84
85
73
82
67
55
55
73
82
85
67
86
82
74
86
82
74
67
75_87
55
55
67
75
87
85_88
82
76
64
52
52_64_76
88
82_85
89
62_77
50
77
62
89
50
49
78
90
92
61
49
92
61
78
90
91
79
73_87
61
61
73
79
91
87
92
80
87
80
87
92
93
55_81
43
87
87
55
81
43
93
94
82_87
55
43
55
94
43_87
82
77
65
53
41
53_65
41
77
63_75
39_51
51_63
39
75
70_82
58
46
58
70
46
82
91
79
86
46
34
91
79
86
89
77
86
86
89
77
34
46
86
82
74_77
38_50
38
77
82
50
86
74
82
70
74
55
43
74
43
70
55
82
84
72_81
77
41_53
53
77
72
41_81
84
82
74_77_86
34
46
46
34
86
77
82
74
45
33
45
33
82
70
74
79
43
31
31
43
74
79
70
82
79
67_70_75
51
39
70
67
75
79
39
51
81
78
69
74
50
38
50_69
38
74
78
81
82
70
74
79
43
31
31_43
74
79
70_82
41
29
41
29
79
67_75
70
27
39
39
27
67
75_79
70
75
63
68
48
36
68
63_75
48
36
77
65_70_74
46
34
65
34
70
74
46_77
66_78
75
71
33_45
33
45
59
59
59
71
75
59
78
66
59
59
66_71
63
59
59
59
59
59
59
66
59_63
63
45
59
61
63
61
59
71
45
59
71
64
59
44
64
61
59
61
44
71
69
63
59
42
59
57
54
57
63
54
42
47
47
64
59
40
69
68
68
64
67
40
41
59
41
67
43_55_59_62_65_67
43
43
43
43
43
43
65
59
55
62_67
43
67
55
62
65
47
47
45
45
43
65
55_62
67
43
48
67
55_60_64
48
45
45
43
43
40
40
36
36
64
33
60
33
31_59_65
55
31
59
65
67
57
57
57
57
60
57
43
57
64
55
60
55
64
69
59
53_62
69
53
69
53
59
53_62
69
69
60
53
69
53
43_67
52
67
60
52
43
65
59
57
65
57
59_65
57
65
57
65
60
57
57
65
64
55
60
64
55
69
58
62
53
69
53
62
69
53
58
53_69
69
58
61
53
69
61
53
52_67
61
43
52
67
58
61
58
61
58
58
61
58
58
55
55
53
61
53
52
58
61
52
58
61
67
58
58
67
61
58
70
55
64
64
70
55
48
62
62
62
62
65
62
62
69
60
65
69
60
74
67
58_64
74
58
74
58
64
67
58
74
74
65
58
58
74
72
57
48
65
72
57
48
70
64
62
70
62
70
62
64
62
70
70
65
62
62
70
69
60
65
69
60
74
64
67
58
74
58
67
74
58
64
58
74
74
63_66
58
48
66
74
58
57_72
63
72
57
78
66
72
63
69
51
69
51
72
66
78
63
79
72
67
79
72
67
63
72
68_80
51
63
51
72
68
80
81
69_78
60
48_75
69
60
48_81
75
78
46_58_70_75_78_82
46_75_78
58
70_82
75_78
71_83
57
45
45_57_71
75
83
78
75_84
72_81
54_66
72
81
75
54
66
84
85
73_81
73
81
85
66
54
86
81
74
54_66
74_81
86
87
75_81
63
51
51_63
75
81
87
88
61_76_81
49
61_76_81
49_88
81_89
76_88
77
60
48_88
77
76
81
48
89
60
90
78_87
72
60
60
72
78
90
87
91
79
87
79
87_91
54
80_92
42
87
54
42
80
92
87
93
81_87
42_54
83
92
83
54_81_92
93
42
87
53_65_77
41
73
53_65_77
73
41
63
75
39
51
73
63_73
51
39
75
69_81
45_57
57
69
45
81
86
74_81
30_84
42
81
30
84
74
86
42
86
74_82
79
43
31
79
31_86
82
43
74
82
70
74_79
50
38
74
79
38
50_82
70
79
70
67
55
43
70
67
43
55
79
81
69
74
53
41
69
53
41
74
81
82
70
74_79
52
40
52_74_79
40
82
70
50
50
38
38
37_79
49_67
70
76
49
37
76
67_79
70
76
73
64
70
58
46
64
70
46
76
73
58
78
66
75
72
57
45
45
57
66
72
78
75
34_46_67_74_79
34
46
74_79
67
33_45
33_45
76
64_70
43
31
64
31
43
70
76
73
61_70
67
40_52
61
40
73
52
70
67
74
62_70
67
50
38
62
38_50
74
67
70
63_75
69
67
49
37
63
69
75
67
37_76
67
64
69
70
65
49
65
48
36
48
36
64
67
69
47
35_70
35
47
76
46
34
46
34
45
33
33
45
93
33_45_89
33
45
93
88_89
86
88
50
38
38
50
86
81
81
52
77
40
79
81
79
81
40
77
52
76
76
74
53
41
74
69
69
65
69
69
65
64
41
64
53_62
62
57
57
58
55
58
55
70
61
52
61
70
52
45_61
45
61
73
58
64
64
73
58
55
64
64
55
45_67
55
76
67
45
76
67
61
67
61
55
70
79
70
79
47
47
70
64
64
70
82
73
73
82
73
73
85
76
76
85
93
89
45
33
33
45
93
89
88
88
86
50
38
38
81
50_86
81
81
77
52
40
81
77
40
76
52
74_76
53
41
69_74
69
69
65
69
65
64
41
64
62
53
62
57
57
61
58
61
58
73
64
55
64
73
55
64
45
45
64
67
76
67
61
76
67
61
55
67
55
70_79
45
70
45_79
70
64
70
64
73_82
45
73
45_82
73
67
85
85
67
73
85
76
76
85
76
76
79
88
79
88
89
98
33_45
33
45
98
89
93
93
89
38_50
38
50
89
86
86
52_93
86
40_86
86
93
40
86
52
89
86
89
55
43
43_55
86
81
81
89
81
53
41
41
53
89
81
86
56_86
44_81
44
56
81
77
77
77_86
59
47
47
77
59_86
83
77
57_83
45
45_57
77
74
74
61
49_83
74
49
61
74
83
77
64
74
52
77
52
64
74
69
69
62
50
77
69
69
77
74
62
69
50_74
69
65
65
44
74
32_65
32
44
65
74
71
65_71
50
38
38
50
65
62
62
52
71
40_62
40
52
62
71
65
53_65
62
41
62
59
59
65
59
59
65
62
53
41
62
59
59
53
53
64
59
44
32
59
64
62
59
62
59
52
52
59
65
59
65
62
32
44
59
62
59
52
52
56_64
36_48
64
56
36
62
48
56
47
35
35
62
47
56
52
52
33_45
93
89
33
45
89
93
88
88
40_52_84
40
52
81
84
81
47_59_77_81
81
59
47
77
76
76
48_60_72
72
69
48_69
60
65_69
69
65
64
64
60
60
57
57
56
53
56
53
50_59_68
59
50
68
59
45
45
59
56
62_71
62
71
56
62
53
62
65
45_74
65
45
74
59_65
53
59
65
53_68_77
53
77
68
45_68
68
45
62_71_80
62
80
71
71
71
74_83
74
83
93
33_89
45
33
45
93
89
88
88
84
52
40
40
52
81
84
81
81
77
59
47
47
59_81
77
76
72
76
60
48
69_72
48_69
60
69
65
69
65
64
64
60
60
57
57
59
56
59
56
71
62
53
62
71
53
62
45
45
62
65
74
59
65
74
59
65
53
65
68
45_77
53
68
77
45
68
62
68
62
80
45
45
80
71
65
65
71
74_83
74
83
74
74
86
77
77
86
100
33_93
45
95
95
33
45
93
100
96
96
93
52
40
40
52
93
88
88
56
44_88_96
56
44
88
96
93
59
93
47
88
47
59
88
84
84
57
45_93
84_86
86
45
93
84
57
88
88
84
59
47
47
81
59_84
81
88
81
62
50
50
88
62
81
84
81
60
84
48
48
60
81
76
76
51_63
84
76
51_63
76
84
81
65_76
81
53
53
76
65
72
72
64
52
81
72
72
81
76
64
52_72
76
72
69
69
76
31_43
69
69
76
72
69
72
69
64
64
64
72
64
72
69
64
69
64
60
60
69
60
60_69
64
31_60_64
43
60
57
57
42_57
64
30
57
64
60
60
57
57
52
52
60
69
60
69
64
30
42
41_60
29
64
60
57
57
64
57
57
64
60
60
57
29
41
57
52
52
64
40_60
28
60
59
65
64
59
65
64
60
60
28_57_64_65
40
57
65
64
60
60
64
65
59
65
59
60_64
52
40
60
64
65
57
65
57
60_64
60
40_64_65
59
52
65
59
52
60_64
40
52
60
40
64
65
57
65
57
60_64
48
36
60
64
65
59
36
65
59
48_60_64
60
47_64
35
65
57
47
35
65
57
45_60
33_64
33
45
60
64
65
59
65
59
60_64
52
40
60
64
65
57
65
57
64
52_60
40
60
64
65
59
65
59
60_64
60
64
65
57
65
57
28_40_63
60
60
63
66
59
59
66
63
60
28
60
40
63
57_66
57
66
63
60
60
63_66
59
59
66
63
52
40
60
60
57_63_66
57
66
63
60
60
40
63
66
59
52
59
66
52
63
40_60
52
40
60
63
66
57
57
66
63
48_60
36
60
36
48
59_63_66
59
66
63
60
60
47
35
63_66
57
35_47
57
66
45
63
33
60
33
45
60
66
63
59
59
66
52
63
40
60
60
66
57_63
57
66
63
60
60
52
40
59_63_66
59
66
63
60
60
63_66
57
57
66
60
28_40
64
60
59
64
69
59
69
64
60
28_60
40_64
57
69
57
69
60_64
60
64
59
69
59
69
52
40
64
60
60
64
57
69
57
69
64
60
40
60
52
64
59
69
59
69
52
40
64
60
60
64
57
69
40
52
57
69
64
60
52
40
60
64
59
69
40
59
69
52
64
60
60
50_64
69
38
57
38
50
69
57
48
36_64
60
36
48
60
64
59
69
59
69
57
45_64
60
60
64
57
69
57
69
57
45_64
60
60
64
59_69
59
69
53
41
64
60
60
41_64
53
69
57
57
69
64
52
60
40
60
64
69
59
52
40
59_69
64
60
60
64
69
57
57
69
48
36
64
60
48
36
60
64
69
59
59
69
64
60
45
33
60
64
33
57
69
45
57
69
64
60
60
64
59_69
59
69
47_60_64
35
35_60
47_64
57
69
57
69
64
36_48_60
60
64
59
69
59
69
60
64
60
64
57_69
57
69
64
60
60
64
59_69
59
69
64
60
60
64
57
69
57
69
64
60
60
64
59_69
59
69
60_64
60
64
69
57
57
69
39
62_65
39
40
40
41
62
41
40
69
65
60
40
41
41
40
60
65_69
62
40
41
48
36
40_41
62
69
40
59
41
65
41
40
59
65
40_62_69
41
41
40
40
62
41
69
60_65
41
40
40
60
41
65_69
62
41
40
40
41
62
69
59_65
41
40
40_59
41
69
65
62
40_41
40
41
62
69
60_65
41
40
40
60
41
65_69
62
41
40
62
40
41
69
65
59
41
40
59
40
69
41_65
62
40_41
62
40
41
69
60_65
41
40
60
69
65
62
40
41
62
41
40
65
69
59
40
41
59
69
40_41
65
62
40
62
41
41
69
65
40_60
40
60
41_69
65
41_62
40
40
41
62
65
41_59_69
40
40_59
41
69
65
62
40_41
40_62
41
65_69
60
41
40
60
69
40
41_65
62
41
40
62
65
40
69
41
59
69
41
59
52
40
40
41_52
53
41
40
53
52
40
41
52
53
41
40
52_53
40
41_52
53
40_41
52_53
40
41_52_53
40_41
52_53
40_41_52
53
41
40
52
53
40
52
41
53
41
40
53
52
41
41
40
52
38
50
38
40
50
52
40
38
52
50
38
40
50
52
40
38
50_52
38_40
50
52
40
38
52
50
38
40
50_52
38
40
50_52
38
40
52
50
38_40
52
50
38
40
50
52
38_40
50
52
38
50
36
48
36
38
48
50
38
36
50
48
36
38
48
50
38
36
48_50
36
38
48_50
38
36
50
48
36_38
48_50
36_38
50
48
36_38
48_50
36_38
50
48
36
38
48
50
38
36
36_50
38
36_38
48
36
48
35
47
35
36
47_48
36
35
48
47
35
36
47
48
36
35
48
47
35_36
47
48
35_36
48
47
35
36_47_48
36
35_48
47
35_48
36_47
35_36_48
35
36
48
36
48
35
47
35
47
33_45
33
45
65
60
60_65
60_65
45
53
60
65
63
57
57
63
45
53
63
52
48
57
52
48
57
63
64
60
60
64
29
41
29
41
63_71
63_71
71
63
55
47
71
63
68
59
59
68
47
55
53_68
59
53
59
68
69
69
40_52
40
52
77
74
74
77
77
74
64_65
74
65_77
75
68
68
64
75
68_75
62
59
68
75
62
76
59_74
74
76
52
64_76
74
74
76
68_77
52
68
64_77
77
68
62
59
68_77
62
59
75
74
74
75
75
64_74
52
64
52_74
75
76
68
68
76
45
57
45
57
76
74
74_76
76
74
57_64
57
64
74
76
77
72
72
77
62
72_77
50
62
50
77
72
78
72
72
78
78
43_55_72
43
72
55
78
79
71
71
79
55_62_71_79
62
55_71
79
74
70
70
74
74
70
60
48
60
70
48
74
70_76
70
76
70_76
41
53
41
70
76
53
69_77
69
77
77
69
60
53
77
69
53_60
69_72
69
72
72
69
53_59
69
53
72
59
74
69
69
74
69_76
60
52
76
52
60
69
72
72
63_72
54
52
72
63
52
71
54
71
71
62
56
52
52_56
62
71
64
64
45_57
45
57
77
72
72
77
77
65_72
57
72
77
75
69
69
75
65
57
64
60_75
64
69
60
75
69
76
76
53
53
83
75
75
83
83
75
67
59
83
75
80
71
71_80
65_67
80
59
65_71
71
80
81
81
52_64
52
64
89
86
86_89
89
86
64_76
86_89
64
76
80_87
80
87
74_80_87
71
80
87
71
74
88
86
86
88
76
64_88
86
86
88
64
89
80
76
80
89
74
89
71_80
80_89
71
74
87
86
86
87
87
76
64
86
76_86
64
87
88
80
80
88
57_69
57
69
88
86
86
88
69_76
86_88
69
76
86_88
89
84
84
89
74_89
62_84
74
62_89
84
90
84
84
90
55
67_90
84
55
84
67
90
91
83
83
91
67_74_91
83
74
67
83
91
86
82
82
86
86
82
72
60
72
60_82
86
88
82
82
88
53
65
82_88
53
82
65
88
89
81
81_89
81_89
65_72
81_89
72
65
81_84
81
84
84
65_71
81
65_71
81
84
86
86
88
52_81
64
52
64
88
81
84
84
66
75_84
64
84
75
64
66
83
83
68_83
74
64
64
68
74
83
76
76
45_57
45
57
84
81
81
84
80
84
57_69
84
80
79_84
79
84
57
69
65_78
84
60
65
60
84
78
77_84
84
77
83
77
56
44
44_77
56_83
83
76
76
83
75_83
68
56
75
83
83
76
56
68
83
76
64
59_77_83
64
59
77
83
83
76
83
76
87
43_55_82
88
88
43
82_87
55
82
79
79
82
78_82
67
55
82
78
77_82
77
82
67
55
63
76_82
58
63
76_82
58
82
75
75
82
75_81
42_54
42_54_81
75
81
74
74
81
73_81
66
54
73
81
74
81
54
66
74_81
62
75
57_81
62
57
75
81
74
74
80_85
41
53
41
80
85
53
80
77
77
80
80
76
65
53
76
80
75_80
75_80
53
65
61
56
80
74
61
74
56
80
80
73
40
52
40
73
52
80
79
52_64
52
79
64
79
72
50
72
79
50
65
65
80
71
71
48
48
64
64
80
81
69
81
69
71
69
38_50
38
69
50
71
77
65
65
77
57_59
50
57
59
50
77
65
65
77
38_71
50
69
38
69
50
71
77
65
77
65
52
40_71
68
52
40
68
71
76
64
64
76
33_45
33
45
72
69
69
72
68_72
57
45
72
68
67_72
67
72
45
57
53
66_72
48
53
48
72
66
65
72
65_72
71
32_44_65
65
71
32
44
71
64
64
71
63_71
44_56
63_71
64_71
44
56_71
64
52_71
65
47
52
47
65
71
64
64
31_43_70_75
31
70
43
75
67_70
67
70
70
65
55
43
65
70
70
64
66
64
66
55_70
43
51
46
64_70
51
46
64_70
63_70
70
63
69
30
42
63
30_69
63
42
62_69
62
69
61
69
54
42
61
69
62
69
42_54
62_69
50
69
45_50_63
45
63
69
62
62
73
68
29_41
29
68_73
41
68
65
65
68
68
64
53
41_64
68
68
63
68
63
41_53
49
68
44
62
49
44
62
68
68
61
28
40
28
40
61
68
67
52
40
52
40_67
67
60
38
60
67
38
53
53
68
59
59
36
36_68
52
52
69
57
69
57
59
26_38_57
26
38_57
59
65
53
53
65
38_47
47
38
65
53
53
65
59
26
38_57
26
38
57
59
65
53
53
65
56_59
40
28
28
40
56
59
64
52
52
64
59
57
29
41
29
41
57
59
63
51
51
63
71
69
41_53
69
41
53_71
75
63
63
75
54_68_72
42
68
42
72
54
75
63
63
75
55
71
43_67
55
43
67
71
75
63
63
75
31
43
71
67
31
43
67
71
75
63
63
75
55_71
43
67
55
43
67
71
74
62
74
62
31_43
61
59
60
31
60
43
59
61
53
65
53
65
73
71
43_55
71
43
55
73
77
65
65
77
74
56
70
44
44
70
74
77
65
56
65
77
73
69
57
45
57
45
69
73
77
65
65
77
73
45_69
33
33
45
69
73
77
65
77
65
73
57_69
45
57
45
69
73
76
64
76
64
63
33_45_61
33
45
61
63
55_67
55
67
75
73
57
45
73
45_75
79
57_67
67
79
76
58_72
46
72
46
76
79
58_67
67
79
59_76
47_71
47
71
76
59
67_79
67
79
78
76
60
48
76
48
78
60
82
70
70
82
61
75_79
49
75
49
79
61
82
70
70
82
78
50_62_74
50
74
62
78
83
71
71
83
51_63
81
77
60
57
51
57
77
60
81
84
72
63
72
84
64_81
52_60
76
57
76
52
57_60
81
64
84
72
72
84
65_81
60_75
53_57
53
65
57_60
75_81
72_84
72
84
66
57
54_59_83
81
81
54
83
57_59
75_87
66
75
87
60_65_84
53_57_81
65
53_60_81
57
84
75_87
75
87
89_93_96
28
40
28
40
96
89
93
88
88
86_93
89
45
33
33
45
93
86
89
84
84_85
85
89
83_86
47
35
35
47
83_89
86
81
81
86
79_83
38_50
38
50
86
79
83
77
77
80_83
41_53_76
41
53
83
76
80
74
74
52_80
40_76
72
52
40
72
80
76
71
71
28
40_89_93_96
28
40
89_96
93
88
88
93
45_86_89
33
33
45
93
86
89
84
84
35_47
83_89
86
35
47
89
83
86
81
81
86
79
38_50_83
38
50
86
79
83
77
77
83
53_76_80
41
83
41
76
53
80
74
74
80
72_76
52
40
40_52
72
76
80
71
71
71
39
51
39
51
71
78_83
81
78
83
81
83
66
57_59
57
83
95
57
90_93
66
59
95
57
93
90
83
83
83
78
83
78
72
39
51
39
51
72
78
84
81
78_81
84
66_84
57
60
84
96
90_93
96
57_84_90_93
66
60
84
84
78_81
81
84
78
72
40
52
40
52
72
76
81_84
76
81
84
69_84
60_64
84
88_96
93
69
60
92
64
96
88
92
93
84
84
84
76
81
76
84
81
71
40
52
40
52
71
76_80
83
76
80
83
83
68
59
64
83
88_92_95
95
88
64
68
92
83
59
83
83
76
80
76
80
83
33_100
93_96
45
33
45
100
93
96
91
91
96
36_48_89_93
36
48
89
93_96
88
88
38_50_93
86_89
38
50
86_93
89
84
84
89
41_53
83_86
81
41
81
53
89
83
86
81
81
53_65_79_86
83
53
65
86
79
83
77
77
64_83
76
52_80
64
52
76
80
74_83
74
100
93
33_45_96
33
45
100
93
96
91
91
96
36_48_89_93
36
48
89
96
93
88
88
38_50_93
86_89
38
50
93
86
89
84
84
89
83_86
41_53
41
53
89
83
86
81
81
65_86
53_79
83
53
65
79
83_86
77
77
64_83
76_80
52
64
52
76
83
80
71
71
71
39
51
51
39
71
78
81_83
78
83
81
51
57
59
51
66
83
57
59_66
83
90_95
93
95
93
83
90
83
83
79
77
77
79
83
72
39_51
39_51
72_78
84
81
78
81
84
51
57
60
51
84
66
94
57
60_94
66
84
90_96
93
96
84
90_93
84
84
81
78
81
78
84
73
40
52
40
52
73
79
82_85
79
82_85
85
61_67
58
85
97
91_94
91
97
85_94
67
85
61
58
79
85
82
79
79
79
85
82
74
41
53
41
53
74
80
83_86
80
83
86
86
59_68
62
86
92_95_98
98
95
86_92
84
86
84
59
62
68
80_83_86
83
80
86
53
57
59
75
63
53
57
69
59
75
63
81_83_87
81_83_87
87
99
87
99
69
69
57
69
57
57_69
57
69
69
57
57
69
69
57
57
69
69
57
69
57
69
57
57
69
69
57
57
69
72
64
57
52
57
52
72
64
69
65
50_57
65
57
50
69
72
57
52
64
64
57
52
72
74
62
53
57
62
74
53_57
72
57
52
64
57
52
72
64
71
71
69
65
50_57
50
65
57
69
72
64
57
52
64
72
52
57
74
69
62
57
53
53
57_62
69
74
76
64
52_69
60
52
60
64
76
69
52_59_62_64_68
59
52
62
64
56
56
28_40_56
40
68
56_62
62_64
64
28
71
71
33
33
45
45
52
57
57
60
64
60
69
52
64
69
