45
69
64
60
70
71
72
64_69
52_57_60
73
74
75
76
45_69_74
77
78
79
80
53_57_62_74_77
81
82
83
84
33_45_76_81
85
86
87
88
52
57_60_81_84
89
88
87
86
57_60_76_81
64
85
84
83
82
72_76_81
80
83
81
80
76
40_71
79
78
77
52_59
62_76
68_71
75
77
76
45
75
69_72
74
73
72
52_57_60_64
69
71
72
74
72
52_59_68
64_71
72
71
72
53_59_63
71
69
72
71
72
52
71
64_68
76
75
74
68
62_73
72
71
70
45_69
60_64
70
71
72
73
64_69
52_60
57
74
75
76
45_69
74_77
78
79
80
53_57_62_74_77
81
82
83
84
33_45_76_81
85
86
87
88
52_57_60_84
81
89
88
87
86
57_60_64
85
76_81
84
83
82
72_76
81
80
83
81
47_79
71_76
80
81
82
76_79
67_83
59_64
84
83
82
75_78
47
81
80
79
78
59_66_69_71_75
77
78
79
78
71_76
52_64_68
77
75
76
69
40_52_65
74
76
73
74
72
64_69
74
71
72
40_71
52_68
62
72
70
71
45
69
60_64
70
71
72
52_57_60
64_73
69
74
75
76
45
74_77
69
78
79
80
53_57_62_74_77
81
82
83
84
33_45
76_81
85
86
87
88
52_60_81_84
57_89
88
87
86
57_60
64_76_81
85
84
83
82
76
72_81
80
83
81
71_76
80
40
79
78
77
76
52_59_62_68_71
75
77
76
45
75
69_72
74
73
72
52_64_69
57_60
71
72
74
72
52_59
64_68
71
72
71
72
59
53_63_69
71
72
71
72
52
71
64_68
76
75
74
73
62_68
72
71
70
45
69
60_64
70
71
72
52_73
57_60
64_69
74
75
76
45_69_74
77
78
79
80
53_57_62_77
74
81
82
83
84
33_45_76_81
85
86
87
88
84
52_57_60_81
89
88
87
86
57_60_64_76
81_85
84
83
82
76_81
72
80
83
81
82
38_50_74_77
83
84
85
86
50_53_58_62_77_82
87
88
89
40_52
88
80_86
89
90
91
52
59_62
86_92
93
94
95
41_53
93
89
84
92
91
90
57_65
60_84_89
81
88
87
86
36_48
76_81
85
84
83
82
52_57_76
64_72
81
80
79
78
77
38_70_74
76
75
74
73
65_70
50_53_58_62
74
77
74
57_60
52_71
64_69
72
76
72
52_68
70
62
71
76
71
57
45
69
60_64
70
71
72
73
40_52_64_68
74
75
76
33_45
81
69_72
80
79
78
77
76
75
74
36_48
73
64_70
72
71
72
70
64
73
48_55_60
74
75
76
41
69
77
78
79
80
72
48_57
81
60
76
77
74
36_70
73
72
71
72
48_55_60
73
64_70
74
75
76
37_68
77
65
78
79
80
71
79
49_56
59
78
77
76
72
38_75
74
73
74
60_72
57_66_75
50
76
77
78
43_70
79
80
81
82
50_55_58_74
81
78
79
75
38
74
72
75
73
74
75
50_57_60_66_72
76
77
78
67_70
79
39
80
81
82
51_58_61
73
81
80
79
78
40
77
74
76
75
76
52_62
59_77
68_74
78
79
80
45_72
81
82
83
84
52_60_64
57
76_83
82
81
80
74
79
40
78
77
76
52
77
59_62_68_74
78
79
80
45
57_81
72
82
83
84
55
85
43_76_81
86
87
88
41
53
89
81
88
87
86
47_59
85
77_81
84
83
82
74_77
81
80
79
78
52_64_68_74
77
76
75
76
79_87
39_51
86
85
84
45_57
83
75
79
82
81
80
75
79
72
78
77
76
50_62_66_72
75
74
73
74
43_55
86
79_82
85
84
83
51_63_73_79
82
81
80
79
50_62_74
78
69
79
80
81
45_57
82
72_77
83
84
83
41
53
86
77_81
84
82
81
49_61
80
71_77
79
78
77
48_60
76
67_72
77
78
79
43_70_75
55_80
81
82
81
39_51_75
84
75_79
82
81
80
75
51_63_70
79
78
77
76
67_70
75
74
73
72
39_51
70
61_67
69
68
67
38_50
66
57_62
67
68
69
39_70
45_61_67
69
68
67
38_50_57_62
66
67
68
69
39_45
70
61_67
69
68
67
38_66
50
57_62
67
68
69
47
41_72
63
71
70
69
40
52
68
59_64
69
70
71
47
41_72
62_69
71
70
69
40
52_59_64_68
88
80_83
89
86
88
84
76_81
86
83
84
76
72_81
83
79
81
77
69_72
79
76
77
81
86
88
84
86
83
74_77
84
81
83
80
71_74
81
77
79
71
68_76
77
75
76
81_84
86
83
84
72_76
81
83
79
81
72
69
77
79
76
77
65_69
74
76
72
74
62_65
71
72
69
71
59_62
68
65
63
64
65
66
67
68
69
45_64
60
70
71
72
52_57_60
73
64_69
74
75
76
45_69
74
77
78
79
80
53_57_62
74_77_81
82
83
84
45_76_81
85
86
87
88
52_57_60_84
81
89
88
87
86
57_60
64
85
76_81
84
83
82
76
81
72
80
83
81
71_76
80
40
79
78
77
76
52_59_62_68_71
75
77
76
45
75
69_72
74
73
72
52_57_60_64_69
71
72
74
72
52
68_71
59_64
72
71
72
53_59_63_69
71
72
71
72
52
68_71
64
76
75
74
62_68
73
72
71
70
45_69
60_64
70
71
72
52_57_60
73
64_69
74
75
76
45_69_74
77
78
79
80
53_57_62
74_77
81
82
83
84
33_45
85
76_81
86
87
88
52_57_60_81
84_89
88
87
86
57_60_64_76_81
85
84
83
82
72_76
81
80
83
81
38_50
77_82
74
83
84
85
86
50_53_58_62_77_82
87
88
89
88
40_52_80
86
89
90
91
52_59_86
62_92
93
94
95
41_53
84_93
92
91
90
57_60_65_84
81
89
88
87
86
36_48_76_81
85
84
83
82
52_57_64_76
81
72
80
79
78
70
77
38_50_74
76
75
74
73
50_53_58_62_65_70
74
77
74
52_57_60_69
71
64
72
76
72
52_59
68_70
62
71
76
71
45_57
69
60
70
71
72
41_53
62_69_73
74
75
76
69
74_77
78
79
80
52
40_81
74_76
82
83
84
45_72_76
33_81
82
83
84
29_41_74_81
85
86
87
88
81_86
89
90
91
92
86_88
28_40
93
94
95
96
33_84
45_88_93
92
91
90
89
81_86
88
87
86
85
77_81
84
83
82
77
81
74
80
79
78
77
69_74
76
75
74
65
69_73
72
71
70
62_65
69
68
67
66
62
57
65
64
63
62
57_61
52
