56
44_68_80
78
76
75
73
49_85
37
75
72
73
75
66_69
76
73
75
68
64_76
78
75
76
78
63
80
76
78
61_64_80
81
80
85
57_66
61_78
80
78
85
56_64_76
61
78
76
85
63_75
54_61
76
75
85
49
56
73
64
80
88
81
44
54
60
72
78
87
80
49_61
52_68
76
85
78
56
44_68
75
84
76
61
85
73
49
37
69
57
45
81
56_68
44
80
67
43_55
79
56
44_68
80
37
49
61
73
63_75
51_61_67_70
49
47
46
44_59
63_68_71
46
43
44
46
61_63
67
47
44
46
68
47_59
63
49
46
47
61_64_68
49
51
47
49
51_59_63_68
52
51
56
61_68
64
49
51
49
56
68
63
47
49
47
56
46_70
61_63
47
46
55
44_71
59_63_68
52
59
51
87
75_82
43
52
58
51
44
75
83
52
59
51
63
43_70_75
52
58
51
44_71
56_63
64
61
67
59_63
68
67
64
70
63_66
71
66_69
72
68
64
73
66
56_72
63
75
61
64_73
75
72
73
75
66_69
76
73
75
68
76
64
78
75
76
78
66
63
80
76
78
80
61_64
81
80
85
57_61_66_78
80
78
85
76
64
56_61
78
76
85
75
63
61
54
76
75
85
49
56
73
64
80
88
81
44
54
60
72
78
87
80
45
52
69
61
75
85
76
62_65
53_59_68
73
83
74
66_69
61
54_57
73
50_81
78
61
49_81
85
57
93
45
90
54
42
85
81
37_49
78
73
50
38_69
66
62
57
41
59_62_68
42
40
41
42
66
44
41
42
65
44
45
42
44
66
45
57_62
47
45
47
41
59_62_68
42
40
41
42
66
44
41
42
65
44
45
42
44
61_66
45
47
45
47
48
66_75
69
49
46
48
73
49
51
48
49
51_72
52
49
51
52_64_68_73
54
51
52
54_63_69
56
52
54
68_72
56
57
56
54
68_73
52
64
51
49
47
64
68_73_85
45
44
42
40
39
67
68
65
67
63
68
59
70
67
68
61
70
58
71
68
70
56
59_71
73
70
71
51_58
55_73
75
73
82
56
59
51_71
73
71
80
70
61
51_58
71
70
79
64
52
68
70
68
80
43
73
70
64
44
42
43
63
68
44_71
46
43
44
70
46_61_67
47
44
46
63_68
47_59
49
46
47
67
49_58_64
51
49
58
47_68
63
59
49
47
56
46_70
61
63
47
46
55
63_75_87
45
46
45
54
53
69
41
70
68
69
61_70
65
72
69
70
72
60_63
73
70
72
58
61
73
75
72
73
60
57_75
53
77
75
84
61
53_58
73
75
73
82
60_63_72
53
73
72
81
66
54_70
72
70
82
45
66_75
46
44
45
46_70_73
65
48
45
46
48_63_69_72
49
46
48
49_61_65_70
51
48
49
50_59_65_68
51
49
50
51_58_63_66
53
50
51
58_61_65
53
54
52
53
54_58_60_64
56
53
54
53_57_60_65
66
64
65
52_61
66
58
68
65
66
61
51
58_67
68
66
67
44_56_68_80
70
67
68
56_60
63
70
67
68
61_69
55_64
70
68
69
54_70
61_64
71
69
70
59_71_83
47
72
70
71
59_63_66
72
70
71
59
72
64_67
73
71
72
73
59_65_68
74
72
73
66
69
74
59
75
73
74
59_67_70_75
76
74
75
68_71_76
59
77
75
76
59_69_72
77
78
76
77
70
59_78
73
79
78
76
59_71
75
76
74
75
76
67_71
78
66
67_75
59_76
81
60
83
80
81
69_74
66
76
65
66
73
57_74
59_74_79
81
78
79
67_72
64
63_74
64_71
55_72
57_73_78
79
77
78
66
63_71
62_72
63_70
54
71
76
71
55
57_72
54
69
55
71
69_74
54
55
71
52_67
69
54
72
52_67
54
69
50
66
52_67
66_71
50
67
52
48
64
50
66
48_64_69
66
50
47_62
64
48
47
62_67
48_64
45
60
47_62
60
45_66
62
47
43
59
45_60
43_59_64
45
60
57
42
43_59
41_56_59_68
62
68_71
59
49
50
48
49
49
50
48
49
68
71_80
49
50
48
49
49
50
48
49
71_80_83
49
50
48
49
80_83_92
49
50
48
49
49
50
48_83
78_90
49
89
77_83
50
80_83
74
85
71
83
92
65
77
80
71_82
68_80
62_89
74_77
78
68
77
65
86
59
74
71
65_76
62_74
56_83
68_71
62_73
59
71
80
53
68
65
59_70
56
68
50_77
62_65
56_66
65
53
47_74
70_73
43_61
61
73
51_70
52
50
51
51
52
50
51
82
70_73
51
52
50
51
51
52
50
51
73_82_85
51
52
50
51
82_94
51_85
52
50
51
51
52
50_80_92
85
51
85_91
79
52
79_85
87
73
70
85
94
64
82
76
70_84
67_82
61_91
73_79
67_80
64
79
58_88
70_76
78
64
61_76
55_85
67_73
61_75
58
73
52
82
64_70
58_72
70
55
49_79
61
67
68
55
52_67
76
46
63
47
75
51
76
55
75
56
58_73
59_71
61_70
63_68
64_67
58
68
55
67
49
76
61_64
55_66
52_64
46_73
47_63
51_75
55_76
56_75
58_73
59_71
61_70
63_68
66_69
60_70
57
69
51_78
63_66
57_68
54_66
48_75
49_65
77
53
57_78
77
58
60_75
73
61
63
72
65_70
68_71
62_73
59
71
80
53
68
65
59
70
56_68
50_77
72
69
73
63
60
72
54_81
66_69
60_70
69
57
78
51
73
70
75
64
61_73
55_82
70
67
72
61
58_70
52_79
56_63_66_69_72
75
78
81
68_84
87
90
93
96
87
88
92
90
84
72
85
76_88
87
75
66
78
68_80
71_83
69_81
72
60
73
61
64_76
63
75
54_66
56_68
59
71
57_69
54
66
50
62
49_61
36_48_56_63_66_68
63
64
65
66
65
66
67
68
66
67
68
69
63
64
44
51
54
65
60
66
64
65
66
67
65
66
67
68
66
67
68
69
63
64
44
51
54
60_65
66
64
65
66
67
65
66
67
68
66
67
68
69
67
68
69
70
68
69
70
71
69
70
71
72
70
71
72
44
42_73
40_71
39_72
37
73
75
72
73
66_69_75
76
73
75
64_76
68
78
75
76
63_66_78
80
76
78
61_64
80
81
80
85
57_66_78
61
80
78
85
56_61_64_76
78
76
85
63_75
54_61
76
75
85
49_56_64_73
80
88
81
44_54_60_72
78
87
80
49_52_61_68
76
85
78
44_56_68
75
84
76
37_49_85
73
45_57_69
81
68
56
44
80
67
43_55
79
44_56_68
80
37_49
61
73
75
51_61_63
67_70
49
47
46
44_59_68_71
63
46
43
44
61
63
46_67
47
44
46
47_68
59_63
49
46
47
68
61_64
49
51
47
49
51
68
59_63
52
51
56
49_61_64_68
51
49
56
63_68
47
49
47
56
61_63_70
46
47
46
55
44_59_63_68
71
52
59
51
75_82_87
43
52
58
51
75_83
44_80
52
59
51
63_75
70
43
52
58
51
71
44_56_63
64
61
67
59_63
68
64_67
70
63
66
71
66_69
72
64_68
73
66_72
56_63
75
61_73
64
75
72
73
66_69_75
76
73
75
64_68_76
78
75
76
66
63_78
80
76
78
61_64
80
81
80
85
57_61_66_78
80
78
85
56_64_76
61
78
76
85
75
54_61_63
76
75
85
49_56
64
73
80
88
81
45_54
63
72
78
87
80
45_52
61_69
75
85
76
62
53_65_68
59
73
83
74
69
54_66
61
73
50_62_81
78
81
61
49
85
45_57
93
90
54
42
85
81
37_49
78
73
38_50_69
66
62
57
41
62_68
59
42
40
41
42
66
44
41
42
44_65
45
42
44
66
45
57_62
47
45
47
41
59_68
62
42
40
41
66
42
44
41
42
44_65
45
42
44
45_66
61
47
45
47
75
48_66_69
49
47
48
49
73
51
48
49
51
72
52
49
51
64_69
52_73
54
52
54
48_66_69
75
49
47
48
73
49
51
48
49
51_72
52
49
51
73
71
53_61_68
54
52
53
61_66
54_69
73
56
53
54
71_73
56_65
57
54
56
73
66
57_69
59
56
57
66_69_75
60
61
59
60
64
61_68_76
63
60
61
68_72_78
63
64
61
63
64_73_80
68
66
63
64
73_75_81
66
68
64
66
68_73_76_80
69
68
66
64
63
61
59
57
73_76_80_85
56
54
52
51_76_80_85_88
49
47
45
85
44_80_88_92
42
40
39
37_92_97
85_88
35
33
32
30_42_81_85_87_93
60_66_68_72
32_44
61_73
64_68
25_37
80
44_56
81
37_80
88
58
46_79
80
37
79
88
80
45_57
78
80
37_78
87
44_56_77
78
77
37
86
44_55_76
78
37
76
85
44_54_75
76
37
75
85
44_51_75
76
37_75
84
44
52_73
75
37
73
85
44_56
80
81
37_80
88
58_79
46
80
37
79
88
45_57_78
80
37
78
87
44_56_77
78
37
77
86
44
55_76
78
37
76
85
44
54_75
76
37_75
85
44_51_75
76
37_75
84
37_44_52_73
75
73
85
80
68
67_81
68_80
56
88
67
79
66
80
67
79
56_88
66
78
65_80
78
66
56_87
65_77
64
78
77
65
56
86
64_76
63
78
64
76
85
56
63
75
62
76
63_75
56_84
62_74
61_75
74
62
56_83
61_73
60
74
61
73
44_82
60_72
59
73
60
72
44_81
71
59
58
72
59
71
80
44
58
70
57_71
58
70
79
44
57
69
56_70
57_69
44_78
56_68
55
69
68
56
44
77
55_67
68
54
67
55
44_76
54_66
53
68
54_66
44
75
37
64
73
44
52
56
64
61
61
68
76
73
73
80
88
85
85
92
97
49
56
64_100
92
85
85
88
80
73
73
76
68
61
61
64
56
49
49
37_49
49_56_64_73_76_80
85
37_49_61
37_49_61
25
