82
70
79
39
87
51
58
70
67
79
82
51
70
58
79
67
81
51
70
58
79
67
82
51
70
58
79
67
84
51
70
58
79
67
82
50
70
58
80
68
89
50
70
58
80
68
82
50
70
58
80
81
68
50
70
58_80
68
82
50
70
58
80
68
84
50
70
58
80
82
68
51
70
79
58
67
91
53
74
58
82
86
62
68
70
55
58
63
82
67
87
43
71
51
75
59
86
44
72
51
75
84
60
72
45
77
53
63
89
46
70
55
79
63
87
46
72
54
78
57_81
87
63
46
70
53
77
82
58_86
62
48
70
55
76
79_85
58
64
48
68
56
77
80
65_84
72
48
79
82
60
88
67
72
80
41
89
53
72
60
80
68_84
71
60
80
83
68
53
72
60
80
84
68
53
73
60
80
85
68
53
72
60
80
68
84
52
72
58
79
82
60
67
91
52
58
72
60
79
82
67
84
52
58
71
82
60_79
83
67
52
72
58
79
60
82
84
67
73
52
58_79
82
85
67
52
58
72
79
82
84
67
53
72
56
80
84
60
68
92
55
75
58
82
63
87
91
70
56
75
63
84
87
89
72
75
56
83
87
65
89
71
58
74
82
65
70
89
58
74
80
65
68
91
63
75
79
67
87
57
66
75
72
78
87
58
74
65
70
77
86
52
70
61
79
67
85
53
68
60
80
65
84
46
68
53
77
56
86
62
67
39
75
87
51
58
70
75
67
82
51
70
58
75
81
67
70
51
58_75
82
67
70
51
58_75
84
67
51
70
58
75
67
82
50
70
58
80
68
89
50
70
58
80
68
82
50
70
58
80
68
81
70
50
58
80
82
68
70
50
58
80
68
84
50
70
58
80
68
82
51
70
58_79
82
67
91
53
58
74
82
62
86
68
55
75
58
63
82
70_87
71
43
75
51
59_86
44
72
51
75
60
84
45_72
77
53
89
63
46
70
55
79
63
87
46
72
54
78
81
57
87
63
46
70
53
77
58
62_82
86
48
70
55
76
79
58
85
64
48
68
56
77
80
65
84
48_72
79
55
82
60
88
67
72
80
41
89
53
72
60
80
68
84
53
71
60
80
68
83
53
72
80
60
68
84
53
73
60
80
85
68
53
60
72
68
80
84
52_72
79
58
82
60
91
67
52
72
58
79
60
82
67_84
52
71
58
79
82
67
83
52
72
58
79
60_82
84
67
52_73
58
79
82
85
67
52
72
58
79
67_84
82
53
72
56
80
84
60
92
68
55
58
82
87
63
91
70
75
56
84
63_87
89
72
75
56
87
65_83
71_89
58
74
65
82
70
89
74
58
80
91
68
75
63
79
67
87
51
58
75
78
66
87
51
71
59
78
66
87
52
61
76
64
85
54
66
59
75
63
78
54
66
61
73
64
82
66
47
75
54
83
63
47
66
75
54
63
78
47
65
54
75
77
63
66
47
75
54
78
63
66
45
75
54
80
63
66
45
73
54
61
81
44
66
54
72
81
60
44
66
72
54
80
60
44
66
72
54
79
60
66
44
72
54
80
60
48
68
56
78
85
66
68
48
56
78
87
66
68
49
76
56
88
64
49
68
56
76
64
80
49
67
56
76
64
79
49
68
56
76
64
80
68
47
56
76
82
64
68
75
56
83
63
68
46
74
56
83
62
68
46
74
56
82
62
68
46
74
81
56
62
68
46
74
82
62
70
50
80
58
87
68
70
50
80
58
89
68
70
51
78
58
90
66
51
70
58
78
66
82
51
70
58
78
66
81
51
70
58
78
82
66
70
49
76
58
83
64
70
49
76
58
85
64
47_66
75
54
87
63
47
66
54
75
78
63
47
65
75
54
77
63
66
47
75
54
78
63
66
46
75
54
80
63
66
46
73
54
82
61
63
44
71
51
59
83
44
63
51
71
59
75
44_62
50
71
74
44_63
51
71
75
59
64
44
52
71
76
59
63
44
71
51
75
59
44
64
71
52
76
59
65
44
71
53
77
59
44
64
71
52
76
59
65
44
71
53
77
59
45_66
71
54
78
59
45
63
51
71
75
59
70_74
62
34
46
68
62
77
82
46
53
68
62
76
82
46
53_68
62
77
82
46
53_68
79
63
82
46
68
53
74
65
82
46
67
75
55
82
63
46_69
75
54
84
63
46
75
54
83
63
69
46
75
54
84
63
69
46
75
53
86
63
46
75
53
84
63
74
82
34
89
46
53
68
62
77
82
46
68
61
76
82
46
53
68
62
77
82
46
68
53
79
63
82
68
46
80
53
82
68
65
74
82
46
67
75
55
82
63
69
46
75
54
84
63
69
46
75
54
83
63
69
46
75
54
84
63
69
46
75
53
86
63
69
46
75
53
84
63
74
82
34
89
46
53
68
62
77
82
46
53
68
61
76
82
46
53
68
62
77
82
46
53
68
63_79
82
46
68
53
77
62
82
46
69
54
78
63
83
46
69
54
78
63
83
46
69
54
62_77
83
46
69
54
78
63
83
46
69
54
80
65
83
46
69
54
78
63
83
46
70
55
79
64
84
46
70
55
79
64
84
46
70
55
78
63
84
46
70
79
55_64
84
46
70
55
81
65
84
46_70
79
55
84
64
46
72
77
53
81
57
84
63
74
46
80
53
56_89
62
73
46
53
80
56
88
62
74
46
80
53
89
56
62
74
46
53
84
56
92
74
46
82
91
56
62
70
79
39
87
51
58
70
79
67
82
51
70
58
79
67
81
51
70
58
79
82
67
70
51
79
58
86
67
84
51
58
70
67
79
82
50
70
58
80
68
89
50
70
58
80
68
82
50
70
58
80
81
68
50
70
58
80
82
68
70
50
80
58
86
68
84
50
58
70
68
80
82
51
70
58
79
63
82
67
91
53
58
74
62_82
86
68
70
55
75
58
82
63
67
87
43
71
75
51
59_86
44
72
51
75
84
60
72
45
77
53
89
63
70
46
55
79
63
87
79
46
72
54
78
57
81
87
63
70
46
53
77
82
86
62
58
48
70
55
76
79
85
58
64
48
68
56
77
80
84
65
72
48
79
55
82
88
67
72
80
41
89
53
72
60
80
84
68
53
71
80
60
83
68
72
53
60_80
84
68
73
53
80
60
87
68
85
53
60
72
68
80
84
52
72
58
79
60_82
67
91
52
72
58
60
79
82
67
84
52
71
58
79
60
82
67
83
52
72
58
79
60_82
84
67
73
52_79
58
82
60
87
67
85
52
58
72
60
79
67
82
84
53
72
56
80
84
60
68
92
55
58
82
63
87
91
70
56_75
63_84
87
89
72
75
56
83
65
87
89
71
58_74
82
65
70
89
58
77
65
86
68
74
91
58
64
76
67
86
74
91
58
76
64
85
67
91
73
57
76
64
85
67
91
73
57
75
63
85
66
90
73
57
75
63
85
66
73
90
56
75
63
84
66
72_90
75
56
63
84
66
90
72
56
74
62
65
84
72
89
56
74
62
65
84
72
89
55
74
62
83
65
71
89
55
74
62
83
65
89
71
55
73
61
83
64
71
88
73
55
61
83
64
88
71
73
54
82
61
88
64
70
73
54
82
61
88
64
70
72
54
82
60
63
87
70
72
54
60
82
63
70
87
72
53
74
81
60
63
87
69
72
53
81
60
63
87
69
69
53
75
60
65
84
46
68
53
74
56
84
62
46
68
53
74
56
82
62
68
46
74
53
80
56
62
68
46
53_74
56
77
62
39
67
75
51
58
61
67
73
82
51_87
73
61
67
81
87
51
73
67
61
82
87
51
73
67
61
84
87
51
73
61
67
79
87
51
72
60
80
68
87
74
51
80
59
68
89
51
74
80
59
88
68
51
74
80
59
68
89
74
51
80
58
91
68
74
51
80
58
89
68
79
58
87
39
94
51
58
61
67
73
82
87
51
73
61
67
81
87
51
73
67
82
61
87
51
73
84
61
67
87
51
73
58
85
87
61
67
73
79
51
72
60
80
68
87
51
74
80
59
68
89
74
51
80
59
88
68
74
51
80
59
89
68
74
51
80
58
68
91
51
74
80
58
68_89
79
51
87
58
67
94
56
80
63
87
71
95
55
79
62
86
65_95
71
79
60
64_88
70
96
53
81
87
60
63
69
96
58
82
65
86
68
94
74
63
79
67
87
75_91
80
56
87
63
95
71
79
55
62_86
65
95
71
79
60
64
88
70
96
81
53
60
87
63
69_96
58
82
65
86
68
94
74
63
67
91
79
87
75
58
67
75
57
66
75
58
67
75
59
91
80
68
75
58
68
74
89
63
67_87
79
75
46
55
63
45
54
79
63
46
55
63
79
68
47
56
63
46
56
77
62
75
75
67
39
63
43
70
51
79
58
46
67
55_75
82
63
70
51
79
58
87
67
75
82
63
91
70
79
58
87
94
75
82
63
91
70
99
79
68_82
65_74
58
94
46
51
58
87
79
67
99
39
