55
56
55
56
57
57_60
60
58
58
67
67
62
56
46
62
65
56
65
63
55
55
63
55
55
39
58
63
58
63
67
67
39
46
68
68
69
69
72
72
70
70
79
79
74
68
58
74
77
68
58
77
75
58
67
67
75
67
67
70
51
75
70
75
79
51
79
58
80
80
81
84
81
84
82
82
91
91
86
79
70
86
89
79
89
70
87
75
67
87
82
75
67
82
79
79
75
75
70
70
67
67
63
48
55
63
55
60
60
63
63
67
67
65
65
48
63
41
63
56
56
62
62
60
60
41
59
43
59
55
43
55
56
56
57
57
58
58
67
56_67
62
46
62
65
56
65
63
55
55
46
63
55
55
39
58
58_63
63
39
67
67
68
68
69
72
69
72
70
70
79
74_79
68
58
74
77
68
77
75
67
67
58
75
67
70
51
67
75
70
75
79
79
80
80
81
51
84
81
84
82
82
82
82
96
70_79
96
94
79
70
94
91
75
67
91
87
67
75
87
84
84
82
82
79
79
75
75
72
72
70
70
67
67
60
60
62
46_56
62
67
67
46
65
51
65
63
56
63
57
55
57
58
51
55
58
59
59
60
60
61
61
63
63
62
62
70
70
66
60
50
66
69
69
67
58
60
50
58
67
62
62
58
43
58
62
62
67
67
70
70
73
43
75
73
75
74
74
82
82
78
62_72
78
81
81
79
70_72
70
62
79
74
74
55_70
70
74
74
79
79
82
85
82
85
55_86
98
93
98
86
93
96
82
74
96
94
82
74
91
79
70
91
94
79
86
70
86
82
82
79
79
74
74
69
69
72
72
70
70
67
67
62
62
64
58
48
64
68
68
67
56
58
56
48
67
65
65
41_60
60
55
41
55
56
58
56
58
59
59
61
61
60
60_68
68
58
64
48
64
67
58
67
48
65
56
56
65
60
60
41
56
56
60
60
65
65
68
68
71
41
71
73
73
72
72
80
80
76
70
60
76
79
70
79
77
68
60
77
68
72
72
53_68
68
72
72
77
77
80
83
80
83
84
84
53
96
96
91
91
94
94
92
89
92
72_80
74
89
74
72_86
80
86
84
84
80
80
77
77
74
74
72
72
68
68
65
65
62
62
68
68
60
60
59
50
43
59
55
55
56
56
58
56
58
50
56
43
55
55
67
67
55
55
56
56
57
57
58
58
67
67
46_56
62
62
56_65
65
63
55
55
46
63
55
39
58
55
58_63
63
67
67
39
68
68
69
69
72
72
70
70
79
79
74
58_68
74
77
68
77
75
67
67
58
75
67
70
67
51
75
70
75
51
79
79
80
80
81
81
84
84
82
82
91
91
86
79
70
86
89
79
70
89
87
75
67
82
75_87
67
82
79
79
75
75
70
70
67
67
63
48
55_63
55
60
60
63
63
67
67
65
65
48
63
41
63
56
56
62
62
60
60
41
59
43
59
55
55
56
43
56
57
57
58
58
67
67
62
56
46
62
65
56
65
63
55
55
46
63
55
39
55_58
63
58
63
39
67
67
68
68
69
69
72
72
70
70
79
79
74
68
58
74
77
68
77
75
67
67
58
75
67
70
51
67
75
70
75
79
79
51
80
80
81
84
81
84
82
82
82
82
96
79
70
96
94
79
70
94
91
75
67
67
75_91
87
87
84
84
82
82
79
79
75
75
72
72
69
69
72
72
70
70
84
67
58
84
82
67
58
82
79
63
55
63
55
79
75
75
72
72
70
70
67
67
63
63
60
60
57
57
60
60
58
58
72
60
60
72
70
58
58
70
67
55
67
55
63
51
51
63
48_60
48_60
58
46
58
46
67
55
67
55
63
51
51
63
48
60
48
46
60
58
58
55
46
43
43
55
67
55
67
55
63
51
51_63
48_60
48_60
46_58
58
46
55
43
43
55
63
51
51_63
60
48
48
46
60
58
58
55
43
46
43
55
51
39
39
51
50
38
50
38
41_53
41
53
39
51
39
51
37
49
49
53
41
37
41_53
39
51
39
51
36_48
41
36
53
48
41_53
39
51
39
51
47
35
41
35
53
47
41
53
39
51
51
39
34
46
41
34
53
41_53
46
51
51
45
33
41
53
45
53
41
39
51
33
39_51
48
36
41
53
36
48
53
51
41
39
51
46
39
34
55
43
46
34
43
55
39
27
27
39
87
75
58_63
55_67
87
75
67
63
55
58
51_63
39
51
39
63
51_63
39
39_51
63
63
51
39
39_51_63
63
54
35
47_59
35
59
54
63
59
61_64
54
59
61
58
64
58
56
56_58
58
68
58
64
64
68
66
58
59
66
47
59
61
61
63
47
63
66
63
61
61
66
68
63
54_59
58
59
68
71
59_63
58
47
56
47_63
59
71
63
59
47
46
44
46
56
63
44
64
44
37
44
37
59
56
64
68
59
54
56
54
52
52
59_68
61
44
59
52
52
44
37
37
59
52
61
64
59
51_59
52
64
51
49
49
63
52_58
42
58
63
58
61
58
59
59
56
56
56
56
61
56
52
56
62
56
52
30
56
58
54
62
58
30_52
42
54
63
51
47
35
51
63
61
57
57
61
64
61
57
57
61
56
59
64
56
59
57
54
57
54
54_59
57
54_57
56
52
52
56
56
52
52
59
35
47
63
35_56
47
63
61
57
57
61
64
61
57
57
64
61
56
59
56
59
57
54
57
54
54
59
57
54
57
56
52
52
56
56
52
52
35
47
59
61
35
47
56
61
56
59
56
59
63
56
59
59
56
54
58
54
58
56
63
52
52
56
59
56
52
52
56
54
51
51
54
54
51
54_59
51
35
47
49
37
49
37
49
37
49
37
51
39
51
39
39
51
51
39
47
35
35
47
47
35
35_47
30
42
42
30
42
30
30
42
45
33
33
45
46
34
34
46
70
44_58
32
58
70
70
58
58
70
70
58
44
32
42
30
42
30
70
27_39
58
39
27
65
58
38
26
65
56
26
38_58
56
66
56
58
37
25
56
66
54_58
54
25
51
37
51
37
61
54_58
49
54
58
56
59
59
56
58
54
54_58
57
53
57
53
37
61
57
53
42
53
54
49
57
42
54
45
33
33
45
47
35
35
47
50
38
38
50
49
37
49
37
73
47_61
35
61
73
73
61
61
73
35
73
61
47
45
33
33
45
42
73
42
61
68
56_61
41
29
29
61
41
60
48
48
60
48_60
41
48
60
56
58
49
49
58
56
53
60
48
48
60
61
47
47
61
61
47
61
47
60
48
56
48
60
56
61
47
41
61
56
56
41
62
56
62
41
62
56
41_47
41
53
62
61
56
61
56
62
52
40
68
52
62
52
68
62
56
62
68
62_66
62
66
69
66
62
62
66
64
61
61
69
64
62
59
59
62
62_64
59
62
59
61
57
57
61
61
57
64
57
61
68
68
66
62
62
66
69
66
62
62
69
66
61
64
61
64
62
59
62
59
64
62
59
62
59
61
57
57
61
61
57
40
52
66
64
40
52
57
61
66
62
59
59
62
68
62
59
59_62
61
57
68
57
61
56_59
56_59
64
56
59
59
56
61
57
57
61
61
57
57
56_59
61
56
59
54
57
54
57
54_57
54
57
56
59
56
59
56
59
56
59
54_57
54
57
56
59
56
59
52
56
52
64
61
56
40_52
63
54
42
61
63
59
59
64
61
59
59
61
58
58
56
56
58
64
58
68
58
64
68
66
58
64
59
61_66
59
42
61
63
47
63
66
61_63
61
63
66
68
54
59
59
58
68
71
59
63
58
47
56
47
63
71
63
47
46
46
44_56
63
59
44
64
44
59
37
37_44
59
56
64
68
59
54
56
52_68
54
52
59
61
44
52
59
52
44
37
37
59
52
61
64
59
51
59
52
64
49
51
49
63
52
58
42
58
58
63
61
59
58
59
56
56
56
56
56_61
52
56
62
56
52
56
58
54
58
52
62
42_54
63
51
47
35
51
63
61
57
57
61
64
61
57
57
61
64
56
59
56
59
57
54
57
54
54_59
57
54
57
56
52
56
52
52_56
52
56
63
59
63
61
57
57
61
64
61
57
57
61
64
56
59
56
59
57
54
57
54
54_59
57
54
57
56
52
52
56
56
52
52
35
47
59
61
35
47
56
61
56
59
56
59
63
59
56
56
59
54
58
54
63
58
56
52
52
56
56_59
52
52
56
51_54
54
51
54
51
54
59
51
47
35
49
37
49
37
49
37
37
49
51
39
39
51
39
51
51
39
47
35
47
35
47
35
47
35
32
44
44
32
32
44
44
32
33_45
33
45
46
34
58
58
67
67
62
34_46
56
46
62
65
56
65
63
55
55
63
55
55
39
58
63
58
63
67
67
39
46
68
68
69
69
72
72
70
70
79
79
74
68
58
74
77
68
58
77
75
58
67
67
75
67
67
70
51
75
70
75
79
51
79
58
80
80
81
84
81
84
82
82
91
91
86
79
70
86
89
79
89
70
87
75
67
87
82
75
67
82
79
79
75
75
70
70
67
67
63
48
55
63
55
60
60
63
63
67
67
65
65
48
63
41
63
56
56
62
62
60
60
41
59
43
59
55
43
55
56
56
57
57
58
58
67
56_67
62
46
62
65
56
65
63
55
55
46
63
55
55
39
58
58_63
63
39
67
67
68
68
69
72
69
72
70
70
79
74_79
68
58
74
77
68
77
75
67
67
58
75
67
70
51
67
75
70
75
79
79
80
80
81
51
84
81
84
82
82
82
82
96
70_79
96
94
79
70
94
91
75
67
91
87
67
75
87
84
84
82
82
79
79
75
75
72
72
70
70
67
67
60
60
62
46_56
62
67
67
46
65
51
65
63
56
63
57
55
57
58
51
55
58
59
59
60
60
61
61
63
63
62
62
70
70
66
60
50
66
69
69
67
58
60
50
58
67
62
62
58
43
58
62
62
67
67
70
70
73
43
75
73
75
74
74
82
82
78
62_72
78
81
81
79
70_72
70
62
79
74
74
55_70
70
74
74
79
79
82
85
82
85
55_86
98
93
98
86
93
96
82
74
96
94
82
74
91
79
70
91
94
79
86
70
86
82
82
79
79
74
74
69
69
72
72
70
70
67
67
62
62
64
58
48
64
68
68
67
56
58
56
48
67
65
65
41_60
60
55
41
55
56
58
56
58
59
59
61
61
60
60_68
68
58
64
48
64
67
58
67
48
65
56
56
65
60
60
41
56
56
60
60
65
65
68
68
71
41
71
73
73
72
72
80
80
76
70
60
76
79
70
79
77
68
60
77
68
72
72
53_68
68
72
72
77
77
80
83
80
83
84
84
53
96
96
91
91
94
94
92
89
92
72_80
74
89
74
72_86
80
86
84
84
80
80
77
77
74
74
72
72
68
68
65
65
62
62
68
68
60
60
59
50
43
59
55
55
56
56
58
56
58
50
56
43
55
55
67
67
55
55
56
56
57
57
58
58
67
67
46_56
62
62
56_65
65
63
55
55
46
63
55
39
58
55
58_63
63
67
67
39
68
68
69
69
72
72
70
70
79
79
74
58_68
74
77
68
77
75
67
67
58
75
67
70
67
51
75
70
75
51
79
79
80
80
81
81
84
84
82
82
91
91
86
79
70
86
89
79
70
89
87
75
67
82
75_87
67
82
79
79
75
75
70
70
67
67
63
48
55_63
55
60
60
63
63
67
67
65
65
48
63
41
63
56
56
62
62
60
60
41
59
43
59
55
55
56
43
56
57
57
58
58
67
67
62
56
46
62
65
56
65
63
55
55
46
63
55
39
55_58
63
58
63
39
67
67
68
68
69
69
72
72
70
70
79
79
74
68
58
74
77
68
77
75
67
67
58
75
67
70
51
67
75
70
75
79
79
51
80
80
81
84
81
84
82
82
82
82
96
79
70
96
94
79
70
94
91
75
67
67
75_91
87
87
84
84
82
82
79
79
75
75
72
72
69
69
72
72
70
70
84
67
58
84
82
67
58
82
79
63
55
63
55
79
75
75
72
72
70
70
67
67
63
63
60
60
57
57
60
60
58
58
72
60
60
72
70
58
58
70
67
55
67
55
63
51
51
63
48_60
48_60
58
46
58
46
67
55
67
55
63
51
51
63
48
60
48
46
60
58
58
55
46
43
43
55
67
55
67
55
63
51
51_63
48_60
48_60
46_58
58
46
55
43
43
55
63
51
51_63
60
48
48
46
60
58
58
55
43
46
43
55
51
39
39
51
50
38
50
38
41_53
41
53
39
51
39
51
37
49
49
53
41
37
41_53
39
51
39
51
36_48
41
36
53
48
41_53
39
51
39
51
47
35
41
35
53
47
41
53
39
51
51
39
34
46
41
34
53
41_53
46
51
51
45
33
41
53
45
53
41
39
51
33
39_51
48
36
41
53
36
48
53
51
41
39
51
46
39
34
55
43
46
34
43
55
39
27
27
39
87
75
58_63
55_67
87
75
67
63
55
58
51_63
39
51
39
63
51_63
39
39_51
63
63
51
39
39_51_63
