63
63
75
75
63
63
75
75
63
63
62
62
61
61
44
60
61
56
62
51
63
44
56_67
65
51
63
43_58
55
58
51_63
68
41_61
53
68
61
49
40_55
52
55
48
67
40
60
52
67
48
54
39
51
54
47
66
39_59
51
66
47
65
39_53
51
55
57
41
58
37
49_60
61
41
63
36
48
41_65
63
73
70
34
46
73
70
41
39
61_63
55
51
61_63
39
72
68
56
72
51
39
70
61
55
70
51
68
60
44
56
68
51
60
44
61
56
62
51
63
44
67
56
65
51
63
58
43
55
58
51
63
61_68
41
53
68
49
61
55
40
52
55
48
40
60_67
52
67
48
39
54
51
54
47
39
66
59
51
47
66
39
53_65
51
55
57
41
58
37
60
49
61
41
63
36
48
63_65
41
73
70
34
46
73
70
41
61_63
39
55
61
63
51
39
72
68
56
72
51
39
61_70
55
70
51
44_68
60
56
51_68
75
63
39_51
63
73
64
68
59
70
61
71
63
66
58
68
59
70
61
64
56
66
58
68
59
63
54
64
56
66
58
61
52
63
54
64
56
59
51
61
52
54_63
59
47
51
52
54_58_61
63
54
61
44
56_59
61
47
59
49
51_58
55
59
51
58
40
56
52
44
58
46
56
47
54
51
56
47
54
37
52
49
40
54
42
52
44_47_51
87
75
27_39
85_87
76
80
71
82
73
83
75
78
70
80
71
82
73
76
68
78
70
80
71
75
66
76
68
78
70
73
64
75
66
68
76
63_71
73
64
75
66
71
70
49
69
64
57
75
49
73
57_69
64
71
49
69
68
58_64
70
49
68
67
63
58
68
51
67
70
63
61
55
72
51
70
68
60
56_63
56
44
75
63
39
51
75
73
64
68
59
70
61
71
63
66
58
68
59
70
61
64
56
66
58
68
59
63
54
56_64
58_66
61
52
63
54
56
64
51
59
52_61
54_63
59
47
51
52
54
58_61
63
54
61
44
56_59
47_61
59
49
58
51_55
59
51
40_56
52
44_58
56
46
54
47_51
56
54
47
52
37
49
54
40
52
42
51
44
47
39
87
27_39_75
85
76
80
71
82
73
83
75
78
70
80
71
82
87
73
76
68
78
70
80
71
75
66
76
68
78
70
73
64
75
66
68
76
71
63
73
64
75
66
71
70
49
69
64
57
75
49_73
69
57_64
71
49_69
68
58_64
70
49
68
67
63
58
68
51
67
70
63
55
72
51
70
68
60
63
56
44
69
49_70
64
70
56
70
51
63
72
55
68
53
60
68
56
68
48
70
63
68
67
56
68
49
70
64
72
56
73
52
61_75
76
56
68
44
60
68
56
68
48
63
69
56
70
49
64
70
56
70
51
63
55_72
68
53
60
68
56
68
48
70
63
68
67
56
68
49
70
64
72
56
73
52
75
61
76
56
80
68
44
60
56
48
63
69
56
70
49
64
70
56
70
51
63
55
72
68
53
60
68
56
68
48
70
63
68
67
56
68
49
70
64
72
56
52_73
75
61
56
76
44_68
60
68
56
68
48
63
69
56
70
49
64
70
56
70
51
63
55_72
68
53
60
68
56
48_68
70
63
68
56_67
68
49
64
70
72
56
52_73
75
61
56
76
44_80
68
60
56
48
56
63
72
58
48
55
84
64
72
72_84
71
70_72
85
80
69_77
68
67_72
66_84
65
72
64
85
76_79
63_82
62
72
61
60_84
59
72
58
85
80
57_77
56
55_72
54
84
53
52
72
51
87
39
75
79_82
85
51
63
55_61
64
51
65
60_66
65
56
67
51
68
69
63
70
51
71
55_72
61
65
73
74
51
75
63
76
51
77
56_78
60
65
79
51
80
63
81
82
58
83
48
55
52
64
84
72
72
84
71
72
70
85
80
69
77
68
72
67
84
66
65
72
64
85
63_79
76
62
72
61
84
60
59
72
58
85
57_80
77
56
72
55
54
84
53
52
72
87
51
39_75
79_82
85
51
63
55_61
64
51
65
66
56_60
65
67
51
68
69
63
70
51
71
55
72
61_65
73
74
51
63_75
77
75
77
75
77
75
65
63
66
60
44
58
56
60
44
65
56
63
54
65
61
49
56
65
53
44_60_65
67
60
68
53
67
65
46
61
55_67
67
64
48
68
60
70
55
68
65
53
60
56
68
68
47
63
59
68
53
68
62
46
58
68
53
68
63
47
59
68
53
68
62
46
58
68
53
68
63
47
59
68
53
68
62
47
59
68
68
62
47
59
68
52
69
45_62
57
69
52
61_67
45
57
69
67
51
61_66
45
57
51
44
60
56
65
54_63
65
49
61
56
65
53
65
60
44
67
60
68
53
67
46_65
61
67
55
64_67
48
68
60
70
55
68
65
53
60
65
56_68
69
66
51
60
54
69
70
50
65
58
53_70
49_71
65_68
59
71
53
48_72
65_68
60
53
72
47
73
65_68
61
53
73
48
72
68
65
60
80
72
80
70
72
48
64
79
70
72
60
79
70
72
53
64
77
60
53_77
68
65
60_65
66
60
44
58
56
60
44
65
56
54
63
49
65
61
56
65
53
44
60_65
67
60
53_68
46_65
67
61
67
55
64_67
48
60
68
55
70
65_68
53
60
56
68
68
63
47
59
68
53
68
62
46
58
68
53
63_68
47
59
53
68
68
62
46
58
68
53
68
63
47
59
53_68
68
62
47
59
53_68
68
47
62
59
52_68
62_69
45
57
52_69
61
67
45
69
57
67
51
66
61
45
57
51
44
60
56
65
54
63
49
61_65
56
65
53
44_65
60
67
60
68
53
46
65_67
61
67
55
64_67
48
68
60
70
55
68
65
53
60
65
56_68
69
51_66
60
69
54
50_70
65
58
70
53
49
71
65
68
59
71
53
72
65_68
48
60
72
53
73
65
47
61
73
53
72
68
48
65
80
60
80
70
72
48
64
79
70
72
60
79
70
72
53
64
60
77
68_77
65
53
65
60_65
72
60
36_48
85
80
65
87
73
68_85
84
63
75
72
84
67
79
82
61
77
84
70
65
82
80
60
72
68
63
75
79
58
73
67_80
73
79
61
77
56
68
65
60
72
75
55
70
63
77
58
75
53_73
65
61
56
68
51_72
67
60_73
55
72
70
49
61
58
53
65
48_68
63
56
70
51
68
67
46_61
65
55
67
53
65
70
62_65
47
68
62
67
55
67
64
48
60
55
60_72
52
48
43
84
72
36
48
97
92
77
99
85
97
80
96
75
87
84
96
91
79
94
73
89
96
82
94
77
92
72
84
80
75
87
91
70
85
92
79
85
91
73
89
68
77_80
72_84
87
67
82
75
89
87
70
85
65
77
73
80
68
84
63
79
85
72
67_84
82
61
73
70
65
77
75_80
60
68
82
63
80
73_79
58
77
67
65
79
82
59_77
74_80
74
79
67
79
76
60
84
72
72
60_66
44
58
56
44_60
65
56
54_63
61_65
49
56
65
53
65
60
44
67
60
68
53
67
65
46
61
67
53
67
64
48
60
68
70
55
68
65
53
60
56
68
68
63
47
56
68
53
68
62
46
58
68
53
68
63
47
59
53
68
68
46
62
58
68
53
68
47_63
59
53
68
68
62
47
59
68
53
68
62
47
59
52
68
69
62
45
57
69
52
61
67
45
57
69
52_67
61_66
45
57
51
60
44
56_65
54_63
61
65
49
56
65
53
60
65
44
67
60
68
53
65
46
67
61
67
53
64
67
48
68
60
55_70
65
68
53
60
68
56
69
66
51
60
54_69
70
50_65
58
70
53
49_71
68
65
59
71
53
72
65_68
48
60
72
53
47_73
65
68
61
53
73
72
48
68
65
80
72
60
80
70_72
48
64
79
70
60
72
79
70_72
53
64
60_77
60_77
68
53
65
60_65
72
60_63
56
51
44
68
70
61
64
37_49
44
72
70
68
60
32_44
68
65
72
49
56
72
49
63
68
48
56
68
48
72
49_65
56
72
50
70
61
51
55
72
70
67
39_51
65
63
72
56_60_63
44_51
70
61
64
37_49
44
72
70
68
60
44
32
68
65_72
49
56
49
72
68
63
48
56
68
48
49
72
65
56
72
50
55_70
51
61
72
70
69
61_67
39_51
70
75
72
60_63_68
51_56
44
70
61_64
44_49
37
72
70
68
44_60
32
68
72
65
49
56
49
72
68
63
48
56
68
48
49
72
65
56
50
72
51_55_70
61
72
70
67
51
39
65
63
72
60_63
51_56
44
61_70
64
49
37_44
72
70
68
60
44
32
68
72
65
49
56
49_72
68
63
48
56
68
48
49
72
65
56
72
50
61
70
55
51
75
63
75
51
39
63
75
71
27_39
73
75
76
51_59_64
56
78
80
82
64
51_56_59
83
85
87
56_64
59
51
88
85
83
64
56_59
51
82
80
78
64
51
56_59
76
75
64
51_56_59
73
71
68
70
63
51_58
55
75
63
27
39_64
66
68
70
51
64
59
56
71
73
75
64
56_59
51
76
78
80
64
51_56
59
82
83
80
51_64
56_59
82
80
78
51_64
56_59
80
78
76
64
51_56
78
76
75
63
51
55_58
76
27
39
78
51_59_64
80
82
64
51_56_59
83
85
87
88
64
59
51_56
90
92
90
64
51_56
59
92
88
64
56_87
51_59
88
85
59_64
56
83
51
85
83
63_82
58
51
55
87
75
82
39
27
80
78
80
64
51_56_59
78
76
78
51_56_59_64
76
75
76
56
64
51
59
75
73
72
63
51_55_61
71
70
69
68
67
66
65
64
63
62
61
60
44
61
56
62
51
63
44
67
56
65
51
63
43_58
55
58
51_63
68
61
41
53
49
68
61
40
55
52
55
49
40_67
60
52
67
48
60
54
39
51
54
47
66
59
39
51
66
47
39_53_65
51
55
65
57
41
37_58
49_60
41
61
36
63
48
41
63_65
73
70
34
46
73
70
41
61
39
63
55
63
51_61
39_68_72
56
72
51
39_70
61
55
70
51
68
60
44
56
51_68
60
44
56
61
51
62
63
44
56_67
51
65
43_63
58
55
51
63
68
61
41
53
49
68
61
40_55
52
49_55
60
40_67
52
67
48
60
39_54
51
47_54
39
66
59
51
47
66
39
65
53
51
55
57
41
37
58
49_60
61
41
63
36
48
63_65
41
73
70
34
46
73
70
41
39_61
63
55
51_61_63
39
72
68
56
51_72
70
39_61
55
70
51
68
44
60
56
51
68
75
63
39
51
64_73
68
59
70
61
71
63
66
58
59
68
61
70
64
56
66
58
68
59
63
54
64
56
58
66
61
52
63
54
56
64
51
59
52
61
54_63
59
47
51
52
61
58
54
63
54
61
44
56
59
47_61
59
49
58
51_55
59
51
58
40
56
52
44
58
56
46
54
51
47
56
54
47
52
37_49
54
40
52
42
51
44
47
87
27_75
39
87
85
76
80
71
82
73
87
83
75
78
70
80
71
87
82
73
76
68
78
70
87
80
71
75
66
76
68
87
70_78
73
64
75
66
76
68
71
63
73
64
75
66
71
70
49
69
64
57
75
73
49
69
57
64
71
69
49
68
58_64
70
49
68
67
58_63
68
51
67
63
55_70
61
72
51_70
63
56_68
60
56
44
75
63
39
51
73
64
68
59
70
61
71
63
66
58
68
59
70
61
64
56
66
58
68
59
63
54
64
56
58
66
61
52
63
54
56
64
51
59
52_61
54
63
59
47
51
52
54
61
58
63
54
61
44
56
59
61
47
49_59
58
55
51
59
51_58
40
56
52
44
58
56
46
51_54
47
56
47_54
49_52
37
54
40
52
42
51
47
44
87
75
27_39
39
85
51_73_82
77
39
79
51
80_83
71
72
75
39
76
78
51_82
70
73
39
75
80
76
51_68
71
39
73
75_78
66
51
70
39
71
73
51
76
64
68
39
70
75
51_71
63
69
64
49
37
73
49
75
52
57_73
64
69
71
69
64
76
64
61
63
61
57
69
57
56
39_49
58
56
55
64
63
54
32
48
44
39
32
44
53
39
51
53
32
49
44
53
53
32
44
55
41
56
32
55
52
49
55
52
40
55
52
32
56
49
40
58
56
60
32
51
48
60
39
56
60
32_52_56
48
60
40
56
56
60
32
53
48
41
60
56
56_60
32
52
48
60
40_56
56
60
53
32
48
41_60
56
56
52_60
32
48
60
40
59
52
34
47_61
52
40_59
64
52
31
64
40
59
52
32
61
47
40
59
25_64
52
47
64
40
63
60
32
56
51
60
44
65
56
51
66
61
65
44
56
65
53
44
65
56
67
53
68
44
67
64
61
64_67
52
67
44_64
68
52
61
70
44
72
63_68
60
72
51
72
64
44
60
72
68
52
68_72
44
65
60
68_72
53
44_72
68
64
60
72
52_68
68_72
65
44
60
53
68_72
44_72
64
60
72
52
71
64
44
73
59
52
71
76
43
64
59
76
52
71
44_64
73
59
71
40_76
64
59
76
52
72_75
44
60
56
73_76
49
71
64
69
57
49_73_76
71
64
57
69
51_75
67
61
70
55
63
44
75
72
70
60
68
56
76
73
49
64
71
57
69
73
49
64
71
69
75
67
51
61
70
55
63
44
75
72
60_70
68
56
73_76
49
64
71
57
69
81
49_73
64_76
57
69
71
75
51_67
61
70
55
63
44_72_75
70
60
68
51
73
49_76
64_71
56
69
57
73_81
49
76
64
57
69
51
75
67
61
70
55
63
56
60
75
72
70
38
68
39
51
76
73
71
38
69
51
39_76
73
71
38
69
51
74_77
39
72
38_71
51_74_77
39
72
71
38
78
75
51
39
73
38
72
78
75
51
39
73
38
72
79
76
51
39
75
73
38
79
76
51
39
75
73
38
80
71_77
39_51
75
74
38
78_81
72
51
39
77
75
38
82
79
73
39_51
78
76
38
80_83
74
51
39
78
77
38
84
81
75
51
39
79
78
38
75
76_82_85
39_51
80
38
79
82
85_87
51
39
79
75
80_84
44
32
44
56_87
78
89
32
87
77_80
44
82
44
80
56
76
85
87
85
32
75_84
44
85
84
44
87
56_78
89
32_87
80
44_77
82
44
80
56
76_85
87
32_85
44
84
75
85
84
56
87
78
68
89
44
87
80
56
77
82
56
80
68_85
76
87
44
85
84
75
56
85
56
84
87
78
68
89
44_87
80
56_77
82
56
80
68
85
76
87
44
85
92
84
56
75
63
61
27_67_70_73
39
63_72
60_68
32_44
