64
64
64
64
65
64
60
64
60
64
48
55
64
48
55
60
64
48
60
55
64
48
60
55
65
60
41
57
64
60
55
36
60
57
41
64
36_55
60
62
56
35
33_101
96
101
96
100
93
99
96
64
57_60_98
93
97
93
96
88
64
57_60
95
57_64
60
88
94
84
93
88
65_92
57_60
88
84
91
84
90
81
89
64
57_60
84
88
81
87
84
60
57_86
52
81
85
81
60
81
84
76
64_83
60
57
52
76
82
72
81
76
80
72
79
72
78
69
33
77
72
76
76
69
75
72
52
45_74
69
73
69
72
52
45
64
45_52
71
64
70
60
69
64
68
45_53
60_68
67
60
45
66
53
57
52
45
65
60
64
57
63
60
33
62
57
61
57
60
52
33
59
40
52
58
48
57
52
56
48
57
52
60
53
32_64
59
62
65
65
76
71
62
53_74
77
88
83
86
62
53
77
60_86
53
81
84
77
74
69
33_45
72
65
65
62
57
60
45
33
53
32_44_64
59
62
65
76
71
74
55
62
77
62_88
53
83
86
62
52
77
62
52
77
86
52_60
81
84
76
74
69
72
45
33
64
62
57
60
59
35_47
69
64
68
68
71
81
76
80
56_64
59
83
93
68
88
73_92
83
71
59_69
63
92
87
90
83
80
75
78
47_59
78
71
68
63
47
66
59
40_52
69
64
68
71
81
76
80
59_68
83
93
67
58
88
68
59_92
59
92
83
100
56_64
52
33
101
96
101
100
93
99
96
64
57_60_98
93
97
93
96
64
57_60_88
57_64
60
95
88
94
84
93
88
65
92
88
57_60
84
91
84
90
81
60_64
57
89
84
88
81
87
84
57_60
52
86
81
85
81
84
84
76
64_83
60
57
52
76
82
72
81
76
80
72
79
72
78
69
77
24_36
70
76
67
67
75
70
52
43_74
67
73
70
72
52
43
67
43_52
71
67
70
64
69
60
68
43_53
58
67
60
53
43
66
58
65
52
43
60
64
58
63
60
62
36_48
55
61
58
60
55
52
43_59
58
59
60
43
52
55
61
58
62
55
63
58
64
55
69
36
64
67
70
81
76
81
64
55_79
82
47
93
88
48
91
82
49
55
93
63
58
87
91
82
81
75
37_49
79
70
69
63
69
63_67
58
37
38_50
69
62
67
70
81
74
79
62_67
58
82
49
93
86
50
91
82
51
58
61
93
67
85
93
67
58_91
61
82
81
73
79
39
51
70
69
61
67
58
40_52_69
60
67
58
72
69
70
60_69
67
81
72
79
60
70
60
84
81
82
79
93
84
48
36
91
82
96
93
93
94
91
98
53
41
93
96
89
92
89
69_93
84
88
84
89
57
81
85
57
62
53
81
86
57
53
77
86
80
62
64
77
65
81
74
76
74
77
69
31_43
76
71
74
77
88
83
59
55_86
89
89
100
65
95
69
98
89
67_93
89
91
83
81
77
65_79
59
55
71
88
79
86
77
36_48
83
79
36
83
84
76
87
48
55
84
64
88
79
90
88
91
84
94
91
95
88
96
91
88
88
91
97
88
98
91
99
88
28_40
100
95
99
91
98
95
59
52_97
55
91
96
91
95
95
88
59
55
52
94
52_59
55
91
93
88
92
83
60
52
55
91
84
90
84
89
79
88
59
52_55
83
87
87
79
55
52
86
79
59
85
55
52
47
76
84
79
83
76
82
59
55
52
79
81
76
80
76
79
71
78
71
78
77
71
28
76
71
75
67
74
71
73
40_47
67
72
67
71
47
40
64
70
40
47
67
67
69
64
68
40
64
47
48_67
40
60
66
60
65
60
64
47
40
59
63
55
62
59
28
61
55
60
55
59
52
28
58
35
55
57
52
56
47
55
52
54
48
55
48
59
27
54
57
60
71
66
69
51_60
72
83
78
81
51
60
72
60
52
81
76
79
72
69
64
67
40
28
60
57
52
55
48
59
39
27
54
57
60
71
66
62
69
51
72
83
60
51
78
81
71
51
59
81
59
52
76
79
71
69
64
67
40
28
59
57
52
55
54
30_42
64
59
63
66
76
71
75
54_59
78
63
88
83
68
87
78
64
66
87
58
54
82
85
78
75
70
42_73
30
66
63
58
61
54
47_64
35
59
63
66
76
71
75
63
54
78
62
53_88
83
63
87
54
78
95
59
51
47
96
28
91
95
88
94
91
59_93
52
55
88
92
88
91
59
83
52_55
90
52_59
55
83
89
79
88
83
60
52_55
87
79
86
79
85
76
84
59
55
52
79
83
76
82
79
55
52
81
47
76
80
76
79
71
78
59
52_55
71
77
67
76
71
75
67
74
67
73
64
72
31
67
71
65
70
65
69
47
38
62
68
62
67
47
38
59
66
38_47
59
65
55
64
54
48_63
38
61
54
62
55
61
54
60
47
38
55
59
53
58
53
31
57
50
56
53
55
47
54
38
53
55
47
56
53
57
50
58
55
59
53
64
31
59
62
65
76
71
74
50_59
77
88
42
83
43
86
77
44
50
88
58
82
86
77
76
70
74
32
65
64
58
62
53
64
33
57
62
65
76
69
74
62
53
77
88
44
81
45_86
84
77
46
53
56
88
62
80
86
77
76
68
74
34
65
64
56
62
53
64
35
55
62
53
67
64
65
55
62
76
67
74
55
65
79
55
76
77
74_76
88
79
43
86
31
77
91
88
89
86
93
48
36
88
91
84
100
91
52
98
91
96
60
88
95
68
92
94
41
89
92
85
90
85
56
53
89
80
87
61
80
85
68
77
85
43
78
84
76
79
72
60
80
55
76
80
78
64
55
72
60
67
79
72
81
43
71
78
77
79
71
83
62
65_67
55
77
88
79
86
77
48
55
77
86
64
79
84
76
81
76
79
72
77
72
76
67
81
76
79
72
77
72_77
76
67
81
76
79
72
79
69_76
64
67
61
65
61
64
79
67_76
58
62
58
67
61
79
76
67_76_79
55
79
67
60_76
55
58
52
57
52
55_81
69_76
49
53
49
52
46
50
79
67_76
46
46
49
43
48
43
76
67
79
46
76
67
73
40
45
40
43
37
76_79
67
41
37
40
34
38
34
37
31_37
36
31_67
34
76
79
28
82
79
72
67
70
64
69
64
70_82
67
79
61
65
61
64
58
82
70
79
62
82
70
79
58
61
55
60
55
58
84
72
79
52
57
52
55
49
53
82
70
79
49
52
46
46
50
79
46
70
82
49
70_79
76
43
48
43
46
40
70_82
45_79
40
43
37
41
37
40
34
38
34
38
70
37
79
82
31
96
39
27
87
94
85
92
87
91
63
85
89
85
87
63
79
51
60
79
89
63
84
60
87
80
85
80
68
84
75
82
75
80
60_72
63_84
51
75
82
73
81
81
75
58_82
63
73
85
75
79
51
63
73
44
51
82
60
75
80
72
79
75
80
72
82
75
82
80
72
92
47
35
83
90
81
88
83
59
87
81
85
81
83
59
78
47
56
88
47
59
80
87
80
85
76
64
83
76
81
76
80
56
71
59_80
47
75
78
69
77
77
69
78
54
59
69
81
56
71
57_75
69
40
47
78
56
71
77
68
76
71
75
68
74
71
71
73
68
52_73
40
68
71
62
73
68
71
47
35
74
44
32_85
80
47
35
83
86
97
28_40
28
92
40
97
95
86
85
52
40
80
83
54
42
74
73
68
71
52
40
62
74
51
39
67
72
60
77
77
72
48
36
75
67
80
75
79
72
84
39_51
79
83
75
82
79
81
53
41
75
80
42_54
75
79
75
55
43
72
77
56
44
72
75
66
77
72
75
51
39
78
89
48
36
84
51
39_87
90
101
32_44
96
99
96
90
89
56
44_84
58_87
46
78
77
72
75
56
44
66
55
43
78
71
76
64
81
76
52
40
79
79
71
84
40
79
52
83
76
88
55
43
83
87
79
86
83
85
57
45
79
84
58
46
79
83
47_59
59
76
82
60
48
76
81
70
80
36
76
43
79
52
70
81
76
79
70
41
48
79
57
72
78
69
69
77
72
35
78
51
69
79
71
78
69
40
47
78
55
67
77
71
76
67
45
52
76
61
67
67
77
69
76
67
50
57
76
62
69
73
65
74
69
45
52
74
60
64
71
69
72
64
64
72
50
38
69
71
65
72
69
71
65
53
74
84
81
83
86
96
58
46
93
95
89
84
89
60
48
81
59
47_83
77
72
69
71
65
39_51
71
66
69
60
71
66
69
66
54
72
66
83
54
72
78
81
84
45_57_95
90
93
84
83
62
50
78
81
60
48
72
71
66
69
60
60
40
69
52
64
68
71
81
76
80
59
83
93
88
92
83
64
92
62
86
90
83
90
80
62_74
78
71
68
62
66
59
66
28
40
61
64
68
78
73
56_76
80
90
85
88
80
61
56
88
59
83
86
78
76
71
74
64
59
62
54
54
61
40
28
56
59
53
64
59
62
53
56
67
62
65
59
53
69
53
65
68
62
72
68
53
55_71
65
76
71
74
68
79
53
74
77
71
81
77
80
50
74
84
84
80
83
77
50
53_88
83
86
80
91
86
89
83
93
89
92
86
101
40
47
95
101
40
44
100
95
47
50
92
44
99
95
50
47_98
53
92
47_97
53
92
50_96
56
89
50
95
56
89
53
94
59
86
53
93
59
89
56
92
62
83
92
62
56_91
86
62
90
59
80
65
89
59
83
65
88
62
80
68
87
62
83
68
86
65
80
71
85
65
80
74
68_84
74_77
83
80
80
74
95
35
89
41
94
38
86
44
93
38
44
89
92
41
41
47_86
92
41
91
47
86
44
90
50
83
44
89
50
83
88
47
53_80
47
87
53
83
86
50
56
80
50
85
56
80
53
84
59
77
53
83
59
77
53
83
56_82
62
74
56
81
62
77
80
59
65
74
59
79
65
74
62
78
68
71
77
62_65_71
74
65
77
62_74
64_76
68
59
77
65
62
74
62_74
76
64
68
59
77
65
74
62
76
64
68
59
77
65
62
74
64_76
68
59
59
65_77
68
62
74
76
64
68
59
77
65
62
74
64
76
68
59
65
77
62
74
64
76
68
59
65
77
64
74
63
76
68
62
61
77
74
60
74
60
76
59
68
58
77
57
56_74
76
55
68
54
53
77
74
52
51_76
68
50
49_77
48_74
47_76
46
68
45
77
44
74
43
76
42
68
41
77
40
74
39
76
40_68
77
41
74
40
76
39
80
40
41
89
40_86
39_88
40_92
41_101
40_98
39
100
92
40
101
41
101
40_98
39_100
92
40
41_101
40
98
39
100
92
40
33_101
96
101
96
100
93
99
96
64
57_60_98
93
97
93
93
96
88
64
57_60
95
57_64
60
88
94
84
93
88
65_92
57_60
88
84
91
84
90
81
89
64
57_60
84
88
84
60
57
81
87
84
64
60
57_86
52
81
85
81
60
81
84
76
64_83
60
57
52
76
82
72
81
76
80
80
72
79
72
78
69
33
77
72
76
76
69
75
72
52
45_74
69
73
69
72
52
45
72
64
45_52
71
64
70
60
69
64
68
45_53
60_68
67
60
45
66
53
57
52
45
65
60
64
57
63
60
33
62
57
61
57
60
52
33
59
40
52
58
48
57
52
56
48
48
57
52
60
53
32_64
59
62
65
65
76
71
62
53_74
77
88
83
86
62
53
77
62
53
77
60_86
53
81
84
77
74
69
33_45
72
65
65
62
57
60
45
33
53
32_44_64
59
62
65
65
76
71
74
55
62
77
62_88
53
83
86
62
52
77
62
52
77
86
52_60
81
84
76
74
69
72
45
33
64
64
62
57
33
45
60
59
35_47
69
64
68
68
71
81
76
80
56_64
59
83
93
68
88
73_92
92
83
71
59_69
63
92
87
90
83
80
75
78
47_59
78
71
68
63
47
66
59
40_52
69
64
68
71
81
76
80
59_68
83
93
67
58
88
68
59_92
59
92
83
100
56_64
52
33
101
96
101
100
93
99
96
64
57_60_98
93
97
93
93_96
64
57_60_88
57_64
60
95
88
94
84
93
88
65
92
88
57_60
84
91
84
90
81
60_64
57
89
84
88
60
57
88
81
87
64
84
57_60
52
86
81
85
81
84
84
76
64_83
60
57
52
76
82
72
81
76
80
72
72
79
72
78
69
77
31
72
76
69
69
75
72
52
43_74
69
73
69
72
52
43
64
43_52
71
64
64
70
60
69
64
68
53
60
67
60
53
66
57
65
52
60
64
57
63
60
63
62
36
57
61
57
60
52
29_59
53
59
57
29
48
56
53
28_57
48
59
52
52
60
48
60
38
53
59
59
72
65
57
65_71
71
49_84
77
50
83
83
51
57
96
66
90
95
83
84
78
39_83
71
72
66
71
59
66
40
74
67
73
73
86
79
85
58_67
85
51
98
94
52
98
97
85
53
62
58
99
70
94
98
88
87
82
41_53
86
74
75
70
74
62
29_41_76
69
75
63
76
69
75
53_65
75
88
81
87
53_65
87
65
53
100
93
99
87
88
81
67
55
87
75
88
81
87
87
65
53
100
93
99
87
88
81
60
48
87
75
88
81
87
87
53_65_100
93
99
87
100
93
99
87
100
93
99
87
41
100
47
95
45_99
51
93
45
100
51
95
99
47
53_93
47
100
53
95
51
99
57
93
51
100
57
95
53_99
59_93
100
53
95
59
99
57
97
63_93
100
57
63
95
99
59
97
93
65
100
59
65
95
63
99
69
93
63
100
69
95
99
65
97
71_93
100
65
71
95
99
69
97
75_93
69_100
75
95
71_99
93
77
71_100
77
95
99
75
97
93
81
75
100
95
81
99
77
97
83
93
101
64
72
76
69
96
100
93
86_98
81_93
84_96
76_88
83_95
76_88
81_93
72_84
77_89
72_84
76_88
69_81
74_86
69_81
72_84
64_76
71_83
64_76
69_81
60_72
65_77
60_72
64_76
57_69
62_74
57_69
60_72
52_64
59_71
52_64
57_69
48_60
71
59_64_69
52
40
76
62_64_68_71
28_40
33_93
88
40
92
48
84
91
40
88
90
33
84
40
89
84
48
88
40
84
87_88
33
81
40
86
81
48
85
40
81
40
35_84
81
76
40
83
48
76
82
40
72
81
33
76
40
80
78
48
72
79
40
76
78
28
72
40
77
72
48
76
74
40
69
75
33
72
71_75
33
40
74
48
69
73
40
69
33_72
64
40
71
64
48
70
40
60
69
33
64
40
68
66
60
48
67
40
60
66
33_63
60
33
40
60_65
48
57
64
40
60
63
33
61
59
40
62
57
48
61
40
57
60
33
52
40
59
48
52
53
58
40
48
57
45
52
56
44
44_48
56
55
43
52
54
42
48
41
53
48
40
52
45
39
51
48
38
50
45
37
49
45
48
36
40
35
47
40
47
46
34
40
40
45
33
69
57_60_64
45
33_40
40
45_60_64_69
57
33
69
57_64
60
40_45
33
69
57_62
65
38_45
33
69
64
40_57_60
33_45
69
59_62
41_57
45
33
40_57_64_69
33_45_60
33_45
35_47
36_48
38_50
40_52
54
42
44_56
45_57
47_59
48_60
50_62
52_64
54_66
56_68
57_69
59_71
60_72
62_74
64_76
74
66_78
68_80
69_81
71_83
72_84
74_86
76_88
78_90
80_92
81_93
