71_76
70_71
75_76
75
70
69
68_69
55
59
68
64_67
71
67
71
67
67
67
67_71
64
67
66
70_71
64
65_66
69_70
64_65
69
63_64_68
67_68
62_63_66_67
65_66
60_62
65
59_60
62
67
58_59
62
57_58
57
55
59_64
50
57
62
38
60
65
38_65
40
65
40
41_65
69
41
65
43
65
62
43
45
74
65
69
69
50
60
65
74
65
57
69
65
45
29
60
53
65
68
56
62
65
62
62
56
56
65
60
29
60
65
46
46
34
53
68
62
60
56
34
35
35
47
58
59
62
51
59
47
36_51
50
36
48
50_52
58_59
62_63
59_60_63_64
52
55
55
57
57
60
60
60
51
64
51
60
64
62
59
59
62
51_60
51
55
60
57
59
60
62
55
64
57
65
67
59
64
69
60
71
60
59
62
57
59
72
64
74
65
76
67
77
69
79
71
81
72
83
74_84
76_86
77
88
48
79
57_89
81
88
57_88
33_57
59_84
74
57_83_86
59_62_91
81_93
89
55
59
91
93
57
57_91
62
62_93
91
59
88
88
59
90
88
90
88
90
67
88
88
90
62
59
62
67
57
62
55
33
92
47
80_93
71_74_81
28_59
51
59
52
51
56
57
57
56
56
56
57
56
57
56
38
38
45
45
88
45
80
71_92
45
41
41
41
41
56
28
52
47
56
47
35_36_49
54_75_78
36_49
63
38
38
47_54
35
53
53
63
47_54
59
63
35
36
36
35
36_42
35
36_42
42
42
47
54
42
38_59
54
42_47
38
35
63
54
47
61
32
61
36
59
32
36
30
59
30
78
52_75
76
80
36_42_61
59
28_36_42
61
63
52
59
38
42
38
52
42_59_63
28
52
63
59
28
36
36
28
28
36_42
36_42_59
64
63
61
66
59
64
63
63
42
42
59
66
61
59
42
38
42_59_61
38
64
28
59
64
28
40
36
36
28
75
78
40_76
35_36_80
42
47
36
42
47
38_42
59_63
47
38_42
35_54
54
47
59
59
47_54
63
35
36
63
36
35
36
42
35
36
42
61
42
42
59
47
42
38_54_59
47
42_54
38
35
59
63
54
47_61
32
32
61
36
59
30
36
59
30
75
78_80
76
36_61
42
28
36_52
42_59
61
63
59
52
52
42_59_68
38_42
63
38
28
52
59
63_68
63
40_56
28
36
36
64
36_42_54
59
28_36_42
28
40
56
61
54
59
56
64
61
61
59
64
42
42
61
59
64
38_59_64
42
64
38
42
28
64
61
59
56
64
61
59_61
28
36
36
59
61
75_80
76
47_78
28
35_36_42
54
36_42
59
54
47
63
42
38
59
42_47
38
35
47
59
63
59
47
54_63
35
36
63
36
63
35
63
36_42
35
36_42
42
42
47_54
59
42
63
38
54
42_47
38
59
35
47
63
59
54
32
59
59
36
32
36
30
59
30
75
78_80
61_76
36_42
52
59
28_36_42
61
61
61
61
52
59
38
42_59_68
38
42
63
28
59
68
63
61
40
28
63
36
36
28
28
36_42
54
61
59
36_42
40
56
61
59
54
56
61
59
64
42
42
64
59
59
42
38
64
42
38
28
64
61
59
61
59
28
36
36
63
59
28
47
75
78
80
35_36_76
42
54
36
42
68
38_42_54
47
38_42_54
35_47
47_54
68
63
47
59
63
35
36
36
35
63
36
42
35
36_63
42
61
42
63
42
63
42
38_63
54
42_59
38
59
35
47
54
59
32_63
32
59
36
30
36
30
75_80
59_76_78
36
42
28_52
36_59_61
42
61
63
59
52
42_52
59
38_42
63
38
28
52
59
63
63
28
36
56
36
36_42
52
28_36_42
28_59
63
63
68
63
42
42
52
38
42
56
38
42
28
59
28
36
36
63
68
68_71
59_76
28_36_49
33
36_49_64
68
69_73
38
38
68_69
72_73
67_68
71_72
66_67
70_71
65_66
36_69_70
36
64_65
68_69
68
68
64
64
36_42_68
36_42
42
42
42
38
42
38
36
36
33
68
64
64
59_68
80
71
70
78
36_42_54
30
58
36_42
66_70
38
38
38
42
38
42
66
70
54
30_58
32
56_68_71
59
70_71
36
49
36
49
38
38
71
56_59_68
32
42_71_73
45
70
42_56_73
34_45_61
41
41
70
73
61
34
56
78
73
35_36_49
47_75
36_49
54
66
54
66
47
66
38
47_54
38
35
47
54
66
47_54
66
59
66
71
63
35
36
36
66
71
35
66
36_42
35
36_42
66
42
42
59_63
42
66
38_71
59
42_63
38
35
66
71
54
47
59
63
32
66
63
36
32
36
30
80
30
63_78
75
76
78
80
36_42_68
52
28_36_42
59
63
68
63
63
59
38
42_68
59_63_64
38
42
68
28
68
64
52
59
68
63
63
68
28_63_64
36
36
68
64
28
28_54
36_42
59
36_42
61
56
54_59
56
61
59
64
42
68
64
42
75
64
59
64_68
42
38_59
64
42
38
80
28
63
61
64
59
75
61
80
68
28_59_64
64
36
36
64
59
64_68
28
78
75
78
76
35_36_80
49
36
47_49
80
54
38_42_54_63_66
71
47
38_42
54
35
47
54
47
66
71
63
66
47
54
59
63
66
35
66
36
36
66_71
71
66
35
36
42
35
36
42
66
66
42
42
42_66
38_71
54_63
42
38
59
54
59
35
54
66
71
47
59
32
66
32
36
30
36
30_80
75
78_80
76
36_52_68
42_78
59
28
36
42
63
68
63
63
63
59
52
63
68
42_59_63
68
64
38_42
38
28
68
64
59
68
63
63
68
64
63
28
36
36
68
64
59
64
36_42
28_36_42
28
64_65
65
59_66
60
60_61
42_68
64
42
60_61
65_66
59_60
64_65
75
80
64_68
38_64
42
38_64
42
28
80
75
63
59
75
80
64_68
28_64
45
36
36
78
45
75
64_68
47
75_80
76
78
28
35_36_49_54
36_49
54
63
42
38
47
42_54
38
47
35
54
47
63
66
47
54
66
59
66
63_71
35_66
36
36
66
71
35
36_42
35
36_42
66
66
42
42
54_63
59
54
42
66
38_71
59
42_63
38
35
47
66
71
54
59
63
32
66
36_63
32
36
30
80
63
30
75
78_80
76
36_42_52
59
68
28_36_42
78
68
63
52
59
38
42_68
52_64
38_63
59
42
28
68
64
52
59
63
63
68
28_64
63
36
36
68
64
28
28
36_42_59
64
36_42
61
64
59
61
64
42
68
64
42
75
64
64_68
42_64
38_68
42
38_80
28
66
63
68
64
75_80
66
68
28_64_64
36
36
64
64_68
47
28
80
54
75_78
78
80
35_36_76
42
36
42
54
47_54
59
71
38_42_66
71
38_42
35
66
54
71
59
47
54
71
59
63
35_68
66
36
36
71
71
66
75
35
36
42
35_78
36
42
68
63
42
42
63
54_59
63
54
59
61
66
42_66
38_71
63
42
38
35
66
71
66
54
47
59
63
32
32
61_73
59
36
30
36
75
71
59
30_73
75_80
76_78
61
36
42
28_52
36
42
59
61
63
52
59
42
59_64
52
38_42
59
38
28
63
59
64
63
28_56
36
54
36
52
54
52_59_63
36
38_42
59_83
28_36_54
28_38_42
63
56
54
56
38
59
38
59_68
63
38
61_63
38
61
38
59
42
38
52
42
28
38
38
59
28
56
38
45
38
56
59
63
45
68
59_80
54
78
76
56
28_36_49
35
47
36_49_59
54
54
54
59
59_59
71
35
66
42
38_63
42
38
47
66
63
54
59
47
59
71
59_63
54_59
63
35
71
36
36
78
35
59
35_36_42_71
66
36_42
42
42
54
54
63
54_59
54_59_71
66
59
42
38_63
42
59
35_38_63
47
59
54
32
59
63
54
63
63
36
32
68
36
30
66
30
63
83
78
80
76
75
36_42_52
59_78
66
36_42_63
28
59
63
52
63
38_59
42
38_59
63
42
59
63
59
28
59
63
71
61
73
63
28
45
36
75
36
45
28
36_42
54_59
28
36_42
68
61
56
59
54
61
61_73
68
56
28
68
56
59
42_64
42
32
71
32_56
59
59_59_64
68
42
38
35_59
42_59
38_64
35
61_73
71
61
37_59
64
59
61
37
68
56
59_68_73
64
32
36
61
36
64
32
59
59_59
80
68_76
35_36
49_71
78
83
36_47
49
54
54
56
59
71
71
54
54
71
59
38_42
35_59
38_42
59
47
54
59
71
71
71
63_71
47_59
54
59_59
35_63
36_71
36
35
66
78
35_36
42
59
36
42
71
71
42
68
42
63
54
59
47
42_54
38
47_54_59_63
42
38
59
54
63
59
35
30
63
47
54_59
53_58
58
52_53
57
52
30
36
31_36
57
56
54
59
63
68
66
56_63
44
51_75
31_36_75_80
42_78
83
32_36_56
42
78
56
59
59
51
51_61
56
42
59
38_42
38
32
59
56
51
44
61
63
73
75
51
32_36
56
36
51
56
32
36_42
63
36_42_54
32
59
56_61
61
73
54
59
56
61
71
56
63
59
63
42
42
56_59
59_63
38
42
38
42
59_63
63
63
32
61
61
59
63
35
59
61
56
63
61
35_54
59
36
59
61
36
36
59_64
59
36_56
75
54_59_73
36_49_76_80
56
36_37_49_61
61
61
61
61_73
68
73
71
61
64
42
38
42
38
37
64
64
64
37
63
36
36
63
59
37
61
73
75
37
73
36_42
61
36_42_68
68
73
61
56
61
56
42
42
61
56
64_76
56_75
42_73_78
63
38
64
42
38
37
73
35
63
56
61
68
35
63
36
36_37_64
63
61
63
75_75
78
37_76_80
76
61_63
63_66
36_42
67
28
36_42
64
68
61
66
63
67
71
61
68_76
61
64
38_59
42
38
28_42_64
68
59
68
68
68
56
28
36
36
76
28
59_76
61
36_42
28
36_42
71
56
64
59
64
42
42
68
56
59
59
64
71
68
76
42
38
52_56
42
38_59
64
28
76
30
59
52
56_56_68
68
71
56
30
56
50
36
32
36
64
68
56
50
32
66
56
80
47_68
76
54
36_54
49
35_59_59
36
49_78_83
56
54
59
56
66
54
59
59
59
63_63
38_42
38_42
35
66_71
71
35
36
66
36
35
36
42
35
36
42
54
66
63
66
66
63
63
42_63
42
35
47
54
47
35
54
42
38
59
42
38
66
35
34_71
66
54
71
63
34
63
32
36
59
36
54
47
73
32_83
30
36_38_42_49
56
36_38_49
30
44
30_58
42
56
44
58
47
30
30_38_41
38_41
61
54
59
47
30
47
52_61
41_61_66
38
30
41
38
49_54
61
30_59
38_41
63
30_38_41
52
47
61
49
56
54
63
52_66
38_41
38_41
30
30
61
52
66
52_59
41
38
30
66
41
38
30
56
38_41
61
54
30_38_41
30
59
52
66
54
41
30_38_52_56
41
38
66
30
61
68
66
68
52
30
38_41_49
59
38_41
66
30
56
30
38_41_47
59
38_41
30
61
66
61
49
30
61
47
63
45
38_41
32
38_41
56
61
78
32
63_73
45
35_36_49
47_59_59_75
36_49
54
56
66
54
66
47
38
47_54
66
38
35
47
54
59
47_54
66
59
71
66
63
35
36
66
36
66
71
35
36_42
35
36_42
66
42
42_63
59_63
42
66_71
38
59
42_63
38
35
66
71
54
47
59
63
63
32
59
63
36
32
36
30
80
63
30
78
75
76
68_78
80
36_42
52
28_36_42
59
63
68
63
59
38
42
59_63
38
63
42
68
28
52
59
68
63
63
28
36
36_63
28
28_54
36_42
59
36_42_61
61
56
54_59
56
61
61
28_59
64
42_61
42
32
75
64
59
32
42
38_59
35
64
42
38
80
63
35
61
61
37
61
64
59
75
61
80
59
64
37
36
32
36
64
59
78
32_75
78
76
35_36_80
42
36
42_47
80
54
63
38_42_54
47
38_42
54
35
47
54
47
47
54_63
59
63
35
36_66
36
66
35
36
42
35
36_66
42
61
42
42
42
38
54_63
42
38
59
54
59
35
54
47
59
32
66
32
63
36
30
36
30_80
63
75
68_78_80
76
36_52
42_78
59
28
36
42
63
59
52_68
63
68
63
42_59_63
38_42
38
28
59
68
63
63
28
36
63
36
59
64
36_42
28_36_42
28
64_65
65
59_66
60
60_61
65
62
28
42
32_42
62_63_65_66
60_61
65_66
59_60
64_65
32
75
80
38_64
42
35_38_64
42
66
63
80
75
35
37
62
65
63
62_63_65_66
59
37_75
80
64
45
36
32
36
78
45
75
32
47
75_80
76
78
35_36_42_54
36_42
54
42
38
47
42_54_63
38
47
35
54
47
63
66
47
54
59
66
63
68
35
36
36
66
63
68
35
66
36_42
35
36_42
42
42
54_63
59
79
54
42
38
59
42_63
38
80
35
47
79
54
59
63
32
66
83
63
36
32
80
36
30
80
63
30
75
78_80
68_76
36_42_52
59
28_36_42
78
68
52
59
38
63
42
52
38_63
59
42
28
52
59
63
63
28
36
63
36
28
28
36_42_59
64
36_42
61
64
59
61
64
28
42
42
32
84
61
83
75
64
32
42_64
38_68
35
42
38_80
63
85
61
84
66
35
63
68
37_61
63
64
75_80
66
61_64_87
37_59
36
32_85
36
64
47
63
80
32_54
75_78
78
80
35_36_76
42
36
42
59
54
47_54
59_63
38_42
38_42
35
54
59
63
47
54
63
59
63
66
35
36
36
75
35
66
66
36
42
35_78
36
42
83
66
87
63
42
42
54_59
63
54
87
63
59
83
66
42_66
38
63
42
38
35
66
54
47
59
63
32
66
32
73
63
36
30
36
75
87
63_71
30_73
87
75_80
76_78
36_38
68
28_52
36_38
59
88
87
68
68
38
38
68
68
88
38_87
38
52
87
59
42
52_83
38
42
59
38
28
63
83
85
38
38
68
85
83
68
28
38
38
52
52_59_63
45
59
28
28_45
63
45
45
68
28
68
63
45
63_68
32_45
32
41_42
35
52
41_42
35
41
37
41
37
41
32_45
41
59
63
45
68
59_80
32_68
78
59_76
36_49
35_63
47
36_49
54_66
71
54
54
59
71
35
66
42_63_66
38_63
42
38_63_71
66_71
47
66
63
54
59
47
71
71
63
54_59
71
35_66
66_71
36
36
78
35
59
35_36_42_71
66
36_42
66
42
66
42
54
63
54_59
71
66
59
42
38_63
42
35_38_63
63
59
59_66
63
47
59
54
32
63
59
63
63
66
36
32
68
36
30
66
66
30_83
63
78
80
76
75
36_42_52
59_78
59_66
36_42_63
28
63
68
52
63
38_59
42
38_59
63
42
28
59
71
63
63
61
63
59
59_73
63
28
45
36
75
36
45
28
36_42
54_59
28
36_42
68
61
56
59
54
61
61_73
56
28
68
56
46_59
64
46_68_71
32
68
71
32_56
59_59_64
68
42
38
35_59
42
38_64
59
59
63
63
35
61_73
71
61
37_59
64
59
71
59_63_68
61
37
68
56
59_73
64
32_66
36
61
36
64
32
59
59
80
68_76
35_36
49_71
78
83
36_47
49
47_54
54
56
59
71
71
54
54_66
71
59
38_42
35_63
38_42
66
47
54
59
71
71
71
47
54
59
35_63_66_71
36_71
66
36
35
66
78
35_36
42
59
36
42
71
71
35
30_42
68
42
63
63
59
30
54
59
59
47
30_42_63
38
47_54_59_63
42
38
30
71
30
63
66
47
47
54
54_59
63
53_58
59
58
52_53
57
52
30_59
36
31_36
57
56
63
68
66
56_63
44
51_75
31_36_56_75_80
42_78
83
32_36
42
59
78
56
59
59
51
32
61
51
56
42
37
59
38_42
38
59
56
51
44
61
37
39
61
63
61
73
39
75
51
32_36
56
36
51
56
32
36_42
63
36_42_54
32
59
56_61
61
73
54
59
56
61
71
56
63
59
63
42
42
56_59
61
59_63
38
42
38
42
59_59_63
63
63
32
61
61
59
63
35
59
59
56
63
61
35_54
59
36
59
61
36
36
59
59
36_56
75
54_59_73
36_49_64_68_76_80
56
36_37_49_61
61
61
61
61_73
71
61_73
64
42
38
42
38
37
64
64
37
63
64
36
36
63
59
37
61
75
73
37
36_42
61
73
36_42
73
61
56
61
56
42
42
61
64
56
76
64
56_75
42_73_78
63_68
38
42
38
37
35
63
73
56
61
64
35
63
36
36_37
63
61
63
75_75
65_78
37_76_80
76
61_63
63_66
36_42
28
36_42
68
64
68
65
61
66
63
76
71
61
61
64
38_59
42
38
28_42_64
68
59
68
68
68
56
28
36
36
76
28
59
61
76
36_42
28
36_42
71
56
64
59
64
42
42
68
68
56
59
59
64
71
76
42
38
52_56
42
38_59
64
28
30
59
76
68
52
56_56_68
68
71
56
30
56
50
36
32
36
64
56
50
32
66
56
80
63
47_68
76
54
36
49
35_59
36
49_78_83
56
54
59
56
54
59
59
59_66
63
38_42_71
38_42
35
66_68
68
66
63
71
35_63
36
36
35
36
42
35
36
42
54
63
66
63
42
42
71
66_71
66
35
47
54
47_63
35
54
42
38
59_63
42
38
66
35
34_71
71
66
63
63
34
32
36
36
62
54
47
62
73
32_83
30
38_42_46
38_46_61
66
63
30
44
30
36
66
36
61
42
63
44
66
47
30
30_36_38_46
36_38_46
54
59_71
47
30
47
52
36_61_66
38_46
30
36
38_46
49_54
61_63_73
30_59_71
36_38_46
30_36_38_46
52
61
47
66
49
63
56_68
54
66
52_61
36_38_46
36_38_46
30
30
61_73
52
52_59_71
61
36
38_46_61
30
36
38_46
30
56_68
36_38_63
61_73
54
30_36_38
30
59_71
61
52
66
54
63
36_66
30_38_52_56_68
36
38
30
61_73
52
30
36_38_49
59_71
61
36_38
32
66
56_68
32
63
36_38_47
59_71
36_38
35
61_73
66
61
49
35
47
66
45
36_38
61
37
36_38
56_68
63
61_73
57_69
66
37_62
73
45
81
36_49
38
36_45_49
61
50
57
66
56_68
57
57
42_57
38
42_62
38
66
50
62
38
57_58
58
59
62
45
59
57
57
62
66
62
38
36
57_62_66
36
38
36_42
38
36_42
57
46_57
46
62
59
57
57_62
71
57
62
42
38_59
42_62
38_57
62
57_66_69
38
57_59
62
57
62
35
83
59
62
35
36
33_36_81
81
83
62
81
62
55_74
59_71
33_59_62
59
36_42_78
31
79
36_42
82
82_83
55
55
67
62
86
67
62
38
62
42
38
42
62
31
62
55
62_63
63_64
64
62
31_67
62
67
36
62
36
31
43
36_42
36_42
59
67
67
62
46_62
46
43_62
59_71
43
62
62
42_62
38
74
42
38
62
67
64
67
43
42
62
62
62
64
62
42
62
40_64
36
36
57_69
59
62_64
40
71
79
38_78
86
81
36
49_83
50_57_66
36
49
57
66
64
50
66
50
57
62
64
62
57
57
38_42
38
38_42
50
66
57
58
62
58_59
58_59
58
57
62
38
36_66
36
62
57
62
59
38
36
42
36_38
42
59
62
69
66
42_66
42_57_62
57
42_57_57
38
42
38
38_62
62_66
62
59_71
57_69
62
57_59
57_69
62
35
64
62
59
81
57_81
35_62
64
62
36
33
36
62
81
82
57
59_62_71_74
62
33_55
78
59
36_49
62_79
36_49
31
82
83
86
67
83
62
86
62
82
62
42
38_42
82
38
31
83
55
62_63
67
63
64
62
64
62
86
67
67
31
36
62
36
55
31
36_42
31_36_42
67
67
46
55
46
59
64_76
62_74
68
62
62
67
38_62
42
38
42_62_67
67
31
67
64
33
62_62
64
68
71
62
86
33
88
36
34
36
62
63_75
71
66_88
34
64_76
87
47
35_36_49_83
79
78
54_75
36_49
47
47
47
66
63
54
42
38_54
54_59_63
42
38
63
35
66
47
54
47
59
63
49
56
54
49
56
54
35
59
36
63
59
36
66
35
35
36_42
36_42
66
71
63
42
66
42
63
59_66
68
59
63
42_63
38_54
42
38_54
35
59
59
71
66
54_56
59
63
32
68
71
56
32
54
36
30_36
59
54
30
75_78
87
76_80
36_49_52
36_49
28
59
68
59
63
59
59
59
59
38
42
38
59
42
28
52
68
61
63
59
61
59
63
68
28
36
63
36
59
61_73
28
63_75
36_42
28
36_42
68
63
71
42
42
59_71
59
61_73
63
59_63
52_59
59
42
38
42
38
28
61
52
73
59
28
59
61
59
73
28_71
36
29_36
63
71
59
54
56_61_68
29
73_76_80
59_71_78
36
49
54
36
49
30
68
68
66
54_66
56_68
54
61
54
54
56
38_42
61
38_42
61
30
54
61_62
62_63
58
56
58
63
61_61
66
61
56
30_36
36
30_56
56
36
42
30_36
42
58
56
61
58
66
56
66
61
46
46
56
66
66_68
66
56
42
38
42
38
30
58
61
56
68
58
61
66
56
61
61
30_36
36
66
56
63
61
56
30
61
36_49_85
30
36_49
61_63
58
56
61_63
61
66
58
63
66
56
61
61
61
56
54_66
56_59_71
42
61
38_42
38
30
61
63
58_61_73
59_71
56
61
66
63
66
58
61_73
56
56_68
30
61
36
36
56
61
30_59_71
56_68
30_36_46_56
36_46
61_63
61_73
58
59_71
56
66
66
63
61
58
30_56_68
56
61
38
61_73
38
30
56
61
59_71
30
38
42
56
38
42_56_68
30
61_63
61_73
30
58
32
59_71
66
56
63
66
61
58
61
32
61
56_56_68
36_46_61_61_73
34
36_46
59_71
34_73
35_36_42_61_85
61_66_83
47
36_42
54
56_68
56
54
47
63
42
38
47_54
42
38
35
47
54
63
63
63
47_54
59
63
63
35
36
36
35
63
36_42
63
35
36_42
59_71
42
42
59_63
42
38
59
42_63
38
35
63
54
47
59
63
32
59
36
32
36
30
59
30
78
76
36_42
52_61
28_36_42
59
63
61
63
59_61
38
42
59_63
38
42
68
28
52
59
68
63
61
28
36
63
36
28
28_54
36_42
59
36_42
61
56
54_59
56
59
61
59
64
42
42
66
62
79
64_83
59
42
38_59
64_80
42
38
66_67
28
62
63
79
67_68
63_64
59
63
61
59
64
59
64
80
61
68
79
28_59
64
36
80
36
63
66
64_79
59
28
35_36_76_80
49
36_75
47_49
78
54
68
38_42_54_68
47
38_42
54
35_63
47
54
47
47
54
59_63
63
35
36
36_63
35
36
42_59
35
36
42
42
42
72
42_75
38
54_63
42_73
38
59
54
59
35
66
72
63
63
54
47
59
61
32
73
32
71
61
59
36
30
36
30
78
59
76
36_52
42
59_61
28
36
42
63
61
61
61
63
59
52
63
68
42_59_63
38_42
38
28
59
63_68
63
56
28
36
36
59
62_64
36_42
28_36_42
28
64_65
65
59_66
60
60_61
56
62
62
42
42
60_61
65_66
59_60
64_65
38_64
42
38_64
42
28
56
62
62
59
64
28
45
36
36
56
54
45
62
63_76
47_71
75_78
28
35_36_42_54
36_42
63
63
54
42
38_63
47
42_54
38
47
35
54
47
47
54_63
59
63
63
35
36
36
35
63
63
36_42
35
36_42
54
42
42
79
54_63
59
54
42_80
78
38
59
42_63
38
79
35
47
63
54
59
63_63
32
80
83
59
36
32
36
30
59
30
61
75
36_42_52_76
59
28_36_42
61
59
59
52
59
38
42_61
52
38_63
59
42
28
52
59
63
61
63
28
36
36
28
52
28
36_42_59
64
36_42
61
64
59
61
64
64
42
42
64
82
83
64
42_64
38_66_68
42
38
83
82
28
63
66
68
64
66
66
83
52
49
28_64
85
66
36
36
49
64
47
78
47
28
54
85
35_36
49_76_78_87
36
49
54
47_54
59
38_42
66
38_42
35
54
59
66
47
66
54
59
63
35
66
36
36
75
35
78
36
42
35
36
42
47
66
63
42
42
54_59
63
54
63
59
66_66
42
38
63
42
38
35
66
54
47
59
63
32
66
32
63
36
30
36
84
87
63
30
75_76
78
36_38_49_73
68_85
28_52
36_38_49
59
84
38
38
38
38
68
85
83
52
59_68
42
52
38
42
59
38
28
63
38
38
68
68
28
38
38
52
71
52_59_63
45
59
28
28_45
73
63
45
45
68
63
45
63
45
41_42
52
41_42
28
41
61
41
68
28
63
41
45
41
61
59
63
45
68
59
78
71_76
28_36_49
35
47
36_49
54
54
63
54
59
71
35
66
42
38_63
63
42
38
47
66
63
54
59
47
71
63
54_59
71
35
71
71
36
36
78
66
35
59
71
35_36_42
36_42
63
42
42
54
63
54_59_71
71
66
59
42
38_63
42_71
35_38_63
47
59
54
63
71
63
36
68
36_54
32
66
32_54
63_66_83
78
80
76
75
36_49_52
59_78
59
36_49_63
28
68
52
63
38_59
42
38_59
63
42
28
59
63
61
73
63_63
28
45
36
75
36
45
28
36_42
54_59
28
36_42
68
61
56
59
54
61
59
61_73
56
28
68
56
59
46_59
64
46
32
68
71
32_56
59_59_64
68_68
42
38
35_59
42
38_64
35
61_73
71
61
37_59
64
59
61
37
68
56
59_73
64
32
36
61
36
59
64
68
32
59
59_63
80
68_76
35_36
49_63_71
78
83
36_47
49
54
56
71
71
71
54
54
71
59
38_42
35
38_42
47
54
59
71
71
63
71
47
54
59
35_63
36_71
63
36
35
66
78
35_36
42
59
36
42
71
71
71
71
35
30_42
68
42
63
71
30
54
59_63
47
71
30_42
38
47_54_59_63_63
42
38
30
30
63
71
47
54_59
53_58
58
52_53
63
59
57
52
30
36
31_36
57
56
63
68
66
56_63
44
51_75
31_36_75_80
42_78
83
32_36_56
42
59
78
56
59
59
51
32
51
61
56
42
37
59
38_42
38
59
56
51
44
61
37
39
61
61
63
73
39
75
51
32_36
56
36
51
56
32
36_42
63
36_42_54
32
59
56_61
61
73
54
59
56
61
71
56
63
59
63
46
46
56_59
61
59_63
59
38
42
38
42
59_63
63
63
32
61
61
59
63
59
59
56
63
61
54
59
36
59
61
36
36
59
59
36_56
75
54_59_73
36_49_64_76_80
56
36_37_49_61
61
61
61
61_64_73
71
61
64_73
64
42
38
42
38
37
64
64
37
63
64
36
36
63
73
59
37
61
75
73
37
36_42
61
36_42
73
61
56
61
56
42
42
61
56
76
64
56_64_75
42_73_78
63
38
42
38
37
37
63
73
56
61
37
63
36
36_39
66
64
63
61
63
75_75
78
39_76_80
76
61_63
63_66
36_49
40_68
36_49
66
64
68
61
66
63
76
71
61
61
64
38_59
42
38
40_42_64
68
59
68
68
68
56
40
36
36
40
76
59
61
76
36_42
40
36_42
71
56
64
59
64
42
42
56
59_68
59
64
71
76
42
38_68
52_56
42
38_59
64
40
68
39
59
76
52
56_56_68
68
71
64
56
39
56
50
36
37
36
64
56
64
50
37
66
56
80
47_68
76
54
36
42_63
35_59
36
42_78_83
56
54
59
56
71
54
59
59
66
59
63
38_42
38_42
35
66_68
68
66
63
71
35
36
36
35
36
42
35
36
42
54
63
66
66
63
66
42
42
47
54_71
47
54
42
38
59
42
38
35
66
34_71
66
63
34
32_63
36
36
54
47
63
73
32_83
30
36_42_49
36_49
30
44
30
38
38
42
44
47
30
30_38
38
54
59
47_71
30
47
52
36_42_66
38
30
36_42
38
49_54
61_73
30_59
71
38
30_38
52
47
49
56_68
54
52
38
38
30
30
61_73
52
52_59_71
30
38
41
38
30_41
56_68
38
61_73
54
30_38
30
59_71
52
38
38
54
30_38_52_56_68
38
30
61_73
52
30
49
59_71
36
41_42
30_36
41_42
56_68
30
47
59_71
32
41
61_73
41
49
32
47
45
34
41
56_68
41
61_73
59
71
34
47_73
45
35_36_49
54_75
36_49
56_68
42_73_76
38
42
38
47_54
35
53
53
73_76
73_76
47_54
59
35
36
36
78
35
36_42_71
35
36_42
42
42
47
54
42
38_59
54
42_47
38
35
54
47
76
73
73_76
32
73
76
36
32
71_75
36
30
71_75
30
78
52_75
76
75_80
36_49
73_76
59_78
28_36_49
73_76
73_76
52
59
38
42
38
52
42_59_63
28
52
63
59
73
28
36
75
36
28
28
36_42
36_42_59
64
63
61
66
59
64
59
73
56
68
63
42
42
59
66
71
61
59
59
68
42
38
56
42_59_61
38
64
28
61
73
71
59
73_76
59
64
68
73
56
61
40
36
32
36
71
59
32_75
56_78
40_76
68
35_36_80
49
47
36
49
47
73_76
38_42
59
47
38_42
35_54
54
47
59
73_76
59
47_54
73_76
35
36
36
78
35
36
42_71
35
36
42
61
42
42
59
47
42
38_54_59
47
42_54
38
35
59
73_76
54
47_73_76
32
73_76
32
71_75
36
30
36
71_75
73_76
30
75
78_80
76
75
36
42
78
28
36_52
42_59
73_76
74_77
59
52
52
42_59_68
38_42
63
38
28
52
59
63_68
74_77
68_71
73
40
28
36
75
36
64
36_42_54
59
28_36_42
28
40
56
61
54
59
56
73
64
59
61
56_61
68
28
59
64
42
32_42
61
71
59
32
59
64
68
38_59_64
42
64
35_38_56
42
64
61
35
61_73
71
37
59
59
64
61
56
37
68
59_61
73
61
36
32
36
68_71
59
59
71
61
32
75_80
56_76
47_68_78
35_36_49
54
36_49
59
54
47
42_73_76
38
59
42_47
38
35
47
59
73_76
73_76
59
47
54
35
36
63
36
78
35
36_42_71
35
36_42
42
42
47_54
59
42
63
38
54
42_47
38
59
35
47
76
73
59
54
73_76
32
59
73
76
36
32
71_75
36
30
71_75
30
75
78_80
75_76
36_49
52_73_76
78
59
28_36_49
73_76
73_76
52
59
38
42_59_68
38
42
63
28
59
68
63
73
40
28
36
75
36
28
28
36_42
54
61
59
36_42
40
56
61
59
54
73
56
56
59
61_68
59
64
42
42
71
59
64
59
59_68
42
38
64
42
38
56
28
64
61
61_73
71
59
59
73_76
61
56
68
59
73
36
61
32
36
59
71
59
32_47
75
78
68_80
35_36_76
49
54
36
49
56
73_76
38_42_54
47
38_42_54
35_47
47_54
73_76
47
73_76
59
63
35
36
36
78
35
36
42_71
35
36
42
61
42
42
42
38_63
54
42_59
38
59
35
47
54
59
73_76
73_76
32
73_76
32
71_75
36
30
36
71_75
73_76
30
75_80
76_78
75
36_38_49
78
28_52
36_38_49_59
38
38
73_76
74_77
38
38
59
52
52
42
59
38
42
63
38
28
52
59
38
38
63
74_77
68_71
73
28
38
75
38
45
52
28
28_45_59
63
45
45
73
56
63
68
28
59
68
63
45
32_45
52
71
32
59
68
41_42
35
41_42
56
35
73
61_71
59
41
37
41_59
37
73
61
68_71
63
68
80
76
