56
66
64
40
40
40
40
40
64
47
56
35_40_42_52
59
40
52
47
40_40_42_52
56
59
64
64
59
35_40_42_56
52
47
40
59
56_64
47
52
40
33
40
47
40_40_42_52
56
59
64
29
53
64
59
56
52
47
40
33
47
50_54
35_35_42_54
59
62
66
66
62
35_40_42_59
54
50
47
47
50
35_35_42_54
59
62
66
66
62
59
54
50
47
30
47
50
35_40_42_54
59
62
66
59
66
47
62
50
54
29_30
64
49_61
33_35_42_57
52
49
45
45
49
33_40_42_52
57
61
64
64
45
61
57
35_42_44_52
49
45
49
52
57
61
64
64
61
40_42_44_57
52
49
45
45
49
52
57
61
64
35_42_42_64
61
57
52
49
45
40_42_42_45
49
52
57
61
64
35_40_42_64
45
61
57
52
49
45
49
52
57
61
64
40_40_42_64
61
57
52
49
45
45
49
52
57
61
30_64
59
56
52
64
35_40_42_47
40_61
52
64
59
40_40_42_56
52
47
40
40
47
35_40_42_52
56
59
64
64
56_59
40
52
47
33
64
59
40_40_42_56
52
47
40
53
40
47
52
56
59
64
29_33
54
66
62
35_35_42_59_59
54
50
47
47
50
35_40_42_54
59
62
66
66
62
35_35_42_59
54
50
47
47
50
54
59
62
66
30
66
62
35_40_42_59
54
50
47
59
62
54
66
50
47
29_30
45
49
33_35_42_52
57
49
61
52_64
64
61
33_40_42_57
52
49
45
49
45
52
57
35_42_44_47_61
64
64
61
57
52
49
45
45
49
40_42_44_52
57
61
64
64
61
57
52
49
45
45
35_42_42_45
49
52
57
61
64
40_42_42_64
61
57
52
49
45
35_40_42_49
57
44_52
45
61
64
40
45
49
52
57
61
64
40_40_42_64
61
57
52
49
45
30
40
45
49
52
57
61
64
59
40
52
56
35_40_42_47_52_56_59
64
40_42
35_42
71
71
40_42
71
35_42
71
40_42
71
35_42
40
35_40_42
68
49
52
61
35_37_42_49_52_56
64
56
40_42
76
35_42
75
40_42
73
35_42
71
71
40_42
68
35
35_37_42
71
73
68
39_40_42
59
40
52
56
35_40_42_47_52_56_59
64
40_42
35_42
71
71
40_42
71
35_42
71
40_42
71
35_42
40
35_40_42
68
49
52
61
35_37_42_49_52_56
64
56
40_42
35_42
76
75
75
40_42
73
35_42
73
71
40_42
71
33
35_37_42
68
71
35_40_42
66
33_35_42_64
61
57
52
49
45
64
33_40_42_45
49
52
57
61
64
33_35_42_64
45
61
57
52
49
61
64
61
57
52
49
28_45
33_40_42_45_64
49
52
57
61
64
66
64
61
57
52
49
28_45
35_35_42_47
51
54
59
63
66
35_40_42_66
63
59
54
51
47
35_35_42_51
59
54
47
63
66
47
51
54
59
63
30_66
35_40_42_66
63
59
54
51
47
47
51
54
59
63
30_66
64
61
33_35_42
57
52
49
45
45_64
49
33_40_42
52
57
61
64
64
45
61
33_35_42_57
52
49
64
64
61
57
61
52
49
45
28
45
49
33_40_42
52
57
61
64
64
64
61
57
52
49
45
28
47
51
35_35_42
54
59
66
63
66
66
63
35_40_42
59
54
51
47
51
59
54
35_35_42_47
63
66
47
51
54
59
63
66
30
66
63
35_40_42
59
54
51_68
47
47
51
54
59
63
66
30
35_42_45_69
64
61
57
52
49
45
71
40_42
40
64
47
56
35_42_44_52
59
68
40_42
69
66
45
49
35_42_42
52
57
61
64
64
40_42
35_40_42
61
64
40_42
66
66
63
35_35_42_59
54
51
47
35_40_42
35_35_42
30
35_40_42
33
35_35_42
35_40_42
40
35_35
40
40
40
35
40
40
40
40
64
47
56
35_40_49_52_64_68_71
59
71
71
56
40
47
40_40_42_52
56
59
64
71
71
64
59
35_40_42_56
52
47
40
71
59
56_64
47
52
40
71
33
40
47
40_40_42_52
56
59
64
64
59_78
56
52
47
40
33
47
51
59
35_35_42_54_63_66_71
59
63_78
66
76
66
63
35_40_42_59
54
51
47
71
47
51
35_35_42_54
59
63
66
66
63
59
54
51
47
30
47
51
35_40_42_54
59
63
66
59
66
47
63
51
54
30
57
64
61
33_35_42_57_61_64_69_76
52
49
45
69
45
69
49
33_40_42_52
57
61
64
68
64
45_69
61
57
35_42_44_52
56
49
68
45
49
52
57
61
64
64
61
69
40_42_44_57
52
49
45
68
45
49
52
57
61
64
35_42_42_59_64_66
61
57
52
54
49
45
69
40_42_42_45_69
49
52
57
61
64
68
35_40_42_64_64
45
61_69
57
52
49
52
68
45
49
52_69
57
61
64
40_40_42_64
61
57
52
49
45
68
45
49
52
57
61
64
59
56
52
64
35_40_42_47_59_64_68
40_71
56
71
64
59
40_40_42_56
52
47
40
71
71
40
47
35_40_42_52
56
59
64
71
64
56_59
40
52
47
71
33
64
59
40_40_42_56
52
47
40
40
47
52
56_78
59
64
33
66
63
35_35_42_59_63_66_71
54_78
51
47
59
76
47
51
35_40_42_54
59
63
66
71
66
63
35_35_42_59
54
51
47
47
51
54
59
63
66
30
66
63
35_40_42_59
54
51
47
59
63
54
66
51
47
30
45
49
57_76
33_35_42_52_61_64_69
57
61
64
69
69
64
61
33_40_42_57
52
49
45
68
69
56
49
45
52
57
35_42_44_61
64
68
64
61
57
52
49
45
69
45
49
40_42_44_52
57
61
64
68
64
61
57
52
49
45
54
35_42_42_45_59_66
49
52
57
61
64
69
69
40_42_42_64
61
57
52
49
45
68
69
35_40_42_49_52_64
57
52
45
61
64
68
45
49
52
57
61
64
69
40_40_42_64
61
57
52
49
45
68
45
49
52
57
61
64
59
40
52
35_40_42_52_56_56_59_59_64_68
47
64
40_42
35_42
71
71
40_42
71
35_42
71
40_42
71
35_42
40
35_40_42
68
49
52
35_37_42_49_52_56_61
64
56
40_42
76
35_42
75
40_42
73
35_42
71
40_42
68
35
35_37_42
71
68
71
39_40_42
73
59
40
52
35_40_42_52_56_56_59
47
64
68
40_42
35_42
71
71
40_42
71
35_42
71
40_42
71
35_42
40
35_40_42
68
49
52_56
35_37_42_49_52_56_61
64
40_42
75
75
35_42
73
40_42
73
35_42
71
40_42
71
33
35_37_42
68
35_40_42
71
66
64
61
33_35_42
57
52
49
45
64
45
49
33_40_42
52
57
61
64
64
45
61
33_35_42_57
52
49
64
61
57_61
52
49
45
28
45
49
33_40_42
52
57
61_64
64
66
64
61
57
52
49
45
28
47
35_35_42_51
54
59
63
66
66
35_40_42_63
59
54
51
47
51
59
35_35_42_54
47
63
66
47
51
54
59
63
66
30
66
35_40_42_63
59
54
51
47
71
47
51
54
59
63
30
66
64
33_35_42_61
57
52
49
45
45
33_40_42_49
71
52
57
61
64
64
45
33_35_42_61
57
52_73
49
64
61
57
52_68
49
45
28
45
33_40_42_49
52
57
61
64
66
64
61
57
52
49
45
28
47
35_35_42_51
54
59
63
66
66
35_40_42_63
59
54
51
47
51
59
35_35_42_54
47
63
66
68
47
51
54
59
63
66
30
66
35_40_42_63
59
54
51
47
47
51
54
59
63
66
30
64
61
35_42_45
57
52
49_69
45
71
40_42
40
64
47
35_42_44_56
52
59
68
40_42
69
66
45
35_42_42_49
52
57
61
64
64
40_42
35_40_42
61
64
40_42
66
66
63
35_35_42
59
54
51
47
35_40_42
35_35_42
30
35_40_42
33
35_35_42
35_40_42
40
35_35
40
40
40
35
40
40
40
40
64
47
35_40_49_56_64_68_71_71
52
59
71
56
40
47
40_40_42
52
56
59
64
71
71
64
59
35_40_42
56
52
47
40
71
59
56_64
47
52
40
71
33
40
47
40_40_42
52
56
59
64
64
59_78
56
52
47
40
33
59
78
47
51
35_35_42_63_66_71
54
59
63
66
76
66
63
35_40_42
59
54
51
47
71
47
51
35_35_42
54
59
63
66
66
63
59
54
51
30_47
47
51
35_40_42
54
59
63
66
59
66
47
63
51
54
30
57
76
64
61
33_35_42_61_64_69
57
52
49
45
69
45
69
49
33_40_42
52
57
61
64
68
56
64
45_69
61
35_42_44_57
52
49
68
45
49
52
57
61
64
64
61
40_42_44_69
57
52
49
45
68
45
49
52
57
61
64
54
35_42_42_59_66
64
61
57
52
49
45
69
40_42_42
45_69
49
52
57
61
64
68
52
35_40_42_64
64
45
61_69
57
52
49
68
45
49
52_69
57
61
64
40_40_42
64
61
57
52
49
45
68
45
49
52
57
61
64
71
56
59
56
52
35_40_42_59_64_64_68
47
40
71
64
59
40_40_42
56
52
47
40
71
71
40
47
35_40_42
52
56
59
64
71
64
56_59
40
52
47
71
33
64
59
40_40_42
56
52
47
40
40
47
52
56_78
59
64
33
78
66
59
63
35_35_42_63_66_71
59
54
51
47
76
47
51
35_40_42
54
59
63
66
71
66
63
35_35_42
59
54
51
47
47
51
54
59
63
30_66
66
63
35_40_42
59
54
51
47
59
63
54
66
51
47
30
76
57
45
49
33_35_42_61_64_69
52
57
61
64
69
69
64
61
33_40_42
57
52
49
45
68
69
56
49
45
52
35_42_44_57
61
64
68
64
61
57
52
49
45
69
45
49
40_42_44
52
57
61
64
68
64
61
57
52
49
45
54
45
35_42_42_59_66
49
52
57
61
64
69
69
64
40_42_42
61
57
52
49
45
68
69
52
49
35_40_42_57_64
52
45
61
64
68
45
49
52
57
61
64
69
64
40_40_42
61
57
52
49
45
68
45
49
52
57
61
64
68
35_37_42_59_64_68
64
61
73
56
52
49_61
49
37_40_42
52
56
61
64
68
73
68
35_37_42_49
64
61
56
52
75
68
64
61
56
52
49
32
76
49
37_40_42
52
56
61
64
68
78
68
64
61
56
52
49
32
40
64
47
56
35_35_42_52
59
54
76
40
47
35_40_42_52
56
59
64
68
52
64
59
35_35_42_56
52
47
40
59
56_64
47
52
40
66
33
40
47
35_40_42_52
56
64
59
64
64
59
56
52
47
40
33
49
52
35_37_42
56
61_61
64
68
68
68
64
37_40_42
61
56
52
49
52
61
56
35_37_42_49
64
68
73
49_75
52
56
61
64
68
32
68
76
64
37_40_42
61
56
52
49
78
49
52
56
61
64
68
32
59
56
52
35_35_42_64
47
52
40
76
64
59
35_40_42
56
52
47
40
68
40
47
35_35_42
52
56
59
64
66
64
56_59
40
52
47
33
64
64
59
35_40_42
56
52
47
40
40
47
52
56
59
64
33
38
54
50_54
45
57
35_38_42_42_66
38_40_42
35_37_42
37_40_42
35_35_42
35_40_42
33_35_42
68
66
64
33_40_42
66
30
66
63
35_35_42
59
54
47_51
47
68
35_40_42
35_35_42
35_40_42
30
47
35_35_42_51
54
59
63
66
66
35_40_42_63
59
54
51
47
40
51
59
35_35_54
47
63
40
66
40
47
51
40_54
59
63
66
66
35_63
59
40
54
51
47
40
40
47
51
54
59
63
66
59
40
52
56
35_40_42_47
64
71
71
71
71
71
71
64
68_71
40
35_40_42_64
68
71
68
49_73
52
61
35_37_42_68
64
61_64
56
61_68
64
76
61_68
64
75
68
61
64
73
61
64_68
71
71
61
64_68
68
35
61_68
64
37
71
73
68
61_68
64
39_40_42
59
40
52
56_64_71
35_40_42_47_68_71
64
64
68_71
64
68_71
71
71
64
68
71
71
64
68
71_75
71
64_68_71
71
68
64_71
40
64
68_71
35_40_42
76
68
49
52
61
35_37_42_68
61_64_64
56
73
61
64_68
61
68
64
76
75
75
61
64
68
73
61
68
64
73
71
61
64_68
71
33
61
37
68
64
68
40
71
35_61
68
64
40_42
40
66
40
33_35_40_42_64
61
57
52
49
45
64
33_40_42_45
49
52
57
61
64
33_35_42_64
45
61
57
52
49
61
64
61
57
52
49
28_45
33_40_42_45_64
49
52
57
61
64
66
64
61
57
52
49
28_45
35_35_42_47
51
54
59
63
66
35_40_42_66
63
59
54
51
47
35_35_42_51
59
54
47
63
66
47
51
54
59
63
30_66
35_40_42_66
63
59
54
51
47
47
51
54
59
63
30_66
64
61
33_35_42
57
52
49
45
45_64
49
33_40_42
52
57
61
64
64
45
61
33_35_42_57
52
49
64
64
61
57
61
52
49
45
28
45
49
33_40_42
52
57
61
64
64
64
61
57
52
49
45
28
47
51
35_35_42
54
59
66
63
66
66
63
35_40_42
59
54
51
47
51
59
54
35_35_42_47
63
66
47
51
54
59
63
66
30
66
63
35_40_42
59
54
51_68
47
47
51
54
59
63
66
30
35_42_45_69
64
61
57
52
49
45
71
40_42
40
64
47
56
35_42_44_52
59
68
40_42
69
66
45
49
35_42_42
52
57
61
64
64
40_42
35_40_42
61
64
40_42
66
66
63
35_35_42_59
54
51
47
35_40_42
35_35_42
30
35_40_42
33
35_35_42
35_40_42
40
35_35
40
40
40
35
40
40
40
40
64
47
35_40_49_56_64_68_71_71
52
59
71
56
40
47
40_40_42
52
56
59
64
71
71
64
59
35_40_42
56
52
47
40
71
59
56_64
47
52
40
71
33
40
47
40_40_42
52
56
59
64
64
59_78
56
52
47
40
33
59
78
47
51
35_35_42_63_66_71
54
59
63
66
76
66
63
35_40_42
59
54
51
47
71
47
51
35_35_42
54
59
63
66
66
63
59
54
51
30_47
47
51
35_40_42
54
59
63
66
59
66
47
63
51
54
30
57
76
64
61
33_35_42_61_64_69
57
52
49
45
69
45
69
49
33_40_42
52
57
61
64
68
56
64
45_69
61
35_42_44_57
52
49
68
45
49
52
57
61
64
64
61
40_42_44_69
57
52
49
45
68
45
49
52
57
61
64
54
35_42_42_59_66
64
61
57
52
49
45
69
40_42_42
45_69
49
52
57
61
64
68
52
35_40_42_64
64
45
61_69
57
52
49
68
45
49
52_69
57
61
64
40_40_42
64
61
57
52
49
45
68
45
49
52
57
61
64
71
56
59
56
52
35_40_42_59_64_64_68
47
40
71
64
59
40_40_42
56
52
47
40
71
71
40
47
35_40_42
52
56
59
64
71
64
56_59
40
52
47
71
33
64
59
40_40_42
56
52
47
40
40
47
52
56_78
59
64
33
78
66
59
63
35_35_42_63_66_71
59
54
51
47
76
47
51
35_40_42
54
59
63
66
71
66
63
35_35_42
59
54
51
47
47
51
54
59
63
30_66
66
63
35_40_42
59
54
51
47
59
63
54
66
51
47
30
76
57
45
49
33_35_42_61_64_69
52
57
61
64
69
69
64
61
33_40_42
57
52
49
45
68
69
56
49
45
52
35_42_44_57
61
64
68
64
61
57
52
49
45
69
45
49
40_42_44
52
57
61
64
68
64
61
57
52
49
45
54
45
35_42_42_59_66
49
52
57
61
64
69
69
64
40_42_42
61
57
52
49
45
68
69
52
49
35_40_42_57_64
52
45
61
64
68
45
49
52
57
61
64
69
64
40_40_42
61
57
52
49
45
68
45
49
52
57
61
64
68
35_37_42_59_64_68
64
61
73
56
52
49_61
49
37_40_42
52
56
61
64
68
73
68
35_37_42_49
64
61
56
52
75
68
64
61
56
52
49
32
76
49
37_40_42
52
56
61
64
68
78
68
64
61
56
52
49
32
40
64
47
56
35_35_42_52
59
54
80
40
47
35_40_42_52
56
59
64
52
64
59
35_35_42_56
52
71
47
40
69
59
56_64
47
52
40
68
33
40
47
35_40_42_52
56
59
64
64
59
56
52
47
40
33
49
52
35_37_42
56
61_61
64
68
68
68
64
37_40_42
61
56
52
49
52
61
56
35_37_42_49
64
68
73
49_75
52
56
61
64
68
32
68
76
64
37_40_42
61
56
52
49
78
49
52
56
61
64
68
32
59
56
52
35_35_42_64
47
40
52
76
64
59
35_40_42
56
52
47
40
68
40
47
35_35_42
52
56
59
64
66
64
56_59
40
52
47
33
64
64
59
35_40_42
56
52
47
40
40
47
52
56
59
64
33
38
54
50
45
57
35_38_42_42_66
54
38_40_42
35_37_42
37_40_42
35_35_42
35_40_42
33_35_42
68
66
64
33_40_42
66
30
66
63
35_35_42
59
54
51
47
47
35_40_42
35_35_42
35_40_42
30
47
35_35_42_51
54
59
63
66
66
35_40_42_63
59
54
51
47
40
51
59
35_35_54
47
63
40
66
40
47
51
40_54
59
63
66
66
35_63
59
40
54
51
47
40
40
47
51
54
59
63
66
59
56
52
64
35_40_47_49_64_68_71
40
71
71
56
64
59
40_40_42_56
52
47
40
71
71
40
47
35_40_42_52
56
59
64
71
64
56_59
40
52
47
71
33
64
59
40_40_42_56
52
47
40
40
47_78
52
56
59
64
33
66
63
59
35_35_42_59_63_66_71
54
51_78
47
76
47
51
35_40_42_54
59
63
66
71
66
63
35_35_42_59
54
51
47
47
51
54
59
63
66
30
66
63
35_40_42_59
54
51
47
59
63
54
66
51
47
30
57
45
49
33_35_42_52_61_64_69_76
57
61
64
69
64
69
61
33_40_42_57
52
49
45
68
49
45_69
52
57
35_42_44_61
56
64
68
64
61
57
52
49
45
45
49
69
40_42_44_52
57
61
64
68
64
61
57
52
49
45
35_42_42_45_59_66
49
52
57
54
61
64
69
40_42_42_64_69
61
57
52
49
45
68
35_40_42_49_64
45
52_69
57
61
64
52
68
64
61
57_69
52
49
45
40_40_42_45
49
52
57
61
64
68
64
61
57
52
49
45
40
64
47
56
35_40_42_52_59_64_68
59_71
56
71
40
47
40_40_42_52
56
59
64
71
71
64
59
35_40_42_56
52
47
40
71
59
56_64
47
52
40
71
33
40
47
40_40_42_52
56
59
64
64
59
56
52_78
47
40
33
47
51
35_35_42_54_63_66_71
59_78
63
66
59
76
66
63
35_40_42_59
54
51
47
71
47
51
35_35_42_54
59
63
66
66
63
59
54
51
47
30
47
51
35_40_42_54
59
63
66
59
66
47
63
51
54
30
64
61
57_76
33_35_42_57_61_64_69
52
49
45
69
69
45
49
33_40_42_52
57
61
64
68
69
56
64
45
61
57
35_42_44_52
49
68
45
49
52
57
61
64
69
64
61
40_42_44_57
52
49
45
68
45
49
52
57
61
64
54
35_42_42_59_64_66
61
57
52
49
45
69
69
40_42_42_45
49
52
57
61
64
68
69
35_40_42_52_64_64
45
61
57
52
49
68
64
61
57
52
49
45
69
40_40_42_45
49
52
57
61
64
68
64
61
57
52
49
45
40
64
47
56
35_40_49_52_59_64_64_68_68_71
59
71
56
40
47
40_40_42_52
56
59
64
64
59
35_40_42_56
52
71
47
40
71
59
56_64_71
47
52
40
33
40
47
71
40_40_42_52
56
59
64
64_71
59
56
52
47
40
33
47
51
59
35_35_42_54_63_66_71
59
63_78
66
78
66
63
35_40_42_59
54
51
47
47
51
35_35_42_54
59
63
66
66
63
59
54
51
47
30
47
51
35_40_42_54
59
63
66
59
66
47
63
51
54
30
57
64
61
33_35_42_57_61_64_69_76
52
73
49
45
45
49
33_40_42_52
57
61
64
71
64
45
61
57
35_42_44_52
56
49
45
49
52
57
61
64
64
61
40_42_44_57
52
49
45
45
49
52
57
61
64
35_42_42_59_64_66
69
61
57
52
54
49
45
68
40_42_42_45
49_69
52
57
61
64
68
35_40_42_64_64_69
45
61
57
52
49
52
68
45
49_69
52
57
61
64
40_40_42_64
61
57
52
49
45
68
45
49
52
57
61
64
59
56
52
64
35_40_42_47_59_64_68
40_71
56
64
59
40_40_42_56
52
47
40
40
47
35_40_42_52
56_71
59
64
71
71
64
56_59
40
52
47
33
64
59
40_40_42_56
52
71
47
40
40
47
52_71
56
59
64
33
66
63
35_35_42_59_63_66_71
54_78
51
47
59
78
47
51
35_40_42_54
59
63
66
66
63
35_35_42_59
54
51
47
47
51
54
59
63
66
30
66
63
35_40_42_59
54
51
47
59
63
54
66
51
47
30
45
49_76
57_76
33_35_42_52_61_64_69
57
61
64
64
61
33_40_42_57
52
49
45
56
49
45
52
57
35_42_44_61
64
64
61
57
52
49
45
45
49
40_42_44_52
57
61
64
64
61
57
52
49
45
54
35_42_42_45_59_66
49
52
57
61
64
40_42_42_64
61
57
52
49
45
35_40_42_49_52_64
57
52
45
61
78
64
45
49
52
57
61
64
40_40_42_64
61
57
52
49
45
45
49
52
57
61
64
59
40
52
56
35_42_47_49_59_64_68
64
