42
42
42
42
42
42
36_42
35_59
49
59_71
66
57
36_42
49
59
42_59
42_57
42
42
35
59
42
59
42
36_42
30_54
36_42
54
42
42
42
54
42
54
30
42
42
36_42
35_59
36_42
59
42
42
42
42
59
42
59
42
35
36_42
30_54
36_42
54
42
42
54
44_59
54
44
59
30_59
42
42
59
36_42
35_59
36_42
59
42
42
42
42
35
42
42_59
59
36_42
30_54
36_42
54
42
42
42_54
42
54
30
42
42
36_42
35_59
36_42
59
42
42
42
42
35_42
42
30_36_42
54
59
36_42
54
59
42
30
42
54
33_44
57
44
54
57
42
42
57
33_36
35_42_59
36
42
57
59
42
42
42
42
35
42_59
42
59
36_42
30_54
36_42
54
42
42
54
42
42
54
30
42
42
36_42
35_59
36_42
59
42
42
42
42
35
42
42
30_36_42
54
36_42
59
54
59
42
42
54
35_44
59
54
30_44
59
71
42_59
42
59
35
69
36_42
35_59
36_42
59
42
42
42
42
35
42
42
59
36_42
30_54
59
36_42
54
42
42
42
42
54
30
42
54
42
36_42
35_59
36_42
59
42
42
42
42
35_42
42
59
36_42
30_54
59
36_42
54
42
42
33_44_54
57
30_44
54
57
42
42
57
33
36_42
35_59
36_42
57
59
59
42
42
42
42
35
42
42
59
66
59
36_42
30_54
36_42
54
42
54
42
54
42
42
30
42
42
36_42
35_59
36_42
59
42
42
42
42
35
42
59
42
59
30_36_42
54
36_42
54
42
42
54
54
35_44
59
30
44
59
59
35
42
59
42
74
66
36_42
35_59
36_42
59
66
42
42_74
42
42
35
42
42
59
36_42_59
30_54
36_42
54
42
42
42
30
42
54
54
42
42
36_42
35_59
36_42
59
42
42
42
42
35
42
42
30_36_42
54
36_42
54
59
59
42
30
42
54
33_44
57
44
54
69
57
64
59
66
66
42
62
42
64
59
33_57
59_66_71
62
36_42
35_59
36_42
57
59
42
42
42
42
35
42
42
57
36_42
30_54
59
36_42
59
54
59
42
42
54
42
54
42
30
42
42
52
36_42
35_59
57
36_42
59
42
42
42
42
35
50
42
52
42
47
50
36_42
30_54
36_42
54
59
42_59
42
30
35_44_54
44
54
42
47
35
42
47
36_42
35_59
36_42
59
42
42
59
42
47
42
35
59
42
42
59
59
36_42
30_54_59
36_42
54
59
57
42
42
42_57
54_54
42
30_54
42
42
36_42
35_59
36_42
57
54
59
42
57
59
42
42
42
35
42
42
30_36_42
54
59
36_42
59
54
59
42
42
59
54
33_44
57
59
54
30_44
57
59
42
62
42
57
36
35_42_54_59_59
33_63
36
42
57
59
42
71
66
42
42
42
35
62
59
42
42
36_42
30
59
36_42
59
42
42
42
42
30
42
42
36_42
35
36_42
42
42
57
42
42
35
57
42
42
30_36_42
62
36_42
42
42
62
30
62
35_44
44
35
62
42
59
42
36_42
35
36_42
42
42
59
42
42_59
35
42
42
30_36_42
59
36_42
42
42
42
42
30
42
42
36_42
35
36_42
42
42
59
42
42
59
42
42
35
36_42
30
59
36_42
42
42
59
30
33_44
59
44
59
62
42
42
33
36_42
35
36_42
42
42
42_62
59
42
35
42
42
59
30_36_42
36_42
42
42
42
59
42
30
42
42_59
36_42
35
36_42
42
42
42_59
42
35
59
42
42
30_36_42
64
36_42
42
42
64
30
35_44
62
44
62
42
35
59
42
36_42
35
36_42
42
42
42
42
35
42
42
59
36_42
30
36_42
42
42
42
42
30
42
42
36_42
35
36_42
42
42
57
42
42
57
42
42
35
59
30_36_42
36_42
42
59
42_57
30
57
59
33_44
44
59
62
42
63
54
42
36_42
35_54_63
59
33_36_42
42
42
42
62
59
42
35
42
42
59
36_42
30
36_42
42
42
42
42
30
42
42
36_42
35
36_42
42
57
42
57
59
42
42
35
59
42
63
42
64
36_42
30
62
36_42
42
62
42
62
35_44
30
44
62
35
59
42
42
36_42
35
36_42
42
42
42
42
35
42
42
36_42
30
36_42
59
42
42
42
42
30
42
42
36_42
35
36_42
42
42
57
42
42
57
42
42
35
30_36_42
59
36_42
59
42
42
30
59
33_44
44
59
62
42
42
63
64
36
33_35_42
36
42
42
42
62
42
59
42
35
59
42
42
36_42
30
36_42
42
42
42
42
30
42
42
36_42
35
36_42
42
42
59
42
42
59
35
42
42
30_36_42
64
36_42
42
42
64
62
35_44
30
44
62
35
42
59
42
63
59
57_61
36_42
35
36_42
42
42
42
42
35
42
42
59
36_42
30
36_42
42
42
42
30
42
42
42
36_42
35
36_42
42
42
42
62
42
35
42
42
30_36_42
36_42
62
42
42
30
35_44
62
44
57
61
54
42_62
42
36_42
40
59_62
52
35
64
36_42
42
42
52
42
42
64
40
55
42_52
64
42
56
36_42
35
55
36_42
64
56
64
42
42
42
42
35
42
42
62
36_42
38
36_42
64
42
42
42
62
42
38
42
42
62
36_42
35
64
36_42
62
42
42
64
44
64
44
35
42_64
59
42
36_42
40
36_42
42
42
59
42
42
40
42
42
35_36_42
36_42
42
42
42
42
35
42
42
36_42
38
36_42
42
42
62
42
42
38
62
42
42
35_36_42
64
36_42
42
42
64
44
62
44
62
35
42
64
42
36_42
40
36_42
42
42
64
42
64
42
40
42
42
64
36_42
35
36_42
42
42
42
42
35
42
42
36_42
38
36_42
42
42
62
42
42
38_42
42
62
36_42
35
64
36_42
42
42
64
44
62
44
62
35
42
59
42
36_42
40
36_42
42
42
42_59
42
40
42
42
36_42
35_71
36_42
71
42
42
42
42
35
42
42
36_42
38_76
36_42
71
76
71
42
42
42
62
42
38
42
42
62
35_36_42_76
81
64
36_42
76
81
42
64
42
44
62
44
35
62
42
64
42
36
40_42_80
36
42
81
80
81
42
42
64
42
64
42
40
42
42
64
36_42
35
36_42
42
42
42
42
35
42
42
36_42
38
36_42
42
42
62
42
42
62
38_42
42
35_36_42
64
36_42
42
42
64
44
62
44
35_62
42
59
42
36_42
40
80
36_42
80
42
42
42
42
40
59
42
42
35_36_42
55
36_42
56
42
42_55
56
42
64
42
35
62
42
42
64
36_42
38
36_42
42
42
42_62
42
38
42
42
62
64
36_42
35
36_42
42
42
64
44
62
44
62
35
42_64
68
64
42
64
68
62
62
36_62
40_42_76
52_52_59_59_62_62
36
42
76
42
52_62
59
42
64
42
64
42
40
42
42
64
36_42
35
36_42
42
42
42
42
35
42
42
36_42
38
36_42
42
42
42
62
42
38
42
42
62
36_42
35
64
36_42
42
64
42
35
40_44
62
44
68
68
76
64
42
62
76
42
64
40
36_42
42_70
66_78
36_42_54
58_61_66
70
66_78
42
42
52
42
66
42
42
53
52
42
42
54
53
36_42
37
36_42
66
57
54
42
42
58
42
66
57
42
37
61
58
42
66
42
36_42
42
36_42
66
42
42
42
66
40_42
42
40_42
42
42
66
42
36_42
40_48
64
36_42
48
66_70_78
42_45
66_70_78
42_45
64
40
38_40_44
62
40_44
61
54_58_61_66
66
40_42
40_42
62
38
36_42
35_54_63
49_59_59
36_42
49
42
42
42_69
35_59
42
69
59
69
42_71
42_69
71
59
36_42
30
36_42
71
71
42_71
42
71
42
42_71
30
71
42
42
36_42
35_71
36_42
71
42
42
59
42
42
35_42
59
42
62
36_40
30_42
36_40
42
42
42
62
35_44
62
30
44
35
42
71
59_62
42
71
36_42
35
36_42
59
42
42
42_69
59
42
69
35
69
42_71
42
59
69
71
36_42
30
36_42
71
71
42_66_71
42
66_71
66
42
66
42
71
30
71
42
42
36_42
35_66_71
36_42
66_71
42
42
57
42
42
35
42
57
42
36_40_42
30
59
36_40_42
66
42
66
42
71
59
71
30
33_44
62
44
62
42
42
64
36
35_42
36
42
33
42
42
42_69
64
59
42
69
35
69
42_71
69
42
71
59
36_42
30
36_42
71
71
42_74
42
74
42
74
30_42
74
42
42
36_42
35_71
36_42
71
42
42
57
42
42
35
42
57
42
62
36_40
30_42
36_40
42
42
42
71
62
35_44
62_71
44
30
42
42
59
35
62
36_42
35
36_42
59
42
42
42_69
42
69
69
35
42_71
69
42
71
30_36_42
71
36_42
71
42_71
42
71
42
71
42
30
71
42
42
36_42
35_66_71
36_42
66_71
42
42
57
42
42
42
35
42
57
36_40_42
30
59
36_40_42
42
42
59
30
62
40_44
33
40_44
54
62
59_63
66
40_42
40_42
71
66
71
59_63
54
36_42
35
62
33
36_42
42
42
42_69
42
35
69
62
69
42_71
59
42_69
71
59
36_42
30
71
36_42
71
42_71
42
71
42
71
42
71
30
42
42
36_42
35_71
36_42
71
42
42
57
42
42
35
57
42
42
63
64
36_40_42
30
62
36_40_42
42
42
62
30
35_44
64
44
71
35
64
42_71
59
42
36_42
35
36_42
42
59
42
42_69
59
42
69
69
42_71
35
69
59
42
71
30_36_42
71
36_42
71
42_71
42
71
42
71
42
30
71
42
42
36_42
35_71
36_42
71
42
42
42
57
42
35
42_57
42
36_40_42
30_59
36_40_42
42
42
30
59
33_44_62
44
62
42_71
42
71
64
63
33
64
36_42
35
36_42
42
42
42_64_69
42
69
35
69
59
42_71
69
42
71
71
36_42
30
71
36_42
59
42_71
42
71
42
71
42
30
71
42
42
36_42
35_71
36_42
71
42
42
42
59
42
35
59
42
42
36_40_42
30
62
36_40_42
42
42
62
30
35_44
62
44
35
71
42
59_62
71
42
59
63
57_61
36
35_42
36
42
42
42
59
59
42_69
42
69
69
42_71
35
42_69
71
36_42
30
71
36_42
71
59
42_71
42
71
42
71
42
71
42
42
30
36_42
35_71
36_42
71
42
42
57
42
42
57
35
42
42
36_40_42
30
59
36_40_42
59
42
59
42
30
57
61
33_44
54_59
44
71
71
42_59
42
59
36
35_42_69
66_71
33_59
36
42
69
69
42_71
42
69
71
42
71
42
71
54_59
35
42_48
71
54
42_48
59
71
71
36_42
30_45_69
71
36_42
45
69
69
42_66
42_69
66
66
66
41_42
68
41_42
68
30
68
42_66
68
42
66
66
36_42
35_69
66
36_42
69
69
42_71
69
42
71
42
71
42
35_71
42_71
42
71
71
36_40_42
30_69
71
36_40_42
69
69
42_66
47
42
69
66
47
66
44_68
66
44
68
68
42_66
68
30
42
66
66
36_42
35_69
66
36_42
69
47
69
42_71
47
69
42
54_59
71
54
59
42_71
42
35
71
42_48
71
42_48
71
71
36_42
30_45_69_71
36_42
45
69
69
42_66
54_59
42
69
66
54_59_66
66
41_42_68
41_42
68
30
68
42_66
68
42
66
66
36_42
35_69
66
36_42
69
69
42_71
69
42
71
71
42
42
71
35
42_71
42
71
71
36_40_42
30_69
71
36_40_42
69
69
30
42_66
69
42
66
66
33_44
68
66
44
68
68
42_66
68
42
66
66
33_36
35_42_69
66
36
42
69
69
42_71
69
42
71
42
71
42
71
35
47
42_48
71
42_48
47
71
54_59
71
36_42
30_45_69
36_42
45_71
54
59_69
54_59
69
42_66
42
54
69
66
66
59
66
41_42
68
41_42
68
68
30
42_66
68
42
66
66
36_42
35_69
66
36_42
69
69
42_71
69
42
71
42_71
42
71
35_42
71
42
71
71
36_40_42
30_69
71
36_40_42
69
69
42_66
42
69
66
30_66
66
35_44
68
44
68
35
68
42_66
68
42
66
66
36_42
35_66_69
36_42
69
69
47
42_71
69
42
47
71
71
42
42
71
35
47
42_48
71
42_48
47
71
71
54_59
36_42
30_45_69
54
71
36_42
45
59
69
59_69
54
42_66
42
69
59
54_66
66
66
41_42_68
41_42
68
30
68
54_59
42_66
68
42_54
59
66
66
36_42
35_69
66
36_42
69
69
42_71
69
42
71
35
54
42_71
42
54
71
47
42_71
42
71
47
71
54
59
36_40_42
30_69
71
36_40_42
69
54
69
59
42_66
30
42
69
66
66
33_40_44
68
66
40_44
68
68
40_42
66
68
40_42
66
66
33
66
36_42
35_73
69
36_42
73
69
73
69
42_71_73
75
42_69
71
75
75
71
42
75
42
71
35
42_48
71_75
42_48
71_75
71
75
71
36_42
30_45_69_73
75
36_42
45
69_73
69
73
42_66
69
42
73
66
66
66
41_42_68
73
41_42
68
73
54_59
73
30
68
42_66
73
68
42
54
66
59
66
36_42_66
35_69_73
36_42
69_73
73
69
73
42_71
75
42_69
71
75
71
42_75
42
71
75
35
42_75
71
42
71_75
71
75
71
36_40
30_42_69_73
75
36_40
42
69_73
69
73
42_66
69
73
42
66
66
66
30
35_44
68_73
44
68_73
35
73
68
42_66
73
42
68
66
66
66
36_42
35_69_73
36_42
69_73
73
69
42_71
75
73
69
42
71
75
42_71
75
42
71
75
35_47
42_48
71_75
42_48
71_75
47_71
75
71
36_42
30_45_69
73_75
36_42
45
69
73
69
73
54_59
42_66
69
73
42
54_59_66
66
66
41_42_68
73
30
41_42
68
73
73
68
42_66
73
42_68
66
66
66
36_42
35_69_73
54_59
36_42
69_73
54_59
73
69
54
59
42_71
75
73
69
42
71
75
54
59
71_75
42
42
71_75
35
42_75
71
42
75
71
71
75
71
36_40_42
30_69_73
75
36_40_42
69_73
69
73
42_66
42_69
73
66
66
30
33_44_66
68_73
44
68_73
73
68
42_66_73
42
68
66
66
33
66
36
35_42_69_73
36
42
69_73
73
69
42_71
75
73
42_69
71
75
75
42
71
42
75
71
35
42_48
47_71_75
42_48
71_75
71
47_75
54
59
71
36_42
30_45_69
73
75
36_42
45
54
59_69
73
69
54_59
73
42_66
69
42_73
59
54
66
66
41_42_66
68_73
41_42
68_73
73
30_68
54_59
42_66
73
68
42
54
66
59
66
36_42
35_69_73
66
36_42
69_73
73
69
42_71
75
73
42_69
71
75
75
71
42
75
42
71
35
42_71_75
42
71_75
71
75
71
36_40_42_75
30_69_73
36_40_42
69_73
69
73
42_66
69
42_73
66
66
44_68
73
66
44
68
73
30
68_73
42_66
68_73
47
42
66
66
47
36_42
35_69_73
66
36_42
69_73
73
69
47
42_71_75
73
42
69
71_75
47
54_71_75
42
59
42
71_75
54
35
59
54_59
42_48
71_75
42_48
54
71_75
71
75
59
71
30_36_42_75
45_69_73
36_42
45
69_73
69
73
42_66
47
69
42
73
66
66
47
66
62
41_42
68_73
57
41_42
30
68_73
57
62_73
68
42_47
66
73
68
42
66
66
47
54_59
36_42_66
35_69_73
36_42
69_73
54
59
73
69
42_47
71_75
73
42_69
71_75
47_75
71
42
59
35
75
42
71
42_71
75
42
71
75
71
75
71
36_40_42_75
30_69_73
36_40_42
69_73
59
69
47_73
42_66
30_42
69
73
66
47
66
54
59
59
66
40_44
33_68_73
40_44
68_73
54
73
59
59_68
73
40_42_66
40_42_68
66
66
36_42_66
35_54_63
33_49_59_59
59_71
66
36_42_62
49
42
42
42
42
62
35
42
59
42
30_36_42
59
36_42
42
42
42
42
30
42
42
36_42
35
36_42
42
57
42
42
57
35_42
42
57
42
57
36_42
30
59
36_42
42
42
59
30
35_44
57
44
57
35
42
42
36_42
35
59
36_42
42
42
42
42_59
35
42_59
42
59
36_42
30
36_42
42
42
42
42
30
42
42
36_42
35
36_42
42
42
42_59
35
42
59
42
42
30_36_42
59
36_42
59
59
42
42
30
33_44
59
44
42
59
42
36_42
35
33
36_42
42
42
59
42
59
42
35
42
59
42
36_42
30
36_42
42
42
42
42
30
42
42
36_42
35_64
36_42
64
42
57
42
42_57
42
35
42_57
42
57_64
30_36_42
63
36_42
64
63
64
42
42
64
30
62
35_44
44
35
42
42
62
63
36
35_42_66
59
36
42
63
66
42
42
59
42
42
35
42
59
42
59
36_42
30
36_42
42
42
42
42
30
42
42
36_42
35
36_42
42
42
42
57
42
35
57
42
42
30_36_42
68
59
36_42
68
66
42_59
66
57
30
42
68
44_57
33_69
44_68
69
42
59
42
33
36
35_42_71_75
69
36
42
59
71_75
69
42
42
42
42
59
35
42
42
59
36_42
30
36_42
42
42
42
42
30
42
42
63
64
75
36_42
35_76
75
36_42
76
59
42
42
59
42
42
35
42_57
42
57
36_42
30
59
36_42
59
42_59
42
30
57
59
35_44
44
35
57
42
42
36_42
35
59
36_42
42
42
42
59
42
35
42
59
42
59
36_42
30
36_42
42
42
42
42
30
42
42
36_42
35
36_42
59
42
42
42
59
42
35
42
59
42
59
36_42
30
62
36_42
42
42
30
62
59
33_44
44
71
59
71
42
76
42_64
76
59_63
64
36_42
35_71_75
33
36_42
71_75
42
42
64
42
59
42
35
59
42
42
30_36_42
36_42
42
42
42
30_42
71
54
71
42
42
54
59
75
57_61
63
36_42
35_69_73
75
36_42
69_73
42
59
42
42_59
42
35
42
57
42
57
36_42
30
59
36_42
42
42
30
35_44
57_59
44
57
35
42
42
36_42
35
59
36_42
42
42
42
42
59
35
57
42_75
42
75
69
57
69
36_42
30
73
36_42
73
42
42
75
42_73
42
75
73
30
42
42
73
36_42
35_71
36_42
73
71
42
42
42_48
59
42_48
35
59
42
42
62
30_36_42
45
36_42
45
62
42
42
30
35_44
41
59
44
41
59
57
61
54
41_42
41_42
71
36_42_71
40
35_64
52_56_62
36_42
42
42
55
42
56
42_64
55
40
64
42
59
42
56
64
36_42
35_37
64_71
59
36_37_42
42
42
42
42
35
42
42
36_42
38
36_42
64
42
42
64
42
42
38
42
62
42
62
64
36_40_42
35
36_40_42
42_64
42
62
44
44
62
35
42
42
66
36
40_42
36
42
71
64
42
42
66
64
42
42
42_64
40
42
36_42
35_71
36_42
71
42
42
42
42
35
42
42
71
71
36_42
38_74
36_42
74
42
42
42
64
42
42
38
42
36_40_42
35
36_40_42
64
42
42
44
62
44
42
35_62
42
74
59
36
40_42_71
64_74
36
42
71
42
42
42
42
64
40
42
64
42
36_42
35
64
36_42
42
42
42
42
35
42
42
36_42
38
36_42
42
42
62
42
42
62
38
42
42
36_40_42
35
64
36_40_42
64
42
62
42
62
44
44
35
42
59_71
42
71
36_42
40
36_42
42
42
59
42
59
42
40
42
59
42
36_42
35_71
36_42
71
42
42
42
42
35
42
42
36_42
38_76
71
36_42
76
71
42
42
42_45
64
42_45
38
64
42
42
76
36_40_42
35_81
36_40_42_64_76
81
42
42
62
44_64
44
62
42
35
42
36_42
40_80
64
36_42
81
80
81
42
42
42
42
64
64
42
42
40
35_36_42
64
36_42_55
42
56
42
55
56_64
42
42
35
42_62
42
64
36_42
38
36_42
64
42
42
42
42
64
42
62
38
42
64
62
36_40_42
35
36_40_42
42
42
64
44_62
44
80
35
80
42_62
42
36_42
40
36_42
62
42
42
42
42
40
42
42
62
64
36_42
35
36_42
62
42
42
42
42
35
42
42
62
36_42
38
64
36_42
42
42
42
62
42
62
38_42
42
36_40_42
35
64
36_40_42
42
64
42
62
44
44
35
62
42
62
42
36_42
40
64
36_42
42
42
42_64
59
42
64
64
40_59
42_64
42
64
35_36_42
36_42
59_64
42
42
59
42
64
42
35
42
42
59_64
36
38_42
36
42
42
42
64
42
42
38_64
42
42
36_40_42
35
64
36_40_42
42
56
42
59
62
52
64
35
62
40_44
44
62
42
59
40_42
64
64
64
54
36_42
42
61
66
36_42
66
42
42
54_61_66
42
42_66
42
61
54_66
42
66
42
36_42
37
36_42
54
42
61_66
42
54_66
61_66
40_42
40_42
42
42
37
36_42
42_48
54_66
61
36_42
48
42
66
42_48
42_48
42_42
45
42
45
42
42
66
42
64
61_64
36_40_42
41
66
36_42
41
54
62
42
42
64
40
59
64
62
40_44
38
62
40_44
54_61_66
57
40_42
59
40_42
62
57
38
36_42
35_59
49
59_66
36_42
49
71
42
42
54_59
35_42
69
42_59
69
69
54_59
42_71
59
69
42
71
36_40_42
30
71
59
36_40_42
71
42_71
54_59
42
71
54
71
59
42
71
42
30
42
42
36_42
35_71
47_54_59
36_42
71
42
59
42
42
42
35
59
42
42
36_40_42
30
62
36_40_42
47_54
59
42
42
62
30_33_44
64
71
44
71
42
42
36_64
35_42
33
59
36
42
42
42
47_54
59
42_69
42_59
69
35
47_54_59
69
42_71
69
59
42
71
71
59
36_40_42
30
36_40_42
71
54
42_71
59
42
71
54_59
71
42
71
42
30
42
47
42
54
47
59
36_42
35_71
36_42
71
42
42
57
35_42
42
57
42
42
36_40_42
30_59
36_40_42
42
42
54
59
30_59
33_44
57_71
44
57
71
42
62
42
36_42
35
33
36_42
42
42
47_54_59
42_69
59
62
42
69
35
54
47_59
69
42_71
69
59
42
71
71
36_40_42
30
71
36_40_42
47_54_59
42_71
42
71
54_59
47
71
42
71
42
30
42
42
47_54
59
36_42
35_71
36_42
71
42
42
59
42
61
42
61
35
59
42
42
36_40_42
30
62
36_40_42
42
42_62
47
30
54_59
35_44
62
44
71
71
42
59
62
42
35
36_42
35
36_42
42
59
42
47_59
54
42_69
59
42
54_69
59
35
47_69
42_71
69
42
71
59
36_40_42_71
30
36_40_42
71
54_59
42_47
71
42
71
54
59
47
42_45
30
71
42_45
71
42
47
42
47
36_42
35_54_59
66_71
36_42
66_71
54
59
59
54
40_42
40_42
57
47
54
59
42
42
35
47_54_59
42
42
57
36_40_42
30
59
36_40_42
42
42
30
59
59
33_44
66
44
71
66
71
59
40_42
40_42
54
33_36
35_42_49
59_62
36
42_49
42
42
54
59
42_62
47_69
59
42
69
54
47
59
69
59
35
42_71
69
42
71
71
36_40_42
30
36_40_42
71
54
42_71
59
42
71
54
59
42
71
42
30
71
42
47
42
47
59
54
36
35_42_66_71
36
42
66_71
42
42
64
42
42
35
42
42
64
36_40_42
30
62
36_40_42
54
59
42
42
66
71
66
30_62
35_44
71
57
44
35
57
42
42_59
36
35_42
36
42
42
42
59
54_59
47
42_69
59
42
35
69
54
59
69
47
42_71
69
42
71
59
71
36_40
30_42
36_40
42
71
47_54_59
42_71
42
71
47_54
59
42
71
30_42
71
42
42_47
47
54_59
36_42
35_66_71
36_42
66_71
42
42
57
42
42
35
57
42
42
59
36_40
30_42
36_40
42
42
42_59
54
30
66
59
71
66
57
33_44_71
44
57
42
42
33
36
35_42
62
36
42
42
42
47_54_59
42_69
42
69
35
54_59
69
47_62
42_71
69
59
42
71
36_40_42
30
59_71
36_40_42
71
54_59
42_71
47
42
71
47_54_59
42
42
71
30
71
42
42
47_54_59
36_42
35_66_71
36_42
66_71
42_57
42
42
57
42
42
42
35
36_40
30_42
59
36_40
42
66
42_71
42
66
54_71
59
47
35_44
57
30
44
35
57
42
42
36_42
35
59
36_42
42
59
42
42_54
69
42
69
35
54
59
69
42_71
69
42
71
71
36_40_42
30
36_40_42
71
42_54_59
71
42
71
54
59
42
71
42
30
71
42_47
42
47
36_42
35_54_59
66_71
36_42
66_71
59
42
42
42_48
42_48
59
35
42
42
36_42
30_45
36_42
45
54
59
42_45
42_45
30
33_44
41
44
41
66_71
42
66_71
42
33
36_40
35_42_74
36_40
42
42
71
74
42
66
35_59
71
42_69
71
42
42_66
69
42
42_71
42
66
42_69
71
42
42_66
69
42
42_66
64
42
64
42_65
42
42_66
65
42
42_64
66
42
42_62
64
42
42_64
62
42
42_64
62
42
44_59
62
44
42_57
59
42
42
59
57
42
42_62
59
42
42_59
62
42
42_57_59
42
42_59
57
42
42_57
59
42
42_54
57
42
42_53_54
54
54
42
42_54
53
42
42_57
54
42
42_58
42_57
42_58_58_59
58
42
42_59_62
57
42
42
42
44
44
42
42
36_42
35_59
49_69
57
59_66_71
36_42
49
69
69
42_71
69
42
71
42_71
42
71
35
42_48
71
42_48
71
71
30_36_42
45_69_71
36_42
45
69
69
42
66
42
69
66
66
41_42
68
66
41_42
68
30
68
42
66
68
42
66
66
36
35_42_69
66
36
42
69
69
42_71
42_69
71
71
42
71
42
35_42_71
42
71
71
36_40_42
30_69
71
36_40_42
69
42
66_69
42
66_69
66
30
33_44
68
66
44
68
68
42_66
68
42
66
66
33
36
35_42_69
66
36
42
69
69
42
71
42_69
71
71
42
42
71
35
42_48
71
42_48
71
71
36_42
30_45_69
71
36_42
45
69
42_66
69
42
66
66
69
41_42_66
68
41_42
68
68
30
42
66
68
42
66
66
36_42_66
35_69
36_42
69
69
42
71
69
42
71
71
42
42
71
35
42
71
42
71
71
36_40
30_42_69
71
36_40
42
69
69
42
66
42
69
66
66
30
33_44_66
68
44
68
68
42
66
68
42
66
66
36
35_42_69
66
33
36
42
69
69
42_71
69
42
71
71
42
42
66_71
35
42_48
71
64
66
42_48
71
71
64
36_42
30_45_69
71
36_42
45
69
64
62
42_66
69
42
66
66_69
41_42
68
66
41_42
30
68
68
42
66
42_68
66
66
36_42
35_69
66
36_42
69
69
42_71
69
42
71
71
42
42
71
35
42_71
42
71
71
36_40_42
30_69
71
36_40_42
69
42_66_69
42
66_69
30
66
35_44
68
66
44
68
35
68
42_66
42_68
66
66
36_42
35_69
66
36_42
69
69
42
71
69
42
71
71
42
42
71
35
42_48
71
42_48
71
71
36_42
30_45
69
71
36_42
45
69
42_66_69
42
66_69
66
41_42
68
66
41_42
30
68
68
42_66
68
42
66
66
36_42_66
35_69
36_42
64
69
64
69
64
42_71
69
42
71
42
71
35
42
71
42_71
42
71
71
59
36_40_42
30_69
71
36_40_42
69
42_66
69
30
42
66
69
66
33_44
68
66
44
68
68
42_66
68
42
66
66
33
36_42_66
35_49_69
36_42
49
69
69
42_71
69
42
71
71
42
71
42
35
42_48
71
42_48
71
71
30_36_42_71
45_69
36_42
45
69
69
42_66
42
69
66
66
64
41_42_66
68
41_42
68
30
68
42
66
68
42
66
66
36_42
35_69
66
36_42
69
69
42
71
69
42
71
71
42
62
64
42
71
35
42_71
42
71
71
64
36_40_42
30_69
62
71
36_40_42
69
42_69
66
42
64
69
66
66
30
35_44_66
62_68
44
68
64
35
68
62
42_66
68
62
42
64
66
66
59
36_42
35_69
62
66
36_42
69
69
42_71
69
42
71
71
42
42_71
35
42_48
71
42_48
71
71
36_42
30_45_69_71
36_42
45
69
69
42
66
42
69
66
66
41_42
68
66
41_42
68
30
68
42_66
68
42
66
66
36_42
35_69
66
36_42
69
69
42_71
69
42
71
71
42
42
71
35
42_71
42
71
71
36_40_42
30
69
71
36_40_42
69
42
66
69
42
66
30
69
66
33_40_44
68
66
40_44
68
59
68
40_42
66
68
40_42
66
66
33
36_42
35_69
66
36_42
69
69
42_71
69
42
71
71
42
42
71
35
42_48
71
42_48
71
71
71
30_36_42
45_69
71
36_42
45
69
42_69
42
69
41_42_68
41_42
30_68
68
42_66
68
42
66
66
36
35_42_69
66
36
42
69
69
42_71
69
42
71
42_71
42
71
69
71
42_71
35
42
66
71
69
71
36_40_42
30_69
36_40_42_71
69
69
42_66
42
69
66
66
30
35_44
68
66
44
68
68
35
42
66
68
42
66
66
36
35_42_69
66
36
42
69
69
66
42
71
69
42
71
42_71
42
71
35
42_48
71
42_48
71
71
71
36_42
30_45_69
36_42_71
45
69
69
42
42
69
41_42
68
41_42
30
68
68
42_66
68
42
66
66
36_42
35_69
66
36_42
69
69
42_71
42
69
71
71
40_42
40_42
71
35
42_71
42
71
71
36_42
30_69
71
36_42
69
42_69
66
42
69
66
30
66
74
33_44
68
71
66
44
68
68
71
42_66
74
68
42
66
74
66
36_71
35_42_69
49_73
33_66
36
42
49
78
69
73
73
69_74
42_71
73_75
73
42_69
71
73_75
73
75
73
71
42
75
42
71
35
42_48
71_72_75
42_48
72
71_72_75
71
72
75
36_42_71
30_45_73
69
36_42
45
75
73
69
69
42_66
73
69
42
66
73
66
41_42
68_73
66
41_42
68_73
73
68_73
42_66
42
68
66
30
66
36_42
35_69
73
66
36_42
69
73
73
69
42_71
75
73
69
42
71
75
75
42
71
75
42
35
71
42_71_75
78
42
71_75
71_75
76
71_75
36_40_42
30_69_73
36_40_42
69_73
74
76
69
73
42_66
69
42
73
74
71
66
66
30
35_44
68
66
44
68
68
42_66
35
68
42
66
66
36_42
35_69_73
66
36_42
69_73
73
69
42
71_73_75
73
69
42
73
71_73_75
73
75
42_71
42
75
71
35
40_42_48
71_75
40_42_48
71_75
71
75
36_42
30_45_69_73
71
76
75
36_42
45
69_71_73
69
42_66_73
42
69
66_73
66
76
41_42
68_74
66
41_42
68
30
71
74
68
42_66
42
68
66
66
36_42
35_69_73
66
36_42
69_73
73
69
73
42_71
75
69
42
71
75
75
42
71
42
75
71
35
42_75
71
42
75
71
71
75
71
36_42
30_69_73
75
36_42
69_73
69
42_73
66
30
42
69
73
66
66
66
33_44
68_73
44
68_73
73
68_71
73
42_66
68
42
66
66
59_66
36_42
35_69_73
66
33
36_42
69_73
73
69
42_71
75
73
42_69
71
75
75
71
42
75
42
71
35
42_48
71_75
42_48
71_75
71
75
36_42
30_45_69_73
71
75
36_42
45
69_73
69
73
42
66
42
69
73
66
66
41_42
68
66
41_42
68
30
68
42_59
66
66
42
68
66
66
59_66
36_42
35_69
73
66
36_42
69
73
73
69
42_71_75
73
69
42
71_75
75
71
42
75
42
71
35
42_71
75
42
71
75
71
75
71
36_40_42
30_73
69
75
36_40_42
73
69
69_73
42
66
42_69_73
66
30
66
35_44
68_73
66
44
68_73
73
59
35
68
73
66
42
66
68
42
66
66
59_66
36_42
35_69
66_73
36_42
69
73
73
69
73
42_71
75
69
42
71
75
75
71
40_42
75
40_42
71
35
42_71
75
59
42
66
71
75
71
75
59_66
36_42
30_69_71_73
75
36_42
69_73
69
42_48_73
66
42_48_69
73
66
66
42_68
66
42
68
30
68
59
42_66
66
68
42
66
66
59_66
36_42
35_48
66_69_73
36_42
48
69_73
73
69
42
71_75
73
42
69
71_75
75
42_71
75
42
71
42_45
71_75
59
42_45
66
71_75
71
35_75
59_64
71
30_36_42
45_69_73
59_75
36_42
45
69_73
69
42_66_73
42_69
66_73
30
59
66
33_44
41_68
59
66
44
41
68
68
42
66
68
42
66
59_66_71
66
59
66
36_42_64
35_54
49_59_63_66
33
62
36_42
49
42
42
42
42
62
35
42
59
42
30_36_42
36_42_59
42
42
42
42
30
42
42
36
35_42
36
42
42
57
42
42
42
35
42
42
57
30_36_42
59
36_42
42
42
59
44
59_59
30
44
66
42
42
59
36_42
35
59
36_42
42
42
42
42
59
35
42
59
42
36_42
30
36_42_59
42
42
42
30_42
42
42
36_42
35
36_42
42
57
42
42_57
42
35
42
57
42
57
36_42
30
59
36_42
59
42
59
42
30
57
59
35_44
44
35
42
42
57
36
35_42
62
36
42
42
42
42
42
35
62
42
59
42
36_42
30_78
59
36_42
78
42
42
42
42
30
42
42
36_42
35_76
78
36_42
76
78
59
42
42
42_59
42
35
42_59
42
59_64
36_42
30_75
76
36_42
75
76
42
42
64
33_44
30_62
44
42
42
33_75
62
36_42
35_76
59_75
36_42
76
42
42
42_75
76
42
59_75
76
35
59
42
42
75
59
36_42
30_71
75
36_42
71
42
42
42
42
30
42
42
71
36_42
35_69
36_42_71
69
42
57
42
69
42_45_57
73
42_45
69
73
35
42_57
42
57_73
59
36_42
30_71
36_42_73
71
42
42
30
59
33_44
57
44
57
42
42
36_42
33_35
59
36_42
42
42
42
42_59
35
59
42
42
59
36_42
30
36_42
42
42
42
42
30
42
42
36_42
35_76
63
64
36_42
76
42
57
42
57
42
42
42
57
42
35
59
36_42
30
57
36_42
42
30
42
35_44
57_59
44
42_57
35
42
36_42
35
59
36_42
42
42
42
42
59
35
42
59
42
30_36_42
36_42
59
42
42
42
42
30
42
42
36_42
35
36_42
42
42
59
42
42
42
35
42
30_36_42
36_42_59
30_59
42
42
33_44
44
54
71
59
64
42
71
42
59
76
54_59_63
36
35_42_71_75
59
76
33
36
42
71_75
42
42
42
42
59
35
42
42
30_36_42
36_42
42
42
42
42
30
42
71
42
59
71
61
36
35_42_69_73
57
63
36_75
42
69_73
75
42
42
42
42
35_42
42
30_36_42
36_42
42
30_42
35_44
44
35
42
42
36
35_42
36
42
42
42
40_42
40_42
42
35
42
36_42
30
36_42
42
42
42
42
30
42
42
36_42
35_45_48
36_42
45_48
42
42
42
42
35
42
42
36_42
30
36_42
42
42
30
33_44
41_45
44
41_45
69
69
73
42
42
73
57_61
54
36
35_42_69
33
59_66
36
42
71
69
69
42_71
69
42
71
71
42
42
71
35
42_71
42
71
71
36_42
30_69
71
36_42
69
42_66
69
42
66
69
66
42_68
66
30_42
68
68
42_66
42_68
66
66
36_42
35_69
66
36_42
69
69
42_71
47_69
42
71
47
71
42
42
71
35
42_71
47
42
71
71
47
54
71
36_40_42
30_59_69
36_40_42
69
69
42_66
42
69
66
66
35_44_66
68
30
44
68
35
68
42_66
42_68
66
66
36_42
35_69
66
36_42
69
69
54_59
42_71
69
42
71
71
42
42
71
35
42_71
42
71
71
36_42
30_69
71
36_42
69
69
42_66
42
69
66
66
42_68
66
42
30
68
47_68
42_66
42_68
47_66
66
36_42_66
35_69
36_42
69
69
47
42_71
69
42
47
71
71
54
42
54
42
71
47
42_71
35
42
47
71
71
36_40_42
30_41_54
59_69
71
36_40_42
41
69
69
42_66
30_42
69
66
66
33_44
68
66
44
68
68
42_66
42
68
66
66
36_42
35_69
33
66
36_42
54
69
59
69
42_71
69
42
71
71
42
42
71
35
42_71
42
71
71
36_42
30_69
71
36_42
69
69
42
42
69
42_68
42
68
30
68
42_66
47
68
42
47_66
66
36_42_66
35_69
36_42
69
69
42_71
47
42_69
47
71
71
42
54_59
42
71
54
59
35
42_54
59_71
42
54
71
59
71
36_40_42
30_62
57_69
71
36_40_42
69
42_66
69
57
42
62
66
69
66
54
30
35_44
68
66
44
54
68
54_59
35
68
42_66
68
42
54
66
59
66
36_42
35_69
36_42_66
69
69
42_71
69
42
71
42
71
42
35
71
42_71
42
71
71
30_36_42
69
71
36_42
69
42_66_69
42
66_69
30
66
42_68
42_66
54
68
54
68
42_66
47_68
42
66
47
66
36_42
35_45_48
69
36_42_66
45_48
69
69
42_71
47
69
42
71
47
54_58_59
42
71
42
71
35
58
41_42_45
71
54_59
41_42_45
71
71
30_36_42
54_59
69
36_42_71
69
42
66
30
69
42
66
69
66
33_40_44
68
40_44_66
68
68
42_66
42_68
66
66
33_54
36
35_42_69
49
59
66
36
42
49
69
69
42_71
69
42
71
42
71
42
71
35
42_71
42
71
71
30_36_42
69
36_42_71
69
42_66
69
42
66
69
66
42_68
42
66
68
30
68
42_47
66
42_68
66
47
54
66
59
36
35_42_69
36_54_59
42
66
69
69
54_59
42_71
69
42
54_59
71
47
42_71
47
42
71
54_59
35
42_71
42
71
71
36_40_42
30_69
71
36_40_42
69
69
42
66
42
69
66
66
35_44
68
30
44_66
68
35
68
42_66
42_68
66
66
36
35_42_69
54
36
42
66
69
69
42_71
69
42
71
42
71
42
71
35
42_71
42
71
71
36_42
30_69
71
36_42
69
69
42
42_47
69
47
42_68
42
30
68
68
42_66
47
42
68
66
47
66
54
36_42
35_69
36_42_66
69
59
54
69
42_71
69
42
71
54
42
59
71
42
35
71
54
59
40_42
71
40_42
71
71
36_42
30_69
57_62
36_42
71
69
42
66
69
42
57_62
66
69
30
66
40_44
33_54_59
68
66
40_44
68
54_59
68
42_66
42
68
66
66
33
36_42
35_69
66
36_42
69
69
42_71
69
42
71
42_71
54_59
42
54
71
59
35
42_71
42
71
71
36_42
30_69
71
36_42
69
54_59
42_66
69
42
66
69
54_59
66
42_68
42_66
68
30
68
47
42_66
68
42
47_66
66
54_59
36_42
35_69
36_42_66
69
54_59
69
42_54_59
71
69
42
71
54_59
47
42_71
42
47
71
35_54
59
42_71
42
71
71
36_40_42
30_69
71
36_40_42
69
42
69
42
30
69
35_44
68
44
68
68
42_66
42_68
35
66
66
36_42
35_41_69
66
36_42
41
69
54_59
69
42_71
42
69
71
71
42
42
71
35
42_71
47
42
71
47
71
54
59
36_42
30_69
71
36_42
69
54_59
54_59
42_66
42_69
66
59
54
69
47
66
42_68
42_47
66
68
30
57_62
68
42_66
42_68
66
66
36_40
35_42_69
36_40_66
42
69
62
47
57_69
42_71
42_69
47
71
54_59
42
71
42
54_59
71
35
47
42_48_71
42_48
47
71
71
62
57
36_42
30_45_69
71
36_42
45
69
62
47
42_45_66
57
42_45
69
30
47_66
69
66
33_44
41_54_59
68
44
41
66
68
59_68
66
54_71
41_42
47_66
59
68
41_42
66
47
66
58_59
36_42
35_73
49_66_69
33_58
36_42
49
59
73
69
66_71
73
69
42_71
75
73
42
69
71
75
42_71
75
42
71
35
75
42_48
71_75
42_48
71_75
71
75
36_42
30_45_73
69
71
75
36_42
45
73
69
42_66
69
42
73
66
69
73
66
41_42
68
41_42
30
66
68
42_66
68
42
66
68
66
36_42
35_69_73
36_42
66
69_73
69_73
42_71
75
42_69_73
71
75
71
75
42
35
71
42
75
42_71
75
42
71
75
71
36_42
30_69_73
36_42_71_75
69_73
75
69
42
66
42
69_73
66
73
30
66
35_40_44
68_73
40_44_66
68_73
35
42
66
68_73
42
66
68_73
36_42
35_69
66_73
36_42
69
66_73
42_69_73
71_75
42
69_73
71_75
75
71
42
75
35
42
71
42_48
71_75
42_48
71_75
71
36_42
30_45_73
69
71_75
36_42
45
73
69
75
69
42_66
42
73
69
66
73
66
41_42_68
41_42
66
68
30
68
42_66
42
68
66
66
36_42
35_69_73
36_42
66
69_73
69
73
42_71
75
69
42_73
71
75
75
71
42
75
42_71
35
42_75
71
42
75
71
71
36_40_42
30_69_73
75
36_40_42
71
69_73
75
69
42_66
30
42_69
73
66
73
66
33_44
68_73
44
66
68_73
73
42_66
68
42
73
66
68
66
33
36_42
35_69_73
66
36_42
69_73
69_73
42_71
75
69_73
42
71
75
75
71
42
75
42_71
35
42_48
71_75
42_48
71_75
71
36_42
30_45_73
69
71_75
36_42
45
73
69
75
69
42
66
73
69
42
66
73
66
41_42
68
66
41_42
68
30
42_68
66
42
68
66
66
36_42
35_69_73
36_42
66
69_73
69_73
42
71_75
42
69_73
71_75
75
71
42
75
42
71
35
42_75
71
42
75
71
71
36_40
30_42_69_73
75
36_40
42
71
69_73
75
69
42
66
73
42
69
66
73
30
66
35_44
68
44
66
68
68
42_66
35
42
68
66
78
66
36
35_42_69_73
66
36
42
69_73
69_73
42_71
75
69_73
42
71_75
75
75
42
71
42
35
71
42_48
71_75
42_48
71_75
71
30_36_42
45_73
69_71
36_42
45
75
73
69
75
69_73
42_66
42
69_73
66
41_42
68_73
66
41_42
68_73
30_66
73
68
42_66
42
73
68
66
66
36_42
35_69_73
66
36_42
69_73
73
69
42_71
75
73
42_69
71
75
42_71_75
42
71_75
35
42
71_75
42
71_75
42
71
36_40
30_42_69_73
75
36_40
42
71
69_73
75
59
47
69
42_66
73
42
30
69
42_66
73
33_44
68
54
66
44_47
68
66
68
42_59
66
42_54
68
66
33
66
47
36
35_42_69_73
54
36
42
66
59
69_73
69_73
42_71
75
42_69_73
71
75
75
71
42
75
42
71
35
42_48
71_75
42_48
71_75
71
36_42
30_45_73
69
75
71
36_42
45
73
69
75
69
42_66
73
42
69
66
73
66
41_42
68_73
66
41_42
68_73
30
73
68
42_66
73
42
68
66
66
36_42
35_69_73
36_42
66
69_73
69_73
42_71
75
42
69_73
71
75
75
42
71
42_75
35
71
42_71_75
42
71_75
36_40_71
30_42_73
69
36_40
42
75
71
73
69
75
42_66_69
42
66_69_73
73
35_44
68_69
30
69
44_66
68_69
68
69
66
42_68
35
42
36_42
35_66_69
73
36_42
66_69
66_73
69
66
42_71_75
42_69_78
73
71_75
73
75
71
42
75
42
71
35
42_48
71_75
42_48
71_75
81
71
36_42
30_45_69_73
75
71
36_42
45
69_73
75
69
30
42_66
42_69
73
66
73
66
41_42
68
41_42
66
68
68
42_66
68
42
66
66
36_42
35_69_73
66
36_42
69_73
73
69
73
42_71_75
73
69
42
73
71_75
73
75
73
75
42
42
71
71
35
42_71_75
42
71_75
71
36_40_42
30_69_73
71
75
36_40_42
69_73
75
69
42_66
30
73
42
69
66
73
33_44_66
68
44
66
68
42_66
68
42
66
68
81
78
66
36_42
35_69_73
33
66
36_42
69_73
73
69
42_75
71
73
42
69
75
71
75
42_75
71
42
35
71
42_48
71_75
78
42_48
71_75
75
36_42
30_45_69_73
71
83
36_42
45
75
69_73
71
69
42_66
73
42
69
66
73
66
41_42
68
41_42
66
68
68
42_66
42
68
66
66
30
36_42
35_69_73
66
36_42
69_73
73
69
42_71
75
73
42_69
71
75
75
71
42_75
71
42
35
42_75
71
42
75
71
71
36_40_42
30_69
73
75
36_40_42
71
69
73
75
69
42_66
73
42
69
66
30_73
35_44
68_73
66
44
68_73
66
68_73
42
66
35
42
68_73
66
66
83
85
36_42
35_69
73
66
36_42
69
73
73
69
73
42
71_75
69
42
71_75
75
40_42_75
71
40_42
35
71
42_75
71
42
75
71
71
75
36_42
30_73
69
71
36_42
75
73
69
69
42_48
66
73
42_48
69
66
73
66
42_68
54
30_42
66
68
68
42_66
42
68
66
66
36_42
35_48_69
73
66
36_42
48
69
73
69_73
42
71_75
69_73
42
35
71_75
75
71
42
75
42
71
42_45
71_75
42_45
71_75
90
85
36_42_71
30_41
69_73
75
36_42
41
71
69_73
75
42_66_69
73
30_42
66_69
73
66
33_44
41_68
44
41
66
68
42_66_68
42
66_68
47
33_66
36
35_42_69_73
49
59_66
36
42
49
66
69_73
73
69
42_71
75
73
42
69
71
75
75
71
75
42
42_71
35
42_48
71_75
42_48
71_75
30_36_42
45_73
69
71_75
36_42
45
73
69
71_75
42_66
69
42
73
66
69
73
41_42_66
68
41_42
66
68
30
42
66
68
42
66
68
36_42
35_69_73
66
36_42
69_73
66
69_73
42
71_75
42_69_73
71_75
71_75
42
71_75
42
35_42
71_75
42
71_75
36_40
30_42_69_73
36_40
42_75
71
69_73
75
71
69
42
66
73
42
69
66
73
66
44_68
44
66
68
68
30
42
66
42
68
66
66
36
35_42_69_73
66
36
42
69_73
73
42
71_75
69
73
42
75
71_75
69
75
42
71
42
71
35
42_48
71_75
42_48
71_75
71
36_42
30_45_69
73
75
36_42
45
71
69
73
75
69
42_66
73
42
69
66
73
41_42
68
66
41_42
68
66
68
42_66
30
42
68
66
36_42
35_69_73
66
36_42
69_73
66
73
42_71
75
69
42
73
71
75
69
75
42_75
59_66_71
42
71
35
42_75
71
42
75
71
71
36_40
30_42_69_73
75
71
36_40
42
69_73
75
42_66_69
73
42
66_69
73
66
33_44
68
30
44
66
68
68
42_66
42
68
66
66
36_42
35_69_73
33
66
36_42
69_73
69_73
42_71_75
69_73
42
71_75
75
71
42_75
71
42
35
42_48_75
71
42_48
75
71
71
36_42
30_45_73
69
75
36_42
45
71
73
69
75
42_66_69
42_73
66_69
73
41_42
66_68_73
41_42
66_68_73
30_73
42_66
68
73
42
66
68
66
36_42
35_69_73
36_42
66
69_73
73
69
42_71_75
42_73
69
71_75_75
71_75
42
42_71
42_71_75
35_42
71_75
36_40_42
30_69_71_73
75
36_40_42
69_71_73
75
69_73
42_66
42
69_73
66
66
66
30
35_44
68
44
68
35
42_66
68
42
66
68
66
36_42
35_69_73
66
36_42
73
69_73
73
69
42_71_75
42
69
71_75
75
42
42_71
75
71
35
42_48_75
71
42_48
75
71
71
36_42
30_45_69_73
75
36_42
45
71
69_73
75
69
42_66
73
42
69
66
73
66
41_42
68
66
41_42
68
30
42_66
68
42
66
68
66
36_42
35_69_73
36_42
66
69_73
73
69
42_71_75
73
42
69
71_75
75
71
42
75
42
71
35
42_75
71
42
75
71
36_40_42
30_69_73
71
75
36_40_42
69_73
71
75
69
42_66
73
42
69
66
73
30
66
33_44
68_73
44
66
68_73
90
59
66_71
42_66
68
73
42
66
68
73
66
59_64
36_42
35_69_73
33_59_90
66
66_71
36_42
69_73
73
69
42_71
75
73
42_69
71
75
75
75
42
42
71
71
42_48
71_75
35
42_48
71_75
36_42
30_45_69_73
71
36_42
45
75
69_73
71
75
69_73
42
66
69_73
42
66
66
41_42
68
66
30_41_42
68
68
42_66
42
68
66
66
36_42
35_69_73
36_42_66
73
69_73
69
73
42_75
71
69
42
75
71
75
71
75
42
42_71
42_75
71
42
75
71
35
75
36_40_42
30
69_71_73
75
36_40_42
69_71_73
69
42_66
73
42
69
66
73
30
35_44
68
66
44
68
66
35
42_66
68
42
66
68
66
36_42
35
69_73
36_42
66
69_73
69
42_71
75
73
42
69
71
75
73
71_75
42
42_71_75
35
42_48
71_75
42_48
71_75
71
36_42_75
30_45_73
69
71
36_42
45
75
73
69
69
42
66
73
42
69
66
73
66
41_42
68
66
41_42
68
30
68
42_66
42
68
66
66
36_42
35_69_73
36_42
66
69_73
73
69
73
42_71
75
42
69
71
75
75
71
42
75
71
42
35
40_42
71_75
40_42
71_75
47_75
36_42_71
30_69_73
64
75
36_42
71
69_73
69
52
42_66
73
69
42
66
73
30
66
54
40_44
33_68
66
40_44
68
47_52
59_59
68
42_66
42
54
68
66
66
54
36_42
35_69_73
33_49
47_66
36_42
49
59
69_73
69_73
42_71
75
42_69_73
71_75
75
71_75
42
42_71
42_48
71_75
35_42_48
71_75
71_75
36_42
30_45_69
73
36_42
45
71_75
69
73
73
42_66
69
42
73
66
69
66
41_42_66_68
41_42
68
68
30
42_66
42_68
66
66
36_42_66
35_69_73
36_42
69_73
73
69
42
71_75
73
42
69
71_75
75
71
42
75
71
42
35
42_75
71
42
75
71
71
75
36_40_42
30_69_73
71
36_40_42
75
69_73
69_73
42_66
42_69_73
30
66
66
35_44
68
66
44
68
35
68
42_66
42
68
66
66
36_66
35_42_69_73
36
42
69_73
69
42
71_75
73
42
69
71_75
73
75
71
75
42
42
71
42_48
71_75
42_48_54
71_75
35
71
36_42
30_45_73
69
75
36_42
45
71
73
69
75
69_73
42_66
42
69_73
66
66
41_42_68
66
41_42
68
30
68
42_66
42
68
66
66
36_42
35_69
73
66
36_42
69
73
73
69
42_47_71
73_75
42
73
69_73
71
73_75
75
71_73
42_75
71
42
42_71_75
35
42
71_75
36_71_75
30_40_42
69_73
36
40_42
71_75
69_73
73
69
42_66
42
73
69
30
66
66
33_44_68
73
73
44
66
68
73
73
68
42_66
42
68
66
66
36_42
35_69_73
33
66
36_42
69_73
73
69
73
42_71
75
42_69
71
75
75
71
42
75
71
42
42_48_71
75
35
42_48
71
75
71
75
36_42
30_45_69
73
71
75
36_42
45
69
73
73
69
42_66
73
42_69
66
66
41_42
68_73
66
41_42
68_73
30
42_66_68
73
42
66_68
66_73
36_42_66
35_69_73
36_42
69_73
73
69
42_71_75
73
69
42
71_75
75
71
75
42
42_71
35_42_75
71
42
75
71
71
36_40_42
30_69_73
75
71
36_40_42
69_73
75
69_73
42_66
42_69_73
66
30_66
66
35_44
68
44
68
35
68
42_66
42
68
66
66
36_42
35_69_73
66
36_42
69_73
73
69
42_71_75
73
42_69
71_75
75
71
75
42
42
71
35
42_48_75
71
42_48
75
71
36_42_71
30_45_73
69
36_42
45
71
73_75
69
75
42_66
69
73
42
66
69
73
66
41_42
68
66
41_42
68
30
68
42_66
42
68
66
66
36_42
35_69
66
36_42
69
69
42_71_75
42
69
71_75
75
71
42_75
42_71
42_75
71
35
42
75
71
36_40_42
30_69_73
71
75
36_40_42
69_73
71
75
69
42_66
73
69
42
66
73
30
66
33_44
68
44
66
68
42_66
68
42
66
68
66
33
36_42
35_69_73
36_42
66
69_73
73
73
69
42_71
75
42
69
71
75
75
71
42
75
71
42
35
42_48
71_75
42_48
71_75
30_36_42
45_69_73
71_75
36_42
45
69_73
71_75
42_66
69_73
42
66
69_73
41_42_66
68
41_42
66
68
30
42_66
68
42
66
68
66
36_42
35_69_73
36_42
66
69_73
73
69
42_71
75
73
69
42
71
75
75
71
42
75
71
42
42_75
71
35
42
75
71
36_40_42_71
30_73
69
75
36_40_42
71
73
69
75
42_66
69
42
66_73
69
30
73
66
35_44
68
44
66
68
35
42_66
68
42
66
68
66
36_42
35_69
73
66
36_42
69
73
73
73
42_69_71
75
42
69_71
75
71
75
40_42
71
75
40_42
42_75
71
35
42
75
71
71
30_36_42
69_73
75
36_42
71
69_73
75
42_48
66_69
73
42_48
66_69
73
66
42_68_73
42
66
68_73
30
42_68_73
66
42
68_73
66
66
36_42
35_48_69
73
66
36_42
48
69
73
73
69
42_71
75
73
42
69
75
71
75
57
75
71
42
42_71
58
57
42_45
71_75
35
42_45
71_75
59
30_36_42
45_73
69
71_75
58
36_42
45
73
69
71_75
62
42_66
69
73
59
42
30_66
69
73
63
66
44
33_41_68
62
44_66
41
68
66
42_63_66
68
42
66
68
66_71
33
36
35_42_69_73
49
36_66
42
49
69_73
73
69
42_71
75
73
42
69
71
75
75
71
75
42
71
42
42_48_75
71
42_48
35
75
71
36_42_71
30_45_69
73
36_42_75
45
71
69
73
75
69_73
42_66
42
69_73
66
66
41_42
68
41_42
66
68
30
42_66_68
42
66_68
66
36_42
35_69_73
66
36_42
69_73
69_73
42_71
75
42
69_73
71
75
71
75
42_71
75
42
35
42_71
75
42
71
75
71_75
36_40
30_42_73
69
36_40
42
71_75
73
69
30
42_66_69
42
73
66_69
73
44_66
35_68
44
66
68
35
42_66
68
42
66
68
71
66
66
36
35_42_69_73
66
36
42
69_73
73
69
42_71_75
42_73
69
75
71_75
71
75
42
47_54
59
71
42
35_47_54
59
42_48
71_75
42_48
71_75
71
36_42
30_45_69
73
75
36_42
45
71
69
73
75
69
54_59
42_66
73
47
42
69
66
73
54
47_59_66
41_42_68
73
66
41_42
68
73
30
73
42_66_68
47
42_73
66_68
66
47
54_59
36_42_66
35_69_73
36_42
69_73
73
69
42_71
75
42
73
69
71_75
75
71_75
47_54_59
42
42_71
47
59
54
42_75
71
42
75
71
35
71
36_40
30_42_69_73
75
36_40
42
71
69_73
75
73
59
69
42_66
47_54
42_73
69
66
30
47
66
54_59
33_44_66
68
44
68
68
42_66
42
68
66
54
66
59
66
47
33
36_42
35_69_73
36_42
69_73
47
73
42_69_75
71
73
42
69_75
71
42_71_75
54_59
42
71_75
59
54
42_48
71_75
42_48
35
71_75
75
36_42_71
30_45_73
69
75
36_42
45
71
73
69
69
42_54_59
66
42
73
69
66
54_59
73
66
41_42
68_73
41_42
66
68_73
73
68_73
42_47
66
30
42
68
66
66
36_42
35_54_59
47_69_73
66
36_42
69_73
69_73
42_71_75
69_73
42
71_75
75
42_71
42_75
71
42_71_75
42_59
71_75
35
71
36_40_75
30_42_57_62
69_73
54_71
36_40
42
75
69_73
42_69
66
73
42
69
66
73
66
30
33_44
68_73
57_66
44
62
68_73
42_66
68
42_73
66
68
66
73
33
36
35_66_71_74
49_66
36
49
66_71
71
74
66
71
66_90
71
71
44_69
71
44
66
59
69
66
71
66
69_71
44_66
69
44
64_66
64_65
65
66
66
44_64
44
62
64
64
62
64
62
44_59
62
44
57
59
35
59
57
59_62
44_59
62
44
57_59
59
57
59
57
57
44_54
44
53
54
53
54
57
54
44_58
57
44
58
58_59
58
59
57_62
57
62
62
59
62
44_57
59
44
54
57
59
54
59
57
44_54
57
44
54
52
52
53
53
54
44_52_54_54
54
44
50
52
52
50
50_52
44_47
50
44
45
47
47
45
50
47
44_47
50
44
45
47
47
45
47
45
42_44_45
44
41_42_42
42
42
41
45
42
44_46
45
44
46_46_47
46
47
45_50
45
50
47
54_59
54
47_59
