70
51_70
75
51
67
63
63
58_67
67
58_63
63
55_67
67
63
63
55_58_67
77
75
67
67
58_63
75
77
63
46
74
75
46
62
58
72
58_74
56_62
62
56_58
74
58
53_62
72
62
58
58
53_56_62
70
74
56
62
62
58
58
51
75
70
51
67
63
63
55_67
67
75
63
63
55_58_67_79
67
58_63
63
55_67
67
67
55_63
63
51
82
79
51
67
63
63
55_67
67
63
63
55_58_67
67
58_63
63
55_67
67
82
67
55_63
63
51_75
51
67
63
63
58_67
67
63
63
55_58_67
67
63
63
55_58_67
77
75
67
67
58_63
77
63
46
74
46
62
58
84
58
56_62
74
62
56_58
82
58
53_62_84
62
53_58
58_74
56_62
82
56
62
62
58
58
51
75
74
51
67
63
63
58_67
67
58_63
63
55_67
67
63
63
55_58_67
67
67
58_63
63
51
51
67
63
63
58_67
75
67
58_63
75
63
55_67
67
63
63
55_58_67
67
67_74
58_63
75
74
63
44
74
44
68
63
63
60_68
72
74
68
60_63
63
56_68
68
63
63
56_59_68
71
72
68
68
59_63
70
63
46
71
46
68
72
70
62
70
72
70
69
70
62
58_68
69
70
80
80
68
68
58_62
62
53
68
62
79
62
53_58_68
68
68
62
62
51_58
77
79
51
67
63
63
58_67
75
77
67
58_63
63
55_67
67
63
63
55_58_67
67
67
58_63
63
51
79
75
51
67
63
63
58_67
77
79
67
58_63
77
63
55_67
77
67
75
77
63
63
55_58_67
67
74
75
67
58_63
74
63
44
74
44
68
63
72
63
60_68
74
68
60_63
63
56_68
68
72
63
63
56_59_68
71
68
68
59_63
71
63
46_70
46
62
72
70
58
70
72
70
69
70
69
58
56_62
70
84
62
56_58
58
53_62
62
58
58
53_56_62
84
74
62
62
56_58
58
51
75
74
63
63
51_55
55
46
46
63
63
55
55
51
51
63
75
63
55
55
46
75
46
63_77
75
75
63
55
77
55
53
74_75
62
62
53_56
74_84
56
46
82
84
46
62
56
56
53_62
62
79
82
62
53_56
56
46
80
79
46
62
80
77
62
56
56
51
75
77
63
75_77
63
51_55
75
77
75
74
55
46
75
74
46
63
79
75
63
55
55
51
70
79
63
70
63
51_55
55
46
79
46
63
77
79
63
55
75
77
55
53
75
74
62
62
53_56
56
46
84
74
46
62
62
56
56
53
82
62
84
79_82
62
53_56
56
46
82
79
46
62
80
82
62
56_77_80
56
51
75
77
51
63
75
55
55
46_51_63
46
51
63
55
39_51
39_63
77
51_55
75
77
74_75
75
74
46
77
75
46
62
58
58
53_62
62
53_58
58
50_62
62
50_58
77
58
53_62
77
62
77
62
53_58
58
41
77
41
63
77
79
57
77
79
76
77
76
77
57
53_63
87
77
63
63
53_57
57
41
41
63
57
86
87
57
53_63
63
63
53_57
57_84
46
86
46
62
58
82
58
53_62
84
62
53_58
58
50_62
62
86
82
50_58_84
86
58
53_62
81
84
62_82
81
79_82
62
53_58
58
46_76
79
46
62
58
77
58
53_62_76
62
53_58
58
50_62
50
62
58
77
74
58
53_62
62
62
53_58
75
74
79
58
46
75
46
62
58
77
58
53_62
79
62
53_58
58
50_62
77
77
62
77
77
50_58
77
58
53_62
77
77
62
77
77
62_77
53_58
77
78
58
41
41
63
57
57
53_63
77
78
63
63
53_57
57
48
78
77
78
48
63
77
77
57_79
79
57
53_63_77
77
63_81
81
77
63
53_57
84
77
57
46
46
62
58
58
53_62
82
84
62
53_58
58
50_62
62
50_58
58
53_62
82
62
62
53_58
58
46
46
62
58
77
58
46_62
61
77
61
46_53
53
44_77
44
60
60
53
77
53
43
79
43
58
79
58
52
52
41
80
41
65
60
60
56_65
65
80
56_60
60
53_65
80
65
53_60
80
80
60
56_65
65
80
65
56_60
80
80
60
48
79
48
64
60
77
60_79
58_64
64
64
58_60
79
60
48
77
48
64
60
60
58_64
80
79
64
64
58_60
60_79
41
80
41
65
60
77
60
56_65
79
65
56_60
77
60
53_65
65
53_60
60
56_65
65
65
56_60
60
46
46
62
58
58
56_62
62
62
56_58
58
46
79
46
62
62
58
58
56
62
62
56_58_77
79
58
51
75
77
51
67
63
63
58_67
67
58_63
63
56_67
65
56_63
63
60_65
72
75
65
65
60_63
63
46
72
74
46
62
58
58
56_62
75
74
62
62
56_58
58
46
77
75
46
62
62
58
58
56
79
77
56
62
62
58
58
51_75
79
63
63
51_55
55
46
46
63
63
55
55
51
63
75
63
51_55
55
46
75
75
46
63
74
63
55
72
74
55
53
70
72
62
70
62
53_56
56_80
46
46
62
56
56
53_62
62
80
62
53_56
80
56
46
80
79
46
62
77_79
62
56
77
75
56
51
75
63
63
51_55
87
55
46
46
63
63
55
55
51
63
87
63
51_55
55
46
87
46_87
63
86
86
63
55
84
84
55
53_82
62
92
82
92
62
53_56
91
89
56_91
46
46_87
62
89
87
86
56
84
86
56
53_62
82
62
84
62_81_82
53_56
56
46
80
81
46
62_79
80
79
77
62
56
56_75
51
77
63
77
75
63
51_55
75
77
74_75
55
46
75
74
46
63
55
75
79
55
51_63
79
70
63
63
51_55
70
55
46
77
75
77
46
63
74_75
63
55
75
74
55
45
75_79
45
65
63
77
63_79
57_60_65
76
60
65
76
57_63
63
56_59_65
65
65
56_62
77
79
77
62_79
58_59
77
65_76
76
77
65
58_62
77
62_84
55
63
84
55_58
58
54_63_70_82
70
63
63
58
58
53_54
75
82
65
75
81
80
81
65_74
53_59
74
75_79
59
60_63
80
79
75
80
72
63
56_65
72
80
71
65
60_67_77
71
77
67
67
46_56
70
75
67
70
46
63_79
75
79
82
58
58_87
55_63
82
63
86
87
63
55_58_86
84
84
58_82
46
82
84
46
62
84
79
58
80
58
56_62
79
56
58_72
80
58
56
72_74
56
51
75
74
75
51
67
63
82_91
63
58_67
91
82
67
67
58_63
87
79
63
51
87
51
51
79
51
70
51
75
70
51
67
63
63
58_67
67
67
58_63
63
48
48
63
57
77
57
53_63
75
63
63
53_57
75
77
74
75
57
46
46
62
58
72
74
58
56_62
62
56_58
58
53_62
74
72
62
58
58
53_56_62
70_74
56
62
62
58
58_75
51
70
51
67
63
63
58_67
67
58_63
63
58_67_79
75
67
58_63
63
55_67
67
67
55_63
79
63_82
51
51
67
63
63
58_67
67
58_63
63
55_67
82
67
82
82
81
63
80
63
55_58_67
81
67
79_80
79
67
58_63_77
77
63
51
75
51
67
63
63
58_67
87
75
67
58_63
63
55_67
86
67_86_91
89
87
91
63_87
89
86
87
63
55_58_67_84
86
84
82
67_80
82
80
80
80
67
58_63_79
79
77
63
46_75_77
46
68
74
62_73_74_75
73_74
62
58_68_74_75
75_76
68_77
76
77_79
68
58_62_79_80
82
82
62
53_80_86
68
84
86
62_82_84
80
82
62
53_58_68_79
80
80
79
68_82
80
80
82
80
68
58_62_79
79
77
75
77
62
51_77
75_79
77_77
79
51
67
63
63
58_67_75_77
67
58_63
63
55_67_75
67
63
63
55_58_67
67
67
58_63
63
43
43
65
59
59
55_65
65
65
55_59
59
50
50
65
59
75
59
55_65
65
75
74
65
55_59
74
44
59_74
44
63
60
72
60_74
56_63
63
63
56_60
60
51
63
60
72
60
51_56_63
71
63
63
56_59
71
70
70
70
59
46
46
62
72
70
58
70
72
70
69
70
69
58
56_62
70
80
62
62
56_58
58
46
46
62
80
58
58
56_62_79
56
62
62
58
58
51
77
79
51
67
63
75
63
58_67
77
67
58_63
63
55_67
75
67
63
63
55_58_67
67
67
58_63
63
43
79
43
65
59
59
55_65
77
79
65
55_59
77
59
50_65_77
50
65
59
75
59
55_65
77
65
74_75
65
55_59
74
59
44
74
44
63
72
74
60
60
56_63
72_80
63
56_60
60
51_63
79
80
63_84
79
82
84
60_80
82
79
80
79
60
51_56_63_77
75
77
63_74
75
77
74
63
56_59_75
77
71
75
59
46_70
71
46
62
72
70
72
70
62
58
70
69
70
69
70
58
56
84
62
62
56_58
58
46
46
62
58
58
56_62
74
84
56
58
58
56
56
51
75
74
51
67
63
63
58_67
67
75
58_63
63
55_67
67
63
63
55_58_67
67
67
58_63
63
46
84
46
68
74
62
74
83
84
83
62
58_68
83
68
74
83
74
82
68
58_62
82
62_82
53
68
74
82
53_62
80
74
80
80
62
58_68
74
68
80
74_77
68
58_62
62
55_75
77
67_70
75
79
67
55_63
70
79
63
58
75
75
82
67
82
79
67
63
63_87
55_58
79
82
87
67
82
91
86
91
55_63_87
86
86_87
63
58_67_85
86
85_86
67
86
89
87
89
67
58_63
86
87
86
84
63
46
84
84
46
68
82
82
74
84
74
83
62
83
83
62
58_68
83
74
68
82
68
58_62
74
82
62
53_82
74
68
82
74
62_80
80
62
53_58_68
80
68
74
80
68
62_77
74
62
51_58
75
77
51
67
77
75
63
75
77
74_75
63
58_67
75
74
67
79
75
58_63
63
55_67
70
79
67
63
70
63
55_58_67
67
58_63
63
57_67
76
65
72
76
77
57_63
72
63
56_60_65
77
72
56_60
65
72
65
63_79
63
56_59
71
79
56_59
65
71
62
80
62
58_65
70
80
58
65
81
62_70
62
55_65
81
70
63
82
55_58
70
58
55_63
73_82
64
85
55_58
73
58
56_64_83
85
65_84
83
84
56_60_79
60
56_65_82
79
65_80
82
77
65
56_59_80
59
46_94
77
46
63
63
58
58
55
93
94
63_92
93
92
91
91
63
55_58_89
87_89
87
58
46_86
84_86
46
62_82_84
81_82
58_80_81
79_80
58
53_62_79_82
80_82
53
58_76_80
76_77
58
56_72_77
72_74
56
51_74_75
51
67
63_75
63
58_67
91
82
67
67
58_63
87
79
63
51
91
82
51
67
87
79
63
91
63
58_67_82
67
67
58_63
91
63_79_87
51_82
51
67
63
63
58_67
67
67
58_63
63
51
79_87
51
