42_49
50
51
52
53
42
54
55
56
42
42
42
62
62
66_69_74
66
69
42
69
74
66
69
42
78
74
74
42
69_69
66
74
73
42
61
61
66
69
42
69
73
66
69
73
78
42
73
42_69
69
46
66
67
71
42
55
55
59
62_67_71_74
42
67
71
42
67
42
42
69
66
62
57_62_69_74_78
66
69
42
66
64
42
57
57_61_69_73_76
61
64
42
46
66
66
62_62_74_78
62
42
69
69
42_69
66
66
71
74
42
69
69
42
66
74
62
64
42_61
73
66
66
67
69
42
69
66
71
69_73
42
66
69
42
66
55
55_67_71_74
59
42
59
62
62
62
42
64
67
66
71
42
64
66
74
42
64
71
62
55
67
42
59
42_62
67
71
67
42
69
42
67
71
46
71
67
42
57
67_69_73_76
67
61
67
64
42
64
67
69
69
42
57
42
64
61
64
42_57
69_73_76
64
61
64
42_64
64
69
66
73
42
61
69
42
73
59
61
42_55
55_62_67_71_74
59
62
42
59
67
62
42_71
64
67
66
71
42
67
67
57
42_57_69_73_76
64
61
64
42
69_73
42_45_69_76
47_71
42
49_69_73
46
69
64
62
62_64
38_74_78
42
66
69
66
36
69
62_69
42
66
66
42
71
74
42
42
37
42_69_69
66
45_62_74
42
64
61
66
50_61_73
36
42
42_66
69
69
42
69
71
66
42
66
73
42
42_69
42
78
37_69
66
45_73
42
64
66
38_69_72
36_60
42_60
69
42
69
42
72
71
69
42
72
72
42
72
42
71
69
37_42
69
71
66
38_42
67
42_55
36_43_55_59_67_71_74
55_59
42
59
42
42
62
67_71
42
42
42
67
37
64
36
62
38_43
42
66
67
57
61
57
45_57_61_69_73_76
42
36
64
61
73
42
67
42
64
64
42
69
69
42
42
42_73
37
69
69
42
57
45_73_76
36
42
64
61_66
42
64
64
42
64
66
64
42
69
61
42
42
73
37_64
38
42
38
42
62
55_59
43_55_59_59_67_71_74
42_62
36
62
42
67
42
59
62
62
42
59
62
71
42
64
67
38
42
66
62
37_42_43
67
67
43
42
64
57
45_57_61_69_73_76
36_42
64
61
61
42
64_69_73
42
42
47
45
38
45_48_74
69_73
69
76
47
73
45_57
42
69
74
40_42_43_61_69
64
42
43_49_55_67_67_71_74_74
55_59_71_71
67_74
67_71
74
36
62
42
62
42
51_59
67_67_71
38
42
67
43_46_62
36
42
62
71
36
42_43_46_51_67
71
55
42
71
62
67
38
42
62_71
51_67_74
71
42
71
62
67
69
76
69_73
73
61
36_42_45_51_57_57_61
73
69_76
42_64
38
51_64_73_76
42_69_73
73
36
42_45_69
64
69
73
73
74
36
42_69_73
45_51_57_61
73
42
64
69
71
38
42
64_73
51_69_73_76
69
42
64
69
74
74
36_69
42
57_62
38_51_62
42
69_78
74_78
38_42
66_69
51_69_74_78
74_76
38_66_69
42
74
71
66_69_74
36_38_42_51_62
42
66_69
74
69
38_51_69_74_78
42_66_69
45_71
71
36
42
62
36
50_51_57_62
42_69
78
42
69
66
38
42_57_62
51_69_74_78
42
69
50_66_69
62
69
74
69
69
74
45_51_78
36
42_69
69
69
74
42
67
66_69
50_51_69_74
38
42
66
45_74
42_66
71
67
71
67
64
36
43_51_55_71_79
55_59
42
59
42
62
62_67
51_62_71_71
38
42
42_43_71
62
74
36_71
43_51_62_67_74_79
42
42
74
62
38
42_62
51_71
67_71
36_42
62
38_71
74
36
42_55_59
43_51_55_59
42
62
38
42_67
51_55_79
71
62
62
42_43_71_79
59
74_79
62
67_71
43_51_74_79
36_42
64
67
74
42
66
42_62
38_38_51_71
67
42
36_67
43_74
69
73
64
73
69
64
36
42_57_61
45_51_57_61
42
64
42_51_69_73_76
38
45_69
42
69_73
36_45_51_74_76
42
42
73
64_69_73
38_51_71
42
74
42_64
40_69
73
57_61
36_42_45_51_69_73_76
38_51
42
36_42_57_61
38
73
74
64
45_69
42
73_76
74
42_69
38_45_57_61_69_73_76
36
76
69
42
48
36_42_69_73
45_47_57_61_69_73_76
43
74
42
64
69
71
67
71
62
74
55_59
43_49_55_67_71_74
36_42
67
71
59
42
38_51_62_67
42
42_62
43_67
67_71
67
71
71
36
71_71
43_51_67_71_74
42
72
67
42
74
62
51_67_71_74
42
38
67
67
36_42
73
57_61
36_45_51_57_61_62_69_69_76
73
42_69
69_73
42
73
38_51_64
42
73
64
69
42
69
76
73
76
74
36
42_73
40_51_73_76
73
42
69
45_69
73
71
38
64
42_51_73
69
36
42
69
40_45_76
71
74
71
71_74
36_42
71
74
59_62_66_71_74
47_51_57_59_62_71_74_78
71
42
42_71_78
38
74
66
47_71
42
69_73
73
69
36_69_73
42
57_64_69_73
45_51_57
42
61
69_76
42
73
74
42
64
76
73
67
71
71_71
67
36_42
55_62_67_71
43_51_55
67
42
67
42_67_71_74
67
42
67
69
66
67
69
66
54_66_66_69
42_51_54_66_69_73
42_67
36
69
66
66_66
42
64
66_73
42
62
66
42
64
64
64
67
36_64
67
52_64_67
40_52_64_67_71
42
42
42_71
66
42
40_67
67
66_69
66
54_66_69_71
42_54_66_69_73
36_42
69
66
66
42
66
69
42
69
66
42
67
71
67
66_71
67
36
42_55
43_55_67_71_74
64
62
67
42
71
42
67
66
42_74
73
69
73
67
69
42
36
45_57_69_73_76
57_69_73_76
69
66
42
64
76
42
42
61
62
62
74
74
76
36_42_62
50_62_69_74_78
69
42
42_69
74_78
74
42
78
69_74_78
42
74
42
69
74_78
42
42_69
69
42_72
62
42
72
74_78
42
69
72
42
47
78
45_69
42
45
42
66
72
38_43_60
42
67
69
40_41_69
42
71
43_49_55
55_59
42
36
71
59
42
74
71
62
62_67_69_71
42
42_43_67
69
71
67
43_71
71
42
69
62
42
71
67
42
38_74
37_67_71
42
43
62
64
57_61
42_45_57_61_69_73_76
36
73
69
42
64
73
62
64
42
62
42
69_73
45
66
42
73
45_76
42
73
42
64
37_69
67
42_69
40_42
69
67
71
69
42_55_59
36_43_55_59_67_71_74
71
67
71
42
71
42
62_67
42
67
43
69
71
67_71
43
42
42
69
38
42
67
37_43_67
42
71
62
43
42
69
36
57_61_64
45_57_61_69_73_76
69_73
42
38
42
64
42_45
36
69
38
74
36_42
69_73
45_48_57_61
69
47_69
42
76
73
42
36
64
40_43_69_73_76
45
74
42
69_69_73
41_42_69_76
74
71
55_59_67
43_49_55_59_67_67_71_74_74
71
42
36
55
42
51_67_71_74
38
42
67
43_62_67
42
36
59
71
67
36_38_51_55_59
42
62
42_67
38_62
42
71
43_51_71
42
67
74
61
73
69_69
57
36_42
57_61
45_51_57_61_69_73_76
42
64
64
73
73
38
42
69
51_69
42
36
73
64_73
45_73
73
76
74
36_42
73
40_51_76
73
42
69
45_69
71
64
42_51_73_76
38
69
42_69
45_69
62
74
69
62
50_51_62
42
36
42
66
78
66
42
38
69
51_69_74_78
69
69
74
42
36_66
50_69
36
76
42
74
45_51_69_74_78
78
42
69
69
76
42
38
66
51_57
62
74
42
69
45_66
69
69
36
42_57
38_51_74_78
42
62
38
42
66
51_69_74_78
42
36_69
69
38_69
69
74
78
69
36
42
74
45_51_69_74_78
69
42
69
50
78
74
67
38
42
66
45_51_69_69_74
66
42
69
69
69
64
67_71
42_55_59
36_43_46_55_59
71
67
42
62
38_42
62
51_67_71_74
36
42
67
43_62
67
74
62
36_42
71
38_51_71
42
74
38
42
67
51_67_71_74
76
42
62
67
74
42_55
36_43_51_55
42
59
59
62
51_62
42
38
59
36
67
42_43_67
62
36_71
38_42_51_67_71_74
64
42
67
38
66
42_62
43_51_67_71_74
67
42
67
43_67
69
73
64
64
57_73
45_51_57_61
61_69
36_42
64
42
69
51_64_69_73_76
38
42
36_64
42_45_69
36_76
42_73
40_51_74_76
42
69
73
73
42
38_64
51_69
42
69
61
57
36_42_45_51_64
64
61
38
42
64
38_69_73_76
42
73
74
36
42_69
69
47
69_74
73
42_43_45_74
76
42_69
45_45_73
36
42
73
64
47_69
47
76
36
42_74
69
45_47_73
74
67
42_55_59_71
43_49_55_59_74
71
67_67
71_74
62
67_74
42
67
42_51_62_71_74
36
38
67
62
43_67
42
71
71
71
38_51_67_71_74
36
42
67
42
71
74
67
43_51_67_71_74
38_42
62
67
36_42
69
73
73
57_61
45_51_57_61_69
36_42
69
73
64_69_76
42
64
73
73
69
51_64
38_42
69_73
73
64
45_69
42
74
73
40_51_69_73_76
36_42
42
69
45_69
73
38
64
51_69_73_76
42_71
69
36_42
69
40_45_69
66
71
74
74
71
71
74
71
36_42_59_66_71_74
47_59_62
71
42
74
42
71_74
51_71_74_78
42
66
47
66
73
73
69_69
64
36_73
42_69
57_69_73
45_57_61
42_69
73
42
51_69_73_76
42
71
67_71
67
62
55_62_67_71
43_55_59
67
42
71
36
67_74
42
71_74
51_67_67_71
42
67
43_67
42
69
66_66
66_67
69
36_42
54_66_69
42_54_57_69
66
42
66
64
69_73
42
62_66
42
67
64
64
64_67
67
64
52_64_67
40_49_52_55
36_42
42
42
51_64_67_71
66
42
66_69
67
69
66
69
66
54_66_69
42_54_57_66_67_69_73
36
42
66
42
66
51_66_69_73
42
37
42
66
69
71
67
67
71
67
71
55_62_67_71
42_43_55_59_67_71_74
36
66
64
42
62
37
42_62
51_67_71_74
67
42_67
66
73
73_73
69_69
69
36
57_64
45_49_57_61_69_73_73_76
42_69
67
42_66
64
42
69_73_76
37
61
42_69
74
69_74
74
62
66
38_49_62
36_42
69
42
74
74
42
37
69
42_69
78
74
78
42
36
76
62
42
74
74
69
42
36
45_69_74
42
69
50_57
62
42
36
42
69
66
47
42_43_74_78
69
36
66
66
69
42_66
45
67
74
41_45_78
42
36
66
42_69
47_69
64
66
38_42_43_74
36
48
62
42
69
48_69
36
71
67
64_67
64
64
67
71
52_55
36_40_49_55_59_67_71_74
42
64
67
64
42
67_71
42_51_67_71_74
38
66
40_64_67
42
69_69
67
66
69
66
66
54_57
42_51
36_42
71
66
66_73
57_69
42
66
69_73
51_73_76
38
42
69
66
42_69
42
67
67_71
71
71
66_67
67_74
43_51
55_57_71
36_42
64
62
55
42
51_67_71_74
38
42
67
42
66
73
69
73_73
57_69_69_73_76
45_49_57_69_73_76
36_42
67_69
42
66
64
42
42
62
50_62_62
74
42
69_74
62
66
42
69
69
42
51
66
74
42
74
51_78
42
74
42
78
51_69_69
42
74
42
66
45_74
78
73_73
38_51
61
42
61
42_66
42
51_73
69
42
66
69
73
51_78
42
73
42
51_69
69
42
51
42
71
67
67
43_49_55_71
55_59
42
59
42
51_67
46_67_71_74
71_74
42
73
69
73
57
45_49_57_61_61_69
42
69
69_76
42
73
51_73
46
42_76
76
74
66
69
49_50_62
42
69
74
45_51_74
42
78
42
78
49
38_49_51_81
78
84
88
91
