64_69_73_76
73
76
73
69_76
64
64_69_73_76
74
73
69
64
71
73
69
64_73
69_76
73_76
73
69
64_76
74
73_76
69
64
73
69
64
71
73
69
52
45
64
73
69
76
64_69_73_76
45
76
76
64
69_73
76
44
78
73
64_69
76
80
44
76
64
69_73
76
42
64_69_73
76
42
64
69_73
76
40
71
73
64_69_76
40_73
69
57
66
62_69
38
57_66
62_69
57
53
62_66_69
57
53_66
62_69
71
38
69
40
45
71
64
73
69
76
73
73
64_69
76
71
69
71
40
64
69
68
45
69
73_76
64
64_73
69
76
45
76
76
64
73
69_76
44
78
64
69_73
76
80
44
76
64
69_73
76
42
64_73
69_76
42
40
64
69_73
76
71
64
69_73
76
73
40
57
62_66_69
69
38
66
62
69
57
53
62_66_69
71
66
62_69
53
69
71
64
45_73
69
76
73
73
69
76
71
64
69
71
40
69
40
68
40
41
41
42
42
66
71
71
74
78
47_81
74_78
80
47
66
59_62
59_66
62
74
59_62_66
78
74_74
59_62_66
73
47
49_71
62
66_74
69
50_54
57_69_78
74_81
50
54
50
57
69
50
50_54
57
69
69
78
74_81
54
50
57
66
64
76
68_71
52_56
59
40
64_69_71
68
71
56
52_59
56
52_59
64_68_71
56
52
59
64_69
40
52_56
59
40
64_69
56
52_59
40
42
56
52
59
64_68_71
47
49
52_56
59
54
66
71
74
47
78
59
62
66
71
74
78
66
59_62
74
66
59_62
78
74
74
62_66
59
47
73
49
62
66_74
69
69
50_78
54
50_57_74_81
71
54_69
50
57
50
69
54
50_57
78
74_81
54
50
57
66
69
64
69
76
68_71
52
56_71
59
52
42
68
64
71
56
52_59
42
52
56
52
59
42
52_68
64
71
56
52_59
42
40
62
40
54_69
50_57
66
42
69_74
78
74
50
81
54_57
50
47
74
42
50
54_57
50
45
50_54_57
42
69_74_74_78
81
49
45
43
42_50_54
57_74
47
42
69_73_76
45_73
57
61_64
49
36
42
61_64
57_64
45
61
57
64
69
45
42_69
45
73
73_76
57_69
61
57_64
40
69
66
42
64
57
61
64
36
61_64
36
42
71_74_78
47
66
62
59
66
66
42
66
59_62
47
71
57
74_78
71_74
40
42_66
47_59_62
74
71
66
59_66
42_62
71
36
36
40
42_52_56_59_64
68_71
56_59
52
59
42
64
40
40
68
49
68
56_64_71
52_59
40_42
64
56
52_59
59
42
36
74
78
36_50_54_57_74
81
42
50
54
50_57_74
57
42
62
50_54
57
66
50_54
57_74
49
40_78_81
74
49
42
62
57
54
47_50
57
73
42
36
57
45_61
36_73_76
69
42
64
64
61
64
57
42
45_69
61
57_64
73
49
40_45
73
57_61_69_76
64
69
42
69
64
66
57
61_64
42
64
36
36
66
47_59
62_66
74_78
71
42
66
66
59
62
42
71
47
74
59_62_66
40
49
78
74
71
47
42
74
71
66
59_66
62
42
36
36
52_56_64_68_71
40_59
71
42
59
56
52_59
42
64
40
68
49
68
56_64_71
52_59
40
40
42
64
59
52_56_59
42
36
36_50_54
57_74
50_74_78_81
42
57
50_50
54_57_74
42
62
66
49_54
40_50_57
49
78
81
74_74
42
62
57
47
54
50_57
42
74
36
36_45_57
64
61
42_73
69_76
64
61
57_64
42_73
69
45
73
49
40
42_45
73
57_61_64_69_76
69
69
64
57_61
42_64_66
64
36
36
59
66
62_78
42_66_71_74
47
59_66_66
62
42
47_71
57
74
66
47_59_62_78
74
71
42
74
40
71
66
59
62_66
42
36
40_71
42_59_64_68_71
52_56
36
42_56
52_59
59
40
64
68
64_68
71
40_42
40_56
52_59
71
68
42
56
52_59
64
39
69
40
40_68
64_71
42
68
64
42_47
59
56
40
45
42_64_68
71
71
43
42_43
71
71
49
62
38
74_78
69
69
78
74
62_69
69_74
62_78
69_74_78
62_66
64
62
45
73
64_73
69_76
74
73
69
64
71
73
69
64
57
57
45
35_42
73
69
76
42
69
64
37_42_64_69_73_76
42
45
76
64
69_73_76
76
35_42
44
35_42
78
73
64_69
76
37_42
80
42
44
76
64
35_42
69_73
42_76
42
37_42
64_69_73
76
42
42
64
69_73
35_42_76
40
35_42
71
37_42
73
64_69_76
42_73
40
50
57_62_66
35_42
66_69
62_69
38_50
42
37_42
57_66
62_69
42
57
50
53
62_66_69
65
35_42
53
35_42
57_71
53_66
62_69
37_42
69
42
64_69
52
71
52
35_42
64
73
69
76
73
42
37_42_73
64_69
76
71
42
69
40_71
64
35_42
69
57
35_42
68
42
37_42_56
44
42
57
57
69
45_73_76
35_42_64
42
64
64
69_76
64_73
37_42_69
76
76
42
45
56
71
64_76
35_42_44_73
69_76
35_42
64
69_73
76
78
37_42
80
42
44
81
54
64
69_73
35_42_66_76
61
42
49
80
42
69
54_78
37_42_64_73
69_76
56
76
42
42
73
57
35_42
40
64
69_73
76
35_42
73
37_42
64
69_73
76
73
42
71
43
59
57
35_42
67
62
67_71
59_62
42
37_42
71
62_67
43
42
57
57_66
50
35_42
62_66_69
35_42
69
69
66
49_62_69
37_42
69
47
42
45_71
35_42
64
73
69
76
69
73
64
42
37_42_73
69
76
42
64
45
45
35_42_69
74
73
69
35_42
64
49
68
71
37_42
52
73
69
45
42
66
64
71
71
74
71
78
74
78_81
74_78
80
66
47
59_62_66
42
66
74
59
62
42
66
59
78
74
74
66
59_62
42
73
66
47_59
42_62
71
62
66_74
69
69_78
74_81
50
57
50_54
42
54
50_57
69
42
69
78
74_81
54
50_57
42_69
50_54
50_57
36
66
42
64
76
68_71
52
56_64_71
36_59_68_69
40
42
71
52_56_59
42
56
52_59_64_68_71
28_42
56
52_59
42
64
40_64_69
69
52_56
59
42
64_69_69
69
52_56
42_59
40
42_64_68_71
68
52_56
59
42
45
47
36
52_56
42_59
50
66
71
74
78
35
71
36
74
59
42_62
78
66
62
59
74
42
74_78
74
62_66
59
42
73
66
47_59_62
42
49
62
66_74
69
69
78
74_81
50_71
54
50_57
42
54
50_57
69
42
50_54_57
42
69_78
74_81
50_54_57_66_69
50
42
64
76
68_71
52_56_59
40_42_64
68_71
40
40
47
56
52_59
42
45
40
68
64_71
43
42_56
52
59
40
43
42
56
52_59
40
43
62
78
74
81
69
50_74
66
42_54
47_50_57
47
50
54
50_57
64
74
42
69
45
54_78_81
50_57_74
69
45
74
49
42
68
43
50_54
57
74
43
47
42
49
57
64_73_76
69
61_73_76
69
42_45
57_61_64
73
42
64
45
69
73
61_69_69_76
57_64
40
49
42
45_73
69
57_61
64_66
42
64
36
62_78
36
59_66_71_74_78
71_74
42
47
66
66
62
59
66
42
47
71
49
78
74
66_71
40_59_62_74_74
47
42
71
59_66
62
71
66
42
36
64_68_71
36_64_68
40
52_68
59_64
42_56_71
56
52_59
59
42
64
40
40_68
49_56_68
40_52_59_64_71
42
64
59
56_59
52
42
40
36
78
69_74
36
74
54
50_57
50_74_78
69
42
57
50
54_57_74
50
42
62
66
49
40
78
74
69
54_74
50_57
42_49
62
57
73
47
50_54_57
42
36
73_76
36
57
64_69_73
45_61_76
42
73
64
61
57_64
42
69
45
73
49
57_61_64
40_42_45
69_73_76
69
64
57_64
61_69
42
64
36
66_78
71_74
59_74
42_62_66_71_78
36
47_66
66
42
66
59_62
71
47
74
49_78
42_71_74
59_62_66
47
40
74
71
66
42
66_71
59_62
36
42_64_68
40_68
64_71
59
56
36_50_52
59
42
56
52_59
64
40
68
42
40_68
64_71
40_49
52_56
59
64
59
42
56
52_59
40
36
78
42_69_74
50
36
50
54_57
78
69_74_74
57
50
42_74
54
50_57
62
66
49
78
69
74
42
40_49
74
50_54_57
62
57
74
47
42
50
54_57
36
73
76
36_45_73
42
57_64_69
61_73_76
64
57_61
42
64
69
45
73
49_69
73
42_57_61_64_69_76
40_45
69
64
66
42
57_61_64
64
36
78
71
74
59
42_66_78
66_74
47_71
62_69
36
66
66
42_59_62
71
47
74
71_78
74
42_59_66
49_62
47
40_74
71
66
42_66
59_62
36
64_68
64_68_71
36_71
42_59
40_56
52
42
52_56_59_59
64
40
68
42_68
40_64_71
40_49_52_56
59
71
68
42
52_56_59
64
40
40
69
42
56
52
59
42
68
64_71
47
68
44
64
47_52
56_59
42
47
59
47
56
52
56
52
59
42
68
45_64_71
71
71
42_43
71
50
51
78
69_74
69
78
69_74
69_78
74
66
78
69
74
38
64
62
64
73_76
45_69
69
71
54
73
69_73_78
69_73_78
74
73
69_78
73
78
69_73
69
73_78
69
73
52
73
73_78
69
74
73
69_73_78
69_73_78
69
69_73_78
50_73
73
73_78
69
74
73
69_73_78
73_78
69
50
78
38
78
69_73
81
69_78
73
78
69_73_78
69_73
78
49
71
73
78
69_73
59_62_66_74
74
47
74
69_73_78
76
74
69_73
78
69_73_78
59
71
73
73_74_78
69
73
57
57
74
73
69_78
76
74
78
69_73
69_73_78
45
71
73
74
73
69_78
43
55
71
59
67
73_78
69
74
76
74
73
69_78
55
73
69_73_78
71
69
54
68
64
42_64_71
68_71
52_64_68_71
42
68
64_71
42
52
64_68_71
42
78
74
81
41
54
50
42_57
40_74
50
40_74
41
54
50_57
50
42
45
78_81
74
40
74
54
50_50_57
41
42
50
50
40
41
50_54
57
42
52
45
49
73
57_73_76
69
61_64_73_76
69
42
61
57_64
42
64
36
69
49
45
73
40_69_76
57_61_64_69
42
73
69
66
57
61_64
42
64
36
36
59_62
78
66
71_74_78
47
71_74
42
66
66
59_62
66
42
47
71
49
40
62_66
59_78
47_74
71
74
42
74
71
66
59_62
66
71
42
36
52_56_59
36
64_68_71
64_68
40
68
64
42_71
52_56_59
59
42
64
40
52_56
40_59
49
68
68
64_71
42
44
64
47
56
52_59
59
42
50
36
52
36
50_54_78
57
69_74
50
74_78
69
42
74
54
50_57
57
42
74
62
49
66
50_54_57
40_78
74
69
42
74
62
50_54_57
57
73
50
42
36
57_61_64
73_76
36
69_73
76
42
45
64
57_61
64
42
69
73
57_61
64
49
69
42
40_69_73_76
69
64
57_61_64
66
42
45
64
36
66_78
59_66
62
71_74
74
36_42_71_78
47
66
66
59
62
42
71
74
49
62_66
59
78
42_71_74
40
74
71
66
66
59
62
42
47
71
36
52_56_59
36_42_64_68
40
68
64_71
59
42_52_56_59
64
68
42_52_56_59
49
68
64_71
40
64
59
56
40_42_52_59
36
78
36
42_69_74
50_54_57
74
78
69_74
50
57
54
50_57
42_50
74
62
66
78
69
49_74
42_50_54_57
49
74
40
62
57
74
47
42
50_54
57
36
36_73_73
76
57
42_61
45_64_69
73_76
64
61
57_64
42
69
45
73
40_49
69
61
45_57_64
73
42_69_76
69
66
61_64
57_64
42
64
36
45
78
36_59_71
66
62_74
47
42_66_78
74
71
69
66
59_66
62
42
71
47
66
49_62
59
40_74
71_78
74
42
74
71
66
59
62
47
66
42
71
36
40
52_56_59_64_68
36
64_68
71
42
52_56_59
42
59
40
64
52_56
49_52_59
40
68
42_68
64_71
71
68
52_59
56
42
64
47
69
52_56
59
47
42
68
64_71
68
45
64
52
56_59
42
59
47
56
56
40_52
59
47
42
68
64_71
71
45
42
43_71
71
78
50_69_74
51
78
69_74
69
78
69_74
69_78
74
78
69
66
74
64
62
64
57
73_76
69
64_73
52
71
71
50_71
62
57
66
57
62_66
69
69
53
57_65
62
66
64
62
57
64
57_73
69_76
64
61
64
