72
43
35_40_41
43
35_40_41
40
72
74
40
40
40
40
40
40
40
74
40
76
40
76
67
72
40
76
40
50
50_57
35_38_42_49
57
62
62_65_69
65
50
35_42_49
65
42
62
57
50
72
67
76
42
62
69
65
50
50
65
40_42
57_62_69
62_67_72
65
50
76
38_40_42
65
35_38_42
62
57
50
72
67
35_42
76
62
65_69
50
50
65
76
50_62_69
35_38_42_45
57
62
65
67_72
35_42
65
42
62
57
50
42
67
72
76
69
65
74
50
40_42_45_45
57
62
65
40_42
65
69
72
65
42_62
67
76
57
50
74
42
50
35_38_42_45
57
62
65
35_42
62
65
50
69
50
65
62_69
65
42_62
57
50
62_65
69
50
42
69
62_65
50
50
40_42
57
62
65
57
38_40_42
72
67
65
35_38_42
62
57
50
76
35_42
57
56
72
67
35_38_42_45
57
56
35_42
72
57_67
42
62
57
74
50
50
42
57
74
56
50
40_42_45_45
76
57
62
65
57
56
40_42
55_65
42
62
57
50
74
57
76
65_74
42
65
69
62
50
48
35_36_42_45
55
64
60
35_42
64
42
60
55
48
42
65
74
72
74
55_60_64
48
64
48
72
40_42_55
60
64
36_40_42
64
55
72
65
74
74
55_64
35_36_42
60
55
48
60
72
60
55
64
48
35_42
48
55_60
64
48
35_36_42_43_55
60
64
55_60
64
48
35_42
65
60_64
55
48
74
72
64
64
74
42
60
72
55
48
72
42
64
64_72
67
64
48_67
40_42_43_43_55
60
64
40_42
65
64
42_67
60
55
48
42
64
67
65
64
48
35_36_42_43
55
62_66
60
64
55_64
60
48
35_42
60
55_64
48
64
42
60
55
48
55
60
64
48
42
48_55_60_64
48
40_42
55
60
64
36_40_42
64
64
35_36_42_60
55
48
66
62
35_42
48
64
55
60
48
79
67
55
60_62_64
35_36_42_43
55_60
64
48
35_42
67_79
77
55_60_64
62
65
48
42_43_45
60
55
48
42
77
76
65
64
48
40_42_43_45
55_64
60
64
40_42
76
72
64
64
40_43_46_60
60
55
48
55
60
64
46
48
60
72
55
60
76
64
35_38_40_42_49
57
62
50_65
35_42_49
65
65
62_69
42_62
57
57
50
62
65
69
57
42
55
60
76
64
55_60
50_57_65_69
62
40_42_64_76
57
62
65
38_40_42
65
57
35_38_42_62
57
50
50
62
65
35_42
69
57
64_76
69
65
62
62_74
50
57
35_38_42_45
57
62
65
35_42
65
42
62
57
50
42
62_74
60_72
50
38_40_42_45_57
62
65
65
69
62
40_42
65
42
62
57
50
57
42
60_72
48
48
55_67
35_38_41_42_53_57_57_62_65
55
60
65
60
35_42
65
65
55_67
42
60
53
57
48
42
48
40_42_57
60
65
40_41_42
65
35_41_42
60
57
48
65
35_42
53
57
62
65
62
74
48
35_41_42_45_55
60
65
57
62
65
35_42
72
62
60_60_65
42
60
55
74
48
53
42
57_62
65
53
60
74
62_65
72
62
53_57
48
38_40_42_45_57
60
65
40_42
62
69
74
57
65
42_60
57
48
53
65
62
57
53
42
60
36
35_38_42_48_48_55_55_60_60_60_64_64_72
57
69
35_42
64
42_60
55
48
42
48
40_42
55
60
64
36
40_42
55_62
35_36_42_60
55
55
48
60
35_42
55
48_55
35_36_42_43
55
60
62
35_42
55
57
62
42_60
55
48
42
57
48
60
48
40_42_43_43
55
48
60
64
40_42
55
60
60
64
60
64
55
64
62
42
48
55
60
60
64
42_43
62
53_62
48
35_36_42_52
64
55_60_64
55
60
64
35_42_52
53
72
62
64
64
53_62
53
62
64
64
53_62
62
64
60
53
62
62
55_60
43
43
46
46
55_60
64
48
35_36_36_42_48_52_55_60_64
60
35_42
42
48
52
55_64
60
42
64
37_42
48
55_60
52
55_64
60
36_37_42
64
67
35_36_42
48
52
55_64
60
35_42
67
35_36_42_43
67
35_42
42
48
52
55_64
60
67
42
67
37_42
48
52
55_64
60
67
37_42
69
42
48
52
55_64
60
42
35_36_42_43_48_52_55_60_64
69
35_42
67
42
48
52
55_64
60
42
37_42
48
52
55_64
60
36_37_42
35_36_42
48
52
55_64
60
35_42
35_36_42_43
35_42
67
69
42
48
52
55_64
60
42
37_40_42_43
48
52
55_64
60
37_42
69
42
48
52_64
55_64
60
42
35_38_40_42_50_57_62_65
35_42
64
62
42
50
57_65
62
62
42
62
37_42
50
57_65
62
37_38_42
62
60
35_38_42
50
57_65
62
35_42
60
35_38_42_45
62
35_42
62
64
42
50
57_65
62
42
37_42
50
57_65
62
37_42
42
50
57_65
62
42
35_38_42_45_57_62_65
50
35_42
64
42
50
57_65
62
42
37_42
50
57_65
62
37_38_42
35_38_42
50
57_65
62
35_42
35_38_42_45
35_42
42
50
57_65
62
42
60
37_42
50
57_65
62
37_42
60
60
42
50
57_65
62
42
60
67
41
35_41_42_45
48
53
57_65
60
35_42
67
41
42
48
69
53
57_65
60
42
69
69
41
37_42
48
53
57_65
60
37_41_42
69
69
41
35_41_42
48
53
57
65
60
35_42
35_36_41_42
35_42
41
42
48
53
57_65
60
42
69
69
41
37_42
48
53
57_65
60
37_42
69
70
41
42
48
53
57_65
60
42
35_36_41_41_42
48
53
57_65
60
35_42
70
41
42
48
53
67
57_65
60
42
67
65
41
37_42
48
53
57_65
60
37_41_42
41
35_41_42
48
53
57_65
60
35_42
35_41_41_42
35_42
41
42
48
53
57_65
60
65
42
41
37_42
48
53
65
57
65
60
65
37_42
65
41
42
48
53
57_65
60
42
35_36_41_42
48
67_67
52
55_64
60
35_42
65
64
42
48
52
55_64
60
42
64
62
37_42
48
52
55_64
60
36_37_42
62
64
35_36_42
48
52
55_64
60
35_42
35_36_42_43
35_42
42
48
52
55
64
60
42
37_42
48
52
55_64
60
37_42
42
48
52
55_64
60
42
55
35_36_42_43
48
52
55_64
60
64
35_42
42
48
52
55_64
60
42
37_42
48
52
55_64
60
36_37_42
67_67
55
35_36_42
48
52
55
64
60
55
35_42
62
35_36_42_43
35_42
64
42
48_62
52
55_64
60
42
62_64
37_42_43_43
48
52
55_64
60
37_42
60
62
46
46
60
35_36_42_43_48_52_55_60_64
60
35_42
42
48
52
55_64
60
60
60
42
64
37_42
48
52
55_64
60
36_37_42
35_36_42
64
48
52
55_64
67
60
67
35_42
35_36_42_43
67
35_42
42
48
52
55_64
60
42
67
37_42
48
64
52
55_64
60
37_42
64
42
48
67
52
55_64
60
42
60
67
55
35_36_42_43
64
48
52
55_64
60
35_42
64
42
48
52_69
55_64
60
42
37_42
48
52
55_64
60
36_37_42
69
35_36_42
48
52
55_64
60
35_42
35_36_42_43
35_42
64
42
48
52
55_64
60
42
64
67
37_40_42_43
48
52
55_64
60
67
37_42
42_69
48
52
55_64
60
42
35_38_40_42
50
57_65
62
35_42
69
42
50
64
57_65
62
42
64
62
37_42
50
57_65
62
62
37_38_42
62
57
35_38_42
50
57_65
62
35_42
62
35_38_42_45
57
35_42
64
42
50
62
57_65
62
42
62
60
65
37_42
50
64
57_65
62
60
37_42
62
57_65
42
65
50
57_65
62
42
57
35_38_42_45_62
50
57_65
62
35_42
62
42
50_64
57_65
62
42
64
37_42
50
57_65
62
37_38_42
65
57
35_38_42_67
50
57_65
62
35_42
67
35_38_42_45_65
35_42
42
50
57_65
62
42
60
37_42_65
50
57_65
62
37_42
57
60
42
50
57_65
62
42
41
35_41_42_45_60
48
53
57
57_65
60
35_42
41
42
48
53
57_65
60
42
41
37_42
48
53
57_65
60
37_41_42
60
41
35_41_42
48
53
57
65
60
35_42
60
64
35_36_41_42
35_42
64
69
41
42
48
53
57_65
60
42
69
72
41
37_42
48
53
57_65
60
37_42
72
70
41
42
48
53
57_65
60
42
35_36_41_41_42_60
48
53
57_65
60
35_42
41
42
48
53
57_65
60
42
70
69
41
37_42
48
53
57_65
60
37_41_42
69
67
41
35_41_42
48
53
57_65
60
35_42
67
65
35_41_41_42
35_42
41
42
48
53
57_65
60
42
65
41
37_42
48
53
57_65
65
60
65
37_42
65
41
42
48
53
57_65
60
42
35_36_41_42
48
52
55_64
60
35_42
65
64
42
48
52
55_64
60
42
64
62
37_42
48
52
55_64
60
36_37_42
62
64
35_36_42
48
52
55_64
60
35_42
74
35_36_42_43
74
76
35_42
74
76
74
64_72
67
42
48
52
55
64
60
67
42
72
60
65
74
37_42_60
48
52
55_64
60
37_42
74
72
42
48
52
55_64
60
42
55
35_36_42_43
48
52
55_64
60
35_42
72
69
42
48
52
55_64
60
42
69
67
37_42
48
52
55_64
60
36_37_42
35_36_42
48
52
55
64
60
35_42
67
62
35_36_42_43
35_42
62
64
46
48
52
55_64
60
46
64
62
37_42_43_43
48
52
55_64
60
37_42
62
60
67
46
65
60
46
67
60
57
50
62
69
62
53
35_38_42_43_57_60_62_65
57
35_42
42_57
50
42
69
71
37_42
57
62
65
71
37_42
72
38
35_38_42
65
62
62
57
35_42
38
35_38_42
35_42
72
42
65
74
50
62
57
42
37_42
65
57
62
65
37_42
74
42
69
65
62
57
42
62
50_57
53
62
35_38_40_42_52_55_59_64_67
40
69
67
62
40
35_42
42
42
37_42
55
67
59
64
37_42
40
35_40_42
64
52
59
55
67
35_42
35_40_42
40
60
62
35_42
42
64
59
55
42
65
37_42
37_42
65
67
42
64
59
55
42
60
65
41
60
35_40_41_42_48_53_57_60_65_65
67
35_42
65
69
42
42
37_42
57
41
60
65
37_42
41
35_41_42
57
65
53
60
57
35_42
35_41_42
41
35_42
42
65
41
60
57
42
37_42
57
69
60
65
37_42
42
65
60
65
48
60
57
42
35_41_42_43_43_55_59_62
50
35_42
42_72
72
62
43
59
55
42
37_42_71
72
71
55
50
59
62
37_42
43
35_42_43_67
71
67
62
59
55
35_42
43_46_62_69
43
43_67
62
35_40_41
43
35_40_41
46
69
43
40_43_60_72
62
60
62
59
55
40
40
40
40
40
40
72
40
40_40_59_76
43_60
59
50
40
76
40
36_40_55
59
55
62
43
59
55_76
40
35_38_42_49_57_57_59_62_62_62_71
50_57
36_55_57_60_67_72
62
55_65
50
35_42_49
42
65
62
57
50
50
42
76
57
40_42
50
53_62
57
62
65
74
74
40_42
50
50
38
35_38_42
65
62
57
50
74
35_42
62
53
57
33_35_42
50
50
38
57
62
65
35_42
42_65
50
62
57
50
42
53_57_62
74
33_36_40_42
65
50
57
62
65
72
40_42
72
42_65
50_57_62
74
42
50
62
57
53
35_36_38_42_50_57_57_62_62
57
50
62
62
65
74
50
35_42
50
42_65
62
60_62
57
50
42
53
57_62
40_42_50
57
62
65
40_42
50
69
38
50
35_38_42_65
62
57
50
53
62
57
35_42
69
72
33_35_42
67
38
50
35_42
72
50
74
42
57_67
62
57
50
50
42
74
53_57_62
76
33_38_40_42
50
57
62
65
50
76
40_42
76
42_65
62
57
50
60
42
48
62
35_36_38_42_48_55_60_64
57
53
35_42
48
42_48_64
60
55
48
42
76
52
55_60
40_42
48
55
60
74
64
48
74
40_42
48
36
74
35_36_42
55_64
60
55
48
60
55
52
60
35_42
48
31_35_42
48
36_55
60
64
35_42
74
72
42_64
48_60
55
48
42
52_55
60
31_33_40_42_64
48
67_72
55
60
64
48
40_42
67_72
67_74
72
42_64
60
55
69
48
42
67_74
69
33_35_36_42_67_67_74
48
55
48_60
64
52
60
55
48
35_42
48
42
64
60
55
48
42
52
55
60
40_42
48
55
60
64
48
40_42_67
36_48_67
35_36_42_64
60
55
48
55
60
52
35_42
67
48
67_74
72
36
31_35_42_62_67_72
35_42
72
48
42_62
60
55_74
48
42
74
48
55
76
52
31_36_40_42_60_64
48
55
60
64
76
40_42
48
76
42_64
60
55
48
52
60
55
42
67_72
48
50
35_36_38_42_50_57_57_62_65
35_42
50
50
42_65
62
57
50
42
76
53_57_62
74
40_42_50
57
50_62
65
74
40_42
74
50
38
35_38_42_57_65
62
57
50
50
53
57_62
35_42
50
33_35_42_50
38_57
62
65
35_42
74
42_65
72
62
57
50
50
42
53
57_62
31_33_40_42_65
50
57
76
62
50
65
40_42
72
50
53_65
42
62
72
57
57_74
50
76
62
42
50
48
29_31_35_42_53
48
57
60_67
60
65
72
35_42
53
53
65
42
60
57
48
74
42
57_60
65
40_42
48
57
53
60
65
40_42
53
67
29
65
29_35_42
60
57
48
65
57
60
67
69
35_42
53
69
35_41_42
48
72
29_55
60
65
35_42
72
53
42_60_65
60
55
48
53
72
42
38_40_41_42
48_57_60_65
57
60
65
53
72
40_42
42_60_65
60
53_57
48
53
72
60_67
42_60
65
57
60
53
60
35_36_38_42_55_64
48
35_42
42_64
72
60
55
48
67
42
52
40_42_48
55
60
64
40_42
52
55
36
35_36_42
55_64
60
55
48
60
35_42
55
57
31_35_42_48
36_55
60
64
35_42
42_64
60
55
48
42
31_33_40_42_64
48
57
55
60
64
60
40_42
67
42_64
60
55
48
42
60
50
33_35_36_42_48
55
60
64
35_42
50
48
42_64
60
55
48
42
60
40_42_48_52
55
57
60
64
40_42
57
60
52
67
36
64
35_36_42
60
55
48
52_55_60
67
35_42
60
55
52
72
55_62_67
31_35_42_62
36
35_42
31
62_74
36_46
60
72
55
48
48
46
74
60
52_76
40_40_42_57_64
48
36_55
60
64
76
40_42
57
55
40_76
64
36_46
60
55
48
48
62
46
60
55
48_52
67
55
35_38_42_49_62_69_74
50_57
36_57
62
57_65
50
35_42_49
42
65
62
57
50
50
42
76
57
40_42
50
53_62
57
62
65
74
74
40_42
50
50
38
35_38_42
65
62
74
57
50
35_42
62
53
57
33_35_42
50
50
38
57
62
65
35_42
74
72
42_65
50
62
57
50
42
53_57_62
33_36_40_42
65
50
57
62
65
40_42
72
42_65
74
50_57_62
42
50
62
57
53
35_36_38_42_50
69
57
50
62
62
65
57
50
35_42
50
42_65
62
57
50
42
53
57_62
40_42_50
57
62
65
74
40_42
50
67
38
50
35_38_42_65
62
57
50
67
53
62
57
35_42
72
33_35_42
67
38
50
35_42
50
42
57_67_74
62
57
50
72
50
42
74
53_57_62
76
33_38_40_42
50
57
62
65
50
76
40_42
76
42_65
62
57
50
42
48
62
35_36_38_42_48_55_60_64_72_74
57
53
35_42
48
42_48_64
60
55
48
42
76
52
55_60
74
40_42
48
55
60
64
48
74
40_42
48
74
36
35_36_42
55_64
60
55
48
60
55
52
60
35_42
48
31_35_42
48
36_55
60
64
35_42
74
42_64
48_60
55
48_72
42
52_55
60
31_33_40_42_64_72
48
55
60
64
48
40_42
72
72
42_64
60
55
48
69
42
79
69_72
33_35_36_42
48
55
67
48_60
64
52
60
55
48
35_42
48
42
64
60
55
48
42
52
55
60
40_42
48
55
60
64
48
40_42
67
67
36_48
35_36_42_64
60
55
48
55
60
52
67
35_42
72
48_79
36
31_35_42_62_74
35_42
72
74
48
42_62
60
55
48
42
74
48
76
55
52
31_36_40_42_60_64
48
55
60
64
40_42
76
48
72
74
42_64
60
74
55
48
52
60
55
42
48
74
50
72
72
69
35_36_38_42_50_57_57_62_65
35_42
50
69
72
50
42_65
62
57
50
42
53_57_62
40_42_50
57
50_62
65
40_42
50
38
35_38_42_57_65
62
57
50
50
53
57_62
35_42
65
50
33_35_42_50
38_57
69
62
65
65
69
35_42
64
65
65
42_65
62
57
64
50
50
42
64
53
57_62
62
31_33_40_42_65
50
57
62
50
65
62
64
40_42
62
69
60
50
53_65
42
62
57
57_62
50
60
62
42
60
50
57
48
29_31_35_42_53_53_57_60
48
60
57
60
65
35_42
69
53
53
65
42
60_72
57
48
42
72
57_60
65
40_42
48
74
57
53
60
65
74
40_42
74
53
29
65
29_35_42
60
57
48
65
57
60
35_42
53
35_41_42
48
29_55
60
65
35_42
53
42_60_65
60
55
48
53
42
74
38_40_41_42
48_57_60_65
57_72
60
65
53
40_42
72
46_60_65
60
57
53_57
72
48
53
46_60
65
57
60
53
57
60
35_36_38_42_49_53_55_60_64
48
35_42_49
42_64
60
55
48
42
40_42_48
55
60
64
40_42
36
35_36_42
55_64
60
55
48
60
35_42
31_35_42_48
36_55
60
64
62_62
35_42
42_64
60
55
48
42
31_33_40_42_64
48
55
60
64
40_42
42_64
60
55
48
42
72
33_35_36_42_48
55
60
60_60
64
62_62
35_42
42_64
60
55
48
42
40_42_48
55
60
64
40_42
36
64
35_36_42
60
55
48
35_42
31_35_42_62
36
35_42
31
62
36_42_43
60
55
48
42_43
40_40_41_42_64
48
36_55
60
64
40_41_42
40
64
36_46
60
55
48
46
60_60
35_36_42_48_52_55_60_64
36
35_42
42
48
52
55_64
60
42
37_42
48
64
52
55_64
60
36_37_42
64
35_36_42
48
67
52
55_64
60
67
35_42
35_36_42_43
67
35_42
42
48
52
55_64
60
42
67
37_42
64
48
52
55_64
60
37_42
64
67
42
48
52
55_64
60
42
67
35_36_42_43_48_52_55_60_64
64
64
35_42
42
48
69
52
55_64
60
42
37_42
48
52
55_64
60
36_37_42
35_36_42
48
52
55_64
60
35_42
35_36_42_43
69
35_42
64
42
48
52
55_64
60
42
64
67
37_40_42_43
48
52
55_64
60
67
37_42
69
42
48
52
55_64
60
42
35_38_40_42_50_57_62_65
35_42
69
42
50
57_65
64
62
42
64
37_42
50
57_65
62_64
62
62
37_38_42
62
35_38_42_64
50
57_65
62_67
35_42
67
35_38_42_45
67
35_42
42_67_69
50
57_65
62
42
69
62
37_42
50
57_65
62
60
69
37_42
60
69
62
42
50
57_65
71
62
42
35_38_42_45_57_62_65
50
72
71
35_42
62
42
50
74
57_65
64_72
62
64
42
37_42
50
76
57_65_74
62
37_38_42
74
35_38_42
76
50
57_65
62
35_42
35_38_42_45
35_42
74
72
42
50
57_65
62
42
37_42
50
57_65
62
37_42
64
42
50
57_65
62
64
42
67
41
35_41_42_45
48
53
57_65
60
35_42
67
41
72
42
48
53
69
57_65
60
42
41
37_42
48
53
57_65
60
37_41_42
69
41
35_41_42
48
69
53
57
65
60
35_42
35_36_41_42
35_42
69
69
41
42
48
53
57_65
60
69
42
72
41
37_42
48
53
57_65
60
37_42
41
42
48
53
57_65
60
42
35_36_41_41_42
48
53
57_65
60
72
35_42
67
41
42
48
53
57_65
60
42
67
41
65
37_42
48
53
57_65
60
37_41_42
41
35_41_42
48
53
57_65
60
35_42
35_41_41_42
35_42
65
41
42
48
65
53
57_65
60
65
42
65
41
37_42
48
53
57
65
60
65
37_42
65
41
42
48
53
57_65
60
42
35_36_41_42
48
52
55_64
60
35_42
65
42
48
52
55_64
60
64
42
64
62
37_42
48
52
55_64
60
36_37_42
62
64
35_36_42
48
52
55_64
60
35_42
35_36_42_43
35_42
42
48
52
55
64
60
42
64
37_42
48
52
55_64
60
37_42
42
48
52
55_64
60
60
72
67
42
55
35_36_42_43
48
52
55_64
60
35_42
42
48
52
55_64
60
42
37_42
48
52
55_64
60
36_37_42
35_36_42
48
52
55
64
60
72
67
35_42
60
35_36_42_43
64
35_42
42
48
52
55_64
60
42
37_42_43_43_55_60
48
52
55_64
60
37_42_55_57_60_62
46_57_60_62_65
62
64
46
35_36_42_43_48_52_55_55_60_60_60_64_64_65
60
62
35_42
42
48
52
55_60_64
60
60
42
64
37_42
48
52
55_64
60
36_37_42
64
35_36_42
48
67
52
55_64
60
67
35_42
35_36_42_43
67
35_42
42
48
52
55_64
60
42
67
37_42
48
52
55_64
60
67
67
37_42
42
48
52
69
55_64
60
42
69
55
35_36_42_43_55_60_64
48
52
55_64
60
67
60
67
35_42
42
48
52
55_64
60_67
42
37_42
48
52
55_64
60
36_37_42
35_36_42
48
52
55_64
60
35_42
35_36_42_43
35_42
67
42
48
52
64
55_64
60
42
64
67
37_40_42_43
48
52
55_64
60
67
37_42
42
48
69
52
55_64
60
42
35_38_40_42
50
57_65
62
62
35_42
42
50
57_65
62
69
42
69
37_42
50
57_65
62
69
37_38_42
72
35_38_42
50
57_65
62
35_42
64_72
35_38_42_45
64
35_42
62
42
50
57_65
62
42
37_42
50
57_65
62
37_42
42
50
57_65_77
62
62
42
57
35_38_42_45_62
50
77
57_65
62
35_42_77
42
50
62
77
57_65
62
76
42
76
37_42
50
76
57_65
62
37_38_42
35_38_42
50
76
74
57_65
62
35_42
74
35_38_42_45
74
35_42
72
42
50
74
57_65
62
42
72
37_42
50
72
57_65
62
37_42
64
42
50
57_65
62
42
64
67
41
35_41_42_45
48
53
57_65
60
35_42
67
41
42
48
53
69
57_65
60
42
41
37_42
48
53
57_65
60
37_41_42
69
41
35_41_42
48
53_69
57
65
60
35_42
35_36_41_42
35_42
69
41
42
48
53
69
57_65
60
69
42
41
37_42
48
70
53
57_65
60
37_42
41
42
48
53
57_65
60_72
42
35_36_41_41_42
48
53
57_65
60
35_42
70
41
67
42
48
53
57_65
60
42
67
41
37_42
65
48
53
57_65
60
37_41_42
41
35_41_42
48
53
57_65
60
35_42
35_41_41_42
35_42
41
42
48
53
57_65
60
42
65
41
37_42
48
53
57
65
65
60
37_42
65
41
42
48_64
53
57_65
60
42
35_36_41_42
48
52
55_64
60
64
35_42
48
42
48
64
52
55_64
60
42
48
52
37_42
48
52
55_64
60
36_37_42
64
35_36_42_52
48
55
65
52
55_64
60
35_42
55
65
35_36_42_43_52
64
62
67
57
35_42
64
42
48
52
55
64
60
67
42
55
57_60
37_42_52
48
52
55_64
60
37_42
42
48
52
55_64
60
42
55
60
62
67
52
55
35_36_42_43
48
52_55_60
55_64
60
35_42
67
52
55
42
48
52
55_64
60
42
50
55
37_42
48
52
55_64
60
36_37_42
48
50
35_36_42
48
52
55
64
60
35_42
35_36_42_43
35_42
52
48
46
48
52
55_64
60
46
52
55
37_42_43_43
48
52
55_64
60
37_42
50_55
67
46
46
60
55
67
69
53
35_38_42_43_57_62_65
57
35_42
42_57
50
42
69
71
37_42
57
62
65
71
37_42
72
38
35_38_42
65
62
62
57
35_42
38
35_38_42
35_42
72
74
42
65
50
62
57
42
37_42
65
57
62
65
37_42
42
74
65
69
62
57
50
42
53
62
35_38_40_42_52_55_59_64_67
40
40
69
67
35_42
42
42
37_42
55
67
59
64
37_42
40
35_40_42
64
52
59
55
67
35_42
35_40_42
40
60
62
35_42
42
64
59
55
42
37_42
65
65
37_42
67
42
64
59
55
42
60
65_67
41
60
35_40_41_42_48_53_57_60_65_65
65
35_42
42
69
42
37_42
57
41
60
65
37_42
41
35_41_42
57
65
53
60
57
35_42
35_41_42
41
35_42
69
42
72
65
41
60
57
42
72
69
37_42
57
60
65
69
37_42
69
42_65
60
65
48
60
57
42
35_41_42_43_43_55_59_62
50
35_42
69
42_67_72
72
62
43
59
55
42
40_42_71
72
71
55
50
59
62
40_42
67
43
35_42_43_67
71
67
62
59
55
35_42
40_43_46_62_69
43_67
62
35
35
40_46
69
43
40_43_60_72
62
60
62
59
55
40
40
40
72
40_40_59_76
43_60
59
50
40
76
40
36_40_55
59
55
62
43
59
55_76
40
35_38_42_49_57_57_59_62_62_62_71
50_57
36_55_57_60_67_72
62
55_65
50
35_42_49
42
65
62
57
50
50
42
76
57
40_42
50
53_62
57
62
65
74
74
40_42
50
50
38
35_38_42
65
62
57
50
74
35_42
62
53
57
33_35_42
50
50
38
57
62
65
35_42
42_65
50
62
57
50
42
53_57_62
74
33_36_40_42
65
50
57
62
65
72
40_42
72
42_65
50_57_62
74
42
50
62
57
53
35_36_38_42_50_57_57_62_62
57
50
62
62
65
74
50
35_42
50
42_65
62
60_62
57
50
42
53
57_62
40_42_50
57
62
65
40_42
50
69
38
50
35_38_42_65
62
57
50
53
62
57
35_42
69
72
33_35_42
67
38
50
35_42
72
50
74
42
57_67
62
57
50
50
42
74
53_57_62
76
33_38_40_42
50
57
62
65
50
76
40_42
76
42_65
62
57
50
60
42
48
62
35_36_38_42_48_55_60_64
57
53
35_42
48
42_48_64
60
55
48
42
76
52
55_60
40_42
48
55
60
74
64
48
74
40_42
48
36
74
35_36_42
55_64
60
55
48
60
55
52
60
35_42
48
31_35_42
48
36_55
60
64
35_42
74
72
42_64
48_60
55
48
42
52_55
60
31_33_40_42_64
48
67_72
55
60
64
48
40_42
67_72
67_74
72
42_64
60
55
69
48
42
67_74
69
33_35_36_42_67_67_74
48
55
48_60
64
52
60
55
48
35_42
48
42
64
60
55
48
42
52
55
60
40_42
48
55
60
64
48
40_42_67
36_48_67
35_36_42_64
60
55
48
55
60
52
35_42
67
48
67_74
72
36
31_35_42_62_67_72
35_42
72
48
42_62
60
55_74
48
42
74
48
55
76
52
31_36_40_42_60_64
48
55
60
64
76
40_42
48
76
42_64
60
55
48
52
60
55
42
67_72
48
50
35_36_38_42_50_57_57_62_65
35_42
50
50
42_65
62
57
50
42
76
53_57_62
74
40_42_50
57
50_62
65
74
40_42
74
50
38
35_38_42_57_65
62
57
50
50
53
57_62
35_42
50
33_35_42_50
38_57
62
65
35_42
74
42_65
72
62
57
50
50
42
53
57_62
31_33_40_42_65
50
57
76
62
50
65
40_42
72
50
53_65
42
62
72
57
57_74
50
76
62
42
50
48
29_31_35_42_53
48
57
60_67
60
65
72
35_42
53
53
65
42
60
57
48
74
42
57_60
65
40_42
48
57
53
60
65
40_42
53
67
29
65
29_35_42
60
57
48
65
57
60
67
69
35_42
53
69
35_41_42
48
72
29_55
60
65
35_42
72
53
42_60_65
60
55
48
53
72
42
38_40_41_42
48_57_60_65
57
60
65
53
72
40_42
42_60_65
60
53_57
48
53
72
60_67
42_60
65
57
60
53
60
35_36_38_42_55_64
48
35_42
42_64
72
60
55
48
67
42
52
40_42_48
55
60
64
40_42
52
55
36
35_36_42
55_64
60
55
48
60
35_42
55
57
31_35_42_48
36_55
60
64
35_42
42_64
60
55
48
42
31_33_40_42_64
48
57
55
60
64
60
40_42
67
42_64
60
55
48
42
60
50
33_35_36_42_48
55
60
64
35_42
50
48
42_64
60
55
48
42
60
40_42_48_52
55
57
60
64
40_42
57
60
52
67
36
64
35_36_42
60
55
48
52_55_60
67
35_42
60
55
52
72
55_62_67
31_35_42_62
36
35_42
31
62_74
36_46
60
72
55
48
48
46
74
60
52_76
40_40_42_57_64
48
36_55
60
64
76
40_42
57
55
40_76
64
36_46
60
55
48
48
62
46
60
55
48_52
67
55
35_38_42_49_62_69
50_57
36_57
62
57_65
50
35_42_49
42
65
62
57
50
50
42
76
57
40_42
50
53_62
57
62
65
74
74
40_42
50
50
38
35_38_42
65
62
74
57
50
35_42
62
53
57
33_35_42
50
50
38
57
62
65
35_42
74
72
42_65
50
62
57
50
42
53_57_62
33_36_40_42
65
50
57
62
65
40_42
72
42_65
74
50_57_62
42
50
62
57
53
35_36_38_42_50
69
57
50
62
62
65
57
50
35_42
50
42_65
62
57
50
42
53
57_62
40_42_50
57
62
65
74
40_42
50
67
38
50
35_38_42_65
62
57
50
67
53
62
57
35_42
72
33_35_42
67
38
50
35_42
67
50
42
57_67_74
62
57
50
72
50
42
67
74
53_57_62
69
76
33_38_40_42
50
57
62
65
50
76
40_42
69
76
42_65
71
62
57
50
42
71
48
62
35_36_38_42_48_55_60_64
57_72
53
35_42
48
42_48_64
60
55
48
42
76
52
55_60
74
40_42
48
55
60
64
48
74
40_42
48
74
36
35_36_42
55_64
60
55
48
60
55
52
60
35_42
48
31_35_42
48
36_55
60
64
35_42
74
42_64
48_60
55
48_72
42
52_55
60
31_33_40_42_64
48
55
60
64
48
40_42
72
72
42_64
79
60
55
48
69
79
81
42
79
81
69
33_35_36_42
48
55
67
48_60
64
52
60
55
48
35_42
79
48_76
42
64
60
55
48
42
52
55
60
76
40_42
48
74
55
60
64
48
40_42
67
67
72
36_48
74
35_36_42_64
60
55
48
55
60
52
67
35_42
72
48
36
31_35_42_62
35_42
72
74
48
42_62
60
55
48
42
74
69_72
48
76
55
52
31_36_40_42_60_64
48
55
60
64
40_42
76
69
67
48
74
42_64
60
55
48
52
60
55
42
48
74
67
65
50
72
35_36_38_42_50_57_57_62_65
35_42
50
69
72
50
42_65
62
57
50
42
53_57_62
40_42_50
57
50_62
65
40_42
50
38
35_38_42_57_65
62
57
50
50
53
57_62
35_42
65
50
33_35_42_50
38_57
62
65
65
69
35_42
65
42_65
62
57
64
50
50
42
53
57_62
31_33_40_42_65
50
57
62
50
65
62
64
40_42
69
50
53_65
42
62
57
57_62
50
60
62
42
50
48
29_31_35_42_53_53_57_60
48
60
57
60
65
35_42
69
53
53
65
42
60_72
57
48
42
72
57_60
65
40_42
48
74
57
53
60
65
74
40_42
74
53
29
65
29_35_42
60
57
48
65
57
60
35_42
53
35_41_42
48
29_55
60
65
35_42
53
42_60_65
60
55
48
53
42
74
38_40_41_42
48_57_60_65
57_72
60
65
53
40_42
72
46_60_65
60
53_57
72
48
53
46_60
65
57
60
53
57
60
35_36_38_42_49_53_55_60_64
48
55
60
35_42_49
42_64
60
55
48
60
55
42
40_42_48
55
60
64
62
55
40_42
36
35_36_42
55_64
60
55
48
62
60
55
35_42
31_35_42_48
36_55
72
64
57
60
64
35_42
42_64
60
55
48
42
57
64
67
31_33_40_42_64
48
55
60
64
60
40_42
42_64
60
55
48
67
42
33_35_36_42_48
62
55
60
60
55
64
35_42
76
64
42_64
60
55
55
48
55
62
42
40_42_48_67
55
60
60
64
64
55
40_42
76
67
36
62
64
35_36_42_67
60
55
48_72
60
35_42
72
31_35_40_42_43_62
67
74
36
72
62_67
74
35_40_42_43
72
31
62
36_40_42_43
60
55
74
48
67
72
67
40_42_43
40_40_42_43_64
67
48
36_55
60
64
72
67_74
40_42_43
72
74
40
64
35_36_40_43_46_76
60
55_67
48_72
72
67
35_40_43_46
35_38_42_49
57
36
62
62_65_69
65
50
72
74
35_42_49
72
69
65
42
62
57
50
42
62
69
65
67
76
72
50
65
40_42_69
57_62_69
62_65
65
50_74
38_40_42
65
72
67
76
65
35_38_42_74
62
69
57
50
35_42
62
65_69
50
50
65
50_62_69
35_38_42_45
57
62
65
35_42
65
42
62
57
50
42
69
50
40_42_45_45
57
62
65
40_42
65
42_62
57
50
42
50
35_38_42_45_76
57
62
65
67
72
35_42
62
65
50
69
72
67
50
65
62_69
65
42_62
76
57
50
62_65
69
50
42
69
62_65
50
50
40_42
57
62
65
57
38_40_42_67_76
72
76
67_72
65
35_38_42
62
57
50
67
72
35_42
57
76
56
76
72
67
35_38_42_45_67
57
56
35_42
76
67
72
76
57_67
42
62
57
74
50_67_72
50
42
76
67
72
57
74
69
56
50
40_42_45_45
76
57
67_72
62
65
57
56
69
40_42
76
67
72
72
55_65
76
42
62
57
50_67
72
57
42
67
72
76
65
69
62
50
48
35_36_42_45
55
76
64
67_72
60
35_42
64
42
60
55
48
42
55_60_64
48
48
72
40_42_55
60
69
64
76
67
72
36_40_42
55
69
67
76
55_64
35_36_42
60
55
48_72
60
67
60
55
64
48
35_42
48
67
72
55_60
64
48
35_36_42_43_55
60
64
55_60
64
48
35_42
60_64
55_64
48
67
64
42
60
55
48
42
64
48
40_42_43_43_55
60
64
67
40_42
64
42_67
60
64
55
48_60
64
76
42
48
35_36_42_43
55
60
64
55_64
60
48
35_42
60
55_64
48
64
42
60
55
48
55
60
64
48
42
48_55_60_64
48
40_42
55
60
64
36_40_42
64
35_36_42_60
55
48
60
64
35_42
48
64
55
60
48
79
67
55
60_62_64
35_36_42_43
55_60
64
48
35_42
67_79
77
55_60_64
62
65
48
42_43_45
60
55
48
42
77
76
65
64
48
40_42_43_45
55_64
60
64
40_42
76
72
64
64
40_43_46_60
60
55
48
55
60
64
46
48
60
72
55
60
76
64
35_38_40_42_49
57
62
50_65
35_42_49
65
65
62_69
42_62
57
57
50
62
65
69
57
42
55
60
76
64
55_60
50_57_65_69
62
40_42_64_76
57
62
65
38_40_42
65
57
35_38_42_62
57
50
50
62
65
35_42
69
57
64_76
69
65
62
62_74
50
57
35_38_42_45
57
62
65
35_42
65
42
62
57
50
42
62_74
60_72
50
38_40_42_45_57
62
65
65
69
62
40_42
65
42
62
57
50
57
42
60_72
48
48
55_67
35_38_41_42_53_57_57_62_65
55
60
65
60
35_42
65
65
55_67
42
60
53
57
48
42
48
40_42_57
60
65
40_41_42
65
35_41_42
60
57
48
65
35_42
53
57
62
65
62
74
48
35_41_42_45_55
60
65
57
62
65
35_42
72
62
60_60_65
42
60
55
74
48
53
42
57_62
65
53
60
74
62_65
72
62
53_57
48
38_40_42_45_57
60
65
40_42
62
69
74
57
65
42_60
57
48
53
65
62
57
53
42
60
36
35_38_42_48_48_55_55_60_60_60_64_64_72
57
69
35_42
64
42_60
55
48
42
48
40_42
55
60
64
36
40_42
55_62
35_36_42_60
55
48
60
35_42
48
35_36_42_43
55
60
62
35_42
62
42_60
55
48
42
48
48
36_40_42_43_72
55
48
60
64
40_42
55
60
64
60
64
55
79
64
46
48
55
60_79
60
81
64
36_46
79
81
35_42
48_48_49_55_60_64
55_60_64
35_42
49
79
74
42
64
60
55
48
42
74
40_42
48
48_48
55
60_74
64
40_42
72
74
35_42_67
55_62
60
55
48
60
67
35_42
72
48
46_48_48
55
60
62
43
35_40_41
43
35_40_41
46
40
62
74
60
55
72
48
40
40
40
40
40
40
74
40
40
76
48
45_48
55
60
64
40
76
43_45
40
64_76
40_43_46
48
40
46
72
55_60
64
48
35_38_42_49
50_57
40_57
62
65
50
35_42_49
42
65
62
57
50
50
42
76
57
40_42
50
53_62
57
62
65
74
74
40_42
50
50
38
35_38_42
65
62
74
57
50
35_42
62
53
57
33_35_42
50
50
38
57
62
65
35_42
74
72
42_65
50
62
57
50
42
53_57_62
33_36_40_42
65
50
57
62
65
40_42
72
42_65
74
50_57_62
42
50
62
57
53
35_36_38_42_50
62
57
50
62
65
50
35_42
50
42_62_65
60
62
57
50
42
53
57_62
40_42_50
57
62
65
74
40_42
50
67
38
50
35_38_42_65
62
57
50
67
53
62
57
35_42
72
33_35_42
67
38
50
35_42
50
42
57_67_74
62
57
50
72
50
42
74
53_57_62
76
33_38_40_42
50
57
62
65
50
76
40_42
60
76
42_65
62
57
50
42
48
62
35_36_38_42_48_55_60_64
57
53
35_42
48
42_48_64
60
55
48
42
76
52
55_60
74
40_42
48
55
60
64
48
74
40_42
48
74
36
35_36_42
55_64
60
55
48
60
55
52
60
35_42
48
31_35_42
48
36_55
60
64
35_42
74
42_64
48_60
55
48_72
42
52_55
60
31_33_40_42_64
48
67_72
55
60
64
48
40_42
67_72
72
67_74
42_64
60
55
48
69
42
67_74
69
33_35_36_42_67_74
48
55
67
48_60
64
52
60
55
48
35_42
48
42
64
60
55
48
42
52
55
60
40_42
48
55
60
64
48
40_42
67
67
36_48
35_36_42_64
60
55
48
55
60
52
67
35_42
72
48
67_74
36
31_35_42_62_67_72
35_42
72
74
48
42_62
60
55
48
42
74
48
76
55
52
31_36_40_42_60_64
48
55
60
64
40_42
76
48
74
42_64
60
55
48
52
60
55
42
67_72
48
74
50
72
35_36_38_42_50_57_57_62_65
35_42
50
69
72
50
42_65
62
57
50
42
53_57_62
40_42_50
57
50_62
65
40_42
50
38
35_38_42_57_65
62
57
50
50
53
57_62
35_42
65
50
33_35_42_50
38_57
62
65
65
69
35_42
64
65
65
42_65
62
57
64
50
50
42
64
53
57_62
62
31_33_40_42_65
50
57
62
50
65
62
64
40_42
62
60
50
53_65
42_69
62
57
57_62
50
60
62
42
60
50
57
48
29_31_35_42_53_53_57_60
48
60
57
60
65
35_42
53
69
53
65
42
60_72
57
48
42
72
57_60
65
40_42
48
74
57
53
60
65
74
40_42
74
53
29
65
29_35_42
60
57
48
65
57
60
35_42
53
35_41_42
48
29_55
60
65
35_42
53
42_60_65
60
55
48
53
42
74
38_40_41_42
48_57_60_65
57_72
60
65
53
40_42
72
46_60_65
60
57
53_57
72
48
53
46_60
65
57
60
53
57
60
35_36_38_42_49_53_55_60_64
48
35_42_49
48
42_64
60
55
48
42
55
60
64_67
40_42_48
55
60
64
40_42
48
55
48_60_64
67
36
35_36_42
55_64
60
55
48
60
35_42
55
64
60
67
31_35_42_48
36_55
72
60
64
67
60_64
55
35_42
55
60_64
67
42_64
60
55
48
42
48
55
48
31_33_40_42_64
48
55
60
64
60
64
67
40_42
55
64
60_67
42_64
60
55
48
42
60
64
67
48
33_35_36_42_48
55_55
60
64
35_42
48
76
42_64
60
55
48
42
55
60_64_67
40_42_48
55
60
64
40_42
55
60
76
64
67
36
64
35_36_42
60
55
48
72
72
35_42
55
60_64_67
55_62_67
31_35_42_62
72
36
55
64
67
60
35_42
55
60
64
67
72
31
62
36_46
74
60
55
48
46
48
55
74
48
40_40_42_64
48
76
36_55
60
60
64
64
67
40_42
76
55
40
64
60_64_74
35_36_46
67
60
55
48
62
35_46
67
60
64
67
55
55
48
35_38_42_49_50_57_57_62_62_65_69
74
36
57_72
35_42_49
72
50
42_65
62
57_69
50
42
53_57_62
40_42_50
57
50_62
65
40_42
50
38
35_38_42_57_65
62
57
50
50
53
57_62
35_42
50
33_35_42_50
38_57
62
65
65
35_42
65
42_65
62
57
64
50
50
69
42
53
57_62
31_33_40_42_65
50
57
62
50
65
62
64
40_42
50
69
53_65
42
62
57
57_62
50
60
62
42
50
48
29_31_35_42_53_53_57_60
48
60_69
57
60
62_65
57
35_42
69
53
53
65
42
60
57
48_72
42
57_60
65_72
40_42
48
57
53
60
74
65
74
40_42
53
29
65_76
29_35_42
60
57
48
65
57
60
35_42
53
35_41_42
48
29_55
60
65
35_42
76
53
42_60_65
60
55
74
48
53
42
74
38_40_41_42
48_57_60_65
72
57
60
65
53
40_42
72
72
46_60_65
60
53_57
48
53
46
65
57
60
53
57
35_38_41_42_48_52_53_60
57
60
65
35_42_52
60
48
48
57
57_65
60
65
65
60
57
48
48
55
60
65
60_65
60
55
48
53
48
57
60
65
60_65
60
57
48
53
41_41_48
57
60
65
57_60_65
57_60_65
72
57_60
65
55_60_65
72
36_40_43_48
48
55_60_65
55
60
65
36_40_43
36_40_43
60_65
72
60
55
48
53
74
36_40_43
74
36_40_43
48
57
60
76
65
36_40_43
76
67
72
36_40_43
60_65
60
57
48
76
53
36_40_43
50
50_57
35_38_41_42_49
57
62
62_65_69
65
50
35_42_49
65
42
62
57
50
72
67
76
42
62
69
65
50
50
65
40_42
57_62_69
62_67_72
65
50
76
38_40_42
65
35_38_42
62
57
50
72
67
35_42
76
62
65_69
50
50
65
76
50_62_69
35_38_42_45
57
62
65
67_72
35_42
65
42
62
57
50
42
67
72
76
69
65
74
50
40_42_45_45
57
62
65
40_42
65
69
72
65
42_62
67
76
57
50
74
42
50
35_38_42_45
57
62
65
35_42
62
65
50
69
50
65
62_69
65
42_62
57
50
62_65
69
50
42
69
62_65
50
50
40_42
57
62
65
57
38_40_42
72
67
65
35_38_42
62
57
50
76
35_42
57
56
72
67
35_38_42_45
57
56
35_42
72
57_67
42
62
57
74
50
50
42
57
74
56
50
40_42_45_45
76
57
62
65
57
56
40_42
55_65
42
62
57
50
74
57
76
65_74
42
65
69
62
50
48
35_36_42_45
55
64
60
35_42
64
42
60
55
48
42
65
74
72
74
55_60_64
48
64
48
72
40_42_55
60
64
36_40_42
64
55
72
65
74
74
55_64
35_36_42
60
55
48
60
72
60
55
64
48
35_42
48
55_60
64
48
35_36_42_43_55
60
64
55_60
64
48
35_42
65
60_64
55
48
74
72
64
64
74
42
60
72
55
48
72
42
64
64_72
67
64
48_67
40_42_43_43_55
60
64
40_42
65
64
42_67
60
55
48
42
64
67
65
64
48
35_36_42_43
55
62_66
60
64
55_64
60
48
35_42
60
55_64
48
64
42
60
55
48
55
60
64
48
42
48_55_60_64
48
40_42
55
60
64
36_40_42
64
64
35_36_42_60
55
48
66
62
35_42
48
64
55
60
48
79
67
55
60_62_64
35_36_42_43
55_60
64
48
35_42
67_79
77
55_60_64
62
65
48
42_43_45
60
55
48
42
77
76
65
64
48
40_42_43_45
55_64
60
64
40_42
76
72
64
64
40_43_46_60
60
55
48
55
60
64
46
48
60
72
55
60
76
64
35_38_40_42_49
57
62
50_65
35_42_49
65
65
62_69
42_62
57
57
50
62
65
69
57
42
55
60
76
64
55_60
50_57_65_69
62
40_42_64_76
57
62
65
38_40_42
65
57
35_38_42_62
57
50
50
62
65
35_42
69
57
64_76
69
65
62
62_74
50
57
35_38_42_45
57
62
65
35_42
65
42
62
57
50
42
62_74
60_72
50
38_40_42_45_57
62
65
65
69
62
40_42
65
42
62
57
50
57
42
60_72
48
48
55_67
35_38_41_42_53_57_57_62_65
55
60
65
60
35_42
65
65
55_67
42
60
53
57
48
42
48
40_42_57
60
65
40_41_42
65
35_41_42
60
57
48
65
35_42
53
57
62
65
62
74
48
35_41_42_45_55
60
65
57
62
65
35_42
72
62
60_60_65
42
60
55
74
48
53
42
57_62
65
53
60
74
62_65
72
62
53_57
48
38_40_42_45_57
60
65
40_42
62
69
74
57
65
42_60
57
48
53
65
62
57
53
42
60
36
35_36_38_42_49_55_60_64_72
48
57
69
35_42_49
48
42_64
60
55
48
42
55
60
64_67
40_42_48
55
60
64
36
40_42
48
55
48_60_64
67
36
35_36_42
55_64
55
60
55
48
60
35_42
55
55
64
60
67
55
31_35_42_48
36_55
60
64
67
60_64
55
35_42
55
55
60_64
67
57
42_64
60
55
48
42
48
55
57
48
60
31_33_40_42_64
48
55
60
64
60
64
67
40_42
60
55
64
62
60_67
42_64
60
55
48
60
42
62
60
64
67
48_53_62
33_35_36_42_48_76
76
55_55
60
64
35_42
48
42_64
60
55
48
53
72
62
42
55
60_64_67
40_42_48
55
60
53_62
64
40_42
55
60
64
67
36
64
35_36_42
60
55
48
53
62
35_42
55
72
60_64_67
31_35_42_62
36
55
64
67
60
35_42
55
60
64
67
31
62
36_46
60
72
55
48
74
46
48
55
48
74
40_40_42_64
48
36_55
60
60
64
76
64
67
40_42
76
55_67
72
40
64
60_64
35_36_46
67
60
55
48
76
35_46
60
64
67
55
48
35_38_42_49
57
36
62
62_65_69
65
50
35_42_49
65
42
62
57
50
72
67
76
42
62
69
65
50
65
40_42
57_62_69
62_67_72
65
50
76
38_40_42
65
35_38_42
62
57
50
72
67
35_42
76
62
65_69
50
50
65
76
50_62_69
35_38_42_45
57
62
65
67_72
35_42
65
42
62
57
50
42
67
72
76
69
65
74
50
40_42_45_45
57
62
65
40_42
65
69
72
65
42_62
67
76
57
50
74
42
50
35_38_42_45
57
62
65
35_42
62
65
50
69
50
65
62_69
65
42_62
57
50
62_65
69
50
42
69
62_65
50
50
40_42
57
62
65
57
38_40_42
72
67
65
35_38_42
62
57
50
76
35_42
57
56
72
67
35_38_42_45
57
56
35_42
72
57_67
42
62
57
74
50
50
42
57
74
56
50
40_42_45_45
76
57
62
65
57
56
40_42
55_65
42
62
57
50
74
57
76
65_74
42
65
69
62
50
48
35_36_42_45
55
64
60
35_42
64
42
60
55
48
42
65
74
72
74
55_60_64
48
64
48
72
40_42_55
60
64
36_40_42
64
55
72
65
74
74
55_64
35_36_42
60
55
48
60
72
60
55
64
48
35_42
48
55_60
64
48
35_36_42_43_55
60
64
55_60
64
48
35_42
65
60_64
55
48
74
72
64
64
74
42
60
72
55
48
72
42
64
64_72
67
64
48_67
40_42_43_43_55
60
64
40_42
65
64
42_67
60
55
48
42
64
67
65
64
48
35_36_42_43
55
62_66
60
64
55_64
60
48
35_42
60
55_64
48
64
42
60
55
48
55
60
64
48
42
48_55_60_64
48
40_42
55
60
64
36_40_42
64
64
35_36_42_60
55
48
66
62
35_42
48
64
55
60
48
79
67
55
60_62_64
35_36_42_43
55_60
64
48
35_42
67_79
77
55_60_64
62
65
48
42_43_45
60
55
48
42
77
76
65
64
48
40_42_43_45
55_64
60
64
40_42
76
72
64
64
40_43_46_60
60
55
48
55
60
64
46
48
60
72
55
60
76
64
35_38_40_42_49
57
62
50_65
35_42_49
65
65
62_69
42_62
57
57
50
62
65
69
57
42
55
60
76
64
55_60
50_57_65_69
62
40_42_64_76
57
62
65
38_40_42
65
57
35_38_42_62
57
50
50
62
65
35_42
69
57
64_76
69
65
62
62_74
50
57
35_38_42_45
57
62
65
35_42
65
42
62
57
50
42
62_74
60_72
50
38_40_42_45_57
62
65
65
69
62
40_42
65
42
62
57
50
57
42
60_72
48
48
55_67
35_38_41_42_53_57_57_62_65
55
60
65
60
35_42
65
65
55_67
42
60
53
57
48
42
48
40_42_57
60
65
40_41_42
65
35_41_42
60
57
48
65
35_42
53
57
62
65
62
74
48
35_41_42_45_55
60
65
57
62
65
35_42
72
62
60_60_65
42
60
55
74
48
53
42
57_62
65
53
60
74
62_65
72
62
53_57
48
38_40_42_45_57
60
65
40_42
62
69
74
57
65
40_42_60
57
48
53
65
62
57
53
40_40_42
60
35_36_38_40_42_49_55_55_60_64_67_72
48
57
69
35_42_49
36_55_60_67_72
