48
36
50
38
51
39
55
43
53
41
55
43
56
44
60
48
60
48
62
50
63
51
67
55
65
53
67
55
68
56
72
60
72
60
74
62
75
63
79
67
77
65
79
67
80
68
84
72
84
72
86
74
87
75
91
79
89
77
91
79
92
80
96
84
99
87
101
89
103
91
96
84
95
83
96
84
98
86
89
77
87
75
89
77
91
79
84
72
83
71
84
72
86
74
77
65
75
63
77
65
79
67
72
60
71
59
72
60
74
62
65
53
63
51
65
53
67
55
60
48
59
47
60
48
62
50
55
43
48
36
50
38
51
39
55
43
53
41
55
43
56
44
60
48
60
48
62
50
63
51
67
55
65
53
67
55
68
56
72
60
72
60
74
62
75
63
79
67
77
65
79
67
80
68
84
72
84
72
86
74
87
75
91
79
89
77
91
79
92
80
96
84
99
87
101
89
103
91
96
84
95
83
96
84
98
86
89
77
87
75
89
77
91
79
84
72
83
71
84
72
86
74
77
65
75
63
77
65
79
67
72
60
71
59
72
60
74
62
65
53
63
51
65
53
67
55
60
48
59
47
60
48
62
50
55
43
56
44
55
43
53
41
51
39
50
38
53
41
56
44
62
50
65
53
63
51
62
50
60
48
59
47
62
50
65
53
71
59
59
47
57
45
55
43
53
41
51
39
55
43
59
47
63
51
67
55
65
53
63
51
62
50
60
48
63
51
67
55
72
60
60
48
58
46
56
44
55
43
53
41
56
44
62
50
65
53
68
56
67
55
65
53
63
51
62
50
65
53
68
56
74
62
62
50
60
48
58
46
56
44
55
43
58
46
64
52
67
55
70
58
68
56
67
55
65
53
64
52
67
55
70
58
76
64
56
44
58
46
60
48
65
53
60
48
64
52
65
53
68
56
65
53
67
55
68
56
72
60
68
56
70
58
72
60
77
65
72
60
76
64
77
65
80
68
77
65
79
67
80
68
84
72
80
68
82
70
84
72
89
77
84
72
88
76
89
77
92
80
90
78
89
77
88
76
87
75
84
72
83
71
82
70
80
68
78
66
77
65
76
64
75
63
72
60
71
59
70
58
68
56
66
54
65
53
64
52
63
51
60
48
59
47
58
46
56
44
54
42
53
41
52
40
51
39
48
36
47
35
46
34
44
32
43
31
51
39
50
38
48
36
55
43
63
51
62
50
60
48
67
55
75
63
74
62
72
60
79
67
87
75
86
74
84
72
90
78
87
75
86
74
84
72
78
66
75
63
74
62
72
60
66
54
63
51
62
50
60
48
54
42
51
39
50
38
48
36
43
31
51
39
50
38
48
36
55
43
63
51
62
50
60
48
67
55
75
63
74
62
72
60
79
67
87
75
86
74
84
72
93
81
87
75
86
74
84
72
81
69
75
63
74
62
72
60
69
57
63
51
62
50
60
48
57
45
51
39
50
38
48
36
43
31
51
39
50
38
48
36
55
43
63
51
62
50
60
48
67
55
75
63
74
62
72
60
79
67
87
75
86
74
84
72
90
78
87
75
86
74
84
72
78
66
75
63
74
62
72
60
66
54
63
51
62
50
60
48
54
42
51
39
50
38
48
36
43
31
51
39
50
38
48
36
55
43
63
51
62
50
60
48
67
55
75
63
74
62
72
60
79
67
87
75
86
74
84
72
93
81
87
75
86
74
84
72
81
69
75
63
74
62
72
60
69
57
63
51
62
50
60
48
57
45
51
39
50
38
48
36
43
31
45
33
47
35
48
36
50
38
51
39
53
41
54
42
55
43
57
45
59
47
60
48
62
50
63
51
65
54
66
54
67
55
69
57
71
59
72
60
74
62
75
63
77
65
78
66
79
67
81
69
83
71
84
72
86
74
87
75
90
78
90
78
91
79
93
81
95
83
96
84
98
86
99
87
101
89
102
90
103
91
71_74_79_83
43_55
59_62_67_71
31_43
72_75_79_84
36_48
60_63_67_72
24_36
