42
42
42
42
42
42
42
42
31_62_71_74
51_55_71
51
62
55
62
59
59
55
55
62
62
62
51_59
51
59
55
51
51
71
74
62
71
55
59
62
71
51
74
55_62
51_71
72_76
64
62
71
31
30
59
64_72
78
53_74
66
74
53_76
55
74
76_79
67
66_78
76
30
28
51
78
69
51
67_81
55
52
79
71
69
78
67
76
52_79
59
55
81
67
51
51_59
55_55_76
67
55
51
51
71
52
79
28_52
35
55
55
52
67
52
35
36
51
48_60_67
51
67
55
71
55
67
60
67
36
36
64_67
60_67
55
51
51
48
67_72_72
55_60_64
67
72
60
36_53
38_67
67
53_55_64
55_72
60
64
69_69
67
57
55_67
69
51
38_71
51_67_69
59_67
31_55_55
57
59
59
74
71
67
62
62
51
51
55
74
55
55
74
59
74
31
51
51_74
43
67
59
50
50
51_71_74
51
55
59
55
55
74
59
43
71
59
74
51
36
51
76
72
60
60
60
55
60
55
51
51
64
52
52
64
60
55
36
72
55_76
60
51
31
74
51_55
59_71
59
55
55
55
51_62
51
50
31
50
62
59
31
47
31
47
59
51_55
38
43_51
43
47
55
47
51_62
51
50
62
50
59
55
38
55
51
55
51
59
31
50
50
47
31
47_71
55
51
30_59
50
51
50
51
51
45
30
45
74
28_51
55_67
64
51_52
52
52
47
47
71
51
55
51
64
55
52
28
71
67
52
51
40_71
47_51
47
67
71
52
52
51
51
47
52
47_67
59
71
53
53
55
40
55
71
55
51
72
36_51_69
60
52
52
48
60
48
64
51
43_51
64
43
60
48
36
48
69
60
51_72
31_55_67
71
51
50
50
47
47
62
55
55
51
51
31
62
55
59
38
50
38
50
59
51_55
43
43_51
43
47
47
51
62
51
50
55
50
62
59
55
43
59
55
55
51
31
50_51
50
47
31
47
51
59
35_51
43
55
67
59
43
59
59
47
35
47
38
51
71
50
51_54_54_69
57
69
54
50
69
69
50
51
69
54
51
69
50
57
54
69
50_54
38
69
50
36_69
48_51_57
54_66
51
54
71
69
50
66
50
71_72
51
51
52
48
57
52
57
36
72
57
74
67
47_55
51
35
51
55
55
67
74
50
50
47_51_67_74
51
43
55
43
74
67
50
35
50
51
51
36_48_64_67
52
52
48
48
55
51
51
43
48
52
43
48
36
55
48_51
51_52
36_48
52
52
48
36
48
51
55
51
67
35_64
55
55
67
52
35
52_67
51
55
51_72
33
57
48_69
57
69
72
57
72
69
52
52
51
72
69
51
48
48
69_72
52
33
57
69
72
52
51
38_51_62
66
50_50
50
54
54
51_57
51
57
50
57
57
55
62
38
62
55
54
51
26
51_57
57
54
54
54
60
51
51
57
60
57
59
62
26
62
59
51
51
30_57
67
67
66
30
66
54
51
33_51
62
57
62
62
57
66
33
57
50
51
38
51
50
38
50
40
52
50
52
51
51_67
54
48
40
48
67
59
69
59
42
54
42
54
51_71
69
43_67
51_55
59
55_62_67_71_74_83
55
55
50
50
74
51_71
51_59
43
67
59
31
51
55
51_74
31
55
74
31
51_59
51
59
71
51
50_74
51
31
50
51_74
35
51
55
71
59
55
55
51
51
50
74
35
50
60_76
72
36_51
51_74_83
55_62_67_67_71_76_84
55_60_64_72
50
60
51
51
55
50
60
55
51_64
51_60
52
60
36
55
52
64
60
51
31
55
51_55
72
55
52
31
51
31
74
51_55_71
84
55_64_67_72_74_76_83
55_59_62_67_71
76
60
52
55
59
31_51
67
51
55
59
67
51
31_62
51_69
55
59
67
62_69
51
59
51_71
67
69
31
71
59
51
31
55_72
51
69
71
72
51
51_67
71
72
31
67
62
55
38_51
71
51
72
67
71
62
59
51
51_67
67
71
67
38_71
55
51
39
51
69
74_83
55_59_62_67_71_78_83
59_66_71_71
71
67
55
69
51
59
51
67
69
39_74
59
59_67
51
39
67
51
69
59
67
55
67
59
51
51
59
59
67
39
55
59
52
64_67
51
40
51
78_83
59_66_71_71_78_79_83
66_66_67_71
67
59
66
59_59
59
59
66
52
59
59
51_55
51
66
66
40
59
66
51
28
51
64
59
66
67
28
64
71
51
28_51
67
79_83
66_67_71_76_78_79_83
64_67_71
66
28
64
67
67
71
59
64
67
59
51
28_51
50
67
59
67
50
71
51_55
51
62
71
59
64
59
50
28
62
72
69
36_51
51_83
64_67_71_76_79_79_84
64_64_67_72_76
60
50
62
36
64
48_59
55
59
62
60
64
48
55
64
51
36_51
52
64
55
52
60
64
51
51_55
55
52_69
36
55
51_55
71
31_60
51_67
79_84
64_67_72_72_76_83
62_62_67_71_74_79
52
55
62
51
51_55
55
62
55_55
62
51
51_52
62
31
55
52
59
62
38_51_55
55
51
52
38
55
59
51
55
43
51
50
52
55
43
50
38
47
53
53
55
50
38
47
55_62
51
43_50
50_51
47
50
59
51
51
55
62
47
50
43
55
51_59
55
31_51_67
50
50
55
55
50
53
53
47
55
31_50
47
51_59
67
51
35
43
71
50
47
59
43
55
51
51
47
47
43_67
35
55
47
59
51
57_69
38_59
50_51_54
54_79_83
62_67_71_74_74_78_81
62_66_69
43
54
51
51
50
69
38
50
51
51_69
38
54
69
50
57
54
54
69
51
51
50
69
38
50
51
69
57_66
51
36_48
54
81
62_66_69_74_78_78_81
60_66_69_72
54
51
71
51
50
69
36
50
71
51_72
36
51
52
66
48_57
72
52
57
36
57
51_74
35_67
47_55
51
78_81
60_66_69_71_72_74_79
55_59_62_67
55
51
50_51
74
50
67
51_67_74
51
43
35
47
55
43
51
31_51
50
67
31
50
51_67
74
36_48
51_64
52_74_79
59_62_67_71_72_76_79
60_64_67
52
51
48_51
36
48
51
35_48_51_55
43
43
51
52
48_51
55
35
52
48
51
48
33_51
52
79
60_64_67_72_76_76_81
60_64_69_72
52
51
51
55
48
55
55
51
51
52
64
67
33
52_67
51
33_51
48
33
48
72
48_64_67
51
40_51
76_81
60_64_69_72_76_81_84
52_64_69_72
72
52
72
51
51
52
40
52
51
51
45
48_72
48
64
48
72
51
51
52
55
45
72
52
51
39_47
51_71
63
84
64_69_72_76_78_81_83
54_59_66_71_71
54
51
51
47
47
47
51
54
51
54
39
54
51
35
51
51_59
35
59
54
51
35_47
51_63
51
63
51
51_59
47_59
54
51
54
51_63
71
35
54
51_51
35
51
51
54
35
51
51
37_51_55_64_70
49_51_67
83
59_66_71_71_78_82
64_67_70_76_79
51_58
51
55
37
61
55
37
51
51
49
67
70
64
58
64
52
51_55
51
61
37
52
66
38_51_64
50
71
51_66
64_67_70_76_79_82_83
62_66_71_74_78
62
51
51
38
59
51
59
38
51
50
66
66_71
59
54_62
54
51
51
59
38
51
57
51
57_72
54_57_64_67_67_74
33_60_64_69_74_79_81_84
54
62_66_71_78_83
60
51
64_67_72
51
64
51
57
51_72
64
67
60
33
33
69
51_64
51
57
67
33
38_72
64
51
64
51
50
57
67
60
69
51
64
51
79
69
81
74
84
57
64
60
74
78
84
81
38
26
69
62
66
50_51
51
62_66
60
60
57
50
54
26
30
50
62
60
66
51_57
51
62
54_62
57_67
62
59
79
30_55_83
31
78
69_84
51_66_81
55
51
43
67
59_62
62
59
43
51
50_51
62
59
50
51
47
51
67
62
47
43_51
51
62
55
67
53
53
59
62
43_50_51
51_55
59
50
47
51
62
51
55
67
62
47
55
43
67
31_51_59
31_67
43_51
55
79
62_74
83
62
43
45
67
45
51
47
51
31
67
47
67
50
43
43_50
43_50
51
43
51_55
45
45
55
47_57
67
47_51_57
51
50
59
50
59
55
62
43
62
55
67_71
31_52
45
57
52
45_67
31
57
59
67
59
31
43_62
71
43
71
62
50
67
67
31
35_71
41_67
74
41
67
71
71
59
35
43_67
71_74
43
47_49
35_66_71_71_74_83
36_71
42_49_59
36_62
42_71
66
55
67
35
71
47
51_66
50
51
71
50
66
54
35
62
42
51
42
51
71
66
62
50
54
51
36_66
66
51
36
62
35
66
50
47
51
47
38
51_59
38_44
44
62
66
59
50
47
51
51_62
66
59
62
50
54_74
46
51
46
51_66
66
71
59
47
62
66
50
51
35
62
51_62
54
50_62
59
66
62
71
66
35
48
36_67
42
36_51
36_42_64_76_83
51_64
60_64_72
60_64_72
66
62
36_48
64
52
51
51
60_67
62
64
60
42_72
52_64
51_55
42
36_51
55
64
60
55
36_51
36_51
64
60
55
36
64
51
42
38_51
52
42_48
38_48
55
55
72
64
51
55
51
52
64
55
48
52
51
46
51
46
36
71
55
55
48
52
55
52
51
55_71
51
69
54
52_64
36_55
54_69
50_51
36_71
66
38_51_64_69_76_81
36
50
60_60_64_64_69_72_72
62_62_66_66_69
55
54
50
71
51
69
51
54
54
50
54
42_51
42_51
57
50
38
54
57
36_51
50
33_36_51_57
62
54
57
33_62
57
51
38_42
33_51_60
66
38_42
57
62
66
51
54
51
62
62
60
66
62
46
51
50
46
51_57
54
66
62
57
51
51_54
33
62
57
54
51
50_69_81
38_50_51_57_62_74
36
36
57
54
50
51
54
54
51_54
50
54
57_66
51
50
57
42_51
54
42
69
50
38
54
50
57
51
38
36
51_62
36
54
57
38_62
51_66_71
50
38
51_60
38_44
66
38_44
57
62
66
51
51
62
62
71
62
38
66
51
46_74
33_71
51_66
46_66
60
50
62
66
66
71
74
51
51
69
62
66
33
69
35_62_66_74
47_51_54_71_74
36_66_71
51_62_62_66_66_69_69
36_59_66_66_74_74
59
66
69
35
71
50
51
47
66
51
69
71
50_66
54
35_42
51_62
42
51
71
66
62
50
36
54_66
66
36
62
35
50_66
47
51
38
47
51
38_59
62
66
59
50
51
51
62
47
66
59
62
46_51
54
46_50_51
66
59
74
47
71
66
62
66
50
51
35
62
51_62
50
66
54
35_62
67
48_64
36_51
36_54_66_67
55
36_51_55_60
59_59_66_66_74_74
60_60_64_64_72_72
66
67
62
36_60
64
67
51
51
64
62
60
67
67
64
64
42
42_51
36
51
60
60
64
60
36
51
36
51
64
64
64_67
36_60
51
38_44
51
38_44_67_72
48_64
60
64
64
64
51
51
55
55
48
64_67
55_72
51
46
51
46_48_64_71
67
48
62
55
64
71
67
62
51
51
55
55
48_62
55
36_42
51
36_42
33_51_55_64_67_76
45_52_64
67
60_60_64_64_69_72_72
64_64_69_69_72_72
62
55
52
51_52
57
51
45
55
52
57
52
42
55
51
42
60
51
52
33
57
60
55
52
36
33
51
36_64
51
57
60
52
33_64
45
33_38_64_76
44_51_57_69_69
38
44_51
60
64
69
52
51
64
64
51
69
45
64
52
55
46_51_60
46_51
64
67_69
64
60
52
51
57
51
55
33
52
64
60
57
50
66
62
33_57_69_72
42_51_52_60
36
42_51_64_64_64_69_69_69
36_64_69
60
57
52
57
51
57
57
51
52
57
50
44_51
60
44_51
60
57
52
33
57
60
57
51
60
33
51
64
57
60
57
33_64
50
51
42
33_38_60_72
51_52_64_69
42
38
60
64
69
57
51
64
51_64
50
69
33
57
69
64
60
41_51_62
36
41_51_60
66
69
64
60
57
60
51
51_57
64
60
36
57
57
71
59_66
51_51
69
39_52_64_66
42_51_54
36_47
42_64_64_69_69_72_72
36_63_63_66_66_71_71
60
71
66_69
57
47
51
71
66_69
51
54
57
47
39
54
51
42
39_51
42
59
71
66
69
47
54
59
36_51_71
66
36_51
69
54
54
59
51
66
69
71
54
39
59
51_71
38
46_64_67
40_51_52_54_66_67
38_55_55
46_59
63_63_66_66_71_71_71
64_64_67_67_71
59
54
55
51
51
47
67
64
71
54
55
40
47
42
40_51_67
42_64
51_52
55
47
52
67
64
52
59
36
36
47
47
40_52
47
74
69_72
42_54
42_51_55_67
36_45_57_69
42
51
36_64_64_67_67_71_71
66_66_69_69_74_74
52
47
45
51
50
51
47
45
42
50
62
42_51
42
42_51
57
74
45
72
54_69
50
57
36_51_74
36_51
50
50
74
42
57
62
50
38_46
51_74
38_43_46_57_62_67_69
50_51_55_59_59
66_66_69_69_74_74
67_71_71_74_74
67
57
50
59
51
51
50
50
67
59
43
50
42
51
67
31_42
47_51
55
59
59
50
47
36
51
36
50_51
50_74
67
47
31
50
36
42_51
36_50_62_72
36_60_67_72
42_51_52_52
55
67_71_74_74
64_67_67_67_71_72_72
64
47
50
67
72
52
51
72
51_67
48
50
52
36
48
42_67
36
51
42
52
51_52
72
48
36
52
36
67_72
36_51
35
51
55
48
52
55
38_42_67
74
67
38_42_51
50
51
72
52
55
50
51
51
55
55
50
35
52
55
67
46
76
51
46
35
50_51
50_74
50
55
35
51
33
51
48
55
50
48
76
55_69
42
36_51_67
57_60_64_72
42_52
36_51
64_64_67_67_69_72_72
60_60_64_64_69
50
48
33
28_51
51
48
57
28
60
33
51
51
33
35_57
67
69
60
57
35
52_54_64_72
38_45_51_57_69
60
45_51_60_60_64_64_69_69
62_62_66_66_69_69
38
72
36_43_51_71
43_51
36
50
60
41_51
41_51
54
31_51
51
71
50
31
57_67
62_62
31_46_50_69
51_55_59_59_59_62_62_67_67_67
36
46
51_66_66_69_69
36
55
59
51
62
51
31
62
31
59
31
51_59
38_46_55
51
46
38
55
51
38
62
51
59
59
38
31_46_51_59
55
46_51
59_62_67
67
31_55_59
50_59_62_62_67_67
