41
41_41
35_41_42_50_50_54_54_57_66
54
42
35_42_50_54
42
50_54
50_54
50_54
42
42
35_42_50_50_54_54
42
35_42
42
42_66
42
50
54
42_45_50_54_66
42
66_67
42_45_45_50_54_66_67
42
35_42_45_50_54_54_54_59_64_66
59
42
54
35_42_59
42
54_59
54_59_64
42_66
54
42
59
35_42_54_59_62_66
54_59
42
35_42
42
42_61_62
42
42_47_54_59
54
42
59
42_47_47_54_59_61_62
42
35_42_47_52_52_54_57_57_59_61_62
54
52
57
42
57
35_42_52
42
52_57
52_57
42_57_61
52_57
42
57
35_42_52_52_57_57_57
42
35_42
42
42_55_57
42
42_43_52_55_57_57
42
42_43_43_52_57_57
52
42
57
35_42_43_52_52_52_57_57
42
35_42
42
52_57
52_52_57
57
42
52_57
42
35_42_52_52_55_55
42
35_42
42
42
42
41_42_52_55
42
41_41_42_52_55_55
52
42
52
35_41_42_50_50_52_54_54_55_57
54
42
35_42_50_54
42
50_54
50_54
50_54
42_66
42
66_67
35_42_50_50_54_54_66_67
42
35_42_66_67
42
42_67_69
42
50
54
42_45_50_54
42
42_45_45_50_54_62_69
42
35_42_45_50_54_54_54_59
59
42
54
35_42_59
42
54_59
54_59
42_62_66
42
54
59
66_67
35_42_54_59_66_67
54_59
42
35_42_66_67_67
42
42_67_67_69
42
42_47_54_59
42_54
59
42_47_47_54_59_69_71
42
35_42_47_52_52_54_57_57_59
54
52
42
57
35_42_52
42
52_57
52_57
42_69_71
52_57
42
69
35_42_52_52_57_57_69
42
35_42
42
42
42
42_43_52_57
42
42_43_43_52_57_57
52
42
57
35_42_43_52_52_52_57_57
42
35_42
42
52_57
52_52_57
57
42
42
52_57
42
42
35_42_52_52_55_55
42
35_42
42
42
42
41_42_52_55
42
41_41_42_52_55_55
52
42
52
35_41_42_50_50_52_54_54_55_57
54
69
42
35_42_50_54
42
50_54
50_54
50_54
42
42
35_42_50_50_54_54_78
42
78
35_42_78
42
78
76
42
78
78
42
78
78
50
54
42_45_50_54_66
78
78
42
66_67
78
78
76
76
76
42_45_45_50_54_66_78
42
67
35_42_45_50_54_54_54_59_64_66
59
42
54
76
76
35_42_59
78
78
42
54_59
54_59
42_64_66
54
42
59
35_42_54_59_62_66
54_59
42
78
35_42_76
42
42_61_62_78
76
42
78
78
42_47_54_59
76
76
54
42
59
61
42_47_47_54_59_62_73
78
78
76
76
78
42
35_42_47_52_52_54_57_57_59_61_62
54
52
42
57
35_42_52
73
73
78
78
42
52_57
52_57
42_57_61
52_57
42
57
35_42_52_52_57_57_57
42
35_42
42
42_55_57
42
42_43_52_55_57_57
42
57
42_43_43_52_57_57
52
42
73
57
35_42_43_52_52_52_57_57_69
42
35_42
42
52_57
52_52_57
57
73
73
42
69
69
52_57
42
67
69
35_42_52_52_55_55
42
35_42
42
67
67
69
69
42
42
41_42_52_55_66
67
42
41_41_42_52_55_55
52
42
52
35_41_42_50_50_52_54_54_55_57
66
66
54
67
67
42
35_42_50_54
42
50_54
50_54
50_54
42_66
42
66_67
66
35_42_50_50_54_54_66_67_78
42
78
35_42_66_67_78
42
66
66
78
42_67_69_76
78
78
42
78
78
50
54
42_45_50_54
78
78
42
76
78
78
42_45_45_50_54_62_69_78
76
76
42
35_42_45_50_54_54_54_59
59
42
54
76
76
35_42_59
78
78
42
54_59
54_59
42_66
42
54_62
59
66_67
35_42_54_59_66_67
54_59
42
78
35_42_66_67_83
42
83
42_67_69_81
42
78
78
81
42_47_54_59_83
83
83
42_54
59
69
83
83
83
42_47_47_54_59_71_81
81
81
42
81
81
35_42_47_52_52_54_57_57_59
83
83
54
52
42
57
83
83
35_42_52
81
81
42
52_57
52_57
42_69_71
52_57
42
69
35_42_52_52_57_57_69
42
35_42
42
42
42
42_43_52_57
42
42_43_43_52_57_57
52
42
57
35_42_43_52_52_52_57_57_78
81
42
35_42
42
52_57
52_52_57
57
42
78
78
81
81
42
52_57
42
42
78
35_42_52_52_55_55_76
42
35_42
42
78
78
42
76
76
42
76
41_42_52_55_74
42
41_41_42_52_55_55
52
42
52
69
76
76
35_41_42_50_50_52_54_54_55_57_66
74
74
54
42
35_42_50_54
42
50_54
50_54
50_54
42
42
35_42_50_50_54_54_66
42
74
35_42
42
42
42
74
74
50
54
42_45_50_54
78
42
79
78
42_45_45_50_54_78
79
42
35_42_45_50_54_54_54_59_76
78
78
78
59
42
79
79
78
78
54
35_42_59
78
78
79
79
42
54_59
54_59_78
76
42
76
76
78
78
54
42
59
78
35_42_54_59_74
54_59
42
78
76_78
76
35_42
42
42_73_78
74
74_78
74
42
42_47_54_59
54
42
59
74
73
42_47_47_54_59
73
74
73
74
42
35_42_47_52_52_54_57_57_59_73
54
52
74
42
74
74
73
73
57
35_42_52
42
52_57
52_57
42_69
73
73
73
52_57
74
74
42
69
35_42_52_52_57_57_69
42
35_42
69
69
73
73
42
69
69
69
42_67
69
69
42
42_43_52_57_69
67
42
57
69
69
42_43_43_52_57_57
67
67
52
42
57
35_42_43_52_52_52_57_57
69
69
67
67
42
35_42
42
52_57
52_52_57
57
42
52_57
42
35_42_52_52_55_55
42
35_42
42
42
42
41_42_52_55
42
41_41_42_52_55_55
52
42
52
35_41_42_50_50_52_54_54_55
54
69
42
35_42_50_54
42
50_54
50_54
50_54
42
69
69
78
42
79
78
35_42_50_50_54_54
78
79
42
78
35_42_79
78
78
42
79
79
78
78
42_81
78
78
79
79
79
42
50
54
78
42_45_50_54
78
79
79
42
74
81
42_45_45_50_54
81
81
79
79
42
35_42_45_50_54_54_54_59
59
42
74
74
54
81
81
35_42_59
42
54_59
54_59
74
42_78
42
54
59
78
79
35_42_54_59_78
79
54_59
42
74
74
78
35_42_79
78
78
42
78
78
79
79
42_81
78
78
79
79
79
42
78
78
42_47_54_59
79
79
42_54
59
83
81
42_47_47_54_59
81
81
79
79
42
35_42_47_52_52_54_57_57_59
54
52
42
83
83
57
81
81
35_42_52
42
52_57
83
52_57
42_81
52_57
42
81
35_42_52_52_57_57_81
42
83
83
35_42
81
81
42
81
81
42
81
81
42
42_43_52_57
42
42_43_43_52_57_57
52
42
57
81
35_42_43_52_52_52_57_57_78
42
35_42
42
52_57
52_52_57
57
81
81
42
78
78
42
52_57
42
42
76
78
35_42_52_52_55_55
42
35_42
42
76
76
78
78
42
42
76
74
41_42_52_55
42
41_41_42_52_55_55
52
42
52
76
74_76
74
35_41_42_50_50_52_54_54_55_57_73_73
74
54
42
35_42_50_54_74
73
42
50_54
74
50_54
50_54
42_71_73
73
73
74
74
42
35_42_50_50_54_54_73
74
74
73
73
42
74
74
35_42_69_71_74
73
42
42
73
73
42
50
74
54
42_45_50_54_67_69_78
74
74
73
73
42
42_45_45_50_54
42
74
74
35_42_45_50_54_54_54_59_66_67_73
78
78
78
59
42
54
35_42_59_74
73
42
54_59
54_59
74
42_62_66
73
73
78
78
54
42
59
62
35_42_54_59_62_73
74
74
73
73
54_59
42
74
74
35_42_73_74
42
42
73
73
42
74
42_47_54_59_78
73_74
73_74
54
42
59
42_47_47
54_59
42
74
74
78
35_42_47_52_52_57_57_73
78
78
54
52
54_59
42
57
35_42_52_74
73
42
52_57
52_57
74
78
78
42_62_66
73
73
52_57
66
42
35_42_52_52_57_57_66_73
74
74
73
73
66
42
74
74
35_42_66_74
73
42
42_66_67
73
73
42
74
42_43_52_57_73
74
74
73
73
42
57
42_43_43_52_57_67_69
52_57
42
74
74
73
35_42_43_52_52_52_57_57
73
73
69
57
42
35_42
42
52_57
52_52
57_57
69
69
73
73
42_62_69
52_57
42
62
35_42_52_52_55_55_62
42
62
35_42_62
42
62
42_64
42
41_42_52_55
42
41_41_42_55
52_52_55
42
52
35_41_42_50_50_54_54_64_73_73
69
54
52_55
42
73
35_42_50_54_74
42
50_54
50_54
50_54
69
69
42_71_73
73
73
74
42
73
73
35_42_50_50_54_54_73
74
74
42
35_42_69_71_74
73
74
74
42
42
73
73
42
50
74
54
42_45_50_54_67_69_78
74
74
73
73
42
42_45_45_50_54
42
74
74
35_42_45_50_54_54_54_59_66_67_73
78
78
78
59
42
54
35_42_59_74
73
42
54_59
54_59
74
42_62_66
73
73
78
78
42
54
59
62
35_42_54_59_62_73
74
74
73
73
54_59
42
73
74
74
35_42_74
42
42
73
73
42
74
73
73
42_47_54_59_78
74
74
42_54
59
42_47_47
54_59
42
74
74_78
35_42_47_52_52_57_57_73
78
78
54
52
54_59
42
57
35_42_52_74
73
42
52_57_62
52_57
78
78
74
42_66
73
73
52_57
42
66
35_42_52_52_57_57_66_73
74
74
73
73
66
42
74
74
35_42_66_74
73
42
42_66_67
73
73
42
74
42_43_52_57_73
74
74
73
73
42
42_43_43_52_57_67_69
52_57
42
74
74
73
35_42_43_52_52_52_57_57_69
73
73
57
42
35_42
42
52_57
52_52
57_57
42_62_69
73
69
73
69
42
52_57
42_62
42
35_42_52_52_55_55_62_67
69
42
62
35_42_62
42
62
42_64
67
67
69
69
42
67
41_42_52_55_66
42
41_41_42_55
52_52_55
42
52
67
67
35_41_42_50_50_54_54_57
66
66
54
52_55
42
35_42_50_54
42
50_54
50_54
50_54
42
42_64
66
78
35_42_50_50_54_54_81
78
42
81
78
35_42_81
42
66
66
78
78
78
76
81
42_79
81
81
78
78
42
81
81
50
54
78
78
42_45_50_54
81
81
79
42
78
76_78
78
79
76
76
81
81
42_45_45_50_54
79
79
42
35_42_45_50_54_54_54_59
59
79
79
42
78
78
76
76
54
79
79
35_42_59
42
54_59
54_59
42
79
78
54
42
59
35_42_54_59
54_59
42
35_42
78
76
79
78_79
76
78
78
42
42_78
76_78
76
42
42_47_54_59
78
78
76
78
76_78
76
76
54
42
59
78
73
42_47_47
78
78
76
76_78
78
54_59
76
76
42
78
35_42_47_52_52_57_57_81
54
52
54_59
42
78
78
57
73
73
35_42_52
42
52_57
52_57
78
78
42
81
81
81
52_57_79
42
79
35_42_52_52_57_57
42
35_42_79
81
81
79
79
42
79
79
79
42_78
42
42_43_52_57
79
79
42
57
79
79
42_43_43_52_57
78
78
52_57
42
69
73
78
35_42_43_52_52_52_57_57_81
57
42
35_42
42
52_57
52_52
57_57
69
69
73
73
78
78
42
81
81
52_57
42
67
69
35_42_52_52_55_55_79
81
42
35_42
42
67
67
69
69
42
79
79
81
81
42
66
67
41_42_52_55
79
78
42
41_41_42_55
52_52_55
42
52
66
66
67
67
35_41_42_50_50_54_54
79
79
54
52_55
78
78
42
35_42_50_54
42
50_54
50_54
50_54
42
78
42
66
78
35_42_50_50_54_54
81
78
42
81
78
35_42_81
78
78
42
66
66
78
76
78
78
42_79
81
81
81
78
78
42
81
81
50
54
78
42_45_50_54
78_81
81
79
42
78
78
76
78
76
42_45_45_50_54_79
79
79
81
76_81
42
35_42_45_50_54_54_54_59
79
79
59
42
54
78
78
35_42_59
79
79
76
76
42
54_59
54_59
79
83
42_78
78
42
54
59
83
35_42_54_59
54_59
42
79
79
83
35_42_83
78
78
78
78
78
83
76
42
83
83
83
81
76
42_78
42
83
81
42_47_54_59
78
78
83
76_83
76
42_54
59
83
81
83
83
81
81
76
76
42_47_47
78
78
54_59
42
83
83
81
81
78
35_42_47_52_52_57_57_76
54
52
54_59
42
83
83
57
81
81
35_42_52
42
52_57
52_57
78
78
42
76
76
52_57
42
35_42_52_52_57_57_73
76
42
35_42
42
42
73
73
76
76
42
73
42_43_52_57_69
42
42_43_43_52_57
52_57
42
73
73
78
35_42_43_52_52_52_57_57
69
69
81
57
42
35_42
42
52_57
52_52
57_57
42_78
78
81
81
42
52_57
42
42
76_78
35_42_52_52_55_55
42
35_42
42
76_78
76_78
42
42
74
76
41_42_52_55
42
69
41_41_42_55
52_52_55
42
52
74
74
76
76
35_41_42_50_50_54_54_57_73_81
74
73
54
52_55
42
69
69
35_42_50_54
74
73
42
50_54
50_54
50_54
42_71_73_74_79
74
73_74
81
73
81
81
42
73
35_42_50_50_54_54
74
74
73
73
42
35_42_69_71_78
79
74_79
74
79
74
73
81
81
42
73
73
42
42
50
54
42_45_50_54_67_69_79
78_78
78
79
78_79
74
74
74
73
73
42
42_45_45_50_54
42
78
73
35_42_45_50_54_54_54_59_66_67
79
78_79
78
78
78
74
74_79
59_78
42
54
74
35_42_59
73
42
54_59
54_59
78
78
73
73
78
74
42_62_66_74
79
79
78
78
54
42
59
62
74
73
35_42_54_59_62_74
74
74
73
73
54_59
42
78
78
74
74
35_42
74
74
74
73
42
74
74
73
73
42
74
74
42
78
74
42_47_54_59
74
73
74
73
54
42
59
42_47_47
54_59
42
73
78
78
78
35_42_47_52_52_57_57
74
74
54
52
54_59
42
57
73
74
74
35_42_52
42
52_57
52_57
74
73
73_78
78
42_62_66_78
52_57
66
42
78
73
73
73
74
74
74
74
35_42_52_52_57_57_66_78
66
42
78
74
73_74
74
35_42_66_78
78
78
42
78
78
73
73
78
42_66_67_79
78
78
42
78
78
73
73
74
42_43_52_57
74_78
78
74
73
42
57
78
78
42_43_43_52_57_67_69_81
79
79
79
52_57
42
73
69
74
74
35_42_43_52_52_52_57_57
73
73
57
42
35_42
81
81
79
79
42
52_57
52_52
57_57
73
73
69
69
81
42_62_69
74
52_57
42
62
74
69
67
35_42_52_52_55_55_62_74
42
74
62
81
81
35_42_62_74
74
74
42
74
74
62
69
69
67
67
74
42_64
74
74
76
42
74
74
66
67
41_42_52_55
74
74
42
74
74
41_41_42_55
52_52_55
76
76
42
52
76
66
66
35_41_42_50_50_54_54_64_66_73
67
67
73
54
52_55_81
42
74
73
35_42_50_54
42
50_54
76
76
50_54
50_54
74
42_71_73
66
66
73
73
79
81
81
81
42
73
74
74
35_42_50_50_54_54
73
73
42
79
35_42_69_71
74
74
74
73
78
79
79
81
81
42
73
73
42
42
50
54
78
74
79
42_45_50_54_67_69_79
74
74
73
73
78
78
78
79
42
42_45_45_50_54
42
78_78
74_78
74
73
35_42_45_50_54_54_54_59_66_67_78
79
79
79
78
59_78
42
54
35_42_59
74
73
42
54_59
54_59
79
78_79
78
73
73_78
42_62_66_74
74_78
78
42
54
59
74
62
73
35_42_54_59_62_74
74
74
73
73
54_59
42
78
35_42_78
74
74
74
74_74
73
42
74
74
73
73
42
74
74
42
42_47_54_59
78
74
74
73
73
74
42_54
59
42_47_47
54_59
42
78
73
35_42_47_52_52_57_57
78
78
54
52
54_59_74
74
42
57
74
35_42_52
74
73
42
52_57_62
52_57
78
73_78
73
42_66
74
52_57_78
42
66
78
73
74
74
35_42_52_52_57_57_66_78
74
73_74
73
66
42
78
73
35_42_66
74
74_74
78
78
78
42
78
78
73
73
42_66_67_79
78
78
78
42
78
78
73
42_43_52_57
73
73
74
74
74
78
78
42
79
42_43_43_52_57_67_69_81
79
79
78
78
52_57
42
73
69
35_42_43_52_52_52_57_57
73
73
57
74
74
42
35_42_79
79_81
81
42
52_57
52_52
57_57
73
73
81
42_62_69_69
69
74
42
52_57
42_62
74
42
69
67
35_42_52_52_55_55_62
74
42
62
74
81
81
35_42_62_74
74
74
42
74
74
62
69
69
67
67
42_64_76
74
74
74
42
74
74
67
66
41_42_52_55
74
74
42
41_41_42_55
76
76
74
74
52_52_55
42
52
67
67
66
66
35_41_42_50_54_57_64
54
50_52_54_55
42
35_42
50_54_66
64
42
66
50_54
50_50_54_54
76
42
64_66
64
42
66
35_42_50_54_66_81
50_54_64
66
42
66
81
76
76
35_42_81
64_66
66
64
42
66
66
66
81
42_79
66_81
81
66
64
42
81
81
50
54
42_45_64_66_78
81
81
79
50_54
64_66
42
66
78_79
81
81
42_45_45_66_78_79_79
79
79
50_54_64
66
42
35_42_45_54_76_78
64_66
78
78
79
79
50_54_54_59_59
42
78_79
78_79
66
35_42_54_64
66_79
78_79_79
78_79
59
64
42
54_59
76
54_59
42_64_66_78_78
76_78
76_78
79
54_66
42
59
66
35_42_66_74_78
64
54_54_59_59
42
76
76
78
35_42_66_69_76
64_66_78
78_78
78
79
79
66
42
76
42_69_71_73_74_78
66
74_78
74_78
42
71
78
78
42_47_71
66_69_76
76
54_59
54
42
59
76
76
42_47_47_73_74
69_71_78
73_74_78
73_74
54_59
42
71
78
35_42_47_52_57_64_71_73_74_81
71
54
52
52_54_57_59
42
35_42_57_64_66
73_74
73_74
52
66
42
52_57
52_57
78
78
42_66_69_73
64_71_81
73_74_81
73_74
81
52_57_79
42
69
66
35_42_52_57_64_69
64_66
52_57
79
66
42
35_42_66_79
66
69_73
69_73
81
81
64
79
79
66
42
69
69
79
66
42_66_67_69_78
64
69
69
79
79
42
66
42_43_66_67_69
66_79
79
52_57
64
66
42
57
66
79
79
42_43_43_52_57_59
66_78
67_69_78
67_69
52_57
42
66
35_42_43_52_52_57_57_81
66
67_69_78
67_69
52_57
42
66
35_42
59
42
52_57
52_52_57
57
42
81
81
78
78
52_57
42
35_42_52_55
52_55
42
35_42
42
42
79
81
42
41_42
52_55
42
59
41_41_42_55
52_52_55
79
79_81
81
42
52
35_41_42_50_54_64_69_78
79
54
50_52_54_55
42
59
35_42
50_54_64_66
42
66
50_54
50_50_54_54
42_78
78
69_78
69
79
79
66
64
42
79
78
78
79
35_42_50_54_66
50_54_64
66
64
42
66
78
79
35_42
78
78
64_66
66
42
66
79
79
78
78
81
78_79
78
79
79
42
66
66
64
42
50
78
78
54
79
79
42_45_64_66
50_54
64_66
42
66
81
81
81
79
79
74
42_45_45_66
50_54_64
66
42
35_42_45_54
64_66
50_54_54_59_59
42
81
66
81
74
74
35_42_54_64
66
59
64
42
54_59
54_59
42_64_66_78
74
42
54_66
59
79
78
66
78
35_42_66
64
79
54_54_59_59
42
78
79
35_42_66_69_78
64_66
78
78
74
74
42
66
79
78_79
78
81
78
78
42_69_71_79
66
79
79
42
71
78
78
79
79
42_47_71
66_69
54_59
42_54
59
81
81
83
81
42_47_47
69_71
79
79
54_59
42
71
35_42_47_52_57_64_71
71
54
52
52_54_57_59
42
83
83
81
81
35_42_57_64_66
52
66
42
52_57
52_57
81
83
42_66
64_71_78
78
52_57
42
81
66
35_42_52_57_64
64_66
81
52_57
66
42
81
81
83
83
35_42_66
66
64
66
42
81
81
66
42_66
64
81
81
42
66
42_43_66
66
52_57
64
42
66
66
42_43_43_52_57_59
66
52_57
42
66
35_42_43_52_52_57_57
66
52_57
42
66
35_42
59
42
52_57
52_52_57
57
42
42
52_57
42
42
35_42_52_55
52_55
42
35_42
42
42
42
41_42
52_55
42
59
41_41_42_55
52_52_55
42
52
73
81
35_41_42_50_54_57_64
54
50_52_54_55
42
59
35_42
50_54_64_66
42
66
50_54
50_50_54_54
73
42
73_81
81
73
71
66
64
42
35_42_50_54_66
50_54_64
66
64
42
66
71
35_42
69
73
73
71
71
64_66
66
42
66
42
66
66
64
42
50
54
69
67
42_45_64_66_71
71
69
69
50_54
64_66
42
66
42_45_45_66
50_54_64
66
42
69
69
67
35_42_45_54
64_66_67
67
66
57
50_54_54_59_59
42
66
35_42_54_64
66
59
64
42
54_59
66
54_59
62
42_64_66
67
67
66
66
54_66
42
59
62
66
35_42_66
64
62
54_54_59_59
42
66
66
62
62
35_42_66_69
64_66
66
42
62
62
42_69_71
66
62
62
42
71
42_47_71
66_69
54_59
54
42
59
42_47_47
69_71
54_59
42
71
35_42_47_52_57_64_71
71
54
52
52_54_57_59
42
62
35_42_57_64_66
52
66
42
52_57
52_57
42_66
64_71
66
52_57
42
66
62
62
66
66
35_42_52_57_64
64_66
52_57
66
42
66
66
35_42_66
66
66
66
64
66
42
66
66
66
66
42_66
64_66
66
67
42
66
66
66
66
66
42_43_66
66
52_57
64
66
42
66
69
66
66
42_43_43_52_57_59
66
67_67
67
52_57
42
66
35_42_43_52_52_57_57
66
52_57
42
66
69
69
35_42
59
67
67
42
52_57
52_52_57
69
57_62
42
52_57
42
62
62
35_42_52_55
52_55
42
62
69
69
62
62
62
35_42
42
62
62
62
64
62
42_62
42
62
62
62
62
41_42
52_55
42
59
62
62
64
64
41_41_42_55
52_52_55
42
52
64
35_41_42_50_54_64
73
54
50_52_54_55
42
59
35_42
50_54_64_66
42
66
50_54
50_50_54_54
42_64
64
71
73
73
73
66
64
42
35_42_50_54_66
50_54_64
66
64
42
66
69
35_42
71
71
71
73
73
64_66
66
42
66
42
66
66
64
42
50
54
69
67
69
42_45_64_66_69
71
71
50_54
64_66
42
66
42_45_45_66
50_54_64
66
42
67
69
66
69
67
67
35_42_45_54
64_66
50_54_54_59_59
42
66
35_42_54_64
66
59
64
42
54_59
66
62
54_59
67
67
66
66
42_64_66
42
54_66
62
59
66
35_42_62_66
64
54_54_59_59
42
66
66
62
62
35_42_66_69
64_66
42
66
62
62
42_69_71
66
62
62
42
71
42_47_71
66_69
54_59
42_54
59
42_47_47
69_71
54_59
42
71
35_42_47_52_57_64_71
71
54
52
52_54_57_59
42
62
35_42_57_64_66
52
66
42
52_57
52_57
42_66
64_71
66
52_57
42
66
66
66
35_42_52_57_64
62_64_66
62
52_57
66
42
66
66
35_42_66
66
66
66
64
66
42
66
66
66
66
66
66
67
42_66
64
42
66
66
66
42_43_66_66
66
66
52_57
64
42
66
66
66
66
67
69
67
67
42_43_43_52_57_59
66
52_57
42
66
35_42_43_52_52_57_57
66
52_57
42
66
67
67
69
69
35_42
59
42
52_57
52_52_57
57_69
62
42
42
52_57
62
42
42
62
35_42_52_55
52_55
42
62
69
69
62
62
62
35_42
42
62
62
62
64
62
62
42
42
62
62
62
62
41_42
52_55
42
59
62
62
64
64
41_41_42_55
52_52_55
42
52
35_41_42_50_54_57
64
54
50_52_54_55
42
59
35_42
50_54_66
64
42
66
50_54
50_50_54_54
42
66
64
42
64
35_42_50_54_66
78
50_54_64
66
64
42
78
66
35_42
78
64_66
66
42
64
64
66
78
76
42
66
78
78
66
64
42
78
78
50
54
42_45_64_66
78
78
50_54
64_66
42
66
76
78
78
78
76
76
42_45_45_66
50_54_64
66
42
35_42_45_54_57
64_66
50_54_54_59_59
42
76
76
66
78
78
35_42_54_64
66
59
64
42
54_59
54_59
42_64_66
54_66
42
59
66
35_42_66
64
54_54_59_59
42
35_42_66_69
64_66
66
42
78
76
42_69_71
66
42
71
42_47_71
66_69
54_59
54
42
59
76
78
78
78
42_47_47
69_71_76
76
54_59
42
71
78
73
35_42_47_52_57_64_71
71
54
52
52_54_57_59
42
76
76
78
78
35_42_57_64_66
52
66
42
52_57
52_57
78
78
73
73
42_66
64_71
52_57
42
66
35_42_52_57_64
64_66
52_57
66
42
35_42_66
66
64
66
42
66
42_66
64
42
66
42_43_66
66
52_57
64
66
42
66
42_43_43_52_57_59
66
52_57
42
66
73
69
35_42_43_52_52_57_57
66
52_57
42
66
35_42
59
42
52_57
52_52_57
73
57_73
69
69
42
52_57
42
67
69
35_42_52_55
52_55
42
35_42
42
67
67
69
69
42
42
66
67
41_42
52_55
42
59
41_41_42_55
52_52_55
42
52
66
67
66
67
35_41_42_50_54_64
54
50_52_54_55
42
59
35_42
50_54_64_66
42
66
50_54
50_50_54_54
42
66
66
64
42
35_42_50_54_66
78
50_54_64
66
64
42
78
66
78
35_42
66
66
64_66
66
42
66
78
76
42
66
78
78
66
64
42
78
78
50
54
42_45_64_66
78
78
50_54
64_66
42
66
78
78
76
42_45_45_66_76_76
78
50_54_64
66
42
35_42_45_54
64_66
50_54_54_59_59
42
66
35_42_54_64
66
76
76
78
78
59
64
42
54_59
54_59
42_64_66
42
54_66
59
66
35_42_66
64
54_54_59_59
42
78
35_42_66_69
64_66
83
42
66
83
42_69_71
66
81
42
71
81
83
78
42_47_71
66_69_78
83
83
54_59
42_54
59
83
81
83
83
42_47_47
69_71
81
81
54_59
42
71
81
81
83
35_42_47_52_57_64_71_83
71
54
52
52_54_57_59
42
83
83
81
81
35_42_57_64_66
52
66
42
52_57
52_57
42_66
64_71
52_57
42
66
35_42_52_57_64
64_66
52_57
66
42
35_42_66
66
64
66
42
66
42_66
64
42
66
42_43_66
66
52_57
64
42
66
66
42_43_43_52_57_59
66
52_57
42
66
78
81
35_42_43_52_52_57_57
66
52_57
42
66
35_42
59
42
52_57
52_52_57
57
78
78
81
81
42
42
52_57
42
42
57
35_42_52_55
76
52_55
42
35
76
76
57
74
49
52_55
49_55
52
74
74
59
52
73
59
52
73
73
73
78
76
52
74
76
73_74
73_74
78
78
76
