44
44
44
44
44
44
44
44
49_53_56_61
56
53
44
49_53
56
61
44
49
53_61
56
49_61
53
56
61
49
53_56_61
44
44
56
49
53
61
49_53_58_61
58
53
44
49_53
58
61
44
49
53_61
58
49_61
53
58
61
49
53_58_61
44
44
58
49
53
61
49_53_56_61
56
53
44
49_53
56
61
44
49
53_61
56
49_61
53
56
61
49
53_56_61
44
44
56
49
53
61
49_53_58_61
58
53
44
49_53
58
61
44
49
53_61
58
49_61
53
58
61
49
53_58_61
44
44
58
49
53
61
35_37_49
49_53_56_61
35
56
56
53
56
49
44_61
49_53
56
61
44
37
61
56
49
53_61
56
56
32_35_49
35
49_56_61
53
56
56
61
49
49
53_56_61
44_61
44
32
61
56
49_56
53
61
56
35_37_49
49_53_58_61
35
58
58
53
58
49
44_61
49_53
58
61
44
37
61
58
49
53_61
58
58
32_35_49
35
49_58_61
53
58
58
61
49
49
53_58_61
44_61
44
32
61
58
49_58
53
61
58
35_37_49
49_53_56_61
35
56
56
53
56
49
44_61
49_53
56
61
44
37
61
56
49
53_61
56
56
32_35_49
35
49_56_61
53
56
56
61
49
49
53_56_61
44_61
44
32
61
56
49_56
53
61
56
35_37_49
49_53_56_61
35
56
56
53
56
49
44_61
49_53
56
61
44
37
61
56
49
53_61
56
56
35_37_49
35
49_56_61
53
56
56
61
49
49
53_56_61
44_61
44
37
61
56
49_56
53
61
56
35_44_48
48_51_56_60
35
56
56
51
56
48
44_60
48_51
56
60
44
44
60
56
48
51_60
56
56
35_39_48
35
48_56_60
51
56
56
60
48
48
51_56_60
44_60
44
39
60
56
48_56
51
60
56
35_44_48
48_51_56_60
35
56
56
51
56
48
44
43_44_60
48_51
56
60
44
60
56
48
51_60
56
56
43
35_44_48
35
48_56_60
51
56
56
60
44
48
48
51_56_60
44_45_60
44
60
56
48_56
51
60
56
45
35_46_49_65
49_53_58_61
35
58
58
53
58
49
44_61
49_53
58
61
44
46
61
58
49
53_61
58
58
35_41_49_61
35
65
49_58_61
53
58
58
61
49
49
53_58_61
44_61
44
41
61
58
49_58
53
61
58
35_46_49_58
49_53_58_61
35
61
58
58
53
58
49
44_61
49_53
58
61
44
46
61
58
49
53_61
58
58
35_46_49_65
35
58
49_58_61
53
58
58
61
49
49
53_58_61
44_61_64
44
46
65
61
58
49_58
53
61
58
63
35_44_48
48_51_56_60
35
64
56
56
51
56
48
44_60
48_51
56
60
44
44
60
56
48
51_60
56
56
35_39_48_56
35
63
48_56_60
51
56
56
60
48
48
51_56_60
44_60
44
39
60
56
48_56
51
60
56
35_48_48_54
48_51_56_60
35
56
56
56
51
56
48
48
44_46_60
48_51
56
60
44
60
56
48
51_60
56
56
46
35_44_48
35
48_56_60
51
56
56
44_60
48
48
51_56_60
41_44_60
44
60
56
48_56
51
60
54
56
41
35_42_49_49_54_58
49_54_58_61
35
54
58
54
54
49
44_61
49_54
58
61
44
42
61
54
49
54_61
58
54
35_37_49
35
49_54_61
54
58
54
61
49
49
54_58_61
44_61
44
37
61
58
49_54
54
61
54
35_42_49
49_54_58_61
35
54
58
54
54
49
44_61
49_54
58
61
44
42
61
54
49
54_61
58
54
35_42_49
35
49_54_61
54
58
54
61
49
49
54_58_61
44_61
44
42
61
58
49_54
54
61
54
54
58
49
35_44_48_56
48_51_56_60
35
56
56
51
56
48
44_60
48_51
56
60
44
44
60
56
48
51_60
56
56
35_39_48_55
35
56
48_56_60
51
56
56
60
48
48
51_56_60
44_60
56
44
39
55
60
56
48_56
51
60
56
35_44_48_54
48_51_56_60
35
56
56
56
51
56
48
44_60
48_51
56
60
44
44
60
56
48
51_60
56
56
35_39_48
35
48_56_60
51
56
56
60
48
39
48
51_56_60
41_44_60
44
60
56
48_56
51
60
56
41
35_39_51_51_58
46_51_55_61
55
35
54
58
55
51
58
51
44_63
46_51
55
61
44
39
63
58
46
51_61
55
58
34_35_51
35
46_58_61
51
55
58
61
51
46
51_55_61
44_63
44
34
63
55
46_58
51
61
58
51
55_58
35_39_51_58_63
46_51_55_61
35
58
55
51
58
51
44_63
46_51
55
61
44
39
63
58
46
51_61
55
58
58
35_39_51_58_61
35
63
46_58_61
51
55
58
61
51
46
51_55_61
44_63
44
39
63
55
46_58
51
61
58
35_44_48_60
48_51_56_60
58
35
61
56
56
51
56
48
44_60
48_51
56
60
44
44
60
56_58
48
51_60
56
60
56
35_42_48
35
48_56_60
51
56
56
60
48
48
51_56_60
44_60
44
42
60
56
48_56
51
60
56
35_41_48_56
48_51_56_60
35
58
56
56
51
56
48
44_60
48_51
56
60
44
41
60
54_56
48
51_60
56
56
56
35_39_48
35
48_56_60
51
56
56
60
48
48
51_56_60
44_51_60
44
39
54
60
56
48_56
51
60
56
35_37_49_68
49_53_56_61
53
35
51
56
56
53
56
49
44_61
49_53
56
61
44
37
61
56
49
53_61
56
56
32_35_49
35
49_56_61
53
56
56
61
49
49
53_56_61
44_61
44
32
61
56
49_56
53
61
56
35_37_49
49_53_56_61
35
53
56
56
53
56
49
44_61
49_53
56
61
44
37
61
56
49
53_61
56
56
35_37_49
35
49_56_61
53
56
56
61
49
49
53_56_61
44_61
44
37
61
56
49_56
53
61
56
35_44_48
48_51_56_60
35
56
56
51
56
48
44_60
48_51
56
60
44
44
60
56
48
51_60
56
56
35_39_48
35
48_56_60
51
56
56
60
48
48
51_56_60
44_60
44
39
60
56
48_56
51
60
56
35_44_48_51
48_51_56_60
35
51
53_56
56
51
56
48
44_60
48_51
56
60
44
44
60
56
48
51_60
56
56
35_44_48_51
35
53
48_56_60
51
56
56
60
44
48
48
51_56_60
44_45_52_60
51
44
60
56
48_56
51
60
56
45
35_46_49_53_70
49_53_58_61
68
52
35
58
58
53
58
49
44_61
49_53
58
61
44
46
61
58
49
53_61
58
58
35_41_49
35
49_58_61
53
58
58
61
49
49
53_58_61
44_61
44
41
61
58
49_58
53
61
58
53
35_46_49
49_53_58_61
35
58
58
53
58
49
44_61
49_53
58
61
44
46
61
58
49
53_61
58
58
35_46_49
35
49_58_61
53
58
58
61
49
49
53_58_61
44_61
44
46
61
58
49_58
53
61
58
35_44_48_68
48_51_56_60
70
35
56
56
51
56
48
44_60
48_51
56
60
44
44
60
56
48
51_60
56
56
35_39_48
35
48_56_60
51
56
56
60
48
48
51_56_60
44_60
44
39
60
56
48_56
51
60
56
35_48_48_56
48_51_56_60
35
56_56_58
56
51
56
48_48
44_46_60
48_51
56
60
44
60
56
48
51_60
56
56
46
35_44_48_56
35
58
48_56_60
51
56
56
60
44
48
48
51_56_60
43_44_53_56_60
44
60
56
48_56
51
60
56
43
35_42_49_53_54_70
49_54_58_61
68
35
54
58
54
54
49
44_61
49_54
58
61
44
42
61
54
49
54_61
58
54
35_37_49
35
49_54_61
54
58
54
61
49
49
54_58_61
44_61
44
37
61
58
49_54
54
61
54
35_42_49
49_54_58_61
54
35
54
58
54
54
49
44_61
49_54
58
61
44
42
61
54
49
54_61
58
54
35_42_49
35
49_54_61
54
58
54
61
49
42
49
54_58_61
44_46_61
44
61
58
49_54
54
61
54
46
35_44_48_58_68
48_51_56_60
70
35
56
56
51
56
48
44_60
48_51
56
60
44
44
60
56_56
48
51_60
56
58
56
35_39_48
35
48_56_60
51
56
56
60
48
48
51_56_60
44_56_60
54
44
39
60
56
48_56
51
60
56
35_44_48_53_54
48_51_56_60
35
51_56
56
51
53
56
48
44_60
48_51
56
60
44
44
60
56
48
51_60
56
56
35_39_48
35
48_56_60
51
56
56
60
48
48
51_56_60
44_60
44
39
60
56
48_56
51
60
56
35_44_48
48_51_56_60
51_68
35
56
56
51
56
48
44_60
48_51
56
60
44
44
60
56
48
51_60
56
56
35_39_48
35
48_56_60
51
56
56
60
48
48
51_56_60
44_60
44
39
60
56
48_56
51
60
56
35_44_48
48_51_56_60
35
56
56
51
56
48
44_60
48_51
56
60
44
44
60
56
48
51_60
56
56
35_44_48
35
48_56_60
51
56
56
60
48
48
51_56_60
44_60
44
44
60
56
48_56
51
60
56
35_37_49
49_53_56_61
35
56
56
53
56
49
44_61
49_53
56
61
44
37
61
56
49
53_61
56
56
32_35_49
35
49_56_61
53
56
56
61
49
49
53_56_61
44_61
44
32
61
56
49_56
53
61
56
35_37_49
49_53_56_61
35
56
56
53
56
49
44_61
49_53
56
61
44
37
61
56
49
53_61
56
56
35_37_49
35
49_56_61
53
56
56
61
49
37
49
53_56_61
41_44_61
44
61
56
49_56
53
61
56
41
35_39_51
46_51_58
54
35
58
51
54
58
51
44_63
46_51
58
54
44
39
63
58
46
51_58
54
58
34_35_51
35
46_58_58
51
54
58
58
51
46
51_58
44_63
54
44
34
63
46_58
51_54
58
58
35_39_51_51
46_51_58
54
35
58
51
54
58
51
44_54_63
46_51
58
54
44
39_51
63
58
46
51_58
54
58
35_37_51_58
35
54
46_58_58
51
54
58
58
51
46
51_58
44_54_63
54
44
37_58
63
46_58
51_54
58
58
35_36_48_56
48_51_56_60
35
54
56
56
51
56
48
44_60
48_51
56
60
44
36
60
56
48
51_60
56
56
34_35_48
35
48_56_60
51
56
56
60
48
48
51_56_60
44_60
44
34
60
56
48_56
51
60
56
32_35_48
48_51_56_60
35
56
56
51
56
48
44_60
48_51
56
60
44
32
60
56
48
51_60
56
56
32_35_48
35
48_56_60
51
56
56
60
48
48
51_56_60
44_60
44
32
60
56
48_56
51
60
56
56
35_37_49_65
49_53_56_61
35
65
56
56
53
56
49
44_61_65
49_53
56
61
44
37
61
56
49
53_61
56
56
32_35_49
35
49_56_61
53
56
56
61
49
49
53_56_61
44_61_61
65
44
32
61
56
49_56
53
61
56
35_37_49_65
49_53_58_61
61
35
58
58
53
58
49
44_61_66
49_53
58
61
44
37
65
61
58
49
53_61
58
58
32_35_49_65
35
66
49_58_61
53
58
58
61
49
49
53_58_61
44_61_63
65
44
32
61
58
49_58
53
61
58
35_37_49_61
49_53_56_61
35
63
56
56
53
56
49
44_61
49_53
56
61
44
37
61
56
49
53_61
56
56
32_35_49
35
49_56_61
53
56
56
61
49
49
53_56_61
44_61
44
32
61
56
49_56
53
61
56
35_37_49_59
49_53_56_61
35
61
56
56
53
56
49
44_61
49_53
56
61
44
37
61
56
49
53_61
56
56
35_39_49
35
49_56_61
53
56
56
61
39_49
49
53_56_61
41_44_61
44
61
56
49_56
53
61
56
41
35_42_49_54
49_54_58_61
35_59
54
58
54
54
49
44_61
49_54
58
61
44
42
61
54
49
54_61
58
54
35_37_49_58
35
54
49_54_61
54
58
54
61
49
49
54_58_61
44_61
44
37
61
58
49_54
54
61
54
35_42_49_60
49_54_58_61
35
58
54
58
54
54
49
44_61
49_54
58
61
44
42
61
54
49
54_61
58
54
35_37_49_61
35
60
49_54_61
54
58
54
61
49
37
49
54_58_61
44_46_61
44
61
58
49_54
54
61
54
46
35_44_48_60
48_51_56_60
35
61
56
56
51
56
48
44_60
48_51
56
60
44
44
60
56
48
51_60
56
56
56
35_39_48
35
60
48_56_60
51
56
56
60
48
48
51_56_60
44_60
44
39
60
56
48_56
51
60
56
35_44_48_54
48_51_56_60
35
56
56
56
51
56
48
44_60
48_51
56
60
44
44
60
56
48
51_60
56
56
35_44_48_51
35
54
48_56_60
51
56
56
60
48
48
51_56_60
44_60
44
44
60
56
48_56
51
60
56
35_37_49_49_65
49_53_56_61
35
51
56
56
53
56
49
44_61_68
49_53
56
61
44
37
65
61
56_65
49
53_61
56
68
56
32_35_49
35
49_56_61_68
53
56
65
56
61
49
49
53_56_61
44_61_65_68
44
32
61
56
49_56
53
61
56
35_37_49
49_53_58_61
35
49
58
58
53
58
49
65
44_61_65
49_53
58
61
44
37
61
58
49
53_61
58
58
32_35_49_68
35
65
49_58_61
53
58
58
61
49
49
53_58_61
44_61_65
44
32
61
68
58
49_58
53
61
58
35_37_49_61
49_53_56_61
35
65
56
56
53
56
49
44_61
49_53
56
61
44
37
61
56
49
53_61
56
56
32_35_49
35
49_56_61
53
56
56
61
49
49
53_56_61
44_61
44
32
61
56
49_56
53
61
56
35_37_49
49_53_56_61
35
56
56
53
56
49
44_61
49_53
56
61
44
37
61
56
49
53_61
56
56
35_37_49
35
49_56_61
53
56
56
61
49
37
49
53_56_61
41_44_61
44
61
56
49_56
53
61
56
41_61
35_39_51
46_51_58
54
35
58
51
54
58
51
44_51_63
46_51
58
54
44
39
63
58
46
51_58
54
58
34_35_51
54
35
51
46_58_58
51
54
58
58
51
46
51_58
44_58_63
54
44
34_54
63
46_58
51_54
58
58
35_39_51_54
46_51_58
54
35
58
58
51
54
58
51
44_63
46_51
58
54
44
39
63
58
46
51_58
54
58
35_37_51
35
46_58_58
51
54
58
58
51
54
46
51_58
44_54_63
54
44
37
63
46_58
51_54
58
58
35_36_48_56
48_51_56_60
35
54
56
56
51
56
48
44_60
48_51
56
60
44
36
60
56
48
51_60
56
56
34_35_48
35
48_56_60
51
56
56
60
48
48
51_56_60
44_60
44
34
60
56
48_56
51
60
56
32_35_48
48_51_56_60
35
56
56
51
56
48
44_60
48_51
56
60
44
32
60
56
48
51_60
56
56
32_35_48
35
48_56_60
51
56
56
60
48
48
51_56_60
44_60
44
32
60
56
48_56
51
60
56
35_37_49
49_53_56_61
35_56
56
56
53
56
49
44_61
49_53
56
61
44
37
61
56
49
53_61
56
56
32_35_49
35
49_56_61
53
56
56
61
49
49
53_56_61
44_61
44
32
61
56
49_56
53
61
56
35_37_49
49_53_58_61
35
58
58
53
58
49
44_61
49_53
58
61
44
37
61
58
49
53_61
58
58
32_35_49_53
35
49_58_61
53
58
58
61
49
49
53_58_61
44_56_61
44
32
61
53
58
49_58
53
61
58
35_37_49_61
49_53_56_61
35
56
56
56
53
56
49
44_61
49_53
56
61
44
37
61
56
49
53_61
56
56
32_35_49
35
49_56_61
53
56
56
61
49
49
53_56_61
44_61
44
32
61
56
49_56
53
61
56
35_37_49
49_53_56_61
35
56
56
53
56
49
44_61
49_53
56
61
44
37
61
56
49
53_61
56
56
35_39_49
35
49_56_61
53
56
56
61
39_49
49
53_56_61
41_44_61
44
61
56
49_56
53
61
56
41
35_42_49_54
49_54_58_61
35_61
54
58
54
54
49
44_61
49_54
58
61
44
42
61
54
49
54_61
58
54
35_37_49_58
35
54
49_54_61
54
58
54
61
49
49
54_58_61
44_61
44
37
61
58
49_54
54
61
54
35_42_49
49_54_58_61
54
35
58
54
58
54
54
49
44_61
49_54
58
61
44
42
61
54
49
54_61
58
54
35_42_49_58
35
54
49_54_61
54
58
54
61
49
49
54_58_61
44_59_61
44
42
58
61
58
49_54
54
61
54
35_44_48_60
48_51_56_60
35
59
56
56
51
56
48
44_60
48_51
56
60
44
44
60
56
48
51_60
56
56
35_39_48_61
35
60
48_56_60
51
56
56
60
48
48
51_56_60
44_60
44
39
60
56
48_56
51
60
56
35_44_48_63
48_51_56_60
35
61
56
56
51
56
48
44_60
48_51
56
60
44
44
60
56
48
51_60
56
56
35_44_48
35
48_56_60
51
56
56
60
48
48
51_56_60
44_60
44
44
60
56
48_56
51
60
56
35_37_49
49_53_56_61
35
63
56
56
53
56
49
44_61
49_53
56
61
44
37
61
56
49
53_61
56
56
32_35_49_65
35
49_56_61
53
56
56
61
49
49
53_56_61
44_61
44
32
61
56
49_56
53
61
56
35_37_49_68
49_53_58_61
35
65
58
58
53
58
49
44_61
49_53
58
61
44
37
61
58
49
53_61
58
58
32_35_49_73
35
68
49_58_61
53
58
58
61
49
49
53_58_61
44_61
44
32
61
58
49_58
53
61
58
35_37_49_77
49_53_56_61
35
73
56
56
53
56
49
44_61
49_53
56
61
44
37
61
56
49
53_61
56
56
32_35_49
35
49_56_61
53
56
56
61
49
49
53_56_61
44_61
44
32
61
56
49_56
53
61
56
35_37_49
49_53_58_61
35
58
58
53
58
37
49
32_44_61
49_53
58
61
44
61
58
49
53_61
58
58
32
34_35_49
35
49_58_61
53
58
58
61
34
49
49
53_58_61
36_44_61
44
61
58
49_58
53
61
58
36
77
35_37_49_61
49_53_56_61
35
56
56
53
56
49
44_61
49_53
56
61
44
37
61
56
49
53_61
56
56
32_35_49
35
49_56_61
53
56
56
61
49
49
53_56_61
44_61
44
32
61
56
49_56
53
61
56
35_37_49
49_53_56_61
35
56
56
53
56
49
44_61
49_53
56
61
44
37
61
56
49
53_61
56
56
35_37_49
35
49_56_61
53
56
56
61
49
49
53_56_61
44_61
44
37
61
56
49_56
53
61
56
35_44_48
48_51_56_60
35
61
56
56
51
56
48
44_60_60
48_51
56
60
44
44
60
56
48
51_60
56
56
56
35_39_48
60
35
48_56_60
51
56
56
60
48
48
51_56_60
44_58_60
56
44
39
60
56
48_56
51
60
56
35_44_48_60
48_51_56_60
58
35
56
56
51
56
48
44
43_44_60
48_51
56
60
44
60
56
48
51_60
56
56
43
35_44_48
35
48_56_60
51
56
56
60
44
48
48
51_56_60
44_45_60
44
60
56
48_56
51
60
56
45
35_46_49_58_60
49_53_58_61
35
58
58
53
58
49
44_61
49_53
58
61
44
46
61
58
49
53_61
58
58
35_41_49
35
49_58_61
53
58
58
61
49
49
53_58_61
44_61
44
41
61
58
49_58
53
61
58
35_46_49
49_53_58_61
35
58
58
53
58
49
44_61
49_53
58
61
44
46
61
58
49
53_61
58
58
35_46_49
35
49_58_61
53
58
58
61
49
49
53_58_61
44_61
44
46
61
58
49_58
53
61
58
35_44_48
48_51_56_60
58
35
56
56
51
56
48
44_60_60
48_51
56
60
44
44
60
56
48
51_60
56
56
35_39_48
35
48_56_60
51
56
56
60
48
48
51_56_60
44_60_61
60
44
39
60
56
48_56
51
60
56
35_48_48
48_51_56_60
63
61
35
56
56
51
56
48
48
44_46_60
48_51
56
60
44
60
56
48
51_60
56
56
46
35_44_48_65
63
35
48_56_60
51
56
56
44_60
48
48
51_56_60
41_44_60_63
65
44
60
56
48_56
51
60
56
41
35_42_49_61_66
49_54_58_61
63
35
54
58
54
54
49
44_61
49_54
58
61
44
42
61
54
49
54_61
58
54
35_37_49
35
49_54_61
54
58
54
61
49
49
54_58_61
44_61
44
37
61
58
49_54
54
61
54
35_42_49
49_54_58_61
35
54
58
54
54
49
44_61
49_54
58
61
44
42
61
54
49
54_61
58
54
35_42_49
35
49_54_61
54
58
54
61
49
49
54_58_61
44_61
44
42
61
58
49_54
54
61
54
35_44_48_63_68
48_51_56_60
61
66
35
56
56
51
56
48
44_60
48_51
56
60
44
44
60
56
48
51_60
56
56
35_39_48
35
48_56_60
51
56
56
60
48
48
51_56_60
44_60
44
39
60
56
48_56
51
60
56
35_44_48
48_51_56_60
35
56
56
51
56
48
44_60
48_51
56
60
44
44
60
56
48
51_60
56
56
35_42_48
35
48_56_60
51
56
56
60
48
42
48
51_56_60
41_44_60
44
60
56
48_56
51
60
56
41
35_39_51_67
46_51_55_61
68
35
58
55
51
58
51
44_63
46_51
55
61
44
39
63
58
46
51_61
55
58
34_35_51
35
46_58_61
51
55
58
61
51
46
51_55_61
44_63
44
34
63
55
46_58
51
61
58
35_39_51
46_51_55_61
35
58
55
51
58
51
44_63
46_51
55
61
44
39
63
58
46
51_61
55
58
35_39_51
35
46_58_61
51
55
58
61
51
46
51_55_61
44_63
44
39
63
55
46_58
51
61
58
35_44_48_60_63
48_51_56_60
67
35
56
56
51
56
48
44_60
48_51
56
60
44
44
60
56
48
51_60
56
56
35_42_48_58
60
35
48_56_60
51
56
56
60
48
48
51_56_60
44_60
44
42
60
56
48_56
51
60
56
35_41_48_56
48_51_56_60
58
35
56
56
51
56
48
44_60
48_51
56
60
44
41
60
56
48
51_60
56
56
35_39_48_54
35
56
48_56_60
51
56
56
60
48
48
51_56_60
44_60
44
39
60
56
48_56
51
60
56
35_37_49_68
49_53_56_61
54
35
56
56
53
56
49
44_61
49_53
56
61
44
37
61
56
49
53_61
56
56
32_35_49
35
49_56_61
53
56
56
61
49
49
53_56_61
44_61
44
32
61
56
49_56
53
61
56
35_37_49
49_53_56_61
35
56
56
53
56
49
44_61
49_53
56
61
44
37
61
56
49
53_61
56
56
35_37_49
35
49_56_61
53
56
56
61
49
49
53_56_61
44_61
44
37
61
56
49_56
53
61
56
35_44_48
48_51_56_60
35
56
56
51
56
48
44_60
48_51
56
60
44
44
60
56
48
51_60
56
56
35_39_48_61
35
48_56_60
51
56
56
60
48
48
51_56_60
44_60
44
39
60
56
48_56
51
60
56
35_44_48_60
48_51_56_60
35_61
56
56
51
56
44_48
43_44_58_60
48_51
56
60
44_60
60
56
48
51_60
56
56
43
35_44_48_56
35_58
48_56_60
51
56
56
60
44
48
48
51_56_60
44_45_60
44
60
56
48_56
51
60
56
45
35_46_49_70
49_53_58_61
68
35
56
58
58
53
58
49
44_61
49_53
58
61
44
46
61
58
49
53_61
58
58
35_41_49
35
49_58_61
53
58
58
61
49
49
53_58_61
44_61
44
41
61
58
49_58
53
61
58
35_46_49
49_53_58_61
35
58
58
53
58
49
44_61
49_53
58
61
44
46
61
58
49
53_61
58
58
35_46_49
35
49_58_61
53
58
58
61
49
49
53_58_61
44_61
44
46
61
58
49_58
53
61
58
35_44_48_65_68
48_51_56_60
70
35
56
56
51
56
48
44_60
48_51
56
60
44
44
60
56
48
51_60
56
56
35_39_48_63
35
65
48_56_60_61
51
56
63
56
60
48
48
51_56_60
44_60
44
39
60
56
48_56
51
60
56
35_48_48_65
48_51_56_60
61
35
56
56
51
56
48_48
44_46_60_63
48_51
56
60
44
65
60
56
48
51_60
56
56
46
35_44_48
61
35
63
48_56_60
51
56
56
60
44
48
48
51_56_60
43_44_60
44
60
56
48_56
51
60
56
43
35_42_49_70
49_54_58_61
68
35
61
54
58
54
54
49
44_61
49_54
58
61
44
42
61
54
49
54_61
58
54
35_37_49
35
49_54_61
54
58
54
61
49
49
54_58_61
44_61
44
37
61
58
49_54
54
61
54
35_42_49
49_54_58_61
35
54
58
54
54
49
44_61
49_54
58
61
44
42
61
54
49
54_61
58
54
35_42_49
35
49_54_61
54
58
54
61
49
49
54_58_61
44_61
44
42
61
58
49_54
54
61
54
35_44_48_68
48_51_56_60
70
35
56
56
51
56
48
44_60
48_51
56
60
44
44
60
56
48
51_60
56
56
35_39_48_63
35
48_56_60
51
56
56
60
48
48
51_56_60
44_60_68
63
44
39
60
56
48_56
51
60
56
35_44_48_70
48_51_56_60
35_68
70
56_72
56
51
56
48
44_60
48_51
56
60
44
44
60
56
48
51_60
56
56
35_39_48_70
35_72
48_56_60
51
56
56
60
48
48
51_56_60
44_60_68
70
44
39
60
56
48_56
51
60
56
35_44_48
48_51_56_60
68
35
68
56
56
51
56
48
44_60
48_51
56
60
44
44
60
56
48
51_60
56
56
35_39_48
35
48_56_60
51
56
56
60
48
48
51_56_60
44_60
44
39
60
56
48_56
51
60
56
35_44_48
48_51_56_60
35
56
56
51
56
48
44_60
48_51
56
60
44
44
60
56
48
51_60
56
56
35_44_48
35
48_56_60
51
56
56
60
48
48
51_56_60
44_60
44
44
60
56
48_56
51
60
56
35_37_49
49_53_56_61
35
56
56
53
56
49
44_61
49_53
56
61
44
37
61
56
49
53_61
56
56
32_35_49
35
49_56_61
53
56
56
61
49
49
53_56_61
44_61
44
32
61
56
49_56
53
61
56
35_37_49
49_53_56_61
35
56
56
53
56
49
44_61
49_53
56
61
44
37
61
56
49
53_61
56
56
35_37_49
35
49_56_61
53
56
56
61
49
49
53_56_61
44_61
44
37
61
56
49_56
53
61
56
35_38_50
50_54_57_62
35
57
57
54
57
50
44_62
50_54
57
62
44
38
62
57
50
54_62
57
57
33_35_50
35
50_57_62
54
57
57
62
50
50
54_57_62
44_62
44
33
62
57
50_57
54
62
57
35_38_50
50_54_57_62
35
57
57
54
57
50
38
44_62
50_54
57
62
33
44
62
57
50
54_62
57
33
57
35_35_50
35
50_57_62
54
57
35_57
62
50
50
54_57_62
44_62
37
44
62
57
50_57
54
62
57
37
35_38_50
50_54_57_62
35
57
57
54
57
50
44_62
50_54
57
62
44
38
62
57
50
54_62
57
57
33_35_50
35
50_57_62
54
57
57
62
50
50
54_57_62
44_62
44
33
62
57
50_57
54
62
57
35_38_50
50_54_57_62
35
57
57
54
57
50
44_62
50_54
57
62
44
38
62
57
50
54_62
57
57
35_38_50
35
50_57_62
54
57
57
62
50
50
54_57_62
44_62
44
38
62
57
50_57
54
62
57
35_45_49_64
49_52_57_61
35
57
57
52
57
49
44_61_73
49_52
57
61
44
45
61
64
57
49
52_61
57
57
35_40_49
35
49_57_61
52
57
57
61
49
49
52_57_61
44_61
64
44
40
61
73
57
49_57
52
61
57
35_45_49
49_52_57_61
73
35
64
57
57
52
57
49
45
44_44_61
49_52
57
61
44
61
57
49
52_61
57
57
44
35_45_49
35
49_57_61
52
57
57
61
45
49
49
52_57_61
44_46_61
44
61
57
49_57
52
61
57
46
35_47_50_78
50_54_59_62
35
73
59
59
54
59
50
44_62
50_54
59
62
44
47
62
59
50
54_62
59
59
35_42_50_74
35
78
50_59_62
54
59
59
62
50
50
54_59_62
44_62
44
42
62
59
50_59
54
62
59
35_47_50_71
50_54_59_62
35
74
59
59
54
59
50
44_62
50_54
59
62
44
47
62
59
50
54_62
59
59
35_47_50_78
35
71
50_59_62
54
59
59
62
50
50
54_59_62
44_62_77
44
47
62
78
59
50_59
54
62
59
35_45_49_76
49_52_57_61
35
77
57
57
52
57
49
44_61
49_52
57
61
44
45
61
57
49
52_61
57
57
35_40_49_69
35
76
49_57_61
52
57
57
61
49
49
52_57_61
44_61
44
40
61
57
49_57
52
61
57
35_49_49_67
49_52_57_61
35
69
57
57
52
57
49
49
44_47_61
49_52
57
61
44
61
57
49
52_61
57
57
47
35_45_49_73
35
67
49_57_61
52
57
57
45_61
49
72
49
52_57_61
42_44_61
44
61
73
57
49_57
52
61
57
42
35_43_50_71
50_55_59_62
35
72
55
59
55
55
50
44_62
50_55
59
62
44
43
62
55
50
55_62
59
55
35_38_50
35
50_55_62
55
59
55
62
50
50
55_59_62
44_62
44
38
62
59
50_55
55
62
55
35_43_50_67
50_55_59_62
35
71
55
59
55
55
50
44_62
50_55
59
62
44
43
62
55
50
55_62
59
55
35_43_50
35
50_55_62
55
59
55
62
50
50
55_59_62
44_62
44
43
62
59
50_55
55
62
55
35_45_49_64
49_52_57_61
35
67
57
57
52
57
49
44_61_73
49_52
57
61
44
45
61
64
57
49
52_61
57
57
35_40_49
35
49_57_61
52
57
57
61
49
49
52_57_61
44_61_74
44
40
61
73
57
49_57
52
61
57
35_45_49_73
49_52_57_61
35
74
57
57
52
57
49
44_61_69
49_52
57
61
44
45
61
73
57
49
52_61
57
57
35_40_49_66
35
69
49_57_61
52
57
57
61
49
40
49
52_57_61
42_44_61_67
44
61
66
57
49_57
52
61
57
42
35_40_52_68
47_52_56_62
35
67
59
56
52
59
52
44_64
47_52
56
62
44
40
64
59
47
52_62
56
59
35_35_52
35
47_59_62
52
56
59
62
52
47
52_56_62
44_64
44
35
64
56
47_59
52
62
59
35_40_52_76
47_52_56_62
35
68
59
56
52
59
52
44_64
47_52
56
62
44
40
64
59
47
52_62
56
59
74
35_40_52
35
76
47_59_62
52
56
59
62
52
47
52_56_62
44_64
44
40
64
56
47_59
52
62
59
35_45_49_73
49_52_57_61
35
74
57
57
52
57
49
44_61
49_52
57
61
44
45
61
57_71
49
52_61
57
73
57
35_43_49
35
49_57_61
52
57
57
61
49
49
52_57_61
44_61
44
43
61
57
49_57
52
61
57
35_42_49_69
49_52_57_61
35
71
57
57
52
57
49
44_61
49_52
57
61
44
42
61
57_67
49
52_61
57
57
69
35_40_49
35
49_57_61
52
57
57
61
49
49
52_57_61
44_61_64
44
40
61
67
57
49_57
52
61
57
35_38_50_66_69
50_54_57_62
35
64
57
57
54
57
50
44_62_62
50_54
57
62
44
38
62
57
50
54_62
57
57
33_35_50
35
50_57_62
54
57
57
62
50
50
54_57_62
44_62_64
44
33_62
62
57
50_57
54
62
57
35_38_50_66
50_54_57_62
64
35
66
57
57
54
57
50
44_62
50_54
57
62
44
38
62
57
50
54_62
57
57
35_38_50
35
50_57_62
54
57
57
62
50
50
54_57_62
44_62
44
38
62
57
50_57
54
62
57
35_45_49_74
49_52_57_61
35
66
57
57
52
57
49
44_61_73
49_52
57
61
44
45_74
61
57
49
52_61
57
57
35_40_49_71
35
73
49_57_61_69
52
57
71
57
61
49
49
52_57_61
44_61
44
40
61
57
49_57
52
61
57
35_45_49_67
49_52_57_61
69
35
57_66
57
52
67
57
49
44_61
49_52
57
61
44
45
61
57
49
52_61
57
57
35_45_49_64
35
66
49_57_61
52
57
57
61
45
49
49
52_57_61
44_46_61_61
44_64
61
57
49_57
52
61
57
46
35_47_50_62_71
50_54_59_62
69
35
61
59
59
54
59
50
44_62
50_54
59
62
44
47
62
59
50
54_62
59
59
35_42_50
35
50_59_62
54
59
59
62
50
50
54_59_62
44_62
44
42
62
59
50_59
54
62
59
35_47_50
50_54_59_62
35
62
59
59
54
59
50
44_62
50_54
59
62
44
47
62
59
50
54_62
59
59
35_47_50
35
50_59_62
54
59
59
62
50
50
54_59_62
44_62
44
47
62
59
50_59
54
62
59
35_45_49_69
49_52_57_61
71
35
57
57
52
57
49
44_61
49_52
57
61
44
45
61
57
49
52_61
57
57
35_40_49_61
35
49_57_61_64
52
57
61
57
61
49
49
52_57_61
44_61
44
40
61
57
49_57_69
52
61
64
57
35_49_49
49_52_57_61
35
57
57
52
57
49_49
44_47_61_67
49_52
57
61
44
69
61
57
49
52_61
57
57
47
35_45_49_66
35
67
49_57_61
52
57
57
61
45
49
49
52_57_61
44_44_61_64
44
66
61
57
49_57
52
61
57
44
35_43_50_67_71
50_55_59_62
69
35
64
55
59
55
55
50
44_62
50_55
59
62
44
43
62
55
50
55_62
59
55
35_38_50
35
50_55_62
55
59
55
62
50
50
55_59_62
44_62
44
38
62
59
50_55
55
62
55
35_43_50
50_55_59_62
35
67
55
59
55
55
50
44_62
50_55
59
62
44
43
62
55
50
55_62
59
55
35_43_50
35
50_55_62
55
59
55
62
50
43
50
55_59_62
44_47_62
44
62
59
50_55
55
62
55
47
35_45_49_69
49_52_57_61
71
35
57
57
52
57
49
44_61
49_52
57
61
44
45
61
57
49
52_61
57
57
35_40_49_69
35
49_57_61
52
57
57
61
49
49
52_57_61
44_61_71
44
40_69
61
57
49_57
52
61
57
35_45_49_73
49_52_57_61
35
71
57
57
52
57
49
44_61_69
49_52
57
61
44_73
45
61
57
49
52_61
57
57
35_40_49
35
49_57_61
52
57
57
61
49
49
52_57_61
44_61
44
40
61
57
49_57
52
61
57
35_45_49
49_52_57_61
69
35
69
57
57
52
57
49
44_61
49_52
57
61
44
45
61
57
49
52_61
57
57
35_40_49_67
35
49_57_61
52
57
57
61
49
49
52_57_61
44_61
44
40
61
57
49_57
52
61
57
35_45_49_66
49_52_57_61
35
67
57
57
52
57
49
44_61
49_52
57
61
44
45
61
57
49
52_61
57
57
35_45_49_64
35
66
49_57_61
52
57
57
61
49
49
52_57_61
44_61
44
45
61
57
49_57
52
61
57
35_38_50_62
50_54_57_62
35
64
57
57
54
57
50
44_62
50_54
57
62
44
38
62
57
50
54_62
57
57
33_35_50
35
50_57_62
54
57
57
62
50
50
54_57_62
44_62
44
33
62
57
50_57
54
62
57
35_38_50
50_54_57_62
35
57
57
54
57
50
44_62
50_54
57
62
44
38
62
57
50
54_62
57
57
35_38_50
35
50_57_62
54
57
57
62
50
38
50
54_57_62
42_44_62
44
62
57
50_57
54
62
57
42
35_40_52
47_52_59
55
62
35
59
52
55
59
52
44_64
47_52
59
55
44
40
64
59
47
52_59
55
59
35_35_52
35
47_59_59
52
55
59
59
52
47
52_59
44_64
55
44
35
64
47_59
52_55
59
59
35_40_52_52
47_52_59
55
35
59
52
55
59
52
44_55_64
47_52
59
55
44
52
40
64
59
47
52_59
55
59
35_38_52_59
35
55
47_59_59
52
55
59
59
52
47
52_59
44_55_64
55
44_59
38
64
47_59
52_55
59
59
35_37_49_61
49_52_57_61
35_55
57
57
52
57
49
44_61
49_52
57
61
44
37
61
57
49
52_61
57
57
35_35_49
35
49_57_61
52
57
57
61
49
49
52_57_61
44_61
44
35
61
57
49_57
52
61
57
33_35_49_64
49_52_57_61
35
61
57
57
52
57
49
44_61
49_52
57
61
44
33
61
57
49
52_61
57
57
33_35_49
35
49_57_61
52
57
57
61
49
49
52_57_61
44_61
44
33
61
57
49_57
52
61
57
35_38_50_66
50_54_57_62
35
64
57
57
54
57
50
44_62_69
50_54
57
62
44
38
62
66
57_66
50
54_62
57
57
69
33_35_50
35
50_57_62_69
54
57
57
62
50
66
50
54_57_62
44_62
44
33
62
57
50_57
54
62
57
35_38_50_66
50_54_59_62
35
69
59
59
54
59
50
44_62_69
50_54
59
62
44
38
62
66
59_66
50
54_62
59
69
59
33_35_50
35
50_59_62_69
54
59
59
62_66
50
50
54_59_62
44_62
66
44
33
69
62
59
50_59
54
62
59
35_38_50_62
50_54_57_62
35
66
57
57
54
57
50
44_62
50_54
57
62
44
38
62
57
50
54_62
57
57
62
33_35_50
62
35
50_57_62
54
57
57
62
50
50
54_57_62
44_61_62
44
33
62
62
57
50_57
54
62
57
35_38_50_60
50_54_57_62
35
61
57
57
54
57
50
44_62
50_54
57
62
44
38
62
57
50
54_62
57
57
35_40_50_57
35
60
50_57_62
54
57
57
62
40_50
50
54_57_62
42_44_62
44
62
57
50_57
54
62
57
42
35_43_50
50_55_59_62
35
57
55
59
55
55
50
44_59_62
50_55
59
62
44
43
62
55
50
55_62
59
55
35_38_50
35
50_55_62_62
55
59
59
55
62
50
50
55_59_62
44_62_67
62
44
38
62
59
50_55
55
62
55
35_43_50_71
50_55_59_62
35
67
55
59
55
55
50
44_62
50_55
59
62
44
43
62
55
50
55_62
59
55
71
35_38_50_71
35
50_55_62
55
59
55
62
50
38
50
55_59_62
44_47_62_72
44
71
62
59
50_55
55
62
55
47
35_45_49_73
49_52_57_61
35
72
57
57
52
57
49
44_61
49_52
57
61
44
45
61
57
49
52_61
57
57
35_40_49
35
49_57_61
52
57
57
61
49
49
52_57_61
44_61
44
40
61
57
49_57
52
61
57
35_45_49_69
49_52_57_61
35
73
57
57
52
57
49
44_61
49_52
57
61
44
45
61
57
49
52_61
57
57
35_45_49
35
49_57_61
52
57
57
61
49
49
52_57_61
44_61
44
45
61
57
49_57
52
61
57
69
35_38_50_57
50_54_57_62
35
57
57
54
57
50
44_62
50_54
57
62
66
44
57
38
62
57
50
54_62
57
57
33_35_50
35
66
50_57_62_66
54
57
57
62
50
50
54_57_62
44_62_67
66
44
33
62
57
50_57
54
62
57
35_38_50_66
50_54_59_62
35
67
59
59
54
59
50
44_62
50_54
59
62
44
38
62
59
50
54_62
59
59
33_35_50_65
35
66
50_59_62
54
59
59
62
50
50
54_59_62
44_62_66
44
33
62
65
59
50_59
54
62
59
35_38_50_62
50_54_57_62
35
66
57
57
54
57
50
44_62
50_54
57
62
44
38
62
57
50
54_62
57
57
33_35_50
35
50_57_62
54
57
57
62
50
50
54_57_62
44_62
44
33
62
57
50_57
54
62
57
35_38_50_57
50_54_57_62
62
35
59
57
54
59
50
44_62
50_54
57
62
44
38
62
59
50
54_62
57
59
35_38_50
35
50_59_62
54
57
59
62
50
38
50
54_57_62
42_44_62
44
62
57
50_59
54
62
59
42
35_40_52_59
47_52_59
55
35
57
59
52
55
59
52
44_64
47_52
59
55
44
40
64
59
47
52_59
55
59
35_35_52_64
35
59
47_59_59
52
55
59
59
52
47
52_59
44_64
55
44
35
64
47_59
52_55
59
59
35_40_52_67
47_52_59
55
35
64
59
52
55
59
52
44_64
47_52
59
55
44
40
64
59
47
52_59
55
59
71
35_38_52
35
67
47_59_59
52
55
59
59
52
47
52_59
44_64
55
44
38
64
47_59
52_55
59
59
35_37_49_69
49_52_57_61
35
71
57
57
52
57
49
44_61
49_52
57
61
44
37
61
57
49
52_61
57
57
35_35_49
35
49_57_61
52
57
57
61
49
49
52_57_61
44_61
44
35
61
57
49_57
52
61
57
33_35_49_67
49_52_57_61
35
69
57
57
52
57
49
44_61
49_52
57
61
44
33
61
57
49
52_61
57
57
33_35_49
35
49_57_61
52
57
57
61
49
49
52_57_61
44_61
44
33
61
57
49_57
52
61
57
35_38_50
50_54_57_62
35
67
57
57
54
57
50
44_62_66
50_54
57
62
44
38
62
57
50
54_62
57
57
33_35_50
35
50_57_62
54
57
57
62
50
50
54_57_62
44_62_62
44
33
66
62
57
50_57
54
62
57
35_38_50_59
50_54_59_62
35
62
59
59
54
59
50
44_62
50_54
59
62
44
38
62
59
50
54_62
59
59
33_35_50_57
35
59
50_59_62
54
59
59
62
50
50
54_59_62
44_62
44
33
62
59
50_59
54
62
59
57
35_38_50_57
50_54_57_62
35
57
57
54
57
50
44_62_62
50_54
57
62
44
38
57
62
57
50
54_62
57
57
33_35_50_66
35
62
50_57_62
54
57
57
62
50
50
54_57_62
44_62
44
33
62
57
50_57
54
62
57
35_38_50_60
50_54_57_62
35
66
57
57
54
57
50
44_62
50_54
57
62
44
38
62
57
50
54_62
57
57
35_40_50_57
35
60
50_57_62
54
57
57
62
40_50
50
54_57_62
42_44_62
44
62
57
50_57
54
62
57
42
35_43_50_59
50_55_59_62
35
57
55
59
55
55
50
44_62
50_55
59
62
44
43
62
55
50
55_62
59
55
35_38_50_60
35
59
50_55_62
55
59
55
62
50
50
55_59_62
44_62
44
38
62
59
50_55
55
62
55
35_43_50_62
50_55_59_62
35
60
55
59
55
55
50
59
44_62
50_55
59
62
44
43
62
62
55
50
55_62
59
55
35_43_50_64
35_59
50_55_62
55
59
55
62
50
50
55_59_62
44_62_62
44_64
43
62
59
50_55
55
62
55
35_45_49_61
49_52_57_61
62
35
57
57
52
57
49
44_61
49_52
57
61
44
45
61
57
49
52_61
57
57
35_40_49_60
35
61
49_57_61
52
57
57
61
49
49
52_57_61
44_61_61
44
40
60
61
57
49_57
52
61
57
35_45_49_57
49_52_57_61
35
61
57
57
52
57
49
44_55_61
49_52
57
61
44
57
45
61
57
49
52_61
57
57
35_45_49_54
35
55
49_57_61
52
57
57
61
49
49
52_57_61
44_52_61
44_54
45
61
57
49_57
52
61
57
35_38_50_50
50_54_57_62
35_52
57
57
54
57
50
44_62
50_54
57
62
44
38
62
57
50
54_62
57
57
33_35_50
35
50_57_62
54
57
57
62
50
50
54_57_62
44_62
44
33
62
57
50_57
54
62
57
35_38_50
50_54_57_62
35
57
57
54
57
50
44_62
50_54
57
62
44
38
62
57
50
54_62
57
57
35_38_50
35
50_57_62
54
57
57
62
38
50
50
54_57_62
44_62
39
44
62
57
50_57
54
62
57
39
35_40_52
47_52_59
50
55
35
59
52
55
59
52
44_64
47_52
59
55
44
40
64
59
47
52_59
55
59
35_35_52
35
47_59_59
52
55
59
59
52
47
52_59
44_64
55
44
35
64
47_59
52_55
59
59
35_40_52_52
47_52_59
55
35
59
52
55
59
52
44_55_64
47_52
59
55
44
40_52
64
59
47
52_59
55
59
35_38_52_59
35
55
47_59_59
52
55
59
59
52
47
52_59
44_55_64
55
44
38_59
64
47_59
52_55
59
59
35_37_49_57
49_52_57_61
35
55
57
57
52
57
49
44_61
49_52
57
61
44
37
61
57
49
52_61
57
57
35_35_49
35
49_57_61
52
57
57
61
49
49
52_57_61
44_61
44
35
61
57
49_57
52
61
57
33_35_49
49_52_57_61
35
57
57
52
57
49
44_61
49_52
57
61
44
33
61
57
49
52_61
57
57
33_35_49
35
49_57_61
52
57
57
61
49
49
52_57_61
44_61
44
33
61
57
49_57
52
61
57
57
35_38_50_66
50_54_57_62
35
66
57
57
54
57
50
44_62_66
50_54
57
62
44
38
62
57
50
54_62
57
57
33_35_50
35
50_57_62
54
57
57
62
50
50
54_57_62
44_62_62
66
44
33
62
57
50_57
54
62
57
35_38_50_66
50_54_59_62
62
35
59
59
54
59
50
44_62_67
50_54
59
62
44
38
66
62
59
50
54_62
59
59
33_35_50_66
35
67
50_59_62
54
59
59
62
50
50
54_59_62
44_62_64
66
44
33
62
59
50_59
54
62
59
35_38_50_62
50_54_57_62
35
64
57
57
54
57
50
44_62
50_54
57
62
44
38
62
57
50
54_62
57
57
33_35_50
35
50_57_62
54
57
57
62
50
50
54_57_62
44_62
44
33
62
57
50_57
54
62
57
35_38_50_60
50_54_57_62
35
62
57
57
54
57
50
44_62
50_54
57
62
44
38
62
57
50
54_62
57
57
35_40_50
35
50_57_62
54
57
57
62
40_50
50
54_57_62
42_44_62
44
62
57
50_57
54
62
57
42
35_43_50_55
50_55_59_62
35_60
55
59
55
55
50
44_62
50_55
59
62
44
43
62
55
50
55_62
59
55
35_38_50_59
35
55
50_55_62
55
59
55
62
50
50
55_59_62
44_62
44
38
62
59
50_55
55
62
55
35_43_50_61
50_55_59_62
35
59
55
59
55
55
50
44_62
50_55
59
62
44
43
62
55
50
55_62
59
55
35_38_50_62
35
61
50_55_62
55
59
55
62
50
38
50
55_59_62
44_47_62
44
62
59
50_55
55
62
55
47
35_45_49_61
49_52_57_61
35
62
57
57
52
57
49
44_61
49_52
57
61
44
45
61
57
49
52_61
57
57
57
35_40_49
35
61
49_57_61
52
57
57
61
49
49
52_57_61
44_61
44
40
61
57
49_57
52
61
57
35_45_49_55
49_52_57_61
35
57
57
57
52
57
49
44_61
49_52
57
61
44
45
61
57
49
52_61
57
57
35_45_49_52
35
55
49_57_61
52
57
57
61
49
49
52_57_61
44_61
44
45
61
57
49_57
52
61
57
35_38_50_50_66
50_54_57_62
35
52
57
57
54
57
50
44_62_69
50_54
57
62
44
38
66
62
57_66
50
54_62
57
69
57
33_35_50
35
50_57_62_69
54
57
66
57
62
50
50
54_57_62
44_62_66_69
44
33
62
57
50_57
54
62
57
35_38_50
50_54_59_62
35
50
59
59
54
59
50
66
44_62_66
50_54
59
62
44
38
62
59
50
54_62
59
59
33_35_50_69
35
66
50_59_62
54
59
59
62
50
50
54_59_62
44_62_66
44
33
62
69
59
50_59
54
62
59
35_38_50_62
50_54_57_62
35
66
57
57
54
57
50
44_62
50_54
57
62
44
38
62
57
50
54_62
57
57
33_35_50
35
50_57_62
54
57
57
62
50
50
54_57_62
44_62
44
33
62
57
50_57
54
62
57
35_38_50
50_54_57_62
35
59
57
54
59
50
44_62
50_54
57
62
44
38
62
59
50
54_62
57
59
35_38_50
35
50_59_62
54
57
59
62
50
38
50
54_57_62
42_44_62
44
62
57
50_59
54
62
59
42_62
35_40_52
47_52_59
55
35
59
52
55
59
52
44_52_64
47_52
59
55
44
40
64
59
47
52_59
55
59
35_35_52
55
35
52
47_59_59
52
55
59
59
52
47
52_59
44_59_64
55
44
35_55
64
47_59
52_55
59
59
35_40_52_55
47_52_59
55
35
59
59
52
55
59
52
44_64
47_52
59
55
44
40
64
59
47
52_59
55
59
35_38_52
35
47_59_59
52
55
59
59
52
55
47
52_59
44_55_64
55
44
38
64
47_59
52_55
59
59
35_37_49_57
49_52_57_61
35
55
57
57
52
57
49
44_61
49_52
57
61
44
37
61
57
49
52_61
57
57
35_35_49
35
49_57_61
52
57
57
61
49
49
52_57_61
44_61
44
35
61
57
49_57
52
61
57
33_35_49
49_52_57_61
35
57
57
52
57
49
44_61
49_52
57
61
44
33
61
57
49
52_61
57
57
33_35_49
35
49_57_61
52
57
57
61
49
49
52_57_61
44_61
44
33
61
57
49_57
52
61
57
35_38_50
50_54_57_62
35_57
57
57
54
57
50
44_62
50_54
57
62
44
38
62
57
50
54_62
57
57
33_35_50
35
50_57_62
54
57
57
62
50
50
54_57_62
44_62
44
33
62
57
50_57
54
62
57
35_38_50
50_54_59_62
35
59
59
54
59
50
44_62
50_54
59
62
44
38
62
59
50
54_62
59
59
33_35_50_54
35
50_59_62
54
59
59
62
50
50
54_59_62
44_57_62
44
33
62
54
59
50_59
54
62
59
35_38_50_62
50_54_57_62
35
57
57
57
54
57
50
44_62
50_54
57
62
44
38
62
57
50
54_62
57
57
33_35_50
35
50_57_62
54
57
57
62
50
50
54_57_62
44_62
44
33
62
57
50_57
54
62
57
35_38_50
50_54_57_62
35
57
57
54
57
50
44_62
50_54
57
62
44
38
62
57
50
54_62
57
57
35_40_50
35
50_57_62
54
57
57
62
40_50
50
54_57_62
42_44_62
44
62
57
50_57
54
62
57
42
35_43_50_55
50_55_59_62
35_62
55
59
55
55
50
44_62
50_55
59
62
44
43
62
55
50
55_62
59
55
35_38_50_59
35
55
50_55_62
55
59
55
62
50
50
55_59_62
44_62
44
38
62
59
50_55
55
62
55
35_43_50
50_55_59_62
55
35
59
55
59
55
55
50
44_62
50_55
59
62
44
43
62
55
50
55_62
59
55
35_43_50_59
35
55
50_55_62
55
59
55
62
50
50
55_59_62
44_60_62
44
43
59
62
59
50_55
55
62
55
35_45_49_61
49_52_57_61
35
60
57
57
52
57
49
44_61
49_52
57
61
44
45
61
57
49
52_61
57
57
35_40_49_62
35
61
49_57_61
52
57
57
61
49
49
52_57_61
44_61
44
40
61
57
49_57
52
61
57
35_45_49_64
49_52_57_61
35
62
57
57
52
57
49
44_61
49_52
57
61
44
45
61
57
49
52_61
57
57
35_45_49
35
49_57_61
52
57
57
61
49
49
52_57_61
44_61
44
45
61
57
49_57
52
61
57
35_38_50
50_54_57_62
35
64
57
57
54
57
50
44_62
50_54
57
62
44
38
62
57
50
54_62
57
57
33_35_50_66
35
50_57_62
54
57
57
62
50
50
54_57_62
44_62
44
33
62
57
50_57
54
62
57
35_38_50_69
50_54_59_62
35
66
59
59
54
59
50
44_62
50_54
59
62
44
38
62
59
50
54_62
59
59
33_35_50_74
35
69
50_59_62
54
59
59
62
50
50
54_59_62
44_62
44
33
62
59
50_59
54
62
59
35_38_50_78
50_54_57_62
35
74
57
57
54
57
50
44_62
50_54
57
62
44
38
62
57
50
54_62
57
57
33_35_50
35
50_57_62
54
57
57
62
50
50
54_57_62
44_62
44
33
62
57
50_57
54
62
57
35_38_50
50_54_59_62
35
59
59
54
59
50
44_62
50_54
59
62
44
38
62
59
50
54_62
59
59
33_35_50
35
50_59_62
54
59
59
62
50
50
54_59_62
44_62
44
33
62
59
50_59
54
62
59
35_38_50
50_54_57_62
57
35
62
78
50
38_57
62
