45
44
45
33
52
54
56
57
59
61
62
64
59
61
56
57
59
61
56
57
54
52
50
49
47
45
44
45
49
52
57
61
64
69
64
61
57
52
49
45
45
49
57
52
61
64
68
66
64
62
61
59
57
56
54
52
50
49
47
45
45
50
52
56
59
62
64
68
71
68
64
59
62
56
52
50
45
45
50
52
56
62
59
64
68
71
69
68
66
64
62
61
59
57
56
54
52
50
49
47
45
45
49
52
57
61
64
69
73
69
61
64
57
52
49
45
45
49
52
57
55
64
67
69
73
69
67
64
55
57
52
49
45
45
49
52
55
67
66
64
69
61
62
64
66
61
62
59
57
56
54
52
54
45
50
54
57
62
66
69
73
74
64
66
62
45
50
54
57
62
66
69
74
69
62
66
54
57
50
45
45
73
71
69
68
66
64
62
61
59
57
56
54
52
50
49
47
45
50
52
56
59
69
68
66
64
68
71
73
74
71
68
64
45
50
52
56
59
64
68
71
74
71
68
64
59
52
56
50
45
45
50
56
52
59
68
64
71
74
74
73
74
73
71
76
68
71
69
71
69
71
73
69
68
66
64
62
61
59
57
56
57_61
64
69
73
69
64
57
45
49
52
57
61
64
69
73
69
64
61
52
57
49
45
45
49
52
57
61
69
64
73
69
64
61
57
49
52
45
45
52
49
57
64
61
69
73
71
69
68
66
64
63
61
45
47
51
54
57
59
63
66
71
66
63
57
59
54
51
47
45
45
47
54
51
57
59
63
66
71
66
63
59
54
57
51
47
45
45
51
47
57
54
59
61
63
61
63
61
63
59
61
63
59
61
63
64
66
68
69
44_71
69
47
71
69
52_68
69
56
71
64
66
68
69
71
73
75
76
75
76
75
73
75
44
75
47
76
52
56
61
64
68
71
75
76
71
64
68
61
52
56
47
42
45
49
54
66
69
73
76
42_76
45
49
54
75
73
71
73
69
71
68
69
68
69
68
66
64
66
61
63
64
47
51
54
57
59
63
66
69
66
59
63
57
51
54
47
40
47
52
63
59
66
69
66
63
59
47
52
40
40
47
52
59
63
66
69
69
68
66
64
63
61
59
57
56
54
52
56
59
64
68
71
75
76
71
64
68
56
59
52
50
56
59
62
64
68
71
76
71
68
62
64
56
59
50
49
53
56
61
65
68
71
77
68
71
65
56
61
53
49
49
53
56
65
61
71
68
77
80
78
77
75
73
71
75
73
71
69
68
66
65
63
61
59
57
56
42
45
49
54
57
61
66
69
66
57
61
54
45
49
42
42
54
61
66
69
73
59
57
56
54
52
38
42
45
50
60
62
66
69
72
69
66
62
60
45
50
42
38
38
42
45
50
60
62
66
69
72
66
69
62
60
50
42
45
38
39
42
47
51
59
66
63
69
71
69
66
59
63
47
51
42
39
40
44
47
52
59
64
62
68
71
68
62
64
59
52
44
47
40
69
68
66
64
62
61
59
57
56
54
52
50
49
47
45
44
42
40
45
49
52
57
61
64
68
69
64
61
57
49
52
45
40
59
61
62
59
61
57
40
47
52
59
64
69
59
64
52
47
40
40
52
47
59
64
68
59
64
52
47
40
62
64
62
64
62
64
62
61
45
49
52
57
61
64
69
64
57
61
52
49
45
69
68
66
64
62
61
59
57
56
54
52
50
49
47
45
44
45
44
45
33
