49_69
50
65
53
57
48_64
46_62
55_74
45
57
73
52
57
55_71
53_69
52_61_81
50_79
62
77
53_76
52_74
55_72
70
49
64
69
52
45_61
67
65
49_64
50
57
65
53
45
60
65
67
45_45_69
46
62
50
53
62
46_64
48
55
65
45
53
60
74
43_72
70
72
70
50
72
70
52
48_69
41
53
69
60
65
69
53_74
57
69
53
59
67
62
52_62
61
62
61
67
62
61
76
61_67
50
62
65
53
57
77
48_77
69
76
46_74
67
45_67
66
67
66
67
66
54_69_72
43_72
55
62
70
72
70
69
70
64_72
50_53
65
69
55
48
57
64
70
46_69
50
67
69
67
69
67
62
69
45
62
69
61
62
65
64
59
61
69
52
55
58
57_61
49_69
50
65
53
57
48_64
46_62
55_74
45
57
73
52
57
55_71
53_69
52_61_81
50_79
62
77
53_76
52_74
55_72
70
49
64
69
52
45_61
67
65
49_64
50
57
65
53
45
60
65
67
45_45_69
46
62
50
53
62
46_64
48
55
65
45
53
60
74
43_72
70
72
70
50
72
70
52
48_69
41
53
69
60
65
69
53_74
57
69
53
59
67
62
52_62
61
62
61
67
62
61
76
61_67
50
62
65
53
57
77
48_77
69
76
46_74
67
45_67
66
67
66
67
66
54_69_72
43_72
55
62
70
72
70
69
70
64_72
50_53
65
69
55
48
57
64
70
46_69
50
67
69
67
69
67
62
69
45
62
69
61
62
65
64
59
61
69
52
55
58
57_61
65_74
64
73
55
57
62_71
61_69
57_79
50_77
57
62
60_76
59_74
57_66_72
55
67
71
62
67
65_69
64_67
62_71_77
60
72
76
55
48
70_74
60_69_72
67_70
48
60
66
69
70_74
48
60
66
69
67_70
48
55
64
70
72
45
53
65
74
72
46_70
62
65
69
67
48
60
69
52_69
67
69
67
58
65
41_53
57
65
55
57
43_58_64
45_60_65
46_62_67
48
55
64
46_62
45
60
72
46_62
48_64
50_66_72
43
55_67_70
57_69
55_58_67
60_69
62_70
55_64_72
50
65
69
64
58_62_74
64_73
65_74
58_67_76
57
69
73
55_71
57_73_81
59_74
61_76
57_73_79
62
69
77
74
50_78
72
70
62_69_78
55
70
79
67
71
65
64
62_71
60
64
72
77
48_76
60
67
74
72
52_70
53
69
60
41_65
69
53
62_69
71
72
71
55
73
74
52_73
74
50_53_76
74
76
74
73
74
49_52_76
81
48_79
57
78
79
78
79
78
76
74
46_79
78
79
78
50
79
55
73
46_74
76
45
61
67
52
57
55_70
53_69
52_67_73
50
65
74
43_64
45
62
65
57
61
64
55
38
62
53
55
58
57
52
53
57
62
49
50
45
38
65_74
64
73
55
57
62_71
61_69
57_79
50_77
57
62
60_76
59_74
57_66_72
55
67
71
62
67
65_69
64_67
62_71_77
60
72
76
55
48
70_74
60_69_72
67_70
48
60
66
69
70_74
48
60
66
69
67_70
48
55
64
70
72
45
53
65
74
72
46_70
62
65
69
67
48
60
69
52_69
67
69
67
58
65
41_53
57
65
55
57
43_58_64
45_60_65
46_62_67
48
55
64
46_62
45
60
72
46_62
48_64
50_66_72
43
55_67_70
57_69
55_58_67
60_69
62_70
55_64_72
50
65
69
64
58_62_74
64_73
65_74
58_67_76
57
69
73
55_71
57_73_81
59_74
61_76
57_73_79
62
69
77
74
50_78
72
70
62_69_78
55
70
79
67
71
65
64
62_71
60
64
72
77
48_76
60
67
74
72
52_70
53
69
60
41_65
69
53
62_69
71
72
71
55
73
74
52_73
74
50_53_76
74
76
74
73
74
49_52_76
81
48_79
57
78
79
78
79
78
76
74
46_79
78
79
78
50
79
55
73
46_74
76
45
61
67
52
57
55_70
53_69
52_67_73
50
65
74
43_64
45
62
65
57
61
64
55
38
62
53
55
58
57
52
53
57
62
49
50
45
38
