62_77_81_81
77
74_77
74
77
77
77
81
50
81
76
79
52
79
76
53
74_76
79
77
77
74
79
76
77
74
55
57
73
76
76
73
74
74
71
71
73
76
76
73
74
77
74
77
76
45
79
76
79
73
76
73
76
74
77
74
50
77
73
73
76
76
74
77
62
74
77
79
76
76
79
57
77
74
74
77
76
76
79
79
50
77
77
81
81
53
74
77
74
77
79
76
76
79
50
77
77_81
81
55
79
79
82
82
60
81
77
77
81
76
79
79
76
77
81
81
77
79
76
79
76
77
81
81
77
79
76
79
48
76
81
77
81
77
76
79
79
76
81
77
74
74_77
79
76
79
76
77
53
81
81
77
50
79_82_82
79
81
77
77
81
76
79
55
76
79
77
77
74
74
73
73
57
77
76
76
61
62
64
61
77
62
77
81
81
77
74
77
74
50
81
77
77
81
76
52
79
79
76
74
77
53
76
79
77
74
76
79
77
74
55
57
76
73
73
76
74
71
71
74
73
73
76
76
77
74
74
77
79
76
76
45
79
73
73
76
76
74
77
50
77
74
73
73
76
76
74
77
74_77
62
76
76
79
79
74
74
57
77
77
76
76
79
79
50
81
81
77
77
53
74
77
74
77
76
79
76
79
50
77
81
77
81
55
79
82
79
82
77
60
81
77
81
76
76
79
79
77
77
81
81
76
76
79
77
79
77
81
81
76
48
76
79
79
77
77
81
79
81
76
76
79
79
74
77
74
77
76
76
79
79
53
77
77
81_81
50
79
82
79
82
81
77
77
81
76
76
55_79
79
77
74_77
74
73
57
73
76
77
76
77
76
61
62
64
61
76
73
57
76
73
69
73
73
69
71
74
71
74
73
45
73
76_76
50
77
74
77
74
55
74
74
71
71
76
73
76
73
53
77
74
77
74
76
76
52
79
79
73
73
57
76
76
74
77
74
77
76
79
55
79
76
77
77
81
53
81
58
77
74_77
74
76
76
79
79
77
77
57
81
81
79
79
55
82
82
77
60_81
77
81
76
79
76
79
77
81
77
76
79
76
81
77
81
77
76
48
79
79
81
76
77
81
77
79
76
81
79
76
77
81
79
76
77
74
74
77
76
79
76
79
53
77
77
81
81
57
73
76
73
76
74
74
62
77
77
55
76
76
79
79
74
77
57
74
77
76
76
73
73
77
74
74_77
73
76
73
76
77
74
74
45
77
73
76
73
76
77
74
77
76
76
74
74
74
74
74
50
74
74
74
53
50
57
73
76
76
73
73
73
69
69
74
71
74
71
45
73
76
73_76
77
50
77
74
74
71
55
74
71
74
73
73_76
76
77
53
74
74
77
76
52_76_79
79
73
57
76
73
76
74
74
77
77
76
55
79
76_79
53
81
77
77
81
58
74
77
74
77
76
76
79
79
77
57
81
77
81
55
82
79
79
82
60
77
77
81
81
76
76
79
79
77
77
81
81
76
76
79
79
77
77
81
48
76
76
79_81
77
77
79
81
76
76
81
79
79
74
77
77
74
76
79
76
79
77
53_81
77
81
57
73
76
73
76
74
74
77
62
77
55
79
79
76
76
57
77
74
77
74
76
76
73
73
77
77
74
74
76
73
76
73
77
77
74
74
45
76
73
73
76
74
73
74
74
74
74
50
74
74
74
74
50_50_50_50_50_50_50_66_66_66_66_69_69_69_69_74_74_74_74_74
66
69_69
69
69
69
38_38_38_38_38_38
74
69_69
74
66_66
74_74
66
66
50
57
57
66
74
64_64
64
62
62
62
62_62
69_69
69
69_69
69
69
69
69
69
69
66
66_66
69_69
66
50_50_50_50_50_50_74_74
74
74
69
74
66
50
62_62
74_74
62
62
74
66
74
62
74
66
50
76_76
76
76
76
78
69
69_69
78_78
78
69
62_69_78
62
50
69_69
74
76
76_76
69
74
66
66
66_66
62_62_62_62_62_62
69
66
50
74
74_74
76
76_76
74
74_74
62_62
62
66_66
62
62
66
66
57_57_57_57_57_57
54_54_54_54_54_54
62_62
69_69
62_69
69
69
62
50_50_50_50_50_50
66_66_74
66_66
66
69
74
50
69
74_74_74
69_69
69_69
54_54_54_54_54_54_66
74_74
57
57
69
74
66
50
74
74
76_76
76
76
69
76
69
45
50_50_50_50_50_50
74
74_74
66
69_74
66_66_69_74_74
74
74
50
66
76_76
73
76
57_57_57_57_57_57_69
76
76
69
69_69_73_73
69
69
45
76_76
73_73
45_45_45_45_45_45
73
69
76
69
76
76
76_76
74
74_74
78_78
78
74
74
74
74
78
78
73_73
76_76
76
57_57_57_57_57_57
76
69_73
76_76
76
69
78_78
74_74
78_78
69_69
78
62_62_62_62_62_62
74
69
74
69
74
50
57
79_79
76_76
79
57
76
61_61_61_61_61_61
76
79
69_69_76
79
45
78
69
62_62_62_62_62_62
69
78_78_78
78
74
69_69
74_74_74
74
50
57_57_57_57_57_57
69_69_76
73
76_76
76
76
76
76
73_73
69
45
69
61_61_61_61_61_61
57_57_57_57_57_57
50_50_50_50_50_50_74
69
69
74
66_74_74
69_69
50
74
66
66
66_66
69_69
69
69
69
69_69
38_38_38_38_38_38
66_66
57
74_74
74
66
66_74
50
74
66
57
64_64
62
62
64
62_62
62
69_69
69
69
69
69_69
69
69
69
74
50_50_50_50_50_50_74_74
69_69
74
69
74
66_66_66
69
50
66
66
62
74_74
62_62
62_74
66
74
62
50
74
66
76
76_76
76
76
78_78
78
69_78
69
62
78
62
50
69
69_69
69_69_74
69
66_66
66
74
76_76
69
62_62_62_62_62_62
66
76
50
66
74
74_74
76
76_76
74
74_74
62_62
62
66
66_66
62
62
66
57_57_57_57_57_57
54_54_54_54_54_54
62
62_62
69
69_69_69
69
62
50_50_50_50_50_50_74_74
69
50
66
66
74
66_66_74
69_74
69_69
66
74_74
54_54_54_54_54_54_69
74
57
57
69_69
66
66
50
74
74
76_76
76
76
69
69
76
45
66_66
50_50_50_50_50_50
66
69_74_74
74
66
74_74
69_74_74
74
50
76
73
69
57_57_57_57_57_57
73_73
69
76
69
76_76
69_69
76
45
69
73_73
69
76_76
76
76
45_45_45_45_45_45_76
69
76
76
73
78_78
74
74
74_74
74_74
74
78_78
78
76
69
73_73_73_76_76
57_57_57_57_57_57_76
69
76
76
76
74
62_62_62_62_62_62
74_78
74_74
69_69
74
69_69
78_78
78_78
50
57
61_61_61_61_61_61
57
79_79
69_69
76
76_76
79
76_76
79
45
79
62_62_62_62_62_62
74_74
74
78
78_78
74
74
69
69
78
50_78
69_69
57_57_57_57_57_57
76
73_73
76_76_76
76
76
73
69_69_69
69
76
45
61_61_61_61_61_61
57_57_57_57_57_57
69
78
50_50_50_50_50_50
74
78_78
74_74
78_78
74
69
50_69_69
74
79
76
76_79_79
76_76
79
79
76
62_62_62_62_62_62
74_74
81
78_81
78
81
78
78_78
81_81
50
74
74
62_62
62_62_62_62_62_62
81
74
78
81
78
78_78
81_81
50
78
81
74
55_55_55_55_55_55
83
79
79
62_62_79
83
83_83_83
74
79_79
50
74
81
81_81
78
81
78_78
78_78
81
43_43_43_43_43_43
71_71
79
76
79_79
79
76
79
76_76
76
74_74
74_78
78
74
78_78
74
71_71
55_55_55_55_55_55_78
62
62
73_73
76_76
76
69_73_73
79
73
69
76
76
57_57_57_57_57_57
79
45
78
74
78
78
78
74_74
78
78_78
61_61
79
55_55_55_55_55_55
76_79
69
76_79_79
79
45
76
76_76
69
61_61
76
79_79
57_57_57_57_57_57
79
79
69_76
69
76_76_76
79
45
54_54_54_54_54_54
66_66_78_78
69
81
78
78_81
78
81
69
81_81
45
76
79
79
76_76
76
67_67
76
79_79
79
74
42_42_42_42_42_42
69_69
74_74
78
78_78_78
69
78
74
69_74
69_69
69
54_54_54_54_54_54
73
73_73
76_76
69_76_76
76
66
66
62
71_71
71_74_74
74
62_71_71
74
62_74
55_55_55_55_55_55
62
50
76_76
76
73
73_73
76_76
62_62
74
74_74
74
71_71
71
62_74
62
74
43_43_43_43_43_43_74
50
71
66
74_74
62_62
74
71_71
66
74
74
74
74
50
54_54_54_54_54_54
69
79
76
52_52_52_52_52_52
69
79
76
61_61_76_76_79
45
76
79_79
57_57_57_57_57_57
73_73_73_73
69
76
73
69_76_76
45
76
69
69
76
74_74
62_62_62_62_62_62_78_78
74
69_69
66_69_78
78
66_69
78
50
50_50_50_50_50_50
74_74
78
74_78
62
78_78
62
69
69_69
78
69
50
76
79
79_79
79
76_76
79
57
57
74
57_57_57_57_57_57_69_69_76
74_74
76
69
69
78_78
78
45
73
76
76_76
73_73
74
78
78_78
74_74
73
76
76_76
73_73
78_78
74_74
76_76
45_45_45_45_45_45_73_73
69
64_64
69
74_74
74
74_74
74
74
74
57
57
45
57
74_74
50_50_50_50_50_50
74
74_74_74
66_66
74
66
66
57
50
74
57_57_57_57_57_57
55_55_55_55_55_55
54_54_54_54_54_54
52_52_52_52_52_52
50_50_50_50_50_50
78_78
78
69_69
74
78
78
74_74
50
69
74
69
74
79_79
79
76
76
76
76_76
79
79
74_74
81_81
81
62_62_62_62_62_62_78_78
74
74
78
78
81
78
81
50
62_62
74_78
78
81
81
78_78
81
62_62_62_62_62_62
74_81_81
78
50
62_62
83
55_55_55_55_55_55_79
74
79
79_83_83
74
83
79_79
83
50
81
78
81_81
78
78_78
78
81
81
43_43_43_43_43_43
79
76
76_79_79
76_76_76
71_71
79
79
74
55_55_55_55_55_55
78
78
74
78
78_78
62_62
74
74_74
71_71
69
79
76
76
76_76
73_73_79
73
73_73
76
57_57_57_57_57_57
69
45
74_74_78_78
78
78
74
78
78
78
79
61_61
79_79
76
55_55_55_55_55_55
76_76
79
69_76
76_79
69
45
79
79
76_76
61_61_76
79
57_57_57_57_57_57
79_79
69_76
69
45
76
69
66_66
54_54_54_54_54_54
78
81
69_78_81
81
78_78
81_81
45
78
76
79_79
76
79
79
67_67_76_76
79
76
42_42_42_42_42_42
78_78
69_69_69
74
74
74_74
78
78
69
74
78
76_76
69_69
54_54_54_54_54_54
69
66_66
76
76
73_73
73
69
76
71_74
62
62
74_74
62
55_55_55_55_55_55
71_71
62
74
74
50
71_71
76
76_76
76
73
76
73_73
43_43_43_43_43_43
62
74_74
74
62_62
74
62
71
74
74_74
71_71
50
66
71_74_74_74
54_54_54_54_54_54
74
66
71_71
74
62_62
74
74
50
79_79
76_76
79
69
61_61_76_76
79
69
52_52_52_52_52_52
79
76
45
73_73
76
73
76
73_73
76
76_76
57_57_57_57_57_57_69
69
69
69
45
78_78
78
74
74_74
78
78
69_69
69_69
62_62_62_62_62_62
66
66
50
74_74
69_69
50_50_50_50_50_50_62
62
78
69
74
78
78_78_78
69
50
79_79
76_76
79
76
79
79
57
57_57_57_57_57_57
69_69
74_74
57_74
76_78_78
76
69
45
69
78
76
73
76_76
73_73
78
74
78_78
74_74
76
73_73
76_76
73
78
74_74
78_78
74
45_45_45_45_45_45
76
76_76
73_73
64_64
73
69
69
74
74_74
74_74
74
74
57
74
57
45
50_50_50_50_50_50
74
66_66_74_74
66
74_74
74
57
57
74
74
50
66
