55
82
79
81
62
78
59
79
77
60
76
54_75
81
82
55_74
72
70
50
69
67
46
74
43
82
48_75
81
72
48_80
70
50_79
69
78
38
67
43
79
78
79
81
79
55_82
79
62
78
81
59
77
79
60
76
81
75
54
55_74
82
72
70
50
69
46
67
43_74_82
81
48
75
48
80
84
82
50
79
81
78
38
79
79
43
78
79
81
79
55
86
54
86
84
82
54
81
86
54
84
54_82
81
55
82
79
77
55
82
75
74
79
55
77
82
75
55
74
84
48
75
82
81
75
48
79
84
48
82
81
75
48
79
81
53_77
75
74
81
53
72
77
53
75
74
81
53
72
46
74
82
81
74
46
79
77
46_82
81
79
46_74
77
79
52
76
74
79
73
52
71
76
52
74
79
73
52
71
81
73
45
79
45
77
73
76
81
45
79
77
45_73
76
77
74
50
81
62
77
50
74
77
62
74
50_77
62_81
77
50
77
74
62
76
73
57
74
50_77
74
57_76
73_74
45
74_74
50
57
53
74
77
50
73
76
57
72
54
74
55
71
49
76
70
69
50
77
67
65
45
64
62
41
77
38
81
76
43
82
75
55
79
57
74
77
76
45
73
74
74
50
73
74
76
74
50
77_86
76
57
85
84
74
54
83
55
82
49
76
81
50
77
79
45
77
76
41
74
38
77
81
43
82
76
55
75
79
57
77
74
45
73
76
74
50
74
73
74
76
74
62_81
61
81
82
49
81
76
81
49
82
81
61
76
62
86
77
88
86
50
81
86
50
88
77_86
62
81
79
55
82
81
79
43
74
79
43
81
82
79
55
74
60
75
84
86
84
48
79
84
48
86
84
75
60
79
77_81
53
79
41_77
72
41
77
79
81
77
53
72
74
58_82
84
46
82
77
46
82
84
82
74
58
77
72_81
53
82
74
41_82
74
75
84
41_75
84
82
74
53
82
74
72_81
53_81
72
74_82
74
41
82
75
84
75
41
84
74_82
74_82
53
72
81
72
81
53
74_82
46
72
53_82
72_81
41
46
70_82
48
50
46
74_82
72
53_81
81
69
53
79
70
51
72
79
45
74
46
77
75
74
48
72
50
70
46
77
86
79
84
51
79
52_84
74
53_82
72_81
41
82
70
46
81
82
84
82
46
82_86
81_84
53
53
81
81
82
51
79
79_84
45
77
86
46
75
48
74
72
50
70
46
74
77
79
51_72
52_79
72
53
70
74
72
69
41
70
70
46
69
70
72
70
46_77
82
46
77
74
75
74
75
74
46
72
70
77
77
45
78
72
69
70
69
77
70
69
53_79
67
81
65
70_82
50
77
46
74
75
72
74
75
74
74
46
72
75
70
45
77
77
72
69
70
69
77
70
69
53_67
79
65
81
50
82
70
77
82
77
82
81
74
79
46
77
75
51
79
70
75
39
70
75
74
72
51
79
70
80
56
72
75
80
44
75
80
79
56
72_77
75
50_77
74
69
38
74
69
74
69
50_74
77
69
79
55
71
74
43_79
74
79
77
55
75
71
74
72
48_75
74_77
74
36_77
75
79
75_79
74
77
48
74
77
72
75
48_72
75
77
74
77
74
36
79
75
79
75
74_77
48
77
74
75
72
72_75
48
84
60_75
55
84
74
83
74
43
48_72
84
50
51
75
48_84
83
74
55
82
72
52
81
53
80
47
74
48
79
75
77
75
50
74
72
51
75
79
48
74_80
41
73
77
53
75
72
55
74
71
43
72
72
48
71
72
74
72
75
84
48
55
74_83
52
82
72
81
53
47
74_80
48
75
79
77
50
75
74
72
51
79
48_75
80
41_74
73_77
53
72_75
55
43_71
74
72
48
72
71
72
74
72
75
48
79
48
75_79
55
74
77
74
55_77
72
48_75
72
75
48
71
55
74
71
55
74
75
79
48
75
48
79
55
74_77
77
74
55
72
75
48
72
48
75
71
55
74
71
74
55
83
53
52
84
52_84
84
52
82
76
48
81
53
77
53_77
53
77
81
53_75
74
82
46
82
46
82
46
80
74
46
79
75
51
75
51
75
51
74_79
51
72
80
44
80
44
80
44
72
79
44
72
78
50
79
70
55
62_69_79
69
50
78
79
70
55
57
58
55
82
79
78
62_81
77
79
59
76
60
75
81
54
82
74
55
72
70
57
69
67
58
79
82
55
62_78
81
79
59
77
60_76
54_75
81
55_82
74
72
70
57
69
58_67
74
55_82
75
81
48
72_80
60
79
70
62
69
78
50
67
79
55
78
79
81
79
82
55
74
75
48
81
72
80
60
79
70
62
78
69
50
79
67
55
78
79
81
79
55
86
54_86
84
82
54
81
54
86
84
50
78
82
81
55
79
82
77
55
75
82
74
79
55
77
75
55
82
74
84
48_75
82
75
81
48
79
48
84
82
75
48
81
79
53
77
81
75
74
53_81
72
53
77
75
53
74
81
72
74
82
46
81
46_74
79
77
46_82
81
74_79
46
77
75_79
51
74
72
79
51
70
75
51
74
72
79
51
70
72
81
45
79
78
45_72
76
81
45
79
72_78
45
76
69
78
50
62
58
79_82
55
50
78
81
79
82
82
50
79
81_84
81
84
50
79
82
79
50
82
78
81
78
50
81
79
82
79
50
82
81_84
81
84
50
79
82
79
50
82
78
81
78
50
81
55_79
82
62
79_81
50_78
81
55
79
79
57
58
55_86
86
54
84
54
82
81
86
54
84
54_82
81
55_79_82
77
55_75
82
74
55
79
77
75
55
82
74
84
48
75
82
75
48
81
79
48
84
82
75
81
48
79
53
77
81
75
53
74
81
72
53
77
75
53_74
81
72
46
74_82
81
74
46
79
77
82
46
81
74
79
46
77
75
79
51
74
72
51
79
70
75
51
74
72
51_79
70
72_81
45
79
72
45
78
76
45_81
79
45
72_78
76
72
78
50
79
43_70
50
69_79
38
69
78
70
43
79
70
55
79
69
50
79
38_69
78
43
67
79
