72
72
75
75
83
83
74
74
72
75
72
75
83
74_83
84
74
84
75
75
83
74_83
74
72
75
72
83
75
83
74
84
74
84
73
81
73
72
81
72
82
71
82
71
79
70
79
81
70
81
69
69
77
68_77
78
68
79
78
70
79
72_83
70
72_74
90
83
75
74
90
81
74
75
81
79
82
79
82_90
73
74
81
90
81_91
82
91
90
72_73_82
72
74
75_90
74_81
81
79
82
79
82
89
69_75
81
89
81
91
74
69
80
91
74
88
73
80
79
88
89
79
74
73
74
75
75
74
78
89
74
72
78
72_74
86
64_74
86
77
66
64
77
87
76_87
66
76
67_84
69
67
75_84
70
85
69_75
85
70
71
84
72
71
72_76_84
73
64_73_85
76
85
71
64
84
72
71
72_75_84
73
63
85
75
73
85
71
63
71
70
84
84
76
69
70_85
76
76
85
68_76
69
84
67
68
75_84
67
66
85
75
85
65_66
60_74
75
74_75
65
63
74_77
60_75_75
74
77_79
72
79
80
63
71
74
72
74
92
62_71_80
72
74
72
92
74_75_91
62
60_66
75
66_74
63
60
63
71
91
90
71_75
62
74
75
77
75
62_72_77
74
75
63_72
75
74
71
63
89
90
80
75
89_91
80
79
62
71_92
91
79
77
62_77
60
79
63_71
79
60
63_92
71_72_86
71
62
71
73
72
75
73
75
86_91
62_72_77
77
75
61
72
90
91
69
61
60_69_74_75
72
74
90_91
74
60_70_72
92
91
70
91_92
71_74
90
91
71
90
75
91
67
79
91
67_70_79
75_81
79
68_81
70_82
68
69
77
79
65_69_83
77_79_82
68_79_83_84
65
80
66
68
84
86
66_67_79_80
86
70
67
81
86
79
82
81
81_82
78
70
84_86
84_86
78
69_86
87
79_81
81
79
81_82
87_89
69
67
70
67
89
78
70_82
84
82
82
78
69
86
84
69_79
87
86
70
87_89
79
78_82
70
89_90
87
82
90_91
87
86
69_78
91
93
84
86
84
69
86
93
67
94
78_86
70
67
78_79
84
78
70
94
69_78
81
79
82
81
82
93
69_79_84_84
93
68_79_82_94
84
76_84
68_94
67
76_81
82
79
81
79
67_77_81
84_93
66
77
93
66
74
81
74
77
81
93
82
81
75
77
84
82
76_82
93
75
81_82
82_82
72_76
84
81
75_82_82
72_81
91
73
79_81
75
79
73
72_91
67
81
72
79
81
81
79
62_67
70
81
62
65
65
64
72
70
63_64
61
63
72_73
61
60
60
73
74
71
70
71
83
68_74
70
82_83
67_68
67
66_82_83
66
65
65
66
83
66_75
69
85
75
83_85
85
83
69_70
73
85
70
71
71
70
73
71
70
69
71
69
71
67
71
88
87
88
87
88
70
67
71
70
73
71
71_88
73
91
71
70
91
68
93
70
93
94
61
68
63
61
63
64
94
95
95
97
64_65
97_98
65_68
98
99
67_68
99
67
66
88
66
63
63_66
86_88
66
64
64
65
85
86
63
65
63
62
83
85
62
51_83
82
63_66
75
39
42
54
39
51
82
65_65
42
50_54_62
58
63
66_70
75
66
65
53_62_68
63_66
65
41
50
63
62
51_53
41
39
63
62
70
54
42
63_65_70
39_51
42_50_54_62
66
63
65
68
70
66
63
62_65
63_66_70
62
65
41_53
50_62
65
63
41
51
69_70
63_66_69
53_58_60_65_66
43
55
51_63_65_66
66
65
66
43_50
55_62_65_68_69_77
69
59_60
41_53_68
50_62
63
77
65
62
63
63
62
41_53
51
63
65
39
62
59
54
42_51
58
70
39
65
68
54
62_66_68_70
42
50
71
62
68
53
41_66
50_65
58
62
70
68
51
51_54_63
53_70_71
41_54
65
51
70_72
52_56
40_51
54
56
54
73
78
58_72
48
40_60
52_56
58_70
56
75
51_60
39_58_73
48_60
58
60
75
77
49_61_77_78
61
39_51
60_60
61
63
56
38_50
49_61
56
61
61
56
50
77
39
38_70
58
51_54
56
51_53
41_61
54
39
72
53_54
42_77
41
60
61
58_60
60
58
61
60
42
61
63
33
45
58_60
54
65
70
31_33
45_72_73
43
58
60
33_45
31
43
60
58
63
34_45
33_46_68
73
60_61
61
52
61
34_65
52
60
65
61
65
56
46_65_70
68
61
60
63
61
63
61
65
64_72
70
60
61
72
63_64
54_56
58
72
60
72
70
70_72
72
70
58
73
72_73
68
72
70
66_68_75
73
53
66_68_73
75_75_77
54
65
57_68
63
51
58
53_66
57_65
75_77
60
58
61
60
75_77
61_65_66_75
60_76
49
51
58_78
77
60
73
65_67_78
48_49
56
58
76
55_56
72_76
55_56
73
44
48
67_79
56_76
44_67_75_79
56
55_56
68
67
75_77
54
55_68
69
72
69
73
77
72_80
70
80
54
53
58
78
70
69
78
61
58_73
72
69_70
70
72
68
61
54
73
53
60_72
68
60
75
56
54
60_73
60
68
74
75
54
56
75
70
68_70
56_68
74
75
54
53
77
58
66_68
56
68
58
77
51_53_68
66
77
70
68
68
59
63_70
71
44_51_58
59
68
58
70
46
71
44
68
70
57
68
75
66_68
58_77
63
57
68
68
66
75
75
68
66
66
65
63
65
63
58
65
46
63_68
65
65
58
58
65_66
58
60
73
75
68
66
58
58
63_65_66_68
61
60
60_61
57
58
61_71
66_73
65
60
63
61
66
56_57
66
74
63
65
71
66
75
66
74
75
77
68
66
65_66
66_68_70
65
70
68_71
66_68
77
58
56
62
65
68
58_59
63
68
62_75
68
63_65
59
58_63_65
71
68
66_68
66
70
58
68
68
66_71
70
65
71_73
66_70_70
68_75
71
70_73
70
61
70
73_73
63_71
59_61
58_59
67_70_73
58
67_76
73
58
67
65
60_65_76
68_77
67
73
65
64_77_79
65
64
72_73
65_67_80
58_79
53_70
68
67
68
68
70
68
61_68
67_70
55_60
72_82
80
56
55
67
82
70
56
53_56
72_82
61
67
72
72
72
53
72
53
80
82
56
67
53_65
79
80
77
79
53
77
79
53_58
56_56_67
65
64
68
67
72
70
52_53
68
60_72
55_58_64
60
79
52
56
51_55_68
60
87
70
44_58_68
56_60_73
67_72_75
87
73
60_72
58
70
61_72
44_60
46
66
85
67
75
51
44_53
65_66
46
75
42_85
44_53_54_63_72
61_70
63
65
70
72
41
42
63
54_63
53
75_85
70
65_68
63
47
41
61
53
61_63
66
65
45_75
85
47
63
61
45
63
65
61
60
44
85
66_75
65
68
68
43_44_73
85
43
42
73
43
60_84
58_68
63
65_65
61_63
42
56_63
58
61
63
54_56_65
82
84
56
54
60
65
58
56
82
56_82
58
41_43
61
39
41_60
41
39
82
63
48_54_82
41_61
56
54_56
77
48_82
54
56
54
53
58_63_78
77
54
53
58
78
60
53_54
61
60
54
63
53
61
63_65
56
54
65
56_57
66
57_66
57
64
55
57
54
55
62
64
62
54
53
62
54
53
56
54
58
56
58
59
63
62
51
59
56
51
56
54
77
53
54
72
77
63
70
53
72
72
65_70
63
72
72
72
72
56
58
63
65
51
56
72
71
65
70_71
72
70
65
51
73
72
51
65
51
58
66
51_65_73
58_72
51
50
66
65_80
72
58
49_50_58_80
79
64
65
51
63
49
64
58
51
52_58_61
63
51_52
67
79
63
61
63
51
47
58
57_63
57
63
57
46_47
66_67
63
56
57
46
46
46
56
46_56
75
66
47
46
46
47
63
65
56
56
66
65
75
58
56_75
45
46
44_45_58
59_65
66
75
56
44_75
75
56
55_75
58_59
73
65
54
55
72_73
54
53
66
58
75
51
53_75
72
73
72_75
53
51_65_66
54
53
54_66
53_65
73
73
70
72
53
53
65
66
65
70
73
65_72
70
64_65
64
53
64
53
72
64
72
64
70
69
53
53
63
64
53_63
69_72
34
62
70
58
61
62
46
46_49
57
49
60
61
70
65
48
57
63
60
48
46
56_58
56
59
62
63
67
59
58_61
62
67
65
61
65
58_66
59_59
62
57_59
59
63
65
56
57
70
65_66
62
54
56
61_70
66
65
61
63
46
34
61
71
32_44
66
61
60
66
62
60
63
62_72
71
80
72
60
71_80
58
60
63
71
65_66
61
58
65
61
44
54
32
48_91
43
31
87
91
51
48
51
59
86
87
59_62
53_62
85
86
52_53
51_52
84_85
86
84
86_87
51
52
52_53
56
53
56
64
81_87
64
55
55
54
72_86
81
68
84_86
72
54
53
67
54_68
53
54
57
57
65
66
67
84
65
56
56
55
66
65
74
67
65
68_72_74
67
62_68
55
60
60
59
67
62
66_67
66
31_72
43_59
31_43_58_58
70
58
70
70
31_43
31_43
31_43
34_46
34_46
70
58
58
70
34_46_70
58
58
70
58
70
70
34_46
58_73
42_54_62
58_58_70
58
42_54
42_54
58
70
58
58
42_54_70
33_45_75
61
63_73
58_62
61
33_45
33_45
61
58
60_70
69
72
60_61
58_70_72_72
60_62_73_75
63
75
60_69
73
63_72
33_45_62
69
72
31_43
60
60
69_72
60
72_75
31_43_77
60
34_46_63_72_75
65
60_72
72
75
60
72_75
60
34_42_46_54
75
72_81
59_60_60_72_77_78
71
60_62_65_66_71_72_74
81
42_54
71
33_45
81
71
59
57
43_55
57_66
63_71
69_69_74_78_81
62_71
33_45
62
74
43_55_63
69
34_46
74
62
62
69
74
62
74
34_46_69
35_47
57_60_74
57_57_62_69_72
60_62_72
69
74
69_72
62
62
60
38_50_72
62_75
66
63
35_47
60
75
63
66
83
75
71
75
38_50
46_58
58_74
60_70_72
57_58_62_70
60
70
72
71
83
74
62
74
58
70
58
62
74_84
58
46_58_72
37_49
58_70_77_77
70
72
62
74
84
70
58
58_77
37_49
36_48_70
64
62_74_78
77
70
64
76
58
70
85
66
76
70_73
61_85
59_60
59_60
66
70
73
61_80
68
68_70
64
78
58
68_78_80
60
60_64_68_72
64_70_70
72
60
68
36_48
64
68
70
60_73_79
35_47_61_76
64_78
61_64_79
76
61
35_47_52
34_46
52
64_72
61
73
33_34_45_46
33_45
32_44
67_76
54_79
71
52_54_64
52_72_79
76
67
35_47
32_44
64
67
54
35_43_47_55
54_55_70
71
67
55
64
43_55
30_42
30_42_64
29_41_67
55
64_73
57_79
57_69_70_76
69
55_64_64_67
69
59
71
71
57_62_69
69
64
29_41
28_40
72_73
60_71_72
59_72
62
60_71
57
64
59_60_76
57_59_67_73
69_72_72_72_79
60_71
59_71
28_40
74
27_39_55_57
59_71_73
67_67_71_79
59
74
27_39_76_78_81
26_38
66_67_78_79
59_69_74
60_67_67
42
54
55
54
42
75
76
45_57
69_72
75_78
45_81
53_74
65
57_72
74
72
80
44
53_56_65
78
66
26_38
56
31_43_44
78_80
59_60_72_78_78_81
71_74
66_66
59
59_66
59_66_71
78
66
59
58
30_31_42_43_73
66
70
61_67
70_71
59_71
78_81
73_78
30_42
29_41_83
81
57_58
74
69_69_69_70
70
67
57_61
71
59
69
57
72
71
59
60
71_72
59_60
29_41_76
40_52
74_78
66
59_71
83
81
69_69
57
77_81_84
40_52_66_78
38_50
77
57_69_76
65_69
38_50
41_53
69
77_81
84
41_53_77
49_61_81
69
49_61
28_40
77
81
28_40
65
77
27_39_58_82
57
77
77_84
65_69_70
69
65
82
58
65
58
70_75
63_70_77_84
65_77
70
65
65
70
57_66_69_78
58_65
70
69
66
78
75
27_39
28_40_64
65_68
68_69_80
56_69
57
63
68
75
70
70
68
58
56
68
64
70_70
27_39_71
28_40_58
59_71
64
58_70_71
58_64_70
59_70_75
71
65
27_39
80
26_38_77
65_77
68_70
70
58
58_77
70
76_77_83
58_68
65
58
64_65_70
70
67_68
82
83
58
61
73
70
68
80_82
67
76
68
58_70
26_38
61_73
64_76
51
80
70_76
75_79_82_84
63_64
39
63
64
68
80
39_54
82
70_79
84
75
63
51_63
81
54_68
66
62
75
51_75_80
63_63
75
63
51
62
63
68_75_81
66_75
51
63
40
63
40
70_82_83
68
79
39
51_63_75
63
51
75
68_80
39_63_70
63_79_82
83
54
54
80
62_75
81
66
68
75
63
51
63
51_62
81
40_80
68_75
75_82
63_63_66
63
63_75
51
72_80
75
70_79
40_63_82
51_63
68_82
39
51_63
75
63
79
72_80_82
51_83
63_68_70
54_75
63
39
83
75_84
54_75_80
62_68
75
51
63
63
51
75
62_75_80
63
40_63
68
75
84
80
40
84
68
69_81
79
89_94
63
51
75
63
51
75
63_63
51
94
89
84
69
79
63
63
81
75
79
89
51_94
63_84
70_75_77
63
63
75
51
63
63
75
51
63
63
75
77
75
63
70
84
89_94
79
75
51
63
63
