55
55
62
55
62
55
62
62
55
55
55
55
62
62
62
62
55
55
55
55
62
62
62
62
62
62
55
55
62
62
55
55
62
62
55
55
55
55
62
62
62
62
55
55
55
55
62
62
62
62
62
62
55
55
62
62
55
55
62
62
55
55
55
55
72_72
62
62
62
62
55
55
55
55
62
72_72
79_79
62
62
62
62
62
55
86_86
79_79
55
62
62
55
55
62
62
55
55
55
55
62
81_81_86_86
62
62
62
55
55
55
55
62
83_83
81_81
62
62
62
62
83_83
62
55_83_83
55
62
55
62
55
62
62
55
55
55
83_83
55
62
78_78
62
62
62
55
55
55
55
62_81_81
78_78
62
62
62
62
62
81_81
55
74_74
55
62
62
55
55
62
62
55
55
55
55
62
62
62
62
55
55
55
55
62
62
62
62
62
62
55
55
74_74
62
62
55
55
62
62
55
55
55
55
72_72
62
62
62
62
55
55
55
55
79_79
62
72_72
62
62
62
62
62
55_86_86
79_79
55
62
62
55
55
62
62
55
55
55
55
62
81_81_86_86
62
62
62
55
55
55
55
83_83
62
81_81
62
62
62
62
83_83
62
83_83
55
55
62
55
62
55
62
62
55
55
55
83_83
55
62_78_78
62
62
62
55
55
55
78_78
55_81_81
62
62
62
62
62
62
81_81
74_74
55
55
62
62
55
55
62
62
55
55
55
55
62
62
62
62
55
55
55
55
62
62
62
62
62
62
55
55
62
62
55
74_74
55
62
62
55
55
55
55
72_72
62
62
62
62
55
55
55
55
79_79
72_72
62
62
62
62
62
62
86_86
55
79_79
55
62
62
55
55
62
62
55
55
55
55
86_86
62
81_81
62
62
62
55
55
55
55
83_83
62
81_81
62
62
62
62
83_83
62
55
83_83
55
62
55
62
55
62
62
55
55
55
83_83
55
62
78_78
62
62
62
55
55
55
55
81_81
62
78_78
62
62
62
62
62
74_74_81_81
55
55
62
62
55
55
62
62
55
55
55
55
62
62
62
62
55
55
55
55
62
62
62
62
62
62
55
55
62
62
55
55
62
62
55
74_74
55
55
55
62
72_72
62
62
62
55
55
55
55
72_72_79_79
62
62
62
62
62
62
55
86_86
79_79
55
62
62
55
55
62
62
55
55
55
55
62
86_86
81_81
62
62
62
55
55
55
55
62
81_81_83_83
62
62
62
62
83_83
62
55_83_83
55
62
55
62
55
62
62
55
83_83
55
55
55
78_78
62
62
62
62
55
55
55
78_78_81_81
55
62
62
62
62
62
62
55
74_74
55
62
62
55
55
62
62
55
55
55
55
62
62
62
62
55
55
55
55
62
62
62
62
62
81_81
74_74
62
45_57_64_69_69
69
43
87
87
43
87
43
45_69
43_67
55_67_69
57_67
64_69
87
43_67
37_61
55
49
61
67
61
43
43
87
87
43
87
43
67
87
45_69
37_61
49_57
61
61
63_69
69
43
87
43
87
43
87
43
43_67
45_69
55
57
67
67
69
69
87
55
48
36_60
67
43_67_67
60_65
63
60
43
87
43
87
43
87
43
87
36_60
45_69
60_65_69
60
48_57_65_69
43
87
43
87
43
87
43
87
43_67
45_69
69
55
67_67
65_69
57
43_67
54
42_66
55
67
67
66
59_66
43
87
43
87
43
87
43
87
43
66
42_43_66
31
55_59_66
54
55
55
62
55
62
55
62
62
55
55
55
55
72_72
62
62
62
62
55
55
55
55
62
72_72
79_79
62
62
62
62
62
55
86_86
79_79
55
62
31
62
55
55
62
43
62
55
55
55
55
62
81_81_86_86
62
62
62
55
55
55
55
62
83_83
81_81
62
62
55
62
62
83_83
62
55_83_83
55
62
62
55
55
62
62
55
55
55
83_83
55
62
78_78
62
62
62
55
55
55
55
62_81_81
78_78
62
62
62
62
62
81_81
55
74_74
55
62
62
55
55
62
62
55
55
55
55
62
55
62
62
62
55
55
55
55
62
62
62
62
62
62
55
74_74
55
62
55
62
55
62
62
55
55
55
55
72_72
62
84
62
62
62
55
55
55
84
55
79_79
62_91
72_72
62
62
62
62
91
62
43_55
55_86_86
79_79
98
55
62
62
55
55
62
62
55
98
55
55
55
62
81_81_86_86
93
62
62
62
55
55
93
55
83_83
55
62
81_81
95
62
62
62
95
62
83_83
62
95
83_83
55
55
62
62
55
55
62
95
62
55
55
55
83_83
55
62_78_78
90
62
62
62
55
55
90
55
55
78_78
81_81
62
93
62
62
62
93
62
62
81_81
74_74
86
55
50
43
55
62
62
55
55
62
62
55
55
55
55
62
62
62
62
55
55
55
86
55
62
62
62
62
62
62
55
50
43
55
62
55
62
74_74
55
62
62
55
55
55
55
72_72
62
84
62
62
62
55
55
55
84
79_79
72_72
55
62_91
62
62
62
62
91
62
86_86
55
98
79_79
55
62
62
55
55
62
62
55
98
55
55
55
86_86
62
93
81_81
62
62
62
55
55
93
55
55
83_83
62
81_81
95
62
62
62
95
62
83_83
62
95
55
83_83
55
43
62
62
55
55
62
95
62
55
55
55
83_83
55
62
78_78
90
62
62
62
55
55
90
55
55
81_81
62
78_78
93
62
62
62
93
62
62
74_74_81_81
86
55
55
55
62
62
55
55
62
62
55
55
55
55
62
62
62
62
55
55
55
86
55
55
62
62
57_66
62
54
74_74
54
54
54
54
66
66
57
54
54
56
62
54
52
62
50
52
62
50
50
62
50
56
66
62
54
57
62_66
54
54
54
54
54
54
69
66
54
59
66
59
54
62
54
52
62
52
62
50
62
69
66
62
50
57
60_64
55
55
55
55
55
55
55
55
60
57
55
60
64
55
57
64
55
55
55
55
55
60
55
60
57
64
55
55
57
62
64
62
55
43
60
64
59
59
59
59
59
59
59
59
59
59
59
62
55
62
67
62
55
55
57
71
57
59
59
59
59
71
74
67
74
62
43
59
72_72
72_72
79_79
86_86
79_79
81_81_86_86
83_83
81_81
83_83
83_83
83_83
78_78
81_81
78_78
81_81
74_74
55
74_74
55
62
55
62
55
62
62
55
55
55
55
72_72
62
62
62
62
55
55
55
55
79_79
62
72_72
62
62
62
62
62
55_86_86
79_79
55
62
62
55
55
62
62
55
55
55
55
62
81_81_86_86
62
62
62
55
55
55
83_83
55
62
81_81
62
62
62
62
83_83
62
83_83
55
55
62
62
55
55
62
62
55
55
55
83_83
55
62_78_78
62
62
62
55
55
55
55
78_78
81_81
62
62
62
62
62
62
81_81
74_74
55
55
62
62
55
55
62
62
55
55
55
55
62
62
62
62
55
55
55
55
62
62
62
62
62
62
55
55
62
55
62
74_74
55
62
62
55
55
55
55
72_72
62
62
62
62
55
55
55
79_79
72_72
55
62
62
62
62
62
62
86_86
55
79_79
55
62
62
55
55
62
62
55
55
55
55
86_86
62
81_81
62
62
62
55
55
55
55
83_83
62
81_81
62
62
62
62
83_83
62
55
83_83
55
62
62
55
55
62
62
55
55
55
83_83
55
62
78_78
62
62
62
55
55
55
55
81_81
62
78_78
62
62
62
62
62
74_74_81_81
55
55
62
62
55
55
62
62
55
55
55
55
62
62
62
62
55
55
55
55
62
62
62
62
62
62
55
55
62
55
62
55
62
62
55
55
74_74
55
55
62
72_72
62
62
62
55
55
55
55
72_72_79_79
62
62
62
62
62
62
55
86_86
79_79
55
62
62
55
55
62
62
55
55
55
55
62
86_86
81_81
62
62
62
55
55
55
55
62
81_81_83_83
62
62
62
62
83_83
62
55_83_83
55
62
62
55
55
62
62
55
83_83
55
55
55
78_78
62
62
62
62
55
55
55
55
78_78_81_81
62
62
62
62
62
62
55
74_74
55
62
62
55
55
62
62
55
55
55
55
62
62
62
62
55
55
55
55
62
62
62
62
62
81_81
74_74
62
57_69
69
57
43
43
43
69
67
55
57
55_67_69
57
43
67
49
55
61
55
49
67
61
43
43
43
43
61
69
61
49_57
63_69
69
49_57
43
43
43
43_67
69
55
55
57
67
57
67
69
69
43
48
55
55
48
36_60
67
43_67_67
60_65
63
60
43
43
43
43
60
36_60
45_69
60_65_69
48_57_65_69
57
48
43
43
43
43
43_67
45_69
55
69
55
67_67
65_69
57
57
54
43_67
54
55
42_66
55
67
67
66
59_66
43
43
43
43
66
42_43_66
55
31_54
55_59_66
54
55
55
62
62
55
55
62
62
55
55
55
55
72_72
62
62
62
62
55
55
55
55
62
72_72
79_79
62
62
62
62
62
40_41
55
86_86
60
79_79
55
40_41
62
62
40_41_55
55
40_41
62
43
62
40_55
41
55
40_41_55
55
62
40_41
81_81_86_86
62
62
40_41
62
55
40_41
55
41_55
40
31
55
62
40_41
83_83
81_81
62
40
62
41
62
62
83_83
62
40_41_55_55_83_83
55_55
40_41_55
62
40_41_55
62
40_41
55
62
62
40_41_55
55
40_41_55
83_83
55
40_62
41
78_78
62
40_41_62
62
40_41_55
55
40_41_55
55
40_41_62_81_81
78_78
62
40_41
62
62
62
62
81_81
40_41_55
74_74
55
40_41
62
62
40_41_55
55
40_41
62
62
41
40_55
55
41
40_55
55
40_41_62
62
40_41_62
62
41
40_55
55
41
40_55
55
40_41_62
62
40_41
62
62
62
55
62
41
36_40
55
55
55
74_74
40_41
36
62
62
41
36_40
55
55
40_41
36
62
62
40_41
55
55
40_41
55
55
72_72
36_40_41
62
62
36_40_41
62
62
36_40_41_55
55
36_40_41_55
55
79_79
41_62
36_40
72_72
62
36_40_41
62
62
62
62
55_86_86
40_41
79_79
55
62
40_41
62
55
40_41
55
40
41_62
62
55
40_41
55
55
40_41
55
62
36_40_41
81_81_86_86
62
62
36
40_41
62
55
36_40_41
55
40_41_55
36
55
83_83
62
36_40_41
81_81
62
40_41
36
62
62
62
83_83
62
83_83
40_41
55
40_41
55
62
40_41
55
62
41
40
55
62
62
41
40
55
55
40_41
55
83_83
55
36_40_41
62_78_78
62
36_41
40
62
62
41
36_40
55
55
36_41
40
55
78_78
55_81_81
36_40_41
62
62
41
36_40
62
62
62
62
81_81
74_74
40_41
55
55
40_41
62
62
41
40
55
55
40_41
62
62
40_41
55
55
40_41
55
55
36
40_41_62
62
36
40_41_62
62
36_55
55
36_55
40_41
55
55
36
40_41_62
62
36
62
62
62
62
40_41
55
55
40_41
62
62
40_41
55
74_74
55
41
40
55
62
62
40_41
55
67
55
40_41
55
50
55
36_40_41_72_72
62
67
62
36_40_41
62
69
50
62
36_40_41
55
55
41
36_40
55
69
55
79_79
72_72
40_41
36
62
62
36_40_41
62
62
62
62
41_86_86
40
55
55_79_79
55
55
40_41
62
62
40_41
55
67
55
40_41
50
67
62
62
50
41
40_55
69
55
41
40_55
69
55
86_86
36_40_41_62
81_81
62
36_40_41_62
62
36_40_41
55
55
41
36_40
55
55
40_83_83
36_41
62
81_81
62
36_40_41
62
62
62
83_83
62
40_41
55
83_83
40
41
55
62
67
40_41
55
62
50
40_41_67
55
62
50_69
62
40_41_55
55
69
40_41_55
83_83
55
36_40_41_62
78_78
62
36_40_41_62
62
55
40_41
36_55
55
55
40_41
36_55
55
81_81
36
40_41_62
78_78
62
36
40_41
62
62
62
62
74_74_81_81
40_41_55
55
40_41
67
50
62
67
62
40_41_55
50
69
55
40_41
62
69
62
40_55
41
55
40_41_55
55
40_41
36_62
62
40_41
36_62
62
41
36_40
55
55
40_41
36
55
55
40
36_41
62
62
36_40_41
62
62
67
62
62
50
40_41
55
67
55
40_41
50
69
62
62
40_41
55
69
55
41
40
62
62
40_41
55
74_74
55
40_41
55
55
36_40_41_62
72_72
62
36_40_41_62
62
40
36_41_55
55
40
36_41_55
55
72_72_79_79
36_40_41_62
67
62
36_40_41
50
67
62
62
50_62
69
62
40_41
55
86_86
79_79
55
40_41
69
62
62
40_41
55
55
41
40
62
62
40_41_55
55
40_41_55
55
36_40_41_62
86_86
81_81
62
36_40_41_62
62
40_41
36_55
55
41
40
36_55
55
40_41
36_62
67
81_81_83_83
62
40_41_50
36
67
62
62
62
50
83_83
62
69
55_83_83
40_41
40_41_55
69
62
55
40
41
62
40_41
55
62
62
55
40_41
83_83
55
55
40_41
55
78_78
62
36_40_41
62
62
40
36_41
62
67
41_55
36_40
55
40_41_55
36
50
67
78_78_81_81
55
62
36_40_41
62
50
36_40_41
69
62
62
62
69
62
40_41_55
74_74
55
40_41
62
62
55
40_41
55
40_41
62
62
55
40_41
55
40_41_55
55
62
36_40_41
62
62
36_40_41
62
41_55
36_40
55
67
36_40_41_55
55
50
36_40_62
41
67
55
62
36_40_41
50
69
62
62
62
81_81
74_74
69
62
55
40_41
55
55
40_41
62
62
40_41_55
55
40_41
62
62
40_55
41
55
40_41_55
55
72_72
40_41
36_62
62
40_41
36_62
62
67
36_41
40_55
55
50
67
41
36
40_55
55
36_40_41
62
50
72_72
79_79
62
69
36_40_41
62
69
62
62
62
40
41_55
86_86
79_79
55
40
41
62
62
40_41_55
55
40_41
62
62
40_41_55
55
67
40_41_55
55_67
50
36
40_41_62
81_81_86_86
62
36
40_41_62
50
69
62
40_41
36_55
55
69
40_41
36_55
55
41
36_40_62
83_83
81_81
62
41
36_40
62
62
62
83_83
62
40_41
55_83_83
40_41
55
62
40_41
55
62_67
40_41
55
67
50
62
50
69
62
40_41_55
55
69
40_41_55
83_83
55
40
36_41_62
78_78
62
40
36_41_62
62
36_40_41
55
55
40
36_41
55
55
36_40_41
62_81_81
78_78
62
40
36_41
62
62
62
62
81_81
40_41
55
74_74
67
55
40_41
67
50
62
62
55
40_41
50
69
55
40_41
62
69
62
40_41_55
55
40_41_55
55
36_40_41_62
62
36_40_41_62
62
41
36_40_55
55
41
36_40_55
55
40
36_41_62
62
40
36_41
62
67
62
55
62
67
62
50
40_41
55
55
55
74_74
40_41
50
69
62
62
40_41
55
69
55
40_41
62
62
40_41
55
55
40
41
55
55
72_72
36_41
40_62
62
36_41
40_62
62
40_41
36_55
55
40_41
36_55
55
79_79
36
40_41_62
72_72
62
36
40_41
62
62
62
62
67
40_41_55_86_86
79_79
55
67
40_41
50
62
62
50
40
41_55
69
55
40
41
69
62
62
40_41_55
55
40_41_55
55
36_62
40_41
81_81_86_86
62
36_40_41_62
62
40_41_55
36
55
36_40_41_55
55
83_83
36_41_62
40
81_81
62
36_40_41
62
62
67
62
83_83
62
67
50
83_83
41
40_55
41
40_55
50
69
62
55
40_41
62
69
40
41
55
62
62
55
40_41
55
55
40_41
83_83
55
62_78_78
41
36_40
62
62
40_41
36
62
55
36_40_41
55
55
36_40_41
78_78
55_81_81
62
36_40_41
62
40_41
36
62
55
62
67
62
62
67
81_81
74_74
50
40_41_55
55
55
40_41
50
69
62
62
40_41_69
55
55
40_41
62
62
40_41
55
55
40_41
55
55
36_40_41_62
62
36_40_41_62
62
36_40_41
55
55
36_40_41
55
55
36_40_41
62
62
36
40_41
62
67
62
62
67
50
62
40_41
55
55
50
55
55
40_41
69
62
62
40_41
55_69
55
74_74
55
40
41
62
62
40_41
55_55
55
40_41
55
55
72_72
40
36_41_62
62
40
36_41_62
62
40
36_41
55
55
40_41
36
55
55
79_79
72_72
36_40_41
62
62
55
36_40_41
62
62
67
62
55
67
62
50
86_86
40_41
55
79_79
55
40_41
50
69
62
62
40_41
55
69
55
40
41
62
62
40
41_55
55
40
41_55
55
86_86
40_41_62
36
81_81
62
36_40_41_62
55
62
40_41
36_55
55
40_41
36_55
55
83_83
40
36_41_62
55_81_81
62
40
36_41
62
67
62
62
67
83_83
50
62
40_41_55
83_83
50
69
40_41_55
62
69
40_55
41
62
40_41
55
62
62
40_55
41
55
40_41_55
83_83
55
62
40_41_78_78
36
55
62
62
36_40_41
62
41_55
36_40
55
40_41_55
36
55
81_81
62
40_41_78_78
36
67
62
36_40_41
50_67
62
62
50
62
55
69
62
74_74_81_81
55
40
41
69
55
40_41
62
62
55
40
41
55
40_41
55
55
62
62
55
41
40
55
55
40_41
55
62
67
62
40_41
36
62
67
50
62
36_40_41
55
50
55
40_41
36
55
69
55
36_40_41
62
69
62
36_40_41
36_40_41
62
62
62
62
55
55
40
41
40_41
62
62
55
55
40
41
55
67
40_41
62
50
62
67
55
74_74
55
50
40
41
55
69
55
40_41
62
72_72
62
69
36_40_41
62
62
36_40_41
55
55
36_40_41
55
55
36_40_41_72_72_79_79
62
62
36_40_41
40
36_41
62
62
62
62
55
86_86
79_79
55
40_41
67
40_41
62
50
67
62
55
50
55
40_41
69
40_41
62
69
62
55
40_41
55
55
40_41
55
62
86_86
81_81
62
40_41
36
62
62
36_40_41
55
36_40
41
55
55
36_40_41
55
62
36_40_41
81_81_83_83
67
62
40_41
36
67
50
62
62
50
62
69
83_83
62
55_83_83
40_41
69
40_41_55
62
40_41_55
62
40_41
55
62
62
40_41_55
67
83_83
55
40_41_55
67
55
78_78
40_41_50
36_62
62
50
40_41
36_62
69
62
40_41
36
55
69
55
40_41
36
55
78_78_81_81
55
40
36_41
62
62
40_41
36
62
62
62
67
62
40_41
55
74_74
67
55
40
41
50
62
50
62
69
40_41
55
55
40_41
69
62
62
40
41_55
55
40
41_55
55
36_40_41
62
62
36
40_41
62
62
40_41
36
55
55
36_40_41
55
60
55
36_40_41
62
62
36_40_41
62
62
62
81_81
74_74
62
