61_64
66
63
64
37_37_49_49
37
73_80
78
83
78
75
76
61_64
37_37_49_61_64
37
66
61
64
61_61_61_66
63
56_56_64_64
35_37_47
59
36
48
61_64
56
61
37_49_73_80_88
64
80_85
64
80_81
62
76_80_80
37
60
80
73_80
64
81
37_80
64
37_73_80_88
80_85
64
80_81
62
76_80_80
37
60
80
80
64
73_81
80
64
73_80_88
37
80_85
64
80_81
62
76_80_80
37
60
80
80
64
73_81
80
64
37_80_80_88
80_85
64
80_81
37_62
73_80_92
60
80
80
76_81_85
64
80
56
61
37_64_73_80_88
80_85
64
73_80_81
37_80_80
62
80
60
80
64
76_81
80
64
37_73_80_88
80_85
64
73_80_81
37_62
80_80
60
80
80
64
76_81
80
64
73_80_88
37
80_85
64
73_80_81
62
80_80
37
60
80
80
64
76_81
80
64
37
80_80_88
80_85
64
80_81
62
73_80_92
37
80
60
80
64
76_81_85
80
37_56_61_64_73_73_80_88
64
80_85
64_80_81
62
37_73_73_80_80
60
80
80
75
64
76_81
80
73
37
56_64_73_80_88
71
80_85
64
80_81
62
37_73_80_80
68
60
80
80
64
81
80
64_71
73_80_88
37
80_85
64
80_81
71
62
37_73_80_80
60
80
80
73
64
76_81
80
68
64_80_80_88
37
80_85
64
80_81
62
73_80_92
37
60
80
80
66
64
76_81_85
68
45_57_80
57
66
64
57_61_64_73_80_88
33
80_85
64
80_81
66_73_80_80
62
33
80
60
80
68
64
76_81
68
80
61
64
73_80_88
33
80_85
64
80_81
62
33_73_80_80
60
80
80
66
64
76_81
68
42_54_80
54
64_66
73_80_88
30
80_85
64
80_81
66
30
73_80_80
62
80
60
80
68
64_76_81
80
61
80_80_88
64
30
80_85
64
80_81
30_62_73_80_92
80
60
80
64
76_81_85
37_56_80
61
64
49_64_73_73_80_88
64
37
80_85
64
80_81
37_73_80_80
62
73
80
60
80
75
76_81
64
80
76
64_73_80_88
37
75
80_85
64
80_81
62
73_80_80
37
73
60
80
80
71
64
76_81
80
64_71
37_73_80_88
80_85
64
80_81
71
62
37_73_80_80
60_80
80
73
64
76_81
80
68
64
37
80_80_88
80_85
64
80_81
62
73_80_92
37
60
80
80
64_66
76_81_85
68
45_57_80
57
66
73_80_88
64
33
80_85
64
80_81
33
73_80_80
62_66
60
80
80
68
64
76_81
80
71
64
33_73_80_88
80_85
64
80_81
68
62
33_73_80_80
60
80
80
64_66
76_81
68
42_54_61_80
54
66
30_64_73_80_88
80_85
64
80_81
66
30_73_80_80
62
80
60
80
68
64
76_81
80
61
30
80_80_88
64
80_85
64
80_81
62
73_80_92
30
60
80
80
64
76_81_85
80
61
64
64
37_37_49_56_64_73_73_80_88
80_85
64
80_81
62
37
73_80_80
60
80
73
80
64
75
76_81
80
76
64
37
73_80_88
75
80_85
64
80_81
62
73_80_80
37
73
80
60
80
71
64_76_81
80
73_80_88
64_71
37
80_85
64
80_81
71
62_73_80_80
37
60_80
80
73
64
76_81
80
68
64
37_80_80_88
80_85
64
80_81
62
37_73_80_92
60
80
80
66
64
76_81_85
68
80
57
66
45_57_73_80_88
64
33
80_85
64
80_81
62
33_73_80_80
66
60
80
80
64
68
76_81
80
71
64
33_73_80_88
80_85
64
80_81
68
62
33_73_80_80
60
80
80
64
66
76_81
68
80
54
66
64
30_42_54_73_80_88
80_85
64
80_81
62_66
73_80_80
30
60_80
80
68
64
76_81
80
30_61_80_80_88
64
80_85
64
80_81
62
73_80_92
30
60
80
80
64
76_81_85
80
49
64
68
68
37_49_61_80
37
80
68
64_68
81
37_80
62
60
80
80
69_69
64
81
80
68
68
64
80
37
80
64
81
62
80
37
66
66
60
80
80
64
81
80
64
37_80
80
64
64_64
81
62
37_80
64
64
60
80
80
66
66
64
81
80
64
64_64
80
37
80
63
63
64
81
37_62_80
61
61
80
60
80
64
81
80
68
68
37_37_49_56_80
64
80
68_68
64
81
37_62_80
60
80
80
69
69
64
81
80
68
64
68
37_80
80
64
81
62
80
37
66_66
60
80
80
64
81
80
64
80
37
80
64
64_64
81
62
80
37
64
64
60
80
80
66
66
64
81
80
64
64
64
80
37
80
64
63
63
81
62
37
80
61_61
47_60_80
80
64
35_81
80
61
61
37_37_49_56_61_73_80_88
64
80_85
64
80_81
62
37_76_80_80
60
80
73_80
64
81
80
64
73_80_88
37
80_85
64
80_81
62
37_76_80_80
60
80
80
64
73_81
80
64
37_73_80_88
80_85
64
80_81
62
76_80_80
37
60
80
73_80
64
81
80
64_80_80_88
37
80_85
64
80_81
62
37_73_80_92
60_80
80
64
76_81_85
80
61
64
37_56_61_73_80_88
64
37
80_85
64
80_81
73_80_80
62
37
60
80
80
64
76_81
80
64
73_80_88
37
80_85
64
80_81
62
37
73_80_80
60
80
80
64
76_81
80
64
37_73_80_88
80_85
64
80_81
62
73_80_80
37
60
80
80
64
81
80
64
80_80_88
37
80_85
64
80_81
62
37_73_80_92
60_80
80
64
76_81_85
80
73
64
37_37_49_56_61_64_73_80_88
80_85
64
73
80_81
62
37_73_80_80
60
73_80
80
75
64
76_81
80
73
64
37
73_80_88
71
80_85
64
80_81
37
73_80_80
62
68
60
80
80
64
76_81
80
71
64
37_73_80_88
80_85
64
80_81
71
62
73_80_80
37
60
80
80
73
64
76_81
80
68
37_80_80_88
64
80_85
64
80_81
62
73_80_92
37
60
80
80
66
64
76_81_85
68
80
57
64_66
45_57_64_73_80_88
33
80_85
64
80_81
66
62
76_80_80
33
60_80
80
68
64
73_81
80
71
73_80_88
64
33
80_80_85
64
81
68
62
33_76_80_80
60_80
80
64_66
73_81
68
80
54
64
30_42_54_66_73_80_88
80_85
64
80_81
66
62
30
73_80_80
60
76_80
80
64
68
73_81
80
64
61
80_80_88
30
80_85
64
80_81
62
30
73_80_92
60
80
80
64
76_81_85
80
61
64
73
37_37_49_56_64_73_80_88
64
80_85
80_81
64
37_62
73_80_80
60_80
73
80
64
76_81
75
80
76
73_80_88
64
37
75
80_85
64
80_81
62
37_76_80_80
73
60
80
80
71
64
73_81
80
71
73_80_88
37_64
80_85
64
80_81
71
37_62_76_80_80
60_80
80
73
64
73_81
80
68
37_80_80_88
64
80_85
64
80_81
62_73_80_80
37
60_80
80
64
76_81_92
80
57
73
64
45_57_73_80_88
33
80_85
64
80_81
33_73_80_80
62
80
60
80
71
64
76_81
80
68
64
73_80_88
33
80_85
64
81
62
33
73_80_80
64
60
80
80
64
76_81
80
54
66
64
30_42_54_73_80_88
80_85
64
80_81
62
30_73_80_80
60
80
80
64
76_81
73_80
75
64
80_80_88
30
80_85
64
80_81
75
62
73_80_92
30
60
80
80
75
76_81_85
64
80
61_64
37
49
73
64_80
80
64
81
63
37
80
60
80
80
64
81
37
80
57
68
45
64
33_80
80
64
81
63
80
33
60
80
80
64_81
33
80
59_63
71
47
80
64
35
80
81
64
80
63
35
60
80
80
81
64
35
80
80
64
35
80
81
64
80
63
35
80
60
80
81
64
35
80
61
56
49
80
76
64
37
80
81
64
80
63
37
80
60
80
75
81
37
64
80
37
73
80
64
80
81
64
37
63
80
68
60
80
80
37
64
81
80
45_57
71
64
33
80
80
64
81
63
80
33
60_80
80
81
64
33
80
64
64
80
33
80
64_81
64
33_80
63
60
80
80
71
64
81
33
80
56
52
40
68
64_80
28
80
81
64
80
63
28
60
80
80
28
64_81
80
64
28
80
64
80
64
81
28
63
80
60
80
80
64
81
28
80
57
45
80
64
33
80
81
64
33_80
63
80
60
80
33
64
81
80
59
47
54
64
80
35
80
64
81
63
80
35
75
60
80
80
75
64
81
35
80
49_75
61
37
64
80
64
73
80
64_81
63
80
37
60
80
80
37
73
64
81
80
37_64
80
80
64
81
63
80
37
68
60
80
80
64_81
37
80
59_63
47
71
35
80
64
80
64
81
63_80
35
80
60
80
35_64
81
80
64
64
80
35
80
64
81
64
35
63
80
60
80
80
71
35
64
81
80
49
61_64
64
37_68
80
80
64
81
37
63
80
60
80
80
37
64
81
80
57
45
64
33
80
64
80
64
81
63_80
33
80
60
80
64
81
33
80
63
59
47_64
66
80
35
80
64_81
63
80
35
60_80
80
81
64
35
80
80
64
35
80
64_81
35
80
63
60
80
80
81
64
35
80
56
61
49
76
37
80
64
80
64_81
80
63
37
60
80
80
75
37
64
81
80
73
64
37_80
80
64
81
37_63_80
68
60
80
80
64
81
37
80
57
45
71
64
33
80
80
64
81
63_80
33
60
80
80
64
33
81
80
64
64
80
33
80
64
81
64
63
80
33
60
80
80
71
64
81
33
80
56
52
40
28
80
64
80
81
64
28
80
63
80
60
80
28
81
64
80
64
28
80
64
80
64
81
63
80
28
60_80
80
64
81
28
80
57
45
64
33_80
80
64_81
33
63
80
60
80
80
33
64
81
80
54
59
47
35_64
80
80
64_81
35
63
80
75
60_80
80
35
75
64
81
80
37
49
56
75
37
88
64
64
80
73
85
80
80
64_64
81
37
80
63
62
80
73
60
60
80
80
73
64
64
81
37
80
88
64
64_80
37
85
80
80
64
64
81
80
63
80
62
37
60
80
60
80
73
64
81
64
37
80
88
80
37_64
64
85
80
64
64_81
80
62
63_80
80
37
60
80
60
80
64
73
37_81
64
80
88
64
64_80
37
85
80
80
64
64
81
92
62_63
80
37
60
60
80
80
85
64_64
37_81
80
64
87_88
64
80
37
85
80
80
64
81
64
80
63
62
80
37
60_80
60
80
73
64
64
81
37
80
88
64_64
37
80
85
80
80
64
64
81
80
63
62_80
37
60
60_80
80
73
64
64
37_81
80
88
64
37
64
80
85
80
80
64_64
81
80
63
37_62
80
60
60
80
80
73
64
64
37_81
80
88
64
64
37
80
85
80
80
64
64
81
92
62
63
80
37
71
60
60
80
80
85
73
64
64
81
37
80
56_80_88
61_64
37
80
85
80
80
64
81
80
62
80
37
60
80
80
73
64
81
37
80
88
64
80
37
85
80
80
64
81
80
62
37_80
76
60_80
78
80
80
75
73
64
37_81
80
57
73
88
33
64
80
85
80
80
64
81
33
80
62
80
60
80
80
33
64_73
81
80
88
64
80
33
80_85
80
64
81
62
80_92
33
71
60
80
80
64_73
85
81
28
80
56
61
64
80
80
88
37
80
85
81
64_80
80
62
80
37
60
80
80
64
73_81
37
80
80_88
64
37
85
80
80
64
81
80
62_80
37
76
60_80
78
80
80
78
73
64
75
81
37
80
57
73
64
88
33_80
85
80
80
64
81
80
33
80
62
60
80
80
73
64
81
33
80
88
64
80
33
85
80
80
64
81
92
62
80
33
71
60
80
80
73
85
64
81
28
80
56_61
80
88
64_80
37
80_85
80
64
81
62
80_80
37
60_80
80
64_73
81
37
80
88
64
80
37
85
80
80
64
81
80
37_80
62
76
60
80
78
80_80
75
73
64
37_81
80
57
73
88
64
80
33
85
80
64_80
81
80
62_80
33
60
80
80
64
73
81
33
80
64_80
88
33
80_85
64_80
81
62
33_92
80
71
73
60_78
80
80
28_64
85
81
76
77
80
56_61_73
88
37_64
80
85
80
80
64
81
80
62
37
80
60
80
80
73
64
81
37
80
88
64
80
37
85
80
80
64
81
80
62
80
37
60
80
80
73
64
81
37
80
88
64
80
37
85
80
64
80
81
62
37_80_80
60
80
80
64_73
37_81
80
88
64
80
37
85
80
80
64
81
92
62
37
80
60
80
80
85
64
37_81
80
44_49
88
64
80
37
85
80
64
80
81
62
80
80
37
60
80
80
73
64
81
37
80
88
64
80
37
85
80
80
64
81
80
62
80
37
60
80
80
73
64
81
37
80
64_88
80
37
85
80
80
64_81
80
62_80
37
80
60
80
64
73
81
37
80
64_88
80
37
85
80
80
64
81
62
80_92
37
60_80
80
85
81
64
37
80
37_56_61_64_73_80_88
64
61_73
80_85
61_73
64_80_81
37_62
73_80_80
61_73
60
80
80
63_75
64
76_81
80
61_73
37_56_64_73_80_88
59_71
80_85
64
80_81
62
73_80_80
37
56_68
60
80
80
64
81
80
59_71
64
73_80_88
37
80_85
64
80_81
62
73_80_80
37
60
80
59_71
80
61_73
64
76_81
56_68
80
64_80_80_88
37
80_85
64
80_81
62
37_73_80_92
60
80
80
64
76_81_85
45_57_80
57
54_66
64
57_61_64_73_80_88
33
80_85
64
80_81
54_66
33_73_80_80
62
80
60
80
56_68
64
76_81
80
49_61
64
73_80_88
33
49_61
80_85
64
80_81
62
33
73_80_80
60
80
80
54_66
64
76_81
56_68
42_54_80
54
54_66
64
30_73_80_88
80_85
64
80_81
54_66
73_80_80
62
30
80
60
80
56_68
64_76_81
80
49_61
30_80_80_88
64
80_85
64
80_81
62_73_80_92
30
80
60
80
64
76_81_85
37_56_80
61
64
61_73
49_64_73_80_88
64
37
80_85
64
80_81
61_73
37_73_80_80
62
80
60
80
76_81
64
80
61_73
63_75
64_76
37_64_73_80_88
63_75
80_85
64
80_81
62
61_73_73_80_80
37
60
80
80
59_71
64
76_81
80
59_71
64
73_80_88
37
80_85
64
80_81
59_71
62
73_80_80
37
60_80
80
61_73
64
76_81
80
56_68
64
80_80_88
37
80_85
64
80_81
62
73_80_92
37
60
80
80
54_64_66
76_81_85
56_68
45_57_80
57
54_66
33_73_80_88
64
80_85
64
80_81
33_73_80_80
62
60
80
80
64
54_66
76_81
56_68
80
59_71
64
33_73_80_88
80_85
64
80_81
56_68
62
33_73_80_80
60
80
80
54_66
64
76_81
56_68
42_54_61_80
54
54_66
30_64_73_80_88
80_85
64
80_81
54_66
73_80_80
62
30
80
60
80
56_68
64
76_81
80
49_61
80_80_88
64
30
80_85
64
80_81
62
73_80_92
30
60
80
80
64
76_81_85
80
61
64
61_64_73
37_37_49_56_64_73_80_88
80_85
64
80_81
62
37_73_80_80
60
80
80
61_73
64
76_81
63_75
80
64_76
64
37_73_80_88
63_75
80_85
64
80_81
37_62
73_80_80
61_73
80
60
80
59_71
64_76_81
80
59_71
37_73_80_88
64
80_85
64
80_81
59_71
62_73_80_80
37
60_80
80
61_73
64
76_81
80
64
80_80_88
37
56_68
80
64
80_81
62
37_73_80_92
60
80
80
64
76_81_85
80
57
61_73
45_57_73_80_88
64
33
80_85
64
80_81
62
73_80_80
33
60
80
80
59_71
64
76_81
80
56_68
64
73_80_88
33
80_85
64
80_81
62
73_80_80
33
52_64
60
80
80
64
76_81
80
54_66
54
64
30_42_54_73_80_88
80_85
64
80_81
62
73_80_80
30
60_80
80
64
76_81
80
75
30_80_80_88
64
80_85
64
80_81
62
30_73_80_92
75
60
80
80
75
64
76_81_85
80
61
64
37
73
64_80
80
64
81
63
37
80
60
80
80
64
81
37
80
57
68
45
64
80
33
80
64
81
63
80
33
60
80
80
64_81
33
80
59_63
47
71
80
64
35
80
81
64
80
63
35
60
80
80
81
35_64
80
80
64
35
80
81
64
80
63
35
80
60
80
81
64
35
80
61
56
49
76_80
64
37
80
81
64
80
63
37
80
60
80
75
81
37
64
80
73
37_80
64
80
81
64
37
63
80
68
60
80
80
37
64
81
80
45_57
71
64
33
80
80
64
81
63
80
33
60_80
80
81
64
33
80
64
64
80
33
80
64_81
64
33
80
63
60
80
80
71
64
81
33
80
56
52
40
68
64_80
28
80
81
64
80
63
28
60
80
80
28
64_81
80
64
28
80
64
80
64
81
28
63
80
60
80
80
64
81
28
80
57
45
80
64
33
80
81
64
33_80
63
80
60
80
33
64
81
80
59
47
54
64
80
35
80
64
81
63
80
35
75
60
80
80
75
64
81
35
80
49
75
61
37
64
80
64
80
73
64_81
63
80
37
60
80
80
73
37_64
81
80
37_64
80
80
64
81
63
80
37
68
60
80
80
64_81
37
80
59_63
47
71
35
80
64
80
64
81
35_63_80
80
60
80
35
64
81
80
64
64
80
35
80
64
81
35
63_64
80
60
80
80
69
35
64
81
80
49
61_64
68
64
37
80
80
64
81
37_63
80
60
80
80
37
64
81
80
57
45
64
80
64
33
80
64
81
63_80
33
80
60
80
64
81
33
80
63
59
47_64
66
80
35
80
64_81
63
80
35
60_80
80
81
64
35
80
80
64
35
80
64_81
35
80
63
60
80
80
35
81
64
80
56
61
49
76
37
80
64
80
64_81
80
37
63
60
80
80
37_75
64
81
80
73
37
64
80
80
64
81
63_80
37
68
60
80
80
64
81
37
80
57
45
71
64
33
80
80
64
81
63_80
33
60
80
80
33
64
81
80
64
64
80
33
80
64
81
64
63
80
33
60
80
80
71
64
33_81
80
56
52
40
68
28
80
64
80
81
64
28
80
63
80
60
80
28
81
64
80
64
28
80
64
80
64
81
28_63
80
60_80
80
64
81
28
80
57
45
64
80
33
80
64_81
33
63
80
60
80
80
33
64
81
80
54
59
47
35
64
80
80
64_81
35
63
80
75
60_80
80
75
35
64
81
80
37
49
56
75
37
37
88
64
64
80
73
85
80
80
64_64
81
80
63
62
80
73
60
60
80
80
73
64
64
81
80
88
64
64_80
85
80
80
64
64
81
80
63
80
62
60
80
60
80
73
64
81
64
80
88
80
64
64
85
80
64
64_81
80
62
63_80
80
60
80
60
80
64
73
81
64
80
88
64
64_80
85
80
80
64
64
81
92
62_63
80
60
60
80
80
85
64_64
81
80
64
87_88
64
80
85
80
80
64
81
64
80
63
62
80
60_80
60
80
73
64
64
81
80
88
64_64
80
85
80
80
64
64
81
80
63
62_80
60
60_80
80
73
64
64
81
80
88
64
64
80
85
80
80
64_64
81
80
63
62
80
60
60
80
80
73
64
64
81
80
88
64
64
80
85
80
80
64
64
81
92
62
63
80
71
60
60
80
80
85
73
64
64
81
80
37
56_80_88
61_64
80
85
80
80
64
81
80
62
80
60
80
80
73
64
81
80
88
64
80
85
80
80
64
81
80
62
80
76
60_80
78
80
80
75
73
64
81
80
57
45
43_73
88
64
80
85
80
80
64
81
80
62
80
60
80
80
64_73
81
80
88
64
80
80_85
80
64
81
62
80_92
71
40
60
80
80
64_73
85
81
37
80
56
61
64
80
80
88
80
85
81
64_80
80
62
80
60
80
80
64
73_81
80
80_88
64
85
80
80
64
81
80
62_80
76
60_80
78
80
80
78
73
64
75
81
80
57
45
73
64
88
80
85
80
80
64
81
80
80
62
60
80
80
73
64
81
80
88
64
80
85
80
80
64
81
92
62
80
40
71
60
80
80
73
85
64
81
80
37
56_61
80
88
64_80
80_85
80
64
81
62
80_80
60_80
80
64_73
81
80
88
64
80
85
80
80
64
81
80
80
62
76
60
80
78
80_80
75
73
64
81
80
57
45
73
88
64
80
85
80
64_80
81
80
62_80
60
80
80
64
73
81
80
64_80
88
80_85
64_80
81
62
92
80
71
40
73
60_78
80
80
64
85
81
76
77
80
37
56_61_73
88
64
80
85
80
80
64
81
37_80
62
80
60
80
80
73
64
81
37
80
88
64
80
37
85
80
80
64
81
80
37_62
80
60
80
80
73
64
81
37
80
88
64
80
37
85
80
64
80
81
62
37_80_80
60
80
80
64_73
37
81
80
88
64
80
37
85
80
80
64
81
92
62
37
80
47
35_60
80
80
85
64
81
37
80
49
44_49
37
88
64
80
37
85
80
64
80
81
62
80
80
37
60
80
80
73
64
81
37
80
88
64
80
37
85
80
80
64
81
80
62
80
37
60
80
80
73
64
81
37
80
64_88
80
37
85
80
80
64_81
80
62_80
37
80
60
80
64
73
81
37
80
64_88
80
37
85
80
80
64
81
62
80_92
37
60_80
80
85
81
37_64
80
73
61
73
73
64_80
37
80
64
81
76
62_85
37
80
60
80
80
80
64
81
80
73
37
64
80
80
64
81
85
37
62
80
60
80
80
64
80
81
80
75
37_73
80
80
78
64_81
37_85
62_80
80
60
80
80
64
81
80
76
73
64
80
37
80
64
81
75
85
37
62
80
60_80
80
80
71
81
64
80
64_73_75_80
37
80
64
81
62
37_80
85
60
80
80
64_73
80
81
80
73
37
73
64
80
80
64
81
85
37
62
80
60
80
80
80
64
81
80
73
37
80
80
64_81
37
85
62_80
80
60
80
64_80
81
80
64
80
37_73
80
64
81
85
62
80
37
60_80
80
80
81
64
80
73
64
37
64_73_80
88
80
76
64
81
62
85
80
37
60
80
80
80
64
81
80
73
64
37
80
80
64
81
85
62
80
37
60
80
80
80
64
81
80
75
87
73
37
80
80
78
64_81
85
37_62_80
80
60
80
80
64
81
80
76
78
73_80
64
37_80
80
64
81
78
76
75
85
62
80
37
60_80
80
76
71
80
81
64_71
73
80
75_75_85
73_75
64_80
37
80
64
81
85
62
80
37
60
80
80
73
80
64_73
73
81
80
73
73
73
73
64
37
80
80
64
81
85
62
37_80
60
80
80
64
80
81
80
73
37
80
80
64_81
85
62_80
37
80
60
80
80
64
81
80
73
64
80
37
80
64
81
85
62
80
37
60_80
80
80
81
64
80
76
73
64
64_73
73
73
37
85
64_80
80
88
76_76
64_76
81
62
85
80
37
60
80
80
80
64
81
80
37_73
64
80
80
64
81
85
62
80
37
60
80
80
64
80
81
80
59_71_75
75
63
75_87
35
73
80
80
78
78
78
64_81
85
62_80
35
80
60
80
80
64
81
80
76
76
64_73_80
80
35
80
64
81
75_75
78
85
62
80
35
60_80
80
73
71
80
81
64
73
80
61
75
68
75_85
37
61_73
64_75_80
80
64
81
62
85
80
37
60
80
80
73
73_73
64_80
81
80
73
73
73
73
64
37_80
80
64
81
85
37_62
80
60
80
80
64_80
81
80
59_59
71_75
71
73
71_78_83
35
80
80
64_81
85
62_80
35
80
60
80
64
81
80
80
64
80
35_73
80
64
81
62_85
80
35
60_80
80
80
81
64
80
61
73
76_76
73_73_73
61
73_88
37
64_80
80
76
64
81
62
85
80
37
60
80
80
80
64
81
80
37
73
64
80
80
64
81
85
37_62
80
60
80
80
80
64
81
75_80
59_71
75
71
59
87
73
75
71
80
35
80
64_81
85
62_80
35
80
60
80
64
80_81
80
64_73
78
35_78_80
80
64
81
76
76_85
62
80
35
60_80
80
80
73
81
64
80
73
61
61
68
73
75
64_73_80
37
85
80
64
81
62
80_85
37
60
80
80
80
64
73
81
80
73
73
64
37
80
80
64
81
85
37
62
80
60
80
80
80
64
81
80
59
83
71
71
35_73
83
80
80
64_81
85
62_80
35
80
60
80
80
64
81
80
71
73
64
35_80
80
64
81
85
62
80
35
73
60_80
80
80
81
64
80
85
88
61_76
73
73
37
88
73
64_80
80
64
81
85
62
37
80
60
80
80
80
64
81
80
73
64
37_80
80
64
81
85
62
80
37
60
80
80
64_80
81
80
71
87
83
59_75
87
71
35_73
80
80
64_81
85
62_80
35
80
80
60
80
80
64
81
80
73
78
35
64
80
80
64
81
85
76
62
80
35
60_80
80
75
80
81
64
80
68_85
61
85
73
49_73
56
73
73
64_80
37
80
64
81
62_85
80
37
60
80
80
80
64
81
80
73
37
64
80
80
64
81
85
62
80
37
60
80
80
80
64
81
80
73
80
37
80
64_81
85
62_80
37
80
60
80
80
64
81
80
73
37
64
80
80
64
81
85
62
80
37
60_80
80
80
81
64
80
73
49_61
56
37_56
73
81
73
73
75
73
71
68
71
71
73
68
45_52_66
66
68
61
61
66
68
42
49
66
66
68
61
61
59
37
61
