35_36
43
75
43
48
46
35_36
72
41
41
46
48
36
35
67
43
43
48
46
35_36
72
41
41
46
48
72
35_36
43
43
48
46
70
35_36
67
41
41
46
48
35
72
36
35
43
43
48
46
75
72
35_36
41
41
46
48
72
35
36
43
43
48
46
70
35_36
67
41
41
46
48
35
35
36
72
43
43
48
46
75
72
36
35
41
41
46
48
79
35
39
46
46
55
53
80
79
35
39
46
46
53
55
77
35
34
75
41
41
50
48
35
34
74
41
41
48
50
35
35_72
36
43
43
48
46
70
35_67
36
41
41
46
48
35
36
72
60
43
60
43
48
62
46
60
58
75
55
72
36
35
41
41
46
60
48
58
79
60
35
39
46
62
46
55
63
53
80
58
55
58
79
35
39
60
46
46
53
58
55
63
77
63
35
34
63
75
41
41
62
50
62
48
60
58
35
34
74
58
41
41
48
50
55
58
60
35
62
35_63_72
36
43
43
48
60
46
70
60
58
58
35_67
36
60
41
41
46
48
35
36
72
67
43
67
43
48
68
46
67
65
75
63
72
36
35
63
41
41
63
46
62
48
60
79
35
39_58
46
46
55
58
53
55
80
58
60
79
58
35
39
46
46
53
63
55
63
77
63
62
63
35
34
75
41
41
62
50
62
48
60
58
35
34
74
58
41
41
48
55
50
58
60
35
62
63
35_72
36
43
43
60
48
46
70
60
58
58
35_67
60
36
41
41
46
48
35_44
29
68
65
44
35_42_44
44
44
42_44
44
44
42_44_46
68
65
44
44
42_44
35_44_63
31_67
70
67
44
35_42_44_67
70
44
44
42_44
44
44
42_44_46
44
44
63
42_44
67
35_44
68
72
44
32
35_42_44
70
44
44
42_44
44
44
42_44_46
44
63
44
42_44
35_44
44
32
35_42_44
44
44
42_44
44
44
42_44_46
44
44
42_44
35_44
29
68
65
44
35_42_44
44
44
42_44
44
44
42_44_46
65_68
44
44
42_44
35_44_63
31
67_70
67
44
35_42_44_67
70
44
44
42_44
44
44
42_44_46
44
44
67
42_44
68
35_44
68
72
44
32
35_42_44
67
44
65
44
63
42_44
44
44
42_44_46
44
44
65
42_44
35_44
44
32
35_42_44
44
44
42_44
44
44
42_44_46
44
44
42_44
35_44
44
65
68
29
35_42_44
44
44
42_44
44
44
42_44_46
65
68
44
44
42_44
35_44
63
67
44
67
70
35_42_44
31
67
70
44
44
42_44
44
44
42_44_46
44
44
63
42_44
35_44
44
68
72
35_42_44_72
32
44
44
42_44
44
74
44
42_44_46
44
44
75
42_44
35_44
44
35_42_44
34
65
44
44
65
42_44
44
44
42_44_46
44
44
63
42_44
65
60
35
36
72
60
43
43
48_62
60
46
58
75
55
72
36
35
41
41
46
48
60
58
58
79
35
39_60
46
58
46
60
55
62
53
80
63
63
79
35
39
46
46
53
63
55
63
77
62
63
35
34
75
41
41
62
50_62
48
60
58
35_58
34
74
41
41
48
55
50
58
60
35
62
63
35_72
36
43
43
60
48
46
70
58
58
35_67
36
60
41
41
46
48
35
36_67
72
43
67
43
48
68
46
67
65
75
72
63
36
35
63
41
41
46
63
48
62
60
79
35
39
58
46
46
55
58
53
55
80
58
60
58_79
35
39
46
46
53
55
63
77
63
62
35
34_63
75
41
41
62
50
62
48
60
58
58
35
34
74
41
41
48
55
50
58
60
35
62
63
35_72
36
43
60
43
60
48
46
70
58
60
35_67
36
60
41
41
46
48
35_44
29
68
65
44
35_42_44
44
44
42_44
44
44
42_44_46
65
68
44
44
42_44
35_44_63
67
31
70
67
44
68
35_42_44_67
70
44
44
42_44
44
44
42_44_46
44
63
44
67
42_44
35_44
68
72
44_70
32
35_42_44
44
44
42_44
44
63
44
42_44_46
44
44
42_44
35_44
44
32
35_42_44
44
44
42_44
44
44
42_44_46
44
44
42_44
35_44
44
65
68
29
35_42_44
44
44
42_44
44
44
42_44_46
44
68
65
44
42_44
35_44_63
67
44
67
70
35_42_44
31
70
44_67
44
42_44
44
44
42_44_46
44
44
63
42_44
35_44
44
68
67_72
35_42_44
32
44
44
42_44
44
44
42_44_46
67
44
44
68
42_44
35_44
44
67
35_42_44
32
65
44
63
44
42_44
44
44
42_44_46
44
44
42_44
35_44
44
65
68
29
35_42_44
44
44
42_44
44
44
42_44_46
63
60
44
44
42_44
35_44
62
60
44
67
70
35_42_44
31
60
63
44
44
42_44
44
44
42_44_46
44
63
44
42_44
63
35_44
44
68
72
72
35_42_44
32
44
44
42_44
44
44
42_44_46
70
44
44
42_44
35_44
68
44_67
35_42_44
34
65
44
44
42_44
44
44
42_44_46
44
44
65
67
42_44
35_44
44
65
35_42_44
39
63
44
63
44
42_44
44
44
42_44_46
44
44
42_44
35_44
39_51_56_60_63
44
35_42_44
39_51_55_58_63
44
44
42_44
44
44
42_44_46
70
44
67
44
70
42_44
34_35_44
72
44
65
35_42_44
44
44
42_44
44
44
42_44_46
44
44
42_44
35_44
46_51_53_58
44
35_42_44
46_50_53_58
44
70
44
42_44
44
44
67
42_44_46
65
44
63
44
42_44
63
39
35_44
44
35_42_44
44
44
42_44
44
44
42_44_46
44
44
42_44
35_44_51_56_60_63
44
35_42_44
51_55_58_63
44
70
44
42_44
44
44
70
42_44_46
67
44
44
70
42_44
35_44_70
72
44
34
65
35_42_44
44
44
42_44
44
44
42_44_46
44
44
42_44
35_44
46_51_53_58
44
35_42_44
46_50_53_58
44
39_44_51_55_58
42_44
44
39_51_55_58_60
44
39_42_44_46_51_55_58_63
44
39
70
44_51_58_63_65
42_44
39
70
35_44_51
67
44
58_67
63_70
39
35_42_44
39_51
44
44
42_44
44
44
42_44_46
44
68
44
51
42_44
35_44
67
44
35_42_44
67
44
44
42_44
44
44
42_44_46
44
72
44
51_58_63_65
42_44
73
35_44_49_58_61
44
32
70
72
35_42_44
44_56_60_63
44
44
42_44
44
44
42_44_46
44
68
44
42_44
35_44
44
67
39
35_42_44
51_55_58_63
67
44
44
42_44
44
44
42_44_46
44
63
44
42_44
35_44
65
44
67
35_42_44
39
51_55_58_63
44
44
42_44
44
44
42_44_46
44
44
42_44
35_44
44
70
34_35_42_44
46_50_53_58
44
44
42_44
44
44
42_44_46
44
44
67
42_44
65
35_44
63
44
63
35_39_42_44
51_55_58_63
44
44
42_44
44
44
42_44_46
44
44
42_44
35_44
51_56_60_63
44
35_42_44
51_55_58_63
44
39_44_51_55_58
42_44
44
39_51_55_60
44
39_42_44_46_51_55_58_63
44
44
39_51_58_63_65
42_44
35_44_63
39_51_63_67
65
44
39
35_42_44
67
39_51_58_63_67
44
44
42_44
44
44
42_44_46
44
65
44
42_44
35_44
63
44
39
63
35_42_44
39_51_58_63_67
44
44
42_44
44
44
42_44_46
44
63
39
44
42_44
65
36
70
35_44
44
34
70
35_42_44
46_50_53_58
44
44
42_44
44
44
42_44_46
44
68
44
42_44
67
35_44
46_51_53_58
34
44
35_42_44_65
46_50_53_58
44
44
42_44
44
44
34
42_44_46
44
36
63
44
42_44
39
65
35_44
63
44
65
67
35_42_44
39
39_51_58_63_67
44
44
42_44
44
44
42_44_46
44
65
44
42_44
35_44
63
44
39
63
35_42_44
39_51_58_63_67
44
44
42_44
44
44
42_44_46
44
39
44
63
42_44
36
63
35_44
44
68
70
32
72
35_42_44
44_51_56_60
44
44
42_44
44
44
42_44_46
44
70
44
42_44
35_44
44_51_58_60
68
44
68
35_42_44
32
44_51_56_60
65
44
63
44
42_44
44
44
42_44_46
44
32
63
44
44_51_56_60
42_44
46
34
63
35_44
58
65
44
39
67
35_42_44
51_58_63_67
44
44
42_44
44
44
42_44_46
44
44_65
42_44
35_44
63
44
63
39
35_42_44
51_58_63_67
44
44
42_44
44
44
42_44_46
44
39
63
44
42_44
68
36
70
35_44
44
34
70
35_42_44
46_50_53_58
44
44
42_44
44
44
42_44_46
44
68
44
42_44
35_44
46_51_53_58
67
44
65
34
35_42_44
46_50_53_58
44
44
42_44
44
44
42_44_46
58
44
36
44
42_44
60
39
35_44
63
44
39
63
39
35_42_44
51_58_63_67
44
44
42_44
44
44
42_44_46
44
44
42_44
35_44
44
35_42_44
34_46_50_53_58
44
44
67
42_44
44
44
42_44_46
44
65
44
42_44_63
35_44
58
44
60
63
39
35_42_44
39_51_55_58_63
44
44
42_44
44
44
42_44_46
44
44
42_44
35_44
39_51_56_60_63
44
35_42_44
39_51_55_58_63
44
44
42_44
44
44
42_44_46
44
44
42_44
35
36
72
60
43
60
43
48
62
46
60
58
75
55
72
36
35
41
41
46
60
48
58
79
60
35
39
46
62
46
55
63
53
80
58
55
58
79
35
39
60
46
46
53
58
55
63
77
63
35
34
63
75
41
41
62
50
62
48
60
58
35
34
74
58
41
41
48
50
55
58
60
35
62
35_63_72
36
43
43
48
60
46
70
60
58
58
35_67
36
60
41
41
46
48
35_44
29
68
65
44
35_42_44
44
44
42_44
44
44
42_44_46
68
65
44
44
42_44
35_44_63
31_67
70
67
44
35_42_44_67
70
44
44
42_44
44
44
42_44_46
44
44
63
42_44
67
35_44
68
72
44
32
35_42_44
70
44
44
42_44
44
44
42_44_46
44
63
44
42_44
35_44
44
32
35_42_44
44
44
42_44
44
44
42_44_46
44
44
42_44
35_44
29
68
65
44
35_42_44
44
44
42_44
44
44
42_44_46
65_68
44
44
42_44
35_44
31
70
67
63
67
44
35_42_44
67_70
44
44
42_44
44
44
42_44_46
44
44
63
42_44
35_44
68
72
44
32
67
35_42_44
44
68
44
70
42_44
44
44
42_44_46
63
44
44
42_44
35_44
44
32
35_42_44
44
44
42_44
44
44
42_44_46
44
44
42_44
35_44
29
68
65
44
35_42_44
44
44
42_44
44
44
42_44_46
65
44
44
42_44
35_44
31
70
67
63
44
35_42_44
63
44
44
42_44
44
44
42_44_46
44
44
63
42_44
35_44
68
72
44
32
67
35_42_44
44
68
44
42_44
70
44
44
42_44_46
44
44
42_44
35_44
44
63
32
35_42_44
44
44
42_44
44
44
42_44_46
44
44
42_44
35_44
29
68
65
44
35_42_44
44
44
42_44
44
44
42_44_46
65
68
44
44
42_44
35_44
31
70
67
63_67
44
35_42_44
70
67
44
44
42_44
44
44
42_44_46
44
44
63
42_44
67
35_44
68
72
44
32
63
35_42_44
68
44
44
70
42_44
44
44
42_44_46
44
70
44
72
42_44
63
35_44
44
32
35_42_44
44
44
42_44
44
44
42_44_46
44
44
42_44
35_44
29
68
65
44
35_42_44
44
44
42_44
44
44
65_68
42_44_46
44
44
42_44
63
67
35_44
31
70
67
44
70
67
35_42_44
44
44
42_44
44
44
42_44_46
44
63
44
42_44
35_44
68
72
67
44
32
72
35_42_44
44
44
42_44
74
44
44
42_44_46
75
44
44
42_44
35_44
65
44
32
35_42_44
65
44
44
42_44
44
44
42_44_46
44
44
42_44
35_44
29
68
65
44
35_42_44
44
44
42_44
44
44
65
68
42_44_46
44
44
42_44
63
67
35_44
31
70
67
44
70
67
35_42_44
44
44
42_44
63
44
44
42_44_46
44
44
42_44
63
35_44
68
72
44
32
35_42_44
63
67
44
68
44
42_44
63
67
70
44
44
42_44_46
44
72
44
42_44
63
35_44
44
32
35_42_44
44
44
42_44
44
44
42_44_46
44
44
42_44
35_44
44
65
68
29
35_42_44
44
44
42_44
44
44
42_44_46
65
68
44
44
42_44
35_44
65
67
44
67
70
35_42_44
67_70
31
44
44
42_44
44
44
42_44_46
44
63
44
42_44
63
35_44
44
68
72_72
35_42_44
32
44
44
42_44
44
44
42_44_46
44
70
44
42_44
35_44
68
44
67
35_42_44
34
44
65
44
42_44
44
44
42_44_46
44
44
42_44
65
35_44_67
44
39
65
35_42_44
44
44
63
42_44
63
44
44
42_44_46
44
44
42_44
35_39_44
44
35_42_44
44
44
42_44
44
44
42_44_46
44
44
42_44
35_39_44
44
35_42_44
44
44
42_44
44
44
42_44_46
44
44
42_44
35
35
46
35
36
36
46
39
35
36
41
44
36
35
35
39
46
41
36
35
46
35
31
44
34
31
34
35
36
46
35
24_46
35
46
35
36
35
36
39
46
36
35
41
46
36
35
39
44
41
36
35
46
35
31
46
34
31
34
35
36
46
35
35
24
46
35
46
35_36
36
39
44
36
35
41
46
36
35
39
46
41
36
35
46
35
35
31
46
34
31
34
35
36
56
44_63
46
35
24
44
35
58
46_46
65
35_36
36
39
46
36
35
53
60
41
41_46
36
35
35
39
46
41
36
35
46
35
31
44
34
31
34
35
36
56
46
44
63
35
24
46
35
58
46_65
46
35
36
35_36
46
39
36
35
53_60
41
41
46
36
35
44
39
41
36
35
46
35
31
46
34
31
34
35
36
56
44
46_63
35
35
24
46
35
58
46
65
46
35
36
36
44
39
35
36
53
41_60
41_46
36
35
39
46
41
36
35
46
35
35
31
46
34
31
34
35
56
36
63
44_46
35
44
24
35
58
46_65
46
35_36
36
39
46
35_36
41_53
60
46
41
35_36
35
39_46
41
36
35
46
35
31
34
44
31
34
35
36
56
44
46_63
35
46
24
35
58
65
46_46
35
36
36
35
46
39
35_36
60
41_53
41_46
35_36
39
44
41
36
35
46
35
31
34
46
31
34
35
36
46
44
56
63
35
35
24_46
35
58
46_65
46
35
36
36
39_44
36
35
41
41_53_60
46
36
35
39
46
41
35_36
46
35
31
35
34_46
31
34
35
36
46
35
24
44
