35_35_36
36
35_35
35_35_36
36
35_35
35_35_36
35_35_36
35_35_36
35_35
36
36_42_48_48_63_70
70
44
42
36
44
42_70
42
70
36_42_44
42
36
44
38_42_70
70
38
44
42
48
44
48
36_41_42_70
42
70
36
42_44_55
63
42
44
42_56_70
55
70
44_58
42
56
44
58
36_42_63_70
42
70
36
63
42_44_51
42
44
38_42_70
70
38
44
42
44
42_70
42
70
42_44
42
44
36_42_70
70
51
44
42
36
41
44
42_44_56_60_70
42
70
44_60
36_42_44_56
42
36
44
38_42_44_56_60_70
70
38
36_44
60
56
42_44
36
44
35_35_42_70
42
70
38_42_44
35_35
42
44
38
35_35_42_70
42
35_35
70
35_35_42_43_44_55_59
42
44
59
35_35
55
43
36_42_70
42
70
36
43_44_55_59
42_44
59
42_55
43
38_42_70
70
38
36_42_44
36
44
36_42_70
42
70
36
42_44
42
44
36_42_48_63_70
70
44
42
36
44
42_70
42
70
36_42_44
42
36
44
38_42_70
70
38
44
42
48
44
36_41_42_70
42
70
63
36
42_44_55
42
44
42_56_70
55
70
44_58
42
56
44_58
36_42_63_70
42
70
63
36
42_44_51_52
52
42
44
38_42_70
70
38
44
42
44
42_70
42
70
42_44
42
44
36_42_70
41
70
51
44
42
36
44
42_44_56_60_70
42
70
44
36_42_44
60
56
42
36
44
38_42_44_56_60_70
70
38
60
36_44
44
42_56
36
44
35_35_42_70
42
70
38_42_44
35_35
42
44
38
35_35_42_70
42
35_35
70
35_35_42_43_44_55_59
42
44
59
35_35
55
43
36_42_70
42
70
36
43_44_55_59
42_44
59
42_55
43
38_42_70
70
38
36_42_44
36
44
36_42_70
42
70
36
42_44
42
44
36_36_42_48_63_70
70
44
36
42
36
44
42_70
42
70
36_36_42_44
42
44
36
38_42_70
36
70
38
44
42
48
44
29_36_41_42_70
42
70
63
36
42_44_55
42
29
44
42_56_70
70
55
44_58
42
44
56
58
36_42_63_70
42
70
36
63
42_44_51
42
44
38_42_70
70
38
44
42
44
29_42_70
42
70
31_42_44
29
42
44
31
32_36_42_70
70
44
32_42
36
41
44_51
42_44_56_60_70
42
70
32_36_42_44
44
60
56
42
36
44
32_38_42_44_56_60_70
70
38
36_44_60
56
42
36
44
44
31_35_35_42_70
42
70
38_42_44
31_35_35
42
44
38
35_35_42_70
42
35_35
70
35_35_42_43_44_55_59
42
44
35_35
43
59
36_42_70
55
42
70
36
43_44_55_59
42_44
59
42
55
35_38_42_43_70
70
38
36_42_44
36
44
36_42_70
42
70
36
42_44
42
44
35
36_36_42_48_63_70
70
44
36
42
36
44
42_70
42
70
36_36_42_44
42
44
36
38_42_70
36
70
38
44
42
48
44
29_36_41_42_43_70
42
70
36_63
42_44_55
29
42
43
44
42_56_70
70
44
55
42
56
44
36_42_63_70
42
70
36
63
42_44_51
42
44
38_42_70
70
38
44
42
44
29_42_70
42
70
31_42_44
29
42
44
31
32_36_42_70
41
70
32
44
42
36
51
44
42_44_56_60_70
42
70
32_36_42_44
44
60
56
42
36
44
32
38_42_44_56_60_70
70
38
36_44_60
56
42
36
44
44
31_35_35_42_70
42
70
31
38_42_44
35_35
42
44
38
35_35_42_70
42
35_35
70
35_35_42_43_44_55_59
42
44
35_35
43
59
36_42_70
55
42
70
36
43_44_55_59
42_44
59
42
55
35_38_42_43_70
70
38
36_42_44
36
44
36_42_70
42
70
36
35
42_44
42
44
36_36_42_48_63_70
70
44
36
42
36
44
42_70
42
70
36_36_42_44
42
44
36
38_42_70
36
70
38
44
42
48
44
29_36_41_42_70
42
70
63
36
42_44_55
42
29
44
42_56_70
70
55
44_58
42
44
56
58
36_42_63_70
42
70
36
63
42_44_51
42
44
38_42_70
70
38
44
42
44
29_42_70
42
70
31_42_44
29
42
44
31
32_36_42_70
70
44
32_42
36
41
44_51
42_44_56_60_70
42
70
32_36_42_44
44
60
56
42
36
44
32_38_42_44_56_60_70
70
38
36_44_60
56
42
36
44
44
31_35_35_42_70
42
70
38_42_44
31_35_35
42
44
38
35_35_42_70
42
35_35
70
35_35_42_43_44_55_59
42
44
35_35
43
59
36_42_70
55
42
70
36
43_44_55_59
42_44
59
42
55
35_38_42_43_70
70
38
36_42_44
36
44
36_42_70
42
70
36
42_44
42
44
35
36_36_42_48_63_70
70
44
36
42
36
44
42_70
42
70
36_36_42_44
42
44
36
38_42_70
36
70
38
44
42
48
44
29_36_41_42_43_70
42
70
36_63
42_44_55
29
42
43
44
42_56_70
70
44
55
42
56
44
36_42_63_70
42
70
36
63
42_44_51
42
44
38_42_70
70
38
44
42
44
29_42_70
42
70
31_42_44
29
42
44
31
32_36_42_70
41
70
32
44
42
36
51
44
42_44_56_60_70
42
70
32_36_42_44
44
60
56
42
36
44
32
38_42_44_56_60_70
70
38
36_44_60
56
42
36
44
44
31_35_35_42_70
42
70
31
38_42_44
35_35
42
44
38
35_35_42_70
42
35_35
70
35_35_42_43_44_55_59
42
44
35_35
43
59
36_42_70
55
42
70
36
43_44_55_59
42_44
59
42
55
35_38_42_43_70
70
38
36_42_44
36
44
36_42_70
42
70
36
35
42_44
42
44
36_36_42_48_63_70
70
44
36
42
36
44
42_70
42
70
36_36_42_44
42
44
36
38_42_70
36
70
38
44
42
48
44
29_36_41_42_70
42
70
63
36
42_44_55
42
29
44
42_56_70
70
55
44_58
42
44
56
58
36_42_63_70
42
70
36
63
42_44_51
42
44
38_42_70
70
38
44
42
44
29_42_70
42
70
31_42_44
29
42
44
31
32_36_42_70
70
44
32_42
36
41
44_51
42_44_56_60_70
42
70
32_36_42_44
44
60
56
42
36
44
32_38_42_44_56_60_70
70
38
36_44_60
56
42
36
44
44
31_35_35_42_70
42
70
38_42_44
31_35_35
42
44
38
35_35_42_70
42
35_35
70
35_35_42_43_44_55_59
42
44
35_35
43
59
36_42_70
55
42
70
36
43_44_55_59
42_44
59
42
55
35_38_42_43_70
70
38
36_42_44
36
44
36_42_70
42
70
36
42_44
42
44
35
36_36_42_48_63_70
70
44
36
42
36
44
42_70
42
70
36_36_42_44
42
44
36
38_42_70
36
70
38
44
42
48
44
29_36_41_42_43_70
42
70
36_63
42_44_55
29
42
43
44
42_56_70
70
44
55
42
56
44
36_42_63_70
42
70
36
63
42_44_51
42
44
38_42_70
70
38
44
42
44
29_42_70
42
70
31_42_44
29
42
44
31
32_36_42_70
41
70
32
44
42
36
51
44
42_44_56_60_70
42
70
32_36_42_44
44
60
56
42
36
44
32
38_42_44_56_60_70
70
38
36_44_60
56
42
36
44
44
31_35_35_42_70
42
70
31
38_42_44
35_35
42
44
38
35_35_42_70
42
35_35
70
35_35_42_43_44_55_59
42
44
35_35
43
59
36_42_70
55
42
70
36
43_44_55_59
42_44
59
42
55
35_38_42_43_70
70
38
36_42_44
36
44
36_42_70
42
70
36
35
42_44
42
44
36_42_70
70
44
36
42
44
42_70
42
70
36_42_44
42
44
42_70
36
70
44
42
44
42_70
42
70
42_44
42
44
42_70
70
44
42
44
42_70
42
70
42_44
42
44
38_42_70
70
38
44
42
44
29_42_70
42
70
31_42_44
29
42
44
31
32_36_42_70
70
44
32_42
36
44
42_70
42
70
32_36_42_44
42
36
44
32_38_42_70
70
38
36_44
42
36
44
31_35_35_42_70
42
70
38_42_44
31_35_35
42
44
38
35_35_42_70
42
35_35
70
35_35_42_44
42
44
35_35
36_42_70
42
70
36
44
42_44
42
35_38_42_70
70
38
36_42_44
36
44
36_42_70
42
70
36
42_44
42
44
35
36_36_42_70
70
44
36
42
36
44
42_70
42
70
36_36_42_44
42
44
36
38_42_70
36
70
38
44
42
44
36_42_70
42
70
36
42_44
42
44
42_70
70
44
42
44
36_42_70
42
70
36
42_44
42
44
38_42_70
70
38
44
42
44
29_42_70
42
70
31_42_44
29
42
44
31
32_36_42_70
70
32
44
42
36
44
42_70
42
70
32_36_42_44
42
36
44
32
38_42_70
70
38
36_44
42
36
44
31_35_35_42_70
42
70
31
38_42_44
35_35
42
44
38
35_35_42_70
42
35_35
70
35_35_42_44
42
44
35_35
36_42_70
42
70
36
44
42_44
42
35_38_42_70
70
38
36_42_44
36
44
36_42_70
42
70
36
35
42_44
42
44
36_36_42_70
70
44
36
42
36
44
42_70
42
70
36_36_42_44
42
44
36
38_42_70
36
70
38
44
42
44
36_42_70
42
70
36
42_44
42
44
42_70
70
44
42
44
36_42_70
42
70
36
42_44
42
44
38_42_70
70
38
44
42
44
29_42_70
42
70
31_42_44
29
42
44
31
32_36_42_70
70
32
44
42
36
44
42_70
42
70
32_36_42_44
42
36
44
32
38_42_70
70
38
36_44
42
36
44
31_35_35_42_70
42
70
31
38_42_44
35_35
42
44
38
35_35_42_70
42
35_35
70
35_35_42_44
42
44
35_35
36_42_70
42
70
36
44
42_44
42
35_38_42_70
70
38
36_42_44
36
44
36_42_70
42
70
36
35
42_44
42
44
36_36_42_70
70
44
36
42
36
44
42_70
42
70
36_36_42_44
42
44
36
38_42_70
36
70
38
44
42
44
36_42_70
42
70
36
42_44
42
44
42_70
70
44
42
44
36_42_70
42
70
36
42_44
42
44
38_42_70
70
38
44
42
44
29_42_70
42
70
31_42_44
29
42
44
31
32_36_42_70
70
32
44
42
36
44
42_70
42
70
32_36_42_44
42
36
44
32
38_42_70
70
38
36_44
42
36
44
31_35_35_42_70
42
70
31
38_42_44
35_35
42
44
38
35_35_42_70
42
35_35
70
35_35_42_44
42
44
35_35
36_42_70
42
70
36
44
42_44
42
35_38_42_70
70
38
36_42_44
36
44
36_42_70
42
70
36
35
42_44
42
44
36_36_42_48_63_70
70
44
36
42
36
44
42_70
42
70
36_36_42_44
42
44
36
38_42_70
36
70
38
44
42
48
44
29_36_41_42_70
42
70
63
36
42_44_55
42
29
44
42_56_70
70
55
44_58
42
44
56
58
36_42_63_70
42
70
36
63
42_44_51
42
44
38_42_70
70
38
44
42
44
29_42_70
42
70
31_42_44
29
42
44
31
32_36_42_70
70
44
32_42
36
41
44_51
42_44_56_60_70
42
70
32_36_42_44
44
60
56
42
36
44
32_38_42_44_56_60_70
70
38
36_44_60
56
42
36
44
44
31_35_35_42_70
42
70
38_42_44
31_35_35
42
44
38
35_35_42_70
42
35_35
70
35_35_42_43_44_55_59
42
44
35_35
43
59
36_42_70
55
42
70
36
43_44_55_59
42_44
59
42
55
35_38_42_43_70
70
38
36_42_44
36
44
36_42_70
42
70
36
42_44
42
44
35
36_36_42_48_63_70
70
44
36
42
36
44
42_70
42
70
36_36_42_44
42
44
36
38_42_70
36
70
38
44
42
48
44
29_36_41_42_43_70
42
70
36_63
42_44_55
29
42
43
44
42_56_70
70
44
55
42
56
44
36_42_63_70
42
70
36
63
42_44_51
42
44
38_42_70
70
38
44
42
44
29_42_70
42
70
31_42_44
29
42
44
31
32_36_42_70
41
70
32
44
42
36
51
44
42_44_56_60_70
42
70
32_36_42_44
44
60
56
42
36
44
32
38_42_44_56_60_70
70
38
36_44_60
56
42
36
44
44
31_35_35_42_70
42
70
31
38_42_44
35_35
42
44
38
35_35_42_70
42
35_35
70
35_35_42_43_44_55_59
42
44
35_35
43
59
36_42_70
55
42
70
36
43_44_55_59
42_44
59
42
55
35_38_42_43_70
70
38
36_42_44
36
44
36_42_70
42
70
36
35
42_44
42
44
36_36_42_48_63_70
70
44
36
42
36
44
42_70
42
70
36_36_42_44
42
44
36
38_42_70
36
70
38
44
42
48
44
29_36_41_42_70
42
70
63
36
42_44_55
42
29
44
42_56_70
70
55
44_58
42
44
56
58
36_42_63_70
42
70
36
63
42_44_51
42
44
38_42_70
70
38
44
42
44
29_42_70
42
70
31_42_44
29
42
44
31
32_36_42_70
70
44
32_42
36
41
44_51
42_44_56_60_70
42
70
32_36_42_44
44
60
56
42
36
44
32_38_42_44_56_60_70
70
38
36_44_60
56
42
36
44
44
31_35_35_42_70
42
70
38_42_44
31_35_35
42
44
38
35_35_42_70
42
35_35
70
35_35_42_43_44_55_59
42
44
35_35
43
59
36_42_70
55
42
70
36
43_44_55_59
42_44
59
42
55
35_38_42_43_70
70
38
36_42_44
36
44
36_42_70
42
70
36
42_44
42
44
35
36_36_42_48_63_70
70
44
36
42
36
44
42_70
42
70
36_36_42_44
42
44
36
38_42_70
36
70
38
44
42
48
44
29_36_41_42_43_70
42
70
36_63
42_44_55
29
42
43
44
42_56_70
70
44
55
42
56
44
36_42_63_70
42
70
36
63
42_44_51
42
44
38_42_70
70
38
44
42
44
29_42_70
42
70
31_42_44
29
42
44
31
32_36_42_70
41
70
32
44
42
36
51
44
42_44_56_60_70
42
70
32_36_42_44
44
60
56
42
36
44
32
38_42_44_56_60_70
70
38
36_44_60
56
42
36
44
44
31_35_35_42_70
42
70
31
38_42_44
35_35
42
44
38
35_35_42_70
42
35_35
70
35_35_42_43_44_55_59
42
44
35_35
43
59
36_42_70
55
42
70
36
43_44_55_59
42_44
59
42
55
35_38_42_43_70
70
38
36_42_44
36
44
36_42_70
42
70
36
35
42_44
42
44
42_70
70
44
42
44
42_70
42
70
42_44
42
44
42_70
70
44
42
44
42_70
42
70
42_44
42
44
42_70
70
44
42
44
42_70
42
70
42_44
42
44
38_42_70
70
38
44
42
44
42_70
42
70
42_44
42
44
36_42_70
70
44
42
36
44
42_70
42
70
36_42_44
42
36
44
38_42_70
70
38
36_44
42
36
44
35_35_42_70
42
70
38_42_44
35_35
42
44
38
35_35_42_70
42
35_35
70
35_35_42_44
42
44
35_35
36_42_70
42
70
36
44
42_44
42
38_42_70
70
38
36_42_44
36
44
36_42_70
42
70
36
42_44
42
44
36_42_70
70
44
42
36
44
42_70
42
70
36_42_44
42
44
36
38_42_70
70
38
44
42
44
36_42_70
42
70
36
42_44
42
44
42_70
70
44
42
44
36_42_70
42
70
36
42_44
42
44
38_42_70
70
38
44
42
44
42_70
42
70
42_44
42
44
36_42_70
70
44
42
36
44
42_70
42
70
36_42_44
42
36
44
38_42_70
70
38
36_44
42
36
44
35_35_42_70
42
70
38_42_44
35_35
42
44
38
35_35_42_70
42
35_35
70
35_35_42_44
42
44
35_35
36_42_70
42
70
36
44
42_44
42
35_38_42_70
70
38
36_42_44
36
44
36_42_70
42
70
36
35
42_44
42
44
36_36_42_70
70
44
36
42
36
44
42_70
42
70
36_36_42_44
42
44
36
38_42_70
36
70
38
44
42
44
36_42_70
42
70
36
42_44
42
44
42_70
70
44
42
44
36_42_70
42
70
36
42_44
42
44
38_42_70
70
38
44
42
44
29_42_70
42
70
31_42_44
29
42
44
31
32_36_42_70
70
32
44
42
36
44
42_70
42
70
32_36_42_44
42
36
44
32
38_42_70
70
38
36_44
42
36
44
31_35_35_42_70
42
70
31
38_42_44
35_35
42
44
38
35_35_42_70
42
35_35
70
35_35_42_44
42
44
35_35
36_42_70
42
70
36
44
42_44
42
35_38_42_70
70
38
36_42_44
36
44
36_42_70
42
70
36
35
42_44
42
44
36_36_42_70
70
44
36
42
36
44
42_70
42
70
36_36_42_44
42
44
36
38_42_70
36
70
38
44
42
44
36_42_70
42
70
36
42_44
42
44
42_70
70
44
42
44
36_42_70
42
70
36
42_44
42
44
38_42_70
70
38
44
42
44
29_42_70
42
70
31_42_44
29
42
44
31
32_36_42_70
70
32
44
42
36
44
42_70
42
70
32_36_42_44
42
36
44
32
38_42_70
70
38
36_44
42
36
44
31_35_35_42_70
42
70
31
38_42_44
35_35
42
44
38
35_35_42_70
42
35_35
70
35_35_42_44
42
44
35_35
36_42_70
42
70
36
44
42_44
42
35_38_42_70
70
38
36_42_44
36
44
36_42_70
42
70
36
35
42_44
42
44
36_36_42_48_63_70
70
44
36
42
36
44
42_70
42
70
36_36_42_44
42
44
36
38_42_70
36
70
38
44
42
48
44
29_36_41_42_70
42
70
63
36
42_44_55
42
29
44
42_56_70
70
55
44_58
42
44
56
58
36_42_63_70
42
70
36
63
42_44_51
42
44
38_42_70
70
38
44
42
44
29_42_70
42
70
31_42_44
29
42
44
31
32_36_42_70
70
44
32_42
36
41
44_51
42_44_56_60_70
42
70
32_36_42_44
44
60
56
42
36
44
32_38_42_44_56_60_70
70
38
36_44_60
56
42
36
44
44
31_35_35_42_70
42
70
38_42_44
31_35_35
42
44
38
35_35_42_70
42
35_35
70
35_35_42_43_44_55_59
42
44
35_35
43
59
36_42_70
55
42
70
36
43_44_55_59
42_44
59
42
55
35_38_42_43_70
70
38
36_42_44
36
44
36_42_70
42
70
36
42_44
42
44
35
36_36_42_48_63_70
70
44
36
42
36
44
42_70
42
70
36_36_42_44
42
44
36
38_42_70
36
70
38
44
42
48
44
29_36_41_42_43_70
42
70
36_63
42_44_55
29
42
43
44
42_56_70
70
44
55
42
56
44
36_42_63_70
42
70
36
63
42_44_51
42
44
38_42_70
70
38
44
42
44
29_42_70
42
70
31_42_44
29
42
44
31
32_36_42_70
41
70
32
44
42
36
51
44
42_44_56_60_70
42
70
32_36_42_44
44
60
56
42
36
44
32
38_42_44_56_60_70
70
38
36_44_60
56
42
36
44
44
31_35_35_42_70
42
70
31
38_42_44
35_35
42
44
38
35_35_42_70
42
35_35
70
35_35_42_43_44_55_59
42
44
35_35
43
59
36_42_70
55
42
70
36
43_44_55_59
42_44
59
42
55
35_38_42_43_70
70
38
36_42_44
36
44
36_42_70
42
70
36
35
42_44
42
44
36_36_42_48_63_70
70
44
36
42
36
44
42_70
42
70
36_36_42_44
42
44
36
38_42_70
36
70
38
44
42
48
44
29_36_41_42_70
42
70
63
36
42_44_55
42
29
44
42_56_70
70
55
44_58
42
44
56
58
36_42_63_70
42
70
36
63
42_44_51
42
44
38_42_70
70
38
44
42
44
29_42_70
42
70
31_42_44
29
42
44
31
32_36_42_70
70
44
32_42
36
41
44_51
42_44_56_60_70
42
70
32_36_42_44
44
60
56
42
36
44
32_38_42_44_56_60_70
70
38
36_44_60
56
42
36
44
44
31_35_35_42_70
42
70
38_42_44
31_35_35
42
44
38
35_35_42_70
42
35_35
70
35_35_42_43_44_55_59
42
44
35_35
43
59
36_42_70
55
42
70
36
43_44_55_59
42_44
59
42
55
35_38_42_43_70
70
38
36_42_44
36
44
36_42_70
42
70
36
42_44
42
44
35
36_36_42_48_63_70
70
44
36
42
36
44
42_70
42
70
36_36_42_44
42
44
36
38_42_70
36
70
38
44
42
48
44
29_36_41_42_43_70
42
70
36_63
42_44_55
29
42
43
44
42_56_70
70
44
55
42
56
44
36_42_63_70
42
70
36
63
42_44_51
42
44
38_42_70
70
38
44
42
44
29_42_70
42
70
31_42_44
29
42
44
31
32_36_42_70
41
70
32
44
42
36
51
44
42_44_56_60_70
42
70
32_36_42_44
44
60
56
42
36
44
32
38_42_44_56_60_70
70
38
36_44_60
56
42
36
44
44
31_35_35_42_70
42
70
31
38_42_44
35_35
42
44
38
35_35_42_70
42
35_35
70
35_35_42_43_44_55_59
42
44
35_35
43
59
36_42_70
55
42
70
36
43_44_55_59
42_44
59
42
55
35_38_42_43_70
70
38
36_42_44
36
44
36_42_70
42
70
36
35
42_44
42
44
36_42_44_56_60_63_70
70
44
42
56
36
44
42_70
63
60
42
56_70
36_42_44_60
42
36_44
44
38_42_44_70
70
60
38
44_63
42
44
36_42_70
63
42_56
70
44
36
42_44_46_58_62_65
42
44
42_70
70
44
42
44
36_42_70
58
42
70
36
62
42_44_58_62
42
44
38_42_70
46
70
38
44_46
42
58
65
44
62
42_58_70
42
70
42_44_62_65
42
44
65
46
36_42_47_70
58
62
70
44
42
36
44
42_68_70
42
70
68
36_42_44_67_68
68
42
36
44
47
38_42_70
70
47
38
36_44_65
42
67
36
44
35_35_42_70
42
70
65
47
38_42_44_48_63
35_35
42
44
38
35_35_42_70
42
35_35
70
35_35_42_44
42
44
35_35
36_42_70
42
70
36
48
44_48
42_44
63
42
38_42_62_70
70
38
36_42_44
36
44
36_42_70
62
42
70
36
48
42_44
42
44
36_37_42_54_58_63_70
70
44
42
36
44
42_70
42
63
70
58
54
32_36_42_44_54_58_63
37
42
63
58
54
36
44
38_42_70
70
38
44_54
42
44
54
36_42_58_70
58
42
70
32
36
25_42_44_63
42_63
44
42_70
70
44_54_58_63
42
44
36_42_70
42
70
54
36
58
63
42_44
42
54
44
38_42_58_70
58
58
70
54_58
38
44_63
42
44
25
36_42_70
42
63
36
70
42_44_53
42
53
44
34_36_42_53_56_60_61_63_70
70
44
42
36
44
61
42_70
42
63
56_60
53
70
30_34_36_42_44_53_56_60_63
30
42
36
60
29_56
44
53
63
38_42_70
70
38
36_44_53
42
36
44
35_35_42_56_70
42
53
56_70
22_38_42_44_56_60
35_35
56
29
42
44
38
60
35_35_42_53_70
42
35_35
70
53
35_35_42_44_63
42
44
63
35_35
36_42_53_70
42
70
36
53
44_65
42_44
42
38_42_70
70
38
36_42_44
36
44
65
36_42_63_70
42
63
70
36
22
42_44
42
44
36_42_44_56_60_63_70
70
44
42
56
36
44
42_70
63
60
42
56_70
36_42_44_60
42
36_44
44
38_42_44_70
70
60
38
44_63
42
44
36_42_70
63
42_56
70
44
36
42_44_46_58_62_65
42
44
42_70
70
44
42
44
36_42_70
58
42
70
36
62
42_44_58_62
42
44
38_42_70
46
70
38
44_46
42
58
65
44
62
42_58_70
42
70
42_44_62_65
42
44
65
46
36_42_47_70
58
62
70
44
42
36
44
42_68_70
42
70
68
36_42_44_67_68
68
42
36
44
47
38_42_70
70
47
38
36_44_65
42
67
36
44
35_35_42_70
42
70
65
47
38_42_44_48_63
35_35
42
44
38
35_35_42_70
42
35_35
70
35_35_42_44
42
44
35_35
36_42_70
42
70
36
48
44_48
42_44
63
42
38_42_62_70
70
38
36_42_44
36
44
36_42_70
62
42
70
36
48
42_44
42
44
36_37_42_54_58_63_70
70
44
42
36
44
42_70
42
63
70
58
54
32_36_42_44_54_58_63
37
42
63
58
54
36
44
38_42_70
70
38
44_54
42
44
54
36_42_58_70
58
42
70
32
36
25_42_44_63
42_63
44
42_70
70
44_54_58_63
42
44
36_42_70
42
70
54
36
58
63
42_44
42
54
44
38_42_58_70
58
58
70
54_58
38
44_63
42
44
25
36_42_70
42
63
36
70
42_44_53
42
53
44
34_36_42_53_56_60_61_63_70
70
44
42
36
44
61
42_70
42
63
56_60
53
70
30_34_36_42_44_53_56_60_63
30
42
36
60
29_56
44
53
63
38_42_70
70
38
36_44
42
36
44
35_35_42_70
42
70
22_38_42_44
35_35
29
42
44
38
35_35_42_70
42
35_35
70
42_44
42
44
35_35_36_42_70
42
70
36
35_35
44
42_44
42
35_35_42_70
70
35_35
42_44
44
35_35_36_42_70
42
35_35
70
36
22
42_44
42
44
36_42_70
70
44
36
42
44
42_70
42
70
36_42_44
42
44
42_70
36
70
44
42
44
42_70
42
70
42_44
42
44
42_70
70
44
42
44
42_70
42
70
42_44
42
44
38_42_70
70
38
44
42
44
29_42_70
42
70
31_42_44
29
42
44
31
32_36_42_70
70
44
32_42
36
44
42_70
42
70
32_36_42_44
42
36
44
32_38_42_70
70
38
36_44
42
36
44
31_35_35_42_70
42
70
38_42_44
31_35_35
42
44
38
35_35_42_70
42
35_35
70
35_35_42_44
42
44
35_35
36_42_70
42
70
36
44
42_44
42
35_38_42_70
70
38
36_42_44
36
44
36_42_70
42
70
36
42_44
42
44
35
36_36_42_70
70
44
36
42
36
44
42_70
42
70
36_36_42_44
42
44
36
38_42_70
36
70
38
44
42
44
36_42_70
42
70
36
42_44
42
44
42_70
70
44
42
44
36_42_70
42
70
36
42_44
42
44
38_42_70
70
38
44
42
44
29_42_70
42
70
31_42_44
29
42
44
31
32_36_42_70
70
32
44
42
36
44
42_70
42
70
32_36_42_44
42
36
44
32
38_42_70
70
38
36_44
42
36
44
31_35_35_42_70
42
70
31
38_42_44
35_35
42
44
38
35_35_42_70
42
35_35
70
35_35_42_44
42
44
35_35
36_42_70
42
70
36
44
42_44
42
35_38_42_70
70
38
36_42_44
36
44
36_42_70
42
70
36
35
42_44
42
44
36_36_42_70
70
44
36
42
36
44
42_70
42
70
36_36_42_44
42
44
36
38_42_70
36
70
38
44
42
44
36_42_70
42
70
36
42_44
42
44
42_70
70
44
42
44
36_42_70
42
70
36
42_44
42
44
38_42_70
70
38
44
42
44
29_42_70
42
70
31_42_44
29
42
44
31
32_36_42_70
70
32
44
42
36
44
42_70
42
70
32_36_42_44
42
36
44
32
38_42_70
70
38
36_44
42
36
44
31_35_35_42_70
42
70
31
38_42_44
35_35
42
44
38
35_35_42_70
42
35_35
70
35_35_42_44
42
44
35_35
36_42_70
42
70
36
44
42_44
42
35_38_42_70
70
38
36_42_44
36
44
36_42_70
42
70
36
35
42_44
42
44
36_36_42_70
70
44
36
42
36
44
42_70
42
70
36_36_42_44
42
44
36
38_42_70
36
70
38
44
42
44
36_42_70
42
70
36
42_44
42
44
42_70
70
44
42
44
36_42_70
42
70
36
42_44
42
44
38_42_70
70
38
44
42
44
29_42_70
42
70
31_42_44
29
42
44
31
32_36_42_70
70
32
44
42
36
44
42_70
42
70
32_36_42_44
42
36
44
32
38_42_70
70
38
36_44
42
36
44
31_35_35_42_70
42
70
31
38_42_44
35_35
42
44
38
35_35_42_70
42
35_35
70
35_35_42_44
42
44
35_35
36_42_70
42
70
36
44
42_44
42
35_38_42_70
70
38
36_42_44
36
44
36_42_70
42
70
36
35
42_44
42
44
36_36_42_48_63_70
70
44
36
42
36
44
42_70
42
70
36_36_42_44
42
44
36
38_42_70
36
70
38
44
42
48
44
29_36_41_42_70
42
70
63
36
42_44_55
42
29
44
42_56_70
70
55
44_58
42
44
56
58
36_42_63_70
42
70
36
63
42_44_51
42
44
38_42_70
70
38
44
42
44
29_42_70
42
70
31_42_44
29
42
44
31
32_36_42_70
70
44
32_42
36
41
44_51
42_44_56_60_70
42
70
32_36_42_44
44
60
56
42
36
44
32_38_42_44_56_60_70
70
38
36_44_60
56
42
36
44
44
31_35_35_42_70
42
70
38_42_44
31_35_35
42
44
38
35_35_42_70
42
35_35
70
35_35_42_43_44_55_59
42
44
35_35
43
59
36_42_70
55
42
70
36
43_44_55_59
42_44
59
42
55
35_38_42_43_70
70
38
36_42_44
36
44
36_42_70
42
70
36
42_44
42
44
35
36_36_42_48_63_70
70
44
36
42
36
44
42_70
42
70
36_36_42_44
42
44
36
38_42_70
36
70
38
44
42
48
44
29_36_41_42_43_70
42
70
36_63
42_44_55
29
42
43
44
42_56_70
70
44
55
42
56
44
36_42_63_70
42
70
36
63
42_44_51
42
44
38_42_70
70
38
44
42
44
29_42_70
42
70
31_42_44
29
42
44
31
32_36_42_70
41
70
32
44
42
36
51
44
42_44_56_60_70
42
70
32_36_42_44
44
60
56
42
36
44
32
38_42_44_56_60_70
70
38
36_44_60
56
42
36
44
44
31_35_35_42_70
42
70
31
38_42_44
35_35
42
44
38
35_35_42_70
42
35_35
70
35_35_42_43_44_55_59
42
44
35_35
43
59
36_42_70
55
42
70
36
43_44_55_59
42_44
59
42
55
35_38_42_43_70
70
38
36_42_44
36
44
36_42_70
42
70
36
35
42_44
42
44
36_36_42_48_63_70
70
44
36
42
36
44
42_70
42
70
36_36_42_44
42
44
36
38_42_70
36
70
38
44
42
48
44
29_36_41_42_70
42
70
63
36
42_44_55
42
29
44
42_56_70
70
55
44_58
42
44
56
58
36_42_63_70
42
70
36
63
42_44_51
42
44
38_42_70
70
38
44
42
44
29_42_70
42
70
31_42_44
29
42
44
31
32_36_42_70
70
44
32_42
36
41
44_51
42_44_56_60_70
42
70
32_36_42_44
44
60
56
42
36
44
32_38_42_44_56_60_70
70
38
36_44_60
56
42
36
44
44
31_35_35_42_70
42
70
38_42_44
31_35_35
42
44
38
35_35_42_70
42
35_35
70
35_35_42_43_44_55_59
42
44
35_35
43
59
36_42_70
55
42
70
36
43_44_55_59
42_44
59
42
55
35_38_42_43_70
70
38
36_42_44
36
44
36_42_70
42
70
36
42_44
42
44
35
36_36_42_48_63_70
70
44
36
42
36
44
42_70
42
70
36_36_42_44
42
44
36
38_42_70
36
70
38
44
42
48
44
29_36_41_42_43_70
42
70
36_63
42_44_55
29
42
43
44
42_56_70
70
44
55
42
56
44
36_42_63_70
42
70
36
63
42_44_51
42
44
38_42_70
70
38
44
42
44
29_42_70
42
70
31_42_44
29
42
44
31
32_36_42_70
41
70
32
44
42
36
51
44
42_44_56_60_70
42
70
32_36_42_44
44
60
56
42
36
44
32
38_42_44_56_60_70
70
38
36_44_60
56
42
36
44
44
31_35_35_42_70
42
70
31
38_42_44
35_35
42
44
38
35_35_42_70
42
35_35
70
35_35_42_43_44_55_59
42
44
35_35
43
59
36_42_70
55
42
70
36
43_44_55_59
42_44
59
42
55
35_38_42_43_70
70
38
36_42_44
36
44
36_42_70
42
70
36
35
42_44
42
44
