45_48_52
60
64
45
52
60
64
45_48
45
48
52
60
64
48
59
64
52_55
48
48
48
52_55_59
64
48
48
52
55
59
64
45
54
59_62
66
54
59_62
66
54
62
59
66
62_66
57
62
57_66
45
66
62
57
54
45_48_52
60
64
45
45
48
52
60
64
45
48
52
60
64
48
52
55
59
64
48
48
48
52
55
59
64
48
48
52
55
59
64
45
54
59_62
66
54
59_62
66
54
62
59
66
62_66
57
62
57_66
45
54
57
62
66
62_66
57
36
62
57_66
38
42_45
38
57
62
66
36
35
33_36_45_45_48_52
57
60
64
48
52
60
64
53
53
45
53
45
45
48
48
52
52
60
60_64
64
33_38_53
45
53
45
45
48
52
48
52_60
64
60
38_53_64
45
53
38
48
52
48
55
59
64
52
36_36_53
55
59
64
53
53
48
53
48
48
48
48
52
55
59
64
36_38_52_53
55
59
64
53
48_53
48
48
52
55
52
59
64
38_53_55
59
64
48
53
38
45
45
54
54
59
62
35_36_53_59_62
66
66
53
53
45
53
45
54
54
59
59_62_62
66
35_38_53
66
53
53
54
62
59
66
66
59_62
38_53
53
38
45
62_66
54_57
57
36_38_53
62
66
53
53
45_53
45
54
57
62
66
62
57_66
38_38_53
53
45
53
45
57_57
54
38
62
62_66
38_45_53
66
45
45
43
53
38
33_36_45_45_48_52
57
60
64
48
52
60
64
53
53
45
53
45
45
48
48
52
52
60
60_64
64
33_38_53
45
53
45
45
48
52
48
52_60
64
60
38_53_64
45
53
38
48
52
48
55
59
64
52
36_36_53
55
59
64
53
53
48
53
48
48
48
48
52
55
59
64
36_38_52_53
55
59
64
53
48_53
48
48
52
55
52
59
64
38_53_55
59
64
48
53
38
45
45
54
54
59
62
35_36_53_59_62
66
66
53
53
45
53
45
54
54
59
59_62_62
66
35_38_53
66
53
53
54
62
59
66
66
59_62
38_53
53
38
45
62_66
54_57
57
36_38_53
62
66
53
53
45_53
45
54
57
62
66
62
57_66
38_38_53
53
45
53
45
57_57
54
62
62_66
38_45_53
66
45
53
38
45
57
36_38_53
62
62
66_66
53
53
45_53
45
54
57
62
66
62
57_66
38_38_53
53
45
53
38
45
57_57
54
38
62
62_66
38_45_53
66
45
45
43
53
38
43
33_36_45_45_48_52_52_57
60
64
48
52
60
64
53
53
45
53
45
45
48
48
52
52
60
60_64
64
33_38_53
45
53
45
45
48
52
48
52_60
64
60
38_53_64
45
53
38
48
52
48
55
59
64
52
36_36_53
55
59
64
53
53
48
53
48
48
48
48
52
55
59
64
36_38_52_53
55
59
64
53
48_53
48
48
52
55
52
59
64
38_53_55
59
64
48
53
38
45
45
54
54
59
62
35_36_53_59_62
66
66
53
53
45
53
45
54
54
59
59_62_62
66
35_38_53
66
53
53
54
62
59
66
66
59_62
38_53
53
38
45
62_66
54_57
57
36_38_53
62
66
60
53
53
45_53
45
54
57
62
66
62
57_66
38_38_53
53
45
53
38
45
57_57
54
62
62_66
38_45_53
38
66
45
45
53
43
38
33_36_45_45_48_52
60
64
57
48
52
60
64
53
53
45
53
45
45
48
48
52
52
60
60_64
64
33_38_53
45
53
45
45
48
52
48
52_60
64
60
38_53_64
45
53
38
48
52
48
55
59
64
52
36_36_53
55
59
64
53
53
48
53
48
48
48
48
52
55
59
64
36_38_52_53
55
59
64
53
48_53
48
48
52
55
52
59
64
38_53_55
59
64
48
53
38
45
45
54
54
59
62
35_36_53_59_62
66
66
53
53
45
53
45
54
54
59
59_62_62
66
35_38_53
66
53
53
54
62
59
66
66
59_62
38_53
53
38
45
62_66
54_57
57
36_38_53
62
66
53
53
45_53
45
54
57
62
66
62
57_66
38_38_53
53
45
53
45
57_57
54
62
62_66
38_45_53
66
45
53
38
33_36_45_45_48_52
57_60
64
48
52
60
64
53
53
45
53
45
45
48
48
52
52
60
60_64
64
33_38_53
45
53
45
45
48
52
48
52_60
64
60
38_53_64
45
53
38
48
52
48
55
59
64
52_81
36_36_53_84
55
59
64
53
53
48
53
48
48
48
48
52
55
59
64
36_38_52_53
55
59
64
53
48_53
48
48
52
55
52
59
64
38_53_55
59
64
48
53
38
45
45
54
54
59
62
35_36_53_59_62
66
66
53
53
45
53
45
54
54
59
59_62_62
66
35_38_53
66
53
53
54
62
59
66
66
59_62
38_53
53
38
45
62_66
54_57
57
36_38_53
62
66
53
53
45_53
45
54
57
62
66
62
57_66
38_38_53
53
45
53
45
57_57
54
62
62_66
38_45_53
66
45
53
38
45
57
36_38_53
62
62
66_66
53
53
45_53
45
54
57
62
66
62
57_66
38_38_53
53
45
38_53
45
57_57
54
62
62_66
38_45_53
66
38
45
45
53
43
38
43
31_36_59_66
43
55
67
47_59_62
71
50
38_59
71
31
36_59_66
55
59
67
59_62
71
36_59
71
38_55_59_59_66
67
59_62
50
38
35
36_59_59_62
62
66
59
47
55_59
64
50
38_59
64
35
54
36_59_62
62
59
59
55_59
64
36_59
50
64
38_59_62
62
59
59
55_59
50
38
36
36_59_59
48_60_64
60
55_59
52
64
38_59
55
64
36
60
64
36_59_59
60
55_59
64
36_59
64
38_59_59
60
55_59
38
48
52
36
36_55_59_59
60_64
60
55_59
64
38_59
55
64
38
36_59_59
48
60_64
60
55_59
64
52
36_59
64
64
38_59_59
60
38_60
38_55_59
43
31_36_59_66
43
67
59_62
47
71
50
38_59
71
43
31
36_59_66
55
59
67
59_62
71
47
36_59
71
55_59
38_59_66
67
50
59_62
38
35
36_59_62
59_62
47
59
55_59
50
64
54
38_59
64
35
36_59_62
62
59
59
55_59
64
36_59
50
64
38_59_62
62
59
59
55_59
50
38
36
36_59_59
48
60
60
52
55_59
64
38_59
55
64
64
60
67
36
36_59_59
60
55_59
64
36_59
52
64
38_59_59
60
36_55_59
38
62
58
34
50
46_50_52_53_57
46
53_57
60_62
38
38
45
43
33_36_45_45_48_52
60
64
57
48
52
60
64
53
53
45
53
45
45
48
48
52
52
60
60_64
64
33_38_53
45
53
45
45
48
52
48
52_60
64
60
38_53_64
45
53
38
48
52
48
55
59
64
52
36_36_53
55
59
64
53
53
48
53
48
48
48
48
52
55
59
64
36_38_52_53
55
59
64
53
48_53
48
48
52
55
52
59
64
38_53_55
59
64
48
53
38
45
45
54
54
59
62
35_36_53_59_62
66
66
53
53
45
53
45
54
54
59
59_62_62
66
35_38_53
66
53
53
54
62
59
66
66
59_62
38_53
53
38
45
62_66
54_57
57
36_38_53
62
66
53
53
45_53
45
54
57
62
66
62
57_66
38_38_53
53
45
53
45
57_57
54
62
62_66
38_45_53
66
45
53
38
33_36_45_45_48_52
57_60
64
48
52
60
64
53
53
45
53
45
45
48
48
52
52
60
60_64
64
33_38_53
45
53
45
45
48
52
48
52_60
64
60
38_53_64
45
53
38
48
52
48
55
59
64
52
36_36_53
55
59
64
53
53
48
53
48
48
48
48
52
55
59
64
36_38_52_53
55
59
64
53
48_53
48
48
52
55
52
59
64
38_53_55
59
64
48
53
38
45
45
54
54
59
81
84
62
35_36_53_59_62
66
66
53
53
45
53
45
54
54
59
59_62_62
66
35_38_53
66
53
53
54
62
59
66
66
59_62
38_53
53
38
45
62_66
54_57
57
36_38_53
62
66
53
53
45_53
45
54
57
62
66
62
57_66
38_38_53
53
45
53
45
57_57
54
62
62_66
38_45_53
66
45
53
38
45
57
36_38_53
62
62
66_66
53
53
45_53
45
54
57
62
66
62
57_66
38_38_53
53
45
38_53
45
57_57
54
62
62_66
38_45_53
66
38
45
45
53
43
38
43
31_36_59_66
43
55
67
47_59_62
71
50
38_59
71
31
36_59_66
55
59
67
59_62
71
36_59
71
38_55_59_59_66
67
59_62
50
38
35
36_59_59_62
62
66
59
47
55_59
64
50
38_59
64
35
54
36_59_62
62
59
59
55_59
64
36_59
50
64
38_59_62
62
59
59
55_59
50
38
36
36_59_59
48_60_64
60
55_59
52
64
38_59
55
64
36
60
64
36_59_59
60
55_59
64
36_59
64
38_59_59
60
55_59
38
48
52
36
36_55_59_59
60_64
60
55_59
64
38_59
55
64
38
36_59_59
48
60_64
60
55_59
64
52
36_59
64
64
38_59_59
60
38_60
38_55_59
43
31_36_59_66
43
55
67
47_59_62
71
50
38_59
71
31
36_59_66
55
59
67
59_62
71
36_59
71
38_55_59_59_66
67
59_62
50
38
35
36_59_59_62
62
66
59
47
55_59
64
50
38_59
64
35
54
36_59_62
62
59
59
55_59
64
36_59
50
64
38_59_62
62
59
59
55_59
50
38
36
36_59_59
48_60_64
60
55_59
52
64
38_59
55
64
36
60
64
36_59_59
60
55_59
64
36_59
64
38_59_59
60
55_59
38
48
52
36
36_55_59_59
60_64
60
55_59
64
38_59
55
64
38
36_59_59
48
60_64
60
55_59
64
52
36_59
64
64
38_59_59
60
38_60
38_55_59
31_36_59_66
43
43
55
67
47_59_62
71
50
38_59
71
31
36_59_66
55
59
67
59_62
71
36_59
71
38_55_59_59_66
67
59_62
50
38
35
36_59_59_62
62
66
59
47
55_59
64
50
38_59
64
35
54
36_59_62
62
59
59
55_59
64
36_59
50
64
38_59_62
62
59
59
55_59
50
38
36
36_59_59
48_60_64
60
55_59
52
64
38_59
55
64
36
60
64
36_59_59
60
55_59
64
36_59
64
38_59_59
60
55_59
38
48
52
36
36_55_59_59
60_64
60
55_59
64
38_59
55
64
38
36_59_59
48
60_64
60
55_59
64
52
36_59
64
64
38_59_59
60
38_60
38_55_59
43
31_36_59_66
43
67
59_62
47
71
50
38_59
71
43
31
36_59_66
55
59
67
59_62
71
47
36_59
71
55_59
38_59_66
67
50
59_62
38
35
36_59_62
59_62
47
59
55_59
50
64
54
38_59
64
35
36_59_62
62
59
59
55_59
64
36_59
50
64
38_59_62
62
59
59
55_59
50
38
36
36_59_59
48
60
60
52
55_59
64
38_59
55
64
64
60
67
36
36_59_59
60
55_59
64
36_59
52
64
38_59_59
60
36_55_59
38
62
58
34
50
46_50_52_53_57
46
53_57
60_62
