55
55
55
55
55
55
55
55
55_70
70
72
72
70
70
69
69
55
55
55
55_70
70
72
72
70
70
69
69
65
65
62
62
55
55
70
70
72
72
70
70
69
69
62
62
67
67
67
67
55
55
70
70
72
72
70
70
69
69
65
65
62
62
67
55
67
55
70
70
72
72
70
70
69
69
62
62
67
67
67
67
62
62
61
55
61
62
62
55
70
70
69
69
65
65
65
65
69
69
65
55
65
55_64
64
65
65
67
67
62
62
55
55
70
70
72
72
70
70
69
69
65
65
62
62
67
67
67
67
67
55
67
55
70
70
72
72
70
70
69
69
65
65
62
62
67
67
67
67
67
55
67
65
55
65
64
64
65
65
64
64
62
62
60
60
55
55
64
64
64
55
64
65
65
55_65
65
67
67
64
64
62
62
58
58
62
62
55
60_72
60_72
63_75
68
63
68
60_70
70
72
72_75
80
72
72
75
60
63
75_80
63
65_77_77
77
65
65
65
60_67
67
68
77
68
72_72
72
68
68
72
60_72
68_80
72
68_80
67_79_79
79
63
67
63
60_72
79
72
77_77
77_77
79_79
79
65
65
72
60_72
68_80
79
68_80
67_79_79
79
60
67
60
60_74
79
74
75
75
84
84
67
67
72
60_72
60_60
60_60
63_75
68
63
68
60_70
70
72
72_75
80
72
72
75
60
63
75_80
63
65_77_77
77
65
65
65
60_67
67
68
77
68
72_72
72
68
68
72
60
68
72
72
80
68_80
63_67
63
79
79
72
72
84
67_84
65_65
65
67
65
72
72
79
79
60
60
72
67
72
74
74
75
75
60_67
60_67
60_72
60_72
63_75
68
63
68
60_70
70
72
72_75
80
72
72
75
60
63
75_80
63
65_77_77
77
65
65
65
60_67
67
68
77
68
72_72
72
68
68
72
60_72
68_80
72
68_80
67_79_79
79
63
67
63
60_72
72
77
79
77
79_79
79
65
65
72
60_72
68_80
79
68_80
67_79_79
79
60
67
60
60_74
74
75
79
75
84_84
84
67
67
72
60_72
60_60
84
60_60
63_75
68
63
68
60_70
70
72
72_75
80
72
72
75
60
63
75_80
63
65_77_77
77
65
65
65
60_67
67
68
77
68
72_72
72
68
68
72
60
68
72
72
80_80
68_80
63_67
80
63
79_79
79
72
79
72
84_84
67
84
65_65
84
65_65
67_77_77
77
72
67_77
72
67_79
79
60
60
72
72
74
74
75
75
67
67
74
67
74
72
72
77
77
67
67
75
75
72
72
74
74
67
67
72
72
74
74
68_79
68
72
72
74
79
74
68_79
79
77
68
72
77
72
74
74
63_75
63
72
75
72
75_82_82
82
79_79
79
65
82
65
72_72
72
67
72_75_79
67
79_79
79
70
70
72
79
72
79_79
79
80_80
80
68
68
77_77
77
70
77_79_80
70
75_75
75_75
74_74
74
67
67
79_79
79
82_82
82
72
74
72
74_74
74
67
74_79_82
67
60
67
67
79
79
80
67
67_80
77
63
60
63
72
72_77
79
79
65
65
72
72
75
65
65_75
74
74
77
77
74
74
60
67
67
79
79
80
67
67_80
77
63
60
63
72
72_77
70
70
72
72
65
65
67_72
67_72
70_75
75
74
74
72
72
43_79
43_70_79
36
67
67
60
60
44_68
68
60
60
62
62
58
36
58
58
58
58
58
44
60
60
36
50_51
50_51
44_50_51
50_51
50_51
46
50_51
36_44_46
50_51
50_51
50_51
46
50_51
50_51
67
67
67
46
67
50_51
43_67
50_51
50_51
50_51
67
67
50_51
50_51
43_50_51
50_51
39_46
50_51
50_51
50_51
50_51
39_46
41_48
50_51
50_51
50_51
50_51
67
41_48
41_48_67
50_51
50_51
50_51
50_51
50_51
50_51
41_48_67
50_51
36_43
50_51
50_51
50_51
50_51
50_51
50_51
50_51
50_51
50
50
48
48
43
43
36_43_50_51
41_48
50_51
50_51
50_51
50_51
50_51
50_51
43
60_60
50_51
41_43_48
60_60
63_75
68
63
68
60_70
70
72
72_75
80
72
72
75
60
63
75_80
63
65_77_77
77
65
65
65
60_67
67
68
77
68
72_72
72
68
68
72
60_72
68_80
72
68_80
67_79_79
79
63
67
63
60_72
79
72
77_77
77_77
79_79
79
65
65
72
60_72
68_80
79
68_80
67_79_79
79
60
67
60
60_74
79
74
75
75
84
84
67
67
72
60_72
60_60
60_60
63_75
68
63
68
60_70
70
72
72_75
80
72
72
75
60
63
75_80
63
65_77_77
77
65
65
65
60_67
67
68
77
68
72_72
72
68
68
72
60
68
72
72
80
68_80
63_67
63
79
79
72
72
84
67_84
65_65
65
67
65_67
67_72
72
79
79
60
60
72
67
72
74
74
75
75
60_67
60_67
60_72
60_72
63_75
68
63
68
60_70
70
72
72_75
80
72
72
75
60
63
75_80
63
65_77_77
77
65
65
65
60_67
67
68
77
68
72_72
72
68
68
72
60_72
68_80
72
68_80
67_79_79
79
63
67
63
60_72
72
77
79
77
79_79
79
65
65
72
60_72
68_80
79
68_80
67_79_79
79
60
67
60
60_74
74
75
79
75
84_84
84
67
67
72
60_72
60_60
84
60_60
63_75
68
63
68
60_70
70
72
72_75
80
72
72
75
60
63
75_80
63
65_77_77
77
65
65
65
60_67
67
68
77
68
72_72
72
68
68
72
60
68
72
72
80_80
68_80
63_67
80
63
79_79
79
72
79
72
84_84
67
84
65_65
84
65_65
67_77_77
77
72
67_77
72
67_79
79
60
60
72
72
74
74
75
75
67
67
74
67
74
72
72
77
77
67
67
75
75
72
72
75
75
74
60
60
60
72
60
72_74
44_51_63_75
68
63
68
60_70
70
72
72_75
80
72
72
75
44_51
60
63
75_80
63
41_48_65_77_77
77
65
65
65
60_67
67
68
77
68
72_72
72
68
68
72
41_48
60_72
68_80
72
68_80
67_79_79
79
63
67
63
60_72
79
72
77_77
77_77
79_79
79
65
60
65
68_72
72
80
79
68
80
67_79_79
79
60
67
60
60_74
79
74
75
75
84
84
67
60
67
72
72
60_60
60_60
63_75
68
63
68
60_70
70
72
72_75
80
72
72
75
60
63
75_80
63
65_77_77
77
65
65
65
60_67
67
68
77
68
72_72
72
68
68
72
60_72
68_80
72
80
79_79
68_79
63_67
63
72
79
72
77_77
77_77
79_79
67_79
65_65
65_65
67_77
77
86
79
67
67
86
79
67
79
87
72
72
60_65
60_65
60_67
60_67_87
56_63_63_75
68
63
68
60_70
70
72
72_75
80
72
72
75
56_63
60
63
75_80
63
53_60_65_77_77
77
65
65
65
60_67
67
68
77
68
72_72
72
68
68
72
53_60
60_72
68_80
72
68_80
67_79_79
79
63
67
63
60_72
79
72
77_77
60
77_77
60_79_79
79
65
60
65
68_72
72
80
79
68
80
67_79_79
79
60
67
60
60_74
79
74
75
75
84
84
67
67
72
60_72
60_60
60_60
56_63_63_75
68
63
68
60_70
70
72
72_75
80
72
72
75
56_63
60
63
75_80
63
53_60_65_77_77
77
65
65
65
60_67
67
68
77
68
72_72
72
68
68
72
53_60
60_72
68_80
72
68_80
63_67_72
72
79
79
72
63_67
65_65
65
67
65_72
60
77
77
72
67
72
67_77_84
77_84
70_72_79
60
67_70_72_79
63_72_84
72_84
72
63
72
67_75
75
74
67
74
65_77_84
65_77_84
67_72
67_72
60_77_84
60_77_84
67_79
79
77
67
77
70_72
70_72
63_72_77
63_72_77
60_68_72
60_72
62_74
62_74
63_75
63_75
68_77
68
68_77
63_67_72
72
74
74
75
75
79
63_67
79
65_65_77
65_77
67_79
67_79
62_67
67
69
62
62
69
72
62
72
70_79
65
79
72
70
72
53_69_77
77
72
69
72
70
70
65_77
65_77
65_69
65_69
70_70
53
70
77
70
63_69
77
75
69
75
65_67
67
70
63
65
60_67
70
75
60_67
75
55_74
55
57
57_74
32_39_60_72_77
60_72_77
62_74
62_74
63_75
63_75
68_77
32_39
68_77
27_34_67_72
72
74
74
75
75
79
27_34_67
79
41_48_65_77
65_77
67_79
67
62
79
62
62_75_86
62_75_86
70_86
41_48
86
77_79
70
77_79
65_69_79_86
79_86
77
69
77
79_86
79_86
65_79_86
65
79_86
65_79_86
65_79_86
70_79_86
65
70
79_86
63_69_79_86
69_79_86
65_79_86
79_86
79_86
65
79_86
67_79_86
63_79_86
60_79_86
67
60_79_86
70_79_86
70_79_86
69_79_86
69_79_86
57_63_65_84_91
65
67
84_91
84_91
67
65
57_63
84_91
65
51_58_67_84_91
67_84_91
84_91
51_58
60_65
84_91
65
89
60
53_60_67
89
86_91
53_60
65
67
86_91
62_86_91
65
69
62_86_91
69
67_70_86_94
67
69
70_86_94
69_84_93
84_93
84
84
82
69
82
65_81
69
72
81
89
65
89
70_81
81
79
72
70
63_69
79
84
84
77
77
79
69
65
79
79
79
77
63
77
79
62_68
79
79
79
87
65
87
67_67
67
65
65
74
62_68
74
63
67
60
60_63
60
60
63
68
63
68
60_70
70
72
72
80
80
87
72
60_72
63_75
63_75_87
65_77
58
65
58
60_74
74
75
75_77
77
77
70
60
70
68_80
68_80
67_79_87
63
67
63
60_80
80
82
60
82
60_79
79
75
60
75
68_80
79_87
80
62
68
62
67_79
60
67
60
60_72
72
74
74
75
60
79
60
75
60
67_75
75
56
67
56
60_70
70
72
72
80
80
72
60
72
63_75
63_75
65_77
77
53_60
65
53_60
60_67
67
68
68
72
72
65
65
67
60_67
68_68_77
68_68_77
67_67_67
67
51
51
60
67
60
65_65
67
65_65
65_67_67
67
53
53
60
65
60
67_68
67
67_68
67_67_67
67
48
48
62
67
62
63
67
63
72
72
55
55
60
60
48_60
48_60
44_63_63
63
56
63
56
58_60
58
60
60
68
68
56
56
60
44
60
63
60_63
65_65_65
65
39_43_56
65
43
39_51_55_56_56_60
55
56
65
56
60_60
60
56
51_56_56
60
60_60
68_68
60
68_68
67_67_67
67
51
67
51
60_60
67
60
65_65
60
65_65
67_67
67
53
53
60_68
60
68
67
68
68
67_67_67
67
48
67
48
60_62
67
62
63
60
63
72
72
55
55
60_60
60
48
60
48
44_63_63
60
63
60
58_60
58
60
60_63
68
60
60
63
44
60
63
63_68
63
65_65_65
65
39_43_56
65
43
39_51_55_60
55
56
65
56
60_60
60
56
51_56_56
60
60_60
68_80
60
80
79_79
68_79
63_67
63
72
79
72
77_77
77_77
79_79
67_79
65_65
65
72
65
72
67_80
79
67_80
67_79_79
79
60
60
74
79
74
75
67
75
84
84
67
67
60_72
60_72
60_60
60_60
63_75
68
63
68
60_70
70
72
72_75
80
72
72
75
60
63
75_80
63
65_77_77
77
65
65
65
60_67
67
68
77
68
72_72
72
68
68
72
60
68
72
68_72
67_80
80
63
67
63
60_79
79
72
72
84
84
65
60
68
65_68
67_72
72
79
67
79
60_60
60
72
72
74
74
75
75
67
60_67
60_72
60_72
63_75
68
63
68
60_70
70
72
72_75
80
72
72
75
60
63
75_80
63
65_77_77
77
65
65
65
60_67
67
68
77
68
72_72
72
68
68
72
60_72
68_80
72
80
64
68
67_72_79
72_79
72_79
64
72_79
65_72_79
72_79
67
65_77
65_77
67_72
65
67_72
63_67
79
79
79
63_67
79
63_79
79
68_77
77
72
63
68
72
60_67_72
72
72
72
74
74
75
67
75
65_67
60_65
60_67
67
72
60
62
67
72
62
63_67_70
67
63
79_87
79_87
79_87
63_70
63
58_65
79_87
77
77
68_79_87
79_87
77
58_65
68
77
56_63_67
75
75
82
56_63
63
67
82
63
65_72_74_82
65_72_74_82
67_74_75
74_75
72_77
67
72_77
60_72_79
60
72_79
