57
57
57
57
57
57
57
57
59
59
60
60
60
60
59
59
60
60
62
62
60
60
62
62
64
64
57
57
62
62
62
62
60
60
60
60
57
57
60
60
60
60
59
59
60
59_60
57_59
57_59
59
57
57
57
57
57
57
57
57
59
59
60
60
60
60
59
59
60
60
62
62
62
62
60
60
64
64
64
64
57
57
62
62
60
60
59
59
60
60
60
60
60
60
59
59
59
59
60
60
59
59
57
57
57
57
57
57
62
62
60
60
59
59
60
60
59
59
60
60
62
62
60
60
64
64
64
64
57
57
57
57
62
62
62
62
60
60
60
60
59
59
57
57
60
60
60
60
59
59
59
59
60
60
59
59
59
59
57
57
57
57
57
57
57
57
57
57
59
59
60
60
60
60
60
60
59
59
60
60
62
62
62
62
60
60
64
64
64
64
57
57
57
57
62
62
62
62
62
62
60
60
60
60
59
59
57
57
60
60
60
60
59
59
59
59
60
60
59
59
57
57
57
57
57
57
57
57
57
57
57
57
57
57
59
59
60
60
60
60
59
59
60
60
62
62
60
60
64
64
64
64
57
57
62
62
62
62
60
60
60
60
59
59
59
59
60
60
59
59
59
59
57
57
57
57
62
62
60
60
59
59
60
60
59
59
60
60
62
62
60
60
64
64
64
64
57
57
57
57
62
62
62
62
62
62
60
60
60
60
57
57
60
60
60
60
59
59
59
59
60
60
59
59
57
57
57
57
57
57
69
69
64
64
57
57
59
59
60
60
59
59
60
60
62
62
59
59
62
62
60
60
62
62
64
64
62
62
60
60
62
62
60
60
59
59
60
60
65
65
64
64
62
62
60
60
59
59
60
60
62
62
59
59
60
60
59
59
57
57
57
57
59
59
60
60
60
60
59
59
60
60
62
62
62
62
60
60
64
64
64
64
62
62
64
64
65
65
64
64
62
62
62
62_62
60_62
60_64
64
60
60
64
62_64
60_62
59_60
59
59
59
59
59
60
60
59
59
59
59
62
62
60
60
59
59
60
60
59
59
60
60
62
62
60
60
64
64
64
64
57
57
57
57
62
62
62
62
62
62
60
60
60
59
60
57_59
57
60
60
60
60
59
59
59
59
60
60
59
59
57
57
57
57
57
57
57
77
57_77_79
79_81
79_81
79
77
77
77
77
76
76
74
72_74
71_72
69_71
60
69
60
60
60
59
59
59
59
59
59
60
60
59
59
59
59
57
57
57
57
57
57
57
57
59
59
60
60
60
60
59
59
60
60
62
62
60
62
60
62_64
64
64
64
57
57
57
57
62
62
62
62_62
60_62
60_60
60
57
57
57
57
60
60
60
60
59
59
59
59
60
60
59
59
59
59
62
62
60
60
59
59
60
60
59
59
60
60
62
62
60
60
64
64
64
64
57
57
57
57
62
62
62
62
62
62
60
60
60
60
57
57
60
60
60
60
59
59
59
59
60
60
59
59
57
57
57
57
57
57
62
62
62
62
62
62
60
60
60
59_60
57_59
57
60
60
60
60
59
59
59
59
60
60
59
59
57
57
57
57
