34_58_65
12_34_34_38_46_46_47_58_59_65
47
38_46_59
12
45
45
46
46
45
45
46_48_59
48
46_58_59
65
45
45
38_46_58_65
46
38
45
45
46_47_59
47
46_59
45
45
58_65
38
48
48
38
45
39_45
46
39
46
39_46_46_58_59_65
46
39_46_59
34
45
45
38
38
46
46
58
65
44
44
58
34
34
48
36_60
12_36_36_45_46_48_59_60_65
45
46_59
12
45
45
38_47
47
38
46
46
45_46_59
45
48
48
38_45_60_65
45
38
47
47
45_46_59
45
46_59
46
46
38
45
38_45
65
60
38
38_48
48
48
48
39_45_46_59_60_65
45
39_46_59
46
46
48
36
45
45
47
47
65
65
34_46_58
12_34_34_38_46_46_46_58_59_65
36_46_48
60
38_46_59
60
12
48
48
47
47
46
46
46_47_59
47
46_59
45
45
38_46_58_65
46
38
47
47
45_46_59
45
46_59
46
46
38
47
47
38
45
39_45
39
46
39_46_46_58_59_65
46
39_46_59
34
45
45
38
38
46
46
47
47
65
36_60
48_58
12_36_36_46_47_48_59_60_65
47
34_46
46_59
12
45
45
38_46
46
38
45
45
46_48_59
48
46_59
45
45
38_46_60_65
46
38
45
45
46_47_59
47
46_59
45
45
38
48
38_48
38
38_45
45
39_46_46_59_60_65
46
45
45
46
46
44
44
12_38_45_46_59
45
34_46
58_65
38_46_59
12
45
45
47
47
46
46
65
58
45_46_59
45
46_59
48
48
38_45
45_58_65
38
47
47
45_46_59_74
45
46
46
58
74
65
38
45
45
38
48_77
39_48
39
39_45_46_58_59_65
45
39_46_59
46
34
46_79
46
77
38
38
45
45
65
58
79
47
47
45
33
12_46_46_57_59_65_77
46
48
48
38_47
47
38
46
46
46_47_59
47
46_59
57
65
77
45
45
38_46
46_57_65
38
47
47
45_46_59
45
46_59
46
46
38
47
38_47
45
65
57
38
45
38_45
45
57_65
39_46_46_59_75
46
45
45
46
46
65
47
47
57
75
12_38_46_47_59_74
43_47_58_62
38_46_59
12
45
45
46
46
45_70
45
58
62
46_48_59
48
46_59
45
45
38_46_62
46_58
38
45
45
46_47_59_70
47
46_59
45
45
38
48
48
38
70
58
62
55
45_72
39_45
39
58_62
39_46_46_59
46
39_46_59
55
45
45
43
38
72
38
46_70
46
58
62
45
44
44
70
45
38_57_65
62
12_45_46_59_74
45
46_59
45
45
38_47
47
38
46_57_77
46
74
62
65
45_46_59
45
46_59
48
48
50
62_65_69
38_45
45
38
47
47
77
45_46_59
45
46_59
46
46
50
38
38
45
38_45
62
65
69
38
38_48
38_48_50
39_45_46_59
45_64_69
39_46_59
64
46_65
46
50
38
45
45_62
65_69
62
50
47
47
50
39
58_65_70
12_38_46_46_59
46
38_46_59
12
48
48
47
47
46
46
70
65
58
46_47_59
47
46_59
45
45
51_70
38_46
46_58_63
38
47
47
45_46_59_75
45
46_59
46
46
51_75
38
47_77
47
38
51
45
39_45
39
70
65
39_46_46_59
46
39_46_59
63
45_79
45
38
38_58
46
46
65
58
39_63
70
51
47
47
51
38_65_69
12_46_47_59_77
47
46_59
12
65
64_67
45
45
65
38_46_62
46
38
45
45
77
46_48_59
48
46_59
65
62_69
45
45
50_64_65_69
38_46
46
38
45
45
46_47_59
47
45
45
50
69
38
65
48
38_48_64
38
50
38_45
45
64_69
65
39_46_46_59_77
46
39_46_59
38
62
45
45
64
45
57
46
46
62
69
65
45
57
38
44
44
38
36_55_64
60
12_38_45_46_59_76
45
38_46_59
12
45
45
47
47
46
46
55_60
64
45_46_59_74
45
46_59
48
48
74
55_64
60
48
38_45
45
38
47
47
45_46_59_72
45
46_59
46
46
55
60
48
64
36
38
45
45
38
36
48_48
39_48
39
60_64
39_45_46_59
45
39_46_59
36
48
64
72
46
46
38
40_52
38
64
45
45
65
60
47
47
65
65
41_53_60
12_46_46_59_77
46
48
48
38_47
47
38
46
46
60
65
46_47_59_75
47_53
41_46_59
45
45
41_65
53_60
38_46
46
38
47
47
45_46_59_74
45
46
46
38
41_47_60
38_47
65
38
38_45
45
53
39_46_46_59_75
46
39_46_59
60_65
45
45
51
46_53
46
53
47
47
60_65
41
12_38_46_47_59_72
47
45
45
46
46
45
45
65
60
72
53
46_48_59
48
46_59
45
45
38_46
46
38
45_65
45
65
53_60_65
46_47_59_65
47
46_59
53_65
60
41
45
45
65
38
48_67
48
38
67
45_70
39_45
39
39_46_46_59
46_53_60_65
39_46_59
45
45
38
38
46_67
46
70
44
44
58_62_65
12_34_34_35_45_46_46_53_55_58_59_65_65_70
45
35_46_55_59
12
45
45
38_47
47
38
46
46
70
45_46_46_59
45
46_59
48
48
34
38_45_58_65
45
38
47
47
45_46_59_77
45
46_59
46
46
38
45_53
38_45
77
38
38_46_48_84
48
39_45_46_58_59_65
45
39_46_59
46
46
45_53
45
58
84
53
65
34_47_82
47
34_34
58_65
57_66
12_35_38_38_38_46_46_54_57_59_62_66_66_81
46
82
35_38_46_59
65
12
48
48
47_79
47
57
62
66
46_78
46
79
46_47_50_59
47
46_59
45
45
38_46_62_69_74
46
38
47
47
42_45_46_59_78
46
46
74
69
38
47_62
47
38
62
78
45_50_79
39_45
39
39_46_46_59_69_74
46
39_46_59
50
45
45
38
74
38_79
46_62_81
46
69
62
47_50
47
42
50
58_63_67
12_35_39_46_46_47_55_58_59_67_67_70_79
47
35_46_59
45
45
38_39_46
46
46
38
45
45
46_48_51_59
48
46_59
45
45
38_46_58_65_70
46
38
45
45
46_47_59_70
47
46_59
51
58
45
45
70
65
38
48_58
38_48
70
58
38
38_45_51_72
45
39_46_46_59_63_70
46
39_46_59
51
45_65
45
39_46_58_70
46
72
65
58
70
44_51
44
51
70
57_62_65
12_35_38_38_38_46_47_50_59_62_62_65_69_74
47
35_38_46_59
67
45
45
46_77
46
45_57
45
62
65_69
57
46_48_50_59
48
46_59
45
45
38_46_62_65_69
46
38
45
45
46_47_59
47_77
46_59
45
45
50
38
38
48
48
38
69
62
65
45_57
39_45
39
57
50
38_39_46_46_50_57_59_64_69_69
46
39_46_59
62
64
45_65
45
50
38
38_38
46_62
46
69
62
65
44_50
44
38
50
58_63_67
12_35_39_39_45_46_58_58_59_65_70_70
45
35_46_59
69
57
12
45
45
38_47
47
38
46
46
58
70
65
45_46_51_59
45
46_59
48
48
38_45_58_63_70
45
38
47
47
45_46_59_79
45
46_59
58
51
46
46
70
63
38
45_58
38_45
79
58
38
38_48_51_81
48
39_45_46_59_63_70
45
39_46_59
46
46
39
45_58_82
45
81
70
63
58
82
47_51_79
47
39
51
58_63
55_60
12_35_38_40_40_46_46_59_60_67
46
35_38_46_59
12
48
47
47
46
46
46_47_52_59
47
46_59
45
45
38_46_60_67_72
46
38
47
47
45_46_59_79
45
46_59
46
46
60
52
72
38
47
47
38
67_79
45_60_81
39_45
39
60
39_46_46_59_67_72
46
39_46_59
45_60
45
38
72_81
38
46_52_60_82
46
67
82
40
52
40_40_47_82
47
40
40
70
55_67
58_58_65
12_29_35_41_46_47_53_58_59_65_65_70
47
35_46_59
12
45
45
38_46
46
38
45
45
70
65
58
82
46_48_53_59
48
46_59
45
45
38_46_58_65_70
46
38
45
45
46_47_59_74
47
45
45_53
58
70
65
38
48_58
38_48
58
38
38_45_53
45
39_46_46_59_65_70_75
46
39_46_59
53
45_58_74
45
29
70
65
74
58
34_46_53_74
46
44
44
60_65
12_35_38_39_41_46_47_59_60_65_72
47
35_38_46_59
12
45
45
46
46
45
45
46_48_59
48
60
65
46_59
45
45
38_46
46
38
65
45
45
46_47_59_60_65
47
46_59
65
45
45
67
60
65
38
48
48
38
70
45
39_45
70
39_46_46_59_60_65
46
45
41_45
38
38_65
46
46
65
44
44
55_58_62
12_31_31_35_40_43_46_47_55_58_59_62
47
70
35_40_46_55_59
12
45
45
38_46
46
38
45
45
46_46_48_55_59
48
46_59
55
62
58
45
45
38_46_58_62
46
38
45
45
46_47_59_70
47
45
45
72
70
38
48_55
38_48
62
58
74
38
38_43_45
45
74
31
39_41_46_46_58_59_62
46
45
45
43
34_46_55
46
41
58_62
55
41_44
44
65
34
70
12_35_38_39_39_45_46_58_59_65_70
45
35_38_46_59
12
45
45
58
47_58
47
46
46
45_46_51_59
45
46_59
48
48
63
38_45_58_63_67_70
45
38
47
47
65
45_46_59
45
46
46_58
70
51
67
65
67
38
45_58
45
38
63
67
58
70
48_51
39_48
39
70
39
70
34_39_45_46_58_59_65_70
45
39_46_59
46
46
38
38_70
45_63
45
58_65
39_47
47
53_62
12_22_35_38_46_46_53_58_59_65
46
35_38_46_59
63
48
48
70
47
47
46
46
46_47_59
47
46_59
45
45
46
46
47
47
45_46_59
45
46
46
65
53
58
53_58_62
22
47
47
46
45
45
29_39_41_46_46_53_59_60_65
46
39_46_59
45
45
29
53
46_53
46
65
60
53
43_47
47
58_62_65
12_34_34_35_46_46_47_53_55_58_59_62_74
47
77
35_46_55_59
65
12
45
45
38_46
46
38
53
45
34_45
46
46_48_53_58_59_62
48
46_58_59
65
45
45
65_74
38_46_46
46
38
74
74
58
45
45
74
46_47_58_59_62
47
46_59
45
45
46
74
58
38
75
48_53
38_48
58
62
75
53
38
38_45_46_75
45
39_46_46_59_62_65_70
46
45_58_77
45
41_46_53
46
34_44_46
44
65
53
58
69
58_62
57_60
34
74
12_33_35_38_45_46_47_59_60_65_72
47
65
35_38_46_59
12
45
45
46_53
46
53
60
45
60
53
46_48_59_60_65
48
45
45
72
65_65
38_46_53
46
60
38_72
72
45
45
72
53
72
46_47_59_60_65
47
60
46_59
45
45
45
72
74
38
48_53
48
38_60
74
74
45_45
39_45
39
39_46_46_59_60_65
46
70
39_46_59
45
45_57
45
38
75
38
34_46_53
46
70
57_65
79
44_48
44
55_60_63
12_35_36_36_45_46_55_59_60_63_72_75_77
45
35_46_59_63
12
45
45
55
38_47
47
38
46
46
60
48
45_46_55_59_60_63
45_63
46_59
48
48
63
38_45_48
45
38
72
47
47
72
72
45_46_55_59_60_63
45
46_59
60
46
46
74
38
45_55_60
38_45
74
38
38_48_48
48
39_45_46_59_60_63
45
70
39_46_59
74
75
46_55
46
36
60
45_60
45
55
60
70
63
36_47
47
63
60
36
75
58_63_65
84
12_35_38_39_39_46_46_59_63_67_70_79
46
63
35_38_46_59
48
48
47_58
47_63_67
46
46
82
58
46_47_59_63_67
47
46_59
45
45
39
38_46_58
46
39_47
47
58_62_65
74
41_45_46_53_59_62_74_77
45
46_59
46_62
46
53
63
38_74
41_47_55_63_75
47
38
77
45
39_45
39
74
55
70
58_63
57_60
74
39_46_46_59_60_65_72_77
46
39_46_59
75
75
45_57
45
38
41_72
38
29_46_53
46
41_47
58_62_65
12_34_34_35_46_47_53_55_58_59_62_65_74_77
47_72
35_46_55_59
12
45
45
58
53
62
38_46_46
46
38
53
45
45
46_48_58_59_62
48
58
46_59
65
45
45
74
38_46_53
46_65
38
74
53
58
74
62
45_46
45
74
46_47_58_59_62
47
46_59
58
53
45
45
74
58
38_75
46
48_53_53
38_48
65
62
53
38
38_45_46_58
45
75
58
75
39_46_46_59_62_65_70
46
39_46_59
46
53
45_58
45
77
41_46_53
46
34_44_46_62
44
77
46
58
53
57_60_65
74
77
34
12_33_35_38_45_46_47_59_60_65_72_77
47
35_38_46_59_69
65
12
45
45
46_53
46
53
60
65
69
45
45
60
46_48_59_60_65
48
46_59
65
45
45
38_46_53
46_65
38
45
72
46_47_59_60_65
47
46_59
45
45
74
53
38
48_57
48
38_60
45
74
57
65
60_74
45_45
39_45
39
70
39_41_46_46_59_60_65
45_46
33_39_46_59
45_57
45
75
38
38
33_46_53
46
79
44_45
44
55_60_63_77
12_24_35_36_45_46_48_55_59_60_63_75_79
45
35_46_59
63
12
45
45
55
38_47
47
38
60
55_63
46
46
48
60
45_46_55_59_60_63
45
46_59
63
48
48
60
63
55_63
38_45_48
45
38
72
47
47
72
72
45_46_59_60_63
45
46_59
48
60
46
46
72
74
38
60
45_55
38_45
74
55
63_74
38
38_48_48
48
70
39_45_46_59_60_63
45
39_46_59
48
75
46_55
46
36
45_48_60
45
48
60
24
26_38_47_63
47_55
55
60
72
70
63
75
79
26
38
75
58_63_65
12_27_35_38_39_46_46_58_59_63_67_70_75_79
46
84
48
48
47_55
47
46
46
84
82
46_47_58_59_63_67
47
46_59
39
45
45
38_46_55
46
38
39_47_58
47
58_62_65_74
27
29_41_45_46_53_59_62_70_74_77
45
46_59
46
46
53
63
38
47_55_63_75
47
38
77
63
45
39_45
39
57_60
75
39_46_46_57_59_65_72_77
46_74
39_46_59
74
57
75
29
45_60
38
75
38
29_46_53
46
72
47
47
53
65
58
60
41
65
58_62_65_77
12_34_35_45_46_55_59_72
45
34_46
58_60_65
35_46_55_59
70
12
45
45
38_47
47
38
46
46
45_46_59
45
46_59
48
48
38_45
45_58_65
38
47
47
45_46_59_74
45
46
46
38
45
38_45
38
38_48_77
48
39_45_46_58_59_65
45
39_46_59
46
34
46_79
46
77
45
45
65
58
79
47
47
34
62
65
58
45
33
12_35_38_46_46_57_59_65_77
46
48
48
47
47
46
46
46_47_59
47
46_59
57
65
77
45
45
38_46
46_57_65
38
47
47
45_46_59
45
46_59
46
46
38
47
47
38
45
65
57
45
45
39_45
39
57_65
39_46_46_59_75
46
45
45
38
38
46
46
65
47
47
57
75
12_38_46_47_59_74
43_47_58_62
38_46_59
12
45
45
46
46
45
45
58
62
46_48_59
48
46_59
45
45
38_46_62
46_58
38
45
45
46_47_59_70
47
46_59
45
45
38
48
48
38
70
58
62
55
45_72
39_45
39
58_62
39_46_46_59
46
39_46_59
55
45
45
43
38
72
38
46_70
46
58
62
45
44
44
70
45
38_57_65
62
12_45_46_59_74
45
46_59
45
45
38_47
47
38
46_57_77
46
74
62
65
45_46_59
45
46_59
48
48
50
62_65_69
38_45
45
38
47
47
77
45_46_59
45
46_59
46
46
50
38
38
45
38_45
62
65
69
38
38_48
38_48_50
39_45_46_59
45_65_69
39_46_59
46
45
45_50
69
50
51
47
47
51
58
51
63
39_65
58_65_70
12_38_46_46_59
46
38_46_59
12
48
48
47
47
46
46
70
65
58
46_47_59
47
46_59
45
45
51_70
38_46
46_58_63
38
47
47
45_46_59_75
45
46_59
46
46
51_75
38
47_77
47
38
51
45
39_45
39
70
65
39_46_46_59
46
39_46_59
63
45_79
45
38
38_58
46
46
51
58
65
63
65
58
39_63
70
51
47
47
51
38_65_69
12_46_47_59_77
47
46_59
12
65
64_67
45
45
65
38_46_62
46
38
45
45
77
46_48_59
48
46_59
65
62_69
45
45
50_65_69_74
38_46
46
38
45
45
46_47_59
47
45
45
50
69
38
65
48
38_48_74
38
50
38_45
45
64_69
65
39_46_46_59_77
46
39_46_59
38
62
45
45
64
45
57
46
46
62
69
65
45
57
38
44
44
48
38
55
60
77
36_55_64
60
12_38_45_46_59_76
45
38_46_59
64
12
45
45
47
47
46
46
55_60
64
45_46_59_74
45
46_59
48
48
74
55_64
60
48
38_45
45
38
47
47
45_46_59_72
45
46_59
46
46
55
60
48
64
36
38
45
45
38
36
48_48
39_48
39
60_64
39_45_46_59
45
39_46_59
36
48
64
72
46
46
38
40_52
38
64
45
45
48_55
64
60
65
60
47
47
65
53
60
65
65
41_53_60
12_46_46_59_77
46
48
48
38_47
47
38
46
46
60
65
46_47_59_75
47_53
41_46_59
45
45
41_65
53_60
38_46
46
38
47
47
45_46_59_74
45
46
46
38
41_47_60
38_47
65
38
38_45
45
50
38_39_46_46_59_75
46
39_46_59
60_65
45
45
51
39
46_50
46
38
53_65
60
47
47
60_65
41
12_29_38_39_46_47_53_59_72
47_72
65
38_46_59
12
45
45
46
46
45
45
72
46_48_59_74
48
46_59
45
45
38_46
46
38
74
29_41
45
45
29_46_47_59_65
47
46_59
45
45
65
38
48_67
48
38
67
45_70
39_45
39
29
39_46_46_59
46
29
39_46_59
45
45
38
38
46_67
46
70
72
65
44
44
58_62_65
60_65
67
53_70
12_34_34_35_46_46_47_53_55_58_59_62_74
47
77
35_46_55_59
65
12
45
45
38_46
46
38
53
70
45
34_45
46
46_48_53_58_59_62
48
46_58_59
65
45
45
50
65_74
38_46_46
46
38
50
74
50
74
58
45
45
50_74
46_47_58_59_62
47
46_59
45
45
46
50_74
58
38_51
75
48_53
38_48
58
62
75
53
38
38_45_46_75
45
39_46_46_59_62_65_70
46
45_58_77
45
41_46_53
46
34_44_46
44
65
58
69
58_62
57_60
53
34
74
12_33_35_38_45_46_47_59_60_65_72
47
65
35_38_46_59
12
45
45
46_53
46
53
60
45
60
53
46_48_59_60_65
48
45
45
72
65_65
48
38_46_53
46
60
38_72
48
72
48
45
45
72
48
53
48_72
46_47_59_60_65
47
60
46_59
45
45
45
72
48
74
38
48_50_53
48
38_60
74
74
45_45
39_45
39
39_46_46_59_60_65
46
70
39_46_59
45
45_57
45
38
75
51
38
34_46_53
46
70
57_65
79
44_48
44
55_60_63
12_35_36_36_45_46_55_59_60_63_75_77
45
35_46_59_63
72
12
45
45
55
38_47
47
38
46
46
60
48
45_46_55_59_60_63
45_63
46_59
48
48
63
38_45_48
45
38
72
47
47
72
72
45_46_55_59_60_63
45
46_59
60
46
46
74
38
45_55_60
38_45
74
38
38_48_48
48
39_45_46_59_60_63
45
70
39_46_59
74
75
46_55
46
36
60
45_60
45
55
60
70
63
36_47
47
63
60
36
75
58_63_65
84
12_35_38_39_39_46_46_59_63_67_70_79
46
63
35_38_46_59
48
48
47_58
47_63_67
46
46
82
58
46_47_59_63_67
47
46_59
45
45
39
38_46_58
46
39_47
47
58_62_65
74
41_45_46_53_59_62_74_77
45
46_59
46_62
46
53
63
38_74
41_47_55_63_75
47
38
77
45
39_45
39
74
55
70
58_63
57_60
74
39_46_46_59_60_65_72_77
46
39_46_59
75
75
45_57
45
38
41_72
38
29_46_53
46
41_47
58_62_65
12_34_34_35_46_47_53_55_58_59_62_65_74_77
47_72
35_46_55_59
12
45
45
58
53
62
38_46_46
46
38
53
45
45
46_48_58_59_62
48
58
46_59
65
45
45
74
38_46_53
46_50_65
38
74
53
58
74
62
45_46
45
74
46_47_58_59_62
47
46_59
58
53
45
45
74
58
50
38_75
46
48_53_53
38_48
51
65
62
53
38
38_45_46_58
45
75
58
75
39_46_46_59_62_65_70
46
39_46_59
46
53
45_58
45
77
41_46_53
46
34_44_46_62
44
77
46
58
53
57_60_65
74
77
34
12_33_35_38_45_46_47_59_60_65_72_77
47
35_38_46_59_69
65
12
45
45
46_53
46
53
60
65
69
45
45
60
46_48_59_60_65
48
46_59
65
45
45
48
38_46_53
46_65
38
45
48_72
46_47_59_60_65
47
46_59
45
45
74
53
50
38
48_57
48
38_60
45
74
57
65
60_74
45_45
39_45
39
70
39_41_46_46_59_60_65
45_46
33_39_46_59
45_57
45
75
50
38
38_51
33_46_53
46
79
44_45
44
51_55_60_63_77
12_24_35_36_45_46_48_55_59_60_63_75_79
45
35_46_59
63
12
45
45
55
38_47
47
38
60
63
46
46
48
60
45_46_59_60_63
45
46_59
63
55
48
48
60
63
63
38_45_48
45
38
72
47
47
72
72
45_46_59_60_63
45
46_59
48
60
46
46
72
74
38
60
45_55
38_45
74
55
63_74
38
38_48_48
48
70
39_45_46_59_60_63
45
39_46_59
48
75
46_55
46
36
45_48_60
45
48
60
24
26_38_47_63
47_55
55
60
72
70
63
75
79
26
38
75
58_63_65
12_27_35_38_39_46_46_58_59_63_67_70_75_79
46
84
48
48
47_55
47
46
46
84
82
46_47_58_59_63_67
47
46_59
39
45
45
38_46_55
46
38
39_47_58
47
58_62_65_74
27
29_41_45_46_53_59_62_70_74_77
45
46_59
46
46
53
63
38
47_55_63_75
47
38
77
63
45
39_45
39
57_60
75
39_46_46_57_59_65_72_77
46_74
39_46_59
74
57
75
29
45_60
38
75
38
29_46_53
46
72
47
47
53
65
60
41
58
58_62_65_77
12_34_38_40_45_46_55_59_70_72_77_82
45
34_46_65
58_65
38_40_46_55_59
70
12
45
45
47
47
46
46
45_46_59
45
46_59
48
48
38_45
45_58_65
38
47
47
45_46_59_74
45
46
46
38
45
45
38
48_77
39_48
39_45_46_58_59_65
45
39_46_59
46_79
46
77
38
70
38
45
45
65
58
34
79
47
47
70
77_82
45
33
12_46_46_57_59_65_77
46
48
48
38_47
47
38
46
46
46_47_59
47
46_59
57
65
77
45
45
38_46
46_57_65
38
47
47
45_46_59
45
46_59
46
46
38
47
38_47
45
65
57
38
45
38_45
45
57_65
39_46_46_59_75
46
45
45
46
46
65
47
47
57
75
12_38_46_47_59_74
43_47_58_62
38_46_59
12
45
45
46
46
45_70
45
58
62
46_48_59
48
46_59
45
45
38_46_62
46_58
38
45
45
46_47_59_70
47
46_59
45
45
38
48
48
38
70
58
62
55
45_72
39_45
39
58_62
39_46_46_59
46
39_46_59
55
45
45
43
38
72
38
46_70
46
58
62
45
44
44
70
45
38_57_65
62
12_45_46_59_74
45
46_59
45
45
38_47
47
38
46_57_77
46
74
62
65
45_46_59
45
46_59
48
48
50
62_65_69
38_45
45
38
47
47
77
45_46_59
45
46_59
46
46
50
38
38
45
38_45
62
65
69
38
38_48
38_48_50
39_45_46_59
45_64_69
39_46_59
64
46_65
46
50
38
45
45_62
65_69
62
50
47
47
50
58
67
39
12_38_46_46_59
46
38_46_59_70
12
48
48
65
58_70
67
47
47
65
46
46
58_63_70
46_47_59
47
46_59
45
45
38_46
46
38
63
58
70
47
47
45_46_59_75
45
63_70
58
46_59
46
46
75
38
47_77
47
38
51
45
39_45
39
58_63
70
70
65
39_46_46_59
46
39_46_59
63
45_79
45
38
38_58
46
46
65
58
39_63
70
51
47
47
51
38_65_69
12_46_47_59_77
47
46_59
12
65
64_67
45
45
65
38_46_62
46
38
45
45
77
46_48_59
48
46_59
65
62_69
45
45
50_65_69_74
38_46
46
38
45
45
46_47_59
47
45
45
50
69
38
65
48
38_48_74
38
50
38_45
45
64_69
65
39_46_46_59_77
46
39_46_59
38
62
45
45
64
45
57
46
46
62
69
65
45
57
38
44
44
38
36_55_64
60
12_38_45_46_59_76
45
38_46_59
12
45
45
47
47
46
46
55_60
64
45_46_59_74
45
46_59
48
48
74
55_64
60
48
38_45
45
38
47
47
45_46_59_72
45
46_59
46
46
55
60
48
64
36
38
45
45
38
36
48_48
39_48
39
60_64
39_45_46_59
45
39_46_59
36
48
64
72
46
46
38
40_52
38
64
45
45
65
60
47
47
65
65
41_53_60
12_46_46_59_77
46
48
48
38_47
47
38
46
46
60
65
46_47_59_75
47_53
41_46_59
45
45
41_65
53_60
38_46
46
38
47
47
45_46_59_74
45
46
46
38
41_47_60
38_47
65
38
38_45
45
53
39_46_46_59_75
46
39_46_59
60_65
45
45
51
46_53
46
53
47
47
60_65
41
12_38_46_47_59_72
47
38_46_59
12
45
45
46
46
45
45
65
60
72
53
46_48_59
48
46_59
45
45
38_46
46
38
45_65
45
65
53_60_65
46_47_59_65
47
46_59
53_65
60
41
45
45
65
38
48_67
48
38
67
45_70
39_45
39
39_46_46_59
46_53_60_65
39_46_59
45
45
38
38
46_67
46
70
44
44
58_62_65
12_34_34_35_45_46_46_53_55_58_59_65_65_70
45
35_46_55_59
12
45
45
38_47
47
38
46
46
70
28_45_46_46_59
45
28_46_59
48
48
34
28_38_45_58_65
45
28_38
47
47
45_46_59_77
45
46_59
46
46
38
45_53
38_45
77
38
38_46_48_84
48
28_39_45_46_58_59_65
45
28_39_46_59
46
46
45_53
45
58
84
53
65
34_47_82
47
34_34
57_66
12_35_38_38_38_46_46_54_57_59_62_66_66_86
46
82
35_38_46_59
48
48
47
47
57
62
66
46
46
28_46_47_50_59_81
47
28_46_59
86
45
45
28_38_46_62_69_74
46
28_38
47
47
42_45_46_59_78
46
46
74
69
38
28_47_62
47
38
28
62
78
45_45_50_79
39_45
39_42
28_39_46_46_59_69_74
46
28_39_46_59
50
45
45
38
74
38_45_79
38_46_62_81
46
69
62
47_50
47
50
57_62_66
38_58_63_67
12_35_39_39_46_47_55_58_59_67_67_70_79
47
35_46_59
54
66
45
45
38_46
46
38
45
45
28_46_48_51_59
48
28_46_59
45
45
28_38_46_58_65_70
46
28_38
45
45
46_47_59_70
47
46_59
51
58
45
45
70
65
38
28_48_58
38_48
28
70
58
38
38_45_51_72
45
28_39_46_46_59_63_70
46
28_39_46_59
51
45_65
45
39
39_46_58_70
46
72
65
58
70
44_51
44
51
70
57_62_65
12_35_38_38_38_46_47_50_59_62_62_65_69_74
47
35_38_46_59
67
45
45
46_77
46
45_57
45
62
65_69
57
28_46_48_50_59
48
28_46_59
45
45
28_38_46_62_65_69
46
28_38
45
45
46_47_59
47_77
46_59
45
45
50
38
38
28_48
48
38
28
69
62
65
45_57
39_45
39
57
50
28_38_39_46_46_50_57_59_64_69_69
46
28_39_46_59
62
64
45_65
45
50
38
38_38
46_62
46
69
62
65
44_50
44
38
50
58_63_67
12_35_39_39_45_46_58_59_70
45
58_67_70
35_46_59
69
57
12
45
45
38_47
47_65
38
70
67
58
46
46
28_45_46_59
45
65_70
58_63
28_46_59
48
48
28_38_45
45
28_38
63
58
70
47
47
45_46_59_79
45
58_67_70
46_59
46
46
38
28_45
38_45
28
79
58_70
67
38
38_48_51_81
48
28_39_45_46_59_63_67_70
45
28_39_46_59
46
46
39
45_58_82
45
81
70
63
58
82
47_51_79
47
39
51
58_63
55_60
12_35_38_40_40_46_46_59_60_67
46
35_38_46_59
12
48
47
47
46
46
28_46_47_52_59
47
28_46_59
45
45
28_38_46_60_67_72
46
28_38
47
47
45_46_59_79
45
46_59
46
46
60
52
72
38
47
47
38
67_79
45_60_81
39_45
39
60
40
28_39_46_46_59_67_72
46
36
28_39_46_59
45_60
45
38
72_81
38
46_52_60_82
36_46
40
67
82
52
40_47_82
47
40
70
55_67
58_58_65
12_35_41_41_46_47_53_58_59_65_65_70
40_47
35_46_59
12
45
45
38_46
46
38
45
45
70
65
58
82
28_46_48_53_59
48
28_46_59
45
45
28_38_46_58_65_70
46
28_38
45
45
46_47_59_74
47
45
45_53
58
70
65
38
48_58
38_48
58
38
38_45_53
45
28_39_46_46_59_65_70_75
46
28_39_46_59
53
45_58_74
45
41
70
65
74
58
34_46_53_74
46
44
44
60_65
12_35_38_39_41_46_47_59_60_65_72
47
35_38_46_59
45
45
46
46
45
45
28_46_48_59
48
60
65
28_46_59
45
45
28_38_46
46
28_38
65
45
45
46_47_59_60_65
47
46_59
65
45
45
67
60
65
38
48
48
38
70
45
39_45
70
39
28_39_46_46_59_60_65
46
45
41_45
38
60
38_65
46_65
46_53
65
44
44
55_58_62
12_31_31_35_40_43_46_47_55_58_59_62
47
70
35_40_46_55_59
12
45
45
38_46_50
46
38
45
45
28_46_46_48_50_50_55_59
48
28_46_59
55
62
58
45
45
28_38_45_46_58_62
46
28_38
45
45
43_46_47_59_70
47
45
45
72
70
38
48_55
38_48
62
58
74
38
28_38_43_45
45
28
74
28_39_46_46_58_59_62
46
45
45
43
43
38_46_55
46
58_62
55
41_44
44
65
38
50_70
12_35_38_39_39_45_46_58_59_65_70
45
51
35_38_46_59
12
45
45
58
47_58
47
46
46
28_45_46_51_59
45
28_46_59
48
48
63
28_38_45_58_63_67_70
45
28_38
47
47
65
45_46_59
45
46
46_58
70
51
67
65
67
38
45_58
45
38
63
67
58
70
28_48_51
39_48
28
39
70
70
28_39_45_46_58_59_65_70
45
28_39_46_59
46
46
38
38_70
29_45_63_72
45
58_65
39_47
47
55_62
29
12_31_31_35_40_43_46_47_55_58_59_62_72
47
46
35_40_46_55_59
51_63
12
45
45
58
38_46
46
38
45
45
28_46_48_55_59
48
28_46_59
55
62
58
45
45
28_38_46_58_62
46
28_38
45
45
74
46_47_59
47
46_59
45
45
38
48_55
38_48
62
58
38
28_38_43_45
45
28
28_39_46_46_58_59_62
46
28_39_46_59
45
45
43
31
38_46_55
46
77
41_44
44
65
77
38
12_35_38_39_39_45_46_51_58_59_65_70
45
82
35_38_46_59
46
12
58
51
63
58_65_70
65
46
67
70
70
58_65_70
65
53
53_58_62
58
12_22_38_59
38_59_65
12
46
46
46
46_70
65
46
46
46
