53
51
49
42
58
49
66
73
61
75
73
66
75
70
73
75
70
66_73
75
61
54
58
73
61
75
66_73
75
70
56
73
75
70
66_73
61
75
42
58
73
61_75
66_73
75
70
73
75
70
66_73
75
61
73
61
75
73
66
75
70
54
73
75
70
66_73
61_75
42
63
51
71
78
66
80
71_78
80
75
78
54
80
75
71_78
80
66
59
78
66
80
78
71
80
75
63
78
80
75
71_78
66_75
42
58
66
73
61
61
75
73
66
75
70
73
70_75
66_73
75
61
58
73
61
75
73
66
75
70
73
75
70
66_73
75
61
47
53
73
56
75
65
73
68
75
65
63
73
68
75
65
73
61
75
46
54
73
61
61_75
73
66
75
70
73
75
70
73
54
75
61
44
53
73
61_75
73
65
71_75
73
59
75
71
65_73
75
61
58
42
73
58
75
61
73
66
75
70
73
75
70
57
66_73
75
61
41
73
56
61_75
73
65
75
68
46
75
61
73_77
67_75
77
73
77
44
65
78
77
68
78
73
77
78
73
60
68_77
65_78
63
77
65_78
61
68_77
73_78
53
77
73_78
58
68
77
78
65
56
66
80
68
82
80
72
60
82
75
80
72
68_82
66_80
65
66
80
68
82
80
72
82
78
80
72
63
82
68
80
65
37
71
80
61
82
71
75_80
82
71
70
78
80
73
75_78
73
80
68
77
78
71
77
73
78
71
66
75
70_77
75
71
77
70
73
65
75
68
73
75
68
63
73
66
75
73
71
66_75
61
73
75
65
73
70
75
65
53
73
59
65_75
51_68
73
65
75
49
42
58
49
66
73
61
75
73
66
75
70
73
70_75
66_73
75
61
54
58
73
61
75
73
66
75
70
56
73
70_75
66_73
61
75
42
58
73
61
75
73
66
75
70
73
75
70
66_73
61
75
73
61
75
73
66
75
70
54
73
75
70
66_73
75
42
62
50
78
66
80
78
69
80
74
78
54
80
74
69
78
80
66
57
78
66
80
78
69
80
74
62
78
74_80
78
69
66_74
42
58
66
73
61
61
75
73
66
75
70
73
70
75
66_73
61
75
58
73
61
75
73
66
75
70
73
70
75
66_73
61
75
41
58
62_74
75
68
70_74
59
75
68
70_74
75
68
58
39
58
63_75
66_77
70_75
77
66
70_75
77
57
66
63
75
38
58
77
65
68
78
70_77
66
68
78
70
77
68
78
65
77
39
58
66
78
80
70
78
75
80
70
78
75
58
80
70
78
37
66
58
77
65
70
78
65_77
42
60
70
63_75
77
70
63_75
41
61
70_77
78
65
77
70
78
73
77
70
60
65_78
77
70
63
70
77
61
65
78
70
77
53
78
73
77
70
58
65
78
77
70
57
65
77
78
69
72_77
60
75_78
72_77
78
69
72_77
63
66
65
46
61
65
77
70
78
73
70
77
80
73
70_78
73_78
70_77
75
70
65_73
70
77
73
65
65_72
70
61
73
65
70
61
66
61
65
58
66
61
65
58
68
61
66
58
66
61
65
58
63
61
53
65
58
53_61
53_60
49_58
53_61
49_58
56
53
49
35
53
41_49
53
44_49
53
63
56
35
53
56
53
44
56
63
49
56
63
55
52
34
55
52
43
55
52
49
55
61
55
33
52
55
52
43
55
60
52
49
55
61
59
32
53
59
37
63
47_53
59
53
59
65
59
30
54
37
59
47
66
54
59
49
54
63
71
70
61
59
29
61
41_59
61
59
44
61
68
59
49
61
59
53
61
59
56
61
59
61
80
40
62
56
64
59
62
66
59
62
56
64
59
62
56
80
68
59
62
56
64
59
62
56
80
80
40
64
57
66
61
64
57
68
61
64
57
66
61
64
57
61
69
64
57
78
61
66
64
80
81
81
40
62
54
64
57
62
54
66
71
57
62
54
64
57
62
54
71
73
74
78
69
40
56
62
73
71
61
60
57
53
39
57
53
45
57
53
48
57
67
60
39
57
60
57
48
60
67
53
57
60
67
59
38
56
59
47
56
59
56
53
59
65
59
37
56
59
56
47
59
64
53
56
59
65
63
36
57
63
45
67
57
51
63
53
57
63
69
63
34_58
63
43
58
70
51
63
58
55
63
67
75
74
65
33
63
65
63
45
65
63
48
65
72
63
53
65
63
57
65
60
63
65
63
65
84
44
66
60
68
63
66
60
63
70
66
60
68
63
66
60
84
63
72
66
60
68
63
66
60
84
84
43
67
60
69
64
67
60
71
64
67
60
69
64
67
60
64
72
67
60
76
64
69
67
60
77
79
81
43
53_62
64
57
62
53
65
72
57
62
53
64
57
62
53
72
74
76
77
69
43
59
65
76
74
76
74
73
74
77
76
44
59
65
73
74
59
66
68
75
37
47
51
54
56
59
63
66
68
71
75
78
80
83
85
87
71
80
75
90
83
80
77
85
83_89
68
80
70
85
82_89
73
85
78
75
87
66_82
78
68
83
82_87
71
83
73_77
80_85
65
82
66
77
78_85
70
75_82
71
78_83
63
75
80
65
77_83
68
73
70_80
77
82
61
73
63_78
78_82
66
78
71
68
75_80
59
77
61
71
73_80
65
70
66_77
73_78
58
75
70
59
71_78
63
68
75
65
71_77
56
68
73
58
77
70
61
66
63
73
70_77
66
73
70_77
58
66
73
70_75
66
73
75
70
51
66
71
70_75
66
71
75
70
44
66
71
70_75
66
71
70_75
66
37
71
68_75
66
71
68_75
65
71
68_73
65
71
68_73
63
71
68_73
63
53_71
68
73
61_71
68_73
61
30
42
66
70
49_63
73
54
61
63
58
61
58_63
54_61
63
49
66
42
70
73
49_63
78
61
54
63
58
68
61
70
73
63
58
80
54_61
49_63
70
30
73
78
49_63
82
61
54
63
58
61
63
58
54
61
63
49
42
49_63
54
61
63
58
66
61
70
73
63
58
78
54_61
49_63
63
30
42
66
71
75
54_61
51_59
61
51
66
54_63
71_75
59_65
78
63
65
54
59
71
42
75
78
59
65
83
54_63
59_65
75
66
59
78
83
63_68
87
59_66
68
63
73
42
78
82
61
70
85
66
58
61
70
66_73
75
70
66
73
70
63
70
66_73
61
78
70
63
82
66
61
63
58
61
54
63
58
61
54
49_58
68
35
47
73
77
80
56_63
61
53
56_63
75
61_65
77_80
68
63
87
65
61
56_63
73
73
46
34
78
82
58_63
85
61
54
63
61_66
63_70
66
61
58_63
65
32
44
73
71
77
59_63
53_61
59_63
71
65
61
73
77
83
61_71
61_65
59_63
70
70
30
42
73
78
58_63
82
61
54
58_63
61_66
63_70
69
61_66
57_63
68
29
41
73
77
56_63
80
61
53
56
63
73
34
46
75
79
61_65
85
63
55
65
61
73
44
32
80
77
85
61
66
65
56
61_66
75
61_68
70
65
77
61_68
70
65
78
32
44
58_61_66
70
61_78
63
54
82
90
61
58_66
77
32_44
56_60_68
80
84
60_87
63
54
92
60
68
56
75
75
25_37
59_68
80
63
53
83
87
92
59_68
68
59
70
65
68
73
59
65_70
58_66
68
61
66
58
68
63
65
56
61_66
65
56
61_66
54_63
58_65
61
53
63
56
61
53
56_63
51_59
54_61
59
51
54_61
58
49
53_59
61
68
71
49_58
77
53_59
56_75
47
53_58
73
61
30
42
66
70
73
49_63
78
82
54_61
85
63
58
61
58_63
54_61
63
49
42_66
70
73
63
49
78
82
85
61
54
90
58_63
68
61
70
73
63
58
80
82
85
54_61
92
63
49
70
30
42
73
78
82
49_63
85
90
54
61
94
63
58
61
63
58
54_61
63
49
42
58_63
61
54
58
63
66
61
70
73
63
58
78
61
82
85
90
49_58
62
30
42
66
69
54_59
74
78
81
50_57
86
54
61
62_66
54
69
74
64
57
78
86
81
90
54_62
54_64
69
42
74
78
57_64
81
83
90
54_62
93
57_64
74
57_78
66
81
68
62
86
90
93
57_66
98
62_68
73
30_42
78
82
61_70_85
90
94
66
58
97
61_70
66_73
70_75
66_73
70
63
70
61_66
73
78
70
58_63
82
66
61
85
90
94
58_63
54_61
63
58
66
61
70
82
70
74
80
53
41
82
56
62
53_58
56_62
83
71
62
56
68
58
56_62
70_82
82
70
78
51_75
39
54
63
51_58
63
54
66
58
70
63
58_66_69_81
63
54
82
70_80
77
38
50
56
65
53_58
56_65
90
78
82
68
58
65_70
89
58_68_77
75_78_82
39_70
51
54
63
58
51
54_63
58_66
63_70
66
86
74
58
54_63
87
75
82
37_79
49
55_63
58
51
63
55
88
76
67
58
63
70
58_67
75_87
87
75
35
80_83
47
56
63
59
51
56_63
68
59
71
63
68_86
59
74
63
56
87
75
79_85
34
46_82
63
55
61
51
63
55
87_95
83
27
39
71
63
63
55
94
61_70_82
82_94
87
90
32_44
63
54
70
60
54_63
63
54
56
48
54_63
54
63
60_70
92
80
90
78
75_87
87
75
78_82
34
46
58
66
61_70
66
58
61
54
58
49
54
61
58
66
61
70
85
73
82
70
73_85
78_90
82_94
87_90
32_44
63
54
70
60
54_63
63
54
56
48
54_63
54
63
60_70
92
80
90
78
75
87
46
34
75_87
78
82
54_61
58
63
61_66
70
63
61_66
58_63
85
73
54_61
85
73
80
35_77
47
61
53
56
63
61_65
87
63
75
68
61_65
63
56
61
53
85
73
88
76
85
34_79
46
52_61
55_63
61_64
67
63
61_64
63
55
61
52
85
73
80
77
35
47
61
53
56
63
61_65
87
75
63_68
65
61
63
56
73
53_61_85
85_88
76_79
34
46
61
55
55_63
61_64
63
67
64
61
55_63
88
76_85
79
52_61
33
45
52_61
57_64
88
76_85
81
69
61
43
31
61
52
82_88
58_64_76
85
79
70
61
91
86
79_82
29
41
67
53
58
65
62
53_67
58
62
65
53
67
58
62_65
53
67
89
77_82_86
58
62
53_67
62_65
58
53_67
58_62_65
67
53
86
58_62_65_74_82
77
53
29_82_86
74
79
41
67
63
53
58
63
65
67
53
87
75
82
58_63_79
65
67
53
58
63_65
53_67
67
70
75
79
67
53
58
63
65
67
65
53
69
75_81
60_65_72
63
53_67
60
63_65
53
67
91
79_82_86
29
41
67
53
58_65
62
53_67
58
62
65
67
53
58
65
62
53_67
89
77
62_82_86
58
65
53
67
58
62
65
67
53
58
62_65
67
53
86
82
74_77
58_62_65
53_67
86
82
29_74_79
41
53
67
58_63_65
67
53
63_87
75
58_82
79
65
67
53
65
58_63
53
67
67
70
75
79
53_67
58_65
63
53
67
81
69_72_77
27_39
65
53
60
67
57
65
53
85_92
80_82
25
37
54
68
61
66
58
54_68
58
61_66
54
68
58
61
66
54_68
90
78_82
85
58_66
61
54
68
58
61
66
54_68
61
66
58
68
54
82
70_73_78
58_61_66
54
82
70_78
75
37
25
54_68
78_83
71
75
66
59
63
54
68
59_63_66
54_68
85
73
78
59_66_75
63
54
68
63_66
59
68
54
63_66
83_86
59_74
78
68
54
66
59
63
68
54
87
75
78
63_83
66
54
59
68
54
25
37
68
54
87_89
77
66
60_84
63
54
68
66
60_63
54_68
87_90
60_66_78
63
84
54_68
63_66
60
68
54
91
87
79
63_66_84
60
54
68
54
80_87_92
66
84
63
60
68
54
63
93
87
81
60_84
66
54
68
94
82
85
25_89
37
70
59
68
61
65
70
59
68
94
65
82
61
85_89
70
59
68
61
65
70
59
68
65
61
70
59
68
61
65
70
59
59
61
65
68
73
82_94
85_89
92
80
42
49
58
90
66_78
82_85
75
61
73
66
75
70
73
66
75
61
58_73
61
75
73
66
75
70
73
75
70
54
73
75
61
42
59
53
73
61
75
73
65
68_75
73
51
75
68
65_73
49_75
61
73
49_59
61_75
73
53
65
68_75
73
63
75
68
73
65
75
61
42
58
66
73
61
61
75
73
66
70_75
61
70
78
80
66
78
70
73_80
66
73
82
70_83
82
58
73
78_83
70
78
85
56
73_87
78_85
54
82_87
42
49
85
71
53
80
73_87
85
80
87
83
85
87
51
83
80_85
49
87
73
49_71_85
73
87
53_80_85
83_87
85
63
83_87
80_85
61
73_87
42
52
58
85
78
61
87
82
85
78
82
75
78
73
70_75
73
66
70
63
61
66
63_70
66
58
73
75
70
56
73
78
75_82
54
78
85
82_87
42
51
90
85
87
83
85
78
75_83
54
73_78
75
71
73
66
59
63
71
66
73
75
71
78
73
75
83
63
78
85
83_87
90
42
50
54
57
62
66
90_93
92
86
90
81
86
78
76_81
74_78
42
50
69_76
57
62
66
74
76
69
78
74
42
76_81
57
62
78
86
66
81_88
90
86
93
42
49
54
58
61
66
70
90
94
85_92
90
82
85
80
82
78
73
80
70_78
54
61
65
71
99
95
92_97
95
87
92
85
83_87
63
80_85
73_83
61
54
61
66
70
87
82
78_85
82
75
78
73
70
75
66_73
61_70
54
61
65
71
95_99
97
92
95
87
92
85
63_83
87
80_85
61
73_83
54
61
66
70
87
82
85
78
82
75
78
73
70_75
66
73
70
54
61
66
70
90
85
87
82
85
78
75_82
78
73
75
70
66_73
54
61
66
70
94
87
85
90
82_87
78_85
82
75
73_78
70_75
54
61
66
70
99
94
90
97
87_94
90
85
82_87
70
78_85
87
73
82
90
85
75
78
94
87
90
85
75
84
87
82
73
70
85
78
82
66
75
78
63_73
75
82
66
85
70
78
82
75
66
78
63
73
75
61_70
66
58
73
75
61_70
78
63_73
66_82
75
73_78
63
70
75
61
66_73
58
70
54
63
66
61
51
54_63
70
73
58_66
54_63
70
66
51
61
49_58_63
42_54
61
46
63
58
49
66
51
63_70
54
73
58_66
70_75
61
78
73
63
75
82
66
78
85
70
82_87
73
85
90
75
78
94
87
90
82
97
85
99
94
90
66
102
94
90
85
66
102
90
94
85
66
102
85_90
94
74
66_69
71
62_66
67
62
59
45
71
66
62
67
59
62
64
59
55
45
64
55
59
62
54
57
61
55
52
62
54
57
45
63
60
54
45
64
61
55
59
62
56
65
45
66
57
62
74
69
66
71
66
62
67
62
59
45
71
62_66
67
59
62
64
59
55
45
64
59
55
62
54_57
61
52
55
62
54
57
45
66
61
57
45
64
55
61
62
54
57
38
86
74_78
69
83
66
71_74
79
71
62_74
67
33
45
83
74
66_71
79
67
71
62
76
67
59_64
33
45
76
59
64
67
74
66
62
57
73
64
55
57
74
66
54
57
75
63
69
60
57
45
76
64_69
55_61
57
77
74
65
56
62
59
45
78
66
57
62_74
86
74
78
66
69
66_78
71_83
62
79
71
59
67_74
62
33
45
83
71
62_66
74_78
79
67
62
59
71
76
67
71
59
64
55
33
45
76
67
71
59
64
55
74
66
54_62
57
73
64
67
61
52_55
54
62_74
66
69
45
63
69
60
78
45
59
67
78
61
76
74
66
62
50
57
38
62
54
47
59
55
52
47
50
55
47
47
59
43_55
52
40
58
62
54
59
35
38
42
62
54
47
59
55
52
47
50
55
47
59
52
55
43
40
58
63
59
54
35
39
42
75
63_66
54
47_59
71
63
47_54
59
66
63
54
59
47
74
67
62
46
58
55
70
62
67
46
55_58
67
62
46_55
58
67
58
46_62
55
74
64
46
55
72
46
55
64
72
65
53
45
69
53_65
50
72
62
53
43
70
69
45
60
62
72
62
43
53
70
69
45
60
62
65
64
69
53_62
43
72
70
54
69
62
45
86
74_78
69
66_83
71
74
79
62_74
71
67
33
45
83
74
66_71
79
67
62
71
67
71_76
59_64
33
45
76
67
59_64
74
66
57
62
73
64
55
57
74
66
54_57
75
63
69
60
57
45
76
69
64
55
61
57
77
65
56_62_74
59
45
78
57_66_74
62
86
74
78
66
69
78_83
66_71
62
79
71
74
59_67
62
33
45
83
78
62
66_71
74
67_71_74_79
59
62
76
67
71
59_64
55
33
45
76
67_71
55_64
59
74
62
57_66
54
69
73
64_67
61
52
55
74
69
66
62
54
57
78
66_73
54
46
61
46_73
54
61
66
73
66
46
61
54
47
54
78
66
74
62
47
54
78
66
74
62
70
66
49
58
54
70
49
58_66
54
78
66
59_71
50
54
66_78
71
59
50_54
83
71_78
51_59
83
78
66_71
59
51
52
59
79
71
67
52
59
79
71
67
83
75
71
54_63
59
83
54_75
63
71
59
76
59
71
64
55
76
71
64
59
55
83
74_76
62_64
55
59
83
55_74_76
64
59
62
85
54_62
74
64_76
81
57
85
64
54
62_74_76
57
86
52
76_83
74
79
55_59_64
62
86
74_76
52_79_83
64
59_62
55
74
71
67
71
67
64
86
55
83
76
76_83
59
79
79
76
64
83
67_74
76
79
71
74
76
76
74
64
55_59
43
31
62
54
61
55
52
45
33
62
54
66
61
45
33_57
66
61
55
45
33
64
62
45
54
38
62
34
46
53
58
62
58
53
63
53
58
65
62
53
58
67
53
57
63
57
53
65
53
57
63
57
53
34
46
53
57
63
57
53
65
53
57
67
63
57
53
69
53
58
62
58
53
67
53
58
62
58
53
45
33_65
53
57
67
62
57
53
69
70
55
61
69
64
61
55
65
45
33
53
57
67
62
57
53
69
70
55
61
69
64
61
55
38
69
45
53
57
62
65
62
57
74
57
62
65
62
57
53
35
56
62
65
62
56
74
56
62
65
62
56
36
74
53
55
58
62
65
62
58
64
65
70
69
58
61
36
64
61
58
52
58
60
67
64
60
58
65
57
60
41
57
60
53
56
60
53
56
60
37
53
56
61
65
61
56
66
56
61
68
65
56
61
37
70
51
56
60
66
60
56
68
56
60
66
60
37
44
51
54
56
60
66
60
56
68
56
60
70
66
60
56
37
72
53
56
61
65
61
56
70
56
61
65
61
56
36
68
53
56
60
65
70
60
56
72
73
58
64
72
67
64
58
36
69
57
60
65
70
60
57
72
73
58
64
72
67
64
58
41_72
48
57
60
65
69
65
60
77
60
65
72
69
65
44
75
51
59
63
68
59
71
68
63
68
59
63
68
63
59
40
68
47
52
56
59
64
59
69
68
56
66
68
73
59
64
73
68
64
71
35
71
51
59
63
66
63
59
66
59
63
59
58
63
36
57
63
66
51
63
57
67
57
63
66
63
69
57
70
38
57
62
66
54
62
57
62
55_69
57
62
66
62
57
39
58
60
63
57_66
60
63
67
60
63
66
63
69
60
38
71
57
60
54
66
60
57
69
56
57
60
66
60
57
58
49
37
61
54
66
58
70
66
58
61
58
54
71
49
68
61
54
66
58
73
70
61
58
61
66
74
71
37
62
65
68
58
65
62
59
62
65
68
73
65
61
63
58
49
66
54
61
70
66
58
54_61
49
71
68
61
54
66
58
73
61
70
58
61
54_66
75
71
37
25
63
66
68
58
63
59
66
68
71
66
61
68
63
66
68
75
71
56
66
68
59
63
66
49
59
65
68
75
65
68
73
61
66
70
42
73
49
51
54
58
61
63
61
58
54
51
49_66
70
73
42
78
49
51
54
58
68
61
70
73
80
63
61
58
54
51
70
49
73
78
42
82
49
51
54
58
61
63
61
58
54
51
49
42
49
51
54
58
66
61
70
73
78
63
61
58
54
51
49
63
66
71
75
42
51
54
56
59
66
61
71
75
78
63
61
59
56
54
71
51
75
78
83
42
51
54
56
59
75
78
83
61
87
63
61
59
56
54
51
73
78
82
42
85
49
51
54
58
61
63
61
58
54
51
70
73
78
42
82
49
51
54
58
61
63
61
58
54
51
49
68
73
77
47
80
53
56
59
61
75
63
77
80
65
87
63
61
59
56
53
85
73
46
73_85
78_82
54
56
58
61
63
66
63
61
58_78
66
56
54
65
71
73
77
44
49
53
59
60
61
83
71
73
77
63
61
59
56
53
82
70
49
70_82
73_78
42
49
51
54
58
61
63
61
58
81
54
69
51
49
80
68
41
73
49
51
53
56
61
85
73_75
79
46
51
55
60
61
63
85
80
73
77
44
53
56
61
65
68
70
87
75
68
65
61
89
77
56
53
90
78
82
44
51
54
82
70
61
63
66
89
77
80
44
51
54
60
63
87
75
66
87
75
80_83
37
47
51
54
56
59
63
66
68
71
75
67
70
68
71
85
73
64
67
65
68
60
64
61
65
55
58
56
59
52
55
53
56
48
52
49
53
43
46
44
47
37
44
47
53
56
59
65
63
61
61
30
66
42
70
73
49
78
82
54
85
58
61
63
61
58
54
49
42
66
30
70
42
73
78
49_82
85
90
54
58
61
68
63
70
61
73
80
82
85
54
92
49
42
70
30
73
42
78
82
85
90
49
94
54
58
61
63
61
58
54
49
42
30
42
49
54
58
61
66
63
70
73
61
78
82
85
54
90
49
42
62
30
66
42
69
74
50
78
81
86
54
57
62
64
66
69
74
62
78
57
86
81
54
90
50
42
69
30
74
42
78
81
86
90
93
54
57
62
64_74
78
62
81
86
57
90
93
54
98
50
42
73
30
78
42
82
85
49
90
94
97
54
58
61
63
61
58
54
49
42
70
30
73
42
78
82
85
49
90
94
54
58
61
63
61
58
54
49
82
70
82
70
74
80
41
50
53
56
58
62
83
71
65
62
58
56
53
50_82
70
82
70
75
39_78
46
51
54
58
63
66
63
58
81
69
54
51
46
82
70
80
77
38
46
50
53
56
58
66
78_90
82
65
58
56
53
77_89
46
82
70_78
75
39
46
51
54
58
63
66
63
58
86
74
54
51
46
87
75
82
79
37
49
55
58
63
67
70
88
76
67
63
58
55
49_75_87
87
75_83
35_80
47
51
56
59
63
71
68
63
86
59
74
56
51
75_87
79_82
34
85
46
55
61
63
67
95
87
83
39
51
55
61
63
94
82
70
94
82
44_87_90
32
54
60
63
70
63
60
54
48
54
63
56
54
60
63
70
92
80
78_90
87
75
75_87
78
82
46
34
54
58
61
70
61
58
54
49
54
58
66
54
61
58
70
85
73
82
70
73
85
90
78
94
82
90
87
32
44
90
87
54
60
63
70
63
60
54
48
54
56
63
54
60
63
70
92
80
90
78
87
75
87
75
78
82
34_46
49
51
54
58
61
63
61
58
54
85
73
51
49
85
73
80
77
35
47
49
53
56
59
61
63
87
75
77_80
61
59
56
53
73_77_80_85
49
88
85
76
79
34
46
49
52
55
58
61
64
61
58
55
52
49
85
73_80
35_77
47
49
53
56
59
61
87
63_80
75_77
61
59
56
53_73
77_80_85
49
85_88
34_76_79
46
49
52
55
58
61
64
61
58
55
88
76_79_85
52
49
33_45
49
52
57
76_88
81_85
61
64
43
31
49
52
58
88
76_82_85
79
61
64
91
79_82_86
29
41
46
50
53
58
62
67
89
65_77_82_86
58_62
53
86
82
77
74
62
58
53_55
82_86
74
79
63
55
53
58
87
75_82
79
41
46
51
55
75_79
67_70
41
51
48
57
75
69_81
72
91
79_82_86
29
41
46
50
53
58
62
67
89
65
77_82
86
58_62
53
82_86
77
74
58_62
53
55
86
82
74
79
53
63
58
55
87
82
75
79
39
48
53_55
79
67_70_75
39
51
57
48
75
69_81
72
25_80_82_85_92
37
46
49
54
58
61
68
66
90
78
85
82
54
49_58
82
70
73_78
58
49_56
54
82
70
78
75
56
49_59
51
83
71_78
75
56_61
49_51
54
85
73_75
78
49_51
56
62
75
78
86
74
63
54
56_59
87
75_78
83
84
65
63
56_59
54
89
87
77
83
66
54_56_63
59
90
78_87
83
56
63_67
54
59
91
87
79
83
54_56
60
63
68
87_92
80
84
54
63
60
69
93
87
81_84
25
37
94
82
85_89
59_61_65_70
94
82_85
70_89
61
65
59
70_94
82_85
65_89
59_61
94
82_85
70_89
65
59
61
94
70
82_89
65_85
59_61
94
82_85
70_89
59_61_65
94
82_85_89
59_70
65
61
68_80_85_92
89
65
59_61
94
70_82_85
89
65
59_61
97
92
85
73
65_89
59
92
68
59_80_85_89
61_65
94
82_85
89
70
65
59
61
94
82_85
70_89
61_65
59
68_92
80
61_65_85_89
59
42
49
58
66
90
78
82_85
61
66
70
73
75
73
70
66
70
73
78
82
87
85
82
78
82
85
90
94
99
97
94
90
87
85
82
78
87
85
82
78
75
73
70
66
75
73
70
66
54
70
66
63
61
42
49
53
59
61
68
71
73
75
73
71
68
51
71
73
80
83
87
85
83
80
49
83
85
92
95
49
99
97
95
92
87
85
83
80
87
85
83
80
53_75
73
53
68
63
75
73
71
68
71
68
63
61
61
42
49
54
58
66
70
73
75
73
70
66
70
73
78
82
87
85
82
78
82
85
90
94
99
97
94
90
58
87
85
82
78
87
85
82
78
56
75
73
70
66
75
73
70
66
54
70
66
63
61
42
49
53
59
61
68
71
73
75
73
71
68
71
51
73
80
83
87
85
83
80
49
83
85
92
95
49
99
97
95
92
87
83
80
87
85
83
80
75
53
73
71
68
63
75
73
71
68
71
68
63
61
61
42
52
58
66
70
73
75
73
70
66
70
73
78
82
87
85
82
78
82
85
90
94
99
97
94
90
58
87
85
82
78
87
85
82
78
56
75
73
70
66
75
73
70
66
54
70
66
63
61
42
51
59
61
63
66
71
73
78
75
73
71
73
75
78
83
85
90
54_87
85
83
85
87
90
95
97
102
99
59
97
95
90
87
85
83
85
63
90
87
85
83
78
75
73
71
73
66
78
75
73
71
66
63
61
59
61
42
50
57
62
66
69
74
76
78
76
74
69
74
78
81
86
88
90
88
86
81
86
90
93
98
100
102
100
98
93
90
93
98
66
100
72
74
102
81
100
98
93
90
93
98
66
100
72
74
102
81
100
98
93
90
93
98
100
66
73
78
82
102
94
99
97
94
90
94
97
99
97
94
90
87
85
87
90
94
90
87
85
82
78
82
85
87
54
61
80_85
65
71
82
80
75
73
75
80
82
80
75
73
70
68
70
73
75
73
75
80
82
80
82
85
87
66
73
85
78
82
102
99
97
94
90
94
97
99
97
94
90
87
85
87
90
94
90
87
85
82
78
82
85
87
54
61
80
85
65
71
82
80
75
73
75
80
82
80
75
73
70
68
70
73
75
73
75
80
82
80
82
85
87
54
61
78_85
66
70
82
78
75
73
75
78
82
85
82
78
75
73
75
78
87
54
61
65
80
85
71
82
80
75
73
75
80
87
54
61
85
78
70
82
78
75
73
75
78
82
85
82
78
75
73
75
78
87
54
61
80
65
85
71
82
80
75
73
75
80
87
54
61
85
78
66
82
70
78
75
73
75
78
87
54
61
80_85
65
71
82
80
75
73
75
80
87
54
61_85
78
66
82
70
78
75
73
75
78
87
54
61
80
85
65
71
82
80
75
73
75
80
54
87
61
66
85
78
70
82
78
75
73
70
66
63
61
63
54
66
58
61
70
63_73
75
66
78
70
82
73
85
75
78
87
82_90
94
85
97
87
94
85
82
90
87
78
85
75
82
73
70
78
75
66
73
63
70
61
66
58
63
54
66
58
61
70
73
63
75
66
78
70
82
73
85
75
87
78
90
82
85
94
97
87
99
90
94
102
99
90
97
87
94
85
90
82
78_87
85
75
82
73
78
70
66
75
63
73
70
61
66
58
63
54
61
51
58
49
46
54
42
51
49
39
46
37
42
34
46
37
49
39
42
51
54
46
49
58
51
61
54_63
66
58
61
70
73
63
75
66
78
70
73
82
85
75
87
78
90
82
85_94
97
87
99
90
102
94
42
49
58
54
61
66
70
42
49
58
54
61
66
71
42
49
54
61
58
66
73
42
49
53
59
61
68
75
73
42
49
59
61
53_65
56
71
59
53
61
65
56
73
42
49
53
59
61
68
75
42
49
54
58
61
66
70
70
77
75
41
49
53
58
61
65
70
73
75
77
41
51
57
60
63
69
72
78
77
41
50
53
58
62
65
70
74
75
77
41
51
57
60
63
69
72
79
77
77
46
53
58
62
65
70
74
82
80
37
44
52
56
61
64
68
73
73
73
45
52
57
61
64
69
73
73
74
73
72
73
73
78
76
76
40
47
52
56
59
64
68
71
71
71
71
71
71
71
71
41
49
61
59
56
61
49
70
42
49
61
58
54
70
49
70
47
49
61
68
53
56
61
49
66
46
49
61
58
54
61
49
47
75
54
66
63
59
66
54
46
75
54
66
61
58
54
73
73
44
65
53
71
59
61
65
70
42
66
49
58
61
66
49
68
39
66
48
60
56
54
66
48
68
60
56
54
66
48
60
56
54
66
48
70
70
37
66
49
58_61
54
66
49
61
58
54
66
49
70
58
61
54
66
49
70
39
48_66
68
56
54
60
66
48
68
54_56
60
66
48
70
54_56
60
66
48
73
37
70
58_61
54
70
49
61
54
58
70
49
61
54
70
49
61
58
54
90
73_78
82
87
75
78
70
75_83
71
66
78
37
87
75
78
70
75_83
71
66
80
71
68
63
37
68
63
59
66
58
61
65
56_59
49
66
61
58
49
67
58
64
49
68
59_65
49
63
66
60_69
49
70
61
66
78
73
70
75
66
70
71
66
63
37
75
66
70
71
63
66
68
63
59
37
56
51
47
58
54
51
59
56
63
58
54
63
59
53_56
25
61
58
49
52
42
30
59
30_42
49
56
52
61
30_58
42_52
63
58
52
30
42
61
66
42_57
62
30
68
40
57
64
28
57_69
66
38
62
26
26
38
57
62
66
71
69
73
58_66
25_37
73
68
59_65
37
25
73
58
66
30_42
37
