69
57
57
69
69
57
69
57
63
51
51
63
63
51
63
51
45_57
45
57
57
45
57
45
39
51
51
39
39_51
51
39
45
33
33
45
45
33
45
33
39
27
27_39
39
27
54
45_48
45
48
54
46_55
50
55
46
50
51_56
47
47
51
56
51_63
56
58
39
27
40
28
28
40
56
58
42
30
42
28
40
58
30
55
28
40
39
27
27
39
51
55_58_63
63
51
51
63
32
39
44
51
56
60
63
56
51
60
32_44
63
39
72
60
60
72
72
60
72
60
54_66
54
66
54_66
66
54
48_60
48
60
60
48
60
48
42
54
42_54
54
42
54
42
48
36
48
36
48
36
48
36
30
42
42
30
42
30
51_57
48
48
57
51
52_58
49
52
49
58
54_59
50
50
54
59
54_66
59
61
30
42
31_43
31
43
59
61
33_45
45
33
43_61
31_58
31_43
30
42
30
42
54
66
61
58
66
54
35
42
54
66
47
54
59
63
66
35
54
59
47
42
63
66
63
75_87
63
75
87
63
87
75
63
75
87
57_81
69
69
57_81
57_69
81
69
57
81
81
69
93
93
69_81
93
69_81
93
81
69
87
63_75
75
87
63
63
87
75
63_75
87
54_57_63
35
47
54
57
47
35
63
63_66
34
54_58
46
66
54
58
34
46
63
63
75_87
63_75
87
63_87
75
63
75
87
82
58
70
70
58_82
58
82
70
70
58
82
94
82
70
82
94
70
70_94
82
94
82
70
63
75_87
87
75
63
63
87
75
75
63_87
34_66
46_63
54_58
54
58
46
34
63_66
60_72
45_63
33_66
60
33
45_63
66
72
84
96
72
60
84
96
60
72
84
96
60_72
96
84
72
60
87
63_75
51
75
63
87
51
87
75
51
63
75
63
87
51
55_63
67
60
31_43
55
31
60
43
63
67
84
96
72
60
84
96
60_72
96
84
60
72
96
84
60_72
63
75_87
51
51
75_87
63
87
75
63
51
63_75
51
87
93_99
42_87
36
30
87
30_93
36_42_99
42
36_99
87_93
30
36
99
42
30_93
87
87
81_93
48
42
36
36
87
81
42_48_93
42
48_81
93
87
36
36
48
93
42
81
87
42_75_87
81
54
48
48
75
42_54
87
81
48_54
42
81_87
75
42
48_54
75
87
81
75
69_81
48_60
54
48_69_75
54_60
81
69_81
54_60_75
48
48
69_81
60
54
75
63
54_75
66
60_69
60
54_63_66
69
75
60_66_69
54_75
63
66
60_63
69_75
54
63
69
60
54
57
48
48
60
54_57
63
69
57_69
54_60
63
48
57
60
69
48_54
63
63
54_57
42
51
45
42
51_54
57
45
63
45_54_63
57
51
42
51
45_54
63
57
42
51_57
42_45_48
36
48
45
36_42
51
57
36
42_45
48_51
57
45
36
42
48
57
51
51
45_57
35_47
42
35
47
45
57
42
51
42
34_45
50_57
46
46
50
45
42
42_54
46_50
38
57
55
43
42
54
46
50
34
55
43
38
33
33
45
45
34
34
46
46
37
49
37
49
40
40
52
52
41
41
53
53
43
43
55
55
45
45
57
57
46
46
58
37
58
49
49
37
53
53
65
65
52
52
64
64
50
50
62
62
47
47
59
59
44
44
56
56
41
41
53
53
40
40
52
52
38
38
50
32
50
44
32
44
45
33
45
33
45
33
53
50
50
53
33
45
53
50
34
46
46
34
46
34
50
53
53
50
50
53
46
34
50
53
33
45
33
45
33_45
50
53
53
50
50
53
33_45
53
50
32_44
32
44
50
53
32
44
53
50
32
50
44
53
53
50
31
43
31
43
50
31_43
53
52
50
50
52
43
31
52
50
30
42
30
42
42
30
50_52
52
50
50
52
30
42
52
50
29
41
29
41
50
52
29_41
50_52
29
41
50
52
52
50
28_40
28
40
50
52
28_40
28
52
50
40
50
52
50
52
39
27
27
39
50
52
27
39
51
27
39
51
51
39
27
27_39
39
27
51
51
51
51
27
51
39
34
34
34
46
46
34
46
34
34
34
46
46
46
46
34
46
37
25
25_37
37
25
49
49
49
25
37
49
33
33
33
45
45
45
33
45
69
57
69
57
26
38
57_69
26
38
57
69
53
45_50
45
53
50
45
50
53
45
53
50
58_70
70
58
70
58
46
50
53
53
70
50
46
58
46
50
53
53
50
46
57_69
57
69
69
57
45
53
50
53
50
45
69
45
50
53
57
45_53
50
56_68
56
68
68
56
44
50_53
50_53
44
68
56
44
50
53
50_53
44
55_67
55
67
67
55
50
43_45
67
45
43
55
50
43_45
50
66
54
45
50
43
66
54
66
54
42
45_50
66
50
45
42
54
42
45
50
50
45
42
53
65
65
53
53_65
45
41
41
45
65
45
53
41
45
41
64
52
52_64
64
52
41_45
40
64
41_52
40_45
41
40_45
41
40
45
63
51
51_63
63
51
39_41
45
45
41
39
63
51
39
41
45
39
45
41
62
50
62
50
50
62
38_41
45
45
41
38
62
50
41
38
45
61
49
49
61
45
38
41
61
49
37
41
45
41_45
37
49
37
41
45
61
37
50
62
41
50
45_62
50_62
38
41_45
41
45
38
50
62
38_41
45
38_41
45
63
51
63
51
63
51
39_41
45
41
45
39
63
39_41
45_51
41
39
45
52
64
52
64
64
52
52
64
45
41
40
41
40_45
41_45
40
41
40
45
53
65
53
65
53_65
53_65
41
45
50
45
41_50
45
50
41
41_50
45
66
54
54
66
66
54
42
45_50
45_50
42
66
54
45
42_50
50
42_45
67
55
55
67
55_67
55
67
45
50
43
43
45_50
45
43_50
45_50
43
56
68
56
68
56_68
44
50
53
50_53
44
50
44_68
53
56
44_50_53
57_69
57
69
57_69
45_50
53
53
45
50
57
69
50
53
45
62
74
62
74
62_74
50
45
53
74
62
60_72
60
72
26
38
60
72
26
38
52
55
46
52
55
46
46
55
52
72
60
46
52_55
59_71
59
71
71
59
47
55
52
47
55
52
52
47_55
71
59
47
55
52
70
58
58
70
70
58
46
52
55
55
46
52
70
58
46_52
55
52
55
46
57
69
57
69
57_69
52
45_46
46
52
45
69
57
46
45
52
45
52
46
56
68
56_68
68
56
44
52
46
44_46
52
68
44_46
52
56
46_52
44
55_67
55_67
55
67
43
46_52
67
55
52
43_46
52
43_46
43
52
46
66
54
54
66
66
54
42
46
42_46
66
54
42
46
42_46
53
65
65
53
53_65
43
40_46
46
40_43
65
53
43
40_46
46
43
40
52_64
64
52
64
52
46
43
40
64
43
46
52
40
46
40
43
46
43
40
63
51
63
51
63
51
39
46
43
46
39_43_63
51
39_43
46
46
39_43
52
64
52
64
52
64
40
46
43
52
40
43_46
64
43_46
40
40_43
46
53
65
53
65
53
65
46
41_53
65
46
41
41_46
41_46
54
66
54_66
66
54
42
46
66
46_54
42
42
46
42
46
55
67
55
67
55
67
55
67
46
43
52
52
43
46
46
52
43
52
43_46
56_68
56
68
56_68
47
44_52
52
47
44_56
68
44
47
52
47
44
52
69
57
57
69
57_69
45
55
52
45
55
57
52
69
55
46
52
55
52
46
58_70
58
70
25
37
70
58
37
25
52
55
46
52_55
46
70
58
46_52
55
55
46
52
57
69
57
69
69
57
45
52_55
55
45
52
57
69
45
52_55
45
52_55
70_82
70_82
70_82
64
58
67
58_67
64
67
82
64_70
57
69
81
69
81
81
67_69
64
57
81
69
64_76
64_76
26
38
64
76
38
26
52
44_47
44_47
52
64
76
44_47
52
47
44_52
65
77
65_77
65_77
53_77
44_47
65
47
53
44
53
44_47
47
44
53
61_73
61
73
73
61
59
56
65
65
56_59
73
61
65
59
56
65
59
74
62
56
62_74
62
74
74
62
68
56
68
56
25
37
56_68
44_52
44_52
56
68
44
52
44
52
57_69
57
69
57
69
57
69
45
52
52
45
45
52
45_52
82
70
70
82
70_82
64_67
58
58_82
67
64
70
64_67
25_57
37
69_81
69
81
69
81
67
64
57
81
69
64_76
64
76
38
26
76
64
26
38
47_52
44
44
52
47
64
76
47
44_52
52
47
44
65
77
65
77
65
77
77
53
44
47
65
47
44_53
53
44
47
44_47
53
61
73
73
61
73
61
56
59
65
56_59
65
73
61
65
56_59
74
62_65
59
62
74
56
62_74
74
62
68
56
68
56
56_68
49
52
52
49
49
52
68
56
52
49
69
57
57
69
57_69
49
52
52
49
69
57
49
52
49
52
58_70
58_70
70
58
54
48_51
48_51
54
70
54
48_58
51
51
48
54
57_69
57
69
57
69
54
51
48
57
69
51
54
48
48_51
54
51
48
54
61_73
61
73
73
61
57
47
50_54
50
57
54
47
54_61
73
50
47_57
57
54
47
50
62_74
62_74
62_74
57
50_54
47
57
54
47_50
50_54
47
57_62
74
57
47_54
50
63
75
63_75
75
63
46
50_57
57
50
46
75
63
50
46_57
57
50
46
62
74
62
74
62
74
46
50_55
55
46_50
62
74
50_55
46
55
50
46
79
67
67_79
67
79
45_50
55
55
45
50
79
67
50
55
45
55
50
45_65
77
65
77
65
77
45
50_53_65
53
50_77
45
45_50
53
53
50
45
74_86
74
86
74_86
86
44_53
47_50
74
53
44
50
47
47_53
44_50
62
44
74
47_50
53
62
74
62
74
62
74
44_53
47_50
44
53
50
47
47_50
44_53
47
44
53
50_74
86
74
86
74_86
53
46
43_50
43
53_86
50
46
74
53
46
50
43
74
62
74
62
74
62
43
53
50
46
62
50_53
43_46
74
43_53
50
46
46
50
53
43
43
53
50
46
77_89
77
89
77_89
53
44
47_50
44
50_53
47_89
77
47_53
44_50
44_77
89
53
77
89
50
47
88
76
44
50_52
47
88
76
44_52
50
47
44_47
52
50
44_52
47_50
86
74
74
86
49
52_57
45_81
81
93
93
82
82
94
94
81
81
93
52
49
57
45_93
82
82
94
94
81
45_57
57
45
81
93
93
82
46_58
46_58
82
94
94
49_61
85_88
81
49_61
81
85
93
88
93
52_64
82
52
64
82
94
94
65
53
81
53
65
81
93
93
67
55_82
55
67
82
94
94
57_69
81
57_69
81
93
93
70_82
58
70
58
82
94
94
89
81
57_69
86
57
69_81
86
89
93
93
82
65
77
77
65
82
94
94
64
76
81
64_76
81
93
93
74
62
82
74
62
82_94
94
69
57
81
69
57
81
93
93
65
53_82
65
53
94
82
94
91
64_85
52
81
64
52
81_85
91
93
93
82
61
49
49
61_82
94
94
58
81
46
58
46
93
81
93
57
45
82
57
45
94
82
94
43
55
81
55
43
93
93
52
40
81
81
69
81
69
52
40
74_81
69_77
45
41_50
38
38
50
41
45
81
69
74
77
45_50
38_41
38
41
45
50
82
70
74
77
70
82
74
77
70_82
74
77
82
70
62_65_74
57
77
57_65
62
62_65
57
65
62
57
69
77_81
74
69
74_81
77
77
69_74
81
81
45
50
38
41_69
74_77
38
50
41_45
45
38_41_50
38
41
45
50
68
74_77_80
68
80
74
77
77
68
74_80
80
68
62_65_74
57
77
57_65
62
62
65
57
65
62
57
74_79
69
67
67_69
79
74
74_79
69
67
69
67
79
74
45
50
41
38
50
38
70
45
41
70
38_41
50
45
38
41
45
50
66_78
69
74
66
69
78
74
66_69
74_78
66_78
69
62
53
57
74
53
62
57
57
62
53
62
57
53
69
65_77
65
69
77
69
65
74
77
50
45
38
41
65
77
38
50
45
41
74
69
45
38_50
41
38
41
45_50
76
64
69
64
69
76
69
64
76
64_76
57
53
69
57
53
57
53
57
53
75
63_69
63
69
75
75
63_69
63
75
69
45
50
41
38
38_50
41_45
45_50
38_41
38
41
45
50
62_69
74
62
69
74
69
62
74
62
57_74
53
69
57
53
57
53
57
53
61
73
69
61
69_73
69_73
61
45
38_50
41
38
50_61
41
45
69
73
45
41_50
38
38
41
45
50
69_74
62
62
69
74
62_69
74
62
57
53
74
69
57
53
57
53
57
53
63_75
69
63
69
75
75
63
69
45
41_50
38
75
63_69
38_50
45
41
41_45
50
38
38
41
45
50
64_69
76
64
76
69
64_69
76
64
57
53
62
62
53_57
76
69
57
62
53
62
57
53
65
69
77
65
69
77
69
65_77
50
45
38_41
65
38_45_50
41
77
69
45_50
41
38
66
69
78
74
38
41
45_50
66
69
78
74
66_69
74_78
66
69
74
78
62
53
57
53
62
57
53_57
62
62
57
53
67_74_79
67
74_79
67_74_79
67
79
45
50
38
41
74
38
50
45
41
45
41_50
38
38
68_80
74
41_45
50
68
80
74
80
68
74
68
53_62
57
80
74
53
62
57
57_62
53
62
57
53
69_74
77_81
69
81
74
77
74_77
81
69
69
74
77
45_50
81
38_41
38
50
45
41
45_50
38_41
38
45
41
74_81_86
77
50
74
86
77
81
81
74_86
77
57_65
62
86
65
57
81
62_74
77
62
65
57
65
62
57
72
84
72
84
76_79
72_84
46
38
43_52
38_52
43_46
38
43_52
46
84
72
76_79
38
43
79_83
71_76
46
52
71
76_83
79
79
71_76
83
71
58_83
64_67
76
79
67
58
64
58_64
67
67
58
64
70
82
76
79
70
82
76
79
79
70_82
76
82
52
43
38_46
76
79
52_70
38
46
43
43
46
52
38
38
43
46
52
81
69
76
76
69
81
76_81
69
69
58
67
64
76
81
67
58
64
58
64_67
67
64
58
68_76_80
68
76
80
76_80
68
76
46_80
52
38
43
68
52
38
46
43
43_46
52
38
38
43
46
52
70
67_76
79
67
79
70
76
70
67_76
79
67
79
55_64
58
70
76
64
55
58
58
55_64
64
55_58
78
66_70
66
70
78
66_78
70
38_52
43_46
52
38
43
46
66
70
78
43_46
38_52
38
43
46
70_77
65
52
65
70
77
65
70
77
58_77
55
70
65
55
58
55_58
58
55
64_70
76
64
76
70
64_70_76
38_43
46_52
76
64
52
38
46
43
70
46
38_52
43
38_43
46
52
63_75
70
63
75
70
63_75
70
63
58
55
70_75
55
58
55_58
58
55
64_76
70
64
70
76
70_76
64
38_52
43_46
64
76
38_52
46
43
70
43_46
52
38
38
43
46
52
65
70_77
65
70
77
70
65_77
65
58_77
55
70
58
55
58
55
58
55
70_78
66
66
70
78
66_78
70
70
52
38_46
43
78
66
38
52
43
46
46
43
38_52
38
43
46
52
70
67_76_79
67
79
70
76
70
67_76
79
67
58_64
55
79
70
64
55
76
58
58
55_64
64
55_58
76
68
80
68
80
76
76
68
80
68
52_76
38_80
43_46
38_52
43_46
43_52
38_46
38
43
69_81
76_79
46
52
69
76
79
81
79_81
69
76
69
58
64_67
79
76
67
58
81
64
64
67
58
67
64
58
79
70
76_82
70
82
76
79
79_82
70_76
37_49
45
37_45
49
37
45_49
76
82
79
70
37
45_69_81
79
76
49
69
76
79_81
81
69_79
76
69
76
79
81
57_67
64
67
57
64
64
57_67
67
64
57
82
88_91
94
82
88
91_94
82_94
91
88
37
82
49
45
94
82
49
37
45
91
88
82
45
49
37
37
45
49
81_91
88_93
81
88_93
91
81_91
88_93
93
81
91
88
64
57_67
57
67
64
57
64
67
67
64
57
88
76
76
88
83
76
80_88
38_50
47
50
38
47_88
76
38_47_50
80
83
38
47
50
80_83
77_89
80_83
77_89
83
77_89
80
77
89
65
56
59
65
56_59
80_83
59
65
56
65
59
56
73
83
80_85
73
85
80
83
73_83
85
80
85
38_50
47
80
73
83
50
38_47
38_47
50
38
47
50
83
74_80
86
74
86
80
83
83
74_86
80
86
74
83
80
65
56_59
56_65
59
59
65
56
65
59
56
68_77
80
68
77
80
70
76_79_82
76_82
70_79
37_46_49
37
46_49
49
45
37
45
37
49
76
79_81
69
76
81
69
79
79_81
69_76
69
76
79
81
57
64_67
67
57
64
64
57_67
67
64
57
82
91
88_94
82
88
94
91
94
82_91
88
37
49
46
91
94
49_88
37
46
82
46
37_49
37
46_49
81_88
91_93
81
88_93
91
81_93
88_91
93
81
91
88
64
57_67
67
57
64
64
57
67
67
64
57
76_88
76
88
83_88
76
80
38
50
47
88
76
50
38
47
80
38_47
50
83
38
47
50
89
77
77
89
83
80
77_89
89
77
83
80
59
56
65
59
65
56
65
56
59
59_65
56
76
64
64
76
71
64
68_76
64
76
37_49
44
68
71
49
37
44
44
37_49
44
65_77
37_49
65
77
73
65_77
68
65
68
77
73
44
35
47
35
47
44
44
47
35
35
47
89
77
44
77
89
85
77_89
77
89
85
33_45
42
33_45
42
42_45
33
33
45
42
85
78_90
78
90
85
90
78
85
78_90
85
66
54
61
66
54
61
61
66
54
66
61
54
66
73_78
66
73
78
79
73
67
29_41
37
67_79
29_41
37
73
37_41
29
29
37_41
80
68_73
68
73
80
80
68_73
68
73
80
61_68
56
68
56
61
61_68
56
68
61
56
80
85_92
80
85_92
92
80
85
30_42
37
85
42
30
37
92
80
37
42
30
30
37
42
85_93
81
81
85
93
85
81_93
93
81
85
57_69
61
69
57
61
61
69
57
69
57
61
73_81
69
69
73
81
73
69_81
40_42_52
81
69
40
52
73
42
42_52
40
40
42_52
70
73_82
70
73
82
70
73_82
70
73
82
66
70
58_61
58
70
61_66
70
66
58_61
70
66
58
61
94
82_90
82
94
90
90_94
82
39
42_51
39_51
42
82_90_94
42
39_51
39
42
51
90_95
83
83
90
95
90
83_95
59_71
66
59
71
66_95
83
90
66
71
59
71
66
59
90
83_95
83
90
95
90
83_95
38_42_50
50
38_42
38_42_50
95
83
90
90
83_95
38_50
42
83
95
90
90
83_95
49
37_42
95
49
42
37
83
90
37_49
42
42
49
37
90
81_93
81
93
90
90
81_93
93
38_47
35_81
90
35
47
38
38_47
35
35
38
47
80
90_92
80
92
90
92
80_90
80
92
90
54
56_62
62
54_56
54
56
62
62
56
54
90
86_98
86
90_98
86_98
90
98
86
90
38_47
35
47
35
38
38_47
35
35
38
47
80
92
90
80
92
90
80_90
92
80
92
90
54_56
62
54_56_62
56_62
54
62
56
54
81_90
93
81
90_93
90
81
93
93
81
47
38
35_90
47
35
38
47
38
35
35
38
47
80_92
90
80
92
90
92
80
90
80
92
90
54
62
66
56
54
66
56
62
62_66
54
56
66
62
56
54_90_92
102
90
102
92
90_102
92
90_102
92
38
47
35
35
47
38
47
38
35
35_47
92
80
90
38
80
90
92
80
90
92
80
92
90
54
62
66
56
54
66
56
62
66
54_62
56
66
62
54_56
90
81_93
81
90
93
90
81_93
44_48
36
93
48
36
81
44
90
44
48
36
36
48
44
80_92
90
80_92
90
80_90_92
80
90
92
68
66
63
56
56
63_68
66
63_68
66
56
68
66
63
56
92_102_104
92
102_104
104
92_102
36_48
44
104
102
92
48
36
44
44_48
36
36
44
48_92
90
80
80
92
90
80_90
92
66
63
56
68
68
56
63
66
92
90
80
66_68
63
56
93
81
56
66
63
68
81_93
81_93
69
57
93
57_69
81
69
57
69
75_87
57
75
87
87
75
87
75
63
51
51_63
63
51
63
51
69_81
69_81
69
81
69_81
57
45
45
57
57
45
57
45
63
75
63_75
63_75
75
63
39_51
51
39
51
39
51
39
57_69
57
69
57_69
69
57
33_45
33_45
33_45
45
33
63
51
51
63
63
51
63
51
27_39
39
27
39
27
42_45
51
42
45
51
39
27
42_51
45
24_36
24_36
45
42
51
24_36
52
46
43
43
52
46
46_52
43
24
36
43
36
24
52
46
36
24
24_36
44_53
47
44
53
47
47_53
44
36
24
24_36
53
36_44_47
24
24
36
45_54
51
45
51
54
51
54
45
36
24
36
24
24_36
51
45
24
36
54
52
46
55
52
46
55
52_55
46
24
36
24_36
24_55
36
46
52
24_36
53
56
47
47
56
53
53
47_56
36
24
36
24
47
53
56
36
24
24_36
24
36
54
48_51
57
48
51
57
54
54
51
48_57
45
33
33
45
45
33
48_57
51
54
57
33
45
56
57
32_44
32
44
30_42
54
42
30
56
54
49
37_61
73
61
73
60
60
72
49
37
72
61
61
73
73
60
60
72
72
48
36
61
36_48
61_73
73
49_60
37
49
37
60
72
72
61
50
38
66
61
50
38
66
73
73
60
42
54
60
54
42
72
72
59_61
47
47
59
73
61
73
48
60
48
60
72
72
49
61
49
61
73
73
50
60
50
72
60
72
61
51
39
67
61
73
67
73
60
60
72
72
61
61
73
51
39
73
60
60
72
72
50
38_61
50
38
61
73
73
60
39_51
51
39
60
72
72
40_52
61
68
61
40_73
52
68
73
60
56
44
60
56
44_72
72
61
59
47
59
47
73
61
73
48
60
48
60
72
72
49
61
49
61
73
73
52
60
52
60
72
53_72
41
61_68
61
68
73
73
60
60
72
72
61
53
41
61
73
73
54
42
69
60
60
69
72
72
61
61
54
42
73
73
62
62
74
74
43_55
73
63
63
73
75
75
64
73
55
43
64
73
76
76
56_65
44
73
65
56
77
73
44
77
66
57_73
45
73
66
45
57
78
78
56
44_68
73
68
56
44
80
73
80
42_69
54_73
69
73
81
42
54
81
49_73
37_85
37
49
49
61
49
61
48
85
73
48_60
60
49
61
49
61
48_84
72
72
84
48
60
60
49
85
73
73
85
61
49
61
38_86
78
74
50
74
78
86
50
38
49
78
90
78
90
49
61
61
83_95
48
83
95
48
60
60
49
84_96
84
96
49
61
61
48
85_97
85
97
48
60
60
49
86_98
86
98
61
61
49
51
61
39_55
63
39
51
55
61
63
49
61
49
61
48
60
48
60
49
61
49
61
74_86
48
74
86
48
60
60
49
75
87
75
87
61
49
61
88
76_80
40_52
76
80
88
52
40
49_80
92
80
92
61
49
61
48
83_95
83
95
48
60
60
84_96
49
96
84
49
61
61
48
85_97
85
97
48
60
60
49
88_100
100
88
61
49
61
53_68
65_77
41_73
53
41
62
50
50
62
65
77
61
49
73
68
49_61
66_73
69_78
42
54
54
42
60
48
60
48
69
66
73
78
61
49
61
49
73
79
67
43
55
43
55
63
51
63
51
67
79
64
52
73
64
52
68
73_80
56
44
44
56
64
52
52
64
73
68
80
65
53
65
53
78
45_57_81
69
72
75
45_57
69
81
72
66
54
75_78
66
54
58_70
46
82
76_79
73
46_58
67
55
76
73
79
70_82
55
67
71_74_77
80
83
59
47
47
59
68
56
56_68
71
74
77
80
83
72
84
60
48
84
60
72
48
73_85
61
49
49
61
85
73
62
86
50_74
62
86
74
50
38
26
50_62
26
50
38
62
41
53
56
44
41
53
47
59
56
44
50
62
47_59
62
50
53
65
53
56_68
65
59
71
56
68
62
74
59_71
74
62
65
77
80
65_68
77
83
71
80
68
83
71
74_86
74_86
73
73
72
84
72
84
71
71
70_82
82
70
69
69
68
80
68_80
67
67
66
78
66
78
65
65
64_76
64
76
63
63
62_74
62
74
61
61
60_72
60
72
59
59
77_89
65
53
89
65
77
53
41
29
53_65
29
65
41
53
44
56
59
47
56
44
62
50_59
47
62
50
53
65
53
68
56
65
71
59
68
56
74
62
71
59
74
62
65
77
65
80
68
77
71_83
68
80
86
74
83
71
86
74
89
77
77
89
76
76
75_87
75
87
74
74
73
85
73
85
72
72
83
71
71
83
70
70
69
81
69_81
68
68
67_79
67
79
66
66
65
77
65
77
64
64
63_75
63_75
62
62
80_92
68
56
68_92
80
56
44
68
32_56
32
44
56
68
47
59
62
50
59
47
65
53
62
50
68
56
65
53
68
56
59
71
59
62
74
71
65
77
62
74
80
68
77
65
80
68
71
83
71
74
86
83
77
89
74
86
89
77
80_92
80
92
79
79
78_90
78
90
77
77
88
76
76
88
74
74
83_95
83
95
82
82
81
93
81
93
80
80
79
91
79
91
78
78
86
98
86_98
85
85
96
84
84_96
83
83
81_93
81
93
80
80
101
89
89_101
88
88
87_99
87
99
86
86
85_97
85
97
84
84
83_95
83
95
82
82
81_93
81_93
80
80
79_91
79
91
78
78
77_89
77
89
76
76
75_87
75_87
74
74
85
73
73
85
72
72
83
71
71
83
70
70
81
69
81
69
68
68
67_79
67
79
66
66
65
77
65_77
64
64
63_75
63
75
62
62
73
61
61
73
60
60
71
59
59
71
58
58
69
57
57
69
56
56
56
68
56_68
68
56
56
68
56
68
56
68
56
68
56
68
56
68
56
68
68
56
56
68
56_68
56
68
68
56
56
68
68
50_56
59
62
56
68
62
59
50
68
56
56
68
68
56
56
68
44
59_68
51_56
63
63
56
68
51
68
56_59
44
56
68
56
68
56
68
53_62
59_65
71
59
71
65
59_71
53
59
71
62
71
59
59
71
62
47
59_71
66
54
59
71
66
71
59
71
59
71
59
59_71
47
54
62_71
59
59
71
59_71
59
71
71
59
59
71
71
59
59
71
59_71
59
71
71
59
59
71
53_62
59_65
71
59
71
65
53
62
59_71
59
71
71
59
59
71
71
54_59
62_66
47
59
71
47_66
54
62
71
59
59
71
59_71
59
71
65
74
56_62
62
65_74
56
62
74
62
74
74
62
62
74
62
57
65_69_74
50
62_74
74
62
62
74
74
62
62
74
74
62
62
74
65_69
57
50
74
62
62
74
74
62
62
74
74
62
62
74
74
62
62
74
62_74
62
74
68
59_77
65
71
65
71
77
68
59
77
65
65
77
65
77
65
77
65_72
53_77
68
60
65
72_77
53
60
68
65_77
65
77
65_77
65
77
68
62
80
71_74
68
71
80
80
68_74
68
62
80
80
71_75
56_68
63
63
71
56
75
68
80
65_71_74
77
83
74
83
77
71
65
71
83
83
71
59_71_83
74
66_78
74
59
78_83
71
66
80_86
77
68_74
77
86
74_80
68
80
68_77_86
74
77
86
80
74
68
81
77_86
69_74
62
77
86
62_81
69_74
80
68_74_86
77
77
86
74_80
68
80
86
68
74_77
77
80
86
74
68
81_86
74_77
69
62
77
62_86
81
69
74
80
68_77
74_86
77
86
74
80
68
80
68_77
74
86
77
74
86
80
68
77_81
69_86
62_74
77
62_74_86
69_81
80
68_86
74_77
77
74
86
80
68
74_86
68_80
77
77
68
86
74_80
86
77_81
69
74
62
77
81
69_74
62_86
86
82
70_74_77
77
86
82
82_86
77
74
70
77
86
82
82
77
86
77
86
82
74
74
82
74
77_86
77
86
82
82
86
77
77
74_86
82
86
77_82
77
82
86
79_86
83_91
79_83
86
91
91
79_83
86
79
83
86
91
91
83
79_86
79
83_86
91
67
67
79_86
83
67
79
83
86
79_83
86
79
83
86
83
86
79
79
83
86
77_82
86
67
82
77
86
82
77
86
77
82_86
82
86
77
77
82
86
62
62
77_86
82
62
77
82
86
77
82_86
77
82
62
86
86
77_82
77
82
86
79_91
86
83
79
83
86
91
79_86_91
83
79
83
86
91
83_86
79
79
83
86
55
55
79_83
86
55
79
83
86
55
79
83_86
79
83
86
79_86
83
79
50_83
62
86
50
62
62
50
86
82
77
77
82
62
86
50
82
77_86
77
82
86
86
82
77
77
82
55
86
43
55
43
79_86
43_83
91
55
79
83
86_91
79_86
83
55
43
79
83
86
86
83
79
79
83
86
62
50
50
62
82_86
77
62
50
77
82
86
62
50
77_82
86
77
82
86
77
82_86
77
82
86
55
43
43
55
86
79_91
83
55
43
79
83
91
86
55
43
83
79_86
91
79
83
86_91
79_83_86_91
79
83
86_91
39_51
51
39
79_82
51_87
39
91
79
82
91
87
82_87
79
91
79
82
91
87
82_87
79
91
91
39
51_79
82
87
70
58
58
70
87
79_82
70
91
58
91
79
82
87
70
58
82
87
79
91
91
79
82
87
79_82_87
91
91
79_82
87
63
51
51
63
63
82_87
79
51_91
79_91
82
87
63
51
79_82
87_91
91
82_87
79
82
79
87
91
91
79
82_87
58
46
46_58
58
46_82
79_87
91
91
79
82
87
58
46
82
79_87
91
91
79
82
87
82_87
79
91
91
79_87
82
39
51
51
39
82
87
79
91
51
39
91
79
82
87
82_87
79
91
91
79_82
87
51
39
79_82
87_91
79_82
91
87
38
50
38_50
50
38_82
79_87
91
79
82_91
87
38_50
79_82_87_91
79
82_91
87
79_82
87_91
79
87
82
91
37
49
49
37
37_49
80_89
85_92
80
85
89
92
37
49
80_85
89_92
80
85
89_92
89_92
85
80
73
61
80
92
85
89
61
73
80_85_92
89
73
61
80
92
85
89
73
61
80_85
89
92
80
85
92
89
89_92
80
85
80
92
85
56
68
89
56_68
92
80_85
68
56_89
89
80
92
85
68
56
89
80_85
92
80
85
92
89
92
85_89
80
49_61
80
85
92
89
49
61
61
92
89
49
80_85
80
85
92
89
61
49
80_85
89_92
80
92
85
89
80_89_92
85
80
92
85
44
56_89
44_56
92
80_85
89
56
44
80
85_92
89
56
44
80
85_92
89
80
85_92
89
92
89
85
80
80
37_85
49
92
89
37_49
49_92
37_85
80_89
80
85
92
89
80
85
89_92
37
49
80
85
92
89
92
80_89
85
38
50
80
85_92
89
50
38
80_92
85
89
38_50
80
85_92
89
80_92
85_89
50
80
38_92
85
89
80_89
85_92
49_80
37
85
92
89
49
37
49_80
37_85_89
92
80
85
92
89
80
85_92
89
37
49
80
85
89
92
80_89
85_92
39
51_80_85
89
92
51
39
51
88
93
81
85
39
81
85
93
88
85_88
81
93
81
51
85
88_93
39
93
81_85_88
81
37
49
93
85
88
49
37
49
81_88
85_93
37
81
93
85
88
49
37_81_88
93
85
81
85
93
88
85_93
88
81
81
93
85
88
30
42
42
30
82_94
30
42_85
90
30
42_85
82
94
90
70
58
58
70
90
78
66
54
66
54
78
90
63_87
75
51
63
51
87
75
73_85
49_61
61
49
73
85
58
46
82
70
58
46
82
70
80
68
56
44
56
68
44
80
54
42_78
66
54
66
42
78
75
51_63
39
51
63
75
39
49
37_61_73
49
61
73
37
46_70
58
58_70
46
66
42_54
54
66
42
92_95
88
28_40
83
28
40
83
92_95
88
59_71
71
59
92
80
68
56
56
68
92
80
90
78
66
54
66
54
78
90
88
52_64
76
52_64
88
76
61_85
73
49
61
49
73_85
83
71
47_59
47_59_71
83
56
68_80
44
56
44
68
80
54_78
42_66
54
78
66
42
52
40
64_76
64
52_76
40
49
37
61_73
49
73
61
37
35
47
71
59
35
47
59
56
44
68
71
56
44
66
54
42
68
54
42
64
40_52
66
52
40
37_61
49
64
49
37
61
59
35_47
47_59
35
82
85_94
90
30_42
30
42
85
82
94
90
70
58
70
58
78_90
66
54
54
66
90
78
87
63_75
51
63
51
75
87
61
73_85
49
61
49
73
85
58
46
70_82
58
70
46
82
80_85_90
92
49
37
44
85
80
37_90
92
44_49
56_68
68
56
78_90
66
54
66
78
90
54
87
75
63
51
63
51
75_87
49
61
73
85
61
49
73
85
58
46_82
70
58
46
70
82
44_56
80
68
44
56
68
80
42_54
66_78
54
42_78
66
51
39_75
63
51
75
39
63
37_49
61_73
73
61
49
37
58_70
46
58
70
46
68
56
44
56
68
44
80_85
37_89
49
44
41
92
37
41
44
49
92
89
85
80
68
56
56
68
53_65
77_89
65
53
77
89
63_87
75
51
63
87
51
75
85
61_73
49
49_61
73_85
58_82
70
46
58
46
82
70
56
44_68
80
56
44
80
68
41_53
65_77
53
41
77
65
51
39
75
63
51
39
75
63
37_73
61
49
61_73
37
49
70
58
46
58
70
46
44_56_68
56
68
44
78_82
39_90
51_87
51
39
54
42
42_54
58
46
46_58
63
51
51_63
82
87
78_90
66
54
66
54
41_53
77_84
89
81
53
41
45_57
45
57
60
48
48
60
65
53
53_65
89
77
69
57
69
57
81
84
75_87
75
87
34_46
82
74_86
77
34
46
74
77
86
82
62
53
65
58
65
53_62
58
62_65
58
53
65
53
58_62
58_62
65
53_82
77_89
86
53_65
58_62
77
82_89
86
65
53_62
58
53
65
58_62
53_62
58_65
53
65
62
58
94
86_89
62_82
58_65
53
82
65
53_86
58_62
89
94
65
53_58_62
53
65
62
58
58
65
62
53
53
62_65
58
89_98
86_94
58_65
62
53
86
65
53
62
89
58
94_98
58
65
62
53
53
65
62
58
58_65
62
53
65
62
53
58
29
41
103
91
94_99
29
41
63_67
58
53
53
63
58
67
67
58_63
53
53
67
63
58
67
58_63
53
103
99
91
94
67
53
63
58
63
75
63
75
67_79
67
79
69_81
69
81
41
51
57
74_86
57
86
74
51
41
72_84
84
72
46
34
70_82
70_82
62
53_65
58
53_65
58
34_46
62
62
65
53
58
53
65
58
62
38_50
58_62
53_65
53
65
58
62
38
53_58_62
50
65
65
53
58
62
53
62
58_65
65
53
58
62
41_53
58
62_65
58_65
62
65
62
58
41
53
65
58
62
65
62
58
65
58
62
58
53_62
46_65
53
65
58
62
46
53_65
62
53
65
62
62_65
53
53
65
62
42
30_76
73_85
30
42
54
42
42_54
46_58
46_58
61
49
49
61
64
52
64
85
73
52
76
31_43
84
72
76
31
43
43
55
43
55
58
46
46_58
84
61
49_72
76
49_61
64
52
64
52
82
70_76
70
76
82
32_44_68_77
80
68
77
80
32
53_65
44
56
61
65
53_61
56
56_65
61
53
53
65
61
56
56_80
77
61_65_73
53_85
73
53
65_77
61
56
85
80
56
65
61
53
53
65
61
56
65
56_61
53
53
65
61
56
85
77_80_89
65
56_61
53
77
80
65
53
61
56
89
85
56
65
61
53
53
65
56_61
56
61_65
53
53
65
61
56
80_89
85_92
65
56_61
53
53
80
65
61
56_92
85
89
65
56_61
53
53
65
56
61
65
61
56
53
65
61
53
56
32_44
81
90_93
85
32
44
57_66_69
61
57
66_69
61
66_69
61
57
57
66
69
61
69
61_66
57
93
90
85
81
69
66
57
61
54
57
60
54
57
32
60
32
48
48
54
57
65
65
54
63
57
61
49
53
37_56
44
63
53
37
56
49
61
44
50_62
62
50
62
50
62
50
44_56
56
44
44_56
56
44
50
38
50
38
50
38
50
38
44
32
32_44
32_44
44
32
38
26
38
26
26_38
44_53
47
47
44
53
54
45_48
48
45
54
46_50_55
46
50_55
50_62
55
57
38
26
27_39
55
57
54
57
39
27
26
38
50
57_62
54
26
38
62
50
50_62
50_59
62
31_43
55
50
55
31
59
43_62
71
59
59
71
71
59
71
59
65
53
53
65
65
53
65
53
47_59
47
59
59
47
59
47
41
53
41
53
53
41
53
41
35_47
35_47
35_47
47
35
29_41
29
41
29_41
50_56
47
50
47
56
57
51
48
48
57
51
52_58
49
49
52
58
58_65
53_60
41
29
42
30
58
60
60
57
42
30
29_41
53
60
65
57
29
41
65
53
53
65
61_65
53
34_58
46
46
53
58
34
61_65
77
65
65_77
37
77
65
37
65
77
56
65
59
59_65
56
87
75
87
75
87
75
56
59_87
65
75
86
59
56_65
74
86
74
86
74
86
74
65
56
59
85
73
73
85
59
56_65
85
73
85
56
59_65
73
84
72
72
84
59_65
56
84
72
84
72
56
65
59
83
71
71
83
59
65
56
83
71
71
56
65
59_83
82
70
82
70
82
70
65
56
59
56
59_65
82
70
81
69
81
69
65
59
56
80
68
80
68
37
80
68
37
68
80
56
65
59
65
59
80_92
56
92
80
92
80
92
56_59
65
80
79
91
79
91
65
56
59
79_91
56
65_79_91
59
78_90
78
90
56
65
59
90
78
56_65_90
59
78
89
77
77
89
59
56
65
89
77
89
77
56
59
65
88
76
76
88
56
59_65
88
76
76
56_88
65
59
87
75
87
75
87
75
65
87
59
75
56
86
74
74
86
86
74
86
74
40
74_86
40
74
86
59
68
62
97
85
59
62
68
85_97
97
85
97
85
68
62
59
83
95
83_95
59
62
68
83_95
95
83
68
59
62
81_93
62
59
68
81
93
81_93
93
81
68
62
59
62
59
68
80_92
92
80
40
40_92
80
92
80
61
69
64
64
69
61
90
78
78_90
90
78
61_64
69
90
78
88
76
76
69_88
61_64
88
76
76_88
61
64
69
85
73
69
61
64_73_85
73_85
85
73
64
61
64
61
81
69
69
81
40
69_81
40
69_81
62
59
59_62
80
68
68
80
41
80
68
41
62
59
59
62
80
68
79
67
67
79
42
79
67
42
67
79
59_62
59_62
66_78
66
78
43
66_78
43
78
59
62
66
62
59
65_77
65
77
44
77
65
44
53
59_61
65
77
87
75
87
75
53
59
61
75_87
61
53
59
87
75
59
61
53
87
75
87
75
46
87
75
46
61_64
55
64
55
61
87
75
75_87
75
87
87
75
61
64
55
87
75
64
61
55
87
75
75
87
87
75
47
47
61
56
65
56
65
61
61
56
65
65
87
75
61
56
85
73
85
73
83
71
83
71
82
70
82
70
80
68
80
68
78
66
78
66
47
65_77
47
65
77
56
61_65
65
56
61
87
75
75_87
87
75
87
61
56_65
75
65
61
56
87
75
75
87
40
87
75
40
67
61
58
87
75
73
85
67
61
58
73
85
87
75
87
75
58_61
67
67
61
58
73_85
73
85
82_94
41
41
68
59
61
59
61
68
68
61
59
94
82
92
80
92
80
90
78
90
78
89
77
89
77
68
59
61
84
72
72
84
73
85
73
85
75
37
87
37
61
53_68
59
53
59_68
61
68
53_61
59
68
87
75
53
61
59
85
73
85
73
83
71
83
71
79
67
67
79
80
68
80
68
81
69
81
69
42
49
54
70
58
61
54
66
61
58
49
42
61
66
70
58
58
61
66
66
40
47
71
59
52
40
47
56
52
56
64
68
64
59
64
68
64
59
68
59
64
68
64
59
64
64
59
68
64
71
42
59
68
59_64
49
54
70
58
61
58
66
54_61
49
42
61
58
61
70
61
58
66
37
61
44
68
56
49
37
54
44
49
54
61
66
56
61
61
66
56
61
66
56
61
61
56
66
61
53
65
61
56
53
61
56
68
39
65
46
61
56
51
66
54
58
63
58
54
58
46_51
54
39
58
58
66
63
54
58
41_45
65
53
57
45
41
60
57
53
57
60
53
53
57
65
51
34_51
50
50
58
65
34
62
58
65
62
53
62
70
62
65
70
65
58
53
58
74
65
70
65
74
70
62
70
77
62
74
77
53_70
74
58
63
67
70_79
67
53
63_75
70
58
79
70
75
70
63
63
55
41
51
57
55
58
57
57
58
55
57
57
55
57
62
51
41
60
62
58
60
58
34
50
70
62
34
50
62
65
70
62
65
62
37
70
64
52
64
67
64
70
58
67
64
58
69
64
37
52
67
57
38
57
64
67
69
54
38
69
54
62
62
66
69
66
57
74
66
66
69
74
69
62
57
78
69
62
69
74
78
74
66
66
81
74
78
81
74
57
78
62
67
71
83
74
71
57
83
67
79
74
62
74
79
67
74
67
59
45
55
61
59
62
61
61
62
59
61
61
59
66
61
55
45
64
66
64
62
62
38_54
54
38
66
74
66
74
78
69
69
78
36
36
81
74
74
78
86
81
54
86
57
78
63
63
78_87
87
75
78_81
81
75
62
62
54
57
62
62
38_54
54
38
74
66
66
74
78
69
69
78
36
36
81
74
86
78
74
81
54
86
57
78
63
63_87
78
87
81
75
78
81
54
75
62
57
62
46
55
46
62
55
86_94
62
94
82
91
86
91
82
70
70
70
82
91
91
86
79
82
69
86
70
79
69
69
86
79
82
74
79
68
69
68
68_86
74
82
68
67
48
67
55
57
63
67
48_67
63
57
55
91
84
84_87
79
91
66
66
79
87
66
87
79
75_84
87
75
84
79
65_66
65
65
84
75
84
75
72
79
72
79
65
64
64
64
64
63
50_63
55
58
63
50
82
55
74
63
58
82
70
79
74
79
70
62
62
62
62
70_79
67
74
70
58
58
48
54
79
58
74
67
74
66
58
62
69
66
57
57
58
62
48
58
54
60
60
47
53
56
69
62
56
74
53
47
62
35
74
65
65
35
68
77
74
68
77
36
36
81
74
86
78
74
81
54
86
57
78
63
63
87
78
87
81
75
78
81
75
62
54
57
62
62
56
47
53
56
53
47
62
35
74
65
35
65
68_77
74
68
77
36
36
81
74
74
86
78
81
54
86
57
63
78
63
87
78
87
81
75
78
54
62
57
62
46
55
46
75
81
62
55
62
91_98
94
86
98
91
74
94
86
74
74
94
86
82
91_94
86
91
82
73
74
73
73
82
91
79_86
91
82
72
73
72
72
86
79
72
71
71
48
55
57
63
71
71
48
63
57
55
91
84
79_87
84
91
70
70
79_87
70
87
79
75_87
84
75_84
79
69
70
69
69
68
69
68
68
68
67
75
67
74
75
72
74
70
72
69
70
67
69
66
67
67
66
66
67
65
66
66
65
66
69
67
69
63
60
57
55
51
55
57
51
60
63
67
50
50
49
70
49
70
87
66
87
78
70
61
70
78
86
66
58
61
86
58
78
70
70
78
86
66
86
78
61
70
70
85
78
66
58
61
58
78
85
70
70
78
85
66
78
85
61
70
70
78_84
66
58
61
58_84
78
70
78
70
84
66
84
78
61
70
78
70
83
66
58
61
58
83
78
49
71
78
83
71
49
65
77
61
71
83
82
77
59
71
65
61
59
77
82
71
77
82
71
65
77
82
77
61
71
81
71
59
65
61
77
59
81
77
71
71
81
65
77
77
71
61
81
79
71
59
65
61
59
77
79
77
71
79
71
65
77
79
61
71
77
80
71
65
59
61
59
77
49
70
70
49
77
87
80
66
78
87
61
70
70
86
78
58
66
61
86
58
78
70
70
78
86
66
86
78
61
70
70
66_85
78
58
61
58_78
85
70
70
78
85
66
78
85
70
61
70
78_84
66
58
61
78
84
58
70
70
78
84
66
84
78
78
61
70
70
83
66
58
61
58
78
49
83
71
78
49
83
65
77
71
61
71
83
77
82
59
71
65
61
59
77
82
77
71
82
71
65
77
82
61
71
77
81
59_71
65
61
59
77
50
81
71
77
50
81
71
65
77
71
62
77
79
65
71
59
62
77
59
79
77
71
81
79
71
65
77
79
62
71
77
80
65
71
59
62
59
77
51
72
77
80
51
72
89
89
68
80
63
72
80
72
88
60
68
63
88
60_80
72
80
72
88
68
80
88
63
72
72
80
87
60
63_68
60
80
51
87
80
73
51
73
87
67
79
87
61
73
79
86
73
58
67
61
58
79
86
52
73
52
79
85
73
70
79
67
73
82
79
61
67
70
73
61
79
85
53
79
82
74
53
74
91
91
70
82
65
74
82
74
90
62
65
70
90
62
82
74
74
82
90
70
82
90
74
65
82
74
89
62_65
70
62
82
89
53
75
82
53
75
89
72
81
89
69
75
81
75
88
72
63
69
81
63
54
75
88
81
54
75
87
72
81
87
69
75
81
84
72
63
69
63
81
84
75
55
76
81
76
55
93
72
93
84
84
67
76
76
91
64
91
72
84
67
64
76
76
91
84
72
84
91
76
67
84
90
64
76
72
84
67
64
60
76
84
90
90
72
76
84
67
76
90
84
91
64
72
76
60
67
84
64
91
76
84
76
91
72
84
84_91
67_84
100
84
64
67
72
64
91
56
84
91_100
56
100
84
72
89
100
65_84
89
98
84
62
65_72
89
62
89
98
84
98
84
72
89
84
65
98
89
97
84
62
72
65
89
62
56
83
89
97
97
71
83
89
97
65_83
89
71
56
83
98
65
62
89
98
89
55_86
86
101
62
71
101
95
95
77
65
55
77_91
62
83
71
91
55
76
83
65
62
76
55
93
72
84
93
67
76
76
91
84
64
72
67
84
64
91
76
84
76
91
72
84
76
67
91
84
90
64_76
72
84
67
64
60
76
84_90
90
76
72
84
76
67
90
84
91
76
64
72
60
67
84
64
76
91
84
76
91
72
84
84
91
67
84
100
64
67
72
84
64
91
100
56
84
91
56
100
84
72
89
100
65
84
89
98
84
62
72
65
89
62
84
98
89
84
98
72
89
65
84
89
98
97
62
84
72
65
62
89
56
84
97
89
97
84
73
56
89
97
83
65
73
83
98
89
61
65
89
98
75_83
83
99
61
89
75
65
95
95
99
61
65
89
83
83
89
97
73
89
97
73
61
89
54
83
54
83
95
95
71
85
85
90
66
78
90
71
78
85
85
82
61
66
82
94
70_85
94
90
85
66
70
61_66_78
90
78
85
85
46_80
80
46
92
92
82
68
82
86
74_86
62
74
68
82
62
78
82
58
78
90
82
66
90
86
82
62
66
58_86
62
74
74
82
82
47
77
77
47
89
65
89
79
83
79
65
59
83
71
71
79
79
59
56
75
87
75
63
87
80
80
83
59
83
71
59
63
56
71
80
80
44
73
73
85
44
75
61
85
80
75
56
68
61
80
68
75
75
56
71
51
83
71
59
75
83
80
75
56_59
68
51
80
56
68
75
75
37
71
37
71
83
83
59
73
78
73
59
54
66
78
66
73
54_73
49
70
70
82
58
73
82
78
73
54
66
58_66
73
78
49
73
46
75
54
46
75
87
87
78
63
82
78
58
70
63
70
78
82
78
58
73
54
85
73
61
78
85
82
78
58
73
61
54
58
73_82
78
78
37
70
37
70_82
58
73
82
73
77
77
53
65
58
65
73
53
73
47
68
68
80
56_73
80
73_77
77
53
65
47
56
65
73
73
53
47_74
74
86
47
77
62
86
80
77
56
68
62
68
80
77
77
56
53
73
85
73
61_77
85
80
77
80
56
61
53
68
56
68
73
73
42
83
83
95
42
95
71_85
90
85
78
66
71
90
78
85
85
66
82
61
82
94
70
85
94
90
85
66
70
61_78
66
90
78_85
46
85
80
80
92
46_92
68
82
82
86
86
74
62
68
74
82
82
62
78
58
78
90
82
66
90
86
82
62
86
66_74
58
62
74
82
82
77
47
77
47
89
89
79
65
83
79
65
83
71
59
71
79
79
59
75
56
75_87
63
87
80
80
83
59
83
71
63
56_59
71
80
80
73
44
85
73
85
44
61
75
75
80
56
68
80
68
75
75
56
61
51
71
71
83
59
83
75
80
75
56_59
80
68
51
56
68
75
75
37
71
37
71
83
83
59
73
78
73
66
54
78
59
66
73
73
54
49_70
70
82
58_73
82
78
73
54
66
58
49
66
73
78
73
46
54
75
46
75_87
63
78
87
82
78
58
70
63_82
70_78
78
58
73
54
85
73
78
61
85
82
78
58
70
61
54
82
58
70
78
78
37
70
70
82
82
58
73
73
77
77
65
53
58
65
73
53
73
68
37_47
68
80
56_80
73
73
77
53
77
65
56
47
65
73
53_73
47
74
74
86
47
62
77
86
80
77
56
68
62
68
80
77
56
53
73
77
85
73
61
77
80
77
85
56
61
53
68
56
80
68
73
73
42
83
95
83
95
85
71
90
85
78
66
71_90
78
85
85
82
66
61
82
94
85
70
94
90
85
66
42
78
70
61
90
66
78
85
46
85
80
80
92
92
68
82
86
82
86
74
62
68
74_82
62
82
78
58
78_90
82_90
46
66
86
82
86
74
62
66
58
74_82
62
82
77
47
89
77
79
65
89
79
83
83
59_71
65
71
79
79
59
56
75
47
87
75
87
63
80
80
83
71
59
83
63
56
59
71
80
80
44
73
73
85
85
61_75
80
75
56
68
80
61
68
75
75
56
44
51_71
83
71
75
59
83
80
75
56
68
80
59
51
56_68
75
75
37_71
37
71
83
83
59
73
73
78
54
66
78
59
66
73
73
54
49_70
82
70
73
58
78
82
73
54_66
58
78
49
54
73
66
73
71
46
83
46
71
73
59
83
78
73
59
54_66
54
66
73
73
78
42
72
42
84
72
60
78
84
78
82
60
82
54
70
54
78
70
78
37
73
37
85
73
61_78
82
78
85
70
54
61
54
78
70
82
78
54
62
54
69
74
69
78
62
86
78
74
81
78_86
81
78
74
74
69
66
69
66
62
62
57
54
57
54
50
50
45
33
45
33
50
38
50
38
54
42
54
57
45
42
57
62
45
50
50
66
62
54
66
69
57
54
69
57
74
62
62
78
74
66
78
81
66
69
81
69
74
86
74
90
78
86
93
90
78
81
98
81_93
86
98
86
86
62
74
95
83
71
86
74
62
93
71
69_81
95
83
69
67
91
79
93
81
66
78_90
67
91
79
66
78_90
64
88
76
88
64
76
62_74
86
78
66_90
74
86
62
57_69_81
66
86
74
62
69_81
57
78
90
62
61_86
73
85
74
73
61_85
73
61_85
61
73
85
37
37
59_62_71
50_54_66
50_62
71
59
66
54
71
59
83
91
67
79
78
66
90
71
67_83
91
59_79
66
76_88
64
78
90
76_86_88
62_74
64
85
62
61_73
86
74
71
83
59
73_85
61
59
86
62_74
71
83
54_66
62
83
59_71
86
74
66
81
57
69
54_59
81
71_83
57_69
81
69
57
57
81
69
37
37
62_67
59
50_55
47
59
47_62
55
50
67
67_79
55
88
64
76
86
74
62
64_67_79
55
88
76
61_85
73
62
86
74
61
83
59_71
85
73
59
83
71
69
57
81
67_79
55
69
81
57
83
55_71
59
67_79
74
62
50
59
55_67_79
74
62
50
55
67_79
83
71
50_54_59
37_66
54
37
50_59_66
54_59
66
50
37
50
54
37
59
66
37
65
59
44_53
50
50
53
44_65
37
59
37
44
59_65
50_53
50
44
37_53
65
59
37
44
50_53_65
59
37_44_50
53
65
59
37_50_65
44
53
59
50
37
53
44
59
65
37_53
44_65
50_59
50
44
37
53
44_50
37
44_50
37
37
44
50
44
37
50
37
44_50
44
59
37
50
65
37
44_50
50
44
37
37
50
44
44
50
37
37
50
44
44
50
37
37
44
50
50
44
37
71_77
71_77
37
77
50_71
44
44
37_50
37
44_50
71
77
44
50
37
37
44
50
37
50
44
37
44
50
50
44
37
65
71
65
71
37
44
65_71
50
37_50
44
37
44_50
65
71
37
50
44
37
44
50
37_50
44
37
44
50
50
44
37
59_65
59
65
44
37
50
65
59
50
44
37
37
44
50
59
65
50
44
37
37
44
50
50
37_44
37_44
50
50
37_44
53
59
53
59
37
44
53_59
50
44_50
37
37
44
50
50
37_44
37_44
50
50
37
44
53
59
37
44
50
50
37_44
37
44
50
50
37_44
37
44
50
50
37
44
53
37_59
44
50
50
37
44
37
44
50
50
37_44
53
59
37_44
50
50
44
37
37
44
50
50
37_44
37
44
50
53_59
44_50
37
37
44_53
50
59
50
44
37
50
44
53_60
36
36_50
44
53
36_44
50
60
36
50
44
44
50
36
36
44_50
44
50
36
36
44_50
44_50
36
36_50
44
50
36_44
36
50
44
44
50
36
36
44_50
44
50
36
36_50
44
84
77
84
77
84
44_77
36_50
36
44_50
44
77
36_50_84
36_50
44
44
50
36
36
50
44
44
36_50
36
50
44
72
77
72_77
44
50_77
72
36
36
44
50
44
72
50_77
36
36
44_50
44
36
50
36
50
44
44
36
50
36
50
44
72
65
72
65
44
36_50
65_72
36_50
44
72
65
44
50
36
36
50
44
44
50
36
36
50
44
44
50
36
36
50
44
65
60
60
65
44
50_65
36_60
36
50
44
60
65
44
36
50
36
50
44
44
50
36
36
50
44
44
50
36
36_60
53
44_50
53_60
60
44_53
36_50
36
50
44
44
36_50
36
50
44
44
50
36
36_50
44
44
50
36
36
50
44
53
60
44
50
36
36
50
44
44
36
50
36
50
44
44_60
50_53
36
36
50
44
44
50
36
53
60
50
36_44
44
56
53
50
35
53
56
62
62
56
53
53
56
62
62
53_56
53
56
62
62
53_56
53
56
62
62
56
53
53
56
62
62
56
53
53
56
62
62
56
53
50
53
35
56
44
62
62
56
53
53
56
62
62
56
53
53
56
62
62
56
53
53
56
62
62
56
53
53
56
62
62
56
53
53
56
62
62
56
53
53
56
62
62
56
53
53
56
62
62
53_56
53
56
62
62
56
53
53
56
62
62
56
53
53
56
62
62
53_56
53
56
62
62
56
53
53
56_62
62
56
53
53
56
62
62
56
53
53
56
62
62
56
53
53
56
62
62
34
56
53
53
34
56
62
35
62
56
53
53
35
56
62
62
38
56
53
38
53
56
62
62
41
56
53
41
53
56
62
62
56
44_53
44
53
56
62
45_62
56
53
45_53
56
62
46
56_62
53
46
53
56
62
47_56
62
53
47
53
56
62
62
38_56
53
53
56
62
62
56
53
53
56
62
62
56
53
38
53
56
62
62
56
53
53
56
62
62
56
53
53
56
62
62
56
53
53_74
56
62
74
62_74
56
53
53
56
62
62
56
53
74
53
56
62
62
56
53
53
56
62
62
56
53
53
56
62
62
56
53
53
56
62
62
56
53
53
68
56
62
68
62
68
53
56
53
56
68
62
62
56
53
53
56
62
62
53
56
53
56_62
62
59
56
59
56
62
62
54_56
59
56
62
54
59
62
59
56
53
56
62
59
53
62
51_57
54
54
57
51_63
48_63
54
57
54
48
57
63
45
54_57_63
54
57
45_63
63
57
54
42
54
42
57
63
54
63
57
41
54
57
41
63
63
54
57
39
54
57
39
63
63
54
57
48
54
57
63
63
54
57
54
57_63
63
48
54_57
54
63
57
63
57
54
54
63
57
63
54_57
54
63
57
63
54_57
66
54
72
63
57
66_72
66
72
63
54_57
54
63
57_66_72
63
57
54
54
57
63
63
57
54
54
78
63
72
57
72
78
63
78
57_72
54
54
63
57_72
78
63
54
57
54
57_63
63
54
57
54
63
78
57
84
78_84
63
54_78
84
57
54
63
84
57_78
63
54_57
54
57
63
63
54
57
54
63
57
63
54
57
54
63
57
63
35
54
57
54
63
35_57
63
36_54
57
54
63
36_57
63
54
39_57
54
63
57
39
63
54
42
57
54
42
63
57
63
54
45_57
54
45
63
57
63
46_54
57
54
46
63
57
63
47_54
57
54
47
57
63
63
48_54
57
63
48
54
57
63
54_57
39
54
63
57
63
54
57
54
57
63
63
54
57
54
57
63
63
54_57
39
54
63
57
63
54
57
54
63
57
63
54
57
54_78
63
57
78
78
57
54_63
54
57
63
63
54
57
54
57
63
63
54_57
54
57
63
63
54
57
54
63
57_78
63
54
57
54
57_63
63
54
57
54
63
72
57
72
63
57
54_72
54
63
57
72
63
54
57
54
57
63
63
54
57
54_63
57
63
57_60
57
63
60
60_63
57
55
57
63
55
60
63
57
60
54
57
54
63
60
63
52
58
55
55
52
58
64
49
64
55_58
55
49
58
64
58
46_64
55
55
46_58
64
64
58
43
55
55
43
58
64
64
58
42
55
55
42
58
64
40
58_64
55
40_55
58
64
64
49
58
55
55
58
64
64
58
55
55
58
64
64
58
49_55
55
58
64
64
58
55
55
58
64
64
58
55
55
58
64
64
58
55
55
73
67
58
64
67
73
64
67_73
58
55
55
58
64
73
67
64
58
55
55
58
64
64
58
55
55
58
64
73_79
79
73
64
58
79
55_73
55
58
64
73
79
64
58
55
55
58
64
64
58
55
85
55_79
58
64
85
79
64
58
55
85
79
55
58_64
85
79
64
58
55
55
58
64
64
58
55
55
58
64
64
58
55
55
58
64
64
58
55
55
58_64
64
58
48
36
55
36_48
64
55_58
64
48
36
36_48
58
55_64
55_58
64
55_64
58
55
64
58
49
37
37_49
49
37
70
67
70
67
49
37
76
67
70
67_76
70
48
36
36
48
36_48
79
82_88
79_88
82
48
82
79_88
36
88
79
82
47
35
35_47
47
35
58
64
55
55
58_64
64
55_58
35
47
55
64
58
34
46
34
46
34_46
56_65
61
56
65
61
46
65
61
56
34
56
61
65
33_45
33_45
45
33
68
73_77
77
68
45
33
73
77
68_73
68
77
73
44
32
44
32
44
32
80
85
89
80
85_89
44
32
80_85
89
89
80_85
49
37
49
37
49
37
59_65
56
56
65
37
59
49
65
56
59
50
38
59
38
65
56
50
50
38
66
60
57
38
50
57
60
66
66
57_60
57
60
51
39
66
39
51
51
39
78
72
69
69
72
39
78
51
78
72
69
69
72
50
38
78
50
38
38_50
90
84
81
84
81
90
38_50
90
84
81
84_90
81
49
37
37
49
49
37
60
66
57
57
60
66
37
49
66
60
57
57_60
48
36
66
36_48
48
36
58_67
63
58_67
63
48
36
63
58_67
58
47
67
63
35
47
35
35_47
70
75
79
70
75
35_47_79
79
70
75
70
79
75
46
34
34
46
46
34
82
91
85
82
91
85
46
82
85
91
34
91
82_85
51
39
39_51
51
39
58_67
61
58
67
51
39
61
61_67
58
58
52
40
61_67
52
40
52
40
68
59_62
40
52
62
59
68
62
68
59
59
62
53
41_68
41
53
53
41
80
71
74
53
41
71
74
80
80
71_74
71
74
80
52
40
40_52
52
40
52
40
92
83_86
92
83_86
92
86
83
86_92
83
51
39
39_51
51
39
51
62
59_68
39
59
62
68
62_68
59
59
62
50
38_68
50
38
38_50
38_50
62
68_71
62
68_71
68
71
62
62
71
68
49
37
49
37
49
37
74
80
83
49_83
37
74_80
80
83
74
74
80
83
36_48
48
36
48
36
86_92
95
48
86
36
92_95
92
95
86
95
92
86
47
35
35_47
35_47
62_68
71
35
47
62
71
68
68
71
62
52
40
62
71
52
40
68
52
40
62
68_71
74
40_52
62_68
71_74
62_74
68_71
62
41_53
68
71
74
53
41
41_53
74_86
80
83
53
41_83
74_80
86
74_80
83_86
74
83
80
52_86
40
52
40
40_52
52
40
86_98
95
92
95
92
86
98
86_98
95
92
98
95
51
39
86_92
39_51
51
39
71
62
68_74
74
62_68
71
51
39
62_71
68_74
50
38
62
68
50
38_74
71
38_50
71
65_68
38
77
50
68
65
77
71
71
65
68_77
65
68
49
37
71
77
37_49
37_49
83
77
80_89
49
77
37_80_89
83
83
77
89
80
77
80
83
36_48
89
48
36
48
36
89_92
95_101
95_101
48_89_92
36
89
101
92
95
92_95
89
101
47
35
47
47
59
35
59
89_98_101
47
89_98
101
98_101
89
101
98
34_46
89
46
34
46_58
77
86
89
46
58_77_89
86
86
77_89
89
86
77
33_45
45
45
33_57
65_77
45_57
74
65
77
74
74
65_77
44_77
32
65
74
44
44
56
32
89
86
77
86
77
89
44
86_89
56
77
77_86
89
43
31
43
43
55
31
89_98
101
55
43
89
98_101
89_98
101
101
42
30
89
98
42
54
42
30
98_102
90
54
102
90
98
42
98
90
102
102
98
90
41
29
41
41
53
29
78
41_53_90
86
78
90
86
78
86_90
90
86
78
28
40
40
52
40
70_73
79
67
67
70
79
73
67_73
70_79
79
67
70_73
52
28_40
39
51_63
27
51
63
39
27
52
28_40
64
40_52
28
64
31_43
55
67
55
43
31_67
34_46
58
70
58
34_70
46
49_61
37_73
61
73
49
37
62
38_50
74
62
74
50
38
63
51_75
39
63
51
39_75
52_64
40_76
64
52
40_76
43_55
67
79
55_67
43
79
58
46
82
70
58_70
46
82
85
61_73
49
73
85
49
61
62
50
74_86
50_62_74
86
75_87
51_63
75
63
51_87
64
76_88
52
76
64
88
52
61_79
49_91
79
49_61_91
58
82
46_94
82
58_94
46
55
43_85
97
55
85
43
97
54
42
86
98
86
98
54
42
41_53
87_99
87
41_53
99
52_88
40_100
100
52
88
40
75_87
39
51
51
39
87
75
38_50
76
88
50_76
38
88
37_89
49_77
77
89
37_49
48
36_78
90
48_90
78
36
34_46
79_91
34_46
79
91
44
32_92
80
84
92
32
84
44
80
68
68
68
63
68
63
63
63
56
56
56
56
51
51
51
51
63
75
63_75
44
43
63
75
75
63
56_68
56
68
56_68
56_68
43
44
51
63
51
63
42_44
63
51
63
51
48
56
60
48_60
56
42_56
48_60
44
48
60
56
41
85
53_73_80
73
85
41
53_80
53_85
41_73
80
85
73
80
53
41
68_80
73
40_52
68
52
40
73
80
80
52_68
73
40
52
68
73
40
80
69_76
43_81
73
31
69
73
31
43
76_81
43
31_69
73
76_81
81
69
31_43
73
76
70
76_82
73
30_42
30
70
42_73
76
82
42
30
76_82
70_73
30
42
82
76
73
70
54
42
42
54
55
43
58
70
58
70
61
73
61_73
43
55
64
76
64
76
58_79
46
67
67
79
58
46
55_70
82
43
70
55
82
43
52
73
40_85
73
52
40_85
49
76
88
37
76
49_88
37
48
36_79
91
91
79
48
36
35_47
87
83_95
95
87
83
35
47
71
71
71
66
66
66
71
66
59
59
59
59
54
54
54
54
66_78
66
78
66_78
46_47
78
66
73
61
61
73
73
61
47
61_73
46
66
54
54
66
47
45_66
54
66
54
51
59
47_63
45
51
63
59
51_59
63
51
59
63
76
83
56_88
44
76
88
44_56_83
44_56
83
76_88
88
76
83
44
56
76_83
71
43
55
71
43_76
83
55
55_76
71_83
43
55
71
43
76
83
72_79
46
34_76
84
72
34_46_76
79_84
46_79
34_72
76_84
72
84
76
79
46
34
73_85
76
79
33
45
73
76
33_45
85
79
73_85
33_76
79
45
33
45
85
76
73_79
57
45
45
57
58
46
61
73
61
73
64
76
64
76
58
46
67_79
67
79
61
70_82
49
70
82
61
49
58_73
85
46
73
58
85
46
43
55
76_88
76
55_88
43
52
40
79_91
79
52
40_91
82_94
39_51
51_82
39_94
50
38_90
86
98
98
38
90
50
86
69
74
69
74
69_74
69
74
69
62
69
62
62_69
69
62
57_62
57
62
62
57
57
62
57
50
57
50
50_57
57
50
81
88_93
81_88
93
88_93
81
48
38
93
88
81
48
38
81
76
88
81
76
88
81_88
76
76_88
81
69
81
50
74
60_69
81
50_74
60
69_81
74
50_60
69
81
74
60
50
66_78
50_60
74
60
66
50
74
78
50_59_79
74
67
67
50_59
74
79
37
49
49
37
83_86
79
91
79
83
91
86
50
83_86
79
91
38
91
38
50
86
79
83
42_54
54
42
43
55
86
79_83
55_74
43
86
74
79_83
56
44
82
74_79
86
44_56
74
79
57_82
45
86
45_57
58
46
58
94_98
86_91
46
86
91_98
94
47_59
86_91_98
94
47
59
98
60
48_86
91
94
48
60
61
49
61
49
91_94_100
88
88
91_100
94
90_102
50_93
62
102
93
90
50
62
69_74
69
74
74
69
69
74
69
62
62
69
62_69
69
62
57_62
57
62
62
57
57
62
57
50
57
50
57
50
57
50
86
93
81
93
81
86
48_81
38_93
86
93
38
86
48
81
81
76_88
76_81
88
81
76_88
88
76_81
69
81
60_74
50
60_69
50_81
74
60
81
50_74
69
69
81
50
60
74
60_66
78
50_74
66
50
60
74
78
79
59_74
67
50
59_67
50
74
79
66
54
66
54
79
86_91
83
79
83_86
91
83_86
79_91
67
55
67_91
79
55
83_86
62
50
62
50
59
47
74_86
79_83
59
47
74_86
79_83
74_79
82_86
58
46
58
46
74
57
45_79
86
82
57
45
43
55
55
43
86_91
94
98
94
86_91_98
54
94
42_98
86_91
54
42
52
40
98
86
91
94
52
40
91_94
88_100
88
50_100
38
91
94
90_93
102
38_50
49
37
37
49
38_50
38
50
54
42
42_54
102
93
90
43
55
55
43
44_56
78_81
90
86
44_56
78_90
81
86
57
45_78_90
81_86
45_57
58
46
46
58
47_59
47
59
48_60
48
60
49_61
49
61
81
86
90
78
62
50
62
50
79
88
84_91
47
35
47
35
36_48
48
36
52
40
40
52
91
41
53
88
84
79
53
41
54
42
42
54
67_72_76
79
79
67
72
76
43
76
72_79
55_67
55
43
56
44
44
56
45
57
45_57
58
46
46
58
59
47
67
72
47_76
59
79
60
48
60
48
82_94
89
86
33_45
33_45
46
34
46
34
50
38
50
38
94
86_89
82
51
39
51
39
40_52
52
40_70
74_82
77
70
74
77
82
70_77
74_82
41
53
53
41
42_54
42
54
43_55
43_55
56
44
44_56
45_57
45
57
74
77
70
82
58
46
58
46
75
80_84
72
43
31
31_43
84
80
72
75
44
32
32
44
60_63
68_72
43_55
60
55
43
63
68_72
56
44
56
44
61_73
66_70
41_53
61
66
53
41
70_73
54
42
54
42
85
73_82
78
29_41
29
41
78
82
85
73
42
30
42
30
80_83
76
88
51
39
88
83
76
80
51
39
52
40
40
52
68_76
71
63
51
71
68
76
51
63
64
52
78
69
64_74
52
61
49
69
74
49
61
78
62
50
62
50
90
78
81
86
49
37
81
49
86
37
90
78
50
38
50
38
84_88
79
91
35_47
91
47_84_88
35
79
36
48
36
48
76_79
67_72
59
47
59
47_67
72_79
76
60
48
60
48
70
82
74
77
45_57
57_70
45
74
77
82
58
46
58
46
94
82
86_89
45
33
86
82
89
45
33_94
34_46
46
34
87
84_96
92
43
31
96
31_43
92
84
87
32_44
44
32
72_80
75_84
50
38
38_50
72
75
84
80
39_51
39_51
87_92
84_96
96
43_55
92
84
87
43_55
56
44
56
44
75_80
72_84
50_62
62
50
72
75
80_84
51_63
63
51
92_96
84_87
96
55_67
92
84_87
55_67
68
56
68
56
80
72_84
75
50_62
72
62
50
75
84
80
63
51
51_63
87
84
92_96
43_55
43_55
96
92
84_87
56
44
56
44
72_75_84
80
38_50
50
38
51
39
72
51
39
75
80_84
87_92
84_96
44
32
96
32
92
44
84
87
68
75
63
56
68
63
75
56
68_75
56
63
63
68
56
75
63_68
56
51
51
63
56
68
56_63_68
51
56
51
63
68
56_63
51
44
51_56
63
44
44
51_63
56
51
44
56
63
44_51
39_56
44_51
56
39
51_56
39_44
51
44
39
56
44
51
39
32
32
44
39
51
39_44
51
32
39
32
44
51
33_51
39_45
33_39
45
51
33
39_51
45
45
51
39
59
33
71
59
71
60
72
60
72
42_45
36_39
33
63
75
63
75
66
78
66
78
69
81
69
81
72
84
72
84
75
87
75_87
81_93
81_93
33
39
36_45
42
45
33
42_92
36
39_80
80
92
79_91
79
91
33
78_90
36_39
45
78
42
90
89
77
77_89
76
88
76
88
87
75
60_69
63
75
87
69
60
63
60
63_69
74
86
74
86
69
60_63
73_85
73
85
63
54
72_84
57
72
84
54
63
57
63
54
57
71_83
63_71
83
57
54
70
82
70
82
48_57
81
51_69
69
57
48_81
51
51_57
68_80
48
57
68
80
48
51
67
79
67
79
66_78
66_78
45
33
36_41
39
65_72_77
77
65
72
64
76
64
76
33
39
36
45
41
65
77
65
77
41_45
33
36
69_81
39
69
81
72
84
72_84
75_87
75
87
76_88
76
88
77
89
77
89
33
78_90
39
45
36
41_78
90
45
41
36
39_89
33_77
77
89
88
76
76_88
33
36_39
45
41
75_87
75_87
74_86
74
86
73_85
73
85
63
69
72_84
60
72_84
69
60
63
63
60
69
71_83
71
83
69
63
60
70_82
70_82
63
81
69
53
57
69
81
53
63
57
63
57
53
68_80
63
68
80
53_57
67_79
67
79
57
66
51
48_78
57_66
78
48
51
57
51_65
48_77
57
65
77
48
51
64_76
64
76
63
75
63_75
42_45
33_38
36
62
74
67
62
74
67
61
73
73
61
36_38
33
42
45
62
74
62
74
42_45
38
33
66_78
36
78
66
69_81
69
81
84
72
72_84
73
85
85
73
74
86
74
86
75
87
38
42
33
45
36_75
87
42_45
38
33
74_86
36
74
86
85
73
73_85
33
72_84
36_38
42_45
84
72
71
83
71_83
70_82
70_82
54_69
62_81
60
81
69
62
54
60
60
54_62
68_80
62
68
80
60
54
67_79
67
79
57
48_66_78
50
48
66
57
78
50
50
48_57
65
77
57
65
48_77
50
64_76
64
76
63
42_75
50
45
50
45_63
75
42
50
42_45
62
74
45
50
62
74
42
61_73
61
73
72
60
60
72
33
63_71
35_59
39_42_45
59
71
63
58
70
35_42
39
45
58
33_70
59
71
59
71
35_42
45
33_39
63
75
63
75
66
78
66
78
69
81
69
81
82
70
70
82
71_83
71
83
39
42_45
33
35
72_84
72
84
42
35_45
71
33_83
39
71
83
70
82
70_82
69_81
81
69
68
80
68_80
35
39
42
33
45
67_79
79
67
66
78
66_78
33_45
41
36
65
77
77
65
64_76
76
64
41
33_63
75
36
45
63_75
42
38_62
45_74
33
62
74
61
73
73
61
38
45
42
33
60
72
60_72
39_45
42
33_71
59
71
59
70
58
58
70
57_69
57_69
56_68
56
68
55_67
67
55
39_42
33_45
54
66
54
66
41
45
33_36
53_65
65
53
52_64
64
52
33
41
36
45
51
63
51
63
42
33_45
38
50
62
62
50
49
61
49
61
38
33
42
45
48
60
48
60
45
39_42
47_59
33
47
58
59
58
57
57
56
56
55
55
54
39_42
33
45
54
53
41_48
36_45
33
52
48
53
52
33
41
36
45
51
51
50
48
42_45
38
33
48
49
50
49
38
33
45
42
48
48
39_45_47
42
33
47
47
47
42
33
39
45
47
47
41_45
36
33
48_53
48
52
53
33
52
36_41
45
51
51
45
42
48_50
33_38
48
49
50
33
38
49
45
42
48
48
39_45
42_47
33
47
47
47
33
42
39_45
47
47
45_48
36_53
33
41
52
53
48
52
33
41
36
45
51
51
42_45
38
33_48_50
48
49
50
38
49
45
33
42
48
48
39_45
33_47
42
47
33
45
42_47
39
47
47
47
63
63
63
47
47
47
47
47
63
47
47
47
47
47
47
47
47
47
47
47
47
47
42_47_51
39
30
35
47
51
30
47
35
42
39
47
51
47
47
51
66
63
66
63
47
66
63
47
51
47
47
51
47
47
47_51
47
51
66
63
47
47
51
47
47
51
47
47
47
51
47
51
47
47
30_42
39
35
51_54
51
30
54
35_47
39_42
47
54
51
66
63_71
71
66
63
51
47
54
71
66
63
47
54
51
51
54
47
63
66
71
47
54
51
51
54
47
47
54
51
63_75
66_71
71
63_75
66
51
54
63_71_75
66
47
47
54
51
51
54
47
47
54
51
66
75
54
51_63
71
47
47
54
51
63
66_71_75
63
66_71_75
63_75
51_71
66
47
54
47
54
51
51
54
47
47
54
51
66
63
71
54_75
51
47
47
54
51
63
66_71_75
63
66
71_75
71
75
63
51_66
47
54
47
54
51
71
63
66
54
51
75
47
47
54
51
54
51
47
47
54
51
51
64
73_76
45
69
45
49
57
54
49
45
57
45
49_57
64_76
69
73
49
45
57
45
57
49
49
45
57
45
49_57
49
45
57
45
49
57
49
45
57
45
57
49
57
49
45
45
57
49
49
45
57
45
57
49
49
57
45
45
57
49
49
45_57
45
57
49
57
45
49
45
57
49
57
49
45
45
49
57
49
47
57_75
63
71
66
54
51
47
51
54
47
51_54
47
75
51
54_71
63_66
47
54
51
47
54
51
47
47
51
54
54
51
47
47
51
54
51
54
47
47
54
51
54
51
61
66
71_73
47
54
49
47
73
71
66
61
49_54
47
47
54
49
49
54
47
47
54
49
49
30
37_47
42
54
47
54
49
30
42
37
49
47
54
54
49
47
54
49
47
47
54
49
49
73
61_70
46
54_64
46
54
49
49
54
73
46
64
70
61
46
54
49
54
49
46
46
54
49
49
54
30_46
42
37
54
46
49
30
37_42
49
46
54
46
54
49
49_54
46
46
54
49
49
54
59
55
71
62_67
50
50
47
47
43
50
43
55
50
47
47
55
50
47
50
43
47
67
62
59
71
43
50
55
47
50
47
60
57
69
72
65
53
57
48
53
48
41
41
53
48
53
48
57
53
57
48
53
41_48
41
53
48
53
57
48
53
57
48
53
48
41
41
53
48
53
48
57
53
57
48
53
48
41
41
53
69
72
60
65
48
53
48
71
67
62
55
59
50
50
47
43_47
50
43
47
55
50
55
47
71
50
67
62
59
47
50
43
47
50
43
47
50
55
47
55
57_62
69
67
50
67
69
62
57
45
50
45
50
50
45
45
50
45
26_33
38
50
45
50
26
33
38
50
45
50
45
45
50
50
57
45
55
62
66
54
69
50
57
50
62
69
66
50
45
45
50
50
45
45
50
26
38
33_45
50
45
50
26
33
38
50
45
50
45
50
45
55
50
45
54
50
59
63
51_67
55
59
47
67
63
43
47
43
55
51
51
51
47
47
51
47
43
51_55
47
43
55
51
47_55
51
27
39
35
47
35
39
27
39
27_35
51
47
43
43_47
51
55
27
35
51
39
55
47
51
51
47
47
43
43_47
51
55
51
55
51
47
47
67
55_64
52_60
48
67
64
55
60
52
43
48
43
55
52
55
48
52
48
52
48
43
52
43
48
55
52
55
48
52
24
31
36
48
31
36
24
31_36
52
24
48
43
43
48
52
55
52
55
48
52
48
52
48
43
43_52
48
24
31
55
36
52
55
48
52
48
62_65
58
70
53
58
50
70
50
46
53
65
46
62
58
53
53
50
50
53
50
53
46_50
58
46
58
53
58
50
53
34
38
50
34_38
34
38
53
50
46_50
53
46
58
53
53
50
50
53
50
53
50_58
46
46
38
34
58
53
58
50
53
34
38
50
38
34
38
53
30
34
50
31
30
46
31_34
30
50
53
30
34
31
58
31
30
53
34
34
31
50
58
30
46_53
38
31
34
50
38
30_53
34
50
31
30
46
30_31
34
50
58
31_34
53
30
53
30
31
34
58
34
50
31
30
46
53
38
50
34
31
53
30_38
31_34
50
30
31
30
46
34
50
58
31
34_53
30
30
31
34_53
58
34
31
50
30
46
53
38
50
34
31
38
30
53
34
31
30
50
31
46
30
34
50
30
53_58
34
31
31_53
30_34
34
50
31
50
30
46_58
31_53
38
34
30
30
31
31
34
34
37
37
38
38
39
39
40
40
41
41
53
53
52
52
50
50
47
47
44
44
32_41
35
41
40
40
38
38
33
35
32
33
57
45_49
52
81
69
57_69
81
52
45
49
69_81
81
69
45
52_57
49
82
70
70
82
49
52
45
57
82
70
45_57_82
49
52
70
69_81
69
81
49
45
81
69
52_57
69
81
49
45_52
57
80
68
57
49
52
45
68
80
68_80
45
58
49
52
80
68
67_79
67
79
52
45_49
58
79
67
79
67
58
45
49
52
66_78
52
45
49_66
78
58
78
66
58
45_49
78
66
65_77
58
49
65
45
77
65_77
45_49
55
77
65
76
64
64
76
49
55
45
76
64
58
45
64
53_76
50
75
63
63
75
50
53
45
75
58_63
45_58
53
50
75
63
62
74
62
50
45
74
53
58
74
62
62
74
45
58
53
50
73
61
61
73
45
50
53
58
73
61
73
58
45
53
61
50
62
45
74
53
50
62
58
74
74
62
45
56
53
59
62
74
75
63
75
63
45_56_59
53
63_75
45
53
56
59
63
75
64
76
64
76
59
76
64
53_56
45
64
56
45_53
76
59
65_77
65
77
56
45
59
53
65_77
77
65
59
45_53
50
59
53
45
50_56_68
56_68
56_68
45_52
49
56_68
57
69
57
69
45
49
52
69
57
57
45_49
52
69
69_81
69
49_81
52
45
69_81
69
81
45_49
52
57
94
82
82
94
82_94
49
57
45
52
49_52
57
45
94
82
81
93
81
93
57
49_52
45
81_93
58
45_49_52
81
93
92
80
80
92
92
49_80
45
58
52
58
45_52
49
80
92
79
91
79
91
52
49
58
45
79_91
79
91
58
49
45
90
78
58
49
78
45
90
78_90
45
49_55
90
78
77_89
55
77
49
45
89
77_89
45_58
53
89
50
77
88
76
76
88
50
53_88
45_76
58
76
58
45
88
53
50
87
75
87
75
50
87
75
45
53
58
58
45_87
53
50
75
85
73
85
73
50
53
45
58
85
73
85
45
58
53
50
73
86
74
86
74
50
53
45
58_74_86
86
74
59
45
56
53
45
56
53
59
87
75
75
87
87
75
45_53
56
59
87
75
88
76
76
88
59
45
53
56
76_88
76
88
45
59
53
50
89
77
45
77
50_53_89
59
89
77
89
77
45
59
53
50
68_80
53
50
59
45
68
80
68_80
45_57
49
52
68
80
45
69_81
52
49
57
69
81
81
69
81
69
61
57
64_76
64
76
57
61
64_76
64
76
62
57_59
77
62
65
59
57
65
77
65
77
77
65
45_53
50
56_68
56
68
50
53
45
68
56
45_52
49
56
68
69
57
57
69
45
49
52
69
57
69
57
49
45
64
52
52_64
45
49
64
52
45
50
47
52
64
65
53
65
53
65
53
53
50_65
45
47
56
44
44
56
44
56
44
56
57
45
45
57
57
45
57
45
46
58
46
58
58
46
46
58
39
51
51
39
39
51
39
51
34
22_46
34
22
46
22_34
46
61
52
55
34
22
61
52
55
46
45
21
33
45
21_33
74
78
81
86
81_86_90
90
86
81
81
86
90
90
86
81
81
86
90
90
86
81
81
86
90
90
81
86
81
86_90
90
81
86
81
90
86
90
81
86
81
86
90
90
81
86
81
78
72_90
86
90
74
84
79_88
84
88
91
91
88
84
84
88
91
91
88
84
84
88
91
91
88
84
84
88
91
91
88
84
84_88
91
91
88
84
88
84
91
91
88
84
84
88
91
91
88
84
84
88
91
91
84_88
84
88
91
91
88
84
84
88
91
91
88
84
84
88
91
91
88
84
84
88
91
91
84_88
84
88
91
91
88
84
84
88
91
91
88
84
84
88
91
91
88
84
84
74_88_91
79
91
72
81
86
78
81
86
90
90
86
81
81
86
90
90
86
81
81
86_90
90
86
81
81
86
90
90
81
86
81
86
90
90
81_86
81
86
90
90
81
86
81
86_90
90
81
86
81
90
69_86
78
74
90
81
86
76
81
86_88
88
81_86
81
86
88
88
86
81
81
86
88
88
86
81
81
86
88
88
86
81
81
86
88
88
86
81
81
86
88
88
86
81
81
86
88
88
86
81
81
88
86
88
85
81
81
85
88
88
85
81
81
85
88
88
81
85
81
85
88
88
85
81
81
85
88
88
85
79
79
85
88
88
85
79
79
85
88
88
85
79
79
85
88
88
79
85
79
88
85
76
88
69
71
74
78
83
78
83_86
86
78_83
78
83
86
86
83
78
78
83
86
86
78_83
78
83
86
86
83
78
78
74
83
86
71
86
83
78
78
83
86
86
78_83
78
83
86
86
83
78
78
61
86
83
68
86
77
80
73
77
80_85
85
77
80
77
80
85
85
80
77
77
85
80
61_85
80
77
77
80_85
85
80
77
77
85
80
85
77_80
77
85
80
85
80
77
71
73
77
68_71
85
80
85
80
77
77
66
80
83
83
70
73
78
73
82
78
82
78
73
73
78
82
66
70
82
73_78
73
78
82
82
73_78
73
66
78
82
82
70
73
82
78
78
66_85
82
70
73
85
78
82
78
85
82
85
78_82
78
82
85
85
82
78
78
70
82
85
73
85
78
82
85
82
85
90
90
70_82
85
73
78
82
85
90
90
82_85
82
85
90
90
82
85
82
73
85
90
78
90
85
90
82
85
94
90
82
94
85
90
73
85
78
90_94
94
85
90
85
90
94
94
85
90
85
94
90
94
89_98
86
77
74
80
77
74_83
80
83
80
77
74
98
86
89
77
74_80
83
83
77
80
74
77
80
74
83
83
77
74
80
80
77_83
74
83
77
74_80
77_83
80
74
83
77_80
74
77
80_83
74
83
77
80
74
59
77_80
83
74
83
77
80
74
77
80
74
83
83
77
74_80
62
77
59
83
74
80
77
83
80
74
77
80_83
74
77
65_80
74_83
80
62_77
74_83
80
74_77
83
77
83
80
74
77
80
83
74
70
65
80
77_83
74
77
73
83
77
73
83
73
77
83
83
77
73
83
68
70
66_73
78
68
73
78_82
66
82
73
78
73
78
82
82
73_78
73_78
82
82
73
78
73
78
82
82
70
73
70
73
78
78
73
70
70
73
78
78
73
70
73
70
78
78
73
70
70
73
78
78
70
66
70
66_73
73
66
70
66
70
73
73
66
70
70
66
73
73
66
70
66
73
70
64
73
70
78_82
73
78
90
82
90
78_82
78
90
82
64_90
78
82
78
90
82
70
73
90
78
82
78
90
82
63
90
69
72
81
84
78
81
93
84
93
84
81
81
84
93
93
81_84
81
84_93
93
81_84
81
84
93
93
84
81
81
84
93
93
81_84
81
78
84
63_72
93
69
93
81_84
81
84
93
93
81
84
81
63
93
84
93
69
83
80
71
80
83
92
92
80
83
80
83
92
80_92
83
80
71
63
83
92
69
80
92
83
80
83_92
63
69
92
78
84
72
78
90
84
90
78
84
78
90
84
63_90
78
84
72
78
69
90
84
90
78
84
78
90
64
84
69
90
85
73_76
76
85_88
88
76
85
76
85
88
88
64
69
73
76
85
76
85
88
88
76_85
76
85
88
69
88
73
81
85
76
81
93
85
93
85
81
69
73
81
85
76
93
93
81_85
81
85
93
93
81_85
81
73
85
93
76
93
85
88
81
85
88_97
97
85
88
73
76
85
88
81
97
85_97
88
85
88
97
85
97
88
85
88
97
76
81
97
88
85_93
88
100
93
85
100
88
93
76
88
81
93
100
100
88_93
88
93
100
100
88
93
88
100
93
100
77
74
80
89
92
101
83
80
74
77
83
74_77_80
77
74
83
80
74_80
77
83
80
77
74
83
101
77
74
80_83
89
92
77
74
80
83
74
77
83
80
77
74
80_83
77
80_83
74
74
83
77
80
83
74_77
80
62
74
77
80_83
74_80
77
83
74
77
83
80
77
65_80
74
83
62
74
77
83
80
74_77
80
83
77
74
83
80
74
77
80
68
83
65
74
77
83
80
74
80
77
83
74
77
83
80
73_80
74
77
83
68
74
77
83
80
74
80
77
83
73
83
80
77
74
83
71
71
57_73
49_69
81
45_52
81
57_69
52
73
45_49
32_44
56_68
56
32
44
68
57_69
33_45
69
57
33_45
49
61_73
37
49_61
37
73
76
40_64
52
64
40
52
76
56
44_68
80
68
56
80
44
45
57
69_81
45
69
57
81
61_85
49_73
61_73
49
85
64
76_88
52
76
88
64
52
92
80
80
92
58
46
86
81_93
50
90
90
93
58
86
50_81
46
57
69
33_45
57
45
33
69
58_70
34_46
58
34_70
46
62_74
38_50
62
50
74
38
65
41
53_77
65
53
41
77
57
45
69
81
69
57
45
81
58
46_82
70
70
58_82
46
50
62
74_86
74
50
62
86
65
77
89
53
77
65
53_89
80_92
80
92
81_87
47_51
59
93
93
59
87
81
47
51
58_70
34_46
34_58
70
46
59_71
35_47
59
35
47
71
75
63
51
39
63
75
39
51
54_66
42_78
66
78
42
54
58_82
46_70
58
46
82
70
59_71
47_83
59_71
47
83
75
87
51_63
75
63
51
87
78
66_90
54
78
66
54
90
92
80
80
92
48
52
81_93
57_88
60
93
60
88
57
81
52
48
59
71
35
47
35
47
59
71
48_60
36
72
48
60
36
72
63_75
39_51
75
51
39
63
52
40
64_76
64
52
40
76
56
80
44_68
80
44
56
68
81
45_57
69
69
57
45
81
72
48_60
84
72
60
48
84
64_88
76
52
76
52_88
64
80_92
80
92
49
61
57
85_88
79_81
85
93
81
79
88
49
57
61
88
81
93
85
79
85
79
81
93
88
93
81_88
79
85
85
81
79
93
88
93
81_88
67
55
79
79_85
81_85
67
55
88
93
88
93
79_85
81
66
54
81
79
66_85
54
93
88
64
88
52
79_81
85
93
64
52_79
81
85
93
88
62
50
88
79_81_85
93
62
50
79
81
85
93
88
61
49
88
81
79_85
93
61
49
79
81
85
88_93
59
47
85_88
79_81
93
59
47
79
81
85
88_93
57
45
85_88
79_81
93
45
81
57
79
85
88
93
56
44
81_85
79
88
93
56_79
44_81
85
93
88
59
47_85
79_81
88
93
59
47_79
81
85
88
93
57
45
88
79_81_85
93
57
79
45
81
85
93
88
55
43
85
88
79_81
93
55
79
43
81
85
88_93
54
42
88
81
79_85
93
79
54
81
42
85
93
88
52
88
40_85
81
79
93
52
79
40_81
85
93
88
38_50
85
88
79
81
93
50
79
38_81
85
93
88
49
37_85
88
79_81
93
49
79
81
37
85
93
88
47
35_88
81_85
79
93
47
35_79
81
85
93
88
45
33
85
79
81
88_93
45
33
79
81
85_93
88
93
44_85_88
32_79
81
79
81
85
32_93
44
88
93
45_88
85
33_79
81_93
45
33
79
81
85
88
93
32_44
95
83
83
95
44
32
43
85_97
31
85
43
31
97
42
30
98
86
86
42
98
30
100
40_88
28
88
40
28_100
38
26
90
102
26
102
90
38
66
78
69
57_74
62
62_69
57_66
74_78
78
66
62_74
69
57
69
66
62_74
57_78
57
62
66
54_69
50
62_69
57
50_54
66
66
62_69
54_57
50
62
57
69
54
50_66
54
57_62
42
45_50
54
57
62
50
45
42
54_62
57
45_50
42
54
57
50
45
62
42
24_36
79_91
24
36
91
79
76
79
67_72
60_64
72
76
67
79
64
60
72_79
64_76
67
60
72
67
64
79
76
60
60_64_67_72
52_55
64
52_60_67
55
72
60
52_67_72
55
64
60
64
55
72
67
52
60_64
55_67
52
48
60
64
52_55
48_67
64
60_67
48_55
52
55
52_60_67
64
48
43_48_60
40_52
55
48_52
55
43
40
60
55_60
43_52
48
40
52
48_55
43
60
40
38_90
26_78
26
90
38
78
66
78
69
74
57
62
69_74
62
57
66
78
78
66
62_74
69
57
69
66
62
74
57
78
33
45_76
38_81
40_86
88
33
38
88
40
86
45
81
76
76
69
57_64
62
74
62_64_69
57
74_76
69
57_62_76
74
64
64_69
62
76
57
74
50_52
62
57_64_69
57_62_69
52
50
64
69
62_64
57
50
52
57_62
50_52
69
64
45_52_64
50
57
62
45
50_52_57
62_64
50_52
57_62
45_64
57
52
50
62
64
45
33
76_81_85
88
40_45
37
33
88
37
40
45
81_85
76
61_73
57_64
69_76
64_69
57_61_73_76
61_64
73_76
57_69
64
69
76
61
57
73
49
61
57_69
52_64
61
52_57
64_69
49
69
49_52
64
57
61
57_61_69
64
49
52
49_52_57
61_64
45
52_57
49
45_61
64
49_52
64
45_57_61
57
52
61
49
45
64
78
35_47_74
83
38
86
42
35
86
38
42
47
83
74
78
54
50_66
59_71
62
59
50
62
54_66
71
71
54
50_66
62
59
62
59
66
50_54
71
49_73
44_77
41_80
85
37
41
37_85
44
49
77
80
73
68
56_61
73
65
53
65
61
53_68
56
73
56
61_73
53
65_68
65
61
56
53_68
73
71_83
71
83
30
42_70_82
30
82
70
42
58_61
66_70
49
54
61
58
66
54
70
49
73_85
34
46
34_85
73
46
73
61_66_70
58
54
66
61
58
70
54
73
78_90
37_49
37_90
49_78
66_78
70_73
58_61
70
66
73
61
58
78
94
82
42_54
42
82
94
54
70
66_73
82
61
78
70_73
78
66
61
82
50
38_98
86
44
50
38
47
44
53
47
98
53
86
56
59
56
65
59
59
65
56
59
56
53
59
71
59
71
47
53
44
47
37
62
74
44
62
44_74
37
47
44
47
53
65
77
65
53
77
56
59
56
59
65
70_82
59
65
56
59
56
82
70
53
47
68_80
53
68
80
44
47
42
44
66_78
70_73
66
70
73
78
42
66_78
73
70
66
70
73
78
78
51_63_73
66
70
66
63
70
51
78
73
61
49_70
78_82
73
61
49
70
73
82
78
58_78
46
70_73_82
58
70
46
73
82
78
44_56
70_78
73_82
70
56
44_73
82
78
42_54
85
73
78
82
42
54
73
78_85
82
51
39
73_85
78_82
51
39
73
78_85
82
37_85
49
78_82
73
73
49
78
37
85
82
34
78_82
85_90
46
78
34_46_82
85
90
32_44
78_90
82_85
44
78
32
82
85
90
42
30
78_90
82_85
78
82
85
42
90
30
28_40
83_91_95
86
28
40
43
31
43
31
47
35
35
47
52
40
52
40
95
91
43_55
86
83
43_55
90
45_85
33_81
93
45
33
49
37
37_49
52
40
52
40
57
45
57
45
93
85_90
81
61
49
49_61
79_91
88
79_91
88
78_90
86
50_62
78
62
90
86
50
78_86_90
78
90
86
50
38
50
78_86_90
38
78_90
86
37_49
74_78
86
74_78
86
37
49
78
74_86
74
86
78
61
49
78
74
86
74
61
78_86
49
59
47_78_90
86
59
78
47_90
86
90
78_86
78
90
47
86
35
78_86
90
78
47
86_90
35
33_45
81_93
85_90
33_81_85
93
45
90
85_90
81
93
81
93
85
90
45_57
57
45
90
81_85
93
81
85_93
90
56_95
44_83
86_90
83
86
95
90
90
56_83
86_95
83
86
44
95
90
90
86
83_95
83
86
95
90
90
86_95
83
32_44
83_95
86
90
83_86_90
95
83
86
95
90
44
90
86
83_95
32
83
86
95
90
89_95
43_83
31_86
83
86
89
95
86_89_95
83
31
43
83
86
89_95
89
83_86
95
83
86
95
89
89
55_95
43_83
86
83_86
95
89
95
83
86_89
55
43
83
86
95
89
83_89
86
95
83
86
89_95
42
30
87_95
99
87
95
87_95
99
87
99
95
30
42
99
95
87
87
99
95
99
95
87
87
99
95
95
87
99
87
99
95
87
95
99
87
69
57
99
95
57
69
99
95
69_87
57
87
99
95
87_95_99
69
87
57
99
95
99
87_95
87
99
95
99
87_95
87
99
95
87_95
99
87
99
95
87
95
63
51
99
87
51
63
95_99
63
51
87
95
99
87
63
51
95
99
95_99
87
87
99
95
99
95
87
57
45
87
45
57
99
95
57
45_95
87
99
87
57
45
99
95
99
87_95
87
95_99
99
95
51
39_87
87
51
39
99
95
51
39
95
87
99
87
51
39
95
99
99
87
95
87
95_99
87
95_99
45
33
87
33_45_99
95
99
95
45_87
33
87
99
95
33
45
99
95
87
87
99
95
99
95
87
87
99
95
99
87
95
30
42
33_39
87
99
95
87
95
99
87
33_39
30_42
99
95
87
95_99
87
99
95
99
88_96
36_40
28_31
88
100
96
28
31_96
88
36_100
40
88
100
96
100
88_96
70
58
88
58_70
100
96
70
58
96
88
100
88
100
96
96
88
100
88
96
100
100
96
88
88
96
100
100
70
96
88
58
88
100
96
100
96
88
88
96_100
100
96
88
88
100
64
52_96
64
52_100
96
88
64
52
88
100
96
64
100
52
88
96
88
100
96
100
96
88
58
46
88
58
46
100
96
58
46
88_96
100
58
88
46
100
96
100
96
88
88
100
96
100
88_96
52
40
88
40
52
100
96
52
40
96
88
100
88
40
52
100
96
100
88_96
88
100
96
100
34_46
96
88
46
34
88
96
100
46
34
88_96
100
88
46
34
100
96
100
88_96
88
96_100
100
88_96
88
100
96
31
36_40
28
96_100
88
88
28
100
96
40
36
31
100
88_96
88
100
96
100
88
96
88
100
96
100
89
26_32_35
95_101
29_92
38
26
89
29_38
32_92
35_95_101
74_86
62
74_86
62
62
86
74
62
74_86
68
56_80
68
56_80
56_68
80
56
68
80
62
50_74
62
50
74
50
62
74
74
50_62
44
56_68
56
44
68
44
56_68
44
68
56
50_62
38
50
38
62
50
38
62
50
38
32
44
56
32
44
56
32_44
56
56
32
44
62
56
71
95
86_89
62_65
83
71
65
83
95
86
62
56
89
56
62_83_89
65
95
86
83
56
86
65
62
89_95
90
87_95
63_83
57
66
57
83
87
63
95
90
66
58
83
91_95
67
64_88
58_83
67_88
64_91_95
92
83
89_95
65
68
59
59
65
83
89
95
68
92
90_93
83_95
66
69
60
69
60
83
90
66
95
93
92
83_95
68_89
59
65
59
65_83
89_92_95
68
58
67_83
88_95
64
91
58
83
67
88
91_95
64
66
63_87_90
57_83
95
92
92
66
57
63_87
83_90
95
56_89
65_83
62_95
86
83
56
86
65
62
89
95
66
63_87
83
95
57
90
57_63
83
87
66_90_95
58_83
95
64_88_91
67
83
88
67
64
95
58_91
92
59_95
83_89
65_68
83
59
65
95
89
68
92
90_93
83
60_69
95
66
69
83
60
95
90
66
93
68_89
59_65
83_95
92
83
65
59_68_89
95
92
58_91
83
67
64_95
88
58_67_83
64
88
95
91
90
83_95
57_87
63
66
57
63_66_95
83
87
90
71
56_95
62_86
89
83
65
71
65
62
83
95
56
86
89
44_89
86_95
83
32
83_95
86_89
32
44
45
33_90
86
83
95
95
83
45
86
90
33
70_86
82
65
62
94
82
86
62
65
70
82
86
94
82
86
94
94
69
62
57_86
81
81
93
86
57
86
69_81
93
62
81
86
93
68_86
80
57
62
93
80
92
86
57
68
62
80
86
92
80
92
86
92
86
67_79
57
62
67
62
79
57
86
91
91
79
85
61_67
57
55
79
55
67
91
57_85
61
61_66_78
85
55
57
91
90
85
78
90
78_85
78
85
55
57
90
66
61
90
61
65
55
57_77
85
77
89
85
89
77_85
55
65
77
85
57
61
89
89
85
61_63
75
55
57
75
87
85
55
57
87
63_75
85
61
75
87
85
85
64
61_76
55
57_87
64
76
55
61
57
88
85
88
90
86
45_83
33
95
95
83
86
90
45
33
82_86
62
70
65
82
94
86
65
70
62
86
82
94
82
94
86
94
66
69
57_62
86
81
81
93
86
93
86
81
69
66
57
62
81
86
93
68_86
62
80
57
93
80
92
86
57
68
62
92
86
80
80
92
86
92
86
79
67
57_62
67_79
57_62
86
91
91
85
67_79
55
61
57
79
55
67
57
85_91
61
85
66_78
61
55_57
91
78
90
85
90
78
85
55
57
78
61
66
85
90
90
61
65
77_85
55
57
65
55
61
57_77
89
85
89
77_85
34_46
77
85
89
89
63
55_85
61_75
75
87
85
75
85
87
55
63
75
61
46
34
87
85
87
64_85
61
76
55
64
61
55
76
88
85
88
35_47
88
85_92_97
97
92
88
85
64
68_72
84_88
84
96
88
72
96
64_88
35
84
47
68
84
96
88
96
71
88
59_64_83
68
83
95
88
95
88
83
68_83
59
71
64_88
95
70_88
82
64
59
95
82
94
88
70
59
64
94
88
82
82
94
88
94
88
69_81
59
64
81
64_69
59
88
93
93
87
81
69
63
57
59
81
57
69
93
59_87
63
68_87
80
63
59
57
93
80
92
87
92
80
87
59
68
57
80
63
92
87
92
67
63_79_87
57
59
67
57_63
79
59
91
87
91
79_87
36_48
79
91
87
91
87
77
57_65
63
89
77
87
36
48
77_87
89
57
65
63
77
89
87
89
66_87
63_78
57
66
63
57
78_90
87
90
99
87
37_49
90
94
99
90
87
94
90
74_86
66
70
37
86
49
90
98
66
74
98
70
90
86
86
90_98
98
66_73
70
85_90
61
85
97
90
97
73
90
85
70
61
66
85
90
97
97
66_84_90
72
61
84
72
96
90
61
66
96
84
90
84
96
90
96
83_90
66
61_71
83
66
71
61
95
90
95
71
90
59
61_83
65
83
95
90
71
59
61
65
95
70
89
65_82
59_61
94
82
89
82
89
94
82
59
61
65_70
94
89
94
69
88
59_65_81
61
81
88
93
93
81_89
38_50
61
59_69
93
81
65
89
93
89
59_67
79
65
50
79
38_91
89
91
89
79
67
59
65
79
91
89
91
68
80_89
65
59
68
65
80
59
92
89
92
39_51
96
89_92_101
99
99
39
51
89
92
101
96
68
88_92
76
72
88
92
100
100
92
88
76
68
88
72
92
100
100
75
92
72_87
63_68
87_99
92
87_99
92
72
87
63_68
75
99
92
99
84_92
63
72
68
84
72
68
63
96
92
96
84
92
84
96
92
96
39_51
84_87_92
80
51
39
84
87
39_51
92
80
80_85
82_92
51
39
80
82
40
52_92
85
79_85
82
91
40
52
79
91
53
41_82
85
90
82_85
78
41_53
54
42
82
85
78
90
77_89
85
82
42
54
43
55
77
89
85
82
43
55
85
76
88
82
76
88
82_85
63
51
75
87
51
63
75
64
52
87
52
64
76_88
76
88
63
51
63
51
75_87
75
87
39_89
92_96
51_101
99
99
39
51
101
89
92
96
68
76_92
72
88
88
92
100
100
92
88
76
68
72
88
92
100
100
75
63
92
72_87
68
87
99
92
75
99
87
92
72
63
68
87
92
99
99
84
92
63_72
68
72
84
68
63
96
92
96
84
92
84
96
92
96
51
39
80_92
84_87
39_51
84
39_51
87
92
80
80_92
82_85
51
39
52
40
80
82_92
85
85
79_91
82
52
40
79
91
41_53
85
82
90
78
82
85
41_53
42_54
82_85
78
90
82_89
77
85
54
42
43_55
89
85
82
77
55
76_82
85_88
43
76_85
82
88
52
40
40_52
79_91
79
91
37_49
37
49
82_94
94
82
57
45
57
45
81_93
81
93
38_50
38
50
91
79
79_91
67
62
67
62
69
74
69
74
66
57
66
57
78_90
78
90
42
42
88
76
76_88
58_64
64
58
66_70
66
70
54_62
62
54
86
74
74
86
43
85
73
43
85
73
55_61
55_61
63_67
63_67
51
59
59
51
71
83
71
83
40
81
69
69
40
81
57
52
57
52
59_64
59
64
55
47
55
47
67_79
33
45
67
79
33
45
67_79
79
67
55
50
55
50
57
62
57
62
54
45
45
54
66
78
66
78
59
71_83
59_71
83
54
50
54
50
62_66
62
66
57
45
57
45
81
69
69
81
45
33
45
33
66_78
66
78
54
49
54
49
57
61
61
57
45_52
45
52
64_76
64
76
59
71_83
59
71
83
49_52
61
64
61
64
52
49
45
57
57
45
69_81
69
81
38
50
38
50
79_91
79
91
67
62
67
62
69
74
69
74
66
57
66
57
90
78
42
90
78
42
88
76
76
88
58
64
64
58
70
66
66
70
54_62
62
54
86
74
74
86
43
43
85
73
73_85
61
55
68
68
61
55
63
67
63
67
51_59
59
51
71_83
83
71
40
40
81
69
69
81
57
52
57
52
59
64
59
64
55
47
55
47
67
79
33
45
67
79
33
45
79
67
79
67
55
50
55
50
57
62
57
62
54
45
45
54
66_78
66
78
59
83
71
59
71
83
50_54
66
62
62
66
50
54
57
45
57
45
81
69
33_45_69
81
33
45
78
66
66_78
54
49
54
49
61
57
57
61
45_52
45
52
64_76
64
76
59
71_83
59
71
83
49_52
61_64
61
64
49_52
45
57
57
45
81
69
69
81
38
50
38
50
79_91
91
79
62_67
67
62
69
74
69
74
66
57
66
57
78_90
90
78
42
42
88
76
76
88
58
64
64
58
66_70
66
70
54
62
62
54
74_86
74
86
43
43
73_85
73_85
55_61
61
55
63_67
63
67
51_59
59
51
83
71
71
83
40
40
81
69
69_81
52
57
57
52
59_64
59
64
55
47
55
47
67_79
67_79
33_45
33
45
78
66
66
78
54
50
54
50
57
62
57
62
55
52
55_79
67
52
67
79
53_56
53
68
80
56
68
80
45
62
62
45
54_57
57
54
81
69
69
81
45
82
70
70
82
58
53
50
53
50
62
65
45_58
62
65
51
59
54
71
83
54
59
71
51
83
45
84
72
45
84
72
52_60
55
64
67
60
52
55
64
67
61
53_56
53
73_85
56
61
73
85
62
54_57
54
57
62
74
86
74
86
58_63
55
55
58
79_87
75
63
75
79
87
64
56
59
56_59
64
88
80
76
76
80_88
65
60
57
60
57
65
89
77_81
77
89
81
66
58_61
58
61
66
82
78_90
78
90
82
67
59
62
67
62
59
83_91
79
79
83_91
68
63
60
60
63
68
80_92
84
80
84
92
61
69
64
64_69
61
85_93
81
81
93
85
70
62_65
65
62
70
82_94
86
82
86
57
94
63
66
57
71
63
66
71
95
83_87
83
57
87
95
64
57
67
72
67
72
64
88_96
84
84
57
96
88
64
57
67
73
67
73
64
97
88
85
97
85
88
50
38
54_62
57
54
57
50
62
38
62
54
57
54
57
62
51
39
51
39
39_51
57_66
62
57
62
51_66
39
66
57_62
57
62
38_50
50
38
66
38_50
66
57
62_69
50
38_57
62_69
66
66
57_69
62
57
62
69
66
37_49
49
37
37_49
62
66
69_74
62
66_69_74
49
37
66_69
62
74
62
36_48
66
69
48
36
74
36_48
62
70
67
62
67
48
70
36
70
67
62
35_47
62
47
35
67
70
47
35
35_47
62_67
74
62
67
74
62_67
74
62
67
74
34_46
34_46
34
46
67_74
79
67
79
74
46
67
74
79
34
67
79
33_45
74
33_45
45
33
70_82
74
70
74_82
45
82
70
74
33
82
74
70
31_43
43
31
38_50
66
69_74
66
69
74
50
38
74
66_69
66
69
74
51
39
51
39
39_51
66_69_78
66
69
51
78
39
69_78
66
66
69
78
50
38
50
38
38
50
50
38
69
78_81
74
69
78
74
81
78
69_74_81
69
74
81
78
49
37
37_49
37_49
74
81_86
78
37
49
74
78
81
86
78
81_86
74
74
36_48
81_86
78
48
36
36_48
48
74_82
36_79
79
74
82
82
74_79
35_47
74
79
35_47
82
47
35
47
79_86
35_74
74_79
86
74_79
86
74
79
46
34
86
46
34
34_46
86
91
79
79
86_91
46
79_86
34
91
79
91
33
45
86
33
45
45
33
82
94
86
82
86_94
45
33
86
82_94
31
43
82_86
94
43
31
50
38
86
90_93_98
86
93_98
90
50
38
93
86_90_98
98
93
86
90
51
39
39
51
51
39
74_86
81
78
74
78
81
51_86
39
81
74_78
86
86
74
78_81
38_50
38_50
50
38
74
38_66
62
69
50
62
66_69
74
66_69
74
62
74
62
69
37_49
66
37
49
49
37
57_62
54
54
57
62
49
37_62
57
54
54
57
62
36_48
48
36
36_48
89
86
98
89
86_98
48
36
98
89
86
98
47_86
35
89
35
47
47
35
35_47_77
74_86
74_77
86
86
74_77
86
74
77
34_46
34
46
46
34
62_65
74
62
65
74
46
34
62_65
74
74
62
65
45
33
33
45
45
33
33_45
53_62
58
53
58_62
58_62
53
53
58
62
44
32
32
44
32_44
94
86
98
86
94
98
44
94
86_98
32
98
86_94
43
31
31
43
43
31
31_74_82
43_86
82
74
86
82
74_86
86
74
82
42
30
30
42
42
30
62_70
74
62
74
70
42
70
62
74
30
74
62
70
41
29
41
29
29
41
58_62
55
55
62
58
41
29
58_62
55
55
58
62
40
28
40
28
40
28
86_98
91
86_91
98
40
28
98
91
86
98
91
86
39
27
27
39
27_39
86
74
79
74
79
86
79
74_86
39
27
86
74_79
39
27
27
39
27_39
62_67
74
62
67
74
62_67
74
39
27
62_74
67
39
27
39
27
27_39
55
50
62
50
62
55
27
39
62
50
55
50
62
55
27_39
39
27
38_54_66
26
62
54
26
38
66
62
66
62
69_74
50_57
54_78
66
50_57_69
54_62
78
74
69_78
62_74
54_57
50_66
66
69
50
54_62
57
74
78
78_90
81
74_86
62_69
66
78
90
74
69
62
81_86
66
48
64_67
40_43
55
36_60
55
36
60
40_43
48
64
67
64_72
67
76_79
55
60
52
67_72
52
64
60
76_79
55
72_79
67_76
64
55
52_60
67
52
72
64
60
55
76_79
79_84
76_88
72_91
64_67
79_91
76
64
72
84
88
67
34
58_70
62
38_41
46_65
34
58
62
38_41
65
46
70
70_82
62
58_65
77
53_74
53_70
65
74_77
62
58
82
77
58_74_82
62_65
53
70
70
53
74
58_65
62
77
82
82
86_94
74_77
65_89
70
82
94
77
74_86
89
65
70
63
60_68
36_44
39_72
32
60
32_36_63
39
44
72
68
75
56_72_80
84
68
63
60
60
72
56_68
63_75
80
84
75_80
68_72
56_60
63_84
72
56_60_75
68
63
80_84
87
92_96
68_80
75_84
72
84
96
80
75
68_87
72_92
42_61
30_34
37
70
66
73
30
61
66
34
37
42
70
73
73
85
70
78_82
58_61
66
66
73
78
70
58_61_85
82
70_82
66_73
61_78
58_85
58
73
61
66_78
70
82
85
85
82_97
78_94
70
73_90
85
97
94
82
90
78
70_73
37
49
73
61
61_73
37_49
73
61
49
37
49
61
73
37
30
42
66
54
30
42_54
66
30_42
66
54
42
30
66
54
42_54
35_47
59_62
38
66
47
42
35
38
59
62
54
66
59_62
67_71
38_43
35
31
43
38
59
31_62
35_67
71
64_71
40
31_35
28
59
67
59
64
40
71
35
31_67
28
66_69_78
26
33
30_74
38
26
33
30
38
33
26_30
26
30
33
38
38
26_30
33
26
30
33
38
30_38
26_33
26
30
33_38
30
26_33
38
26
30
33_38
30_33
26
38
26
30
33
38
30
38
26_33
26
30
38
33
30
38
26_33
26
30
33
38
38
30
26_33
26
33
30
78
38
74
69
66
38
30
26
33
26
33
30
38
30
33
26_38
26
30
33_38
30_38
33
26
26
30
38
33
38
30
33
26
26_33
30
38
62
69
57
57
62
69
38
30
26
33
57_62
69
26
38
30
33
30
26_38
33
26
30
38
33
30
38
26_33
33
26
30
38
30
38
26_33
33
26
30
38
30_38
33
26
26
30
38
33
30
38
26_33
33
26
30
38
30
33
38
26
33
26
30
38
30
26_33_38
33
26
30
38
38
30
26_33
33
26
30
38
30
33_38
26
26
33
30
38
57
62
69
30_33
38
26
26
30
38
33
38
30
33
26
26
33
30
38
50
57_62
50_57_62
30
33
38
26
50_57_62
26
30_38
33
30_33
38
26
26
30
38
33
30_38
26_33
33
26
30
38
30
33
26_38
26
30
38
33
30_33_38
26
26
30
38
33
30_33_38
26
26
30
38
33
30_33
26
38
26
30
33
38
33
30
38
26
26
30
38
33
38
33
30
26
26
30
38
33
33
30_38
26
26
30
38
33
33
30
26_38
50
26
57_62
30
38
33
38
30
33
26
26
30
38
45
50_57
33
45
50
57
30_38
33
26_45_57
50
26
30
38
33
30
33_38
26
26
30
38
33
30
26_33
38
26
30
38
33
38
33
30
26
26
30
38
33
30
33_38
26
26
30
38
33
30_33
38
26
57
45
26
30
33_38_50
30_33
26
38_45
57
50
26
30
38
33
33
30
26_38
26
38
30
33
38
26_30
33
26
30
38
33
38
33
30
26
26
30
38
33
38
30_33
26
26
30
38
33
30_38
33
26
38
30
26
33
38
57
50
45
50
45
38
33
26
33_45
38
26
50
