51
60
44
63
68
72
68
63
60
63
68
72
68
63
60
43
64
70
72
70
64
64
70
72
60
70
64
60
41
63
69
72
60
69
63
53
57
61
63
69
72
69
60
63
60
34
62
68
72
68
62
53
62
68
72
53
68
62
39
53
61
63
55
72
56
63
61
51
60
61
63
67
58
63
61
56
44
60
63
68
63
60
32
56
60
68
51
63
60
60
44
63
68
72
68
63
60
63
68
72
68
63
60
43
64
70
72
70
64
42
64
70
72
60
70
64
60
41
63
69
72
60
69
63
53_57
61
63
65
72
60
69
63
65
46
62
68
77
72
68
34
56
58
65
53
62
58
39
53
58
61
55
67
56
63
61
51
60
61
63
67
58
63
61
56
44
60
63
68
63
60
32
60
68
63
60
56
56
40
61
64
68
61
55
37
56
52
61
64
68
64
58
60
56
44
51
63
68
72
68
63
32
63
72
68
63
60
60
44
65
68
72
65
59
60
41_56
65
68
72
65
62
64
36
67
55
72
76
72
67
64
67
72
76
72
67
45
52
64
60
69
72
76
72
69
64
69
72
76
72
69
40
47
64
56
68
71
76
71
68
59
64
68
71
68
64
61
56
40
64
68
73
68
64
61
64
68
56
64
61
39
58
63
55
67
70
67
63
61
56
40
64
68
73
59
68
64
39
58
55
63
57
67
70
58
67
63
61
56
40
64
68
73
68
59
64
39
58
55
63
57
67
70
67
58
63
64
37
49
68
70
56
76
58
70
68
64
63
61
59
58
56
55
39
46
49
55
58
61
64
63
68
64
63
67
68_73
64
63_67_70
76
73
68
70_75
67
80
76
71
75
70
79
85
80
76
75
79_82
88
85
80
87
79_82
92
88
83
87
91
82
97
92
88
87
91_94
100
92_97
99
91
94
92_100
97
99
91
94
97
88_92
87_94
91
88_92
85
87_91
82
92
85
88
91
82_87
80_85_88
87
82
79
85
76_80
82
75
79
85
76_80
75_82
79
73
76_80
75_79
70
68_73_76
75
70
67
73
76
68
75
70
67
73
64
70
67
63
73
68
64
70
63_67
73
68
64
70
63
67
68_73
64
63_70
67
68_73
64
63_70
67
73
68
64
70
63
67
73
68
64
70
63
67
73
68
64
63
70
67
68_73
64
70
63
67
73
68
64
70
63
67
68
73
64
70
63
67
74
75
47
54
63
59
63
71
59_66
54
63
75
63
54
66
59
71
63
66
59
54
63
75
46
63
55
67
61
63
73
61
67
63
55
63
55
61_67
73
63
75
61
67
63
55
75
45
63
54
66
61
73
63
75
61_66
63
54
76
44
63
54
66
60
63_72
75
66
60
63
54
75
37
63
53
65
59
63
71
59
65
63
53
68
59
49
61
53
65
59
68
53
61
59
49
68
42
61
52
70
64
54
58_66
54
71
64
61
52
75
64
54
66
58
70
64
73
58
66
64
54
73
63
47
71
54
63
59
68
53
62
66
63
54
63
61
59
56
66
54
47_75
63
54
66
59
63_71
66
59
54_63
75
46
63
55
67
61
73
63
61_67
55_63
75
45
63
54
66
60
63
72
66
60
63
54
44
63
54
66
60
63_72
75
60
66
54_63
75
43
64
55
60
67
64
72
60
76
67
55
64
75
64
55
67
60
72
64
60_76
67
72
64
55
77
43
65
57
69
62
60
65
72
62
60
69
57
65
69
57
69
57
43
71
50_59
53
57
53
72
60
50
43
53
59
64
76
74
62
36
72
52
60_67
72
64
67
60
64
55
60
52
55
84
72
48
84
72_80
77
53
41
68
60
65
56_77_80_83
71
60
80
72_84
77
53
56
48
53
44
77_80_86
74
36
88
76_79
84
48
72
64
67
86
74_79
60
84
79
72
64
55
60
52
55
88
76
48
76_88
84
81
33
45
72
64
69
81_84_87
75
60
88
76_84
81
64
57
60
52
57
78_90
48
80_92
40
52
71
59
76
56
68
64
71
59
56
76
80_92
40
52
71
59
76
56
68
64
71
59
56
76
92
80
39_51
72
60
78
56
68
66
72
60
78
56
68
80
51
72
60
78
56
68
66
60
56
80_92
80_92
90
83
38_50
71
59
78
56
68
66
59
56
80_92
81_93
89
37_49
71
59
77
56
68
65
59
80_92
56
92
80
88
85
42
88
52
58
58
64
70
85
73
70
64
58
58
52
42
73
85
85
73
78
81
35
47
87
75_78
83
57
57
61_88
76_81_83
64
80_92
83
87
68
63
59
57
90
78
51
47
78
80
83
90
40
47
88
76
52
56
85
58
73
76_79
64
83
80
71
59_76
68
64
59
71_83
56
47
92
80
40_52
71
59
76
56
68
64
71
59
76
80_92
39
51
58
72
60
78
56
68
66
72
60
56
78
92
80
38
50
59_71
77
56
68
65
71
59
77
56
68
80
68
49
71
59
77
56
68
65
71
59
56
77
80_92
36
72
60
77
68
65
72
60
56
77
80_92
35
47
73
61
77
56
65_68
73
61
77
56
80_92
86
34_46
56
62
65
91
79
62
56
89
77
53
56
79
67
62
65
68_80
62
56
80_84
72
77
39
49
53
56
58
61
70_82
80
65
77
61
58
56
80_92
53
49
92
80
86
34_46
56
61
62
79_91
65
94
82
62
80_92
56
79_91
77_89
53
56
79
67
62
65
68_80
62
56
80_84
72
77
39
49
53
56
58
61
82
70
80
77
65
61
58
56
80_92
53
49
80_92
86
35
47
53
56
91
79
62
56
82_94
53
80_92
83_95
34_46
82_94
53
56
91_103
91
62
56
89_101
53
99
87
98
86
96
84
94
82
80_92
91
79
77_89
79
67
80
68
84
72_80
77
39
49
53
56
82
70
58
80
61
87
75_77_80
65
82
61
58
56
73_85
53
49
91
79_82_85
39
49
53
56
58
77_89
85
61
96
84_92
89
68
65
61
56
94
82
53
49
101
89_91_94_97
27_39
46
49
55
58
61
67
70
73
79
82
85
100
91
94
96
99
90
95
93
98
89
94
92
97
88
93
91
96
87
90
92
95
86
91
89
94
85
90
88
93
84
87_89
92
83
88
86
91
82
85
87
81_90
86
84
89
80
85
83
88
79
84
82
87
78
83
81
86
77
80
82
85
76
81
79
84
75
78
80
74
83
77_79
82
73
76
78
81
72
75
77
80
71
74_76
79
70
73
75
78
69
74
72
68
77
73
70
67_77
73
70
75
73
70
67
62
63
67
70
73
74
77
75
79
82
85
86
89
87
91
94
97
98
101
99
96
97
93
94
90
91
86
87
84
85
81
82
78
79
74
75
72
73
69
70
66
67
62
63
64
63
65
63
66
63
67
63
68
63
69
63
70
63
71
63
72
63
44
60
63
68
75
84
80
63
60
72
75
84
80
60
63
68
63
60
72
43
60
64
70
64
76
82_84
60
76_84
82
60
64
70
72
64
60
41_72
63
65
69
72_84
81
75
63
75
81
85
73
63
65
69
72
65
63
72
34
56
62
65
74
77
62_84
56
65
77
74
56
58
62
65
58
56
65
39_51
58
67
61
58
70
68
73
80
58
73
75
79
84
72
61
63
67
70_82
63
61
68
44
32
60
63
65
63
80
72
75
60
80
56
72
75
60
63
65
63
68
44
51_72
60
62
63
68
63
80
75_84
60
72_75
80_84
60
63
68
63
60
43
52
72
58
60
64
70
64
84
76_82
60
84
76_82
60
64
70
72
64
60
41
72
57
60
65
69
72
60
39
73
57
60
66
69
72
66
60
38
53_77
65
68
72
89
84
68_80
65
89
80
83
65
68
71
68
65
37
52
58
64
68
64
82
58
70
82
79
76
58
64
67
64
58
36
75
51
63
66
70
66
87
78_82
63
87
78
81
63
66
69
66
63
35
50
56
62
66
78
80
62
56
68
80
74_77
56
62
65
62
56
73
49
34
61
65
68
65
85
77_80
61
85
76
80
61
64
68
72
64
61
72
39
61
64
67
70
64
61
72
55
61
63
67
63
70
61
60
63
68
32
44
51
56
60
63
68
72
75
80
82
84
75
68
72
84
70
76
67
84
77
65_69
85
78
63
69
84
69_78
63
89
80
71
62
82
73
66
70
82
74
68
64
82
75
63_67
84
61
67_76
82
61
76
67
87
78
69
60
37
57
61
64
61_73
39
56
61
65
70
55
63
72
68
60
44
51
59
50
60
51
44
55
56
63
68
61
53
60
51
60
32
44
51
56
60
68
