77
80
75
72
68
75
72
77
80
75
72
68
75
72
77_80
75
72
68
75
72
77
80
75
72
68
75
72
77
66
80
75
72
68
75
72
77
80
65
75
72
68
62
75
72
80
77
65
75
72
63
68
75
72
61
77
80
75
72
59
68
75
61
72
80
77
75
72
60
68
75
72
80
58_77
75
72
68
55
75
72
77
58_80
75
72
56
68
75
72
77
54_80
75
72
68
53
75
73
77_80
56
75
73
68
61
75
73
80
77
63
75
73
68
64
75
73
80
77
75
73
68
65
75
73
80
61
77
75
73
58
68
75
73
56
80
77
75
73
68
61
75
73
65
77
80
75
73
70
75
73
77
80
75
73
68
75
73
77
80
75
73
68
75
72
77
66_80
75
72
68
75
72
77_80
65
75
72
62
68
75
65
72
63_80
77
75
72
61
68
75
72
60
80
77
75
72
59
68
61
72
75
77
80
60
75
72
68
58
75
72
80
56
77
75
72
55_68
75
72
58
80
77
56
75
72
55
68
75
72
54_77
80
75
72
68
53
75
73
80
77
56
75
73
61
68
75
73
63
80
77
75
73
68
64
75
73
77_80
75
73
68
65
73
75
80
77
61
75
73
59_68
75
73
80
57
77
75
73
61
69
73
75
66
81
78
75
73
68
75
73
78_81
75
73
69
75
73
66
81
78
75
63
73
61
69
73
75
81
59
78
75
73
64
71
78
76
83
68
80
78
76
70
78
76
83
80
78
76
71
78
76
83
68
80
78
76
64
71
63
76
78
83
80
61
78
76
64
72
76
78
84
69_80
78
76
72
78
76
84
80
78
76
73
78
76
80_85
78
76
73
78
76
85
80
69
78
76
73
78
76
85
68
80
78
76
74
65
80
78
68
81_86
66
80
78
64_74
80
78
86
62
80
78
60
75
80
63
78
87
81
61
80
78
75
59
80
78
57
87
81
80
78
56
76
59
83
81
85
89
57
83
81
56
77
83
81
54_85
90
83
81
52
78
83
81
51_85
90
83
81
78
54
83
81
85
90
56
83
81
59
78
83
81
57
90
85
83
81
78
61
83
81
63
90
85
83
81
44
56
54
60
90
78
56
54
46
56
54
61
77_89
56
54
86
48_74
56
54
89
77
63
56
54
49
75_87
58
54
66
85
73
58
54
51_71
83
60
66
85
73
60
56
52
84
72
61
56
82
70
67
61
56
79
67
53
59
68
80
62
56
82
70
59
62
54
80
68
60
63
78
56_66
60
63
77
65
49
61
56
68
80
53
56
61
85
73
58
66
61
87
56_75
65
61
55
88
76
70
64
61
69
64
89
77
56
68
61
73_85
56
65
61
82
70
55
64
61
56
68_80
65
61
54
73_85
63
58
53
77_89
61
56
94
82
52
60
55
53
61
56
48
80_92
64
56
49
65
56
44
56
54
60
90
78
56
54
46
56
54
61
77
89
56
54
86
74
48
56
54
75_87
63
77_89
56
54
49
87
75
58
54
73_85
66
58
54
71_83
51
60
84
72
56
66
85
73
60
56
52
84
72
61
56
67
82
70
61
56
79
53_67
59
68
80
62
56
82
70
59
62
54
68_80
60
63
56
66_78
60
63
65
77
49
61
56
80
68
53
56
61
73_85
58
66
61
56
75_87
65
61
55
76_88
70
64
61
69
64
77
89
56
68
61
73
85
59
68
65
83
71
56
65
61
81
69
57
66
61
85
73
56
64
59
90
78
54
63
57
92
80
52
61
56
54
63
57
52
81_93
61
54
90
78
51
59
63
87
57
85
73
66
63
83
71
59
68
64
57_88
76
66
61
92
56
80
64
59
55
94
82
63
61
56
64
59
54
83
95
63
59
52
92
80
59
64
88
87
75
59
68
64
73_85
61
69
64
88
76
59
68
63
93
81
57
66
61
84_96
54
63
57
56
64
59
54
97
85
63
57
52
61
57
51
60
57
66_81
60
57
52
61
57
68
80
61
57
51
77
60
57
66
78
60
57
49_80
57
54
81
64
57
54
48
57
81
54
81
63
57
93
54
49
57
54
64
92
80
57
54
48
89
77
57
54
78
90
63
57
54
47
92
80
57
54
63
81
93
57
54
46
54
57
62
94
82
66
69
74
69
66
62
93
81
57
54
78_90
46
54
58
62
93
81
67
70
74
91
79
70
67
76
88
62
58
55
85
73
46
55
52
61
88
76
55
52
86
74
47
56
53
68_80
62
56
53
48_81
69
57
84
72
54
63
82
70
57
54
66_78
48
60
81
58
69
64
60
58
79
67
41
77
65
57
65
69
62
60
53
57
62
60
77
81
74
72
65
69
74
72
89_93
86
84
81
77
74
72
81_84
79
77
72
79
53
76
70
81
84
79
76
72
79
76
81
69
84
79
76
66
72
79
69
76
81
67
84
79
76
64
72
79
76
84
58
81
79
76
72
59
62
60
69
65
62
60
57
53
62
60
81
77
74
72
69
65
74
72
89
93
86
84
81
77
74
72
81
84
79
77
72
79
76
53
84
81
70
79
76
72
79
76
81
69_84
79
76
66
72
79
69
76
81
67_84
79
76
64
72
79
76
81
84
58
79
76
59
72
79
62_77
84
81
60
79
77
57_72
79
77
53_81
84
79
77
54
72
79
57
76
81
55
84
79
76
52
72
79
76
81
46_84
79
76
72
45
48
93
84
81
84
53
81
84
91
55
84
81
56
88
84
81
91
84
81
57
89
84
81
53
86
81
77
48
83
81
77
86
53
81
77
57
84
77
72
82
58
77
74
80
59
77
74
81
77
74
60_81
77
69
57
79
72
69
53
76
72
69
79
57
72
69
60
77
72
69
64
76
72
69
67
75
72
69
65
80
75
72
81
75
72
63
83
81
77
85
64
81
76
73
69
64
57
61
66
64
85
81
78
76
69_73
78
76
97
93
90
88
85
81
78
76
85
88
83
81
76
83
57
80
88
85
74
83
80
76
83
80
85_88
73
83
80
76
70
83
73
80
71_88
85
83
80
68
76
83
80
85
88
62
83
80
76
63
66
64
73
69
66
64
57
61
66
64
85
81
78
76
73
69
78
76
97
93
90
88
85
81
78
76
85
88
83
81
76
83
80
57
85
88
74
83
80
76
83
80
85
88
73
83
80
76
70
83
73
80
71
85
88
83
80
68_76
83
80
62_85
88
83
80
76
63
83
80
66
85
88
64
83
81
76
61
83
81
85
57
88
83
81
76
58
83
61
80
59
88
85
83
80
56
76
83
80
85_88
50
83
80
76
49
97
52
88
85
88
57
85
88
59
95
88
85
60
92
88
85
95
88
85
61
93
88
85
90
57
85
81
52
87
85
81
90
57
85
81
61
88
81
76
62
86
81
78
63_84
81
78
85
81
78
64_85
81
73
61
83
76
73
57
80
76
73
83
61
76
73
64
81
76
73
75
66
73
69
78
63
73
69
64
76
73
69
64
61
57
55
57
58
61
55
52
46
64
61
55
67
64
61
45
69
64
61
42_69
57
64
61
43
60
64
61
40
70
58
67
62
61
38
62
67
37
46
49
40
94
82
49
52
43
52
55
45
81_93
54
57
49
90
78
58
61
91
79
58
52
58
50
88
76
58
62
58
86
74
55
58
62
56
53
47
65
62
56
68
65
62
70
46
65
62
43
70
58
65
62
44
61
65
62
41_59
71
68
63
62
39
63
68
38
47
50
41
83_95
50
53
44
53
56
94
82
46
55
58
50
91
79
59
62
59
92
80
53
59
89
77
51
59
63
59
87
75
56
59
63
57
54
48
66
63
57
69
66
63
47
71
66
63
44
59
71
66
63
45
62
66
63
60
72
42
69
64
40
63
69
64
39
54
66
61
39
57
51
69
63
60
72
69
66
62
38_50
74
66_69
35_47
62
74
69
66
48
36
65
69
66
45
33
75
63
72
66
44
65
32
72
66
30_42
45
78_90
54
57
48
57
60
51
89
77
60
63
53
74_86
60
65
75_87
57
60
66
84
72
54
63
66
82
70
58
63
66
81
42_69
52
54
45
90
78
54
57
48
57
60
89
51
77
60
63
53
74
86
60
65
75_87
57
60
77_89
66
54
87
75
63
66
84
72
58
63
66
70_82
66
54
69
72
81
63
51
72
84
75
60
48
75
87
78
58
46
76
88
79
45
57
77
89
81
63
51
78
90
81
60
48
75
87
78
45
57
78
81
90
54
42
81
93
85
40
52
82
94
85
39
51
83
95
87
57
45
84
87_96
54
42
81
93
84
39_51
84
87_96
36
48
87
99
90
46
34
88
100
91
33_45
89
93
53_101
60_65
57
93
89
89
81
77
61
49
77
69
65
47_59
59
61
49
61
60
48
60
57
45
57
45
33
89
93
65
53_57_101
61
93
89
89
81
77
61
49
77
69
65
59
47
59
50_62
62
61
49
61
57
45
57
45
33
90
93
54_62_66
57
102
93
90
90
81
78
62
50
78
69
66
61
49
61
52
64
64
62
50
62
59
47
59
44_56
56
47
59
59
57
45
57
54
42
54
49
37
38
50
40_52
38_50
49
37
47
35
44
32
33
45
35_47
45
33
44
32
42
30
29
41
30
42
44
32
45
33
49
37
38_50
41
53
54
42
56
44
45
57
61
49
62
50
65
53
54
66
56
68
69
57
44
32
56
54
60
78_90
56
54
46
56
54
61
89
77
56
54
48
86
74
56
54
63
77_89
56
54
49
75_87
58
54
66
73_85
58
54
51
71
83
60
56
66
73_85
60
56
52_84
72
61
56
67_82
70
61
56
53_79
67
59
68
80
62
56
82
59_70
62
54
80
68
60
63
78
66
56
60
63
65
77
49
61
56
53
80
68
56
61
73_85
58
66
61
56
75_87
65
61
55
88
76
70
64
61
69
64
89
77
56
68
61
73_85
56
65
61
82
55
70
64
61
56
68
80
65
61
85
73
54
63
58
77_89
53
61
56
52
82_94
60
55
53
61
56
48
92
80
64
56
49
65
56
44
56
54
60
90
78
56
54
46
56
54
89
61_77
56
54
48
74_86
56
75
87
54
63
56
77_89
54
49
87
75
58
54
66
73_85
58
54
71_83
51
60
72
84
56
66
85
73
60
56
52
84
72
61
56
67
82
70
61
56
53
79
67
59
62
68
80
56
59
70
82
62
54
80
68
60
63
56
78
66
60
63
65_77
49
61
56
53
68
80
56
61
73
85
58
66
61
56
87
75
65
61
55
88
76
70
64
61
69
64
77_89
56
68
61
56
73_85
65
61
70_82
55
64
61
56
68_80
65
61
85
73
53
65
61
77
89
49
61
56
47_94
82
53
56
61
65
68
80_92
73
77
89
46
75
87
54
58
73_85
61
66
70
73
90
78
82_94
45
84
96
54
57
61
66
69
73_97
85
90
78
45
88
76
54
57
62
86
74
66
69
78_90
74
93
81
85
97
86
98
66
69_74
57
66_99
87
75
72
56
100
68_76_88
71
59
90
102
78
68
71
64
103
91
71
79
76
68
92_104
80
71
76
66
81
105
93
75
72
63
80
92_104
75
72
60
89
101
78_102
69_90
75
57_98
86
75
66_99
87
72
56
100
68_88
76
71
59
78
102
90
68_71
64
71_103
79_91
76
68
80_92
104
71
76
66
81
105
93
72
75
63
92
80
104
72
75
89_101
60
69
78_102
90
75
57
86
98
75
66
87_99
72
56
100
68_88
76
71
59
102
90
78
68_71
64
103
91
79
76
71
68
80
92_104
71
76
62
89_101
68
77
71
63
90
102
78
69
72
64
103
91
70_73
79
65
80
92
104
71
74
66
105
93
72
75_81
67
73
105
81_93
76
66
93
105
72_75
81
93
67
105
93
81
105
76
73
93
68
105
93
75_105
84
78
93
68
105
93
85_105
76_79
93
105
68
93
84
78_93_105
75
93
68
105
93
78_105
84_87
93
92
90
87_93
84
92
90
84_87_93
92
90
87_93
84
90_92
93
84_87
92
90
93
87
84
92
90
93
84_87
92
90
93
84
87
92
90
93
84_87
92
90
84_93
87
92
90
93
84_87
90_92
93
84_87
92
90
84_93
87
90_92
94
84_87
92
90
94
84_87
92
90
87_95
84
92
90
87_95
84
80
90
87_96
86
96
87
90
80
97
91
88
87
97
91
88
80
98
89_92
88
92_98
89
80
93_99
90
89
90
99
93
80
98
89_92
88
98
92
89
80
93_99
90
89
90
93_99
80
100
91_94
90
100
91_94
80
101
95
92
91
92_101
95
90
98
101
94
99
89
96
99
92
97
87
95
97
90
96
85
93
96
89
94
84
91
94
87
92
89
82
92
85
90
80_88
90
84
89
78_86
89
82
87
84
77
87
80
85
75
83
85
78
84
73
81
84
77
82
79
72
82
75
80
77
70
80
73
78
76
68
78
72
77
66
74
77
70
75
72
65
75
68
73
63
71
73
66
72
69
61
72
65
70
67
60
70
63
68
65
58
68
61
66
56
64
66
60
65
62
54
65
58
63
53
60
63
56
61
52
59
61
55
60
51
54
57
59
60
61
60
61
60
59
60
60
44
65
54
60
63
37
53
61
56
61
68
63
61
68
61
68
73
70
68
73
68
73
80
75
73
68
75
73
80
75
73
68
75
72
49
77
80
66
75
72
68
75
72
80
77
65
75
72
62
68
75
65
72
77
63
80
75
72
60
68
75
72
77
80
58
75
72
55
68
75
73
80
77
56
75
73
68
61
75
73
65_80
77
75
73
67
73
77
85
82
80
68
77
80
89
85
82
80
87
61
84
89
78_92
87
84
80
87
84
89
92
77
87
84
74_80
87
77
84
89
92
75
87
84
80
72
87
84
66
89_92
87
84
67_80
87
85
70
89
92
68
87
85
80
65
87
85
92
89
61
87
85
80
62
87
65
84
63
89_92
87
84
60
80
87
84
54
92
89
87
84
53
80
87
85
92
56_89
87
85
61
80
87
85
63_89
92
87
85
80
64
87
85
92
89
87
85
80
65
87
85
92
89
61
87
85
80
58
87
85
56_92
89
87
85
61_80
87
85
65
89
92
87
85
70_80
87
85
92
89
87
85
68_80
87
85
92
65
89
87
85
80
61
87
85
92
65_89
87
85
80
68
87
85
92
89
73
87
85
76_80
87
85
92
89
87
85
80
87
85
92
89
87
85
80
77
87
85
92
89
87
85
80
80
87
85
92
89
87
85
80
87
85
92
89
87
85
80
87
85
92
89
87
85
80
61
68
73
77
80
85
89
97
