53
60
65
68
72
53_60
65
68
72
53
60
65
68
72
60_60
65
68
72
48
55
60
63
67
55_55
60
63
67
48
55
60
63
67
55_55
60
63
67
53
60
65
68
72
53_60
65
68
72
53
60
65
68
72
60_60
65
68
72
48
55
60
63
67
55_55
60
63
67
48
55
60
63
67
55_55
60
63
67
53
60
65
68
72
53_60
65
68
72
53
60
65
68
72
60_60
65
68
72
48
55
60
63
67
55_55
60
63
67
48
55
60
63
67
55_55
60
63
67
53
60
65
68
72
53_60
65
68
72
53
60
65
68
72
60_60
65
68
72
48
55
60
63
67
55_55
60
63
67
48
55
60
63
67
55_55
60
63
67
53
60
65
68
72
53_60
65
68
72
53
60
65
68
72
60_60
65
68
72
48
55
60
63
67
55_55
60
63
67
48
55
60
63
67
55_55
60
63
67
29_53
60
65
31
68
72
32
53_60
65
36_68
72
53
60
65
68
34
72
36
60_60
65
36_68
34_72
36
55
60
36
63
67
36
55_55
60
36_63
67
36_48
36_55
60
36
63
67
36
55_55
60
31_63
30_67
29_53
60
65
31
68
72
32
53_60
65
36_68
72
53
60
65
68
34
72
36
60_60
65
36_68
34_72
36
55
60
36
63
67
36
55_55
60
36_63
67
36_48
36_55
36_60
63
67
39_55_55
60
43_63
42_67
29_53
60
65
31
68
72
32
53_60
65
36_68
72
53
60
65
68
34
72
36
60_60
65
36_68
34_72
36_48
55
60
36
63
67
36
55_55
60
36_63
67
36_48
36_55
60
36
63
67
36
55_55
60
31_63
30_67
29_53
60
65
31
68
72
32
53_60
65
36_68
72
53
60
65
68
34
72
36
60_60
65
36_68
34_72
36_48
55
60
36
63
67
36
55_55
60
36_63
67
36_48
36_55
36_60
63
67
39_55_55
60
43_63
42_67
53
60
65
68
72
53_60
65
36_68
72
41_53
60
65
68
34
72
36
60_60
65
36_68
34_72
36_48
55
60
36
63
67
36
55_55
60
36_63
67
36_48
36_55
60
36
63
67
36
55_55
60
43_63
42_67
41_53
60
65
43
68
72
44
53_60
65
36_68
72
53
60
65
68
34
72
36
60_60
65
36_68
34_72
34
55
60
36
63
67
36
55_55
60
36_63
67
36_48
36_55
36_60
63
67
55_55
60
63
67
53
60
65
43
68
72
44
53_60
65
36_68
72
53
60
65
68
34
72
36
60_60
65
36_68
34_72
34
55
60
36
63
67
36
55_55
60
36_63
67
48
36_55
60
36
63
67
36
55_55
60
31_63
30_67
29_53
60
65
31
68
72
32
53_60
65
36_68
72
53
60
65
68
34
72
36
60_60
65
36_68
34_72
34
55
60
36
63
67
36
55_55
60
36_63
67
36_48
36_55
36_60
63
75
67
79
39_55_55
60_82
82
43_63
84
42_67
86
29_53
84
60
65
31_82
68
79
72
32
77
53_60
65
75
36_68
75
72
53
60
65
68
34
75
72
79
36
60_60
65_82
36_68_82
34_72_84
36_48
86
84
55
60
36_82
63
67
36
55_55
60
36_63
67
36_48
36_55
60
36
63
75
67
79
36
55_55
60
82
31_63
82
30_67
84
29_53
86
60_84
65
82
31
68
79
72
32
77
53_60
65
75
36_68_75
72
53
60
65
68
34
75
72
79
36
60_60
82
65
82
36_68
84
34_72
86
36_48
87
55
60
82
36
63
67
36
55_55
60
36_63
67
36_48
36_55
36_60
63
75
67
79
39_55_55
60
82
43_63
82
42_67
84
29_53_86
60
84
65
31_82
68
79
72
32
77
53_60
75
65
36_68_75
72
53
60
65
68
34
75
72
36
79
60_60
65
82
36_68
82
84
34_72
36_48_86
84
55
60
36
82
63
67
36
55_55
60
36_63
67
36_48
36_55
60
36
63
75
67
36
79
55_55
60_82
31_63
82
30_67
84
29_53_86
60
84
65
31
82
68
79
72
77
32
53_60
65
75
75
36_68
72
53
60
65
68
34
72
36
60_60
65
36_68
84
34_72
36_48
84
55
60
36
84
63
67
36_84
55_55
60
36_63
84
67
36_48
86
36_55
36_60
86
63
67
82
39_55_55
60
43_63
82
42_67
29
80
31
32
36
34
36
36
34
36
36
36
36
36
36
36
36
31
30
29
31
32
36
34
36
36
34
36
36
36
36
36
36
36
39
43
42
29_53
60
65
31
68
72
32
53_60
65
36_68
72
53
60
65
68
34
72
36
60_60
65
36_68
34_72
36_48
55
60
36
63
67
36
55_55
60
36_63
67
36_48
36_55
60
36
63
67
36
55_55
60
31_63
30_67
29_53
60
65
31
68
72
32
53_60
65
36_68
72
53
60
65
71_72
68
34
75
72
36
60_60
65
36_68
34_72
36_48
55
60
36
63
67
36
55_55
60
36_63
67
36_48
36_55
36_60
63
67
39_55_55
60
72
43_63
75
42_67
29_53
75
60
65
31
68
72
75
32
53_60
65
36_68
75
72
72
53_75
60
65
68
72
34
72
79
36
60_60
65
36_68
79
34_72
77
36_48
77
55
60
36
75
63
67
36
75
55_55
60
36_63
75
67
72
36_48
75
36_55
60
36
63
67
36
77
55_55
60
75
31_63
30_67
72
29_53
75
60
65
31
68
72
32
77
53_60
65
36_68_75
72
72
53
75
60
65
68
34
72
36
79
60_60
65
36_68
79
34_72
36_48
77
55
75
60
36
75
63
72
67
36
77
55_55
60
36_63
75
67
36_48
75
36_55
36_60
63
67
39_55_55
60
72
43_63
75
42_67
29_53
75
60
65
31
68
72
32
77
53_60
65
75
36_68
75
72
72
53
75
60
65
68
34
72
72
36
79
60_60
65
36_68
79
79
34_72
36_48_77
55
60
75
36
63
67
36
75
55_55
60
36_63
75
67
36_48
75
36_55
60
36
63
67
36
77
55_55
60
31_63
75
30_67
29_53
75
60
65
31
68
72
32
77
53_60
65
36_68
75
72
53
75
60
65
68
34
72
72
36
79
60_60
65
36_68
79
34_72
36_48
77
55
75
60
36
75
63
72
67
36
77
55_55
60
36_63
75
67
75
36_48
36_55
36_60
63
67
39_55_55
60_72
43_63
75
42_67
75
53
60
65
68
72
77
32
53_60
65
75
36_68
75
72
72
53
75
60
65
68
34
72
72
36
79
60_60
65
36_68
79
34_72
36_48
77
55
60
36
75
63
67
36
75
55_55
60
36_63
75
67
75
36_48
36_55
60
36
63
67
77
36
55_55
60
31_63
75
30_67
72
29_53
75
60
65
31
68
72
32_77
53_60
65
36_68
75
72
72
53
75
60
65
68
34
72
72
36
79
60_60
65
36_68
79
34_72
36_48
77
55
75
60
36
75
63
72
67
36
77
55_55
60
36_63
75
67
75
36_48
36_55
77
36_60
79
63
67
39_55_55
60
72
43_63
75
42_67
75
29_53
60
65
31
68
72
32
77
53_60
65
75
36_68
75
72
72
53
75
60
65
68
34
72
72
36
79
60_60
65
36_68
79
34_72
36_48
77
55
60
36
75
63
67
36
75
55_55
60
36_63
75
67
36_48
75
36_55
60
36
63
67
36
77
55_55
60
31_63
75
30_67
72
29_53
75
60
65
31
68
72
32
77
53_60
65
36_68
75
72
72
53
75
60
65
68
34
72
72
79
36
60_60
65
36_68
79
34_72
77
36_48
77
55
75
60
36
75
63
72
67
36
75
77
55_55
60
36_63
75
67
75
36_48
36_55
77
36_60
79
63
67
39_55_55
60
72
43_63
75
76
42_67
53
75
60
65
68
72
77
53_60
65
75
68
75
72
72
53_75
60
65
68
72
79
60_60
65
68
79
72
48
77
55
60
75
63
67
75
55_55
60
63
75
67
48
75
55
60
63
67
75
77
55_55
60
63
75
67
72
53
75
60
65
68
72
77
53_60
65
68
75
72
72
53
75
60
65
68
72
72
79
60_60
65
68
79
72
77
48
77
55
75
60
75
63
72
67
75
77
55_55
60
63
75
67
75
48
55
77
60
79
63
67
55_55
60
72
63
75
67
29_53
75
60
65
31
68
72
32
77
53_60
65
75
36_68
75
72
72
53
75
60
65
68
34
72
72
36
79
60_60
65
36_68
79
34_72_77
36_48
77
55
60
36
75
63
67
36
75
55_55
60
36_63_75
67
36_48
75
36_55
77
60
36
79
63
67
36
77
55_55
60
31_63
75
30_67
72
29_53
75
60
65
31
68
72
32
77
53_60
65
36_68
75
72_72
53
75
60
65
68
34
72
72
36
79
60_60
65
36_68
79
34_72
77
36_48
77
55
75
60
36
75
63
72
67
36
77
55_55
60
36_63
75
67
75
36_48
36_55
77
36_60
79
63
67
39_55_55
60
75
43_63
77
42_67
29_53
75
60
65
31
68
72
32
77
53_60
65
75
36_68
75
72
72
53
75
60
65
68
34
72
72
36
79
60_60
65
36_68
79
34_72
77
36_48
77
55
75
60
36
77
75
63
72
67
36
75
77
55_55
60
36_63
75
67
75
36_48
77
36_55
60
36
79
63
72
67
36
77
55_55
60
31_63
75
30_67
72
29_53
75
60
65
31
68
72
32
77
53_60
65
36_68
75
72
72
53
75
60
65
68
34
72
72
79
36
60_60
65
36_68
79
34_72
77
36_48
77
55
75
60
36
75
63
72
67
75
36_77
55_55
60
36_63
75
67
75
36_48
36_55
77
36_60
79
63
67
39_55_55
60
72
43_63
75
42_67
29_53_75
60
65
31
68
72
32
53_60
65
36_68
72
53
60
65
68
34
72
36
60_60
65
72
36_68
75
34_72
75
36_48
55
60
36
63
67
36
55_55
60
36_63
67
36_48
36_55
60
36
63
67
36
55_55
60
72
31_63
75
30_67
29_53_75
60
65
31
68
72
32
53_60
65
36_68
72
53
60
65
68
34
72
36
60_60
65
72
36_68
75
34_72
75
36_48
55
60
36
63
67
36
55_55
60
36_63
67
36_48
36_55
36_60
63
67
39_55_55
60
43_63
42_67
36
