38
38
38
38
38
38
36
36
38
40
36_40
38_51
40
51
36
40
38_51_52
56
47_56
52
59
64
51
52
56
47
47
56
52
40
52
47_56
40
43_44_51
40
51
38
40
36_44
51
43
56
47
52
52
56
59
64
44
56
52
44
47
47_47_51
47
56
52
52
47_56
36_47
47
49
49_52
38_51
56
59
64
51
49
49
51
51
38
52
36_52
51
56
52
59
64
40
51
40
36
47_56
52
38_51_52
56
59
64
52
56
47
51
47
52_56
52_56
47
52
52
38
40
40
36_40
51
36_51
40_40
40
38
43
43_56
36_51_52
47_49
52_56
64
59
49
38
47_52_56
47
56
52
43
51
43
52
47_56
36
38_49
43_52
38_38_43
51
56
59
64
49
51
51
51
43
38
43
40
36_40
49_51
49
52
56
59
64
40
51
40
36
47_52_56
76
38_52
51
56
59
64
52_56
47
51
47_52_56
40
47_52
56
40
40_51
51
38
40
40
35_56
36_47_51
52
52_56
59
64
52
47_56
47
71_76
52_56
51
52
47_56
36
71
52_73
38_51
56
59
64
51
56
56
35
73
51_71
51
38
71
40_73
36_51
52
56
59_64
73
51
74
40
40
36
40
74
47_56
52
73
38_52
51
56
59
64
52
56
47
51
40
47
56
52
47_52
56
38
73
40
74
36_40_51
36
51
40
74
40
35_73
36_47_56
51_52
52_56
59_64
47_52
56
51
71
47
52_56
35
36
73
52
47_56
67_71
37_38_52
51_56
59
64
51
51
37
38
51
64
40_40
36_51_67
52_56
64
59
40
51
36
40
56
47_52
52
38_51
56
59
64
52_56
47
51
40
47
52
56
40
47_52_56
40
43_44
51
51
40
38
56
47_52
44
36_51
43
54
56
52_54
59_64
56
47_52
44
47
56
44_52
47
47
51
52
47
56
47
36
47
49_52
38_49_51
56
59
64
51
64
49
49
51
51
38
52_52
36_51
56
52
59_64
40
51
40
56
47
52
36
52
38_51
56
59
64
52
47
56
51
47
56
52
47_52
56
52
52
38
40
40_40
36_51
36
51
40
40
40
47_56
38_49_52
43
43
36_51
56
52
59
64
49
52_56
47
38
47
56
52
51
43
43_52
47
56
36
38_49
43_52
38_38_43_51
56
59
64
49
51
51
43
51
38
43
40_40
36_49_51
56
52
59
64
49
40
51
40
36
47_56
52
52_76
38_51
56
59
64
52
56
47
51
47_56
52
40
52
47
56
40
40_51
51
38
40
40
56
47
35
36_51_52
52
56
59
64
52_56
47
47
76
52_56
71
51
52
47
56
36
35
73
37_52
38_51
56
59_71
64
51
37
73
71
51
51
38
71
36_40_73
51
56
52
59
64
73
40
74
51
40
40
36
40_56
52
47
74
35_73
38_51_52
56
59
64
52
47_56
51
47
52_56
52
47
56
38
73
40
36_51_74
51
36
35
74
40
56
52
47
73
36_37_51
52
56
64
59
52
56
47
47
52_56
71
35_38
51
73
38_47_52
56
36
37
35
38
67
35_52
38_51
38_38_56_71
59
64
38
51
35
39
38_38_51
51
39
38
52
40_56
64
36_40
59
49
64
67
49
36
59_64
38_47_56
52
56_56
40
38
35_36
47_52
64
56_64
59
36
59
56
47_64
38
52
56_56
35
38
40
36
47_64
59
52
56
36
38_47
59
52_56
64
56_56
40
40
38
40
36
36
40
35_36
47
64
52
56_59
59
35_56
64
64
56_59
35
36
59
56
35_64
38_47
38_38
52
56_56
38
39
38
38
39
40
36_40
47
59_64
52
56
36
59
47_64
38_56
52
56_56
40
38
35_36
64
59
47
52
56
36
59
56
64
38_47
52
56_56
35
38
40
36
47
64
59
52
56
36
59
64
56
47
38
52
56_56
40
38
40
36
36
40
42
36
40
64
59
59
56_56
64
40
47
64
59
42_52
56
36
59
40_56
64
44_47
38_43
52
56_56
43
44_44
38
44
45_45
36
47
52
64
56
59
36
49
38
52_64
57
57_57
61
45
38
40
36
49
52
64
57
61
36
57
38_49_61
64
52
57_57
38
40
36_45
49
52
64
61
57
36
38_49
57
52_61_64
57_57
45
38
36_45
36
45
45
36
45
49
52
64
57_61
57_61
64
35
64
61
57
45
36
35
57_61
64
47_49
38_38
52
57_57
38
39
38_39_47
40_40
36
52
49
57_64
61
36
59
47_64
38
52_56
56_56
40
38
35
36
47
52
56
59_64
36
47
38
64
52_59
56
56_56
35
38
36_40
47
52
56_64
59
36
38_47
52_59
56_64
56_56
40
38
36_40
36
40
40
36
52
40_47
56
59_64
40
59
56
64
40
36
64
59
56
40
59
56_64
37
45_47
38
52
56_56
45
37
46
38
46
35_36_47
47
52
56
59
64
36
63_66
59
38_47
51
54
35
38
35_36
47
51
54
59
66
63
36
59
63_66
47
38
51
54
35
38
36
35
47
51
54
59
66
63
36
38_47
59
51_63
66
54
35
38
35_36
47
51_66
54_59
63
36
47
35
63
38_40_66
59
66
63
59
38
59
63_66
40
34
38_43_47
51
54
43
38
34
38_44
59_66
63
44
38
33
47_51
49_54
36_45_52
57_61
57_57
64
70
36
70
36
70
36
70
36
36
36
70
36
70
36
61
64
70
36
45
49
33
52_57
70
36
36
33_49
36
52
57
49
33
52
57
36
33
49
52
57
61_64
57_57
36
49
33
52
57
61
64
36
33_36_49
57
52_61
64
57_57
49
61_64
33_57
52
36
33_49
36
52_61
57_64
57_57
61
64
49
33_36
57
52
33_49
36
52_57_64
61
57_57
64
61
49
52
36
33
57
36
36_38
38
36_40
46_51
51
36
47_56
52_59
38_64
42_51
46
51
40
42
40_42
38
40
42
35
36_51
46
64
47_56_59
52
51
36
46
47_52
56_59_64
38_42_51
51
42
35
42
38
42
36_40
46_51
64
56
59
47
52
51
36_46
47_52
56_59
38_42_64
51
40
51
42
38
36_40
42
36
40
42
35
36_46_51
64
56_59
47_52
51
47_59
52_56
64
35
56_64
36_52
59
47
37
47_52
59_64
38_46_56
42_51
51
42
42
38
37
78
42
40_46
36_51
51
56_59_64
52
47
78
71
36
46
47_52
56_59
38_42_64
51
51
40_42
40_42_80
40
38
42
35_36
46_51
64
56
47_59
52
51
71
36
47
52_59
38_56_64
42_51
71_80
46
51
42
78
42
71
38
35
42
40
36_46
51
47
56
64
51
59
52
78
71
36
46
47_59
52_56_64
38_42
51
51
40
42
80
38
36_40_42
36
40
42
35_36
46_51
64
47
56
52
51_59
52_59
47_56_64
35
64
47_56
52
59
36
46
37
47_52
56_59_64
38_42_51
51
42
37
42
71
80
38
42
40
36_46
51
47
56
51_64
59
52
36
46
47_59
52_56_64
38_42_51
51
40
42
40
42
38
40
42
59
68
64
35_36
46_51
51
47
64
56
52
59
36
46
45_47
52_59
56_64
38_42_51
51
45
42
42
38
35
42
40
36_46
51
51
56
64
52
59
47
36
46
52_59
47_56_64
38_42_51
51
42
40
38
40
36_42
36
42
40_59
68
64
36_45
46_51
64
47
51_56
52
59
59
52_56
56
45_52
36
59
46
46_47
52_59
38_56_64
42_51
51
42
42
38
42
46
64
52
59
56
47
36_46_51
51
47
47
47
36_46
63
51_54
38_47
42_51_63
59_66
57
42
51_59
57
63_66
47
42_47
38
47
42
59_63
42_66
36_46_51
57
47
51_54
51
63
36
46
47_63
51_54
38_51
42
57
51_59
63
42
66
59
42
42
38
42
59
66
46_47
36_51
51
54
47
51
63
66
59
36
46
47
51_63
38_54_68
42_51
59
51
42_47
68
38
42_69
36_42
36
42
42
47
36_46
51
54
63
51
47
51
51
47_54_63
54
63
47_51
36_47
46_51
47_54_63
38_46
42_51
51
42
42_46
69
38
54
42
51
47
45_46
36_51
63
51
36
61
52_57
38_49_51
42
46
51
42
45
42
38
42
40
36_46
49_51
57
52
51
61
36
46
49
52
38_57_61
42_51
51
42
42
40
38
42
45_67
36_46_51
61
49
57
52
51
36
49_52
57_61
38_51
42
46
51
42
45
38
40_67
36_42_66
36
42
40
45
36_64
46_51
66
49
52
57_61
51
52
49_57_61
45
36
57
61
49
52
64
47_61
49_52_57
38_61
42_46_51
42_51
47
64
42
61
38
57
49
42
52
61
40_46
36_51
51
40
36
42_47
56_59
64_65
38_51_52
42
46
42
51
65
42
38
42
42
43
36_46_51
51
47
64
52_59
56_64
36
43
44
47_59
52_56_64
38_51
42
46
42
51
42
38
44
42
36_45_46
51
61
59
51
56
52
64
47
36
47_52
57_61_64
38_42
51_69
42
46
61
51
45
69
38_61
36_42_45
36
45
45
36_51
46
42
47
61
52_57
64
51
57_61
47_52_64
69
64
47
61
52
57
45
36
47
47_52
57_61_64
38_51
42_46
51
42
47
42
61
38
42
36_40_46
51
57
61
47_52
64
51
69
36
56_59
47_52_64
38_42
46_51
42
51
40
42
38
42
36_40
46_51
51
47
52
56_64
59
36
47
52_56_59
38_64
42_51
46
51
42
42
40
38
42
35
36_46
51
51
64
59
52
47
56
36
47
38_59
42_51
46
51
42
38
35
36
42
36
42
35_36
46_51
51
59
47
36
54_59
47_51
38_42_51
46
51
35
42
38
64
40_40
36_49
54
59
47_51
40
36
40
56
47_52
52
38
56
59
64
52
56
47
40
47
52
56
40
47_52
56
40
43
44
40
38
56
52
47
36_43_44
54
56
54
52
59
64
56
47
52
44
47
56
44
52
47
47
52
47
56
36_47
49
47
49_52
38_49
56
59
64
64
49
49
38
52_52
36
56
52
59_64
40
40
56
47
52
36
52
38
56
59
64
52
47
56
47
56
52
47_52
56
52
52
38
40
40_40
36
36
40
40
40
47_56
49_52
38
43_43
36
52_56
59_64
49
52_56
47
38
47
56
52
43
52
43_47
56
36
49
38
43_52
38_38_43
56
59
64
49
43
38
43
40_40
36_49
56
52
59_64
49
40
40
36
47_56
52
76
38_52
56
59
64
52
56
47
47
52_56
40
47_52
56
40
40
38
40
40
47_56
35
36_52
52
56
59
64
52_56
47
47
52_56_76
71
52
47
56
35_36
37_73
38_52
56
59_71
64
37
73
71
38
71
40_73
36
56
52
59
64
73
40
74
40
40
36
40
52_56
47
74
35_73
38_52
56
59
64
52
47_56
47
52_56
52
47
56
38
73
40
36_74
36
35
74
40
56
47_52
73
36_37
52
56
64
59
52_56
47
47
56
52
71
35
38
73
47_52
38_56
36
37
35
38
67
35_52
38_38_38
56_71
59
64
38
35
39
38_38
39
38
52
40_56
36_40_64
59
49
64
67
49
36
59_64
47_56
38
52
56_56
40
38
35
36
47_52
64
64
56_59
36
56_59
47_64
38
52
56_56
35
38
36_40
47
64
59
52
56
36
38_47
59
52
56_64
56_56
40
40
38
36_40
36
40
35_36
47
52_64
56
59
59
35_56
64
64
56_59
35
36
59
56
71
64
35
38
38_47
38
52
56_56
38
39
38
38
39
40
36_40
47
59_64
52_56
36
59
64
47
38_56
52
56_56
40
38
35_36
64
59
47
52
56
36
56_59
64
38_47
52
56_56
35
38
40
36
47
64
59
52
71
56
36
71
59
64
56
47
38
52
56_56
40
38
40
36
36
71
40
69
36_42
40
64
59
71
69
59
56_56
64
40
47
64
59
42_52
56
36
71
59
40_56
64
68
44_47
38_43
52
56_56
43
44_44
38
44
68
64
45
36_45
47
52
64
56
59
36
49
38
52_64
57
57_57
61
45
38
36_40
49
52
64
57
61
36
57
49_61
38_64
52
57_57
38
40
36_45
49
52
64
57_61
36
49
38
57
52_64
61
57_57
45
38
45
36
36
45
64
36_45
61
45
49
52
64
57_61
57_61
64
35
64
61
57_61
45
36
35
57_61
64
67
47_49
38_38
52
57_57
38
64
67
39
39_47
38
40_40
36
52
49
57
64
61
36
47_59
38_64
52_56
56_56
40
38
35
36
47
52
56
64
59
36
38_47
64
52
56_59
56_56
35
38
36_40
47
52
56
64
59
36
47
38
59
52_56_64
56_56
40
38
36_40
36
40
40
36
52
40_47
56
59_64
40
56_59
64
40
36
59_64
64
56
40
56_59
64_71
37_47
38_45
52
56_56
45
37
46
38
46
35_47
36
47
52
56
59
64
36
63_66
59
38_47
51
54
35
38
35
36
47
51
54
59
66
63
36
59
63
66
47
38
51
54
35
38
36
35
47
51
54
59
66
63
36
38_47
51_59_63
66
54
35
71
38
71
35
36
47
66
51_54_59
63
36
47
35
63
40_66
38
59
66
63
59
38
59
63_66
34_40
43_47
38_71
51_68
54
43
38
34
69
44
38
68
59_66
63
44
38
33
47
49_51_54
36_45_52
57_61
57_57_64
70
36
70
36
70
36
70
36
36
36
70
69
36
70
36
61
64
70
36
45
49
33_57
52
70
36
36
33
36_49
52
57
49
33
52
57
36
33
49
52
57_61_64
57_57
36
49
33
52
57
61
64
36
33_49
36_57
52
61_64
57_57
49
61_64
33_57
52
36
33_49
36
52_61
57_64
57_57
61
64
49
33_36
52_57
33
36_49
52_57_64
61
57_57
61_64
49
52
33_36
57
36
36_38
38
40_51
36_46
51
36
47
52_56
51_59_64
38_42
46
51
40
42
40
42
38
40
42
35
36_51
46
64
47_56
52_59
51
36
46
47_52
56_59_64
38_42_51
51
42
35
42
38
42
40_51
36_46
64
56
59
47
52
51
46
36
47
52_56
42_59_64
38_51
40
51
42
38
40_42
36
36
40
42
35
36_46
51
64
56
59
47_52
51
59
47_52
56_64
35
64
36_56
52_59
47
37_47
52_59_64
46_56
38_42_51
51
42
42
38
37
78
42
40_46
36_51
51
56_59
64
52
47
78
71
36
46
47_52
56_59
42_64
38_51
51
40
42
40_42
80
38_40
42
35
36_46
51
64
56
59
47
52
51
71
36
47_52
56_59_64
38_42
51_71
46_80
51
42
78
42
71
38
35
42
40_46
36_51
47
56
64
51
59
52
78
71
36
46
47_59
52_56
38_42_64
51
51
40
42
80
38
40_42
36
36
40
42
35
36_46_51
64
47
56
52
59
51
52_59
47_56
64
35
64
47_56
52
59
36
37_46
47_52
59_64
38_42_56
51
51
42
37
42
71
80
38
42
40_46
36_51
47
56
51_64
59
52
36
46
47_59
52_56_64
38_42
51
51
40_42
40_42
38
40
42
59_68
64
35_46
36_51
51
47
56_64
52
59
36
46
47
45_59
52_56_64
38_42
51
51
45
42
42
35_38
42
40
36_46
51
51
56
64
52_59
47
36
46
52_59
47_56_64
38_42
51
51
42
40
38
40
36_42
36
42
40
59_68
64
45_46
36_51
64
47
51_56
52
59
52_56_59
56
45
36_52
59
46
46
47_52
56_59_64
38_42_51
51
42
42
38
42_46
64
52
59
56
47
36_51
46
51
47
47
47
36_46
51_63
47_51_54
38_42
59_63_66
57
42
51
57_59
66
63
47
47
42
38
47
42
59_63
42_66
36_46_51
57
47
54
51
51
63
36
46
47_63
51_54
38_51
42
57
51_59
63
42
66
59
42
42
38
42
59
66
47
36_46
51
51
54
47
51
63
66
59
36
46
47
51_63
54_68
38_42_51
59
51
42_47
68
38
42
42_69
36
36
42
42
46_47
36_51
54
63
51
47
51
51_54_63
47
54
63
51
47
36
47
46_51
47_54_63
38_46
42_51
51
42
42_46
69
38
54
42
51
47
45
36_46_51
63
51
36
61
52_57
38_49_51
42
46
51
42
45
42
38
40_42
36_46
49_51
57
51_52
61
36
46
49_52
42_57_61
38_51
51
42
42
40
38
42
45_67
36_46
51
61
49
57
52
51
36
49
52_61
51_57
38_42
46
51
42
45
38
40_67
42_66
36
36
42
40
45
46_64
36_51
66
49
52
57_61
51
52
49_57_61
45
36_57
61
49
52
64
47_61
49_52_57
51_61
38_42
46
42_51
47
64
42
38_61
57
49
42
52
61
40_46
36_51
51
40
36
42
47_56
59_64_65
38_51_52
42
46
42
51
65
42
38
42
42
43
36_46
51
51
47
64
52_59
56_64
36
43
44_47
56_59_64
51_52
38_42
46
42
51
42
38
44
42
45_46
36_51
61
59
51
56
52
64
47
36
47_52
57_61
38_42_64
51_69
42
46
61
51
45
69
38
61
42_45
36
36
45
45
36_51
46
42
47
61
52_57
64
51
57_61
47_52
64
69
64
47
61
52
57
45
36
47
47
52_57_64
38_51_61
42_46
51
42
47
42
38_61
42
36_40_46
51
57
61
47
52_64
51
69
36
56_59
47_52
38_42_64
46_51
42
51
40
42
38
42
40_46
36_51
51
47
52
56_64
59
36
47
52_59
42_56_64
38_51
46
51
42
42
40
38
42
35
36_46
51
51
64
59
52
47
56
36
47_59
38_42_51
46
42_51
38
35
36_42
36
42
35_46
36_51
51
59
47
36
54
47_51_59
38_51
42
46
51
35
42
38
40
47
51_54_59
71_76_80
36_52
56_59_64
40
59_64
52_56
71
76
80
71
36
71
40_80
38_71_76
52_56_59
64
40
52_56_64
59
71
76
38_80
40_76
36_51
52_56_59
64
51
56_64
52_59
40
76
71
36_71
59
52_56
64
40
68_74_76
38
56
59_64
52
40
38
74
76
68
52_56_59
40_64
68_71
36_51
51
56
52_59_64
68
71
68
40
68
36
52_56_59
42_64
38_68_71
64
56
52
59
38
36
42
68
36
71
43_62
51_64_68
36_52
56_59_64
51
52
56_64
59_62
64
68
62
43
36
62
59
56
52_64
44_62
64_68
38
45
38
44
62
45
68
64
45
85_88
49_79_83
57_64
51_61_69
36
57
49_56_59
52
64
51
49_57_59
83
79_85
88
57_59
49
79_85
83_88
45
83
85
88
79
45
36
52_57_61
64
49
57
38_51
51
45
57
45
79_88
49_83_85
45
85
79_83
88
38
45
45
40_49
36_51_57
51
64
52
57_61
57
49
49
57
49_57
36
57
52_61
51_64
38
61
64
69
51
45
38
40
45
45_88
79_85
49_57
36_51
51_57
49_79_85
88
64
57_61
49_52
57
49
57
45
45
36
52_55
61_64
57
38_49_51
51
45
38
49_57
45_79
85_88
36_45
85
36_88
79
45
45
45_49_57
36_51
51
64
52_61
55
49_57
85
79_88
49_57
36
49_57
55_61
52
64
38_51_56
56
51
47
45
85
38
79
88
47
40_80
50_88
36_51_56
55_61
52
64
51_56
50
50
56
50
56
88
80
47_80_88
47_80_88
36
52_56
59_64
56
50_51
38
51
40
50_56
40_47
38
40
47
47
50_56
36_51
51
56
52_59_64
56
50
50
56
56
50
36
59
52_56
64
51
38
51
76
47
38
47
47
76
40_79
50_82
36_51_56
50_51_56
56
52_64
59
82
79
83
50_56_80
50_56
80
83
47_76
47
76
59
36_52
56_64
42_79
56_82
50_51
38
51
40
79
82
83
80
38_80
50
56_83
47_76
36
36
47
42
76
43
79_82
50_51_56
36
51
56
52
59_64
79
80_83
82
56
80
50
83
56_76
50
50
56
36
76
56_59
52_64
44
79_82
38_51
43
51
80_83
79
82
80_83
76
45
38_45
44
76
45_81
49_51_57
36
52_59
56_64
51
57
49
49_57
49
57
45
45
36
55_61
49_57
38_51_52
64
51
45
49
57
45_45
38
45
40_57
49_51
36
51
45
61
52_55
64
57
49
49_57
49
81
57
36
52_55_61
51_64
38
51
45
38
45
40
45_57
36_49_51
51
49
57
49_57
61
64
52_55
49
57
45
45
36
55_61
49_64
38_51_57
52
51
45
38
49
57
45_45
36
36
45
45
44_57
49_51
36
51
61
64
52_55
57
49
49_57
36
44_49
57
52_55
61_64
43
38_51
51
49
49
46
38
46
43
42
49_54
36_46
51
52
46
55
51
61_64
49_54
49_54
49_54
46
36_46
54_58
61
54_64
38_49_51
51
42
54
49
42
46
38
42
46
42_49
36_54
51
51
61
54_58
64
54
49
49_54
36
49
54
38
51
54_58
61_64
51
42
38
58_64
54
61
47
51_59
51_54
38_51_51_95
54_63
59
57
51
38
63
57
51
54
38_59
59_95
54
47
38
38
38
47_59
51_52_54
38_59
54_57
51_63_95
51_52
38
51
38
54
59
95
38
38
38
38_51
51
38
38
38
38
38
38
51
51
38
47
38
38
38
38
55
47
38
55
54
38_57
63
59
47
40
36
36
52_56
59_64
38
40
38
36_40
36
40
47
36
56_64
52
59
36
38
52_56_59
64
47
38
36_47
64
59
56
52
36
38
47_59
51_54
47
47
47
38
47
36
54
47
51
59
36
54
47_59
38_51
47
38
40_68
36_64
47
51
54
59
40
64
36_52
56_59
42_64
66_68_69
38
38
36
36
66
69
42
43
67_70
36
56
52_64
59
43
36
70
67
52_56_59
44_64
68_71
38
68
38
44
45_69
36_73
52_59
71
56
64
73
69
36
61
59_64
55
73_76
38
45
73
45_76_76
81
38
45
45
36
64
59_61
55
36
55
59_61
64
38
81
76
45
38
59
76
40_61_64
36_55
40
36
52_56_59
64
38_40
38
36
36
40_45
36
64
56
52_59
36_36
45
76
59
52_56
46_73
36_38_64
38_38
64
59
56
52
73
71
38_46
49
47
47
51_54_59
49
47
51_54
59
71
47
40
40_51
36
40
51
36
40
38_51_52
56
47_52_56
59
64
51
52
56
47
47
56
52
40
52
47_56
40
43
44_51
40
51
38
40
44_51
36
43
56
47
52
52
56
59
64
44
56
52
44
47
47_47
47_51
56
52
52
47_56
36_47
47
49_52
49_51
38
56
59
64
51
49
49
51
51
38
52
52
36_51
56
52
59
64
40
51
40
36
47_56
52_52
38_51
56
59
64
52_56
47
51
47
52_56
52_56
47
52
52
38
40
40
40_51
36
36_51
40_40
40
38
43
43_56
36_51_52
47_49
52_56
64
59
49
38
47_52_56
47
56
52
43
51
43
52
47_56
36
38
49
43_52
43_51
38_38_56
59
64
49
51
51
51
43
38
43
40
40_51
36_49
49
52
56
59
64
40
51
40
36
47_52_56
76
51_52
38
56
59
64
52
56
47
51
47_52_56
40
47_52
56
40
40_51
51
38
40
40
35_51_56
36_47
52
52_56
59
64
52
47_56
47
71_76
52_56
51
52
47_56
36
71
52_73
38_51
56
59
64
51
56
56
35
73
51_71
51
38
71
40_73
36_51
52
56
59
64
73
51
74
40
40
36
40
74
47_52_56
73
51_52
38
56
59
64
52
56
47
51
40
47
56
52
52
47
56
38
73
40
40_74
36_51
36
51
40
74
40
73
35_56
47_51
36_52
52_56
59
64
47_52
56
51
71
47
52_56
35
36
73
52
47_56
67_71
37_51_52
38_56
59
64
51
51
37
38
51
40_64
40_51
36_67
56
52
59_64
40
51
36
40
56
47_52
51_52
38
56
59
64
52_56
47
51
40
47
52
56
40
52
47_56
40
43_44
51
51
38_40
56
47_52
44
36_51
43
54
56
52_54
59_64
56
47_52
44
47
56
44_52
47
47
51
52
47
56
47
36
47
49_52
38_49_51
56
59
64
51
64
49
49
51
51
38
52_52
36_51
56
52
59_64
40
51
40
56
47
52
36
51_52
38
56
59
64
52
47
56
51
47
56
52
52
47
56
52
52
38
40
40_40
36_51
36
51
40
40
40
47_56
52
38_49
43
43
36_51
56
52
59
64
49
52_56
47
38
47
52_56
51
43
52
43_47
56
36
38_49
43
43_52
38_38_51
56
59
64
49
51
51
43
51
38
43
40
52_56_64
59
40
36
50_62
50_50
50
36
38
50_62
50_50
49_50_61
49_49
49
61
49_49
49_49
62
50_50
50_50
36_38
50_62
50_50_50
36
59
47_47_47
47
38
59
47_47_47
47
46_58
46_46
46
36
38
58
46_46
46_46
47_59
47_47_47
36
38
47_59
47_47
47
43_55
43_43
38_43
36
43_55
43_43_43
52
40_40
40_40
36
38
40_40_52
40_40
38
52
52_52_52
36_49
36
52_52
52_52
49
