51_54_64
30
54_70
60
58_64
90
52_66_78
42
90
35
62
66
51
66
60
35
52
42
60
64
66
70
62
58
67
54
58
62
51
54
60_64
70
52_66
64
42
30_35
66
66
76
42
60_64_70
51
52_66
58
66
35
54
72
58
67
62
54
70
51_60
52_64_66_70
42
64
35
58
60
30
42_52
51
60_64_66_70
74
54
66
35
58
72
67
62
66
54
52
42_62
60
64_66_70
51
58
64_86
35
70
88
66
54
60
64_66_72
42_70
52
30
89
51
90
66
35
58
62
70
66_67
78
62
58
54_60_64_66_70_84
52
42_69
51
64
35
54
58
51_70
60_60_64
42_52_66_70
30
66_78
80
62
35
66
88
69
62
67
58
51_86
67
54_60
64
70
66
54
64
52
42
35
58
84
66
69
62
30
51
64
60_66_70
66
42
52
35
66
66
82
62
67
67
58
69
86
60_70
64
51
66
54
52_64
42_54
70
35
58
62
51
72
30
84
66
60
64_70
66
42
52_60
66
35
74
62
82
67
58
76
51_54
60
64_78
54_66
52_64
70
42
69
79
58
35
79
62
51
66
78
30
66
60_64_70
66
42
52
66
81
35
62
78
58
67
79
79
54
81
51
54
58_64
64
60
66
70_81
52
42
62
35
82
66
51
66
78
30
62
70
42_52_64_66
60_60
84
79
35
58
86
67
81
88
54
58
90
82
51
64
62
84
54_60_70
52
64
42_66
66
90
35
62
88
51
66
37_61
64
58_70
66
86
42
52
84
35
36
82
54
58
64
60
66_70
81
42
52_62
79
36
66
78
62
78
35
58
51_79
81
54
64
52_66
42_60
70
91
82
79
35
92
35_35_35_35_42_42_47_57_59_59_62_66_70_81_83_83
35
93
60_62
64_70
66_71
49_83
49
42
52
66
59
83
42_50
69
95
59
42_59_69_82
74
80
79
78
77
76
39_40_46_59_69_74
73
71
44_59_69
35
42_69
73
35_35_42_59_69
33
74
35_42_59_69
49
59
61
39_40_44_59_69
33
52_57_64
73
69
74
73
71
35
46_59_70
47
35
73
50
35_35_42_59_69
55_74
59_62_67
42
42
69
35_46_59_69
31_73
44_59
69
39_40_42_59_69
46
35
73
31
42_59_69
44
35_35
30_43_67
62_67
52
58_64
42_59_69
59
86
50
52_62
67
58
46_64
73
35_44_59_69
66
62_67
43_64
52
58
85
39_40_46_59_70
30
62
67
64
58
55
44_59
69
72
73
33
35_42_59_69
69
69
42_47_59
59_71
70
35_35_42_59_70
83
35_50
62
35_54
42_57_66
47_59_61
62_66
59
71
73
74
42_59_69
71
83
73
39_40_46_59_69
71
71
71
59
44_59_69_83
35
71
42_69
73
35_35_42_59_69_71
33_78
83
74
71
35_42_59_69
71
73
39_40_44_59_69_83
33
45
49
57_61
66
52_74
64
73
74
71
35
71
46_59_70
83
35
73
74
76
35_35_42_59_69
54_55
59_66
62
42
76
42
69
73
88
40
35_46_59_69
31
76
44_59
69
76
52
39_40_42_59_69
88
46
35
73
76
57
31
42_59_69
76
40
44
88
35_35
67
30
42_59_69
50
78
46
52
78
90
73
40
79
35_44_55_59_69
58
62
64
79
91
78
66
43
62_67
52
58_64
81
39_40_46_59_70
30
82
50
52
78
90
44_59
69
76
73
50_55
58
33
35_42_59_62_69
76
69
88
69
42_59
59
47
71
74
49
66
57
62
35_35_42_59_70
42_54_83
35_35
47_50
62
49_59
37
71
59
83
73
74
42_59_69
73
57
39_40_46_59_69
62
66
71
44_59_69
71
35
88_89
90
42_69
35_35_42_59_62_69
54
73
57
33
69
74
35_42_59_69
52
39_40_44_59_69
33
57_73
49
52_57
50
59_64
54_61
56
74
73
35
71
46_59_70
88
35
64
73
59_67
35_35_42_59_69
74
42
42
69
73
62_67
35_46_47_55_59_69
31_59
52
50
44_59
39_40_42_59_69
69
46
35
73_86
61
31
42_59_69
69
44
35_35
85
30_66
67
58
42_59_69
58
50
62_69
64
46_58
52
57
73
35_44_58_59_69
86
66
43
69
62
69
54_85
52_62_62
58_64
50
58_64
62_74
39_40_46_59_70
52
30
81
44_59
69
70
33
35_42_59_69
78
69
47
69
42_59
59_71_71
50
61_66
42
35_54
57_62
47
59_66
62
35_35_42_59_70
35
59
73
71
42_59_69
74
66
57_62
61
73
39_40_46_59_69
62
61
59
44_59_69_71
35
42_69
76
62
73
57
35_35_42_59_69
47
54
33
45_57_66_74
61
49
52
35_42_59_69
39_40_44_59_69
57_73
33
54
81
50
74
73
57
61
35_66
46_59_70
71_78
35
59
50
47
43
64
35_35_42_59_69
67
59
55
73
64_74
42
42
69
73
35_46_59_69
31
44_59
43
69
39_40_42_59_69
55
62
47
46
35
45
73
69
31
42_59_69
61
79
44
43
35_35
66
55
30
46
52
67
50
62_67
58
42_59_69
58
50
58_64
52_55
55_64
46
62
54
50
73
35_44_59_69
48
55
67
58
43_62
64
66
62
55_82
39_40_46_58_59_70
62
50
52
30_52
47
69
46
44_59
45
69
50
67
70
33
35_42_59_69
43
69
47
52
45_66
69
42_59
71
59
71
57
54
35_35_42_59_70_74
57
62_66_71
35_78
59_83
73
49_74
74_78
47_54
59
73
59
69
54
74_78
42_59_66_69_71
66
66
71_74
39_40_46_59_69_78
54
66
71_74
78
44_59_62_69
59
71
35
42_69
35_35_42_59_69_74
71_78
69
33_59
74_78
52_71
35_42_59_69_69
59
54
64
52
69
78
52_74
39_40_44_59_69
33_71
57
61
50
52
78
69
35_71
46_59_70
74
35
67
59
74
71_79
35_35_42_59_69
62
52
59_67_78
71
74
55
42
42
69
79
71
67_74
35_46_59_69
31_59
44_59
67
50
39_40_42_59_69
71
79
46
47
35
67
31
42_59_69_71_79
54
44
35_35
58
52_62
67
76
70
58
30
67_74
70_79
42_59_69
76
74
55
67
70
52_79
35_44_59_69
74_76
54
67
52
70
79
39_40_46_59_70
74_74
67
30
76
62
58
50
44_59
69
67
70
46
47
76
33
35_42_59_69
69
45
57
69
42_59
66
78
73
69
35_35_42_59_70
35_71
59
62_66
54
59
66
78
69
73
42_59_69
41
42
66
69_78
39_40_46_59_69_73
45
49
52
66
44_59_69_69_78
73
35
49
42_69
50
66
69
35_35_42_59_69
78
73
33
47
49
66
35_42_59_69
69
73
78
52
50
52
64
66
57
61
69
66
39_40_44_59_69
33
71
73
78
73
54
59
73
78
71
66
35
46_59_70
58
51_52
59
35
57
67
55
35_35_42_59_69
59_78
71
62_67
66
74
71
78
42
42
69
67
35_46_59_69
31
78
71
66
44_59
39_40_42_59_69
67
78
71
74
54
46
35
57
66
31
42_59_69
67
78
71
52
44
57
35_35
70
30
64
67
42_59_69
76
70
58_74
62
55
76
81
54
58
64
35_44_59_69
76
67
70
64
39_40_46_59_70
79
76
30
67
70
44_59
69
54
33_70
35_42_59_69
74
62
64
66
69
54
69
42_59
59
59
47
73
35_35_42_59_62_70
66
35
49
71
74
73
74
78
73
59
71
66
42_59_69
62
74
71
75
71
83
71
76
39_40_46_59_69
62
66
74
71
71
71
83
66
44_59_69
66_74
62
71
35
71
42_69
71
69
74_81
35_35_42_59_69
71
33
83
74
69
81
71
35_42_59_69
59
74
71
64
60
83
67
63
66_69
39_40_44_59_69_74_78
74
33_71
66
71
67
66
71
78
71
74
35
46_59_70
66
59
83
52
35
62
59_67_70_79
64
55_66_67_74
71
71
35_35_42_59_69_74
42
70
42
69
82
67
37
79
35_46_59_69
31_74
71
64
64
71
44_59
62
71
39_40_42_59_69
79
71
83
64
46
35
62
37
71_79
31
74
42_59_69
64
52
59
74
44
58
64
35_35
67
62
58_70
55
86
81
30_74
70
76
62_74
42_59_69
64
76
64
76_81
70
64
76
74
62
35_37_44_59_69
88
58
58
78_81
57
64
76
70
74
39_40_46_59_70
30
78
55
44_59
90
69
81
62_70
74
82
72
37_54
33_64
35_42_59_69
69
82
70
57
59
94
69
42_59
54_62_66
78
74
71_81
35_35_42_59_70
69
35
57
50
54_61
81
93
59
66_74
71_78
59
62
42_59_69
78
66
74
62
78
71
39_40_46_59_69
62
66
59
74
78
71
66
62
44_59_69
61
62
69
35_73
42_69
54
60
35_35_42_59_69_86
79
81
75
69
33
59
57
35_42_59_69
69
75
54
60_86
57
69
57
39_40_44_59_69
60
33
52
54_61
64_69
75
66_86
81
79
52
60_69
35
46_59_70
75_86
54
59
35
52
35_35_42_59_69
67
86
83
67_76
79
71
74
62_64
55
59
42
42
69
35_46_59_69
31_67
59
52
44_59
50
52
39_40_42_59_69
83
74
67_76
79
59
46
35
76
31
42_59_69
88
67
50
43
52
44
86
35_35
30
76
42_59_69
88
55
62
58_67
76
58
67_70_70
81
74_76
46
45
50
35_44_59_69
67
52
47
58
45
39_40_46_59_70
30
54
62_74
81
74
67_70
76
67
47
45
55
44_59
76
69
67
43
62
54
58
33
35_42_59_69
78
77
77
81
67
70
74
71
69
53
45_76
69
42_59_59
54
74
49
59
35_35_42_59_70
54_62
35
66
62
71
74
78
78
59
42_59_69
66
59
54
39_40_46_59_69
74
66_71
74
59
78
54
66
44_55_59_69
74_78
66
71
74
59
35
53
42_69
54
61
52_81
35_35_42_57_59_69
66
59
33_78
69
74
55
35_42_59_69
66
59
69
78
74
53
54
39_40_44_59_69
33
66
69
59
78
78
81
55
35_69
46_59_70
66
59
78
53
52
35
54
78
35_35_42_59_69
64
78
67
71
62_76
79
55
59
83
42
86
42
69
35_46_59_69
31_64
61
67
71
76
60
44_59
39_40_42_59_69
81
67
64
76
61
71
46
35
31
42_59_69
67
64
71
44
35_35
30
42_59_69_70
82
64
70
67
76
57
35_44_59_69
67
64
70
76
54
72
67
76
52_70_74
84
81
85
39_40_46_59_67_70
30_64
86
74
54
70
44_59
69
55
64
74
33
35_42_59_69
69
52
78
69
42_59
62
59
66
59
66
62_71_74
78
54
35_35_42_59_70
71_83
35_71
59
42_59_66_69
62
59
74
66
39_40_46_59_69
78
71
78
66
52
44_59_69
74
78
71
66
64
35_76
50
42_69
35_35_42_59_69
74_81
33
66
62
70
71
50
54
35_42_59_69
74
71_81
66
61
58
57
61_64
66
39_40_44_59_69
33_69
73
66
71
78_81
76
66
78
59
54
35
46_59_70
64
66
81
71
76
57
35
35_35_42_59_69
67
62_74
67
81
59_71
52
71
59
78
42
74
42
55
69
54
35_46_59_69
31_67_71_74
79
55
57
44_59
55
54
39_40_42_59_69
71
67_74
79
52
46
35
54
31
78
42_59_67_69
71
50
44
52
35_35
78
30
62
52_58
70
42_59_69_74
74
58_70
79
76
70
82
47
55
46
78
35_44_59_69_70
67
74
50
52
74
86
39_40_46_59_70
70
76
30_67
54
74
44_59
52
69
33_78
35_42_59_69
67
50
74
69
69
47
49
42_59
59
50
49
62
54
74
71
59_71
35_35_42_59_70
78
62_66
35
86
59
78
47
66
42_59_69_71
66
49
66_83
39_40_46_59_69
59_71
81
82
47
71
83
74
44_59_69
66
62
35
42
42_69
49
81_81
69
35_35_42_59_69
71
66
33
71
66
35_42_59_69
81
47
40
42
78
71
69
54_57_61_66_73
64
76
39_40_44_49_59_69
66
33
71
78
66
47
35_59
46_59_70
40
42
35
76
64
76
52
62_67_71
79
67
35_35_42_59_69_74
59
49_71
77
59_64_65
78
66
55
42
42
69
79
67
71
35_46_59_69
31_40_47_76
44_59
42
67_79
71
39_40_42_59_69_76
59
49
81
69
51
40
46
35
47
76
67_71_79
31
42_59_69
59
40
44
42
35_35
30_70
40
82
42_59_69
67
46
74_79
70
58
52
55
62
70
67
50
35_44_59_69
40
54
67
79
74
70
72
52
84
72
85
73
74
86
39_40_46_59_70
50
30
67
74_79
70
58
62
70
49
44_59
40
69
52
33
35_42_59_69
79
67
74
70
40
58
69
50
40
69
42_59
73
85
49
35_35_42_59_70
35
47_59
62_69
62
73
66_78
59_71_74
66
86
74
59
47
85
49_73
42_59_69
74_78
66
71
50
52
61
39_40_46_59_66_69
78
71
74
59
54
66
78
44_59_69_71
62_74
69
81
35
59
78
42_69
66
57
35_35_42_59_69
78
66
71
74
33
54
78
57
35_42_59_69
78
71_74
57
52
61_71
66
64
39_40_44_59_69
33
57
66
69
78
67
79
80
69
78
66
35
46_59_70
81
54_69
76
52
35
63
66
67
78
71
35_35_42_59_67_69
52_64_74
62_71
59_74
55
64
42
42
69
67
66
78
35_46_59_69
31_74
44_59
52_62_78
67_71
59_74
55_66
39_40_42_59_67_69_78
71
74
46
35
64
62_66
67
31
71_74
42_59_69
78
74
44_62
35_35
52
62
58
67
70_76
30
70
55_64
42_59_69
67_78
70
58
62
74
70_78
35_44_59_69
64
67
52_62
58
74
76
70_76
66_81
55_64
39_40_46_59_70
70
76
67
30_64
44_59
43
69
78
66
64_67_70
76
33
35_42_59_69
45
62
69
47
59_69
61
42_59
59
43_74
59_62
62
71_74
78
35_35_42_59_61_62_66_69_70_71_71
49_54
73
35
83
71
59
62
59_71
66
42_59_69
61_62_71
39_40_46_59_69
66
78
74
44_59_69
59
62
71
66
35
42_69
74
35_35_42_59_69
66
62
33
59_69
69
35_42_59_69
59
66
62
69
39_40_44_59_69
57
33_66
62
66
57
35
46_59_70
62
66
35
52
79
60
35_35_42_59_67_69
71
76
62
55
59
42
42
69
35_46_59_69
31
59_71
67
62
55
44_59
39_40_42_59_69
62_67
59
71
46
35
81
31
42_59_69
71
59
62
55
67
44
35_35
52
30
70_86
78
42_59_69
55_62_67
70
58
35_44_59_69
70
58_62_67
55
52
85
74
39_40_46_59_70
70
62_66
30
52
58
55
67
44_59
69
52
33
35_42_59_69
61_67
64
55
58
69
69
42_59
83
58
35_35_42_59_70
59
35
62_66
69
59
42_59_69
59
62
66
78
74
39_40_46_59_69
59
62
66
69
59
62
44_59_69
35
42_69
52
54
69
64
66
35_35_42_59_69
73
61_69
57
74
33
66
69
64
57_61
73
35_42_59_69
57
61
71
64
39_40_44_59_66_69
69
33
66
69
57
71
61
64
69
35_66
46_59_70
86
88
35
52
55
35_35_42_59_69_76
66_71_74
79
62
78
42
42
69
62
66_74
35_46_59_69
31
71_78
44_59
62
66
39_40_42_59_69_74
59
71
78
46
35
62
74
66
31
42_59_69_71
81
75
52
44
76
35_35
66
55
30_61_70_74
58_70
42_59_69
86
78
74
61
66
55
58
35_44_59_69
52
82
67
64
70_74
55
61_66_74
39_40_46_59_70
58
30
44_59
69
52
64_74
70
61
55
67
58
33
35_42_59_69
69
69
42_59
59
66
73
62_69
35_35_42_59_70
35
49
59
42_59_69
71
39_40_46_59_69
71
71
71_71
73
73
73
73
73
44_59_69
35
42_69
73
73
74
73
74
73
74
74
35_35_42_59_69
74
73
33
35_42_59_69
73
73
73
73
73
39_40_44_59_69
33
35
46_59_70
35
52_67
64_71
64
67
35_35_42_59_67_69
71
71
71
42
43
42
69
45
35_46_59_69
31
47
44_59
69
69
69
39_40_42_59_66_69
73
66
73
73
73
43
46
35
45
31
42_59_69
47
44
35_35
30
74
70_74
67
42_59_69
67
74
71
74
70
43
45
35_44_59_69
47
73_74
70
76
70_78
81
69_74
39_40_46_59_70
74
77
30
76
78
81
79
43
44_59
69
45
33
35_42_59_69
69
47
78
69
42_59
74
78
74
69
66
74
73
73
78
35_35_42_59_70
73
35_59
59
42_59_69
74
71
66
73
39_40_46_59_69
69
76
44_59_69
35
42_69
35_35_42_59_69_69
66
78
74
33
66
69
35_42_59_69
71
64
76
39_40_44_59_69
33_64
69_74
64
74
71
35
46_59_70
66
67
73
64
69
35
66
67
66
35_35_42_59_69
74
78
71
66
69
78
71
42
69
42
69
35_46_59_69
31
67
66
67
44_59
71
76
39_40_42_59_69
46
35
31
67
42_59_69_74
66
44
35_35
64_70
30
78
64
65_69
59
71
52
58
62
66
70
65_69
62
74
66
64
76
66
65
45_70
77
30
64_66
78
69
81
45
69
71
83
33
45_69
69
45
81
69
42_45_59
78
49_83
71
35_35_42_49_59_70
35
47
59
42_59_69
61
62
66
39_40_46_59_69
47
57_69
61_62
66
47
44_59_69
62
69
57_61
35
42_69
35_35_42_59_69
33
54_66
62
47
59
35_42_59_69
54
62_66
39_40_44_59_69
59
33
54
35
66
46_59_70
62
59
47
67
59
52
47_55
35
35_35_42_59_69
42
42
69
35_46_59_69
31
59_62
64_65
44_59
66_67
59
39_40_42_59_69
46
35
31
42_59_69
52
66
62
58
55
44
35_35
30
42_59_69
53
62
55_66
58
35_44_59_69
64
58
54
39_40_46_59_70
30
66
58
44_59
69
33
35_42_59_64_69
69
62
69
42_59
42
35_35_42_59_70
35
35
59
62
42_59_69
66
69
60
73
66
62
39_40_46_59_69
69
61
63
60
72
73
44_59_62_69
61
35
73
64
42_69
35_35_42_59_69
33
61
64
35_42_59_69
61
59
62
39_40_44_59_69
33
59
35
62
46_59_70
62
40_55_66
47
59
35
35_35_42_59_69
42
59
42
69
40
66
35_46_59_69
31_62
55
47
67
59
44_59
39_40_42_59_69
66
59
46
64
35_62
31
42_59_69
64
44
66
52
55_62
58
35_35
30
42_59_69
65
55_58
62
35_44_59_69
46
39_40_46_59_70
30
43
64
44_59
58
55
69
46
52
33
35_42_59_69
69
69
42_59
42
45
57_64
49_61
49_54_63
52
35_35_42_59_70
35
66
54_59_62
59
42_59_69
66
54
59_62
54
37
62
54
42_47_57
50
39_40_46_59_69
62_66
54
59
35
44_59_66_69
59_66_71
37
59
62
35
54
42_69
35_35_42_59_69
66
62
59
33
57
54
57_63
60
83
71
35_42_59_69
66
62
37
59
57
71
39_40_44_59_69
33
72
67_69
63
57
55
83
35_37
46_59_70
72
69
63_67
57
83
55
83
40
35
47
55
35_35_42_59_69
52
55
59
64_67
74
71
42
76
42
69
83
35_46_59_69
31
37
71
64
59
67_74
55
76
44_59
62
59
55
52
78
39_40_42_59_69
71
59
64
74
55
67
79
46
35
78
79
37
31
71
42_59_64_69
74
59
55
67
78
76
74
44
35_35
30
58
42_55_59_69
52_74
70
62
67
37
58
49_62
74
55
70
35_44_59_69
52
42
76
74
52_73
70
39_40_46_59_70
61
67
58_73
30
55
57
51_52
44_59
69
57_71
52
70
58_61
37_73
33_55_67
35_42_59_69
55
58
61
59
70
69
69
42_59_71
61
35_35_42_59_70
66_73
73
35
62
69
35
59
70
61
42_59_69_71
37
66
62
73
69
66
64
39_40_46_59_69
61_66
62_73
69
66
64
62
57_59
54
37
44_59_69
61
62_73
66
35
66
42_69
69
35_35_42_59_69
71
59
62
33
66
73
62
37
35_42_59_69
59_71
54
71
62_66
69
39_40_44_59_69
33
57
62
66
66
69
64
57
54_59
35
46_59_70
57
37
69
62
62_66
64
35
40
52
47
35_35_42_59_59_69
55_64
71
74
67
42
42
40
69
47
35_46_59_69
31_59_62_67
55
37
59_64
55
71
74
67
44_59
67
59
62
39_40_42_59_69
59
62_67
64
55_59
74
67_71
40
46
35
47
55
69
31_59
62
42_59_69
64
59
37_74
55
67_71
44
69
59
62
35_35
52
30
58
70
42_59_64_69
59_62_69_74
67
52
70
52
58_64
74
67
35_44_59_69
67
64
37_61_71
70
69
70
67
61
64
70
58
61
64_70_74
52_64_67
39_40_46_59_70
67
30
44_59
43
52
69
55_61
45_58_70
74
59_67_70_74
64
52_64_67
33
35_42_59_69
58
69
67
47_73
69
66
50_62
69
42_59
61
42
57
35_47
49_59_66
73
35_35_42_59_69_70
62
35
78
59
73
61_69
66
63
61
69
61_66
42_59_69_73
62_63
66
73
69
66_69
73
61
73
61
66
55
74
60
57_59_61
39_40_46_59_64_69
69
73
54
66
69
66
69_73
61_64
44_59_66_69_73
61
59
35
69
61_73
81
42_69
35_35_42_59_69_76
73_75
53_61_64_69_69
64_66
52_61
57_59
33
73
76
64
57_61
52
54
64
35_42_59_69
73
81
69
61
69
66
77
78
81
69
52_57
61
54
39_40_44_59_69
33
61_62
78
66_71
69_81
78
69
35_61_81
46_59_62_70
71
66
78
81
69
35
52
52
59_62
78
55
35_35_42_59_59_69
55
62
67
69
42
42
74
69
78
66
68
35_46_59_69
31_71
59_69
55_62
52
74
78
66
44_59
81
59
55
39_40_42_52_59_69
74
62
62_69
59
55
52
71
46
62
74
35
52
55
31
42_59_69
59_71
59_62_67
55
69
44
35_35_59
71
30
42_59_69
55_82
58_66
55_62
52
59
35_44_59_69
66
62_69
58
55
52
71
55
61
58
52
85
39_40_46_59_70
30
86
64
62
58
55
69
67
44_59
69
66
49
33
35_42_59_69
42
64
62
58
69
78
69
42_59
35
35_35_42_59_70
35
59
61
64_66
58_69
83
59
42_59_69
62
66
61_64
69
59
66
59
69
60
72_73
39_40_46_59_69
66
62
61
78
59_69
61
64_66
60
72
44_59_69
73
61
61_64
69
66
59
35
66
42_69
76
35_35_42_59_69
64
69
59_62
33_66
74
54
76
77
78
35_42_59_69
59_62
57
64
69
66
76
81
39_40_44_59_69
33
64
57_74
62_66
69
71
35
46_59_70
62
57
66
78
69
74
57
76
35
52
62
55
59
35_35_42_59_69_79
55
66
52
69
59_62
42
42
69
72
35_46_59_69
31
66
76
64
59_69
55_62
52
75
44_59
74
72
39_40_42_59_69
71
66
69
59
52
62
55
46
83
35
31
42_59_69
81
59
66
69
52
62
55
49
44
35_35
42
30
78
42_59_69
57
64_69
58
62
81
79
78
35_44_59_69
69
57
58
64
62
52
79
55
82
58
61
39_40_46_59_70
30
81
69
57
58
64
62
79
78
76
75
44_59
69
43
78
33
35_42_59_69
58
62_69
64
76
57
43
74
69
69
42_59
42
47_73
78
35_35_42_59_70
35
69
35_59_62_66
58
61
59
83
42_59_69
81
69
66
59
62
57
47
78
76
59
39_40_46_54_59_62_69
74
74
59
66
57
69
62
73
71
74
44_59_69
66
59
69
57
35
62
73
71
42_69
69
35_35_42_59_69
81
47
33
59
62_66
57
67
66
40
69
35_42_59_69
66
59
62
57
67
66
64
39_40_44_59_69
33
66
62
59
57
47
62
66
64
35
46_59_70
62
69
57
59
69
47
64
35
47
40
55
35_35_42_59_69
67
59
62
78
42
42
47
69
55
55
35_46_59_69
31
67
59_62
66
59
57_62
44_59
55
64
39_40_42_59_69
67
54
59
62
81
62
46
35
55
31
55_59_59
42_59_67_69
62
44
35_35
46
43
30
57
40
57
42_59_69
58_62_69
64
54_58
82
54
58
57
69
35_44_59_69
58
64
62
62
39_40_46_59_70
52_55_67
30
58
85
62_64
86
44_59
69
55
58
55
33
58
35_42_59_69
62_74
67_70
67
62
69
69
66_69
61_73
42_59
47
35
35_35_42_59_70
35
62
66
50_59
54
85
61
59
86
66
42_59_69
54
85
62
59_66
69
61
73
69
39_40_46_59_69
54
59
62
66
66
57
54_59
64
44_59_69
54
66
59_62_81
35
62
42_69
63_74
67_70
82
55
63
51_55_58
35_35_42_59_69
67
70
62
35_42_59_69
74
63
67
55
57_63_69_72
39_40_44_59_69
57
72
60
67
51_55
69
63
46_59_70
67
69
72
63
35
35_35_42_59_69
43_55
69
81
42
42
69
35_46_59_69
62_66
44_59
79
47
62
71
39_40_42_59_69
66
62
69
46
35
52
47_55
50
42_59_69
66
44
35_35
62
53
50
43
55
62
58_65
46
35_42_59_69_82
43
65
55
53
35_46_58
62
50
44_59_69
43
52_64
43
46_55_60
48
58
46_64
60
48_52_55_58
51
84
39_40_46_59_70
35_44_47_59
69
47
48
43_52
35_42_47_59_69
69_78
79
62
54
59
35_47_69_81
35_47
60
42_59
82
47
59
35_35_42_49_59_70_83
35
49
83
83
59
42_59_69_82
80
79
78
77
76
59
39_40_46_59_69_74
74
78
71
74
78
81
44_59_69
35
42_69
35_35_42_59_69_69
74
33
74
78
71_81
54
35_42_59_69
81
71
85
78
74
66
39_40_44_59_69
33
50
69
71
74_81
86
35
46_59_70
35
52
35_35_42_59_59_69_76
79
74
66
76
62
55_71
74_78
59
42
42
69
35_46_59_69
31
74
44_59
39_40_42_59_69
74_76
79
46
35
31_81
42_59_69
74
62
44
35_35
30
74
42_59_69
61_67_78_79
70
70
74
79
67
35_44_59_69
93
88
65
66
65
92
64
66
67
74
79
58
70_74
39_40_46_59_70
30
52_70_76
74
55
58_66
82
91
64
63
44_59
90
69
62
67
70
33
35_42_59_69
88
69
61
69_76
64_66
73
59
62
54
69
90
42_59
78
66
69
73
83
35_35_42_59_70
35
59
73
69_78
66
42_59_69
59
73_78
69
66
78
39_40_46_59_69
86
74
83
78
66
69_73
44_59_69
35
42_69
69
73
66
35_35_42_59_69
69
54
33
74
66
35_42_59_69
69
69
71
66
39_40_44_59_69
33
50_81
69
66
66
69
35
46_59_70
86
35
64
35_35_42_59_69
59_71
67
79
76
79
42
42
69
64
35_46_59_67_69
31
71
48
44_59
47
45
39_40_42_59_69
64
67
43
46
45
35
64
81
47
31
42_59_69
62
41
43
44
35_35
30
70_78
42_59_69
74
52_62_70
66
61
58
45
62
74
70
66
35_44_59_69
78
47
66
45
62
74
66_70
74
58
39_40_46_59_70
30
83
47
82
45
81
44_59
55_69
43
74
70
66
78
62
33
35_42_54_59_69_86
69
45
52_69_76
42_59
66
78
35_35_42_50_59_70
35
49
83
59
47
42_59_69
71
59
39_40_46_59_69
71
59
61
73
73
73
61
44_59_69
35
42_69
73
61
62
62
74
73
35_35_42_59_69
73
74
74
33
35_42_59_69
73
73
61
61
73
39_40_44_59_69
33
35
46_59_70
35
67
64_71
35_35_42_59_67_69
71
59
52_62
55
42
42
69
54
52_71
67
59
74
35_46_59_69
31
54
55
64
44_59
39_40_42_59_69
73
73
69
57_66
69
64
60
54_61_66_69
54_57
54
61
46
35
54
31
42_59_69
44
35_35
30
70
42_59_69
52
62
71_78
59_59_62_67
52_74
67
74
55
86
55
54
54
35_44_59_69
77
52
73
39_40_46_59_70
30
70
62_64
67_67_74_78
55_70
52_88
58
55
58_74
78
44_59
54
69
33
35_42_59_69
54
69
69
54
42_59
83
35_35_42_59_70_71
35
66
71_74
54_62_69
64_66_76
50
73
57_61
54
59
42_59_69
69
74
39_40_46_59_69
64
62
66_69
66
73
44_59_69
35
42_69
35_35_42_59_69
74
69
66
33_57_71
54_59
35_42_59_66_69
70
66
81
39_40_44_59_69
33
55_57
67
51
63_72
69
67
69
74
64
69
35
46_59_70
67
79
52
73
52
59_67
74
53_66
64
71
55
35
67
59
66_71
62
55
35_35_42_59_69
42
64
42
69
71
35_46_59_69
31
44_59
67
62
39_40_42_59_69
81
83
81
79
46
35
69
76
31
79
42_59_69
67
81
66
83
81
79
44
52
35_35
76
82
58
70
67
79
64_74
70
30_52
55_58_76
81
55
81
42
43
83
81
79
76
45
79
79
81
47
44
83
81
79
78
74
70
76
50
86
79
48
82
46
30
86
82
50
79
48
44_47_59
76
69
52
70
55
45
79
58
82
33
64
35_42_59_67_69
55_70_72_74
64
86
82
69
79
76
43
58_76
69
74
66
71
42_59
59
82
62
83
71
84
83
59
35_35_49_51_53_59
85
47
81
78
35
35_35_49_51_53
76
78
76
53
71
53
53_74
71
53
74
76
53
77
78
53
42_59_69
76
53
35_44_59_69
74
70
53
53
39_40_46_59_70
30
44_59
69_71
72
73
33
35_42_59_69
53
69
69
53
42_59
70
53
71
35
47
35_35_49_51_53_59
73
47
35
74
76
47
78
35
76
83
47
81
35
78
76
47_81
33
45
78
35
76
35
77
45
78
33
76
74
45
76
33
76
45
33
74
45
76
31
43
43
31
43
31
74
76
74
71
43
69
31
71
43
69
30
32
42
42_59_69
66
42
69
30
35_44_59_69
68
67
42
66
28
40
39_40_46_59_70
30
65
66
44_59
40
69
53
33
35_42_59_69
38_64
26
53
69
62
69
53
42_59
40
61
35_35_38_42_45_50_59_70
23_35
35_59
71
64
49
49
61
59
62
42_59_69
64
66
69
73
61
69
50_54
39_40_46_59_69
49
57
66
64
66
69
71
69
44_59_69
66
35
64
69
61
50
54
66
49_57
42_69
64
35_35_42_59_66_69
33
67
69
71
73
54_61
50
57
35_42_59_69
49
74
76
77
78
78
39_40_44_59_69
33
61
54
50_57
49
74
67_69
35_63
46_59_70
35
43_55
35_35_42_50_59_69
42
42
69
35_46_59_69
31
44_59
78
52
77
53
76
66
59_62
39_40_42_57_59_69
54
52
46
35
76
78
31
42_59_69
83
54
58_66
44
55
62
35_35
30
81
42_59_69
76_79
35_44_59_69
66
54_58
55
62
81
79_80
78
39_40_46_59_70
30
58_66
54_55
62
44_59
69
76
74
67
64
70
33
35_42_59_69
69
69
42_59
74
76
78
74
35_35_42_59_70
35
38
50
45
59
71
42_59_69
47
48
71
61
57
49_50_54
47
39_40_46_59_69
44_59_69
35
61
54
50_57
49
42_69
35_35_42_59_69
33
69
35_42_59_69
54_57
49
52_61
39_40_44_59_69
33
49
57
54_61
52
35_67
46_59_67_70
69_74
63
64
66
35
55
43
50
35_35_42_59_69
42
78
42
69
74
35_46_59_69
31
75
71
44_59
66
59
57
62
76_76
54
39_40_42_59_69
46
35
31
42_59_69
76
58
55_66
62
70
44
54
35_35
74
42_59_69
30
76
30
76
77
35_44_59_69
58_62
66
55
54
31
78
76
33
39_40_46_59_70
76
74
44_59
54
66
58
55
69
62
74
67_70
34
64_82
35_42_59_69
69
83
69
42_59
49
38
50
45
49
49
35_35_42_59_70
35
47
35_42
59
42_59_69
81
39_40_46_57_59_61_69
54_64
52_83
85
44_59_69
35
61_64
57
52_54
42_69
35_35_42_59_69
83
33
35_42_59_69
81
64
61
57
54
52
39_40_44_59_69
33
79
35
46_59_70
67
69_74
63
35
78
80
35_35_42_59_69
55
50
43
42
42
69
35_46_59_69
31
44_59
39_40_42_59_69
69
62
59_66
57
46
35
31
42_59_69
66
44_62
57
58_69
59
35_35
30
42_59_69
35_44_59_69
66
62
57_69
58
90
39_40_46_59_70
30
44_57_59
62_69
66
58
69
74
67
70
64
33
35_42_59_69
69
69
42_59
47
35_42
35_35_42_59_70
35
59
83
42_59_69
90
83
57
64
49_52_61
54
39_40_46_59_69_90
83
44_59_69_90
35
57
61
52
54
49
42_69_83
35_35_42_59_69
90
33
83
35_42_59_69
57
61
52_54
49_90
83
39_40_44_59_69
33_90
95
74
67_69
63
64
35
46_59_70
35
35_35_42_59_69
47_55
42
42
69
35_45_46_59_69
31
47
44_59
47
45_66
59
62
54_57
39_40_42_59_69
43
46
35
45
31
42_59_69
47
58_64
55
52
44
43
45
35_35
30
42_59_69
45
35_44_59_69
47
52
58
55
64
47
39_40_46_59_70
30
45
47
45
44_59
93
54_58
55
64
62_92
69
94
43
91
69
62
57
33_58
64
35_42_59_69_90
59
41
69
69
91
42_59
43
93
35_35_42_49_49_59_70
35
42_47
35
37_47
78
59
42_59_69
92
91
90
39_40_46_59_69
88
61
49_54
50
57
74
89
90
44_59_69
35
88
49_50_54_61
57
42_69
35_35_42_59_69
81
33
35_42_59_69
54_57
61
52
49
39_40_44_59_69
33
83_84
74
67
49
69
63
72
52_54_57
61
35
86
46_59_70
79
35
35_35_42_59_69
52
47
40_78
42
42
79
69
35_46_59_69
31
83
86
44_59
81
66
59
62
57_90
39_40_42_59_69
54
89
46
35
88
31
42_59_69
87
58
66
44
55
62
54
35_35
30
86
82
42_59_69
83
86
40
35_44_59_69
58
66
55
54_62
84
85
82
39_40_46_59_70
86
30
81
40
44_59
54_66
55_58
66_69
58
55
62_62
40
79
33
35_42_59_69
69
40
69
42_59
77
79
78
35_35_42_59_70
35_47
42
35
47
78
76
59
42_59_69
74
71_73
39_40_46_59_69
61
57_64
54
52
74
74
76
44_59_69
35
78
57_61_64
54
42_52_69
35_35_42_59_69
33
81
69
72
35_42_59_69
73
57_61_64
54
52
71
39_40_44_59_69
33
69
67_74
69
63
35
46_59_70
67
35
66
55
59
54
35_35_42_59_69
62
55
50
43
45
78
42
69
42_43
69
37
35_43_46_59_69_71
31
74
43_44_59
81
79
39_40_42_59_69
75
45_46
35
72
31
42_45_59_69
68
44_45
35_35
73
30
42_59_69
82
76
48
79
35_44_48_59_69
78
48
74
86
39_40_46_59_70
30
70
44_50_59
69
71
72
33
73
35_42_50_59_69
69
70
50_69
42_59
49
71
35_35_42_49_59_70
35
42
35
83
50_55
66
62
50
54
66
59
42_59_66_69
62
73
54
50
74
78
39_40_46_59_69
54
57_73
50
66
62
74
71
59
62
44_59_66_69
54
50
35
42_69
73
35_35_42_59_69
69
54_62
69
57
74
47_59
33
74
35_42_59_69
62
57_59
69
47
39_40_44_59_69
33
67
73
50
57_66
69
59
62_66
74
73
35
46_59_70
66
57
59_71
47
35
52_73
79
76
35_35_42_59_69
55
59
40_59
47
55_62
67
74
47
42
42
69
73
35_46_59_69
31
55
59_62
67
44_59
69
39_40_42_59_69
55
59
52_62_67
46
35
73
31
42_59_69
81
55
78
59
67
62
61
44
35_35
46
62
46_58
40
30
58
86
67
42_59_69
50_78
62
70
64
52_69
55
73
58
35_44_59_69
50
52
62_69
64
65
82
66
86
88
65
66
74
66
85
54_69
39_40_46_59_70
58
46_64
30_50_64
52
93
62
73
63
44_59
92
69
67
74
50_58_62
88
33
35_42_59_69
52
91
69
61
83
90
69
73
47
42_59
59
60_71
62_66
54
50
35_35_42_59_70
35
35_47_61_62
66
59
59_62
66
54
50
42_59_69
73
74
78
54_57
50_59_62
74
66
39_40_46_59_69
73
59
59
54
62_66
47
50_71
44_59_69_86
35
83
42_69
54
57
47
54_66_73
74
50
35_35_42_59_69
69
33
57
74
54
35_42_59_66_69
50
81
78
50
57
54
50
39_40_44_59_69
33
66_76
73
66_69
74
73
57
71
50
35
54
46_59_70
78
76
35
52
73
54
55_79
47
59
35_35_42_59_69_74
55
66
40_59_66
62
76
59
42
42
69
73
54
35_46_55_59_69
31
66
59
44_59
69
39_40_42_54_59_69
55
66
62
46
35
81
61
73
31_54
42_59_69
78
55
66
44
35_35
58
40
46
78
30_62
52
55
42_59_69
67
58
64
58
74
64
69
70
70
73
52
88
35_44_59_69_74
55
58
64
50
48
66_74
52
55
55
39_40_46_59_64_66_70
47
30_76
58
45
44_59
69
47
54
45_73
54
33
35_42_59_69
78
69_78
79
43
69_81
47
71
42_59
82
59
62
50
66
54
85
35_35_42_59_70_83
35
57
49
86
59
54
85
42_59_69_82
80
79
78
81
77
76
78
71
59
59
47
39_40_46_59_69_74
71
59
47_47
71
71
71
61
73
49
49
61
61
49
73
44_59_69_73
73
73
35
42_69
61_73
61
62_74
50
62
62_73
50_73
49_73
35_35_42_59_69
73
50
74_74_74
74
33
35_42_59_69
73
73
61
61
49
49_61
73
49
73
73
73
39_40_44_59_69
33
74
35
46_59_70
78
35
55
66
59
62
78
74
71
52
67
35_35_42_59_64_69
76
64
71
71
50
67_72
42
55
42
69
59
57
66
62
35_46_59_69
31
44_59
61
66
54
69
73
73
39_40_42_59_66_69
52_69
66
76
69
57
46
35
61_66
31
42_59_69
57
79
81
44
35_35
67
30
78
74_74
67_71
62
42_59_69
69
67
55
70
54
59
57
62_69
35_44_59_69
69
66
73
64_70_78
67
70
55_74_76
81
62
39_40_46_59_64_70
69
79
30
74
55
58
44_59
58
69
64_69
62
57
33
35_42_59_69
78
69
69
42_59
78
73
69
66
71
62
66
54_69
54
35_35_42_59_70
64
35
49_74
59
59
66
62
42_59_69
62
76
73
64_69
47
66
73
39_40_46_59_69
62_66
52
69
59
66
62
44_59_69
54
85
35
42_69
74
67
63_72
35_35_42_59_69
50
62
33
55_60
51
61
64
55
35_42_59_69
70
81
62
55
60
62_66
52
67
67
72
74
39_40_44_59_69
33
63
51_73
74
53
64
54
55
35
46_59_70_83
52
66
71_78
66_69
73_74
59_66
57
62
62
35_67
54
35_35_42_59_69
42
67
42
69
55_64
59
35_46_59_69
31
64
71
67_76
44_59
66
52
39_40_42_59_69
46
55
62
35
70
74
52
67
58_62_64
31
42_59_69
64
62
40
44
61
35_35
54
50
30
58
62
46
42_59_69
52
66
82
66
70
35_44_59_69
64_65_74_81
76
78
70
66
39_40_46_59_70
62
86
74
30
54
50
43
44_59
73
69
66
45
67
33
35_42_59_69_85
69
47
59
47
69
66
42_59
49
83
35_35_42_47_47_59_59_70_71_74_78_81
59_74_85
35_59_71_78
90
71
50_62
66
59
54
86
59
85
42_59_59_69
62
54_66
50
81
78
83
39_40_46_59_69
59
62
54_66
83
44_59_69
66
88
54
71
50
35
69
59
42_69
47
35_35_42_59_69
66
57
59
33_62_81
69
69
71
35_42_59_69
59_62
69
57
66
69
39_40_44_59_69
33
71
66
62
57
78
47
35
46_59_66_70
57
62_71
76
35
67
52
62_86
66
47_67
55
35_35_42_59_69
71
78
71
42
42
69
67
62
66
55
35_46_59_69
31
52
47
78
67
71
44_59
47
67
66
39_40_42_59_69
55
79
67_78
52
71
71
71
46
74
35
67
66
62
31_85
42_59_69_71
78
71_78
55
47_67
52
81
44
35_35
79
30
66_70
46
67_78
42_59_69
67_70
52
61
78
43
86
76
70
77
66
67
78
35_44_59_69
46
67
75
61_70
52
45_82
78
74
46
76
50
66
78
70
46_76
67
78
39_40_46_59_70
76
30_70
61
67
46
44_59
69
45
64
75
76
33_67_70
35_42_59_61_69
67_70
74
85
85
86
69
43
77
86
47
69
73
42_59
85
78
85
42
66
71
59
50
85
59
54
61_62
76
69_69
66
35_35_42_59_70_73
66
35
86
85
81
81
59
78
59
50_54
69
42_59_69
66
61
62
78
54
39_40_46_59_69_69
50
61
59
64
62
66
78
76
81
81
44_50_59_64_69_69
54
82
61
81
83
35
71
78
42_69
69
35_35_42_59_66_69
62
54
61_64
50_69
33
73
35_42_50_54_59_69
78
83
51
63
39_40_44_59_69
55
33_67
72
57_69
81
76
67
69
72
55_57
35
46_59_70_81
78
82
79
79
83
79
81
35
52
59_79
35_35_42_55_59_69_71
62_66
62
59
55
78
74
71
66
78
42
66
42
69
71
71
62
66
59
52
55
74
35_46_59_69
31
78
78
44_59
83
76
86
55_59_66_71
62
84
39_40_42_59_69
90
78
85
46
35
80
83
71
66_81
55
62
59
31
78
42_59_69
74
55
44
78
35_35
58
52
62
55
30
58
62_64_79
70_78
67
42_59_69
66
70
74
78
83
81
70
54_55
58
62_64_82
35_44_59_69
76
85
78
82
86
90
79
52
90
78
55_58
70
81
64
62
39_40_46_59_70
86
67
30
76
78
79
78_82
44_59
69
86
52
76
70
58
52
55
62
64
33
35_42_59_69
88
69
82
50
78
69
42_59
85
71
47_66
59_85
81
59
66
59
50_62_90
54_56_78_79
35_35_42_59_70
35_83
49
74
86
69
73
85
47
81
59
78
59
54_62
50_66
42_59_69
83
50_54
39_40_46_59_59_62_69
66
78
74_83
54
50
44_59_69
66
72
47
59_62
35
81
88
83
42_69
47
35_35_42_59_69
66
57_62_69
59
33
71
57
62_69
59
35_42_47_59_66_69
81
66
69
39_40_44_57_59_69
62
33_47
59
83
84
81
78
82
62
79
59_85
57
47_90
35
46_59_70
81
79
82
88
85
35
78
86
83
66
35_35_42_59_59_69
85
62
76
55
42
67
78
42
78
69
47
55
59
35_46_59_62_66_69
31
64
63
62
81
74
44_59
63_78
61
60_67
56
47
39_40_42_59_69
79
46
62
74
35
60_78
56_67
70
63
76
93
31
42_59_69
83
61
64_74
67
70_76
76
78
44
60
77
35_35
78
49
30_61
67
55_64_79
42_59_69
59
52
76
62
52_55
59_78
67_82
64
50_61
35_44_59_69
52
63
76
54
50_66
58_62
39_40_46_59_70
62
30
74
63
47
62
44_59_76
60
45
69
76
62
54_58
66
73
33
35_42_59_69
94
79
69
47
61
74
47
74
69_85
42_59
78
62
73_95
50
71
59
54
59
69
71_78_86
35_35_42_59_70_71_74
59
35_77
85
81
73
59
78
80
47_54
50
59
42_59_69
76
78
45
70
47
54_71
39_40_46_59_69
50
59
71
66
42
69
47
59
50
66
47_54_71
93
44_59_69
59
76
66
35
66
78
69
90
42_69
88
35_35_42_59_69
69_71
66
64
50_54
33
64
90
66
88
64
35_42_59_69
54_69
47
74
50_66
90
73
54
69
50_64
76
39_40_44_59_69
66_88
33
86
69
66
54
50
64
35
46_59_70
74
88
52
35
71
74
71
62_67_67
52_62_64
35_35_42_59_69
59
55
42
42
69
74
55
62_67
59
47_52
35_46_59_69
31
44_59
47
76
55
67_67
59
62
39_40_42_59_64_69_71_74
52
52
62
46
35
77
42
89
78
43_59_69
55
47
31
42_59_69_90
52
67
76
42
44
35_35
88
30
46_52
62_69
58
42_59_67_69
64_64_70
58
50_74
66
90
69
52
58
50
35_44_59_62_69
78
64
86
50_52
48
83
47_54
46_67
52
54
39_40_46_50_59_70_74
62_70
58
74_74_78
82
30
45_62
62
83
50
81
76_88
44_59
47
69
46
81
74
62_86
66
45_50
54
33
35_42_59_69_83
70
69
47
88
83
43
71
69_71
42_47_59
47
59
54
49_59_59
35_35_42_59_70
50
35_71
59
71
59
54
50
47
42_59_69
78
47
39_40_46_54_59_69
59
66_95
71
57
50
74
93
74
90
44_59_69_71
66
54
73
50
35
81
88
42_69
64
93
74
35_35_42_59_69
50_54
66_69
69_85
33
74
90
84
88
64
69_83
35_42_59_66_69_73
54
47
50
82
90
81
50_88
50
54
39_40_44_59_69_69
47_64_66_73
33
66
69
77
78
78_90
81
69
66_73
64
54
50
35
46_59_70
88
76
80
86
35
79
47
52
66
78
88
76
35_35_42_55_59_69
71
55_67_79
74
42
83
42_76
83
69
66
86
86
47_55
67
35_46_59_69
31
78
52
71
74
88
76
44_59
66
86
47_55_74_88
39_40_42_59_67_69
52
71
74
89
88
86
76
46_83
35
81
66
83
47_55_73
31
42_59_69
84
71_74
52
57
85
86
81
76
44
86
35_35
83
66
78
73
30_55
71
70_74
42_59_69
52
58
74
81
83
64
76
78
47_52
70
54
74
67
35_44_59_69
82
86
71
77
88
73
66
64
76
74_78
52
39_40_46_59_70
70
74
62
67
30
82
70
86
74
44_59
69
88
70
71_90
52
64
33_67
35_42_59_69
69
74
73
86
59
76
69
47
42_59
50
54
83
71
66_77
62
35_35_42_59_69_70
86
73
35
59
54
47
50
42_59_69
62
66_73
74
78
54
39_40_46_59_69
50
54
47_73
57_62
66
69
74
83
71
78
44_59_69
47
62
54
50
86
35
42_69_83
78
54
35_35_42_59_66_69
81
50
47_73_86
74
62
33
54_69
80
47
54
35_42_59_69
79
50_73
78
39_40_44_59_69
33
63_69
50_67_74
66
69
55
88
57
85
86
83
35
74
46_59_70_76
67
57
63_85
69
55
74
35
52
76
79
76
35_35_42_59_69
55_59
66
52_62
53
71
42
42_83
69
86
35_46_59_69
31
52_55_59
62
66
95
71
88
44_59
93
52
86
89
39_40_42_59_69
62
55
59
71
66
88
86
83
90
46
35
71
81
55_59
31_52
81
42_59_62_69
81
71
54
66
83
81
89
70
44_84
52
83
35_35
81
30
62
55_78
42_59_69
58_70
52
70
78
67
77
88
76
74
62
35_44_59_69
52_58_70_79
55
67
71
74
86
76
47_77
48
46
66
74_88
39_40_46_59_70
45
74
78
30
78
62
55
58
52
43_76
89
74
71
88
44_59
86
45
69
69
83
33
35_42_59_69
47
76
74
58_62
52_71
55
69
69_78
71
79
45
81
69_81
69
42_59
82
43_86
66
78_83
35_35_42_49_59_70_83
35
69
47
71
70
61_72
69
57
66
73
59
42_59_69_82
61_69
73
66
57
47
80
79
78
77
76
39_40_46_59_69_71_74
57_83
61
59
73
71
47
71
71
59
71
70
49
73
85
73
61_74
44_59_69_73
57
61_61_73_73
69
47
66
35
71
42_69
85
73
73
86
61
74
73_73
74
62
62_74
35_35_42_59_69
49
64_69
74_89
77
50_61
33
54
90
73
35_42_59_69
74
64
69
54
61
61
73
73
49
73
61_76_85
73
88
39_40_44_59_69
33
54
90
61_66
66
54
61
35_74
46_59_70
88
47
71
35
62_67
55_67
76
35_35_42_59_69
67_71
59
71
78
74
64
66
42
40
42
69
55
67
62
59
35_46_59_69
31
57
95
44_59
73
55
59_62_67
39_40_42_42_59_69_69
73
78
69
66
46
35
55
67
31_59
42_59_69
57
52
57
44
35_35
46
70
30
79
58
50
43
42_59_69_70
52_62
69
74
64
78
71
67_74
94
35_44_59_69
55
58
52_69
62_64
50_54_66
73
82
78
45
73
39_40_46_59_69_70
67
58_64
30_74
52_74_76
70_81
91
76
46_50
62
44_59
79
54_66
69
55
46
33
35_42_59_69
58_67
50
91
76
54
69
69
90
42_59
77
81
47_47
59
45_59
61_66_78
73
62_62
35_35_42_59_66_70
54
35
50
71
74
78
59
88
74
54
50
42_47_59_69
62
59_66
84
85
73_78_81
59_74
73
85
39_40_46_59_69
69
54_66
47_50_62
42
86
44_59_69
74
62
66
59
50
54
35
76
42_69
83
85
35_35_42_59_69
33
57_62
66
54
45
35_42_59_69
54
45
71
50
69
86
85
45
39_40_44_59_69_85
57
33_86
67
69
73_79
81
84
75
54
69
74
50
66
81
35
46_59_70
69
74
57
54
50
64
74_83
71_79
67
73_78
79
71
35
35_35_42_59_69
67
43
66
54
55
59
47
42
42
47
69
79
50
35_46_59_69
31
81
54
55
66
69
44_59
55
68
39_40_42_59_69
83
67
60
63
56
51
46_86
35
48
79
88
67
31
42_59_69
67_70
56
48
63
44
89
44
83
35_35_67
49
85
30
89
74_81
42_59_69_70
76
78
65
69
80
59
61
66
67
49_55
88
52
86
88
66
83
55
35_44_59_69_90
66
74
55
43
59
61
54
74
78
70
66_91
81
74
66
83_90
40
39_40_46_59_70
58
70
30_62
66
54
43
50
88
44_59
81
69
69
46
78
40
58_64
62
66_86
33
54_66
35_42_59_69
64_74
78
43_46
78
69_78
67
79
76
66
47
83
69_81
42_59
46
82
86
71
66
59
49
35_35_42_45_59_70_83
47_59
73
61_66
35
62
71
69
78
89
90
78
61
62
59
66_73
42
62
66_73
86
42_59_69_82
80
79
78
73
62_77
66
61
76
78
62
66
39_40_46_59_69_74
73
69
62
66
73
44_59_69
61_62
73
66_85
69
90
62
66
42_69
62
35_35_42_59_69_73
78
66
61
73
62
66
61
35_42_59_69
62
73_83
66
61
62
73
66
62
39_40_44_59_61_69
73
66
78
70
67
74
63
60_79
80
91
36
81
46_59_70
35
35
35_35_42_59_69
90
78
73
66
62
61
69
42
42
62
66
69_73
86
35_46_59_69
62
66_73
61
62
66_73
44_59
61
78
62
66
39_40_42_59_69_73
69
62
73
66
46
35
61
62
73
66
42_59_69
85
69
62
44
90
35_35
62
73
66
42_59_61_69
78
61
62
73
66
83
35_44_59_69
62
66_73
30
73
62
61_62
39_40_46_59_70_73
66
69
78
70
67
44_59
60_63_74
69
33
81
35_42_59_69
91
69
69
42_59
35
35_35_42_59_70
62
78
61
90
66
69
59
62_69
73
66
73
60
61
69_86
42_59_69
62
66_69
73
66
62
62_66
66
73
69
69
39_40_46_59_61_69
78
62
66_73
73
69
69
66
62
73
62_66_69
85
61
44_59_69
66
62
66_69_73
69
73
69
62_73
69
42_66_69
66
61
35_35_42_59_69
90
78
62
66
73
62
69
66
69
62
66
69_73
73
83
61
62_69
35_42_59_69_73
66_69
66
62
73
62
66
66
61
69
62
39_40_44_59_69
66_69_73
36
78
73
69
66_70
60_67
63_74
46_59_70_81
62
91
66
69
73
35
35
69
35_35_42_59_69
78
66
90
42
62
42
66
61_73
62_66
69
69
69
86
35_46_59_69
62
74
66
69
73
61
69
62
66
73
69
66
44_59
62
73
66
69
62
39_40_42_59_69
66
78
69
66
73
61
64
69
73
46
69
35_64
66_73
69
61
42_59_69
66
64
73
69
66
85
62
66
44
35_35
61_66
69
73
69
76
42_59_69
73_90
78
66_69
73_76
69
66
73
76
66_69
61
62
35_44_59_69
76
66
69_73
83
66
61
69
73
76
69
73
66
61
69
78
39_40_46_59_66_69_70
66
30
62
60
44_59
70_71_77
67
66
69
74
81
69
35_42_59_69
91
33
73
69
69
66
69
42_59
62
78
35_35_42_59_69_70
35
61_90
59
66
64_66_69_77
73
76
42_59_69
37
38
39_40_46_59_69
81
69_73_76
64_66
78
44_59_69
40
74
71
62
64_66
59
54
42_57_69
66
35_35_42_59_69
42
69
66
35_42_59_69
54_71_74
38
59_62_64_66
57
78
39_40_44_59_69
81
33
78
46_59_70
38
35
35_35_42_59_69
32
42
42_63
75
56_62
66_68_73
78
69
76
68
35_80
35_46_59_69
71
83
44_59
38
70
82
39_40_42_59_69
78
68
73
62_66
56_57
68
46_80
35
66
42
78
42_59_69
63
44
75
35_35
66
41
78
42_59_69
64
76
76
59
53_57_64
65
69
71
65
38
77
35_44_59_69
73
85
37
53
39_40_46_59_70
59_69
57_64_73
65_76
44_59
69
35
71
35_42_59_69
83
73
69
71_85
83
69
54
57
61_69
66
42_59_73
33_69
35_35_42_59_70
81
35
66
59
78
33
42_59_69
69
66_73
54_57_61
30
39_40_46_59_69_78
81
74
66
69
78
62
57
33
44_59_69
42_61_69
35
69
76
35_35_42_54_57_59_61_69
73
69
64
66
66
35_42_59_69
64
66_69
74
62
78
37
39_40_44_59_69
81
78
40
46_59_70
35
36
35_35_42_59_69
42
61
42
73
81
71
69
76
60
55
52
51
57_66
78
38
35_46_59_69
71_76
52
81
69
81
44_59
68
80
40
52
39_40_42_59_69
81
76
71
57_60
55
66
78
46
35
64_76
43
42_59_69
61
44
73
35_35
64
76
42
42_59_69
79
69
57
75
60_63
54
62
74
75
63
45
35_44_59_69
83
71
79
75
69
57
60
63
54
42
39_40_46_59_70
44_59
54_69
78
69
72
75
57
60_63
39
69
35_42_59_69
81
71
83
69
81
42
69
42_59
67
40
79
68
35_35_42_59_70
80
76
59
64
42_59_69
38
76
62_70
52_64
58
74
70
74_76
52_62
58
74
70_76
64_74
62
35
58
39_40_46_59_69
70_74
62
52
58
70
34
74
44_59_69
76
42_69
64
38
35_35_42_59_69
68
69
67
68
40
35_42_59_69
64
42
76
39_40_44_59_69
80
62_76
52_74
68
70
58
40
46_59_70
76
74
35
31
62
52_78
59
69
71
35_35_42_59_69
55_74
71
42
35
59
42
69
62_67_71_76
52
59_64
38
55
35_46_59_69
67
42
44_59
66
43
39_40_42_59_69
64
46_67
35
42
62
42_59_69
64
44
69
35_35
67
40
52
61
55
58_66_74
70_78
42_59_66_69
66
62
38
65
69
35_44_59_69
66
70
64
70
74
52_76_81
55
61
58
37
39_40_46_59_70
73
44_59
69
34
76
35_42_59_69
69
61
74
69
42_59
38
64
35_35_42_59_70
61
59
62
37
42_59_69
64
66
69
35
69
66
39_40_46_59_69
81
59
73_74
78
73
78
33_69
44_59_69
62_74_81
73_78
66
75
42_69
73
35_35_42_59_69
32
66
35
72
67
72_81
75
60
78
35_42_59_69
69
78
38
39_40_44_59_69
81
75
68
65_66
72_84
57_60
40
67
46_59_70
83
68
62
59
68
65_74
69
81
35
41
35_35_42_59_69
79
42
71
42_74
66_67
52
59_62
69_76
42
55
35_46_59_69
44_59
41
52_67_71
74
62
59_66
39_40_42_59_69
55
52
68
46
59_62_64
42
35
67
42_59_69
66
44
35_35
65
42
42_59_69
66
34
77
35_44_59_69
78
64
81
37
39_40_46_59_70
78
62
44_59
40
69_72
65
67
53_61
49_60
55
61
35_42_59_69
73
43
69
64
69
74
42_59
75
62
76
35_35_42_42_59_70
54
61
50_73
66
59_62
53
59
58_59
61
54
50
62_66
73
40_42_59_69
38
39_40_46_59_69
67
76
57
69
54_61
64_66_73
37_44_59_69
74
69
73
66
42_69
35_35_42_59_69
35
69
74
64
62_66
59
54
72
57
66
69
69
35_42_59_69
33
66
66
69_74
62
35_66
59_64
54
39_40_44_57_59_69
37
46_59_70
59
56_62_71_74_78
68
66
35
32
35_35_42_59_69
42
63
68
42
69
35
68
35_46_59_69
71
62_68
59_66_71_74
55_78
71
74
44_59
37
70
78
39_40_42_59_69
68
74
46
35
38
66
71
42_59_69
73
63
44
35_35
66
42
74
42_59_69
64
73
77
65_71_73_81
56
61
59
41
65
71
35_44_59_69
68
73
71
61_65
71_73_77_81
56_59
39_40_40_46_57_59_70
44_59
69
38
71
35_42_59_69
73
69
71
69
42_59
69
37_57_69
61_64_80
54
76
73
35_35_42_59_70_75
81
59_66
66
68
64
57_61
42
80
42_59_69
76
45
39_40_46_59_69
73
44
57
54
61
76
73
44_59_69_69
66
68
61
57
69
66_74
42_69
35_35_42_59_69
42
69
66
35_42_59_69
40
78
81
39_40_44_59_69
78
62
66_69_73
59
64
57
54
46_59_70
35
35_35_42_59_69
42
42
53_69_76
69_72
57_60
66
64
52
55
36
35_46_59_69
60
44_59
38
64
39_40_42_59_69
69
60_72_76
52_57_64_66
55
66
46
35
40
71
42_59_69
70
54_57
44
60_63
72_75
66_69
35_35
69
39
42_59_69
76
74
67
35
35_44_59_69
75
68
54
57_60_63_79
69_83
72
76
75
36
39_40_46_59_70
66
44_59
69
63
35
81
35_42_59_69
54_63_69
57_60_75
83
69
33
69
42_59
79
65
32_80
66
35_59
76
70_74_78
68
52_62
58
25
35
59
38
59
70_74
76
68
52_62
58
62
40
59
59
58
59
70
59
42
52
58_66_73
51
70_74
62
52
54
40
59
58
62
59
64
64_70
59
38
52
58
73
62_66
62
70
34
66
59
62
59
52
33
59
52
66
59_67
62
59
35
37
62_71
59
71
74
74
66
78
78
59
38
69
59
76
81
68
74
67_80
37
42
59
71
79
65
59
78
69
59
40
66
58
55
61
69
35
35
73
78
37
59
34
67
82
76
66
85
38
59
67
68
69
73
35
40
37
59
70
59
45
71
35
59
76
52
86
59_79
62_78_83
55
37
43
76
59
78
59
42
59
79
76
78
67
37
40_59
35_76
64
59
67
52
59
79
43_62
58_64_74
70_76
55_70
35
42
37
59
79
81
59
59
40
82
35
81
64
59
37
34
67
59
79
70
74
35
86
49
35
50_57
61_62
73
54
66
69
37
69
50
48
47
45
66
43
54_57
33_50_61
45
73
62
66_69
47
59
45
37
74
59
43
59
49
59
84
38
36
70_74
64_67
66
35
37
35
48
74
47
45
34
72
52
62
58
67_70
43_74
64
43
70
37
35
59
31
45
67
59
43
59_64
49
72
59
35_37
84
34
62
37
72
50_68
62_65
53_56
48
60
47
65
36
45
43
70
34
45
72
37
50_60
47
56
59
53_72
62
65
68
45
70
59
60
72
49
55
53_61_65
67
43
72
49
31
84
37
35
63
34
67
70
74
48
53
70
61_65
58
49_72
59
47
45
84
72
37
35
39
41
41
37
70
59
35
57
55
49_65
69
61
41
53
85
38
37_41
59
69
49
54
57
50_50_57_61_69
66
61_73
62_73
59_62
54
69
69
66
60
72
48_84
72
60
76
88
64
76
52
64
68_92
80
80
68
55
56
95
71
83
83
71
59
64
92
76
80
56_68
66
71
95
83
83
59
68
56
80
68
80
92
50
60
64
49
68
71
76
52
49
76
52
80
49
83
52
49
88
52
49
52
49
52
49
52
49
49
52
49
