74
64_67
60
48
55
67
60
64
72
48
74
72
72
64_72
60
67
48
55
67
64_72
60
72
60
64
67
60
55
67
64
72
48
60_64
67_72
55
72
67
72
72
60
64
72
68
64_71
52
56
64
76
59
71
68
78
64
76
52
80
56
68
71
52
78
59
64
80_81
59
71
68
68
83
71
76
64
81
64
76
84
64
83
52
76
64
59
68
71
76
83
57_69
84
72
76
60
64
69
76
72
69
81
83
57
81
57
81
76
72
60
64
64
76
72
69
79
69_76
72
81
60
76
69_72
57
60
64
71
81
67_74
79
55
74
67
71
79
55
81
79
77
69
53_72
65
60
77
65
81
65
77
77
72
53
69
65
79
81
60
67
55_71
74
81
79
79
81
62
77
79
74
74
79
76
59
67
77
74
79
67
76
74
71
55
67
74
77
62_69
59_72
53
60
77
53
60
76
77
65
77
72
69
65
76
76
48
64_67
55
67
64
76
76
67
64
60
48
60
64_67
74
47
67
60_64
76
60
55
67
64
47
72_74
45
60
64
57
57
52
76
57
72
69
45
64
57
60
52
69
74
62
50
76
54
69
74
57
66_69
62
66
62
66
62
50
54
66
57
69
72
53_65
69
65
65
69
60
53
60
76
72
77
72
65_72
77
69
76
76
48_64
60_67
55
72
76
72
67
64
60
48_55
48
60_64_67
74
52
52
52
60
72
55
74
72
64
60
72
67
64
67
60
64
67
48
48_72
52
60
55
60
64
55
64
67
60
64
72
55
48
67
60
67
64
67
52
64_68
52
64_72
71
56
64
59
64
68
64
76
71
64
78
76
52
80
52_76
56
78
59
80
81
56
71
68
83
81
59
74
84
64
83
68
64
72
71
52
56
74
76
84
59
52
57
69
72
76
83
81
72
57_69
81
72
71
71
60
69
64
69
72
72
69
81
76
83
69
81
57
57_81_81
64
69
64
69
72
72
69
76
57
72
55
69
57
55_64
79
81
64_69_72
81
79
81
79
72
69
76
65_81
69
55_72
72
53
55
77_79
60_64_72
69
53
57
81
77
65
60
79
81
69
77
65_65
81
79
69
72
79_81
67
71
53
55
53
57
81
79
72
77
67
79
71
55
60_74
81
79
59
77
67
62
71
67_76
77
74
71
74
76
71_74
67
67
74
71
55
55
53
72
69
65
74
77
65
69_72
65
53
59_62
65
57
60
77
65
69
72
57
60
65
53
76
77
65
77
72
69
77
76
65
48
53_76
60
77
64
67
48
64_65
67_69
69
67
65
67
77
77
55
64
60
76
76
67
64
60
48
47
60
48
59
64
67
64
60_74
47_64
59_76
47
64
60
57
60
64
47
45
55
72
74
60
45_64
57
57
72
76
52
60
57
60_64
57
74
64
45
76
60
57
60
52
64
76
74
64
50
60
45
74
50
62_76
67
74
69
54
57
66
60
69
62
74
69
66
67
65
50
53
50
54_69
72
57
74
65
53
69
69
57
65
72
60
69
65
65
72
69
69
76
57
53
65
72
60
69
53
48
60_64_67
76
72_76
60
76
64
67
72
79
79
76
72
64
67
60
72
64
48
60_67
76
64
57
69_72_76
60
69
64
76
72
69
60
64
57
76
72
69
72
76
64
64
68_71
64
52
50
50
56
64
59
68
64
71
68
52
56
59
71
64_68
71
69_72
57
69
64
69
64
72
67
57
69
67
64_71
55
67_71
74
67
62
67
74
71
55
71
67
72
62
53_69_72
65
60
77
57
65
60
71
72
77
65
60
69
71
69
57
53
65
60_71
72
69
55_67
71
59
67
62
67
71
69
71
71
55
67
71
67
69
62
55
59_67_71
74
71
67
69
71
67
59
62
74
59
55
62
67_69
71
69
67
64
69
72
71
71
72
60_64_67
48
55
60
60
64
64
52
67
64
64
67
48
67
64
60
64
65
47
60_64_67
52
55
52
60
55
60
64
47
67
64
67
45
64
55
65
67
64
62_64
55
64_67
45
60
52
64
67
55
62
64
69
57
60
64
72
69
72
72
76
60
64
57
72
76
64
64
64_68_71
52
56
64
59
68
64
71
68
71
56
52
64
68
59
71
64
69
64
57_69
72
76
74
74
69
64
69
76
72
57
69
64
69
64
55
71
64_71_74
67
67
62
67
74
71
55
64
71
67
64
72
62
53
69_72
65
65
60
65
69
57
69
72
60
71
64
72
72
60
69
69
65
71
53_57
71
72
60
67_69_71
55
74
72
72
74
59
67
62
67
71
67
67
71
69
71
55
67
71
67
69
55
59
71
67
74
62
71
67
59
67
74
71
62
71_74
67
59
55
62
74
67_71
60
60
71
72
60
79_88
72
48_67
60_64
72
60_60
55
67
64
48
67_72
60
48
60_64
67
55
64_67
60_60
55
72
48
65
55_60_67
64
48
72
60
64
60_60_67
55
72
48
65
64
60_67
48_55
64
60
72
64
55
72
67
60_60
48
88
72
55
79
72
72
62
64_67
72
76
79
48
60
62
60
76
79
60
72
55
60
64
48
67
48
55
72
60
60
55
64
48
55
72
64
60
60
64
67
52
56
59
64
64
68
64
66
71
64
64
52
68
71
68
52
76
56
66
59
68
69
74
56
76
71
69
64
72
59
74
72
71
71
52
56
72
59
71
71
72
69
72
57
60
69
64
72
69
72
69
76
69
71
69
57
72_76
69
81
57
64
60_69
79
60
81
69
67
69
77
64
79
60_76
64
57
69
77
67
76
67
69
65
67_69
72
65
53
69
65
65
60
69
65
69
72
67
72
69
69
69
65
67
67
53
69
67
60_71
55
72
65
67
59
64
62_72_74
65
71
67
62
64
67
72
74
67
55
65
62
69_72
65
53
59
62
65
60
65
77
57
65
57
60
53
64
65_77
72
65
69
65
64
64
64
60
67
48
60
55
60
64
67
67
64
48
64
67
60
62_64
47
60_64_67
60
67
64
47
62
55
60
45
64
60
52
57
60
64
62
57
69
64
57
45
52
60
57
64
50
69
57
62
54
62
57
66
62
50
54
60
57
57
66
65
53
57
60
69
64
72
60
57
53
60
69
65
72
64
64
48_64_67
60
55
67
64
64
67
64
67
64
60
55
48
67
62_64
60
48
60
60
62
55
60
64
60
60
67
64
60
48
64
67
52
67
55
72
60
55
60
52
64
48
60
55
64
64
72
60
67
64
52
71
68
48_64
67
64
52
60
56
64
59
64
64
68
64
71
66
64
64
52
71
68
68
52_76
56
66
59
68
69
74
56
64
76
71
72
59
69
74
64
68
56
52
59
71
72
71
71
72
72
57
52
72
69
76
71
71
69
72
57
60
69
64
60
72
69
72
69
76
69
71
69
69
57
72
76
69
81
57
64
79
60
81
60
67
69
77
60
72_76
69
64
57_69
79
60_64_76
57
69
67_77
76
67
65
53_69
69
72
65
67
65_72
69
53
69
65
65
60
69
65
69
72
67
69
65
69
72
69
65
69
72
67
53
67
67
69
71
55
53
74
60
67_71
55
72
67
65
74
72
72
64
65
62
67
62
64
67
74
59
71
67
71
74
67
55
65
53
69
72
55
67
62
59
65_72
69
62
53
65
60
69
65
72
69
69_72
65
53
72
69
65
65
60
67_74
53
72
74
67
65
60_65
64
67
48
67
72_76
48
64
55_72
65
72
76
72
76
72
48
72
48
76
47
60_64
67_76
62
72
47
64
72_76
55
47
47
45
62
60
69
72
76
69_72
45
76
47
47
64_69
60
52
72
69
76
72
45
52
69
72
45_76
72
69
69
71
62
64
69_71
50
69
66
62
69
66
62
50
57
62
54
62
57
66
62
62
66
66
62
69
69
50
54
66
57
65_69
53
72
50
60
65_69
53
52_57
52
57
65
60
69
65
69_72
65
69
53
57
60
53
72
64_65
60
69
72
60_64
48
67_72
64
60_64
67
48_64
55
72
67
64
60_72
64
67
48_55_64
60
72
48
57
64
60_64
45
45
69_72_76
57
60
69
64
48
72
69
45
60
64
57
45
76
57
52
60
64
48
72
69
72
64
40
64
64_71
52
52
68
64_68_71
52
44
56
40
64
59
47
44
64
59
64
59
52
68
71
56
76
52
59
64
71
68
76
47
45
69
69_72
76
64
69_72
57_76
69
64
69
69
76
72
76
72
67_71_74
71
57_69
69
43
45
71
64_74
67
55
67
62
67
74
71
67
74
71
67
55
43
41
72
65_69
72
62
71
69
65
72
53
41
60
48
77
77
57
41
65
60
48
71
65
72
65
60
65
67
69
72
69
67
71
72
77
69
65
77
65
53_57
41
71
74
43_43_67
60
71
67_71
74
55
69
59
50
67
62
71
47
67
43
74
71
67
79
74
50
69
43
71
67
55
50
59
47_55_62_79
67
69
74
69
77
71_76
59
67
76
62
76
67
79
77
74
79
71
67
59
74
55
62
64
69
76
74
50
60_64_67
48
72
76
60_77
79
77
64
67
72
72
76
79
64
64
76
79
59
60
47_60
48
76
79
72
65
59_72
64
76_79
64
67
64
72
67
72
76
64
65
79
62
64
76
64
79
67
79
76
72
59_64
67
69
72
57
45_47
64
43
59
62
43
57_69
72_76
60
64
48
45
81
69
60
64
57
69
72
72
76
69
52_81
48
57
76
72
69
76
72
64
64
64_68
50_71
52
52
40
50
68
64_71
52
56
64
59
68
44
64
40
56
52
59_71
47
64
68_71
68
44
71
64
68
71
52
57
69
72
69
45
76
47
64
72
57_69_76
69
64
69
76
72
76
72
69
57
69
55
67
71_74
71
43
64
69
45
71_74
55_67
57
67
62
74
71
67
67
55
53
74
65
69_72
43
71
55
41
72
67
71
62
65_69
72
53
60
65
65
69
72
69
71
72
72
69
69
65
69
71
65
53
41
43
55_67_72
71
72
53
60
71
67
71_74
55
69
59
62
67
74
69
67
71
71
55
74
67
69_79
47
55
71_74
59
43
62
71
59
67
67
71
55_74
79
62_79
67
59
55_62
67
79
74
71
67
72
76
79
47_48
71
50
48
72
64
84
48_67
84
50
55
84
43
48
60
67
72
64_67
60
40
48_72
43
55
65
79
76
84
72
48
65
36_40
64
36
67
64
72
