73
69
76
57
69
71
69
56
73
69_76
73
69
76
54
76
78
76
52_73
69
76
73
71
69
74_78
50
69
62
66
69
69
71
61
64_76
69
69
49
64
64
69_78
74
47
62
66
54
69
78
74
78
69_74
52
57
61_64
76
69_73
69
64
73_76
69
71
76
69
73
69
64
56
69_73
76
69
73
76
71
69
76
69
66_73
54
73
76
69
73
69
76
69
76
73
78
76
69
73
76
52
73
64_69
73
69_76
71
73_76
69
69
73
69
76
62
69
50
78
69_74
62
71
78
69
74
62
69_78
74
61_69
64
49
73
64
69
61
64
73
64
69
73
76
69
62_66
59
47
59
69
78
74
68
49
59
78
69_74
71
64
52
59
78
69
74
49
64
68
78
69
59
74
66
62
59
47
59
78
69
74
49
59
78
74
71
68
52
59
78
69
74
64
49
78
74
69
69_73
64
57
73
69
64
73
64
76
69
74
73
76
64_73
69
56
64
73
69
73
64
76
69
64
73
69
78
71
54
73
64
76
69_76
74
73
64_76
69
69
64_73
76
73
64
69
52
71
73_76
64_69
76
73
64
69
73
76
64
69
66_69
62
50
78
74
69
78
74
69
78
74
69
48
77
69
72
77
72
77
69
72
73
57
64_69
76
64
73
64
57
69
69
64_71
73
64_68
76
56
69
64
68_73
56
64
56
69_73
66
54_73
76
42_69
71
69
73
69_76
54
76
69_73
54
78
76
52
40_73
69_76
69
73
71
52_73
69
69
52
62_66
69
66
74
50
69
38
50
66_69
69
62_66
71
62
50
61_64_69
73
64_76
69
37_49
49
73
64_69
49_64
62
59
66
62_66
35
47_57
47
57
62
57
66
57
62
54
42
57
57_62
40_66
52
57
52
45_57
61
69_73
64
57_76
64
57_73
61_64_64
69_76
69
64
71
69
56
44
64_69
76
73
69
64
73
56
64
69
76
71
73_76
64
69
66_69_73
42_54
73_76
64_69
64
73
69_76
64
73
69
76
54
78
54
64
76
40
52
64_76
73
69
66_69
73
64
64_71_76
52_73
69
69
52
64_73
66
69
38
50
69
74
69
62
78
69
50
62
69
61
69
64
69_73_78
49
76
37
61
69
64
37
49
73
69
61
69
49
35
47_62
59_66
69_78
74
59
68
37_49
78
69
59
74
40_71
52
69
78
74
59
64_68
37_49_59
69
78
74
59
35
62_66
47
59
69_78
74
59
68
37_49
59
69
78
74
68
64_71
62
40
52
69_78
74
64
78
74
52
69_73
64
57
45
64
76
73
69
73
64
76
69
64_76
73
69
74
73
73
64
69_76
56
44
64_73
76
69
73_76
64
69
64_73
69
74
78
42_71
54
76
73
73_76
69
71_74
69_73
76
69
64
73
76
69_73
52
40
71
66
69_76
73
69_73
76
52
66_69
62
69_73
76
38
50
69_78
74
78
74
69
69_78
74
36_48
77
69
72
77
69_72
77
69
72
45
73
64_69
73
64_76
69
61
64
57
64_73
69
76
64
56
64
44_73
76
69
73
69
64
61
64
73_76
64
56_69
73
69
73
64
69_76
73
78
74
71
54
42
73
64_69_76
78
74
78
71
74
73
69
76
64
78
74
71
71_78
73
64
69_76
76
74
73
69
64_76
69
64
73
40
52
73
64
69_76
73
69_76
64
73
76
69
64
73
73
76
69
69
38
74
69
78
50_74
69
76
78
69
74
66_74
69
50
78
74
69
78
74
69
66_69
73
37
49
73
69
76
73
76
69
76
69_73
73
73
69
76
69_74
66
38
74
78
69
76
78
74
69
66
74
69
50
78
74
69
69
73
74
78
50
69
64_73
69
73
69_76
37_49
71
69
73
76
69
69_73
76
73
73
69_76
38_74
66_69
50
78
69
74
78
69
74_76
74
78
74
69
74_78
69
73
37
49_69_73
69_73
64
76
71
73
76
69
69
73_76
69
64
73
76
69
62
66
38
50
78
69_74
78
69
74
50
78
69
74
50
78
74
69
50_69_78
74
78
74
69
50
78
69_74
69_78
74
66_71
62
35
47
69_78
74
78
74
69
78
69
74
69
74_78
50
38
69_78
66_74
74
71
78
74
69
78
69_74
78
45_57
73
69_76
64_69_73
76
73
76
69
69
73
76
73
69
69_73_76
69
73
44
56
69_73
76
74
73
76
69
76
73
73
76
69
76
73
73
69
76
73
69
40
52
73
69_76
74
76
73
69
76
73
69_76
73
69
73
69
76
38
50
69_73
76
74
76
73
69
76
50
73
69_76
73
71
50_73
76
69
45
69
66
69_78
38_74
50
78
74
69
66
69_78
74
50
68
69
78
69
74
50
64
49
37
73
69
73
76
69
49
73
76
69
61
64
69_73
76
49
69
35_78
47
74
69
66
78
69
74
68
78
69
69
74
78
73
69_74
71
30
78
42
69
74
73
78
69_74
74
40
52
69
78
74
81
78
74
76
71
57
45
73
69_76
73
76
69
57_73
76
69
69
76
73
69
69_73
56
76
69_73
74
76
69
76
73
73
69
76
56
76
69
73
73
56
69_76
73
69_73
76
54
42
74
76
69_73
76
76
73
69_76
69
64_73
69_73
76
40
52
69_73
76
74
76
73
69_76
69
66
52_76
73
69
71
73
76
52
69
66
62_69
78
38_69
50_74
78
69
74
69
50
78
69_74
71
69
50_74
78
69
65
72
48
36
69_77
69_77
72
69
72_77
69
72
77
69
47
35
69_74_78
71
69
78
74
69_78
74
69
74_78
52_74
40_69
66
69
40
69
74_78
78
69
74
73
57_69
76
45
64
69
64
76
73
69
64
73
64
69
57
64
73
73
64
76
56
44_69
68_73
64
73
56
64_69
56_69
69
66_73
42_69
64_73
54
73
69_76
73
54_69
64
54_78
76
52
73
40_69
64
69
64
73
71
73
52_69
64
69
52
66
62
69
66
38_62
57
50
69
66
50_57
62_66
69
62
66
69
50
65
57_60
36_48
71
65
48
60
57
71
33
64
69
45
73
57
61
69
64
69
64
73
69
73
76
81
21
