41_53_69
53
41
57_62_65_72
69
65
62
57
42_54_71
72
42
54
71
57_60_66_69
57
60
66
36_69_72
48
48
36
72
67
60
55_64
64
55_60
67
31_67
43
43
31
61
64
55
64
67
55
64
61
31_43_67
64
43
31
67
59_65_67_68
59
65
67
68
38_50_69
50
69
38
59_65_67_71
65
59
67
71
36_48_72
36
48
31_55_60_64
60
55
64
31
72
33_43_72
33
43
72
35_55_60_64
55
64
60
35
36_48_67
48
36
67
60_64_67_67
67
60
67
64
67
67
31_43_67
67
43
31
67
67
60_64_67_67
67
60
64
67
67
67
38_50_67
50
67
38
59_65_67_67
67
59
65
67
67
67
31_43_67
43
31
59_65_67
59
65
67
67
36_48_67
48
67
36
60_64_67_67
67
60_64
67
67
67
31_43_67
67
43
67
31
67
60_64_67_67
67
60
64
67
67
67
38_50_67
67
50
38
59_65_67_67
67
59
65
67
67
67
31_43_67
43
31
59_65_67
59
65_67
36_48_64
67
48
36
60_64_67_67
64
67
60
64
67
31_43_67
67
43
31
60_64_67_67
60
67
64
36_48_69
67
48
36
69
59_64_67_67
67
59_64_67
31_43_67
43
31
59_64_64_67
67
59
64
67
36_48_67
64
67
48
36
57_64_67_67
57
64
67
37_49_69
67
49
37
61_64_67_67
69
64
61
67
67
38_50_67
50
38
59_65_67
65
59
67
31_43_65
67
43
31
59_65_67
65
65
59_67
38_50_67
67
50
38
60_62_65_67
67
60
62
65
33_45_67
67
45
33
60_62_65_67
60
62_65
31_43_69
67
31
43
59_65_67_67
69
59
65
67
67
38_50_67
50
38
59_62_65_67
67
59
65
67
38_50_67
62
67
50
38
60_62_65_67
60
62
65
31_43_69
67
43
31
59_65_67_67
69
59
65
67
67
36_48_67
48
36
55_60_64
60
55
64
31_43_64
67
43
31
55_60_64
64
55
64
60
36_48_67
48
67
36
55_60_64_67
55
64
60
67
31_43_67
43
67
31
55_60_64_67
64
55
60
36_48_69
67
48
36
59_64_67_67
69
59
67
64
67
31_43_67
43
67
31
59_64_67_67
59
67
64
67
36_48_72
48
72
36
58_64_67_72
58
64
67
72
31_43_74
43
31
58_64_67_72
74
58
64
67
72
29_53_72
53
29
57_60_65
60
57
65
36_48_69
72
48
36
57_60_65
57
60
65
69
41_53_69
53
41
57_62_65_72
69
65
62
57
42_54_71
72
42
54
71
57_60_66_69
57
60
66
36_72
48
69
48
36
72
67
60
55_64
64
55_60
67
31_67
43
43
31
61
64
55
64
67
55
64
61
31_43_67
64
43
31
67
59_65_67_68
59
65
67
68
38_50_69
50
69
38
59_65_67_71
65
59
67
71
36_48_72
36
48
31_55_60_64
60
55
64
31
72
33_43_72
33
43
72
35_55_60_64
55
64
60
35
36_48_67
48
36
67
60_64_67_67
67
60
67
64
67
67
31_43_67
67
43
31
67
67
60_64_67_67
67
60
64
67
67
67
38_50_67
67
50
38
59_65_67_67
67
59
65
67
67
67
31_43_67
43
31
59_65_67
59
65
67
67
36_48_67
48
67
36
60_64_67_67
67
60_64
67
67
67
31_43_67
67
43
67
31
67
60_64_67_67
67
60
64
67
67
67
38_50_67
50
67
38
59_65_67_67
67
59
65
67
67
67
31_43_67
43
31
67
59_65_67_67
59
65_67
36_48_64
67
48
36
60_64_67_67
64
67
60
64
67
31_43_67
67
43
31
60_64_67_67
60
67
64
36_48_69
67
48
36
59_64_67_67
69
67
59_64_67
31_43_67
43
31
59_64_64_67
67
59
64
67
64
36_48_67
48
67
36
57_64_67_67
57
64
67
37_49_69
67
49
37
69
61_64_67_67
64
61
67
38_50_65
67
50
38
59_65_65_67
65
59
67
31_43
43
31
59_65_67_67
65
59_67
67
38_50_67
50
67
38
60_62_65_67
67
60
62
65
33_45_67
45
67
33
60_62_65_67
60
62_65
31_43_69
67
31
43
59_65_67_67
69
59
65
67
67
38_50_67
50
38
59_62_65_67
67
59
65
67
38_50_67
62
50
67
38
60_62_65_67
60
62
65
31_43_69
67
43
31
59_65_67_67
69
59
65
67
36_48_64
67
48
36
55_60_64
64
60
55
64
31_43
43
31
55_60_64_67
55
64
60
67
36_48_67
48
67
36
55_60_64_67
55
64
60
67
31_43_67
67
43
31
55_60_64_67
64
55
60
36_48_69
67
48
36
59_64_67_67
69
59
67
64
67
31_43_67
43
67
31
59_64_67_67
59
67
64
36_48_72
67
48
72
36
58_64_67_72
58
64
67
31_43_74
72
43
31
58_64_67_72
74
58
64
67
29_53_69
72
53
29
57_60_65
60
57
65
69
36_48
48
36
57_60_65_69
57
60
65
69
38_50_69
50
69
38
57_60_62_66_69
57_60
62
66
69
33_45_69
45
69
33
57_60_62_66_69
60
62
57
66
38_50_71
69
50
38
57_60_62_66_69
71
60
62
57
66
57_60_62_66
69
60_62
57
66
33_45_69
45
33
69
57_60_62_66_69
66
60_62
57
38_50_74
69
50
38
74
57_60_62_66_72
60
62
66
57
57_60_62_66
60_62
57
66
33_45_71
72
45
33
71
57_60_62_66_69
60
62
57
66
31_43_43_55_59_59_62_62_65_67_67
69
43
62
55_59
65
59_62
43
67
31
67
31
31
33_43_59_62_65_67_67
33
35
35
43
62_65
59
67
36_48_64
67
48
36
60_64_67_67
64
67
60
64
67
31_43_67
67
43
31
60_64_67_67
60
67
64
36_48_69
67
48
36
59_64_67_67
69
67
59_64_67
31_43_67
43
31
67
59_64_64_67
59
64
67
36_48_67
64
48
67
36
57_64_67_67
57
64
67
37_49_69
67
49
37
61_64_67_67
69
64
61
67
67
38_50_67
50
38
59_65_67
65
59
67
31_43_65
67
43
31
59_65_67
65
65
59_67
38_50_67
50
67
38
60_62_65_67
67
60
62
65
33_45_67
67
45
33
60_62_65_67
60
62_65
31_43_69
67
31
43
59_65_67_67
69
59
65
67
67
38_50_67
50
38
59_62_65_67
67
59
65
67
38_50_67
62
50
67
38
60_62_65_67
60
62
65
31_43_69
67
43
31
59_65_67_67
69
59
65
67
67
36_48_67
48
36
55_60_64
60
55
64
31_43_64
67
43
31
55_60_64
64
55
64
60
36_48_67
48
67
36
55_60_64_67
55
64
60
67
31_43_67
43
67
31
55_60_64_67
64
55
60
36_48_69
67
48
36
59_64_67_67
69
59
67
64
67
31_43_67
43
67
31
59_64_67_67
59
67
64
36_48_72
67
48
72
36
58_64_67_72
58
64
67
72
31_43_74
43
31
58_64_67_72
74
58
64
67
72
29_53_72
53
29
57_60_65
60
57
65
36_48_69
72
48
36
57_60_65
69
57
60
65
41_53_69
53
41
57_62_65_72
69
65
62
57
42_54_71
72
42
54
57_60_66_69
71
57
60
66
36_72
48
69
48
36
67
60
55_64
72
67
64
55_60
31_67
43
43
31
61
64
55
64
67
55
64
61
31_43_67
64
43
31
59_65_67_68
67
59
65
67
38_50_69
68
50
38
69
59_65_67_71
65
59
67
36_48_72
71
36
48
31_55_60_64
60
55
64
31
72
33_43_72
33
43
35_55_60_64
72
55
64
60
35
36_48_67
48
36
67
60_64_67_67
67
60
67
64
67
67
31_43_67
67
43
31
67
67
60_64_67_67
67
60
64
67
67
67
38_50_67
50
67
38
59_65_67_67
67
59
65
67
67
67
31_43_67
43
31
59_65_67
59
65
67
67
36_48_67
48
67
36
60_64_67_67
67
60_64
67
67
67
31_43_67
67
43
67
31
67
60_64_67_67
67
60
64
67
67
67
38_50_67
50
67
38
59_65_67_67
67
59
65
67
67
67
31_43_67
43
31
67
59_65_67_67
59
65_67
67
36_48_64
48
36
60_64_67_67
64
60
64
67
67
31_43_67
67
43
31
60_64_67_67
60
67
64
36_48_69
67
48
36
59_64_67_67
69
67
59_64_67
31_43_67
43
31
59_64_64_67
67
59
64
67
36_48_67
64
48
67
36
57_64_67_67
57
64
67
37_49_69
67
49
37
61_64_67_67
69
64
61
67
38_50_65
67
50
38
59_65_67
65
65
59
67
31_43
43
31
59_65_67_67
65
59_67
67
38_50_67
50
67
38
60_62_65_67
60
62
65
67
33_45_67
45
67
33
60_62_65_67
60
62_65
31_43_69
67
31
43
59_65_67_67_67
69
67_67
59
65
67
38_50_67
50
38
59_62_65_67
67
59
65
67
38_50_67
62
50
67
38
60_62_65_67
60
62
65
31_43_69
67
43
31
59_65_67_67
69
59
65
67
36_48_64
67
48
36
64
55_60_64
60
55
64
31_43
43
31
55_60_64_67
55
64
60
67
36_48_67
48
67
36
55_60_64_67
55
64
60
67
31_43_67
43
67
31
55_60_64_67
64
55
60
67
36_48_69
48
36
59_64_67_67
69
67
59
67
64
31_43_67
43
67
31
59_64_67_67
59
67
64
36_48_72
67
48
72
36
58_64_67_72
58
64
67
31_43_74
72
43
31
58_64_67_72
74
58
64
67
29_53_69
72
53
29
57_60_65
60
57
65
69
36_48
48
36
57_60_65_69
57
60
65
69
38_50_69
50
69
38
57_60_62_66_69
57_60
62
66
69
33_45_69
45
69
33
57_60_62_66_69
60
62
57
66
38_50_71
69
50
38
57_60_62_66_69
71
60
62
57
66
69
57_60_62_66
60_62
57
66
33_45_69
45
33
69
57_60_62_66_69
66
60_62
57
38_50_74
69
50
38
74
57_60_62_66_72
60
62
66
57
57_60_62_66
60_62
57
66
33_45_71
72
45
33
57_60_62_66_69
71
60
62
57
66
31_43_43_55_59_59_62_62_65_67_67
43
62
55_59
65
69
59_62
43
67
31
67
31
31
33_43_59_62_65_67_67
33
35
35
43
62_65
59
67
36_48_64
67
48
36
64
60_64_67_67
67
60
64
67
31_43_67
67
43
31
60_64_67_67
60
67
64
36_48_69
67
48
36
59_64_67_67
69
59_64_67
67
31_43_67
43
31
59_64_64_67
67
59
64
67
36_48_67
64
48
67
36
57_64_67_67
57
64
67
37_49_69
67
49
37
61_64_67_67
69
64
61
67
67
38_50_67
50
38
59_65_67
65
59
67
31_43_65
67
43
31
59_65_67
65
65
59_67
38_50_67
50
67
38
60_62_65_67
60
67
62
65
33_45_67
67
45
33
60_62_65_67
60
62_65
31_43_69
67
31
43
59_65_67_67
69
59
65
67
67
38_50_67
50
38
59_62_65_67
67
59
65
67
38_50_67
62
50
67
38
60_62_65_67
60
62
65
31_43_69
67
43
31
59_65_67_67
69
59
65
67
67
36_48_67
48
36
55_60_64
60
55
64
31_43_64
67
43
31
55_60_64
64
55
64
60
36_48_67
48
67
36
55_60_64_67
55
64
60
67
31_43_67
43
67
31
55_60_64_67
64
55
60
36_48_69
67
48
36
59_64_67_67
69
59
67
64
67
31_43_67
43
67
31
59_64_67_67
59
67
64
36_48_72
67
48
72
36
58_64_67_72
58
64
67
31_43_74
72
43
31
58_64_67_72
74
58
64
67
72
29_53_72
53
29
57_60_65
60
57
65
36_48_69
72
48
36
69
57_60_65
57
60
65
41_53_69
53
41
57_62_65_72
69
65
62
57
42_54_71
72
42
54
71
57_60_66_69
57
60
66
36_72
48
69
48
36
67
60
55_64
72
67
64
55_60
31_67
43
43
31
61
64
55
64
67
55
64
61
31_43_67
64
43
31
67
59_65_67_68
68
59
65
67
38_50_69
50
69
38
59_65_67_71
65
59
67
71
36_48_72
36
48
31_55_60_64
60
55
64
31
72
33_43_72
33
43
35_55_60_64
72
55
64
60
35
36_48_67
48
36
67
60_64_67_67
67
60
67
64
67
67
31_43_67
67
43
31
67
67
60_64_67_67
67
60
64
67
67
67
38_50_67
50
67
38
59_65_67_67
67
59
65
67
67
67
31_43_67
43
31
59_65_67
59
65
67
67
36_48_67
48
67
36
60_64_67_67
67
60_64
67
67
67
31_43_67
67
43
67
31
67
60_64_67_67
67
60
64
67
67
67
38_50_67
50
67
38
59_65_67_67
67
59
65
67
67
67
31_43_67
43
67
31
59_65_67_67
59
65_67
36_48_64
67
48
36
60_64_67_67
64
60
64
67
67
31_43_67
67
43
31
60_64_67_67
60
67
64
36_48_69
67
48
36
59_64_67_67
69
67
59_64_67
31_43_67
43
31
59_64_64_67
67
59
64
67
36_48_67
64
48
67
36
57_64_67_67
57
64
67
37_49_69
67
49
37
61_64_67_67
69
64
61
67
38_50_65
67
50
38
59_65_67
65
65
59
67
31_43
43
31
59_65_67_67
65
59_67
67
38_50_67
50
67
38
60_62_65_67
60
67
62
65
33_45_67
67
45
33
60_62_65_67
60
62_65
31_43_69
67
31
43
59_65_67_67
69
59
65
67
67
38_50_67
50
38
59_62_65_67
67
59
65
67
38_50_67
62
50
67
38
60_62_65_67
60
62
65
31_43_69
67
43
31
59_65_67_67
69
59
65
67
36_48_64
67
48
36
55_60_64
64
60
55
64
31_43
43
31
55_60_64_67
55
64
60
67
36_48_67
48
67
36
55_60_64_67
55
64
60
67
31_43_67
43
67
31
55_60_64_67
64
55
60
36_48_69
67
48
36
59_64_67_67
69
59
67
64
67
31_43_67
43
67
31
59_64_67_67
59
67
64
36_48_72
67
48
72
36
58_64_67_72
58
64
67
72
31_43_74
43
31
58_64_67_72
74
58
64
67
29_53_69
72
53
29
57_60_65
69
60
57
65
36_48
48
36
57_60_65_69
57
60
65
69
38_50_69
50
69
38
57_60_62_66_69
57_60
62
66
69
33_45_69
45
69
33
57_60_62_66_69
60
62
57
66
38_50_71
69
50
38
57_60_62_66_69
71
60
62
57
66
57_60_62_66_69
60_62
57
66
33_45_69
45
69
33
57_60_62_66_69
66
60_62
57
38_50_74
69
50
38
74
57_60_62_66_72
60
62
66
57
57_60_62_66
60_62
57
66
33_45_71
72
45
33
57_60_62_66_69
71
60
62
57
66
31_43_43_55_59_59_62_62_65_67_67
43
62
55_59
69
65
59_62
43
67
31
67
31
31
33_43_59_62_65_67_67
33
35
35
43
62_65
59
67
36_48_64
67
48
36
64
60_64_67_67
60
64
67
67
31_43_67
43
67
31
60_64_67_67
60
67
64
36_48_69
67
48
36
59_64_67_67
69
59_64_67
67
31_43_67
43
31
59_64_64_67
67
59
64
67
36_48_67
64
48
67
36
57_64_67_67
57
64
67
37_49_69
67
49
37
61_64_67_67
69
64
61
67
67
38_50_67
50
38
59_65_67
65
59
67
31_43_65
67
43
31
59_65_67
65
65
59_67
38_50_67
50
67
38
60_62_65_67
60
62
65
67
33_45_67
45
67
33
60_62_65_67
60
62_65
31_43_69
67
31
43
59_65_67_67
69
59
65
67
67
38_50_67
50
38
59_62_65_67
67
59
65
67
38_50_67
62
50
67
38
60_62_65_67
60
62
65
31_43_69
67
43
31
59_65_67_67
69
59
65
67
67
36_48_67
48
36
55_60_64
60
55
64
31_43_64
67
43
31
55_60_64
64
55
64
60
36_48_67
48
67
36
55_60_64_67
55
64
60
67
31_43_67
67
43
31
55_60_64_67
64
55
60
36_48_69
67
48
36
59_64_67_67
69
59
67
64
67
31_43_67
67
43
31
59_64_67_67
59
67
64
36_48_72
67
48
72
36
58_64_67_72
58
64
67
31_43_74
72
43
31
58_64_67_72
74
58
64
67
72
29_53_72
53
29
57_60_65
60
57
65
36_48_69
72
48
36
57_60_65
69
57
60
65
41_53_69
53
41
57_62_65_72
69
65
62
57
42_54_71
72
42
54
57_60_66_69
71
57
60
66
36_72
48
69
48
36
67
60
55_64
72
67
64
55_60
31_67
43
43
31
61
64
55
64
67
55
64
61
31_43_67
64
43
31
59_65_67_68
67
59
65
67
68
38_50_69
50
38
59_65_67_71
69
65
59
67
71
36_36_48_60_64_67_72_72
36
64
60
36
72
48
67_72
36_48_60_64_67_72_72
36
36
36_41_41_48_53_60_60_62_64_67_69_72
69
72
41
60
62
41
72
42_42_54_60_63_71
53
69
71
42
60
63
69
42
36_43_55_60_64_72
54
67
72
36
67
31_67
55
43_60
64
67
49_58_64
49
31
58
64
38_50_59_65_67
67
65
59
59_65_68
38
68
59
65
31_43_59_65_69
50
69
59
65
65_67_71
31
65
71
67
43
36_48_64_67_72
48
36
31_43
43
31
64
36_36_64_67_72
67
72
67
64
72
36
72
36
