41_53_57_60_64_67
57
60
67
53
64
48
41
53_57_60_67
57
53
67
48
60
64
64
40_52_56_65
65
40
56
52
56_64
64
56
40_52_56_62
56
40
52
56_60
62
40_52
60
40
52
59
56
59
45
45_52_57_60_62_64_67_71
45
62
52
64
60
71
67
52
57
45
52
60_64_67_71
60
67
64
71
48_55_60_64_67_71_74
55
60
48
48_60
64
67
74
71
60
48
64_67_71_74
74
71
64
67
41
48
48
48_53_57_60_64_67
41
53
48
60
41
57
67
64
53_57_60_64_67
41
64
57
53
67
60
40_52_56_65
40
56
52
65
40_52_56_64
52
40
64
56
40_52_56_62
56
52
62
40
56_60
40_52
56
60
40
52
59
59
45_57_60_64_67_71
45
57
64
60
45
71
67
45
57_60_64_67_71
60
57
64
67
71
48_60_64_67_71_74
48
67
64
60
74
71
48
48
48_60_64_67_71_74
71
64
60
67
74
48
41_53_57_60_64_67
41
41
53
48
60
57
64
67
53_57_60_64_67
64
57
41
53
67
48
60
40
47
40
40_52_56_60_65
60
47
40
52
56
65
40_52_56_64
40
52
64
56
40_52_56_62
40
56
52
62
56_60_62
62
40_52
60
40
52
59
56
59
45
45
52
52
45_52_57_60_64_67_71
45
52
57
64
60
45_52_71
45
52
67
57_60_64_67_71
60
57
64
71
67
48_55_60_64_67_71_74
55
48
67
64
71
74
55
60
55
48_55_60_64_67_71_74
71
64
60
48
74
67
55
41_48
41
48
41_53_57_60_64_67
41
41
53
48
60
57
64
67
53_57_60_64_67
64
57
41
53
67
48
60
40
47
40
40_52_56_60_65
60
47
40
52
56
65
40_52_56_64
40
52
64
56
40_52_56_62
40
56
52
62
56_60_62
62
40_52
60
40
52
59
56
59
45
45
52
52
45_52_57_60_64_67_71
45
52
57
64
60
45
71
67
52
57_60
45
52
57
64
60
71
64
71
48_60_64_67_74
71
67
74
64
71
60
48
64_67_71
67
48_60
48
60
55
64
55
71
64_67
64
67
41_48
48
41
41_48_53_57_60_64_67
48
41
53
41
57
60
67
64
57_60_64_67
41
57
64
67
60
48
48
40
47
40
47
40_47_52_56_60_65
60
47
52
40
56
65
40_52_56_64
52
40_56
64
40_52_56_62
40
52
62
56
56_60
40_52
60
40
52
59
56
59
45
52
45
52
45_52_57_60_64_67_71
52
45
57
60
64
45_52
71
67
45
52
57_60_64_67_71
60
57
64
67_71
48_55_60_64_67_71_74
48
55
60
48
64
67
74
71
64_67_71_74
74
64
67
71
55
48
55
41_48
41
48
41_48_53_57_60_64_67
41
48_53
60
57
67
41
64
41
41_53_57_60_64_67
64
57
41
53
67
60
40
40
40_52_56_60_65
60
40
52
56
65
40_52_56_64
52
56
40
64
40_52_56_62
40
52
56
62
56_60_62
62
40_52
60
56
40
52
56_59
56
59
45
52
45
52
45_52_57_60_64_67_71
45
52
45_57
64
60
71
67
57_60_64_67_71
45
60
57
64
67
71
48
48
48_60_64_67_71_74
48
64
67
60
71
74
48
60_64_67_71_74
71
64_74
60
67
48
41
41
48
48
41_48_53_57_60_64_67
41
60
41_48
57
53
64
67
53_57_60_64_67
41
64
57
53
67
60
40
52_56_60_65
60
40
52
56
65
40_52_56_62_64
64
62
52
40
56
40_52_56_62
40
52
56
62
40_52_56_60
40
52
60
56
56_59
56
59
45
45
45_57_60_64_67_71
64
57
45
60
45_57
67
71
45
57
60_64_67_71
60
64
71
67
48
48
48_55_60_64_67_71_74
60
55
48
64
67
74
71
48_60
60
48
64_67_71_74
74
64_71
67
41
48
53_57_60_64_67
41
53
48
41_53
60
57
64
67
57_60_64_67
53
64
41
57
67
60
40
47
52_56_60_65
60
47
40
52
56
65
40_52_56_64
52
40
64
56
40_52_56_62
56
62
40
52
56_60_62
62
40_52
60
40
52
59
56
59
45
52
45
52
45_52_57_60_64_67_71
52
57
45
45_57
64
60
71
67
60_64_67_71
45
57
60
64
71
67
48
55
48
55
48_55_60_64_67_71_74
55
60
48
48_60
67
64
71
74
60
48
64_67_71_74
64
71
67
74
41
48
41
41_53_57_60_64_67
41
53
48
60
57
41_53
64
67
57_60_64_67
41
53
64
57
67
60
40
47
52_56_60_65
60
47
40
52
56
65
40_52_56_64
52
40
64
56
40_52_56_62
56
62
40
52
56_60_62
62
40_52
60
40
56
52
56_59
56
59
45
52
45
52
45_52_57_60_64_67_71
52
45_57
64
45_57
60
67_71
45
60_64_67_71
57
60
64
67
71
48
55
48
55
48_55_60_64_67_71_74
55
48
60
48_60
64
67
74
71
60
48
64_67_71_74
74
67
64_71
41
48
53_57_60_64_67
41
48
53
60
57
41_53
64
67
53
41
41_53_57_60_64_67
41
57
53
64
67
60
40
47
47
47_52_56_60_65
60
40
47
52
56
65
40_52_56_64
64
52
40
56
40_52_56_62
40
52
56
62
56_60_62
62
40_52
60
56
40
52
56_59
56
59
45
52
45
52
45_52_57_60_64_67_71
52
57
45
64
60
45_57
67
71
60_64_67_71
45
57
60
64
67
71
48
55
48
55
48_55_60_64_67_71_74
55
60
67
64
71
74
48
48_60
60
48
64_67_71_74
64
67
71
74
41_53_69_72_76
41
53
72
76
69
40_47
47
40_47_52_67_71_74
40
71
40
74
67
52
47
38_50_65_69_72
69
50
72
65
38
36_48_64_65_67_71
65
67
64
71
36
48
41_53_69_72_76
69
53
76
72
41
41_53_69_71_72_76
71
72
69
53
76
41
41_53_69_72_76
72
53
76
69
41
38_50_65_69_72
65
69
50
38
72
38_50_65_69_72
38
72
65_69
50
38_50_65_69_72
38
65
50
69
72
45_57_67_72_76
67
57
45
72
76
45_57_67_72_76
67
72
57
45
76
45_57_67_72_76
67
57
72
45
76
43_55_71_74_79
55
74
71
43
79
43_55_71_74_79
74
71_79
55
43
43_55_71_74_79
55_74
71_79
43
41_53_69_72_76
69
53
72
76
41
41_53_69_72_76
76
72
69
41
53
41_53_69_72_76
72
53
76
69
41
38_50_65_69_72
65
50_69
72
38
38_50_65_69_72
72
69
38
65
50
38_50_65_69_72_74
74
38
50
65
69
72
45_57_72_76_79
76
79
72
57
45
45_57_72_76_79
76_79
72
57
45
45_57_72_76_79
57
76
72_79
45
43_55_71_74_79
79
71
74
55
43
43_55_71_74_79_81
79
81
43
74
55_71
43_55_71_74_79
74
71_79
55
43
71_81
81
71
41_53_69_72_76
76
69
72
53
41
41_53_69_72_76
76
72
69
53
41
41_53_69_72_76
53
76
72
69
41
38_50_65_69_72
69
65
50
72
38
38_50_65_69_72
38_72
69
65
50
38_50_65_69_72
38
65
50
69
72
45_57_67_72_76
67
45
72
57
76
45_57_67_72_76
76
72
67
45
57
45_57_67_72_76
67
57
45
72
76
43_55_71_74_79
71
55
74
79
43
43_55_71_74_79
79
74
71
55
43
43_55_71_74_79
79
74
55_71
43
71_74_79_81
79
81
74
71
41_53_69_72_74_76
74
76
72
69
53
41
41_53_69_72_76
69
72
53
76
41
41_53_69_72_76
53
72
69
76
41
38_50_65_69_72
69
65
50
38
72
38_42_50_65_69_72
42
38
65
69
72
50
38_50_65_69_72
38
65
50
69
72
45_57_72_76_79
45
72
76
57
79
45_49_57_72_76_79
79
49
45
76
72
57
45_57_72_76_79
76
72
57
45_79
43_55_71_74_79
74
79
55
71
43
43_55_71_74_79
74
43
79
55_71
43_55_71_74_79_81
79
81
74
55
71
43
41_53_69_72_76_79
53
57
48
67
60
60
47
40
52
56
65
52
40
56
64
56
62
40
52
79
76
72
69
60
40
56
52
56
59
45
52
53
45_52_57_60_64_67_71
41
45
52
57
64
60
67
71
67
72
64_74
48
60
55
64
71
48
60
64
60
55
48
45
52
57
67
64
67
71
60
64
48
41
41_53_57_60_64_67
57
57
67
41
48
53
60
47
60
65
52
40
56
47
64
40
56
62
41
40
52
53
48
60
40
52
57
56
55
59_67
64
60
52
45
45_57_60_64_67_71
45
52
57
71
45
64
60_67
55
45
60
55
64
60
64
60
45_64
67
52_57_71
64
67
57
60
45
52
71
48_64
55_67
60_74
48
64
55
60
74
67
48_60_64_71
71
64
64_67
48
60
48_60
64
60
55
48
55
67
64
64
41
48
53_57_60_64_67
41
53
48
41
57
48_60
67
64
53
57_60_67
48
57
67
60
41
48
53
48
40
47_56_60
52_65
47
60
47
40
52
56
65
47
40_52_56_64
40
52
56
64
40_52_56_62
62
56
56_60
40
52
40_52
60
40
52
59
56
59
45
52
45
45_57_60_64_67_71
45
52
57
64
60
45_57
67
71
45
57
60_64_67_71
60
64
67
71
48_55
55
48_55_60_64_67_74
48
67
64
74
55
48
64_71
60
64
48
71
48
48_60_64_67
60
64
55
48
55
67
64
64
41
48_53_57_60
41
53
48
60
57
67
67
69_72
72
67_76
76
72_76
67
69
76
81_84
72
84
81
81_83_88
83
88
84_88_91_93
91
93
88
105
81
84
105
