60
48
64
36_42_43_52_60
52
36_48
64
66
67
66
36_42
42
38_42_42
42_42
38
36_42_42
36
36_42_42_48
52
36_51
48
38_42_42_52
51
38_48
52
42_42_51
64
64_67
52
60
48_48
60
36
48_52
51
60
41_43_60
53_65
48_53
65
29
36_42_42_53
69
52
36
42_42
53
52
38_42_42
38_42_42_48
52
36_42_42
36_42
36_42
65
60
36_38_42_42_53_60
65
48
42
53
69
65
60
38_42_48
42
65
60
60
48
53
29
64
41
36
43_52
36_42_48_52_60_64
67
53
42
36_42
42
38_42
42
42
38_42
36_42
36_42
36_42_48
52
36_42_51
48
38_42_52
51
38_42_48
52
67
64
42_51
60
64
52
60
48
48
42_52
51
60
36
48
53
29_43_60_65
65
41_53
48
36_42_53
69
52
36
42_42
52_53
38_42_42
38
42_42_48
52
36_42_42
36
38_42_42_46
65
60
38_42
48
60_65
38_53
53
48
38_38_46
36_38_41_42
41
36_42
29_69
60
65
53_65
60
60
48
64
48
52_53
36_36_41_42_43_52
49
60
48
64
67
67
36_42
67
64
42
64
67
38_42_42
67
64
36
64
67
36_42_42
36
38
67
36_36_42_42
36
36_42_42_48
52
36_51
48
52
48
51
38_42_42_52
38_48
52
36
67
64
36_42_42_51
60
64
48
60
43
48_52
51
48
60
41_65
53
48_69
53
36_41_42_42_53
36
52
41
36_42_53
53
42_52
38_42_42
53
48
53
42_42_48_50
52
38
36_42_42
36
50
36_42_42_48
36
49
38_42_42_53
69
48
38
69
69
69
65
42_42_45_60
69
48
41
72
72
60
48
53_64
43_48_52
45
67
36_36_42_42_52_53_69
36_42
69
67
42
38_42_42
36
36_42_42
36
38
36_36_42_42
36
36_42_42_48
52
36_51
48
67
51
38_42_42_52
38_48
52
36
36_42_42_51
48
36
67
52
51
48
64
52
48
48_64
67
43
36
36_36_42_42_48_52
36
36
36_48
52
36_36_42_51_52
48
52
48
51
36
42
38_42_42
36
48
52
48
48
48
36_36_42_42_48_52
38
36_42_42
36
36
60
36
48
36
36_36_42_42
60
36
38_42_42
38
36
48
76
36_42_42_46
72
48
52
72
76
36
48
72
76
67
36
48
64
60
72
48_76
36_36_42_42_46_52_60
36_48_64_72
67
76
72
71_76
74
36_42_71
74
71
74
42
71
74
71
74
38_42_42
36
71
74
69
72
43_48
36
69_72
36_42_42
69
72
38
69
36
72
69
72
36_36_42_42
69
36
72
71
67
52
36_42_42_48
52
48
36_51
48
51
38_42_42_52
67
71
36
38_48
52
48
48_52
48
36_42_42_51
67
48
64
43
60
52
51
48
60
48
53_65
53
69
43
36_41_41_42_42_53
48
43
36_52
41
36_42_53
53
42_52
53
38_42_42
42_42_48_50
52
38
36_42_42
36
50
36_42_42_48
36
53
69
38_42_42_53
53
48
69
38
53_69
48
69
65
42_42_45
69
48
72
60
48_53
41_52
43_72
45_53
60
48
36_36_42_42_52
67
64
69
36_42
69
67
42
38_42_42
36
36_42_42
36
38
36_36_42_42
36
36_42_42_48
52
67
36_51
48
48
51
38_42_42_52
48
38_48
52
36
36_42_42_51
48
36
52
51
48
48
43
36
52
36_36_42_42_48_48_52
36
60
64
67
67
64
36
42_42_48_51_52_52
36_48_48
43
48
52
60
51
48
48
38_42_42
38
52
52
48
36_42_42_48_48
60
36
43
36_42_42
36
36
36
60
36_38_42_42_46
36
64
48
38_42
48
36
38
36
38_48_64
50_65
48
48
38_38_46
67
60
52_64
38
40
48_67
36_38_41_42
65
50
52
48
36_41_42
48_48
67
40
72
52
36_41_41_41_42_53_60_65_65_69_69
48
49
49
41
72
72
36_42
42_53
48
72
60
69
65
72
48
53
38_42_42_60_65_69
41
72
41
72
41_41_42_42
69_72
53_60
69_74
38_48_65
65
53
36_38_42_42_50_50_62_62_65_65_69
41
41
74
72
36
36_42_42
72
71
36
62_69
50
53
65
53
50
38_42_42_62_65_69
38_38
71
50_69
53
38_42_42_50
69
69
65
50
62
69
65
62
69
49
69
55
50
36_42_42_43_43_50_62_67_67_71_71
38
69
67
36_42
67
67
42
55
50
62
71
67
55
38_42_42_50_62_67_67_71
67
43
43
67
69
42_42_43_43
67
71
38
62
71
67
36_42_42_47_62_67_69_71_72
43
55
36
43
50
47
50
36_42_42_43_50_55
69
72
36_50_67_71
62_67
71
50
49
69
38_42_42_45_47_62_66_71
50
43
38_47
67
45_71
42_42_43_62_65
47
71
66
50
62
55
65
62
72
53
48
36_41_41_42_42_60_65_65_69_69
47
43
72
72
36_42
72
69
53
42_48_72
60
65
48
53
38_42_42_60_65_69
72
41
72
41
41_41_42_42_72
60
69
48_74
38_53
65
65
69
41
53
36_38_42_42_50_50_62_62_65_65_69
41_74
72
36
36_42_42
72
36
69
62
50
53_71
65
53
38_42_42_50_62_65_69
38
71
38
69
50
69
38_42_42_50
69
53
69
65
65
50
62
62
69
38
50
55_69
31_36_42_42_43_50_62_67_67_71_71
69
67
36_42
67
67
42
62
71
67
38_42_42_62_67_71
67
67
31
43
67
69
31_42_42_43
38
31_62
71
43
67
50
31_36_42_42_43_62_67_71
55
36
55
36_42_42
36
71
62
67
38_40_42_42_62_67_71
31
38
50
43
40_42_42_43_43_46
71
71
62
43_67
50_67
55
43
31_36_42_42_43_46_62_67_67_71
50_55
62
42
42
67_71
50
55
38_42_42_67_71
36_55
50
43
31_38
69
71
31_36_42_43_62
36
69
71
38
42
31
38
67
69
31_36_38_46
42
38
31
38
62
55
67
50_67
71
43
50
36_38
31_43_62_67_67_71_71
36_43
71
67
43
55
36
43_67_71
50
43
62
43
31
43_43
50
43
71
31_36_41_62
43
41
46
36
41_43
50
55
62
41_43
31
71
67
67
67
36_36_42_43_52_72_76_79
48
49_52
60
48
64
67
67
36_42
64
67
42
67
64
38_42_42
64
67
36
67
64
36_42_42
36
38
67
67
36_36_42_42
36
48
36_42_42_48
52
48
36_51
48
48
51
38_42_42_52
48
52
38_48
52
52
36
67
48_67
64
36_42_42_51
60
48
43
52
51
52
48
60
41_65
53
69
53
48
36_41_42_42_53_76_77_79_81
36
52
41
36_42_53
48
53
42_52
38_42_42
53
48
42_42_48_50
52
38
36_42_42
36
50
36_42_42_48
36
49
38_42_42_53
69
48
69
38
69
69
65
42_42_45_60
69
48
53
41
72
48
60
72
48_53_64
43_48_52
45
67_69
36_36_42_42_52_53_76_77_79_81
36_42
69
67
42
38_42_42
36
36_42_42
36
38
36_36_42_42
36
36_42_42_48
52
48
36_51
48
51
38_42_42_52
38_48
52
36
67
36_42_42_48_51
48
52
52
52
36
67
52
51
48
64
48
48
64
67
43_53
36
48
36_36_42_42_48_52_72_72_76_76_79_79
36
36
36
36_36_42_51_52_53
48_48
51
36
42
38_42_42
36
48
52
48
52
48
48
36_36_42_42_48
38
36_42_42
36
36
60
36
48
36
36_36_42_42
60
36
38_42_42
38
36
52
48
48
72
36_42_42_46_76
48
76
72
36
76
72
67
36
48
64_76
60
72
48
48
52
36_36_42_42_46_52_60
72
36_48_64_76
67
72
76
71
74
36_42
71_74
71
74
42
71
74
71
74
38_42_42
71
36
69
74
72
43_69
36
36_42_42
72
69
72
38
69
72
36
69
72
36_36_42_42
69
72
71
36
67
48
71
36_42_42_48
52
71
36_51
48
48
71
52
51
38_42_42_52
36
38_48
52
48_67
48
36_42_42_51_52
67
48
64
43
60
52
52
51
48
60
65
53
69
43_53
36_41_41_42_42_48_53_72_72_76_77_79_81
48
43
36_52
41
36_42_53
53
42_52
53
38_42_42
48
53
42_42_48_50
52
38
36_42_42
36
50
36_42_42_48
36
53
53
48
69
38_42_42_53
53
48
69
38
69
69
65
42_42_45
69
48
53
72
48
60
72
53
41_52
43
45_48_53
60
48
36_36_42_42_52_72_72_76_77_79_81
69
67
64
36_42
69
67
42
38_42_42
36
36_42_42
36
38
36_36_42_42
36
36_42_42_48
52
36_51
48
48
51
38_42_42_52
48
38_48
52
36
67
36_42_42_51
48
52
48
36
52
51
48
43
36
36_36_42_42_48_48_52
36
60
64
67
67
64
36
42_42_48_51_52
36_48
43
60
51
48
48
38_42_42
38
52
36_42_42_48_48
52
48_60
36
43
36_42_42
36
36
48
36
60
36_38_42_42_46
48
36
64
48
48
38_42
48
48
36
38
36
38_48_64
50_65
48
48
38_38_46
67
60
64
38
40
48_67
36_38_41_42
65
50
52
52
48
36_41_42
48_48
67
40_72
52
36_41_41_41_42_49_49_53_60_65_65_69_69_72_72_76_77_79_81
48
41
72
72
36_42
72
72
42
60
69
53
48_65
38_42_42_60_65_69
53
48
41
72
41
72
41_41_42_42
69
60
69
38_65
72
48
53
65
74
53
50
36_38_42_42_50_62_62_65_65_69_72_74_77_77_81_81
41
41
36
74
72
36_42_42
36
62_69
50
65
53
72
53
50_71
38_42_42_62_65_69
38_38
71
50
69
38_42_42_50
69
53
65
62
65
50
62
69
49
69
55
36_42_42_43_43_50_50_62_67_67_71_71_74_74_77_79_81_83
38
69
67
36_42
67
42
67
62
71
67
38_42_42_62_67_71
67
43
67
55
50
43
55
67
50_69
42_42_43_43
67
71
38
62
71
67
36_42_42_47_62_67_69_71_72
43
36
43
47
50
36_42_42_43_50
69
72
69
36_50_67_71
62_67
71
49
50
38_42_42_45_47_62_66_71
43
38_47
67
45_71
42_42_43_62_65
47
55
50
71
66
62
65
62
36_41_41_42_42_60_65_65_69_69_72_72_74_77_79_81_83
53
48
47
43
72
72
36_42
72
69
48
42
53_72
60
65
53
48
38_42_42_60_65_69
72
41
72
41
41_41_42_42
72
48
53
60
69
38_74
65
65
69
41
50_53
36_38_42_42_50_62_62_65_65_69_72_74_77_77_81_81
41
74
36
72
36_42_42
72
50
36
53
69
62
71
65
53
50
38_42_42_62_65_69
38
71
38_69
53
69
50
69
38_42_42_50
50
69
65
65
62
62
69
38_55
50
50
31_36_42_42_43_62_67_67_69_71_71_74_74_77_79_81_81_83
69
50
55
67
55
50
36_42
67
42
62
71
67
50
55
38_42_42_62_67_71_81
67
31
43
67
69
31_42_42_43
55
50
38
31_62
71
43
67
31_36_42_42_43_62_67_71
36
36_42_42
36
71
62
67
38_40_42_42_62_67_71
31
38
43
40_42_42_43_43
71
71
62
43_67
67
43
31_36_38_42_43_46_55_59_62_71
62
67
59
67
62
71
62
38
38
43
43
38_38
50
62
55
55_59
38
55
38
36
55_59_67
62
71
62
38
71
67
71
67
36_38_67_71
62
36
43
43
38
62
55
59
31
43
71
69
59
31_55
36_45_62
50
45
36
71
69
45
31
45_62
67_71
67_71
67
31_36_45_67_71_71
67_69
62
45
31
45
67
71
45
62
71
67
36
31_43
62_71
43
43
36_43
62
46
43
43_55
59_71
36
41_50
64_72
55_59
43_62
59
55
31_41
72
43
55_59
38
41_49
43
55_59_67
64
74
67
38
38
41
43
55
59
74
67
38
36_41_42_49_53_57_60_65_69_72_74_77_79_81_83
41
48_53
81
77
57
53
53_57
36
57
41_53
41_42_53_57
42
57
53
41
41_53_57
48
53
60
57
53_69
65
42
72_81
38_42_53_57_60_65_69
48_77
53
36_49_72
41
57
53
53_57
72
41
53
57
38
72
72
77
41_41_42_53_57
60_69
81
53_65
36
48_53
42_57
53_57
53_72
57
81
77
71
36_42_43_55_55_59_62_67_71_72_74_77_79_81_83
43_50_79
41_42_83
41
36
59
55_71
71
55_59
55_59_71
42
43
71
36_42_55_59
43
55
59
43
36
55_59
49
62
71
43
55
50
71
67
59
55
42
79
74
38_42_55_55_59_62_67_71_83
50
72
38
43
43
59
55
55_59
38
55
59
72
74_79
38
42_43_55_59_74
71_83
55
42_50_67
43_62
55
59
74
55_59
76
79
55
59
83
48
52
36
42
36_42_48_55_60_60_64_67_72_74_76_76_79_79_79_83
43
43
60
55
36
76
55_60
55
60
36
72
42_55_60
42
36
55
60
72
67_72
55_60
52
48_60
64
55
60
42
31_48_52
38_42_55_60_60_64_67
36
72
79
72_76
55
60
72
48_55_60
55_60
72_72
74
31_36
42_48_55_60
52_76_79
67
48
38_60_64
60
42
55
55_60
55
60
42
76
79
45
36_42_45_45_48_57_57_60_60_64_72_72_76_76_79_81
81
76
48
57
36_60
36
57_60
60
57
36_42_45_57_60
42
60
57
36
45
64
57_60
48
57
45
60
60
57
42
76
48_72
38_42_45_57_57_60_60_64_81
40
45
57_60
45
57_60
57
60
38
72
40
42_45_57_60_81
45_76
48
42
57
40
60
64
57
60
74
76
57_60
45
76
81
57
60
74
42_76
40
41_72
74
36_41_42_53_57_60_65_69_72_72_76_77_81_81
41
53_77_81
48
53
57
53_57
36
53
57
42_53_57
42
41
41_53_57
60
48
53
69
53_57
65
41
53
57
53_72
42_48
38_42_53_57_60_65_69_72
81
77
36
41_41
53
57
53_57_69
53
57
72
69_72
77_81
36
41_42_53_57
41
48_65
42_60
53
69
53_57
69
72
53_57
38
53
57
69
74
48_77
45_81
41
76_81
42
36_42_45_57_60_60_64_69_72_72_76_77_81_81
41
45
60
36
57
57_60
74
60
57
72
45
36_42_48_57_60
42
60
57
72
36
45
60
72
57_60
69
64
45
60
57
48
45_72
38_42_57_60_60_64_69
42_81
76
40
45
60
57
45
72
57_60
69
60
57
45
48_72
38_69
81
42_45_57_60_76
72
45_69
40_42
64
60
57_60
57_60
45_60_76
57
81
72
69
36_42_42_50_53_57_62_62_65_69_72_72_74_76_77_81_81
50
38_77_81
45
36_57
62
57_62
57
62
42_57_62
42
38
62
57
62
38
57_62
50_72
53
69
65
62
57
38_42_53_57_62_62_65_69_72
50
74
33_38
42
77_81
62
57
50
57_62
62
57
69
42_50_57_62
62
33_38_72
81
42_65_77
69_74
57
50_62
38
53
57_62
50
57_62
77_81
38
53
72
36_42_48_48_57_60_62_65_69_72_72_74
60_77
81
36
42
36
57
57_60
57
60
36_42_57_60
42
60
36_57_62
36
72
69
65
48
36
57_60_81
53_77
57
60
53
48
38_42_57_60_62_65_69_72
81
77
33
72
36
57
60
42
57_60
48
57
60
38
62
42_48_48_57_60_65
53
69_77
72_81
36
42_72
33
57
60
57_60
72
48_57
60
36
35
36_42_43_55_59_62_67_71_72_74_77_77_81_83
42
43_55
50_79_83
53
55
53_59
36
55_59
55
59
71
42_55_59
42_55
43
59
62
71
55_59
67
71
43_50
55
55
59
42
71
38_42_55_59_62_67_71
74
55
50
38
79
83
43_59
55
55_59
71
43
35
55_59
38
71
42_43_55_59
43
83
79
74
38
42
55
59
71
55_59
62_72
71
67
55
42_50_79
59
43_55
43
83
36_41_42_53_59_62_67_71
41
83
77
36
53
59
53_59
72
59
53
72
36_42_53_59
42_59
36
53
41
62
71
53_59_67
72
41
53_59
42
74
74
77
38_38_42_53_59_62_67_71
83
53
59
41
53_59
74
38
41_53
59
74
74
83
77
41
41_42_53_59
38
42
59
74
53
62
67
71
76
53_59
42
53
59
77
83
41
41
36_42_45_57_60_60_64_69_72_74_76_77_81_81_83
76
45
76
60
57
36
76
81
57_59_60
76
59
57
60
45
81
76
42_57_60_76
57_72
60
42
42_76
81
69
60
57_60
64
57
60
72
40_45
45
38_42_57_60_60_64_69_76_81
72
57
60
76
81
57_60
57
45_60
72
81
76_81
40_42_45_45_57_60
38_45
42
57
60
81
76
42
57_60
69
57_60
60
64
45
45
79
36_42_43_55_60_60_64_69_76
55
36_60
76
79
55_60
55
60
45
79
36_42_55_60_76
45
42_60
55
36_76
79
42
69
60
55_60
64
60
55
76_79
38_42_55_60_60_64_69
45
43_60
76
55_79
43
38
55_60
60
55
45
79
42_43_55_60_76
42
60
64_69
55_60
76_79
42
42_45_55_60
42
55
60
43
81
36_42_42_60_64_69_72_76_81
76_78
42
43
57
69
36_42_42_42_60
57
72
69
76
78
72
60
64_76
42_42_42_42
74_76
62
64
69
81
69
69
81
69
81
69
69
81
69
81
69
69
81
69
69
81
69
69_81
81
69
69
81
69
69
81
69
69_81
81
69
69
81
69
69_81
69
69_81
81
69
42_42_42_69
72_74
81
69
60
81
62
81
81
81
69
64
60
42
42
72
53
77
36_41_42_42_44_49_60_65_69
44
60
81
60
69
65
36_38_42_49_60_65_69_77
77
77
72_77
77
81
60
69
65
41
77
79
53
72
77
36_38_44_60_63_68
68_72
44
79
77
77
68
75
60
63
72
68
36_36_38_60_63_68
67
70
75
72
72
75
60
63
68
67
44
70
44
72
75
36_36_36_38_42_43_52_60_84_88_91
52_64
48
66
67
66
36_42_48
36
48
42
36_38_42_42
42_42_48
36
38
72
36_42_42
36
36_42_42_48
52
36_51
48
52
38_42_42_52
48
51
38_48
48
52
36_42_42_51
64
67
60
48
52
51
60
41_43_60
53_53_65
48
36_65
36_41_42_42_53_84_84_88_89_91_93
69
52
36
42_42
53
52
38_42_42
41
38_42_42_48_50
52
36_42_42
36_42
50
36_42_48
65
60
36_38_42_42_45_53_60
48_65
48
42
53
69
48
65
60
38_42_43
45
42
65
60
60
48
53
43_64
41
43
36_36_42_52_60_64_84_84_88_89_91_93
67
48_52_53
42
36_42_48
36
48
42
36_38_42
42
42_48
36
38_42
36_42
36_42
36_42_48
52
36_42_51
48
38_42_52
51
38_42_48
52
52
48
48
67
64
36_42_51
60
64
60
48
42_52
51
60
48
53
43_60_65
53_65
41_48
36
36_38_41_42_53_84_84_88_89_91_93
38
69
52
36
42_42
52_53
38_42_46
41
48_50
52
38
38
36
38
38
46
38
38
36
38
38
38
50
38
48
38
38
48
53
38
65
60
38
38
38
48
38
48_53
60_65
38_45_53
48
38
36_43
45
41_53
48
36
69
60
65
53_65
60
60
48
43
52_64
48
53
36_36_42_43_52_72_76_79_84_89_93
49
60
48
64
67
67
36_42
64
67
42
64
67
38_42_42
64_67
36
64
67
36_42_42
36
38
67
67
36_36_42_42
36
36_42_42_48
52
36_51
48
51
38_42_42_52
38_48
52
36
67
67
64
36_42_42_51
60
64
48
60
43
48_52
51
52
48_48
60
41_65
53
69
36_41_42_42_53_76_77_79_81
36
52
41
36_42_53
53
42_52
38_42_42
53
53
48
42_42_48_50
52
38
36_42_42
36
48_53
50
36_42_42_48
36
49
48_53
69
38_42_42_53
48
69
38
69
69
65
42_42_45_60
53
69
48
48
41
72
72
60
52
48_53_64
43_48
45
67
36_36_42_42_52_53_69_76_77_79_81
36_42
69
67
42
38_42_42
36
36_42_42
36
38
36_36_42_42
36
36_42_42_48
52
48_52
36_51
48
67
51
38_42_42_52
38_48
52
36
36_42_42_51
48
36
67
52
51
48
64
48
64
67
43
36
36_36_42_42_48_52_72_72_76_76_79_79
36
36
36
52
36_36_42_51_52
48
51
52
36
42
38_42_42
36
48
52
48_48
48_52
36_36_42_42_48
38
36_42_42
36
36
60
36
48
36
36_36_42_42
60
36
38_42_42
38
36
48
72
76
36_42_42_46
52
48
48
72
76
36
72_76
67
36
48
64
60
72
48
76
48_52
36_36_42_42_46_52_60
72
36_48_64
67
76
72
71
76
74
36_42
71
74
71
74
42
71
74
71
74
38_42_42
36
74
71
69
72
43
36
36_42_42_69
72
69
72
38
69
36
72
69
72
36_36_42_42
36
69
72
71
67
36_42_42_48
52
36_51
52
48
48
51
38_42_42_52
36
38_48
52
48
48
48
52
36_42_42_51
71
67
48
64
43
60
52
48
52
51
67
60
53
65
48_53
69
43
36_41_41_42_42_53_72_72_76_77_79_81
48
43
36_52
41
36_42_53
53
42_52
53
38_42_42
42_42_48_50
52
38
36_42_42
36
50
53
36_42_42_48
48
36
53
53
48
69
38_42_42_53
53_69
48
69
69
38
69
69
69
65
53
42_42_45
48
69
48
69
72
60_72
72
53
41
43
45_53
60
48_52
36_36_42_42_48_52_72_72_76_77_79_81
69
67_72
64
36_42
69
42
67
38_42_42
36
36_42_42
36
38
36_36_42_42
36
36_42_42_48
52
36_51
48
48
51
38_42_42_52
48
38_48
52
36
67
36_42_42_51
48
36
52
51
48_48
43
36
36_36_42_42_48_48_52
48
36
60
52_64
67
48
48_67
52_64
36
42_42_48_51_52
36_48
43
60
51
52
48
48
48
38_42_42
38
52
48_52
36_42_42_48_48
60
36
43
36_42_42
36
36
36
60
36_38_42_42_46
36
64
48
38_42
48
36
38
36
38_48_64
50_65
48
48
52
38_38_46
67
60
64
48
38
40
48_67
36_38_41_42
65
50
52
36_41_42
48_48
67
40_72
52
53
36_41_41_41_42_49_49_60_65_65_69_69_72_72_76_77_79_81
48
41
72
72
36_42
72
72
53
42
48
60
69
65
53
48
38_42_42_60_65_69
41
72
41
41_41_42_42
72
53
48
69
60
69
38_65
72_74
65
53
50
36_38_42_42_50_62_62_65_65_69_72_74_77_77_81_81
41
41
74
36
72
36_42_42
72
71
36
62_69
50
53
65
38_42_42_53_62_65_69
50
38_38
71
53
50_69
50
38_42_42_50
69
65
62
65
69
62
49
69
36_42_42_43_43_50_62_67_67_71_71_74_74_77_79_81_83
55
50
38
69
67
36_42
67
67
42
50
55
62
71
67
55
38_42_42_50_62_67_71
67
67
43
43
67
69
42_42_43_43
67
71
38
62
71
55
50_67
55
50
36_42_42_47_62_67_69_71_72
43
36
43
47
36_42_42_43_50
69
72
36_50_67_71
62_67
55_71
49_50
69
38_42_42_45_47_50_55_62_66_71
43
38_47
67
45_71
42_42_43_55_62_65
47_50
71
66
62
65
62
48
53
72
36_41_41_42_42_60_65_65_69_69_72_74_77_79_81_83
47
43
72
72
36_42
53
48
72
69
42
72
60
65
53
48
38_42_42_60_65_69
72
41
72
41
41_41_42_42
48
53
72
60
69
38
65
74
65
69
53
50
48
41
36_38_42_42_50_62_62_65_65_69_72_74_77_77_81_81
41
74
48
36
72
36_42_42
72
50
53
36
69_71
62
65
53
38_42_42_50_62_65_69
38
71
38_69
53
50
69
38_42_42_50
69
50
69
65
65
62
62
69
38
69
50
55
50
31_36_42_42_43_62_67_67_71_71_74_74_77_79_81_81_83
69
67
36_42
67
67
55
50
42
62
71
67
55
50
38_42_42_62_67_67_71_81
67
31
43
67
69
31_42_42_43
38
31_50_55_62
71
43
67
55
50
31_36_42_42_43_62_67_71
36
36_42_42
36
55
50
71
62
55
50_67
38_40_42_42_62_67_71
31
38
43
40_42_42_43_43
71
71
62
43_50_67
55
67
43
31_36_38_42_43_46_55_55_59_62_71
62
50_67
67
62
71
62
38
38
43
43
38_38
62
55_59
38
38
36
50
55_59_67
55_62
71
62
38
71
67
55
50
71
67
36_38_67_71
62
36
43
43
38_50
62
55_55
59
31
43
55
50
59
31_55
36_45_62
45
55
50
36
69
71
55
50
45
31
45_62_69
71
67_71
67_71
67
31_36_45_67_71_71
67_69
62
45
31
45
67
50_71
45_55
62
71
67
36
31_43
55
62_71
43_50
43
36_43
62
46
43
50
55
43_55
59_71
55
36
50
41
64_72
43_62
59
55
31_41
72
43
55_59
38
41_49
43
55_59_67
64
74
50
55
38
38
55
41
50
43
55
59
74
50_55
67
67
38
36_41_42_49_53_57_60_65_69_72_74_77_79_81_83
41
81
53_77
48
57
53
53_57
36
48_53
57
41_53
41_42_53_57
42
53
48
57
53
41
41_53_57
53
48
60
57
53_69
65
42
81
38_42_53_57_60_65_69
77
53_72
36_48_49_72
41
57
53
53_57
41
53
57_72
38
72
77
41_41_42_53_57
60_69
72_81
48_65
36
53
53
42_57
53_57
53
57
81
77
72
36_42_43_55_59_62_67_71_72_74_77_79_81_83
43_79
41_42_71_83
41
36
59
55
53
71
53
71
55_59
55_59
71
42
43
36_42_55_59_71
43
55
59
43
36
55_59
49
62
71
43
67
59
55
71
42
79
72_74
38_42_55_59_62_67_71_83
38
43
43
59
55
55_59
38
55
59
72
74_79
74
38
42_43_55_59
71_83
42_67
43_62
55
59
74
76
55_59
79
55
59
83
48
52
36
42
36_42_48_55_60_60_64_67_72_74_76_76_79_79_79_83
43
43
60
55
36
55_60
55
60
36_76
72
42_55_60
42
36
52
48
55
60
72
72
67
55_60
60
64
55
60
42
31
52
38_42_48_55_60_60_64_67
36
72
79
76
55
72
60
48_55_60
72
55_60
72
52
74
31_36
42_48_55_60_72
76_79
67
48
38_60_64
60
42
55
55_60
55
60
42
76
79
48
45
45
36_42_45_57_57_60_60_64_72_72_76_76_79_81
81
76
48
57
36_60
36
57_60
60
57
36_42_45_57_60
42
60
57
36
45
48
64
57_60
57
45
60
60
57
42
76
72
38_42_45_48_57_57_60_60_64_81
40
45
57_60
45
57_60
57
60
38
72
40
42_45_57_60_81
76
42_45_48
57
40
60
64
57
74
60
76
57_60
45
76
81
57
74
60
76
72
42_74
40
53
41
48
36_41_42_53_57_60_65_69_72_72_76_77_81_81
41
77_81
53
57
53_57
36
53
57
42_53_57
42
41
41_53_57
48
53
60
69
53_57
65
41
53
57
72
42_53
38_42_48_53_57_60_65_69
81
77
36_72
41_41
53
57
69
53_57
48_53
53
57
69
72
72
77_81
36
41_42_53_57
53
41_48
65
42_60
69
53_57
69
53
48
72
53_57
38
53
57
69
77
74_81
41
76_81
42_48
36_42_45_45_57_60_60_64_69_72_72_76_77_81_81
41
45
60
36
57
57_60
74
60
57
72
36_42_57_60
42
60
57
36
45
72
60
45
48
57_60
69_72
64
45
60
57
72
38_42_48_57_60_60_64_69
42_45_81
76
40
45
60
57
45
72
69
45
57_60
48
60
57
69
48
38_45
81
42_45_57_60_76
72
72
45_69
40_42
64
60
57_60
45
48
57_60
45_60_76
57
81
53
36_42_42_50_50_57_62_62_65_69_69_72_72_74_76_77_81_81
38_72_77_81
45
36_57
62
57_62
57
62
42_57_62
42
38
62
57
62
38
57_62
72
69
65
50
62
57
53
38_42_57_62_62_65_69_72
74
33_38
42
53
50
77_81
62
57
50
57_62
50
62
57
53
42_50_57_62
53_62
33_38_72
50
81
42_65_77
69_74
57
62
38
50
57_62
53
50
57_62
77_81
69
38
53
72
36_42_48_48_57_60_62_65_69_72_72_74
60_77
81
36
42
36
57
57_60
57
60
36_42_57_60
42
60
36_57_62
36
72
69
53
48_65
36
57_60_81
77
57
60
53
48
38_42_57_60_62_65_69_72
81
77
33
72
36
57
60
42
53
48_57_60
48
57
60
38
62
48_53
42_48_57_60_65
69_77
72_81
36
42_72
33
57
60
53
48
57_60
72
48_57
60
36
35
36_42_43_55_59_62_67_71_72_74_77_77_81_83
55
42
43_50
79_83
55
59
36
55_59
55
59
71
42_55_59
42_55
43
59
62
71
55_59
67
55_71
43
50
55
59
42
38_42_55_59_62_67_71
71_74
38_55
50
79
83
43_59
55
55_59
43
50_71
35
55_55_59
38
71
42_43_55_59
43_55
50
83
79
74
38
42
55
59
71
55_59_71
62
71
55
67
50_55
42_79
59
43
43
83
36_41_42_53_59_62_67_71
41_50
53
83
77
36
53
59
53_59
59_71
53
71
36_42_53_59
42_59
36
53
41
50
53
62
71
53_59_67
41
71
53_59
42
74
50_72_77
38_38_42_53_53_59_62_67_71
83
53
59
41
50
53_53_59
38
41_53
59
72
53
50_74
74_83
77
41
41_42_53_59
38
42_74
59
53
62
67
53_71
50
53_59
76
42
53
59
77
83
41
41
36_42_45_57_60_60_64_69_72_74_76_77_81_81_83
76
45
45
43_47_48
60
57
36
76_76
47
48_81
43
45
57_59_60
76
59
57
60
81
76
76
42_57_60_72
57
60
42
42_76
81
69
60
57_60
64
57
60
72
40_45
72
38_42_57_60_60_64_69_76_81
57
60
76
81
57_60
57
45_60
72
76_81
40_42_45_57_60_81
38_45
42
57
60
81
76
42
57_60
69
57_60
60
64
45
79
36_42_43_55_60_60_64_69_76
55
36_60
76
79
55_60
55
60
79
36_42_55_60_76
45
42_60
55
36_76
79
42
69
60
55_60
64
60
55
76_79
38_42_55_60_60_64_69
43_60
76
55_79
43
38
55_60
60
55
79
42_43_55_60_76
42
60
64_69
55_60
76_79
42
42_55_60
42
55
60
43
36_42_42_60_64_69_72_76_81_81
76_78
42
43
57
69
36_42_42_42_60
57
72
69
76
78
72
60
64_76
42_42_42_42
74_76
62
64
69
81
69
69
81
69
81
69
69
81
69
81
69
69
81
69
69
81
69
69_81
81
69
69
81
69
69
81
69
69_81
81
69
69
81
69
69_81
69
69_81
81
69
42_42_42_69
72_74
81
69
60
81
62
81
81
81
69
64
60
42
42
72
53
77
36_41_42_42_44_49_51_60_65_69
44
60
81
60
69
65
37
77
36_42_49_60_65_69
37
77
77
77
72
51_77
81
60
69
65
77
41_79
53
72
77
36_44_51_60_63_68
68_72
44
79
77
77
68
60_75
63
72
68
37
36_36_60_63_68
67
70
37_75
72
72
51
75
60
63
68
67
44
70
44
75
36_36_48_51_60_60_64_64_67_72
36
51_60_64_67
36_37_47_51_60_64_67
59
48
47
46
58
59
48_60_64_67
46
58
57
45
51
60_69
66
64
72
36
36_37_42_48_51_54_57_61
42_45_57
42
54
51_54_57_61
36_37_51_54_57_61
42
56
54
42
42_54_57_61
51
66
65
41
36_37_41_42_42_51_53_57_60
56
51_53_57_60
36_37_41_51_53_57_60
77
41_53_57_60
77
77
51
65
69
77
71
72
68
79
32_36_37_41_44_51_56_60_63
41
71
79
82
63
51_56_60
36_37_44_51_56_60_63
82
77
77
44_56_60_63
77
44_51
77
72
68_75
60_64
36_37_48_51_60_64_67
36
32
75
72
51_60_64_67
47
36_37_51_60_64_67
59
48
47
46
58
59
48_60_64_67
46
58
45
57
51
60_64_66
69
36_72
45
36_37_42_42_48_51_54_54_57_57_61
42
51_54_57_61
42
36_37_51_54_57_61
56
54
42
42_54_57_61
51
66
69
65
69
56
36_37_41_42_51_53_57_60
42
41
53_60
51_57
36_37_41_51_53_57_60
41_53_57_60
77
77
51
77
37
77
68_69
72
79
65
41_41_43_44_45_51_56_60_63
32
41
45
79
82
51
43
41
82
77
77
77
77
79
56_60_63
68
72
77
79
75
77
72
75
24
36_44_48_60
32
55
43
48
36
55
64_67
43
36
48_75
55
48_72
36
36_43
36
43
48
43
36
48
48
36
43
43_48
36
36
36_48_67
43
60
48
67_75
55_72
43
36
64
36
79
43
55
43_67
36
48
48
82
36_79
60
43
43
36
84
60_67
82
36
43_67
50
64
52
43_60
36
52
67
36
70
55
43
55
43
36
48
84
72
36
50
48
43
76
55
43_72
36
55_70
36
48
43
48
43_79
36
76
36_72
43
48
72
48
43
36
63
55
36_72
43
76_79
55
48
36
43
48
72
36
55
43_79
43
36_76
55
65
72
48
36_63
79
48
43
72
36
43_55
60
55
36
43
48
36
43_48
60
64
55
36
43
55_58
65
36_67
43
48
64
48
36
55
43
36
55
43
64
48
58
67
48
36
60
43
55
64
43
48
36
36
55
48
48
43
48
48_60_64_67
43
43
36_53
43
48
48
52_55
43_60
43
43
55
43
43_52_55
43_51
43
53
43
48
43
43
58
36
59
43_55
43
48
43
58
59
43_52_55
43
43
36
36
52
43
43
43_48
43
43
51
43
43
36
48
43
43
55
43
36
43
43
40
43
36
43_43
55
40
36
48
41
43
41
41
40
41
41
43
43
43
41
41
41
41
41
41
55
41
41
41
41
41
41
41
41
41
41
64
60
41
41
48
41
72
36
47
45
47
41
36
64
60
45
40
43
36
48_55
41
43
24
