36_44_57_61
44
33_44_57_61_64_75
44
61
64
57
75
36_38_39_44_76
33
44
36
76
36_38_44_57_61_64_77
36
57
64
61
44
36
77
36_40_44
38
44
43_44_57_61_64_75
40
38_39
57_61
64
44
75
36
38_39_40_44_76
43
40
38
44
76
57
36_44_57_61_64_77
38
61
64
57
61
44
77
36_38_44_55_59
36
44
36_44_55_59_64_75
38
75
38_39
55
64
59
44
33_38_39_44
36
76
44
36
33
76
33_36_44_55_59_64
77
59
64
55
44
36
77
36_44
44
75
44_55_59_61_64
38_39
62
61
59
64
55
44
75
62
67
36
38_39_44_71
76
67
44
76
44_55_59_64_67
77
55
59
64
38_39
44
77
71
67
55
36_44_57_61
59
33
44
33_44_57_61_64_75
64
61
57
44
75
36_38_39_44_76
33
36
44
76
36_38_44_57_61_64_77
36
61_64
57
44
36
77
36_40_44
38
44
43_44_57_61_64_75
40
38_39
61
64
57
44
75
36
38_39_40_44_76
43
38
44
76
40
36_44_57_61_64_77
44
38
64
57
61
77
36_38_44_55_59
36
57
61
44
36_44_55_59_64_75
38
75
38_39
55_59
44
64
33_38_39_44
76
36
44
36
33
76
36_44_45_55_59_64
77
64
55
59
44
36
77
36_44
44
75
46_55_59_61_64
38_39
62
61
59
64
55
75
62
67
36
46
38_39_44_63_64_71_76
76
63_67
44
76
76
46_55_59_64_67_77
77
55_64
71
59
60_61
38_39
64
77
67
77
46
55
59
36_44_57_61
60
45
44
33_44_57_57_61_64_75
61
64
61
44
57
75
36_38_39_44_76
33
44
36
76
36_38_44_57_61_64_77
36
61
64
57
44
36
77
36_40_44
38
44
43_44_57_61_64_75
57
40
57
64
38_39
61
44_75
36
38_39_40_44_76
43
38
44
40
76
36_44_57_61_64_77
38
64
57
61
44
77
36_38_44_55_59
36
57
61
44
38
36_44_55_59_64_75
55
64
59
75
38_39
44
33_36_38_39_44
76
44
36
76
33
33_36_44_55_59_64
77
64
55
59
44
36
77
36_44_68
44
68
75
44_55_59_61_64_68
38_39
62
61
64
59
44
55
75
68
62
67
36
38_39_44_56_71_76
76
67
44
56
76
76
44_55_56_59_64_67_77
77
64
55
59
38_39
44
77
77
67
71
36_44_56_57_61
59
55
33
44
33_44_57_61_64_75
44
57_64
61
75
36_38_39_44_76
33
44
36
76
36_38_44_57_61_64_77
36
64
61
57
44
36
77
36_40_44
38
44
43_44_57_61_64_75
40
64
38_39
57
61
44
75
36
38_39_40_44_76
43
38
44
40
76
36_44_57_61_64_77
38
64
57_61
44
77
57
36_38_44_55_59
61
36
44
38
36_44_55_59_64_75
64
75
38_39
59
55
44
33_38_39_44
76
36
44
36
33
76
36_44_45_55_59_64
77
64
44
59
55
36
77
36_44
44
75
46_55_59_60_61_61_64
38_39
62
64
61
60
55_59
75
62
67
36
46
33_38_39_44_71_76
76
45
67
57
44
76
76
57
61
33
35_46_55_59_64_67_77
77
59
64
55
38_39
77
46
67
77
35
71
36_36_44_60_60_60_64_67
44
55_59
60
64
67
44_60_64_67
60
64
67
44
38_39_44
44
36
36_44_60_64_67
64
67
60
44
36
36_44_60_64_67
67
60
64
44
60
38_44_60_62_64_67
38_39
67
60
64
44
36
36
38_39_40_44
38
44
44_60_64_67
64_67
60
44
35_36_44_59_59_62_64_69
60
40
62
69
59
62
44
44_59_62_69
44
62
69
59
38_39
38_39_44
44
36
36_44_59_62_69
69
62
59
44
36
36_44_59_62_69
59
69
62
44
64
35
37_44_59_62_62_69
38_39
62
69
44
59
36
38_38_39_44
37
44
44_59_62_69
69
62
59
38_39
44
33_36_44_57_57_61_61_61_64
38
59
64
57_62
61
44
44_57_61_64
57
61
64
44
38_39_44_69
44
36
36_44_57_61_64
57_61
64
44
36
69
36_44_69
44
44_57_61_64
64
38_39
61
57
44
36
69
38_39_44_67
44
67
44_45_57_61_64_64_64_64
64
64
57
64
61
44
36_44
45
61
64
44
44_57_61_64_68
68
68
64
61
57
38_39
44
68
68
68
38_39_44_68_69
68
44
36
36_44_57_61_64_68
57
64
61
68
44
36
69
36_44_56_69
56
44
45_46_56_57_61_64
38_39
61
57
56
64
33
36
46
33_38_39_44_67_68
69
45
68
44
67
33
35_46_56_57_61_64_64
57
64
61
38_39
56
46
57
35_36_36_44_60_60_64_64_67_72
64
61
60
64_67
44
44_60_64_67
64
60_67
44
38_39_44
44
36
36_44_60_62_64_67_71
64
72
60
64
67
44
36
36_36_44
44
38_44_60_64_67
60
38_39
64
67
44
36
38_39_40_44_60_69
71
62
38
44
44_60_64_67
67
60_64
44
35_36_44_59_59_62_62_69_71
40
60
69
60
62_69
59
44
44_59_62_69
62
59_69
38_39
44
38_39_44
44
36
36_44_59_59_62_69_69
62
71
59
69
62
44
36
36_44_59_62_69
62
69
59
44
35
37_44_59_62_69
38_39
69
59
62
44
36
38_38_39_44_55_67
69
37
59
44
44_59_62_69
69
62
59
38_39
44
38_55
33_36_44_57_57_57_61_61_64_69_69
67
59
64
57
61
69
44
44_57_61_64_69
57
61
64
44
69
38_39_44_67
44
36
67
36_44_57_61_64_64
64
61
57
64
44
36
36_44_61
44
44_57_61_64
61
38_39
61
57
64
44
36
38_39_44_61
44
44_45_57_61_64
61
61
64
57
44
36_44_57
57
69
57
45
44
44_57_61_64
61
64
57
38_39
44
38_39_44
44
36
36_44_57_61_64_68
57_64
61
68
44
36
36_44_68
44
68
46_56_57_61_64
38_39
64
57
61
68
56
36
38_39_44_56
68
46
44
56
46_57_61_64
64
61
57
38_39
33
33
33
57
46
36_44_57_61
61
44
33_44_57_61_64_75
44
61
64
57
75
61
36_38_39_44_76
33
44
36
76
62
36_38_44_57_61_64_77
61
36
57
64
61
44
36
77
62
61
36_40_44_54
38
44
59
61
43_44_57_61_64_75
40
38_39
57_61
64
44
75
36
57
59
38_39_40_44_76
54
43
40
38
44
76
57
57
36_44_57_61_64_77
38
62
64
57
61
59
44
77
59
57
61
36_38_44_55_59
61
62
36
44
61
57
61
57
36_44_55_59_64_75
38
75
38_39
55
64
59
44
33_38_39_44
36
76
44
36
33
76
33_36_44_55_59_64
77
59
64
55
44
36
77
36_44_54
44
61
75
44_55_59_61_64
57
38_39
62
61
59
64
55
44
75
62
67
36
38_39_44_71
76
54
67
44
76
44_55_59_64_67
77
55
59
64
38_39
44
77
71
67
55
36_44_57_61
59
33
44
33_44_57_61_64_75
64
61
57
44
75
57
36_38_39_44_76
33
36
44
57
76
57
36_38_44_57_61_64_77
36
61_64
57
44
36
77
57
61
36_40_44_54
38
44
61
62
43_44_57_61_64_75
40
38_39
61
64
57
44
75
64
36
62
38_39_40_44_76
54
43
64
38
44
76
40
69
36_44_57_61_64_77
44
38
64
57
61
77
36_38_44_55_59
36
57
61
44
36_44_55_59_64_75
38
75
38_39
55_59
44
64
33_38_39_44
76
36
44
36
33
76
36_44_45_55_59_64
77
64
55
59
44
36
77
69
36_44_54
44
75
46_55_59_61_64
38_39
62
61
59
64
55
75
62
67
36
46
38_39_44_71_76
76
54
67
44
76
76
46_55_59_64_67_77
77
55_64
71
59
38_39
77
67
77
46
55
59
36_44_57_61
45
44
33_44_57_61_64_75
64
61
44
57
75
61
36_38_39_44_76
33
44
36
76
62
36_38_44_57_61_64_77
61
36
61
64
57
44
36
61
77
62
36_40_44_54
38
44
59
61
43_44_57_61_64_75
40
57
64
38_39
61
44_75
57
36
59
38_39_40_44_76
54
43
38
44
40
76
57
62
59
36_44_57_61_64_77
38
64
57
61
44
77
36_38_44_55_59
36
57
61
44
59
57
61
62
38
36_44_55_59_64_75
55
64
59
61
75
38_39
44
57
57
61
33_36_38_39_44
76
44
36
76
33
33_36_44_55_59_64
77
64
55
59
44
36
77
36_44_54
44
75
44_55_59_61_64
38_39
62
61
64
59
44
55
75
62
67
36
38_39_44_71_76
61
76
54
67
57
44
76
76
44_55_59_64_67_77
77
64
55
59
38_39
44
77
77
67
71
36_44_57_61
59
55
33
44
33_44_57_61_64_75
44
57_64
61
75
57
36_38_39_44_76
33
44
57
36
76
57
36_38_44_57_61_64_77
36
64
61
57
44
36
57
77
61
36_40_44_54
38
44
62
61
43_44_57_61_64_75
40
64
38_39
57
61
44
75
64
36
38_39_40_44_76
62
54
43
64
38
44
40
76
69
36_44_57_61_64_77
38
64
71
57_61
44
69
77
69
71
57
36_38_44_55_59
61
36
44
38
36_44_55_59_64_75
67
64
75
38_39
67_67_67
59
55
44
67_67_67
67
33_38_39_44_67
76
36
44
36
33
76
36_44_45_55_59_64_67
77
64
44
59
55
36
77
36_44_54
69
44
57
75
46_55_59_61_64
38_39
62
64
61
55_59
75
62
67
36
57
59
46
33_38_39_44_71_76
76
45
67
54
44
76
76
33
35_46_55_59_64_67_77
77
59
64
55
38_39
77
46
67
77
59
35
71
36_36_44_60_60_64_67
44
55_59
60
64
60
64
67
64
64
44_60_64_67
60
64
67
44
38_39_44
44
36
36_44_60_64_67
64
67
60
44
64
36
64
60
36_44_60_64_67
67
60
64
44
62
38_44_60_64_67
64
38_39
67
60
64
44
36
36
38_39_40_44
38
44
44_60_64_67
64_67
60
44
62
62
35_36_44_59_59_62_69
60
40
69
59
62
44
44_59_62_69
44
62
69
59
38_39
38_39_44
44
36
36_44_59_62_69
69
62
59
44
36
36_44_59_62_69
59
69
62
44
57
35
37_44_59_62_69
62
38_39
62
69
44
59
36
55
57
38_38_39_44
37
44
55
57
61
44_59_62_69
69
62
59
38_39
44
33_36_44_57_57_61_61_64
38
59
64
57
61
44
44_57_61_64
57
61
64
44
38_39_44_69_73
44
36
36_44_57_61_64
57_61
64
44
36
69
36_44_69_73_73
44
44_57_61_64
64
38_39
61
57
44
36
69
38_39_44_67_71_73
44
44_45_57_61_64_64_64_64_67_67_67
64
64
57
64
61
44
61
36_44_67_67_67_71
57
45
64
44
44_55_57_61_64_67
64
61
57
38_39
44
38_39_44_55_55_69_73
44
36
36_43_44_55_57_61_64
57
64
61
44
36
69
57
36_43_43_44_69_73_73
44
57
59
43_45_46_57_61_64
38_39
61
57
64
33
36
46
33_38_39_44_67_71_73
69
45
44
33
35_46_57_61_64_64_67_67
57
64
61
38_39
46
59
60
57
35_36_36_44_60_60_64_67_67_71
64
61
53
64
53
60
64_67
44
44_60_64_67
64
60_67
44
38_39_44
44
36
36_44_60_64_67
60
64
67
44
64
36
64
60
36_36_44
44
62
38_44_60_64_67
64
60
38_39
64
67
44
36
38_39_40_44
38
44
44_60_64_67
67
60_64
44
62
62
35_36_44_59_59_62_69
40
60
62_69
59
44
44_59_62_69
62
59_69
38_39
44
38_39_44
44
36
36_44_59_62_69
59
69
62
44
36
36_44_59_62_69
62
69
59
62
44
57
35
37_44_59_62_69
61
38_39
69
59
62
44
36
55
64
57
38_38_39_44
37
61
64
55
44
61
57
44_59_62_69
69
62
59
38_39
44
38
33_36_44_57_57_61_61_64
59
64
57
61
44
44_57_61_64
57
61
64
44
38_39_44_69_73
44
36
36_44_57_61_64
64
61
57
44
36
69
36_44_69_73_73
44
44_57_61_64
38_39
61
57
64
44
36
69
38_39_44_67_71_73
44
44_45_57_61_64_64_64_64_67_67_67
64
64
61
64
57
67_67
44
36_44_55_64_67_67_71
61
57
45
44
44_57_61_64
61
64
57
38_39
44
38_39_44_55_69_73
44
36
36_44_57_61_64
57_64
61
44
36
31_36_44_67_69_71_73
44
31_31_46_57_61_64_64_67_67_71
38_39
64
57
61
36
31_31_38_39_44_61_64_64_67
46
44
31_33_46_57_61_61_61_64_64_64
64
61
57
38_39
33
46
33_36_44_57_57_57_61_61_61_61_61_64
61
44
33_44_57_61_64_75
44
61
64
57
75
61
36_38_39_44_57_61_76
33
44
36
76
62
36_38_44_57_61_64_77
61
36
57
64
61
44
62
36
77
61
36_40_44_54
38
44
59
43_44_57_61_64_75
61
40
38_39
57_61
64
44
75
36
57
59
38_39_40_44_76
54
43
40
38
44
57
76
57
59
36_44_57_61_64_77
62
38
64
57
61
44
77
59
57
62
61
36_38_44_55_59
61
36
61
44
57
61
57
36_44_55_59_64_75
38
75
38_39
55
64
59
44
33_38_39_44
36
76
44
36
33
76
33_36_44_55_59_64
77
59
64
55
44
36
77
36_44_54
61
57
44
75
44_55_59_61_64
38_39
62
61
59
64
55
44
75
62
67
36
38_39_44_71
76
54
67
44
76
44_55_59_64_67
77
55
59
64
38_39
44
77
71
67
55
36_44_57_61
59
33
44
33_44_57_61_64_75
57
64
61
57
44
75
57
57
36_38_39_44_76
33
36
44
57
76
57
36_38_44_57_61_64_77
36
61_64
57
44
36
57
77
36_40_44_54
61
38
44
62
43_44_57_61_64_75
61
40
38_39
61
64
57
44
75
64
36
62
38_39_40_44_76
54
43
38
44
76
40_64
69
36_44_57_61_64_77
44
38
64
57
61
77
36_38_44_55_59
36
57
61
44
36_44_55_59_64_75
38
75
38_39
55_59
44
64
33_38_39_44
76
36
44
36
33
76
36_44_45_55_59_64
77
64
55
59
44
36
77
36_44_54
69
44
75
46_55_59_61_64
38_39
62
61
59
64
55
75
62
67
36
46
38_39_44_71_76
76
54
67
44
76
76
46_55_59_64_67_77
77
55_64
71
59
38_39
77
67
77
46
55
59
36_44_57_61
45
44
33_44_57_61_64_75
64
61
44
57
75
36_38_39_44_61_76
33
44
36
76
62
36_38_44_57_61_64_77
61
36
61
64
57
44
36
77
62
61
36_40_44_54
38
44
59
43_44_57_61_64_75
61
40
57
64
38_39
61
44_75
36
57
59
38_39_40_44_76
54
43
38
44
40
76
57
59
62
36_44_57_61_64_77
38
64
57
61
44
77
36_38_44_55_59
36
57
61
44
57
61
59
62
38
36_44_55_59_64_75
55
61
64
59
75
38_39
44
57
57
61
33_36_38_39_44
76
44
36
76
33
33_36_44_55_59_64
77
64
55
59
44
36
77
36_44_54
44
75
44_55_59_61_64
38_39
62
61
64
59
44
55_61
75
57
62
67
36
38_39_44_71_76
76
54
67
44
76
76
44_55_59_64_67_77
77
64
55
59
38_39
44
77
77
67
71
36_44_57_61
59
55
33
44
57
33_44_57_61_64_75
44
57_64
61
75
57
36_38_39_44_76
57
33
44
36
57
76
57
36_38_44_57_61_64_77
36
64
61
57
44
57
36
77
61
36_40_44_54
38
44
62
43_44_57_61_64_75
61
40
64
38_39
57
61
44
75
36
64
38_39_40_44_76
62
54
43
38
44
40
76
64
69
36_44_57_61_64_67_77
38
64
71
57_61
44
69
77
69
57
36_38_44_55_59_67
71
61
36
44
38
36_44_55_55_59_64_75
64
75
38_39
59
55
44
33_38_39_44_55
76
36
44
36
33
76
36_43_44_45_55_59_64
77
64
44
59
55
36
77
69
36_43_44_54
44
57
75
46_55_59_61_64
38_39
62
64
61
55_59
75
62
67
36
57
59
46
33_38_39_44_71_76
76
45
67
54
44
76
76
33
35_46_55_59_64_67_77
77
59
64
55
38_39
77
46
67
77
35
71
36_36_44_60_60_64_67
44
55_59_59
60
64
60
64
67
44_60_64_67
60
64
67
44
38_39_44
44
36
36_44_60_64_67
64
67
60
44
64
36
64
36_44_60_64_67
60
67
60
64
44
62
38_44_60_64_67
64
38_39
67
60
64
44
36
36
38_39_40_44
38
44
44_60_64_67
64_67
60
44
62
35_36_44_59_59_62_69
62
60
40
69
59
62
44
44_59_62_69
44
62
69
59
38_39
38_39_44
44
36
36_44_59_62_69
69
62
59
44
36
36_44_59_62_69
59
69
62
62
44
57
35
37_44_59_62_69
38_39
62
69
44
59
36
55
57
38_38_39_44
37
44
55
57
44_59_62_69
61
69
62
59
38_39
44
33_36_44_57_57_61_61_64
38
59
64
57
61
44
44_57_61_64_67
57
61
64
44
38_39_44_67_69_73
44
36
36_44_55_57_61_64
57_61
64
44
36
69
36_44_55_55_69_73_73
61
44
57
44_57_61_64
64
38_39
61
57
44
36
69
38_39_44_55_67_71_73
44
44_45_57_61_64_64_64_64_67_67
64
64
57
64
61
44
36_44_67_71
45
64
44
44_57_61_64_67
64
61
57
38_39
44
38_39_44_67_69_73
44
36
36_44_55_57_61_64
57
64
61
44
36
36_44_55
57
44
57
45_46_57_61_64
59
38_39
61
57
64
33
36
46
33_38_39_44_67_69_71_73
45
44
33
35_46_57_61_64_64_67_67
57
64
61
38_39
59
46
60
57
35_36_36_44_60_60_64_67_67_71
64
61
60
64_67
44
44_60_64_67
64
60_67
44
38_39_44
44
36
36_44_60_64_67
60
64
67
44
36
64
64
64
36_36_44
60
44
62
38_44_60_64_67
64
60
38_39
64
67
44
36
38_39_40_44
38
44
44_60_64_67
67
60_64
44
62
62
35_36_44_59_59_62_69
40
60
62_69
59
44
44_59_62_69
62
59_69
38_39
44
38_39_44
44
36
36_44_59_62_69
59
69
62
44
36
36_44_59_62_69
62
69
59
44
62
35
37_44_59_62_69
57
61
38_39
69
59
62
44
61
36
57
64
55
38_38_39_44
37
64
55
44
57
60
44_59_62_69
69
62
59
38_39
44
61
38
33_36_44_57_57_61_61_64
59
60
64
57
61
44
44_57_61_64
57
61
64
44
38_39_44_69_73
44
36
36_44_57_61_64
64
61
57
44
36
69
36_44_69_73_73
44
44_57_61_64
38_39
61
57
64
44
36
69
38_39_44_67_71_73
44
44_45_55_57_61_64_64_64_64_67_67
64
64
61
64
57
55_55
44
36_44_55_55_64_67_71
45
44
61
57
44_57_61_64_69_73
61
64
57
38_39
44
38_39_44_55_67_69_71_73
44
36
36_44_57_61_64_64_67_67_71
57_64
61
44
36
31_36_44_61_64_64_67
44
31_31_46_57_61_64
38_39
64
57
61
36
31_31_38_39_44_61_61_64_64
46
44
31_33_46_57_61_64
64
61
57
38_39
33
46
33_36_44_57_57_57_61_61_61_61_61_64
61
44
44_57_61_64_75
44
61
64
57
75
38_39_44_57_61_76
61
44
36
76
62
36_44_57_61_64_77
57
64
61
44
36
61_62
77
61
36_44_54
44
59
61
44_57_61_64_75
38_39
57_61
64
44
75
36
57
59
38_39_44_76
54
44
76
57
62
59
57
44_57_61_64_77
64
57
61
44
77
62
57
59
61
36_44_55_59
61
44
61
57
61
57
44_55_59_64_75
75
38_39
55
64
59
44
38_39_44
76
44
36
76
36_44_55_59_64
77
59
64
55
44
36
77
31_36_44_54
44
61
75
31_31_44_55_59_61_64
57
38_39
62
61
59
64
55
44
75
62
67
36
31_31_38_39_44_71
76
54
67
31_33
44
76
44_55_59_64_67
77
55
59
64
33
38_39
44
77
71
67
55
36_44_57_61
59
44
44_57_61_64_75
64
61
57
44
75
38_39_44_76
61
57
36
44
61
57
76
61
57
36_44_57_61_64_77
61_64
57
57
61
44
36
77
61
64
36_44_54
44
62
66
61
44_57_61_64_75
64
38_39
61
64
57
44
75
36
64
62
69
38_39_44_76
66
54
69
64
44
76
73
69
67
44_57_61_64_77
44
67
64
57
61
77
36_44_55_59
57
61
44
44_55_59_64_75
75
38_39
55_59
44
64
38_39_44
76
44
36
76
36_44_55_59_64
77
64
55
59
44
73
36
77
31_36_44_54
69
44
75
31_31_46_55_59_61_64
38_39
62
61
59
64
55
75
62
67
36
46
31_31_38_39_44_71_76
76
54
67
31_33
44
76
76
46_55_59_64_67_77
77
55_64
71
59
33
38_39
77
67
77
46
55
59
36_44_45_57_61
44
44_57_61_64_75
64
61
44
57
75
38_39_44_45_76
61
44
36
76
62
36_44_57_61_64_77
61
61
64
57
44
36
62
61
77
36_44_54
44
59
61
44_57_61_64_75
57
64
38_39
61
44_75
57
36
59
38_39_44_76
54
44
57
76
59
62
44_57_61_64_77
64
57
61
44
77
36_44_55_59
57
61
44
57
61
59
62
44_55_59_64_75
61
57
61
57
55
64
59
75
38_39
44
38_39_44
76
44
36
76
36_44_55_59_64
77
64
55
59
44
36
77
31_36_44_54
44
75
31_31_44_55_59_61_64
38_39
62
61
64
59
44
55
75
62
67
36
31_31_38_39_44_71_76
76
54
67
31_33
44
76
76
44_55_59_64_67_77
77
61
57
64
55
59
33
38_39
44
77
77
67
71
36_44_57_61
59
55
44
44_57_61_64_75
57
44
57_64
61
75
57
38_39_44_76
57
44
36
57
76
36_44_57_57_61_64_77
64
61
57
44
57
36
77
36_44_54
64
44
61_66
62
44_57_61_64_75
61
64
64
38_39
57
61
44
75
36
69
64
62
38_39_44_76
66
69
54
64
33
44
76
69
73
33_44_45_57_61_64_77
64
71
57_61
74
69
44
73
77
73
69
57
33_36_44_45_55_59
71_74
61
44
44_55_59_64_75
64
75
38_39
59
55
44
38_39_44
76
44
36
76
36_44_55_55_59_64
77
64
44
59
55
36
77
33_36_44_52_54_55_55
52
44
75
46_55_55_59_61_64
38_39
62
69
73
64
61
55_59
75
62
67
36
46
38_39_44_50_71_76
76
67
54
50
44
76
76
46_55_59_64_67_77
77
59
64
55
38_39
77
46
67
77
71
36_44_45_55_57_59_61_61
61
44
33_44_57_61_64_75
44
61
64
57
75
85
36_38_39_44_45_76_76
33
44
36
76
78
86
76
85
36_38_44_57_61_64_77
36
57
64
61
86
78
44
36
77
85
76
36_40_44_54
38
44
83
85
74
43_44_57_61_64_75
76
40
38_39
57_61
64
44
75
36
73
74
81
83
38_39_40_44_76
54
43
40
73
81
38
44
76
73
81
57
83
36_44_57_61_64_77
73
74
38
81
64
57
61
44
77
73
74
81
36_38_44_55_59
61
83
36
44
81
73
73
81
36_44_55_59_64_75
38
75
38_39
55
64
59
44
33_38_39_44
36
76
44
36
33
76
33_36_44_55_59_64
77
59
64
55
44
36
77
36_44_54
44
75
44_55_59_61_64
38_39
62
61
59
64
55
44
75
62
67
36
38_39_44_71
76
54
67
44
76
44_55_59_64_67
77
81
73
55
59
64
38_39
44
77
71
67
55
36_44_57_61
59
33
44
33_44_57_61_64_75
64
61
57
44
75
73
36_38_39_44_76
81
33
81
36
73
44
76
73
81
36_38_44_57_61_64_77
36
61_64
57
81
73
44
36
77
76
85
36_40_44_54
38
44
78
86
43_44_57_61_64_75
85
76
40
38_39
61
64
57
44
75
36
88
81
78
38_39_40_44_76
86
54
88
43
81
38
44
76
40
93
85
36_44_57_61_64_77
44
38
64
57
61
77
36_38_44_55_59
36
57
61
44
36_44_55_59_64_75
38
75
38_39
55_59
44
64
33_38_39_44
76
36
44
36
33
76
36_44_45_55_59_64_67
77
64
55
59
44
36
77
36_44_54_55_67
44
75
46_55_55_55_59_61_64
38_39
62
61
59
64
55_55
55
75
62
67
36
46
38_39_44_55_55_71_76
76
54
93
85
67
44
76
76
43_46_55_55_59_64_67_77
77
55_64
71
59
38_39
77
67
77
46
55
59
36_43_44_57_61
45
44
33_44_57_61_64_75
64
61
44
57
75
76
85
36_38_39_44_76
33
44
36
76
78
86
76
36_38_44_57_61_64_77
85
36
61
64
57
44
86
78
36
77
76
85
36_40_44_54
38
44
83
74
85
76
43_44_57_61_64_75
40
57
64
38_39
61
74
44_75
36
73
81
83
38_39_40_44_76
54
43
73
81
38
44
40
76
73
81
36_44_57_61_64_77
83
38
74
73
81
64
57
61
44
77
36_38_44_55_59
36
57
73
81
61
74
83
44
81
73
38
36_44_55_59_64_75
73
81
55
64
59
75
38_39
44
33_36_38_39_44
76
44
36
76
33
33_36_44_55_59_64
77
64
55
59
44
36
77
36_44_54_55
44
75
44_55_59_61_64
38_39
62
61
64
59
44
55
75
62
67
36
38_39_44_55_71_76
76
54
67
44
76
76
44_55_59_64_67_77
77
64
55
59
38_39
44
77
73
81
77
67
71
36_44_57_61
59
55
33
44
33_44_57_61_64_75
73
81
44
57_64
61
81
73
75
73
36_38_39_44_76
33
44
81
36_81
73
76
73
81
36_38_44_57_61_64_77
36
64
61
57
44
81
36
73
77
85
76
36_40_44_54
38
44
78
86
85
43_44_57_61_64_75
76
40
64
38_39
57
61
44
75
36
88
81
38_39_40_44_76
78
86
88
54
43
81
38
44
40
76
95
36_44_57_61_64_77_88
38
64
57_61
44
77
57
36_38_44_55_59
61
36
44
88
93
38
88
36_44_55_59_64_75
95
64
93
75
38_39
59
55
44
88
93
33_38_39_44
88
76
36
44
36
33
76
36_44_45_55_59_64
77
64
44
59
55
36
77
36_44_54
44
57
75
46_55_59_61_64
38_39
62
64
61
55_59
75
62
67
36
46
59
57
33_38_39_44_71_76
76
45
67
54
93
44
76
76
33
35_46_55_59_64_67_77
77
59
64
88
55
38_39
77
46
67
77
35
71
36_36_44_55_55_59_59_60_60_64_67
44
55_59
60
59
60
64
67
44_60_64_67
60
64
67
44
38_39_44
44
36
36_44_60_64_67
64
67
60
44
36
64
36_44_60_64_67
60
67
60
64
44
38_44_60_64_67
38_39
67
60
64
44
36
36
38_39_40_44
38
44
44_60_64_67
64_67
60
44
35_36_44_59_59_62_69
62
64
60
40
69
59
62
44
44_59_62_69
44
62
69
59
38_39
38_39_44
44
36
36_44_59_62_69
69
62
59
44
36
36_44_59_62_69
62
59
69
62
44
57
35
37_44_59_62_69
38_39
62
69
44
59
36_55
57
38_38_39_44
37
44
55
57
44_59_62_69
61
69
62
59
38_39
44
33_36_44_57_57_61_61_64
38
59
64
57
61
44
44_57_61_64_67
57
61
64
44
38_39_44_67_69_73
44
36
36_44_55_57_61_64
57_61
64
44
36
69
36_44_55_69_73_73
44
44_57_61_64
64
38_39
61
57
44
36
69
38_39_43_44_67_71_73
44
61
57
43_44_45_57_61_64_64_64_64_67_67_67
64
64
57
64
61
44
36_44_67_67_71
45
64
44
44_57_61_64
64
61
57
38_39
44
38_39_44_69_73
44
36
36_44_55_57_61_64
57
64
61
44
36
57
61
36_44_55
44
57
61
62
59
45_46_57_61_64
38_39
61
57
64
33
36
46
33_38_39_44_67_69_71_73
45
44
33
35_46_57_61_64_64_67_67
57
64
61
38_39
59
46
60
62
57
64
35_36_36_44_60_60_64_67_67_71
64
61
60
64_67
44
44_60_64_67
64
60_67
44
38_39_44
44
36
36_44_60_64_67
60
64
67
44
36
60
64
67
36_36_44_64
44
38_44_60_64_67
60
38_39
64
67
44
36
38_39_40_44
38
44
44_60_64_67
67
60_64
44
64
64
35_36_44_59_59_62_69
40
60
62_67
66
62_69
59
64
44
44_59_62_69
62
59_69
38_39
44
38_39_44
44
36
36_44_59_62_69
59
69
62
44
36
36_44_59_62_69
62
69
59
44
62
66
35
37_44_59_62_69
61
38_39
69
59
62
44
36
55_57
59
57
38_38_39_44
61
37
59
55
44
61
57
44_59_62_69
69
62
59
38_39
44
38
33_36_44_57_57_61_61_64
59
64
57
61
44
44_57_61_64
57
61
64
44
38_39_44_69_73
44
36
36_44_57_61_64
64
61
57
44
36
69
36_44_69_73_73
44
44_57_61_64
38_39
61
57
64
44
36
69
38_39_44_67_71_73
44
44_45_57_61_64_64_64_64_67_67
64
64
61
64
57
44
36_44_64_67_71
61
57
45
44
44_55_57_61_64_69_73
61
64
57
38_39
44
38_39_44_55_67_69_71_73
44
36
36_44_57_61_64_64_67_67_71
57_64
61
44
36
31_36_44_61_64_64_67
44
31_31_46_57_61_64
38_39
64
57
61
36
31_31_38_39_44_61_61_64_64
46
44
31_33_46_57_61_64
64
61
57
38_39
33
46
33_36_44_57_57_57_61_61_61_61_61_64
61
44
33_44_57_61_64_75
44
61
64
57
75
61
36_38_39_44_57_61_76
33
44
36
76
62
36_38_44_57_61_64_77
61
36
57
64
61
44
36
62_77
61
36_40_44_54
38
44
59
61
43_44_57_61_64_75
40
38_39
57_61
64
44
75
36
57
59
38_39_40_44_76
54
43
40
38
44
76
57
59
57
36_44_57_61_64_77
38
64
57
61
44
77
59
57
36_38_44_55_59
61
36
44
57
57
36_44_55_59_64_75
38
75
38_39
55
64
59
44
33_38_39_44
36
76
44
36
33
76
33_36_44_55_59_64
77
59
64
55
44
36
77
36_44_54
44
75
44_55_59_61_64
38_39
62
61
59
64
55
44
75
62
67
36
38_39_44_71
76
57
54
67
44
76
44_55_59_64_67
77
55
59
64
38_39
44
77
71
67
55
36_44_57_61
59
33
44
33_44_57_61_64_75
64
61
57
44
75
57
36_38_39_44_76
33
36
57
44
76
57
36_38_44_57_61_64_77
36
61_64
57
44
36
57
77
61
36_40_44_54
38
44
62
61
43_44_57_61_64_75
40
38_39
61
64
57
44
75
64
36
62
38_39_40_44_76
54
43
38
64
44
76
40
69
36_44_57_61_64_77
44
38
64
57
61
77
36_38_44_55_59
36
57
61
44
36_44_55_59_64_75
38
75
38_39
55_59
44
64
33_38_39_44
76
36
44
36
33
76
36_44_45_55_59_64
77
64
55
59
44
36
77
36_44_54
69
44
75
46_55_59_61_64
38_39
62
61
59
64
55
75
62
67
36
46
38_39_44_71_76
76
54
67
44
76
76
46_55_59_64_67_77
77
55_64
71
59
38_39
77
67
77
46
55
59
36_44_57_61
45
44
33_44_57_61_64_75
64
61
44
57
75
61
36_38_39_44_76
33
44
36
76
62
61
36_38_44_57_61_64_77
36
61
64
57
44
36
77
61
62
36_40_44_54
38
44
59
61
43_44_57_61_64_75
40
57
64
38_39
61
44_75
36
57
59
38_39_40_44_76
54
43
38
44
57
40
76
59
36_44_57_61_64_77
38
64
57
61
44
77
36_38_44_55_59
36
57
61
44
57
59
38
36_44_55_59_64_75
55
64
59
75
38_39
44
57
57
33_36_38_39_44
76
44
36
76
33
33_36_44_55_59_64
77
64
55
59
44
36
77
36_44_54
44
75
44_55_59_61_64
38_39
62
61
64
59
44
55
75
62
67
36
38_39_44_71_76
76
54
67
44
76
76
44_55_59_64_67_77
77
57
64
55
59
38_39
44
77
77
67
71
36_44_57_61
59
55
33
44
33_44_57_61_64_75
44
57_64
61
75
57
36_38_39_44_76
33
44
36
57
76
57
36_38_44_57_61_64_77
36
64
61
57
44
36
57
77
61
36_40_44_54
38
44
62
61
43_44_57_61_64_75
40
64
38_39
57
61
44
75
36
64
38_39_40_44_76
62
54
43
38
64
44
40
76
69
36_44_57_61_64_67_77
38
71
64
57_61
69
44
69
77
71
57
36_38_44_55_59_67
61
36
44
38
36_44_55_55_59_64_75
64
75
38_39
59
55
44
33_38_39_44_55
76
36
44
36
33
76
36_43_44_45_55_59_64
77
64
44
59
55
36
77
36_43_44_54
69
44
75
46_55_59_61_64
57
38_39
62
64
61
55_59
75
62
67
36
46
33_38_39_44_71_76
59
76
45
57
67
54
44
76
76
33
35_46_55_59_64_67_77
77
59
64
55
38_39
77
46
67
77
35
71
36_36_44_55_55_59_59_60_60_64_67
44
55_59
60
59
60
64
67
44_60_64_67
60
64
67
44
38_39_44
44
36
36_44_60_64_67
64
67
60
44
36
64
36_44_60_64_67
60
67
60
64
44
38_44_60_64_67
38_39
67
60
64
44
36
36
38_39_40_44
38
44
44_60_64_67
62
64
64_67
60
44
62
35_36_44_59_59_62_69
62
60
40
69
59
62
44
44_59_62_69
44
62
69
59
38_39
38_39_44
44
36
36_44_59_62_69
69
62
59
44
36
36_44_59_62_69
62
59
69
62
44
57
35
37_44_59_62_69
38_39
62
69
44
59
36
55
38_38_39_44
37
57
44
55
44_59_62_69
57
50
69
62
59
50
38_39
44
33_36_44_57_57_61_61_64
38
59
64
57
61
44
44_57_61_64
57
61
64
44
38_39_44_69_73
44
36
36_44_57_61_64
57_61
64
44
36
69
36_44_69_73_73
44
44_57_61_64
64
38_39
61
57
44
36
69
38_39_44_67_71_73
67
44
67
44_45_57_61_64_64_64_64_67_67_67
64
64
67
57
64
61
44
67
36_44_67_67_67_71
57
45
64
44
44_55_57_61_64_67
64
61
57
38_39
44
38_39_44_55_55_69_73
44
36
36_43_44_55_57_61_64
57
64
61
44
36
69
57
36_43_43_44_69_73_73
44
57
59
43_45_46_57_61_64
38_39
61
57
64
33
36
46
33_38_39_44_67_71_73
69
45
44
33
35_46_57_61_64_64_67_67
57
64
61
38_39
60
46
59
57
35_36_36_44_60_60_64_67_67_71
64
61
60
64_67
44
44_60_64_67
64
60_67
44
38_39_44
44
36
36_44_60_64_67
60
64
67
44
36
64
36_36_44_60
44
38_44_60_64_67
60
38_39
64
67
44
36
38_39_40_44
38
44
44_60_62_64_67
64
67
60_64
62
44
35_36_44_59_59_62_69
40
60
62
62_69
59
44
44_59_62_69
62
59_69
38_39
44
38_39_44
44
36
36_44_59_62_69
59
69
62
44
36
36_44_59_62_69
62
69
59
44
62
35
37_44_59_62_69
57
38_39
69
59
62
44
36
38_38_39_44
55
57
37
44
55
44_57_59_62_69
69
62
59
38_39
44
38
31_36_44_57_57_61_61_64
59
64
57
61
44
44_57_61_64
69_73
57
61
64
44
38_39_44
44
36
67_69_71_73
36_44_57_61_64
64
61
57
44
36
36_44_64_67_67_71
44
44_57_61_64
62_64_66_67
38_39
61
57
64
44
36
38_39_43_44
44
61_62_64_66
44_57_61_64
61
64
57
44
36_43_44_57_61_61_64
44
44_57_61_64
55_57_59_61
61
64
57
38_39
44
38_39_44
44
36
54_55_57_59
36_44_57_61_64
57_64
61
44
36
31_36_44_52_54_55_57
44
31_31_46_57_61_64
38_39
50_52_54_55
64
57
61
36
31_31_38_39_44_55
46
44
49_50_52_54
31_33_46_57_61_64
64
61
57
38_39
46
57
31_33_36_44_45_45_49_49_52_55_57_57_61_61_61
61
44
44_57_61_64_75
44
61
64
57
75
33_38_39_44_45_45_49_76
44
36
76
36_44_57_61_64_77
57
64
61
44
36
77
33_36_44_54
44
33_44_57_61_64_75
38_39
57_61
64
44
75
36
38_39_44_76
54
44
76
57
33_44_57_61_64_77
64
57
61
44
77
33_36_44_55_59
61
44
44_55_59_64_75
75
38_39
55
64
59
44
64
33_38_39_44
76
44
36
76
33_36_44_55_59_64
77
59
64
55
44
62
36
77
64
36_44_54
44
75
31_33_44_55_59_61_64
38_39
62
61
61
62
59
64
55
44
75
62
67
36
31_38_39_44_71
76
54
67
44
76
64
61
33_44_55_59_64_67
77
55
59
64
38_39
44
77
71
67
55
33_36_44_57_61
59
59
44
64
61
44_57_61_64_75
59
64
61
57
44
75
38_39_44_45_76
61
36
57
44
76
36_44_57_61_64_77
61_64
57
44
36
77
36_44_45_54
44
33_44_57_61_64_75
38_39
61
64
57
44
75
36
38_39_44_76
54
44
76
33_44_57_61_64_77
44
64
57
61
77
33_36_44_55_59
57
57
61
44
44_55_59_64_75
75
38_39
55_59
44
64
33_38_39_44
76
44
36
76
33_36_44_55_59_64
77
64
55
59
44
36
77
36_44_54
44
75
31_33_46_55_55_59_61_64
38_39
62
61
59
64
55
75
62
67
36
46
31_31_38_39_44_55_71_76
76
54
67
44
76
76
31_33_46_55_55_59_64_67_77
77
55_64
71
59
38_39
77
67
77
46
55
59
33_36_44_45_45_55_57_61_61
61
44
44_57_61_64_75
44
61
64
57
75
74
33_38_39_44_45_45_67_76
67
74
74
44
67
36
76
36_44_57_61_64_77
74
67
74
57
67
64
61
44
36
77
33_36_44_54
74
67
66
73
44
33_44_57_61_64_75
73
66
38_39
64
71
57_61
64
44
75
66
73
36
64
71
38_39_44_76
54
44
76
66
64
71
73
57
33_44_57_61_64_77
64
57
61
44
77
33_36_44_55_59
61
44
44_55_59_64_75
75
38_39
55
64
59
44
33_38_39_44_55
76
55
44
36
76
33_36_44_55_59_64
77
59
64
55
55
44
36
77
64
71
61
36_44_54_55
54
44
61
62
75
31_33_44_54_55_59_61_64
38_39
62
61
62
59
64
55
44
75
62
67
36
63
31_38_39_44_52_71
76
54
67
64
44
76
63
33_44_55_59_64_67
77
64
55
59
61_64
38_39
44
77
71
67
55
33_36_44_52_57_61
59
61
44
57
44_57_61_64_75
64
61
57
44
75
38_39_44_45_76
36
44
76
36_44_57_61_64_77
61_64
57
44
57
36
77
55
36_44_45_48_54
55
44
55
33_44_48_50_57_61_64_75
38_39
61
64
55
57
44
75
36
55
38_39_44_50_51_76
54
51_52
44
76
33_44_57_61_64_77
44
64
52
57
61
77
55
33_36_44_48_55_55_59
57
61
44
44_45_48_55_59_64_67_75
55
55
75
38_39
67_67_67
55_59
44
64
33_38_39_44_67_67_67
76
44
36
55
76
55
33_36_44_55_59_64
77
64
55
59
44
36
77
36_44_45_54_67
55
44
55
75
31_33_46_55_59_61_64
38_39
62
61
59
64
55
75
62
67
36
46
31_31_38_39_44_71_76
55
76
55
67
54
44
76
76
31_33_46_55_59_64_67_77
77
55_64
71
59
55
38_39
77
55
67
77
46
55
59
33_36_44_49_57_61_61
61
57
55
44
33_44_57_61_64_75
44
61
64
57
75
36_38_39_44_49_76
33
44
36
76
36_38_44_57_61_64_77
36
57
64
61
44
36
77
36_40_44_54
38
44
43_44_57_61_64_75
40
38_39
57_61
64
44
75
36
38_39_40_44_76
54
43
40
38
44
76
57
36_44_57_61_64_77
38
64
57
61
44
77
36_38_44_55_59
61
36
44
36_44_55_59_64_67_75
38_57
75
38_39
55
64
59
44
33_38_39_44_67
36
76
55
44
36
33
76
33_36_44_55_55_55_55_59_64
77
59
64
55
55
44
36
77
36_44_54_55_55
44
75
43_44_55_55_59_61_64
38_39
62
61
59
64
55
44
75
62
67
36
38_39_43_43_44_71
76
54
67
44
76
43_43_44_55_59_64_67
77
55
59
64
38_39
44
77
71
67
55
36_43_44_57_61
59
33
44
33_44_57_61_64_75
64
61
57
44
75
36_38_39_44_76
33
36
44
76
36_38_44_57_61_64_77
36
61_64
57
44
36
77
36_40_44_54
38
44
43_44_57_61_64_75
40
38_39
61
64
57
44
75
36
38_39_40_44_76
54
43
38
44
76
40
36_44_57_61_64_77
44
38
64
57
61
77
36_38_44_55_59
36
57
61
44
36_43_44_55_59_64_75
38
75
38_39
55_59
44
64
33_38_39_43_44
76
36
44
36
33
76
36_44_45_55_59_64
77
64
55
59
44
36
77
36_44_54
44
75
46_55_59_61_64_67
38_39
62
61
59
64
55
75
62
67
36
46
38_39_44_67_67_71_76
76
54
67
44
76
76
46_55_59_64_67_67_67_77
77
55_64
71
59
38_39
77
67
77
46
55
59
36_44_45_57_61_61_67
61
44
33_44_57_61_64_75
44
61
64
57
75
36_38_39_44_76
33
44
36
76
36_38_44_57_61_64_77
36
57
64
61
44
36
77
36_40_44_54
38
44
43_44_57_61_64_75
40
38_39
57_61
64
44
75
36
38_39_40_44_76
54
43
40
38
44
76
57
36_44_57_61_64_77
38
64
57
61
44
77
36_38_44_55_59
61
36
44
36_44_55_55_59_64_75
38
55_55
75
38_39
55
64
59
44
55_55_55
33_38_39_44_55_55_55
36
76
44
36
33
76
33_36_44_55_59_64
77
59
64
55
44
36
77
36_43_44_54_55
44
75
43_43_44_55_59_61_64
38_39
62
61
59
64
55
44
75
62
67
36
38_39_43_44_67_71
76
54
67
44
76
44_55_55_59_64_67_67
77
55
59
64
38_39
44
77
71
67
55
36_44_55_57_61
59
33
44
33_44_57_61_64_75
64
61
57
44
75
36_38_39_44_76
33
36
44
76
36_38_44_57_61_64_77
36
61_64
57
44
36
77
36_40_44_54
38
44
43_44_57_61_64_75
40
38_39
61
64
57
44
75
36
38_39_40_44_76
54
43
38
44
76
40
36_44_57_61_64_77
44
38
64
57
61
77
36_38_44_55_59
36
57
61
44
36_44_55_59_64_67_75
38
75
38_39
55_59
44
64
33_38_39_44_67
76
36
44
36
33
76
36_44_45_55_55_59_64
77
64
55
59
44
36
77
36_44_54_55
44
75
46_55_55_59_61_64
38_39
62
61
59
64
55_55
55
75
62
67
36
46
38_39_43_44_55_71_76
76
67
54
44
76
76
43_43_46_55_59_64_67_77
77
55_64
71
59
38_39
77
67
77
46
55
59
43_45
