72
72
69
69
70
70
62
62
66
66
69
69
68
68
66
66
67
67
69
69
70
70
72
72
75
75
72
72
73
73
75
75
76
76
78
78
79
79
81
81
82
82
84
84
85
85
87
87
88
88
87
87
85
85
84
84
82
82
81
81
79
79
84
84
81
81
82
82
74
74
78
78
81
81
80
80
77
77
79
79
77
77
78
78
77
77
76
76
75
75
74
74
72
72
73
73
76
76
75
75
73
73
72
72
70
70
69
69
67
67
72
72
69
69
70
70
62
62
66
66
69
69
68
68
66
66
67
67
62
62
58
58
55
55
60
60
57
57
58
58
60
60
63
63
60
60
61
61
63
63
64
64
66
66
68
68
70
70
72
72
73
73
75
75
76
76
75
75
73
73
72
72
70
70
69
69
67
67
68
68
60
60
64
64
67
67
66
66
64
64
65
65
68
68
72
72
70
70
67
67
68
68
70
70
72
72
75
75
79
79
76
76
77
77
79
79
80
80
82
82
84
84
80
80
79
79
77
77
82
82
79
79
80
80
77
77
78
78
79
79
80
80
78
78
79
79
77
77
78
78
76
76
77
77
75
75
76
76
74
74
75
75
73
73
74
74
72
72
73
73
71
71
72
72
70
70
71
71
69
69
70
70
68
68
69
69
67
67
68
68
66
66
67
67
65
65
66
66
64
64
65
65
63
63
64
64
62
62
63
63
60
60
61
61
63
63
64
64
66
66
67
67
69
69
70
70
72
72
75
75
72
72
73
73
75
75
76
76
78
78
79
79
81
81
82
82
84
84
85
85
87
87
88
88
86
86
87
87
85
85
84
84
82
82
81
81
79
79
84
84
81
81
82
82
74
74
78
78
81
81
79
79
74
74
70
70
67
67
72
72
69
69
70
70
62
62
66
66
69
69
68
68
66
66
67
67
69
69
70
70
72
72
75
75
72
72
73
73
75
75
76
76
78
78
80
80
82
82
84
84
80
80
79
79
76
76
82
82
79
79
80
80
72
72
75
75
79
79
78
78
76
76
77
77
75
75
72
72
68
68
67
67
65
65
70
70
67
67
68
68
60
60
63
63
67
67
66
66
64
64
65
65
63
63
60
60
58
58
56
56
53
53
58
58
56
56
57
57
60
60
62
62
65
65
64
64
62
62
63
63
55
55
58
58
62
62
61
61
59
59
60
60
58
58
57
57
60
60
63
63
67
67
62
62
60
60
65
65
62
62
63
63
65
65
66
66
68
68
69
69
67
67
68
68
66
66
65
65
63
63
62
62
65
65
68
68
72
72
67
67
65
65
70
70
67
67
68
68
70
70
71
71
73
73
74
74
76
76
77
77
79
79
80
80
82
82
83
83
80
80
76
76
71
71
80
80
71
71
76
76
80
80
83
83
88
88
92
92
95
95
94
94
95
95
98
98
94
94
92
92
91
91
90
90
89
89
88
88
87
87
86
86
84
84
85
85
89
89
84
84
87
87
85
85
77
77
80
80
81
81
84
84
81
81
82
82
80
80
79
79
77
77
75
75
74
74
73
73
77
77
72
72
70
70
75
75
73
73
72
72
70
70
68
68
66
66
65
65
63
63
61
61
60
60
58
58
56
56
54
54
53
53
51
51
49
49
50
50
53
53
57
57
60
60
56
56
57
57
60
60
64
64
67
67
64
64
65
65
69
69
72
72
68
68
69
69
72
72
76
76
79
79
72
72
59
60
59
60
61
61
63
63
60
60
73
73
72
72
67
67
70
70
72
72
75
76
75
76
67
67
70
70
