42
42
42
40
52
64
56
59
59
68
64
51_64
71
28
76
76
78
71
64
76
78
71
68
25
61
64
51_71
49
76
76
78
71
64
64
61
76
66
78
71
68
66
26
69
62
50_51_69
54
57
74
68
76
66
78
71
62
76
59
78
71
59
62
51_69
62
38
69
68
66
64
66
68
28
64
59_71
56
51
64
52
64
76
76
78
71
64
59
76
78
66
71
68
51_64
25
61
71
49
76
76
78
71
61
66
76
78
71
68
66
50_54_69
51
69
26
57
62
74
68
76
66
78
71
62
76
59
78
59
71
62
62
51_69
38
69
69
69
68
66_81
78
64_76
74
78
56
64
59
52
51
64
59_76
68
28
64
71
76
78
76
81
71
80
64
76
78
71
56
61
49
51_76
25
59
64
71
76
78
76
81
76
71
76_80
61
76
78
78
80
71
54
57
66
50_81
51
57
26
62_62
62
69_76
80
74
78
78
71_80
62
78
76
78
71
71
71
38
62_69_74
66
81
51
78
81
81
76
83
80
81
79
78
83
88
28
79
69
36_37
78
69
76
69
37
40
36
69
37
36
69
40
69
36
28
69
37
40
40
69
69
28
64
28
64
36_37
69
69
64
69
64
37
36_40_69
37
36_40
69
28
36
69
69
37
40
40_69
28_73
69
64
36
69
37
28
64
64
69
64
69
37
69
36
40
37
40
69
36
28
36
69
40
37
69
69
40
28_69
64
37_64
36_69
28
69
64
64
69
37
40
69
36
37
36_69
40
36
69
28
40
59
69
37
69
40
61
69
28
28_36
37_44_57
62
69
64
54_62
64
69
61
64
69
42
37
62
61
64
69
36
64
40
42
62
37
36
61
69
64
40
52
69
59
36
28
64
42
69
37_40
59
40
64
69
52
69
28_61
28
44_69
37
36
62
64
69
64
62
69
64
61
62
37_42
61_64
36
64
40_69
37
42
62
36
40_64
61_69
28_59
36
69
52
59_64
40
37_42
69
69
64
40
69
57
52
28
28
36
44_59_69
64
59_64
56
37
64_69
69
64
37
42
64
36_69
64
40
37
42
40
64_69
36
28
52
69
36
64
42_69
40
37
40
64
69
69
28
52
81
28
80
44
64_69
37
36
69
64
64
69
76
37_42
71
64
40
69
36
64
42
37
64
69
36_40
52_69
36
28
68
37
71
64
42
69
40
64
69
40
69
73
52
28
64
37_62
28
36_44
57_74
69
66
69
64
64
73
69
37
42
74
73
64
64
36
69
40
74
37_42
40_64
69
36
73
36
69
71
28_52
40_69
42
64
37
71
64
69
40
73
69
28_52
69
36
37_44
74
64
28
64
69
69
64
73
42
74
37
73
64
40
64
36
69
74
37
42
64_69
36
73
40
28
36
71
52
69
37_40
64
42
69_76
69
40_78
64
28_52_69
76
59_68
36_64_69
28
44
37
64
64
69
64_69
78
37_80
42
64
69
64
40
36
42
37
64
36
69
40
52
28
69
36
69
37
42
64
40
40
64
69
28_69
52
44
37
69
36
64
28
64
69
64
69
42
37
71
64
76
64_69
83
40
36
37
42
64
36_40
69
69
36_71
68
28
69
61
40
42
69_74
37
71
71_74
40
69
69
73
76
28
69
37_44
78
57
74
28
36_64_66
62
69
64
69
73_76
64
78
37_74
42
76
73
64
69
40
36_78
64
74
42
37
40
64
69
36
73_76
28
74
69
36_52
71
64
42
37_71
69
40_74
64
69
40
73
52
69
76
28
44
69
36
74_78
28_37_64
69
64
69
76
73
64
74
78
42
37
76
73
64
40
78
69
36
74
64
37_42
40
36_76
69
73
64
69
36_71
28
52_74
40_42_69_71
74
64
37
64
40
69
69_69
28_52_76
36_44_68
28_74
69
37
59_64_71
64
64_69
64_69
66
69
68
71
42
37
64
36
40_69
64
73
37
42
61
64
36
69
40
36
52_69
28
71
59
64
69
42
37_40
69
64
40
52
28
69
36_44
28
37_66_69
78
64
64
69
64
69
42
64
37
76
64
40
64
69
36
69
37
81
42
64
69
36_40
28
69
36_52
80
64
74
40_71
42
69
37
68
69
64
40
52
28
73
69
76
62
69_78
64
36_66_69
74
37_44
78
28
69
64
64
76
69
73
37_74
42
78
64
76
73
69_74_78
36_64
40
42
37
64_76
36
69
40_73
28_36
69
71_74
52
37_71
42
64
74
69
40
69
64
40
69
73
28
76
52
36_78
44_69
64
37
28_74
64
69
73
76
64
69
74_78
37
42
73
76
78
74
64
69
36
64
40
42
37
64
36
40
69
69
28
36
52
76
73
40
64
69
37_78
42_74
69
64
40
28
52
81
78
69
28_76_76
80
59_68
44
37_69
36_64
64
80
64
69
69
64
76
80
37
42
64
36
69
40_64
42
37
40_69
36
64
36_52
69
28
42_80
73
69
37_40_64
40
68
69
64
73
52_69_71
80
28
66
28
64_71
36
37_64_78
69
64
69
76
69
64
64
37
80
64
40
36
69
64
37
40
36
69
36
71_78
69
28
76
66
61
69
40_76
37_71
76
69
35
69_71
28
33_52
64
57
61_61
36_42
64
57
73
69
69
42
44
42
38_74
42
73
36
46
42
73
36_46
42
42
44
33
40
42
38
42_78
69
64
69
64
42
33
64_69_76
36
42
69
64
64
42_69
44_69_73
38
73
42
42
36
46
42
73
76_81
46
42
76
36
71
73
81
81
69
42_73
76
33
44
40_73
38
42_76
81
73
76
81
81
73
42_76
42
59
42_62
62
36_59
74
31
55_62
55
67
42
67
71
72
74
38
42
71
42
36
44
42_74
36
46
42
67
42
31
44
40
73
38_42
62
42_62
72
67
42
62
67
71
42_67
31_62
36
62
67
42
67
62
67
62
42
38
42
36
44
42
28
46
36
42
55
28
73
67
44
31
38_42_59
71
42
32
61
36_42_57
61
33_57
64_64
52
69
42
73
69
42
73
38
74
73
42
73
36
44
42
73
42
36
46
42
44
33
42
40
78
38
64
69
42
42_64
69
64
36_42_76
33
69
69
64
64_69
42
73
69
38_42
73
42
36
44
73
81
76
42
42
81
36_46
73
76
71
42
57
73
81
69_76
44
33
81
40
73
42_76
38
57
76_81
73
76_81
73
42
42
54
64
42_59_64_71
66
35
36
42
66
71
38
42
59
42
36
44
75
75
75
42
63_66
71_78
46
42_76
36
42
71
35
76
78
71
44_63
75
75
75
78
76
71
38_59
42
40
66
80
42
80
68
80
76
78
71
42
78
71
36_78
75_78
35_71_78
63_66
63
36
71
78
59_75
75_78
71
71
38
66_78
75
42
49
71
36
35
36_59
49_76
64
76
76
33
35
38_66
78
71
38
73
61
42_73
38
59
50
40
64
59_64_64
76
28_69
56_59
68
36
49
63_64
59
63
59_69
44
64
68
83
69
42
69
44_59_68
64
81
69
64
38_42
69
44
71
42_71
80
35
36
69_80
68
71
40_69
36
63
44_71
71
59
71
69_78
42
35_71
44
69
62
40
42_64
69
76
35
44
76
69
28_38
42_69
78
69
44
40
68_71
71
42_69
80
80
36_69
44
69
59_63
42_64_68
36
68
37_59_64_80
44
63
59_69
64_68
83
42
69
59
69
64
44
68
38
42_69
64_81
69
44
68_80
36_59_71
69
42_68
32_71
36
63_69
37
71
44
68
68
78
42
69_71_76
64
62
44_71
69
32
69
68
37_42_64
64_76
66_69_69
69_78
44
69
38_42
37_69
68
78
69
44
80
68_69
35
42_71
80
71
36
69
37_44
54
81
38_66_73
57_62_81
69_73
69
36_62_62_63
42_57
57
69
62
69_71_80
57
63
44
71
66_68
69
66
81
69_69
78
42
57_69
66
44
62
38
42
80
69
64
38
44
69
38
42
36_74_78
69
36_44_69_74
63
42
69
38_69_76
69
44_62
59
42_71
64
69_75
59_71
33
57
62
69
44_71
66
59
38_59
64
69
42
71
76
33
64
37
44_69
69_73
78
38_73
42_64_81
69
35_36_69
44
62_66
63
69
57
57
36_42
38_62
63
66
44_69
62
57
81
42
69
69
44
57
62
66
38
69
38
81
42_69
73_80
64
73
69
44
80
42
68_69
71_71
36_78
38
36_63
69
52
44
38
76
42
69
52
62
44
69
75
69
54_66_69
64_78
42
69
35
44
69
62_66
42_57_64
69
33
68
38_56
76_76
68
69
44
38
59
78
78
42_69
69
66
69
40
36
44
69
59
64
76
63_69
28_36_64_68
42_59_64_64_68
59_68
56
68
44
63
52_69
59
69
83
42
59
68
44
69
52
71_81
38_64
42_69
83
69
44
42_71_80
69
36
28
69
44
36_63_71
69
81
69
42_71_78
28
69
71
44_62
59_69
64
42
76
71
59
76
52
59_69
68
44
35
28
38_69
78_80
66_69_78
42_69
68
44
69
28
28
42
80
69
44
69
36
64
59_68
36_63_76
59_64_68
42_68_69
37_64
66_78
63
44
59
69
64_68
69
42
83
44_59_64_69
68
38
42
76
64
64
69_81
32
44
69
37_42
71
69
80
36
71
36_44_63
69
78
42_69
78
66_71
62
69
71
37
44
66_69
42
68_69_78
64
64_76
69
69
44
69
37
35_71
68_71_80
78
68
38
42
69_80
68
44
69
42
73
73_80
37_69_81
69
36_44_69
62
42_62_69
38_62
69
57_63
36
54_66
57_81
57
57
66
69
68_71
63_71_80
44
62
66_78
81
42
69
69
69
57
69
44
66
38_62
80
42_69
38
64
44
33
69
36
33_69_78
74
42
36
44
63
74
69
37
69
76
42
69
38
44_62
69
71
64
75
42
71
69
59
59
73
71
44
69
66
69
59
69
42_59
38_64_71_76
69
44
64
64
69
42
78
38
37
36_69
44
62
36
62
42
81
57_69
66
57_73
63
69_73
35
44
63
62_66
69
57
69_73_81
69
42_81
73
44_69
66
62
57
73_81
69
38_42_73
64_80
36
69
44
69
35_78
69
42_81
69
50_73
73
44
63_69
71
38_42_69_71
69
36
66_68_80
35
76
44_50
69
62
66
38_64
69_69_75_78
42
69
69
76
44
35_69
57
36_73
42_66_66_69_76
62_69
50
35
69
69
44
69
35_47
42_69
78
71
69
44
28
64
49_59
64
36_68_76
64_88
69
56_59
68
64_69
59
59
69
42
64
64
71
38
42
64
59
42
71
64
40_69
36
42
64
36
69
64
40
42
59
69
64
36
28
71
42_64
38
69
40
59
69_71
40
59
42
64
69
28
28_49_59
69
36_42
64
64
59
69
64
42_59
69
46
71
64
42
38
59
64
42_64
40
69
71
64
36
42
36
40_69
64
64
69
36
42_64
59
28
71
71
64_76
40_42
38
69
59
40
64
69
71
28
69
59
42
73
62
54_59
28_62
42_49
36_57_69
69
59
62
59
69
42
62
64
46
76
69
42
38
62
59
42
69
64
69
36
40
42
62
40_69
36
64
42_69
36_59_62
28
40
69
38
42
69
64
59
69
69
40
28
69
42
59_62
28
49
36_68
64
76
42
76
68
64
42
66
61
73
38
64
59_71
38
66
42
73
61
44_59
64_71
36_40
43
40
28
38
36
71
38
40
38
40
28
73
54
36
69
42
62_74
37
64
57
28
64
69
42
69
64
42
74
37
42_64
73
40
64
36
69_74
42
37
40
36
64_69
28
36
42_52
71
40
69
38_42_71
64
69
64
40
42
52
69
73
28
28
42
74
37
64
36_69
69
64
69
64
42
42
37
74
73
42
64
36
64
74
40_69
37
42
36_69
64
40
28
52
42
36
73
71
64_69
42
38
40
64
40_69
52
28
42
69
71
56_71
36
42_59_69
37
28_64
64
64
69
66
42_64
69
68
42
37
42_64
36_40_69
64
42
37
36
69
64
40
52
36
28_42
40_64_88
42
38_69_80
88
71
76
40_64_69
76
88
28
69
76
42
88
52
28
42
36_69
64
37
64_69
42
64_69
73
37_42
42
64
40
36_64_69
37
42
40
36
64_69
28
42
36
52
64
69
71
42
38
40
40
64_69
69
42
73
28
52
28_37_69
64
57_66
42
36
62
69
64
74
42
69
64
74
37
42
64
42
73
40_64
36_69
74
37
42
40
69
64
36
42_71
52
28_36
42_71
69
64
38
40
69
40
64
28
52
73
42_69
74
62
69
36_64
42
66
37
28
69
69
64
64
42
69
37_42
74
64
42
64
36_69
40
74
37_42
64
40
69
36
36
42
52
28
64
38_78
42_69
40
64
40_69
28
42
52_69
76
28
59_68
69
36
42
37
64
64
73
69
64
64
69
42
71
42
37
64
68
42
69
36_40
66
64
61
64
42
37_73
69
36_40
64
36
42
52
28
38
42_64_71
69
40_59
40
64
69
42
52_69
28
28
36_69
64
42
78
37
66
64
69
42
69
64
37_42_76
64
42
64
40
64
36
69
69
37_81
42
64
40
69
36
42
36
71
68
28
69
73
68
71
38_80
71
69_74
40_42
69
40
73
69
28_42
66
78
64
42_74
28_69
36_37_69
57_62
66
69
64
64
42_74
69
74
37
42
76
64
42
40
74
69
36_64
37_42
69
40
73
36
64
52
36
71
42
28
40_69
71
42
38
64
69
40
64
28
52
42_73
69
36_37_42
74
28_69
64
64
69
42_69
64
37
42
42
64
40
69
64
36
37
42_78
64
36
69
40
28
52
78
36_42
40
64
38_69
78
42
64
69
40
28
42
69
52
76
28
76_76
36_37
42
69
59
64
56
64_80
64
69
64
42_69
78
80
37
42
42
64
40
69
64
36
42
37
36
40
69
64
28_42
36
52
76
64
38
69
42
40
40
73
69
64
42
73
69_71
52
28
76
42
37
36_69
28_64
71
69
64
69
42
64
42
37
42
64
40
64
36
69
80
37_42
36
64
40_69
28_42
36
78
52
76
38_40
64
69
42
64
38_40
69
28
69
52
38_71
38
33_57_61
42_52_64
57
36
64
61
69
42
44
42
38
74
73
42
36_46
42
73
36
73
69
46
42
42
44
69
73
33
42
38
69_73
40
73
78
42
69
73
42
69
69
33
36
76
42_73
42
44
38_42
73
69
42
73
73
36_46
69
42_73
69
42
71
46
36
42
69
33
69
44
73
42
38
40
73
42
42
55
42_59_67
36_62_62
62_71_74
55
59
31
67
42
42
38_74
72
71
67
71
42
36_44
67_71
67
42_74
71
36
46
42
67
42
71
73
44_67
31
38
38
42
62_72
42
40
42
67
36_71
71
31
42
38_42
71
67
42
36_44
67
71
42_67
71
28
46
36
28
42
55
67_71
44
31
42
59
38
42
32
42
64
61
33
57_61
36_52_64
57
69
42
74
38
73
42
73
42
73
44
36
42
73
42_46
36
73
69
42
33
73
69
44
69
38_40_42_73_78
42
73
69
42
69
73
36
73
76
69
42
33
42
38_42
73
69
73
42
44
73
36_69
69
42
73
36_42_71
46
42
69
57
73
33
44
69
40
57
42
38
42
42
35
54_71
59
71_76
36
66
42
64
64
42
66
71
38_42
42
59
44
36
66
42
75
75
63
75
36_76
42_46
71
42
71
76
75_75
44_71
63
35
75
59
42
38_40
76
71
66
80_80
42
80
68
76
42
71
63
75
78
71
66_78
38
35_71
78
63
73
50_59
73
71
75
42
71
38
75
66
38_75
71
35
71
71
75
47
43
76
59_80
71
75
68_76_89
33
35
38
66
75
71
75
38
71
73
71
42
38_71_73_75
81
69
83
71
50
71
75
47_75
71
69
71_71
59_81
36
89
43
40
64_68
36_59_64_69
59
59
28_49
64
63_76
64
56
63_64
59_68
69
44
69_83
42
44_59
64_69
68
38_69
81
42
64
69
44
68
35
42
71
69
71
36_80_80
71
69
44
36
40
63
71
59_69
78
42
71
71
35
71
69
44_62
42
69
40_64
76
69
35
44
76
78
42
28_38
69
44
40
69
68
42
80
69
80
71
71
44
69
36
64
42_68
64
63
36
59_59_69
37
68_80
69
68
63
44
59_64
83
69
42
68
59
69
46
64
38
81
42
69
64
69
32
44
68
68
71_71
42
69
37
36_80
59
63_69
44
36
71
78
42_69
68
71_76
68
37_64
71
62
44
69
42_64_69_76
68
64
78
66_69
37_69
44
69
69
68
42
78
38
69
35
69
44
68
69_80
71
42_71
80
37
69
36
44
57_62
66_73
57_69_81_81
69
57
36_54_63_73
38_42_62_69
62
63
62_71
71
66
44
69_80
57
68
69
42
69_78
66
69_81
57
46_62
66_69
69
64
42
38_80
38
33
44_69
38
42_69
74
36
78
74
44
63
36
69
76
38
42
69
69
62
44_69
71_75
71
64
59
69
42
59
35
57
44_69
66
62_71
64
38_76
42
38
59_59_71
69
38_64_69
44
42
81
73_78
64
69
73
35_69
33_44
69
36
42_62
66
62
36_57
38_63
69
57
62
44
57_63
69
66
42_69
81
57_66
46
62
69
69_73
69
38
42_73_81
38
64
80
33
44
69
68
36_38
78
42_69
71
71
80
44
69
36
63
52
38
42
69
76
52_62
44_69
69
54_64_75_78
69
42_69
66
69
44
64_76
38_62
57_68
56
42
69
33
76
66
68
69
35
44
59_66
69
42_78
69_78
38
69
44
40_69
36
56
59_69
42_59_64_68
36_64
63
28_68
64_64_76
59
68
68
59
63
52
44_69
69
42
83
68
52_59
46
69
83
42_64
69
38
81
71
44
69
36_42
69_71
80
28
36
69
44_71
63
28
81
78
71
42
69
40_69
44_71
69
62
76
42_59
71
69
64
59
68
59
52
28_76
44_69
68
42_78
69
28
38_69_78_80
69
66
69
44
28
42
69
80
44_69
36
66
63_76
59_68
59_64
36_68
42_64_64
69
68
78
37
68
44_59_63_64
69
69_83
42
64
59
68
69
46
81
76
38
64_69
42
64
69
44
32
37
69
71
42
36_80
63
71
69
36_44
66
42_78
71
69
78
37
69
44_62
71
76
69_78
69
64_66
42
68
64
69
69
69
44
37
68
68_68_71
38
78
71
69_80
42_80
35
69
44
37
42_69_69
73_81
73_80
44
36
69
38
66
54
36_62_69
57_63
57_62_81
69
42_57_62
66_71
44
69
57_62
63_71_80
68
69
69_78
66_81
42
69
57
62_66
46
69
80
64_69
38
42
69
44
78
42
36
38
69_74
36_44
69
63
74
38
42_69
76
69
44_62
69
59_69_71
64_71
59
75
42
73
69
69
44
66
71
59_64_71
38_76
42
59_69
33
64
69
44
35
69
64
38_42
78
40
36_69
44
57_69_73
36_69_73_81
42_63
42
57_62_66
62
66_69
62_63
57
76
42_81
69_73
81
73
69
62
57
66_69
42
38_80
37_64_73
69
69_81
42_73
69
69_81
73
42_76_78
69_73
69
63
30
76
35_36_59_62_68
71_80
66
42
69_71
69
62
66
75
69_69
64_78
69
44
69
42
66
59_76
36_38_42
64_66
35_57_62_68_68_69_76
62_71
38
69
78
69
69
71
35_69_78
38
66
69_73
44
38
28
64
59
63
68
64_76
59_68_69
64
36_49
64_68
59
56
59
68
69
44
63
64
83
42
69
64
46
69
59_68
80
64
81
42
69
38
68
69
44
42
36_80
71
69
28
71
63
36
28
44_69
71
64
78
42_69_76
40
71
44
62
69
76
42
64_69
28
69
76
44
71
42
69
38
78
28_59
44_69
28
42_69
80
44
69
36
35
59_64_68
69
36
42
64_64
59_63_76
37_68
68
44
69
59_64
63
68
42_69
83
68_69
44
59
64
38
81
42
69
64
44
69
32
37
36
71
71
69
59_80
42
59
36_69
63_71
44
42
71
68_69
64
76
37_78
68
71
69
44_62
68_76
64
64
42
69
37
69_69_69
69
78
44
66
35_38_42
78
68
69
69
44
35
42
69
71
71
68_80
80
37
36
44
69
62_66
57_57
36_62
73
42_62_63_81
38_69
69_81
54_69
57
73
57
62
80
66
63_71
71
44_69
68
42
69_78
69
81
66
69
57_66
62
44
69
38
42
80
69
64
38
33
69
44
78
69_74
36_38
42
69
36
44
63
74
38_42
69
69
76
71
44
62
69
59_71
42
59
64
75
71
69
57_69
44
62_66
38_76
59_71
64
42
59
38_69
64
38_44
69
64
35_69
78
42
33_36
44
69
38
57_57
42_69_81
36_66_73
62_63_69_73
62
62
57
63_66
44
69
42
69
81
46
69
62
57_66
38_64_73_73
42
38_80
69_81
69
69
44
33
68_71
69_80
78
36_71
42
38
44_63
36
52
69
76
69
38_38
62
52
69
47_54_69
64
69_75_78
69
66
69
38
68_76
38
76
56_57
68_69
66
33_62_64
69
35
69
78
59
38_66_69
38_69
78
40
38
69
64_68
59_68
28_59_64_76
49
56_63_69
36_64
68
59_64
59
52_69
63_68
44
83
42_69
68
59_69
46_52
81
69
64
42_80
68
38
44_69
80
28_69
36_71
42
63_69
36
44_71
69
71_76
78
42
64
40
71
44
69
62
71
59
42
69
59_64
76
64
59
69
28_44_52
68
28
38
42
69
69_78
59
66
69
71_78
28
44
69
42
69
80
69
36
35
44
59_68_68
69
37_59_63
68
42
64_64
36_76
64
44
64
59
63
68
69
42
69_83
69
46_64_68
59
64
69
81
38
42
69
44
32
37
71_80
69
36
42
36
63_71
44_69
78
69
42_71
37
71
62
69
44
42_69
78
64
64_66_68_69
76
69
37
69
69
44
68_68_78
69_80
38
71_71
35_42
35
69
44
37
73
69_81
42_80
73
69
37
36
44
69
38
57_81
54
69
57_62
42_62_66
57_62
63
36_69
62
69
63
44
57
66
69
42
81
69
71
80
62_66
68
46_57_71
69
38_64_80
69
69_78
42
66
44_69
69
36
74
38_42
78
69
74
36_63
44
76
38_42_69
69
44
62
71
69
75
64
71
59_69_71
42
59
69
73
66
69
44
35
33_38_59
71
64_69
42_76
59
35_69
44_64
78
42_64
69
38
33
69
44
36
57_73
69
62_69
36_57_62_63
42_66_81
35_73
63_69
44
62
57_66
81
69
42_81
69_73
73
62
66_69
46
57
35
80
69
73
38
81
42_73
64
69
44
69
69_78
42
36
73
81
69
73
69
36
44_63
35
71
76
78
66_69
42_80
35_69
68
71
62
44
69
69
69
66
64_76
69
42_75_76_78
44_69
38
66
42_57
35_69
62
38
76
44
37_69
78
69
42
40
57
38
36_69
44
56
59_64
64_68
28_56
68_76
36_49
56_69
59
64
64
69
42
64_64
69
71
46
42
38
68
64
64
71
44_66
36
42
44
69
36_40_71
66
42_64_71
68
69
44
40
71
64
42
28
44
40_42
69
38_71
71
69
40_44
28
64
69
42
36
44
64
28
42_69
36
69
42
64_69
71
46
38
42
68
44
71
64_71
66
36
42
64
28
40
36
68
64_69_71
44_66_71
64_71
68
42
66
40
71
69
44
64
42
28
44
71
64_68
66_71
40
64_71
71
38_42
66
69
68
69
40
44
64
71
42_69
68
66
64
28
36
62
57
42_54_62_62
64
28_69
36
54
57
69
62
42_69
46
69
38
42
44
62
69
42
36
73
28
66
64
73
44_66
36
69
64
40_69
69
42
44
69
40_69
62_64
69
66
42
28
73
44
69
42
38
69
40
40
44_69
69
28
42_62
69
36
36
62
28_69
42
69
42
62_69
46
69
42
38
64
69
66
44_69
42
28
36
62
69
36
44_69
40
42_64
66
73
40
69
44_69
42
28
62_62
69
44
40
66
69
38
64_69_69
69
69
38_62
40
36
38
36_63
64
49_66
59_64_71
66
59_66
42
42
38
38
37
35
36_61
69
49_61
66
57_64
36
49
35
38
64
35
38
64
37
50
64
40_47
64
64
43_89
36
40
28_64
64
36
69
49
59_59_68
64_76
56_59_64
76
76
68
64
59
44_69
69
42
83
64
46
68
59
76_88
81
38
42
44
28
42
80
36
71
69
71
36_44
42
71
71_78
40
59
44
69
71
76
42
76
44
28
69
38_78
42
73
28
73
28
44
69
42
32_69
80
35
36
44
37
36_59_68
80
64_68
42_64
59_69
44
64_69
68
59
69
42
83
71
71
46_71
59_64_68
71
81
42
38
32_44
42_73
80
36
71
37
73
71
69
36
44
37
42
71
78
44
71
69
42
64
76
68
44
69
37
68
68
35
42
68_69
38_66
78
66
44_64
69
64
69
80
61
42
37
61
36_44
57_69
62
36_57_69
42_62
57
54
62_64
66
81
38
64
62
66_69
57
44
81
69
64
42
64
62
66
46
57_64
64
80
38
42
33
44
66
74
36
38
42_78
66
36
69
44_74
38
76
69
42
69
44
71
75
42
71
35
66
62
44
57
69
42
76
64
38
38
38
64
69
59
44
59
69
78
35
61
42
64
61
36_44
33
38
57
62
36
57
66_69
42_64
62
64
69
62
44_57_66
64
64
42_61_81
69
61
59
62
57
46
66
59
56
56
38
80
64
42
64
33_44
64
64
78
61
38_64
42
36
61
59
44
64
69
52
36
59
56
56
76
66
64
42
38
66
44
52_64
69
75
42_67
54
67
66
44_66
64
64
38_57
62_69
42
56_66_66
71
76
33
66
44_69
35_71
64
64
59_76
61
78
42
69
38
61
40
44
36_76
59
68
28_42_59_73
59
69
56_64
64
64
36
73
52
59
44_69
28_68
71
71
42_83
73
69
73
52
46
59
68
71
71_71
42
81
38_83
44
36_42
28
80
71
79
79
28
69
78
36
71
44
78
81
71
40_42_69
78
69
71
44
40
42
76
35
52
44_68
59_64
28
76
69_80
38_42
78
68
76
44
69
28
80
42
69
35
44
36
37
36_78
59_64
68_69
67
64
59
42
66
67
66
69
59
44
64
68
66
64
64
83
42
61_69
61
64
46_68
59
76
64_64
38_42
81
64
44
32
71
36_42
80
37
36
44_69_71
71
42
78
37
66
78
69
71
44
64
68
64_76
42
64
37
44_69
64
64
68_80
78
35
42
38_66_69
68
66
44
68
69
68
37
69
80
42
36
44
81
62
54_57_69
42_57_62
66
57_62
38_69
36
69
69
69
44
57
62
66
69
69
81
42
69_70
70
66
57
46_62
70
70
42
71_80
38
71
44
67
67
38
66
36_42
74
78
66
74
36
44
69
61
61
38
69
42_76
64
64
71
69
44
42
71
75
69
66
44_73
38
76
42
35
69
38
64
35_69
44
64
64_79
69
38
78
42
79
36
40
44
78
78
57
59
36_42_62
42_66_76
64_69
76
57_66_69
44_62
69
81
42
46
69
30_62_66
57
38
42_69
80
37
69
71
44
71
66_69_78
61
42
57
69
71
44
30
71
73
36_76
50
69
66_69
35
73
71
69
71
69
50_67_75
35
69_76
67
66
38
69
66
69
69_73
66
69_76
38_64
36
35
64
69
35
78
39_69
47_69
40
71
38
69
48
42
72_72
36_72
60_72
60
72
38_49
60
42
38
42_57_69_69
45
36
57
57
69
69_69
40
36
42
54
42
54
66_66
38
66_66
38_54
66
50
50_62
42
74
50_62_74
62
74
36
38
71
42
59_71
59_71_71
47_59_71
36
38
67
55
26_67
42
55_67
43_55
67_67
36
76
64_76
38
42_76
52_52_52_64_64
38
72
42_60
48_60
72
72
26
72_72
60
57_69
69
36
45_57
26_42_57_69_69
69
78
78
42
66
66
54_78
78
66_78
26_36
74
26_62
62
50
42_50
62
50_74
38_74
47
59_71_71
71
71
59
42
71
59
36
38
67
67
42_79_79_79
67
79
79
55
36
38
76
76
42
52_64
36
26_52_76
52_64
64
81
38_42_69
57
81
81_81
69
81
38_69
38
66
33
78
59_78
66_66
78
46_54
78_78
26
64
80
59_68_71
64
56
28
42
78
80
25
64
59
73
64
66
68
57
69
26
66
68
66
81
62
59
59
62
69
38
66
69
69
68
66
64
66
56
64
59
59
56
64
28
64
69_80
81
68
83
59
66
49_80
56
59
64
25_76
47
64
71
71
62_69
26
45
57
66
68
66
71
71
74
54
26_57
47_74
36_38_62
62
62
76
64_76
59
38_47_64_64
28_56
76
30_57
62_66
38_47
36_66_78
66
78
61
64
32_59
68
38_68_71
68_80
71
66
62
33
69
69_81
38
69
47
35
64
47_68
38
36
71_83
71_71
64
28_56_76
59_63_68
49_69
59_64
64_64_68
36_68
76
59_64
63_69
64
44_59
68
42_69_83
68_69
59
44
64
42
69
38_64_81
69
44
80
36
42_69
28
71
71
36
63_69
44
78
42_69
28
71
44
69
62
64_69
76
42_71
44
76
69
40
71
69_78
35_59
42
38
69
35_44
40
80
69
42
44
69
36
39
36_37_68_68
63
42_64_68
59_69
64_76
59
64
63
69
64
44
68
59
69
42_83
68
59
44
69
64
42_81
69
64
38
32
44
69
59
59
36_42_71
71_80
69
37
69
36
46
63_71
37
42_68
76
69
78
71
64
68
71
44
62
69
76
69
64_64_68
42
37
44
66
69_69_69
69_78
42
38
35_69_78
44
69
35
37
80
71_80
42_69_71
68
44
69
36
57_62
36_81
42_73
62_69
73
54_57
66_69
38_57_63
81
62
69
62
63
80
69_71
71
57
44_66_68
69
69_78_81
69
42
66
57
66
62
69
44
42
38_69
64
80
44
69
69_74
36_78
38_42
46
69
63_74
36
76
69
42_69
38
69
62
44
71
59
75
59_64
69
42_71
71
44_57
66
62
69
33
35
76
59_69
42_71
59
38
64
38_69
44_64
35_69_69
73_78
81
42_73
64
36
44
69
33
57
57_66
36
63
38_42_69
62
62
62
63
57
69
44
66
42
69
81
44
57_62
66
69
69_80
64_69
81
38_73
42_73
69
44
71
36
42_69_78
38
71
80
68
36
46_63
52_69
38
42_69
76
69
44_62
52
78
69
42_69
69
64_75
54
66
44
69
35
56
66
33_57
42_69_76
38
62
64_68
76
68
35
44
69
59
69
69
42
78
69_78
38_66
40
69
36
44
28
64_69
64_68_76
59_59_63_76
68
42
36
59_64_68
56
64
64
68
69
52_63
44
59
42
83
69
44
59
68
52_69
64
69_81
42
38
44
69
36
28_71_80
42_69
71
46
63
36_69
71
40
42_69
78
71
62
69
44
64
71
42
69
76
59_59
69
52
44
68
59
76
28
71
40
69
69
69
42_66_78
38_59
78
28
69
44
69
80
40
42
44
35
69
36
64
64_69
37_42_68_76
36
63_68
59
59_64
68
59
64_68
63
69
44
69
42_83
64
68
44_69
59
38
42
69
64
81
32
44_69
71_80
36
37
42
69
69
46
36
63
71
42
71_78
37
69
69
62_71
44
64
68_69
78
69
76
42_64_69
66
69_69
44
37
42_69_71_80
38_68
71
68
78
35
35
69
44
69_81
80
42
69_73
37_73
36
69
44
62
57_69_81
38_42_62
62
36_54
57
63_69
66
57
66
57
71_80
44_69
63
71
62
68
69
42
69
78_81
69
66
57
62
44
66_69
64
42_69
38
80
44
69
38_42
74
69_78
36
69
63
36
74
46
38_69_69
42
76
71
62
44
69
75
64
69_71
59
42_71
59
66_69
44_73
69
38
59
64
42_59
69_71_76
38
33
35
64_69
44
78
69
38_42
64
69
35
36
44
42_73
66_69_73_81
36_62_63
57
42_57_62_69
73
63
66
57_62
44
69
73
69
81
42_69
73
73
81
44_73
30_66
69
57
62
37
38_73
42_64_80
69_73
69
81
44_69
36_69_73
69_78
81
42
73
44
63
69
36
30
35
62
71
69
66_68
71
42_47_80
71
59_76
62
44
69
69_75
71
35_69
66
64_69_78
42
44
47
69
66
64_76
62
69
47_66
68_71
38_62
57
42_68_76
35_59
69
71
37_44
40
69
50_69_71_78
69
42_78
66
69
44
36
42
56
64_68
68
64_68
49_59_69
36_64
64
59_63
59_64_76
28_76
59
64
44_63_69
68
42_69
83
59_69
44
64_68
42
81
38_64
69
69
44
80
69
28
36
42
71
44
69
71
36
63
42
71
59_71
69
78
28
62
69
44
71_76
42
69
64
40_76
44
69
38
42_69
35_78
69
44
35
40
80
42
69
39
69
36
44
64
36_42_59_69
63
64_68
64
37_59_68
76
68_80
68
64
59_63_68
44_69
42_83
69
59
64
44_68_69
42
38_69
64
81
44
69
32
71_80
36_69
42_59
37_59
71
63
46_69
36
71
37
71
69
64
68_76
42_68
78
44_62
69
71
64
42
69
64_76
68
37_69
78
69
69
44
69
66
38
42
78
69
35
44
69
35
80
37_71
69
42_80
68
71
69
36
44
54_69_81
36_62
81
66
62
73_73
42_57_57_63_69
38_57
62
69
44
69
62
71
66_80
63_69
57
68
81
42
69_71_78
69
66
62
57
66_69
44
80
42_69
38
64
69
44
38_42
74
78
36_69
63
36_46_69_74
38
69
69
76
42
44
62
69_71
71
59
42_69
59
64_75
71
57_66
33_62
69
44
64
42
59
76
35_38_71
59_69
38
64
44_69
42_64
78
69
35
36
44
69
33
73
42_63_73
38_66_81
57
62
36_69
69
62
57
63
66_69
44_57_62
81
42
69
66
44_57
62
69
64_69_73
38
69_81
42
73
80
44
69
36_69_80
68
71
71
38_42
78
46
63
36
52_69
42_76
38_69
44_52
62
69
66
69
42
75
64_78
69
54
69
35_44
69
33
57_68
69
68_76
76
56_66
38
42
62_64
38
44
35
69
43
78
69
42_66_69
78
59
38
69
40
44
69
36
64
69
76
59_59_64_68
49_59
63_64
28
36_56_64_68
68
69
44_52_63
59
68
69
42
83
44
52
69
68
59
83
69_71
81
38_64
42
44
69
80
71
28
36
42_69
46
69
36_63
71
40
71
42_81
69
78
69
71
69
62
44
64
59
71
69
59_76
42
28
44_69
68
76
52_59
68
69_69
78
42_80
38_40
78
69
66
28
69
44
69
42
40_80
69
36
35
44
59
37_64
36_68
76
64
64_68
42_66_68_69
59_63
78
64
63
44
69
59_68
69
42
83
64
68
59
44
69
76
64
42
38
81
64_69
32
69
44
42
36_80
69
37
71
36_71
46
63
69
66
37
78
78
69_71
42
44
62
71
69
69
68_69
42_64
66_69
78
76
64
37
69
44_69
80
68_68_78
80
35
38_42_68_69
71
71
44
69
35
37
42_69_73
69_73
80_81
36
44
69
36
38_57_66_69
63
62
42_62_62
81
57_66_69
57
57_62_69
66
44
63
69
42
81
62_68
71
69_80
57
44_66
71
64
66
42_69_69
69
38_78_80
69
44
36
78
38
74
42_69
69_74
63
46
36
38
76
69
42_69
44_62
71
69
59_71
64_75
42
59_69
71
38
73
69
66
69
44
33
69
38
59_71
42_64
59
76
64
44
35
69
38
78
69
64
42
44
69
35_36
62
42_69_74
42_57
63
66_69_78_81
73
69_73
36
44_63
69
81_81
73
69
42
73
69
30
44
69
42
38_69
64_73
81
80
37
69_73
44_69
69
73_78
36_73
42_69
81
30
36
46
63_69
68_69
71_76
42
35_80
71
69
62
44
35
69
64
66_69
78
42
75
69
69
44
62
66
42
38
69
35_57_76
37
69
44
35
38_42
69_78
36
69
38
44
62
62
36_69
26
74
42_50
50_62
54_57
62
69
44
42
69
64
59
47_64
44_64_64
28_76
69
36_56
52
69
42
44
69
66
30_66_78
54_69
36_66
47
42_57
66
62
44
69
69
42
68
56_68_80
43_69
44
89
68
64_68
32_59
36_69
42
44_69
33
36_69
66_69
38_69
42_69
57
62
81
69
50
44
69
64
71_71
42
47_69_71
59_71
68_83
35
43
69
89
44
64_76
71_76
49
76
69
38_76
28_36
68_88
