63_63
75
63
80
68
63
68_75
68
80
70
82
63
63
68
51
51
70
51
70
82
56_56
51
72_84
70
72
56
39
58
39_56
58
72
84
73
72
85
73
39
63
63_73
58
65
44
58_61
39
61
65
44
65_77
65
85
73
65
77
65
65
77
65
44_65
44
70
82
61_61
37
58
58
65
70
37
82
70
77
70
70
82
70
70
37
70
82
58
58
60
80
68
37
68
60
39
39
63
63
65
65
68
68
70
70
82
80
63
60
60_70
82
58_67
63
79
70
67
58
67
79
67
58
67
63
79
63_67
58
63
63
70
82
67
67
63
63
70
79
63
70
63
60
68_82
68
80
60
70
39
39
60
60
68
68
80
68
60
80
68
60
39
39
39
39
63
39
39
60
68
63
80
68
60
39
39
39
39
39
39
44
44
56
63
63
56_75
63
63
56
63
63
56
75
63
63
44
63
56
56
63_63
44
75
63
39
39
63
63_63
75
56
63
56
63
56
63
63
56
63
75
63
63
56
63
63
75
63
56
60_68
68
80
63
60
63
68
63
63
63
75
63
68_80
63
39
39
63
63_63
63
39
39
68
68
80
58
58_60
75
63
60
63
39
63
63
39
68
39
63
80
63
67
39_67
79
68
63
63
79
67
67
63
67
79
63
67
63
67
58
58
63
39_58
79
63
63
67
75
58
39
58
58
63
75
63
63
39
58
75
51
58
63
39
51
51
51
39
39
51
58
58
39
51_75
63
39
63
51
51
39
39
39
51
51
39
51
39
39
51
36
56
56
36
63
75
63_63
63
63
75
63
63_63
63
56
63
56
75
63
63
51
51
63
75
63
63
63
63
63
75
63
63
36
36
63
51
63
63
63
75
51
55
60
67
67_79
39
60
55
39
67
60
79
60
72
60
67
60
55
55
39
39
36
36
60
36
55
36
55
72
60
62
56
74
55_56
62
36
53
53
36_55
62
60
74
56
62
72
53
53
56
60
53
53
53
53
60
53
72
56
60
68
56
53_56
53
56
53
56
56
55
56
60
53
60
68
53_56
72
60
55
60
60
72
60
60
60
36
55
68
80
68
63
63
36
55
68
63_63
80
75
68
63
63
75
63
36
51
51
36
63_75
51
63_68
36
68
36
51_80
39_56
56
39
75
63
63
63
39
68
56
80
39
68
56
67
79
38_38_67
55
55
62
62
67
62
62
74
79
67
55
55
38
38
38
55
55
38
62
74
62
62
74
62
55
38
38
62
55
62
62
62
74
60
72
60
60
51
51
36
36
60
60
60
60
72
60
36
36
36_51_51
60
60
55
72
36
55
60
60
36
60
60
60
55
56
68
60
36_56
32_51
56
72
32
51
55
58
56
58_68
51
51
32
56_56
32
56
68
32
32_51
56_56
51
58
56
68
56
51_58
32
32
56
51
32
68
80
51
32
68
63
51
63
51
32
51
32
68
68
80
63
68
32_51_72
68_84
51
72
32
63
51
51
32
72
32_68
68
32_63
51
68_80
84
32
51
72
68
63
68
68
63
68
51
72_84
51
56
39_72
39_56
32
32
68
63_80
84
68
72
56_56
39
72
39
68
68
72
68
84
39
56_72
39
56
56
68
56
68
63
39
39
36
84
51
51
80
36
72
63
72
68
68
36
51
36
63
51
68
68
55_72
84
67
55
36
36
80
63
72
67
67
60
67
55
36
72
84
36
55
72
79
51_67
36_60
51_67
36
67
67
79
60
36
67
79
51
62
36
43
55_67
55
60
43
62
51
62
62
55_67
67
79
55
43
43
67
79
62
62
55
67
55
43
43
62
43_55
67
62
75
63
51
58
39_51_55
79
43_63
39_67
58
58
63_75
39
63
51
58
51
39
63
58
39_75
51
63
51
58
39
75
63
58
51
39_51
58
63
39
63
68
63
36
80
56_68
56
36
63
68
75
68
60_80
63
63
60
63
36
56
63
63
56_75
36
67
60
35
62
62
55
55
60
67
79
35
62
62
62
62
62
79
74
62_67
67
55
55
35
55
35
38
38
55
62
62
74
62
60
62
60
72
60
60
55
55
60
38
60
60
74
53
62_72
38
56
60
36
53
56
62
36
56
56
74
62
72
60
53
53
48_53
62
53_60
36
32
32
36_48
32
32
53
56
68
72
60
48
53
60
56
48
51
32
32_56
56
51
56
56
53
53
32
56
51
68
53
51
56
36
60
72
32_55
36
55
55
60
53
55
55
55
72
60
60
63
63
75
63
63
55
63
63
63
63
68
68
80
63
75
63
36
55
36
63
68
75
80
63
68
63
63
63
63_75
63
75
51
63
63
63
39_51
39
39
51
51
39
56
56
44
44
44_51_56
51
39
39
56
44
63
75
51
51
39
39
63
51
39
51
39
63
51
63
39_39
51
75
63
51
63
51
39_39
63
63
63
63
39
63
75
51
63
51
51_63_63
75
63
63
51
39
63
63
51
75
68
80
63
63_68
63
60
63
51
68
39_63
63
80
68
39
60
63
39
39_58_58_63_67_67
79
63
58_63
58
67
79
58_63_63
75
55
55
67
58
58
58
55
63
63
75
55
63
58
58_63_75
55
55
39
39
39
39
39
39
63
39
39
58
55
63_75
58
55
39
39
34
55
55
34
34
55
63
34
75
56
56
63
36
36
55_56
56
63
36
56
56
56
36
51
63
68
51
80
75
39_39
56
60
60
68
68
39
60
51
60
51
80
56
56
36
39_63
68
36_75
63
60
60
60
63
75
63
60
63
75
63
36
56
56
36
60
32
32
60
60
63
75
60
63
63
63
75
63
63
63
63
60
63
32
60
63
32
75
67
34_79
34
61_63
63
67
61
34
34
67
79
67
34
63_65
77
58
34_58
65
63
61
61
61
61
34
58
58
61
65
34
43
43
58_65
63
61
75
58_63
58
77
58
43
41
43
41
41
58
39_41
39_58
58
63
75
63
58
39
39
56_56
68
80
68
56
36
36
56
36
36
34
34
56
68
34
63
80
72_84
72
63_68
32
34
32
56
72
68
80
68
72
84
56
32
32
63
68
68
80
63
56
63
68
68_80
30
60
63
42_60
56
60
60
56
56
56
56
56
68
80
56
63
56
68
63
56
65
77
65
56
65
65
56
56
65_65
42
65
70
30
65
82
65
77
65
62
62
29_41
70
65
65
82
68
70
80
65_65
58
58_68
70
62
62
65
58
65
58
68
82
68_80
70
65_65
58
70
58
58
58
68
82
70
70
80
68
58
58
65
58
58
65
68
41
29
80
68
63
67
27_63
67_79
58
39
58
63
63
61
61
79
67
67
58
58
27
61
39
61
60
30_60
68
60
80
42
68
60
60
68
68
80
60
60
60
60_80
68
68
60
63
63
42
30
60
60
63
68
61
70
63
65
80
68
61
29
70_82
41
65
61
61
29
41
27
60
60
39
60
39
60
27
37
37
58
58
65
37
63
37
39
63
65
39
58
39
58
63
56
32_56_63
60
60
80
68
70
68
39
32
82
70
32
56
60_68
60
80
68
56
32
