42
42
42
40
40
40
40
40
40
40
40
36_46
58_65
62
46
53
58_69
36_42_44
34
42_62_69
36
44
65
82
82
46
46
53
53
58_69
36
58
62
36_69
62_65
65
82
82
65
62
58
46
53
40
46
40_46
53
53
58_58
62_62
65
65
40
65_65
40
62_62
58_58
53_53
46
46
46
69
40
34_44_62
69
40_44_62
58
82
62
82
65
53
58
62
65
65
62
58
53
46_58
62_65
53
46
58
62
65
69
34_40
69
40
82
82
62
58
65
46
41
53
60_69
48
65
58
53
62
57_65
69
36_44
41_60
36_69
44
65
82
82
34
60
65
69
41
48
53
57
41_69
40_63
60
69
40_63
65
82
82
39
46_63
58_67
51
69
36_44_64
39_55
36_69
44_58_64
82
63
82
63
58
67
39
46
51_69
40_64
39_55
40_69
58_64
82
63
82
46
58
65
53_62
58
69
34_36_44_62
69
36_44
65
82
82
46
53
46
58
53
62
58
36_69
65
62
69
36_65
82
82
65
46
62
58
53
40
40
46
65
46
58
53
53
58
62_62
65_65_65
40
62_62
40
58_58
53
53
46
58
62
69
40
34_44_62
46
69
40_44_62
65
82
82
46
53
58
62
65_65
58
62_65
62
58
53
46
46
53
69
34_40
58
69
40_62
65
58_82
62
82
65
46
58
60
41
65_69
48
53
53
69
36_41_44
57
36_60_69
44_62
65
82
65
82
34
65
60
69
41
48
53
69
40_63
57
40_60_63_69
82
65
41
82
39
46
67
63
58
51
55_69
36_44
39_58_64
69
36_44_64
63_82
82
63
58
67
39
46
51
69
40_55_64
58
69
40_64
82
63
82
39
40
40
58
65
62
46
53
69
36_44
34_58
69
36_44_62
65_82
82
46
53
46
58
53
69
36
62
58
65_69
36_62
65
82
82
65
62
46
58
53
40
46
40
46
53
53
58_58
62
62
65
65_65_65
62_62
40
58
58
40_53
53
46
46
69
40_44_62
40_44_69
62_62
58
46
82
65
82
34
53
58
62
65_65
62
58
53_58_65
62
46
46
53
58
69
34_40
62
69
40_65
82
58_62
82
65
46
60
62
65_69
41
53
48
58
69
36_41_44
53
57_69
36_44
65
60
82
65
82
34
65
60
69
41
48
40_53_63
57
40_63
60
41
65
39
58_67
46_63
51
55
69
36_44
39_58_64
69
36_44_64
63
82
82
63
58
67
39
46
51
55
69
40
58_64
40_69
64
63
82
82
39
46
53
58_62_65
69
58
34_36_44
62
36_69
44_65
82
82
46
46_53
58
53
62_69
36_58
65
62_69
36_46
65
82
65
82
62
58
53
46
65
46
53_53
58
58
62_62
65
65
65
40
40
62_62
40
40_58_58
53
53
46
46
46
69
40_44
62
69
40
44_62
58
82
82
62
65
53
58
62
65
65
62
58
53
46
34
46
53
58
69
34_40
62
69
40_65
82
70
82
70
65
60
34
69
46_65
53_60
58_69
57
36_41_44
53_62
69
36_44
48_65
82
41
82
41
48
53
65
57
60
60
69
40_57
63
53
69
65
40
48_63
82
41
82
41
48
53
41
57
48_60
69
36_44_64
41_53
36_69
44_64
57_65
60
82
65_82
65
65
60
41
48_57
69
40_53_64
53
48
40_69
57_64
60
82
41
82
65
41
40
40
60
69
65
65
65
65
46
53_60
57
58
69
34_36_44
53_62
48_65_69
36_44
82
41
82
58
62_65
46_46
53
53
58_58
69
36
62_62
65_69
65
36
82
62
82
58
65
40
65
46
40
62
58
53
46
40
40
46_58_62
65
53
53
58_58
62
62
65_65
69
40_44
62
69
40_44_62
82
34
62_82
58
65
65
62
58
53
46
62
65
46_58
53
58_65
62
65
65
69
38_40
62
69
40
58
53
82
62
58_82
46_65
38
46
53_58_65
62
58
62
65
65
69
36_44
41_62
69
36_44
58
53
82
46_82
46
53
58
46
62
53
65
69
40
63
58
69
40
62_63
65
65_82
82
41
62
58
65
58
62_65
46_65
53
62
69
36_38_44_64
58_58
69
36_44_64
53_62
65
82
46
82
62
58
65
65
46
53
58
62
65
65
62_69
38_40_64
65
58
69
40_64
53
82
46
82
46
53
39
46_58
62
51
65
69
55
36_44
39_58
65
69
36_44
67
63_82
82
39
46
39_67
46
63_67
58
51
51
55
69
36
55
58
58
69
36_70
63
63_82
63
58
82
55
51
63
46
67
39_40
58
40
40
40
39_39
46
46
51
51_67
55_58_63
55_63
58
58
63_63
69
40_44_62
69
40
44_62
82
63_82
58
55_67
58
51
46
39
39
39
46
63_67
58
51
55
58
63
58
63
55
40_43
51
40
46
39
63
58
67
69
69
82
82
67
39_58
63
46
43
63
51
58
55
69
55
58
36_44
46
51
36_69
44_46
63
70_82
39
82
39
72
46_46
39_51
46
55
51_58
40_63
55
40_63
58_63
63
63
39
63
58
67
58_67
63
63
58
46
55
69
36_44
43_51_64
51
55_69
36_44_46
64
58
82
39
82
63
67
58
72
39
46
51
63
70
55
58
58
55
40_64
51
63
46
40_43_64
39
39
70
46
58_65
46
51_62
53
55
74
58
58
62_69
36_44
34_65
63
69
36_44
82
82
46
74
53
46
58
53
62
58
65
65
62
36
65
36
46
65
62
58
69
53
69
46
82
82
40_40
40
40
46
53_53
58
58
62_62
65_65
69
40_44_62
69
40_44_62
82
82
58_62
65
65
62
58
53
46
34
65
58
62
46
53
58
62
65
65
62
58
34_40_53
40
46
62
58
65
69
69
82
82
65
69
41_65
34_60
48
53
65
57
62
60
58
69
36_41_44
53
65
36_69
44
46
82
82
65
60
69
41
48
53
57
60
69
40_63
41
65_69
40_63
82
82
39
46
67
58_63
51
55
69
58
36_44_64
39
69
36_44_63_64
82
82
63
58
67
39
46
51
55
58_69
40_64
39
40_64_69
63
82
82
46_62_65
58
53
69
34_36_44_58
69
36_44_62
65
82
82
46
46
53
53_58
36
58_62
65
36_62
65
40
65
40_62
58
53
46
40
65
40
46
46
53_53
58
58
62_62
65
65
69
40
44_62
69
40_44_62
82
82
62
58
53
34
46
46
53
58
62
65
65
62
58
40_69
41_53
69
40
46
82
82
46
53
65
58
62
62
58_69
65
36_44
53
69
36_44
46
82
82
46
46
53
53
58_58
62
62
65
40_63_65
40_63
69
69
41
82
82
46
53
65
58
62
62
69
58
36_44
41_64_65
53
69
36_44_64
46
82
82
46
65
53
58
62
65
65
62
58_69
40_64
53
69
40
64
46
46_82
82
40
40
41
53
58
46
62
53
65
65
65
58
69
34_36_44
62_65
69
36_44
82
82
58
62
65
58_65
62
46_46
65
53_65
53
46_58
58
69
36_62
62
65_69
36_65
82
82
62
58
58
65
40_65
62
40_58
53
46
40
40_46
53_65
53_62
58
58
62
62
65_65
69
40_44
62
69
40_44_62
82
62
82
58
65
65
62
58
53
34
46
58
62_65
46
53
65
58
62
65
65
62
40_69
38_58
53_62_69
40
58
82
65
46
82
58
65
62
46
53
58
62_65
62_65
69
36_44
41_58
53_69
36_44
38
82
46
82
46
53
46
58
53_62
58_65
69
40_63
62
40_63_65_69
82
82
41
58
62
65
58_62_65
46
65
53
62
58
58_69
36
38_44_64
53_62
69
36_44_65
64
46
82
82
62
58
65
46
65
53
38
58
62_65
62
65
69
40_58_64
53
69
40_64
46_82
82
46
53
39_65
67
58
46
62
51
65
55
69
36_39_44
58
69
36_44
63
82
82
39
46
39
67
58_63_67
46
51
51_70
55
58
36_55_69
58
69
36_63
63
82
82
63
63
58
58
55
67
40
51
46
40
39
63
39_39_40
46_46
40
51
51
55
55
63_67
58_58
58
63
63
69
40_44_62
69
40_44_62
82
63_82
58
67
58
55
51
46
39
39
39
46
51
55
58_63
58_67
63
58
63
55
51
46_69
40
43
40_69
39
82
63
82
58
67
39
58
63_67
39
63
46_58
51
55
55
43
51
69
58
36_44_46
46
36_69
44
63
82
82
70
63
58
39
55
46
51
51
46
72
55
58_69
39_40_63
69
40_63
63
82
46
82
58
63
67
58_63_67
63
39
58
46
55
51
51
55
46
58
69
36_44
43_64
39_63
69
36_44_64
63
82
58
82
67
72
74
39_63
46
58
51_55
55
51
58
46
69
40
64
63
39_69
40_64
82
82
43
69
60
63
63
41
58
48
74
55
53
51
46
57_69
36_44
41_60
69
36_39_44
65
82
72
82
41
41
48
48
53
53
57
57
60_69
36
60
36_69
65
65
82
41
82
65
60
57
40
53
40
48
41
40
41
40_48
48
65
53_53
57_57
60
60
65
69
40_44_62
69
40_44
62
82
82
65
41
60
57
53
48
41
41
48
53
57
60
65
60_65
57
69
40_45
53
48_69
40
82
41
82
45
41
48_65
53
60
57_57
69
36
44_48_60
53
69
36_44_48
65
82
41
82
65
65
41
60
48
57
53
53
57_69
40_48
60_63
69
40_63
41
82
82
48
65
60
41
57
48
53
53
69
48
36_44_64
45_57
69
36_44_60_64
41
82
65
82
65
65
41
60
48
57
53
40_64
53
57
40
48_64
60
41
45
69
69
82
82
65
41
48_60
57
53_69
36
41_44
53
57_69
36
44_48_63
82
41_65
82
41
65
53_72
41
48
48
36_53
57
36
57
63
63
65
65
63
40
57
40_53
48
41
41
40
65
40
41_41
48_48
53_53
57_57
63_63
69
40
39_44_62
69
40_44_65_65
62
82
82
63
57
53
48
41
41
48
53
65
57
63
63
40_69
57
65_69
40
53
48
82
82
41
41
39
41
65
48_69
63
36_44
38_53
57
69
36_44
57
53
63
82
48
82
65
65
63
41
48_57
69
40
53_63
53
40_48_69
63
57
63
82
41
65
82
65
38
41
48
53_63
57
57_69
36_44_64
36_53_63
69
36_44_48_64
65
82
41
82
41_65
48_63
53_57_70
53
57_69
40_64
48_63
40_69
64
69
41
65
82
60
63
82
40
40
36
58_62
65
46
53_65
58_63
57
62
65
69
53
34_36_44
48_74
69
36_44
41
82
70
82
46
46
53
53
58
58
62
62
65
65
69
36
69
36
46
82
82
65
62
40
58
40_53
46
46
40
53
53
40
58
58
62_62_74
65
65
70
69
40_44
62
69
40_44_62
82
34
82
65
62
58
53
46
46
53
58
62
65
65
62
58
69
38_40_53
40_69
46
82
82
70
46
38_53
58
65
62
62
65
58
69
53
36_41_44
69
36_44
46
82
46
82
53
72
46_58
62
53
65
58
69
40_63
62
40_69
63_65
82
82
41
46
53_65
58
62_69
36_38_44_64
62
58_69
36_44
53_64_65
82
46
82
70
46
53
72
58
62
65
65
69
40_62_64
69
40_58_64
53
82
46
82
38
58
70
46_74
53_68
58
46
62
65
53
69
36
34_44
56
36_69
44_62
65_82
82
46
46
53
36_53_69
56
56
69
36_62
62
65
82
65
82
65
40
62
40_56
53
46
40
40
46_46
53
53
56
56
62_62
65_65
69
40_44_62
34_69
40_44_62
82
82
74
65
62
56
53
46
46
53
56
62
65
62
69
40
38
56
69
40_53
65
82
46
82
46
53
56
62_65
65
69
62
36_41_44
38
56
36_44_69
53
82
46
82
46
46_53
53_56
56
62
65
62
69
40_63_65
69
40
63
82
82
41
46
53
56
65
62_69
36
38_44_64
62_65
69
36_44
56_64
53
82
46_82
46
53
65
56
65
62_69
40_62_64
65
69
40_64
56
53
82
68
82
46
46
38
40
65
40
62
39
46
63_67
51
53
55_58
56
58
69
36_44
39_62
65
63_69
36_44_67
82
82
65
39
39
46
46
51
51
55_67
55_58
69
36_58
70
63_69
36
63
82
39
82
63
58
55
40_51
46
40
39
40
39
40
46_46
51_51_63
55_55
58_58
63
39
69
40_44
62
69
40_44_62
82
82
63
58
55
51
46
39
39
46
51
55
63
58
58
55
63
51
69
40_43_46
40_69
39
82
82
39_63
46
58
51_55
55
51
58_69
46
36_44
43_46
36_44_69
63
39
82
82
39
70
63
58
55
51
46
46
51
72
55
39
69
40_63
58
69
40_63
63
82
82
46
39_63
46
58
51
55
55
51
58
46
63
39
69
36
43_44_64
69
36_44
64
82
82
72
74
63
39
63
46
58
51
55
55
51
58
46
39_69
40_64
69
40_64
82
82
43
63
58
74
39_55
51
46_70
46
51
55
39_69
36_44
39_58
69
36_44
63
82
82
39
55
63
46
39
46_51
69
51
36
58
55
69
36
58
82
63
82
63
58
40_55
51
40
46
39
40
39
39
40
46_46
51_51
55_55
58_58
63
63
69
40_44_62
40_69
44_62
39
63
82
82
58
55
51
46
39
70
39
46
51
55
58
63
58
69
40_43
55
40_51_69
46
82
39
63_82
39
63
39
46
51
43
55_58
69
36
44_46
55_58
69
36_44
51
46_63
82
82
39
63
46
58
51
55
55
69
40_63
51_58
69
40_46_63
63
82
39
82
39
63
46
39
46
58
51
55
69
36
43_44_55_64
51_58
69
36_44_64
46
63_82
82
39
63
46
58
51
55
69
40_40_64
51_55
65
46_58_69
40_40_64
39_63_82
82
39
63
43
58
41
48
58
67
63
53_55
69
36_41_44
51_57
36_60_69
44_46
82
65
82
65
60_63
65_69
41_41
48_48
53
53
36
57_57
60_60
36
65_65
63
60
69
41
65
60
57
53
48
41
40
40
69
40_40
63
60
65
41
48_65
48
53
53
57_57
60_60
65
69
40
44_62
65
40_41_44_69
62
82
63_65
82
60
69
65
60
57
53
48
41
69
60
63
41
48
53
57
65
60
60
69
40_45
57
69
40_53
48
82
41
82
63
60
69
65
69
60_63
41
65
48
60
45
53
69
36_44_48
57_57
53_69
36_44_60
48
82
65
41
82
65
41
65
60
57
48
53
69
40_53
48_63
57
69
40_63
60
41
82
82
63
60
69
69
48
60_63
65
60
41
57
48
53
53_69
36_44
45_64
48_57
36_69
44_64
60
41
82
63
65
82
60
69
65
65
65
41_60
48
57
69
40_64
53_53
48
69
40_57
64
60
41_82
82
40
40
45
41
48_65
53_60
57_57
63_69
36
41_44_53
48
69
36_44
65
82
41
82
41
65
65
60_63_69
41
48_65
48
53
53
57
36_57_69
63
63
69
36
65
82
63
60
82
69
40
40
65
63
57
53
48
41
40
65
40
60
69
41_41
63
48_48
53
53
57_57
63
63
65_65
69
40_44
62
69
40_44_62
63
82
60
82
69
63
41
57
53
48
41
41
63_69
60
48
53
65
57_65
63
63
57
53
65
69
40_48
45
40_69
41_63
82
60
69_82
41
69
60_63
65
63
41
57
45
48_53
69
36_44
48_48_53
57_69
36_44
63
82
65_82
67
65
63
41
57
48
53
69
40_63
48_53
65
40_57_69
63
63
41
82
65
82
60_63
69
48
60_63_69
41
48
63
53
57
57
53_69
63
36_44_64
45_48
69
36_44
64
65
41
82
82
63
60
67
69
65
41
65
48
63
53
57
57
53
63_69
40_64
48
69
40_64
65
41
82
45
82
40
40
65
46
65
65
53_58_62
63
70
58
57
62
53_69
36_44
34_65
48
69
36_44
41_82
82
46
46
53
53
58
58
62
62_65
69
36_65
46
69
36
82
82
65
62
58
53
40
46
40
46
53_53
62
58
58
62
65_65
40
40
46
53
65_65
62_62
58
58
53
53
46
46
69
40_44_62
40_69
44_62
82
82
34
58
62
65
58
62
65
65
62
46
58
53
53
58
58_62
65
62
46
65_69
34_40
40_69
82
82
62
58
65
46
41_62
53
48
65_69
53_58
60
34_57
69
36
41_44_65
60
69
36_44
65
82
82
65
60
69
41
48
53
41
57
69
40_60_63
69
40_63
65
82
82
70
39
46
67
58_63
51_69
36_44
39_64
55
69
36_44
58_64
82
63
82
63
58
67
39
46
40_69
51_64
55_69
40_64
39
58
82
63
82
62
58_65
46
53
69
58
36_44
34
62
69
36_44
65
82
82
46
46
53
53
58
58_69
36
62_62
36_69
46_65_65
82
82
65
62
58
53
40
46
40
65
46
53
53
58_58
62
62
65
40
40
65_65
46
62_62
58_58
53_53
69
46_46
40_44_62
69
40_44
62
82
82
53
58
62
65
65
62
34
58
46
53
53
58_69
40_46
34
62_69
40
65
82
70
82
70
34
70
65
46
62
53
58
69
36
41_44_58
53
62_69
36_44
46_65
82
82
70
46
65
53
62
58
58
40_69
62_63
53
65
69
40_63
46
82
70
82
46
53
46_58
69
36_44
34_53_64
62
65_69
36_44_58_64
62
82
65_70
82
70
70
46_65
67
69
40
53_64
62
58_69
40_64
58
53
62
82
65_70
46_82
70
34
62_65
58
58
63_67
39
46_65
69
36_39_44
51_62
36_69
44_58
55
53_58
82
67
82
46
63
39
39
46
46_69
36
51_51_67
69
36
55
39_55_67
58_58
82
82
63_63
58_63
58
55
40
51
46
40
39
39
63
40
46_46
40
51_51
55_55
58
63
69
40
44_62_63
69
40_44_62
82
82
63
58
55_67
51
46
39
39
46
39
51
55
58
63
63
69
40_43_58
58
69
40
55
51_82
63
46
82
39
39
67
46
63
69
43_51
36
44_46_58
55
69
36_44_55
58
51
82
46
63
82
39
58
63
39
63
46_63
69
40
51_58_63
40_55_69
63
55_58
51_82
46
82
67
39
67
46
58
39
46
63
69
36_44_64
43_51_58
36_69
44_55_64
55
58
51
82
63
46
63_82
39
39
63
70
58
55_63
46
51_69
40_64
46_51
40_69
58_64
55
39_58
82
82
63
63
67
58
63
69
60_65
41
63
48_58
53
55
69
72
51_57_69
36_41_44
46_60_60
69
36_44
70
39_65
82
82
65
43
65
60
41
69
53
69
65
60
48
57
60
72
65
41
44
44
67
58_63
39
46
63
58_67
51
36
39_40_55
58
36_40
70
63
67
63
63
58
58
67
38
46
39_70
50
46
51_53
39_57_62_65
58
36_40_44
38_39_69
55_57_62_65
58
36_40_44_62
39_63
38
57
62
65
65
57
62
69
46
50_65
53
58
62
38
65
55_60
63
48_67
55
36_36_40_44
60_63
55_58
36_40
44_63
60
63
55
60
63
55
67
48
62
55
58
63
36
62
58
53_62
65
69
36
34_44_46
69
36_44
53
58
82
62
82
65
46
46
70
36_69
53
69
36_58
53
62
82
58_65
62
82
65
65
62
58
53
46
40_40
40
40
46_46
53
53
58_58
62
62
65
65
69
40
44_62
65_69
40_44_62
82
82
70
65
62
58
53
46
46
53
58
62
62
65
65
65
69
38_40
62
40_69
58
53
34
82
82
46
46_70
53
65
69
36_41_44
58_62
36_44_62_69
62
58_65
53
82
38
82
46
65
46
62
65
53
58
40_63
53_58
62
40
63
65
46
65
69
69
82
82
70
46
65
53
65
58
62
62_62
65
58_69
36_44
29_64
53
69
36_44
64
46_82
41
82
46
53
70
58_65
62
62
65_69
40
58_64
53
69
40_62_64
82
46
82
29
46
68
53
56
65
62
62
62
69
65
36_44
34_58
53_69
36_44
70
82
46
82
53
46
46
53
53
56
56
62
65
62
65_69
36
68
36_69
46
65
82
62
62
82
56
53
46
40
40_65
46
53
53
56_56
62
62
46
65
40
40
65
65
62
62
56_56
53_53
46
46
69
40
44_62
69
40_44_65
62
82
82
68
53
56
62
65
46
65
53
62
56_56
53_62
65
46
69
38_40
62
69
40
65_82
34
82
46
53
56
62_65
65
62
56
69
36
41_44
53
69
36_68
44
46
82
38
82
62
46
53
56
62
65
65
62
56
65
40
53_63
40_63
46
46
69
69
82
68
82
53
56
46_62
65
53
62
41
56
69
36_44
34_62_64
65_69
36_44_64
82
65_82
67
68
46
53
65
56
69
40_62
62
56
40_65_69
58
53
62
82
46
82
62
34
68
58_63_67
60_67
65_68
39
69
36_39_44
46_62_62
69
36_56
44_51
53
55
82
58
46_82
60_67
63
62
67
39
46
39
69
36_51
46
36_69
51_55
58
55
82
58
82
63
63
39
63
58
55
51
46
39
40_40
40_40
39
63
46
46
51_51
63
55
55
58_58
69
40
44_63_63
69
40_44_63
82
82
63
58
55
51
46
39
67
39
46
39
51
55
58_63
58
58
69
40_43_55
63
51_69
40
46
82
63
39_82
39
63_67
46
58
51
69
36_44_46
55
55_69
36_44_51_58
46
82
43
63
39
82
63
58
63
63
39_58
46
55
69
40_51_51
63
46
55_69
40
58_63
67
39
82
82
67
39
46
51
63
55
58
58_58
55
69
51
36_44_64
43_46_63
63_69
36
44_64
39
82
82
46
39
46
63
51_58
55_55_63
70
51_58
46
69
40_64
63
69
40_64
39
82
82
58
58
63
67
63
63
58
60_69
41
55_65
69
48
51
46_60_72
53_69_69
36_40_44_62
41
57_69
36_40_44_69
39_62
60
82
70_82
65
65
82
82
43
65
60
69
69
41
57
65
60
48
53
72
60
65
41
63_67
58
36_40
39_44_70
36_40_44_63
58_67
39
46
51
55
58
67
63
63
63
58_58_67
70
36
38_40_44
38
57_62_65
36_46
40_44_69
50
57
39
62_65
53
46_58
51
55_62
39
58
63
62
65
57
38
50
65
62
57
69
65
46
38
53
58
62
65
48
60_63
55_55
58
63
36
36_40_44_63
60_67
36_40_44
55
55_60
63
60
63
55
48
55
58
67
63
62
36
62
46
53
58
69
34_36_44
62
53_58
62_69
36_65_65
44
82
82
46
69
69
82
46
53_82
58
62
53_65
58
70
36
62
36_65
65
62
40_58
53
40
46
46_46
40
53_65
53
40_58
58
62
62
65
65
65
69
40_44_62
40_69
44_62
82
82
62
58
53
70
46
46
53
58
62
65
65
62
62
58
65
34_53_69
38_40
69
40
46
82
82
46
53
70
58_65
62
62
58_65
69
36
41_44_53
69
36_44
38
46
82
62
82
46
53
65
58
62
62_65
58
65
40_53_69
63
69
40_63
46
82
82
65
70
65
46_65
62
62
53
58_58
69
36_44
29_53_64
41_62
69
36_44_64_65
46
82
82
70
65
46
62
53
56
58
69
40_53_64
62_62
69
40_46_64_65
82
82
65
46_62
56
53_68
69
34_36_44
53_53_56
62
36_69
44_62
70
46_65
82
82
29
46
46_53
56
53
68_69
36
56_62
62_65_69
36_62
65
82
82
46
40
65
40
62
56
53
46
46
40
53_53
40
56
56
62_62
65
65
69
40_44
62
69
40_44_65
62
82
82
68
65
62
56
53
46
46
53
56
62
65
65
62
56
34_53
69
38_40
69
40_46
82
65
62
82
65
62
56
53
69
36_44
41
68_69
36_44_46
38
82
62
82
65
62
56
53
69
40
63
65
46_69
40_63
82
82
68
46
53
56
41
65
62
65
62
56
53
69
62
36_44_64
34_65
36_69
44_64
46
82
82
46
65
53
62
56
56
62
53
65
67
46
69
40
64
69
40
64
65
82
62
82
58
62
40
40
65
68
62
56
39_67
53_63
46
34_58
51
46
55_69
36
39_44
58_62_65
69
36
44
63
67_82
82
62
39
39_46
46_51
55
51_67
58
55
36
58
36
63
67
63
39
63
58
55_69
51
69
46
82
39
82
40_40
40
40
39
46
46
51_51
55_55
58
58
63_63
69
40
44_62
63_69
40
44_62
82
63
82
63
58
67
55
51
46
39
39
46
51
63
55
58
39_58
58
55
69
40_43
51
69
40_46
63_82
39
82
63
39
58_67
46
55_69
36_44
46_51_51
43
36_69
44_46
55
58
82
39
82
63
58
63
39
63
58
55
63
51
69
40_46_63
46
51
69
40_63
55
39
58_82
82
67
46
39_63
58
46_58
55
51
51
69
55
36
44_64
43
46
58
67
36_69
44_64
63
39
63_82
82
39
63
70
58
63
46_55
51_51
46_69
40_64
55
69
40_58
39_64
63_82
58
82
58
63
63
67
41
63
48
58
53
60_69
55_65_69
60
57
65_72
51_60
46_69
36_40
41_44_62
65_69
36_40_44
62_70
39
82
43
82
69
65
60
65
41
69
60
48
53
72
57
60
65
41
70
72
70
72
70
70
74
58
53_62
69
34_36_44
36_69
44
82
46
82
53
58
62
65
74
46
69_70
36
53
69
36
58
62
82
46_65
82
53
65
58
62
65
65
62
46
58
53
46
40
40
40_40
46
53_53
58_58
62_62
65_65
65
69
40
44_62
69
40_44
62
82
82
65
46_62
58
53
46
70
34
53
58
62
65
65
40_62_69
38_65
62_69
40
58
82
53
82
46
70
46_62
69
36_44
41_53_65
58_69
36_44_62
58_62
82
65
53
82
46
38
46
65
65
65
69
40_62_63
53
58
69
40_58_63
53
62
82
46_65
82
70
46
53
62_65
58
69
62
36_44_64
29_62_65
58
36_69
44_64
41_53_65
82
46
82
46
62
53_65
69
40_58_62
64
58_70
62_69
40_64
53_65
82
46
82
46
65
53
62_69
36
34_44
58_62
58_69
29_36
44_53_62
70
65
82
46
82
46
46
53
58
53
62
36_62
70
58
65
36
62
65
65
69
40
62
40_69
58
53
82
82
46
40
46_46
40
53_53
58_58
62
62
65
65
65
69
40_44
62
69
40_44_62
82
70
82
65
62
58
53
46
46
53
58
62
65
65
62
58
62_69
40_65
38_53
69
40
46
82
82
34
46
38
65
53
58_62
58
62_69
36_44
41_53_65
36_69_70
44
62
46
82
82
65
46
65
53
62
58_65
58
53_62
69
40_63
65
40_69
46_63
82
82
70
46
53_65
62
58
62
65_65
58_62
53_69
65
36_44_64
38_65
41_69
36
44_46_64
82
82
46
65_65
53
62
65
58
58
53
62
65
65_69
40_64
46
40_64_69
82
62
82
53
58
62
65
38
41
62
48
65
53_58
53
57
69
29_36_44_62
60
69
36_44_46
65
82
82
41_62
48
53
41
57
48
60
69
60
53
63
57_65
69_69
36_67
60
69
36_41
65
82
65
82
60_67
57
63
53
69
48
60
40
41
40
41
40
48_48
40_53
53
57_57
60
60
63
60_65_65
69
63
69
40_44_62
40_65_69
44
62
82
65
63
60
82
60
69
57
53
48
41
65
41
48
53
69
57
63
60_65_69
60
60_63
57
53
60
48
69
40
33
41
69
40
82
82
60_63
29
69
69
60
63
41_65
48
60
53_57
57
53
33_60
48
69
69
36_36_44
41_65
36_69
44
82
60
65
82
65
41
60
48_65
57
53
53
57
48
60
65
69
40_63
41
69
40_63
82
82
63
60
69
69
60_69
41_65
63
48_60
53
57
53_57
60
48
65
60
69
33_36_44_64
41_65
69
36_44
64
82
63
82
65
41
36_60_65
69
65
65
48
60
53_57
53_57
69
48_60
60
69
40_64
41
69
40_64
82
82
65
41_65
48
60
51_57
53_57
65
60
48
69
36_44
29_65
41_60
69
33_36_44
82
82
69
41
60_63_69
48
41
51
48_57
65
51
60
69
57_65_69
36
60
67
69
60
36
65
82
82
63
60
69
65
40_60
57
40
51
48
41
40
41
41
40
48_48
69
60
51
51_63
57_65
57
60
60
63
65_65
69
40_44_62
40_69
44_62
82
82
63
60
69
60
57
51
48
69
41
41
48_69
60_63
51
63
65
29
60
57
65
51
60
48
57_69
33_40
60
69
40
41
82
82
41_63
60
65
69
67
69
60
63
41
48
60
51
57
57
69
51
60
69
48
36_44
36
33_69
36_65
44
82
82
60
41_65
60
48
51_57
63
51
57
48_60
69
40_63
41_69
40_65
63
65_82
82
60_63
69
69
41
48
51
60
69
57
57_60_63
60_65
51_63
48_60_69
65
36_44
29_64
36_69
36_44_64
41
82
82
63
69
60
41
65
48
60
51
57
65
57
51
60
48_70
63
65
40_64
41
40_64
60
69
69
82
82
63
65
58_65
62
60
29
57
46
51_53
48_58
69
42_44_62
34
36_41
65
69
44
82
42
36_82
46
53
46
58
53
62
58
65
67
62_69
36
65
69
36
82
63
46_82
65
62
40
58
40_53
46
46
40
53
53
40
58_58
63
67
62_62
65_65
40_44_69
34_62
69
40_44_62
82
82
65
62
58
53
46
46
53
58
62
65
65
62
58
58
53
69
34_40
46_69
40
82
82
62
65
41
48
69
53
60
65
57_65
60
62
58
65
53
36_44_69
41
36_46_69
44
82
82
34
70
65
60
69
41
48
53
57
60
65
41
69
40
63_69
40_63
82
82
58
63_67
39
46
51
36_55_69
39_44_64
58
69
36_44
64
63
82
82
63
67
58
39
46
51
55_69
40_64
39_58
69
40_64
63
82
82
46
53
58
62
65
62_65
58
69
34_36_44
69
36_44
82
82
46
46
53
53
58
58
62
62_65
65
69
36
69
36
82
65
62_82
58
53
46
40
65
40
46_46
53
53_58
58
58
62_62
65_65
40
65
40
62_62
58
46
53_53
46
40_44_69
34_62
69
40_44
62
82
82
46
53
58
62
65
65
62
46_58
53
53
58
58
46
62
65
69
34_40
62
69
40
82
65
82
46
60_69
65
41_53
48
58
53_62
57_65
60
69
36_41_44
69
36_44
65
82
82
34
65
60
69
41
48
53
57
40_60_69
63
69
40_63
65
82
41
82
67
39
58_63
46
51
55
36_69
39_44_64
58
69
36_44_64
63
82
82
63
67
58
39
46
51
55
40_69
58_64
69
40_64
63
82
82
39
40
40
46
53
62_65
58_58
62
36_69
34_44_65
36_69
44
82
82
46
46
53
53
58
58_62
62
65_69
36
65
69
36
82
82
65
62
58
53
40
46
46_46
40
53_53
62
58_58
62_62
65_65
40
65_65
40_62
58
46_58
53_53
46
40_69
44_62
69
40_44_62
82
82
34
46
53
58
62
65
65
62
58
58
46
53
53
46_58
62
62
65
65_69
40
34
69
40
82
82
60_65_69
46
53
41
58
48
62
53
65
57
69
36_44_60
41
69
36_44
65
82
82
34
65
60
69
41
48
53
57
40
60_63
40_63
65
41
39
67
58_63
46
51
55
58
36_69
39_44_64
63_69
36_44_64
82
82
63
58_67
39
46
51
55
58
69
40_64
63_69
40_64
82
82
39
62_65
58
46
53
58_69
34_36_44
62
36_69
44_65
82
82
46
46
53
53
69
36_58
58
36_62_69
62
65
65
82
82
65
62
58
53
46
65
46_46
53
53
58_58
62
62
65_65
40
40
40_40
65
62
62
58_58
53
53
46
46
40_44_62_69
69
40
44_62
46
82
82
46
53
58
62
65
34
65
62
58
53
46
53
58
69
34_40
62
69
40
65
82
70
82
62
58
65
65
60
46_57
53_53
65
48
58
36_69
41_44
60
62
41_69
36_44
57_65
82
70
82
65
60
41
57
48
53
48
53_69
40_63
57
40_69
41_63
60
82
65
82
41
41
41
48_48
53
53
36_69
41_44_64
57_57
36_69
44_64
60_60
82
65_65
82
41
65
53
65
60
57
48
53
69
40_64
48
57
40_64_69
60
41
82
65
82
41
40
40_57
60
65
65
65
65
60
46
53_57
53
58
69
34_36_44
48_62
69
36_44
65
41
82
82
46
46
53
62
58
58_65_65
53
62
65
36_58_69
62
69
36
82
82
62
65
58
65
40
62
40_58
53
46
40
65
40
46_46
62
53
53
58_58
58
65
62_62_62
65_65
40_44_69
62
69
40_44_62
62
82
34
65_82
58
58
53
46
58
62_65
46
53
58
62
65_65
65
62
58
62_69
40_53
38
40_69
46_65
58
82
82
58_65
62
38_46
53
58
65
62_62
65
58
36_44_69
41_53
69
36_44
46
82
82
46
53_65
62
58
58_62
53
65
69
40_46_63
69
40_63
65
82
82
41
62
58
65
58_62_65
46
65
53
62
58
58
62
53
65
69
36_44_64
38_46
69
36_44_64
62
82
58
65
82
65
46
65
53
58_62
58
62
53
65
40_64_69
38_65
46
69
40_64
82
82
39
65
46
62
51
58
53_55
58_69
36_39_44
65
46_67_69
36_44_63
82
82
58
63_67
39_67
39
46
46_51
51
55
58_69
36_55
58
36_69_70
39_63
63
63_82
63
82
58_58
67
55
51
46
39_40
40
39
46_46
63
51_51_67
40_58
55_55
40_58_58
63_63
40_63_69
44_62_63
69
40_58
44_62_67
82
63
82
58
55
51
46
39
39
39
46_58
63_67
51
55
58
63
58
55
63
40_43_51
46
40
58_67
39
69
69
82
82
58_67
63
39
46
51
63
43_55
58
58
55
36_69
44_46_63
51
46_69
36_44
70
82
39
63
82
39
46
63_72
51
46_58
55_55
58
51
46
40_63
39_40_63
63
58
67
58_63_67
39
46
63
51
55_58
55
58
51
46
36_44_69
43_63_64
36_69
39_44_64
82
63_63
82
67
58
39
72
63
58
46_55
51_51
46_70
55
58
39
40_64
40_64
43
70
62_63
46_65
58
58
53
55
58
51
62
46
65
74
39
34_36_44_69
69
36
44
82
82
46
46
53
53
58
74
58
62
62_65
65
65
62_65
36_58
53
36
46
65
46_46
53_53
69
58_58
69
62_62
65
65
82
82
46
40_40
65
58
40
62_62
40
58
53
53
46
40_69
44_62
69
40_44_62
82
58
62_82
65
46
53
58
62
65
34
58_62_65
65
62
58
53
46
46
53
58
62
65
34_40
40_58_62
65
69
69
82
82
65
60_65
69
34
41_46
48
53
53_58
57
62
60_69
36_44_65
41
36_69
44
65
82
65
82
60
69
41
48
53
57
69
40_60_63
41
69
40
63
65
82
82
63
67
58
39
46
36_51_69
39_44_64
55
69
36_44
58_64
82
63
82
63
67
58
39
46
51_69
39_40_64
55
69
40_64
58
82
63
82
46
58_62_65
53
58
69
34_36_44
62
69
36_44_65
82
82
46
46
53
53
58
58
36
62
62
65
36_65
65
62
58
53
40
40_46_65
46
46
53_53
58
58
62_62
65
65
40
40
46
65
62
62
58_58
53_53
46
40_44_69
62
40_69
44_62
46
82
82
46
53
58
34
62
65
65
62
58
53
46
53
69
40_41_58
69
40_62
65
82
82
65
62
46
58
53
36_44_53_69
58
62_69
36_44
46
65
82
82
46
53_65
62
58
58_62
40_53_63
65
40_63
46
69
69
41
82
82
46
53
58_65
62
62
36_69
41_44_64
58_65
53
69
36_44_64
82
46
82
65
46
53
58
65
62
62_65
40_69
58_64
53_69
40_64
82
46
82
40
40
41
46
53
58
46
58
62_65
53_65
62
65
69
36_44_58
34_65
62
69
36_44
65
82
82
46
46
65
62
58
53
65
65
58
53_62
69
36_58_65
62_69
36
65
82
62_82
65
58
62
65
58
53
40
46
40
65
46
46
58
53_53
40_58_58
62_62
40
65_65
62
58_65
46_65
62_62
58
53_53
40_44_62_69
69
40_44
46_62
82
62
82
58
65
34
46
53
58
62
58
62_65_65
65
46
53
65
58
62
62
58
65
53
69
38_40
69
40_46
82
62
58
82
65
62
58_65
46
53
58
65
62
62
65
58
69
36_41_44
53
69
36_44
38_46
82
82
46
53
58
62_65
62_65
69
40_58
63
53
69
40_63
46_82
82
41
58_62
65
46
58
53_62_65
58
65
62
62
65
58
36_69
38_44_64
53
69
36_44
64
46
82
82
62
58
65
46
53
58_65
38_62
65
65
62
69
40_58_64
53
40_69
64
46
82
82
46
53
39
58
65
46_62_67
51_65
55
58
36_44_69
39
36_44_63_69
82
82
39
46
39
63
58
46_67_67
51
51
55
55_70
58
58
69
36
63_69
36_63
82
82
63
63
58_67
58
55
51
40
46
40
39
39_39
40
46_46
40
51_51
55_55
58
58_63
67
58
63_63
63
69
40_44
62
69
40
44_62
63_82
67
58_82
58
55
51
46
39
39
39
46
51
63
55_58
67
58
63_63
58
55
40_69
43_51
46
69
40
63_82
39
58
67
82
58_63_67
39
46
51_63
58
55
58
43_55
36_69
44_46_51
63
46_69
36_44
82
39
82
70
39
46
63
51
58
55
55
72
58
51
69
40_63
46
63
69
40_63
39
82
46
82
63
58
67
67
58_63
39_63
46
58
51
55
55
51_69
36_44_64
43_58
46
36_69
44_64
63
39
82
82
63
58
72
67
74
39_63
46_58
51_55
63
51_55
69
40_64
46_58
40_64_69
39
63
82
82
43
63_69
60
41
48_74
58
53_55
57
36_51_69
41_44
46_60
69
36
44
65
39
72_82
82
41
48
41
53
48
57
60
53
57
69
36
65
60
41_69
36
65
65
82
60
82
57
53
48
41
40
40
65
41
48_48
53
53
57_57
60_60
65
40_65_65
60
60
40
41_57
57
53_53
48
48
41_41
40_69
44_62
69
40_44_62
82
82
41
48
53
57
60
65
65
60
57
53
48
41
48
41
53
57
69
40_60
45
69
40_65
82
82
65
41
45
65
48
60
53
57
57
36_44_69
48_60
48_53
36_69
44
41_82
82
41
48
53
65
57
60
60
57
40_69
53_63
65
48
69
40_63
41_82
82
48
65
41
48
53
57_65
60
60
36_44_64_69
45_57
69
53
36_44_64
48
82
41_82
41
48
53
57
60
65
60
65
40_64
57
53
40
64
48
41_41_45
69
69
82
82
48
53
41
57
48
60
53
57_65
69
36_41_44
63
69
36_44
65
82
82
72
41
41
48
48
53
53
57
36_57_63
63
36
65
65
41
40
40
41
41
48
53
57
40
63
40
65
65_65
63
63
57
57
53
53
48
48
41
40_69
39_44_62
40_69
44_62
82
82
41
48
53
57
63
65
65
63
57
53
41_48
48
41
69
40_53
57
69
40_63
82
65
82
39
41
48_65
53_63_69
36_44
38
57_57
36_44_69
63
53
48_82
65
82
41
41
48
65
53
69
40_63_63
57
69
40_57_63
63
53
82
48_65
82
41
38
41
65
48
63
53
57
69
36_36_44_64
53_57
69
36_44_63_64
48
82
65
41
82
41
48
53
57
63
65
65
70
63
69
40_57
64
53
69
40_48_64
82
69
41
82
60
63
40
40
36
41
48
53
57
63
46_65
62
65
53
58
58
69_74
34_36_44
62
65
69
36_44
82
70
82
46
65
46
53
58
62
65
53
58
69
36
62
69
36
65
62
82
58
82
53
46
65
46_46
40
53_53
40
58_58
62
62
65
65
40
65
46_53
40_62_62
58
58
74
53
70
46
40_44_62_69
69
40_44
62
34_82
82
46
53
58
62
65
65
62
58
46
53
53
46_58
62
65
40_69
38
69
40
82
82
70
46
53
38
65
58
62
62
58_65
53
62
36_41_44_69
46
69
36_44
82
82
46
53
58
65
62
72
65
58
53
69
40_63
40_46_69
63
82
82
41
46
53
58
62_65
65
62
58
53
69
36_44_64
38
69
36
44_64
46
82
82
46
70
53
72
58
65
62
62
65
58
53_69
40_64
40_64_69
46
82
82
38
70
46
74
53
46
58
53
62
56
65
58
68
62
69
34_36_44
65
69
36_44
82
82
46
62
53
46
53
56
62
65
56
69
36
65
69
36_65
62_82
56
82
53
46
65
40
46
46
40_53_53
56_56
62_62
65_65
40
40
65
46
53
62
62
56
56
53
46
69
40_44_62
34_69
40_44_62
82
74_82
46
53
56
62
65
65
62
46
56
53
53
56
46_62
65
69
38_40
40_69
82
82
65
46
62
53
56
53
56_65
62
46_65
36_41_44_69
38
69
36
44
82
82
46
53
56_62
56_62
53_65
46
40_69
63
40_63_69
82
82
41
46
53
56
62
65_65
62
56
69
36_44
38_53_64
69
36_44_64
46
82
82
46
53
56
62
65_65_65
62
56_69
40_64
53
69
40_64
46_82
82
65
62
38
40
40
68
46
67
58
63
39
53
46_56
51_62
65
55
58
36_69
39_44
63
67_69
36_44
82
39_82
65
46
39
46
51
55
58
51
55_67
63
58
63
63_69
36
58
70
69
36_55
51
82
46
82
39
63
40
40
39_39
46_46
51_51
55_55
58_58
63_63
58_58
40_63
55
55
40_51
39_51
46
46
39
39
40_44_62_69
40_69
44_62
82
82
39
46
51
55
58
63
58
63
55
39
51
46_46
51
39
55
58
63
69
40_43
69
40
82
82
39
46
51_63
55_58
58
55
51
46_63
36_43_44_69
46
39
69
36_44
82
82
63
70
39
46
51
55
58
58
55
63
51
72
46
40_69
63
39
69
40_63
82
82
46
39
46
51
55
63
58
58
55
63
51
69
36_44_46_64
43
69
36_44_64
39
82
82
63
72
74
39
46
58
51
55
55
51
58
69
40_64
46
63_69
40_64
39
82
82
43
39_74
46
39_51_70
46
55
51_58
36_69
39_44_55
58_63_69
36_44
82
63
82
39
63
39
46
51
46
55
51
58_69
36
55
69
36
58_63
82
82
40
40
39
46
51
55
58
39
40
63_63_63
40_58_58
55
55
51_51
46_46
39
39
40_44_62_69
69
40
39_44_62
82
82
46
51
55
58
70
63
63
58
55
51
46
39
39
46
51
69
40_43_55
58
69
40
63_82
82
63
39
63
46
58
43_51
69
36_44_55
46_55
51
69
36_44_58
46
82
39
82
39
46
63
51
58
55
40_55_63_69
58
51
69
40_63
46
63
82
39
82
63
39
46
63
46
58
51_55
51_55
69
36_44_64
43_46_58
69
36_44_64
39
82
82
39
46
51
55
63
58
58
55
63
51
40_40_69
46_64
65
40_69
64
40
58
39
82
82
67
63
39
43
63
60_69
46
51
41
55
48
58
53
63
57
36_60_69
41_44
69
36
44_65
82
82
65
65
41
48
41
53
48
57
53
60
57
60
36
65
36
41
65
65
60
57
53
48
41
65
41
53
48_48
53
57
57
60_60
40_40
40
65
40
65
65_65
65
60_60
57
57
41
53_53
48
48
69
40_44
41_41_62
41_69
40_44_62
82
82
48
53
57
60
65
65
60
57
53
41
48
48
69
40_53
41_45
57
69
40
60
82
65
82
65
65
41
48
45
36_69
44_48_53
65
36_57_69
44_60
60
57
82
53
48_82
41
41
48
53
69
40_63
57_65
60_69
40_60_63
57
82
65
53
48_82
41
65
48
41
48
65
53
36_69
44_45_64
57_60
69
36_44_57
60_64
53
82
48
82
41
65
41
48
65
53
40_69
60_64
57
69
40_57_64
60
53
82
48_65
82
41
40
40
41
45
41
48
48
53
69
36_44_53
41_57
57
60_69
36_44
60
65_82
65
82
65
41
48
41_53_65
48
57
53_60
36_69
57
60_65
69
36
82
41_65
82
48
65
60
57
53
40
48
40
65
41_41
48
53
53
57_57
60_60
40_65
40
65_65
60
41_60
48
57_57
53
53
48_48
41_69
40_41_44
62
69
40_44_62
82
82
41
53
57
60
65
65
60
41_65
57
48
53
48
53
57
69
40_41_45
60
69
40
65
82
82
65
65
60
41_57
48
53
45
48_53
57
36_44_48_69
41_60
36_69
44
82
82
65
60
41
57_67
48
53
53
48
57
60_69
40_63
41
40_63_69
65
82
82
65
48
41
65
48
53_60
57
57
36_44_69
45_64
53_60
48_69
36_44_64
41_82
82
67
65
41
48
65
53_60
57
57
60
69
40_53_64
48
69
40_64
65
41_82
45
69
82
41
60
63
40
40
65
46
48_62
65
58
53_70
53
58
57
69
36_60_62
34_44
65
69
36_44_65
82
82
46
53
58
46_62
65
53
58
46
69
36_62
65
69
36
82
65
82
62
58
53
46
65
40
46_53
40_53
58_58
62
62
65
40
40_65_65
46_53
62
62
58_58
53
53
46_46
40_44_62_69
69
40_44
62
82
82
34
58
62
65
65
46
62
53_58
53
58
58_62
46
65
40_69
34
62
69
40
65_82
82
46
65_69
60
62
53
41
58
48
53
65
57
34_60
69
36_41_44
69
36_44
65
82
82
65
60
69
41
48
53
41
57
60
40_69
63
69
40_63
65
82
82
70
58_63_67
39
46
51
55
36_69
39_44_64
58
69
36_44_64
63
82
82
63
67
58
39
46
51
55
40_64_69
58
69
40_64
39
63
82
82
65
62
46_58
53
58
62
36_69
34_44_65
69
36_44
82
82
46
53
46
58
53_62
69
36_58
65
65
36_62_69
62_65
58_82
53
46_82
46
40
40
46
53
53
58
58
62_62
65
65
65
65
40
62_62
40
58_58
53
53
46
46_46
40_44_62_69
69
40_44
62
82
82
53
58
62
65
65
62
58
53
46
34
46
40_69
34_53
69
40
58
62
82
65
82
70
70
34
46
70
65
69
36
41_44_53
62
69
36_44
58
58
53_82
62
65
82
46
46
53
70
58_65
69
40_63
62
62
69
40_63_65
58
53_82
70
82
46
46
46
53
53
69
36_44_58_64
34_58
62
69
36_44_64
62_65
65
82
70
82
70
70
46
65
53_67
40_62_64_69
58
58
69
40_64
53_62
65
82
46
70_82
62
34
65
58
70
39
58_65
63
46
36_67_69
39_44
51_62
69
36_58
44_55
53
58
82
67
46_82
63
39
39
46
69
36
46
51_67
69
36
51_55_67
55_58
82
58
82
63
63
39
40
40
63
58
55
51
46
39
40
39
40
46
46
51_51
55_63
55
58_58
63
69
40_44
62
69
40_63
44_62
82
82
63
67
58
55
51
46
39
39
39
46
51
55
58
63
63
40_69
43_58
69
40_55
58
51
82
46
63
82
39
39
46_67
63
43_69
36_44_46
51_58
55_69
36_44_55
58
51
82
46
63_82
39
63
58
39
63
63
46
58_69
40_63
51
55
69
40_51_55_63
58
46
82
67_82
39
67
46
39
46
63
51
58
36_69
43_44_64
55_55_58
58
36_69
44_51_64
63
46
63_82
82
39
63
58
63
55
39_70
51
46
46
51
69
39_40_64
55
69
40_58_64
82
63
82
58
58
63
63
67
63
58
41
55
48
51_69
53_60
60_65
46
57_69
65_72
60
69
36_41_44
39
69
36_44_65
70
82
82
43
41
65
60
69
69
65
60
48
53
57
60
72
65
41
44
44
63_67
58_63_67
58
39
36_40
39_46
36_40_51
70
55
58
63
67
63
63
58
67
58
70
57_62_65
38
39
39_62
36_40_65
38_39_44
57_69
46_46
36_40_44_50
51
53
55
39
58_58
62_63
65
62
62
65
38
57
50
57
69
65
46
53
58
38_62
65
55_60_63
67
60_63
48
55
36_36_40_44
55
58
36
40_44
63
60
63
55
60
63
55
67
62
48
55
58
63
36
62
46_58
53_62
53
65
58
69
34_36_44
62
69
36_44
65
82
82
46
70
46
53
53
58
36_58_69
62
62
69
36_65
65
82
82
65
62
58
53
46
65
46_46
53
53
58_58
40_40
62_62
65
40_65
40
65
65
62_62
40_69
44_58_62
58
53_53
40_69
44_62
46
82
46
82
46
46
53
58
62
65
70
62
65
65
46
53_62
69
38_40
58
58
40_53_69
62
34
65_82
82
46_70
53_65
36_44_69
41_62
58
36_69
44_58_62
53
65
82
62
38
46_82
46
46
53
65
58
65
62
40_63
62_65
40
58_63
53
65
69
69
82
82
70
65
46
53
62
65
58
62
69
62
36_44_64
29_58_65
69
36_44_53
64
41_82
46
82
46
65
53
58
65
62
62_69
40
64_65
58
69
40_62_64
53
82
46
82
68
29
46
46
53_53_62
56
58
62_62_65
53
36_44_69
34_65_65
69
36_44
82
82
46
53
46
62
53
56
62
56_65
65
68
62_69
36_65
62
69
36
56
53
82
46_82
46
46
56
40
53_53
56
40_56
62_62
65_65
46
65_65
62
40_62
56
40
53_53
46
65
40_44_62_69
69
40
44_62
82
82
68
46
53
56
62
65
65
46
62
53
56
56
53
62
65
46
65
62
40_69
38
69
40
82
34
82
46
53
56
65
62
62_65
56
53
46
36_69
41_44
68
69
36_44_62
38_82
82
46
53
56
62
65_65
62
56
53
65
46
40_63
40_63
68
69
69
82
82
46
53
56
62
65
65
65
62_62
56
41_53
36_69
34_44_64
46
36_69
44_64
82
82
67
65
65
58
62
56
53
69
40
46
69
40_62
62
82
82
34
68
65
67
39
58
67
63
46_62
51
36_55_69
39_44
58
36_44_69
63
82
67
82
62
39
46
51
39_67
55
46
58
51
55_69
36_63
58
69
36
39_63
63_82
58
82
55
51
46
39
63
39
46
46
51_51
55_55
58
58
63
40_40
63_63
39
40_58_58
40
55
55
51_51
46_46
63
39_39
40_44_63_69
69
40_44_63
82
82
67
46
51
55
58
63
63
58
55
39
51
46
46
39
51
55
39
58
40_58_69
43_63_63
69
40
82
82
63
39
63
46
58
51
55
55
51
58
46_67
36_44_69
46
39
69
36_44
82
43
82
58
63
39
58
46
63
51_55
51
55
46
58
69
40_63
39
40_63_69
63_67
82
82
63
67
39
46
51
63
58
55
58
58
69
36_43_44_64
55_63
36_44_51_69
64
46
82
39
82
46
39
46
63
51
55
58
63
70
58
63
69
40_55_64
69
40_51_64
46
82
39
82
58
58_63
63
63
67
39
58
60_65
69
46
41
51
48
55
53_69
60
65
57
60_72
69
36_69
40_41_44_62
65_69
36_40
44_62_69
70
82_82
82
82
43
65
60
69
69
65
60
41
48
53
57
60
72
65
41
39
46
58_63
51_67
55
36_40
39_44
58_70
58_63_67
36_40_44
63
63
58
67
67
63
58
70
39
38
46
46_62_65
51_57
50
55
36_40_44
38_53
58
57_58
36_69
40_44
62_65
63
62
39
62
65
65
57
62
57
69
38
46
65
50
53
58
38
62
65
48
55
63
55_58_60
63
36_36_40_44
60_67
55_63
36
40_44
60
63
48
55
60
63
55
55
67
58
63
62
36
62
46
58
62
53_53
58
69
36_44
34_62
65_65
36_44_69
82
82
69
69
46
82
53
82
58
62
46_70
65
53
58
36
62
65
46
36
65
62
58
53
46
40
40_65
46
53
53
58_58
62_62
65
40
65
65
40
62_62
58
58
53_53
46
46_46
65
40_69
44_62
40_69
44_62
82
82
53
58
62_70
65
65
62
62
58
65
53
46
46_53
58
62
69
34_38_40
65
40_69
82
82
46
53
70
58
65
62
62_69
36_44
41_65
58_69
36_44
38
53
82
46
82
62
65
46
53
65
58
62_69
40_62_63
65
58_69
40_63
53
82
46
82
65
46
70
65
53
62
65
58
36_69
29_44_62_64
41_62
69
36_44_58
64_65
53
82
46
82
46
53
65
58
65
62
40_69
62_64_65
58_69
40_64
53
82
62
46
82
46
68
53
46
53_58
65
53_62_62
56
36_44_69
34_65
62
69
36_44_65
82
82
29
46
53
46
56_62
53
62
56_68_69
36_65
62
36_69
65_65
46
62
82
56
82
53
46
62
40
40
46
53
53
56_56
62
65
65
40
65
65
40
62_62
56
46_56
53_53
46
46
40_65_69
44_62
40_69
44_62
82
82
68
53
56
62
65
65
62
56
53
46
46
53
56
62
62
34
65_69
38_40
65
69
40
82
82
46
53
65
56
62
62
36_69
41_44
56_65
53_69
36_44
38
68
46_82
82
62
46
53
65
56
62
62
65
69
40_56_63_65
53
69
40_63
82
46
82
68
46
41
53
65
62
56
56
62_62
53
36_44_65_69
34_64
65
69
36_44_64
46
82
82
46
65
53
62
56
67
56
62
53_69
40_58_65
64
65
69
40_46_64
82
62
82
62
40_53
40_46
68
34_63
56_67
39_58
46_62
69
36
39_44_65
51_62_65
36_69
44_55
67
58_82
82
63
62
39
46
39_51
67
55
46
36
58
51
36
67
39_55
63
58
63
69
69
82
39_82
46
51
55
58
40
40
40_40_63
63_63
46_58
58
51
55
55
51_69
40_44_62_63
46
69
40
44_62
39
82
82
67
39
46
51
55
58
63
63
58
39
39
55
58
40_46_69
43_51
63
46
51_69
40
55
82
39_58
82
63
63
58
39
55
69
36_44_46
46_51_67
43_51
46_69
36_44
55
39_58_82
58
82
63
39
63
39_63
58
46
55
40_69
51_63
51
69
40_46_63
55
58
82
63_82
67
46
63
39
58
46_55
58_69
36_44_64
43_51
51_67
36_69
44_64
46_55
58
82
39_63
63_82
39
63
70
39
46
63
58
51
69
40_55_64
55
51
58_69
40_64
46
82
63
58
82
58
63
63
67
41_65_69
60
39_48
46_53_60
72
69
51_57
65
36_40_44_62_69
41_60
55
69
58_70
36_40_44_62
65
82
63
43
82
65
60
69
41
60
65
69
48
72
53
57
60
41
65
70
72
70
72
70
70
74
53_58
62_69
34_36_44_46
36_44_53_69
58
82
62
82
65
46
74
53_70
58
62_69
36_46
65
69
36_53
58
82
62
46
82
65
65
65
62
58
53
46
46
40_40
53_53
40
40
58_58
65
62_62
65
65
69
40_44_62
69
40_44
62
82
70_82
65
62
58
53
46
46
53
34
58
62
65
65
62
69
40_58
38
53
65
69
40_62
46
82
82
46
53
65
58_62
70
69
36_58_62
41_44_62
53_65
36_69
44
46
82
82
38
65
65
46
62
53
58
58
53_65
69
40_63
62
65
40_46_69
63
82
82
70
65
46
62
53_58
53
58
36_44_69
29_62_64
62
36_46_69
41_44_64
65
82
65
82
46_65
53
62_70
62
69
40_58_58_64
53
62_69
40
64_65
46_82
82
46
53
65
58_62
62
58_62_69
34_36_44
53_65
69
29_36_44
46
82
82
70
46
46
58
53
62
53_58
62
70
36_65
62
65
36
65
40_62_69
58
40_69
53
82
46
82
46
46
53_53
40
58_58
40
62_62
65_65
65
69
40_44_62
69
40_44_62
82
82
65
62
58
53
46
70
46
53
58
62
65
65
62
65
62
58
40_69
38_53
40_69
46
82
82
34
46
53
58
38
62
65
65
62
70
58
36_44_69
41_53
69
36_44
46
82
82
62
46
53
46
65
53_58
62
58
65
62
65
65
69
40_63
69
40
63
82
82
70
46
53
58
65
62_65_65
62
62
69
36_44_65
38_58_64
41
53_69
36_44
64
46_82
65
82
46
53
58
62
65
65
65
65
65
62
69
40_58_64
53
69
40_64
46_82
62
82
46
53
58
41
62
48
65
53
53
38
57
60
62
65
58
69
29_36_44
69
36_44
62
65
82
82
62
41
48
41_53
63
57
48
60_69
53_67
60
57
65
60
36_69
69
41
65_69
36
67
82
82
65
60
57
53
48
40
40
41
41
48
48
53_53
40
57
57
40
60_60
65_65
65
63
40_44_69
62
69
40_44_62
82
82
65
60
57
53
48
65
41
69
41
48
53
57
60
65
60
57
60
53_63
48_69
40
33
69
40_41
82
82
29
65
41
60
48
57
53
33
53
69
48_57
36_44_69
36_60
36_44_69
41
65
82
82
60
41
65
41
48
48_63
53
53
69
57
69
40_57_63
60
60_69
40_63
65
65_82
82
41
65
48
60
53_60
63
57
69
36_44
33_64
53_57_60
69
36_44
48_64_65
82
65
41
82
36_65
65
41
48
69
60
53
40_57_69
57_64
53
69
40_60_64
48
60
82
65
41
82
65
41
41
48_65
48_60
51_53
36_44_69
29_57
57
33_69
36_44_60
60
82
65_69
65
82
41
65
41
48
48_69
51_65
69
36_51
57_67
57
36_60_69
60
82
60_65
82
65
60
40
57
40
51
48
41
40
41_41
48_48
40
51_51
57_57
60
65
60_60
65_65
63
69
40_44_62
69
40_44
62
82
82
69
57
51
48
41
41
48
51
57
60
29
65
65
60
60
69
33_40_57
69
40
51
48
82
82
41
63
67
41
48
69
65
51
60
69
36_36_44
57
57_60
33_69
36_44
51_60
48_82
65
82
41
41_41
48
48
51
51
63
40_57_69
57_63
60
60
69
40_63
65
65_82
82
65
69
41
48_65_65
60
51
60
69
36_44_57_64
29_57
51_60
36_69
36_44_64
48
82
63
41
82
41
48
51
57_65
65
60
70
63
60
65
40_57_64
51_69
40_48_64
41
60
60
63
69
69
82
82
41
63
46_48
29_51
53
57
58
58_62_65
60
62
65
34_36_44
65
69
36
69
70
70
46
46_53
53_58
58_62
65
46_62
65
36
36_69
69
70
65
62_70
58
53
46
40
65
46
53_53
58
58
62_62
65
40
40
40_40
46
65
65
62_62
58
58
53
53
46
46
40_44_62
69
40
44_62
69
70
70
53
58
34
62
65
69
65_69
70
62
70
46
58
53_53
58
58
46
62
65
34_40_62
40
65
46
41
69
60_65
48
53_53
58
57
60_62
36_44
41_65
65_69
36_44
69
70
34
70
65
70
60_69
41
48
53
57
60
63
65_69
63
69
70
70
41
67
58
63
39
46
51
36_40_44
39_55_64
58
69
36_40_44_64
69
63_70
70
63
67
58
39
46
51
64
55
69
58_64
69
70
63
70
39
46
53_65
58_62
58
62
36
34_44
65
69
36_44
69
70
70
46
53
46
58
53
62
65
58
62
36
46_65
36_69
69
70
70
65
62
58
53
40_46
46
40
62
53
53
58
58
62
65
65
40_40
40
46
53
65_65
62
62
58_58
53
53
40_44_46_62
46
69
40_44_62
69
70
70
58
62
65
34
65
62
46
58
53
53
58
34_40_62
46
65_69
40
69_70
70
46
65
53
62
58
36_44
41
53_58_62
69
36_44_65
34
69
70
46
70
46
65
53
62
58
40_63
58
62
53
69
40_63_65
69
46_70
70
41
46
53
62
65
36_44_64
34_58
62
69
36_44_64_65
58
69
53_70
70
46
46
65
53
58
62_65
40_64
65
62
40_69
58_64
58
69
53_70
70
46
62
65
46
34
60_63_69
41
48
53
53
58
57
36
29_44_62
60
65_69
36_44
65_69
70
70
65
65
41
48
41
53
48_57
36
53
60
69
36
57
60_65_69
70
41
70
65
65
60
40
57
40_53
48
41
40
41
40
48_48
53_53
57_57
60_60
65_65
40_44
62
65_69
40_44_62
69
70
70
65
60
57
53
48
41
41
48
53
57
60
65
60
57
33_40
53
69
40_48
69
70
41
70
29
65
41
65
48
33
60
53
57
36_36_44
53_57_60
36_69
44_48
69
65_70
41
70
41
41
48
48
53
53
57
40_63
57
60
69
40_60_63
65_69
70
65
70
41
48_65
53_60
57_57
36_44
33_64
53_60
69
36_44_64
48
65_69
70
41
70
36
65
65
41
48
60
53
40
57_57_64
53_60_69
40_64
48
69_70
65
41
70
41
48
41
53
48
36_44
29_51_57
33_69
36_44_57_60
69
60_70
65
70
65
65
41
65
65
41
48
48
36
51
51_69
36_57
57
60
69
60_70
70
65
65
60
57
40
51
40_48
41
40
40
41_41
48_48
51_51
57
57
60_60
65
65
40_44_62
69
40
44_62
69
70
70
65
60
57
51
48
41
41
48
51
29
57
65
60
60
57_65
33_40
51
69
40_48
69
70
41
70
65
41
48
51_65
60
57
57
60
36_44
36
51
33_69
36_44
48_65
69
70
41
70
67
41_41
48
48
51
51
57
57
60
40_60
63
69
40_63_65
65
69
70
70
65
65
41
48_60
57
51
51
57
48
60
36_44_64
29
36_69
36_44_64
41
69
70
70
67
65
41
48
51_65
57
60
60
57
51
65
48
40
64
40
64
41
69
60
41_63
69
69_70
70
65
48
46
51
29
53_62_65
58
57
58
60
70
62
65
65
36
34_44
69
36
44
69
70
70
46
53
46
58
53
62
58
65
62
65
46
36
69
36_65
62_69_70
58
70
53
46
53_65
46
53
58_58
62
62
65
40_40
65
40_65
40
62_62
58
58
53_53
46
46
46
40_44
62
69
40_44
62
69
70
70
53
34
58
62
65
69
65
62
69
70
58_58
46
53_70
53
58
46
62_62
65
40
34
65
40
46
53
69
60
65
41
48
53
58
57
60_62
65
36_41_44
65
69
36_44
69
70
34
70
65
60
69
41
48
53
57
60
63
65
63_69
69
70
70
58
63
67
41
39
46
51
55
36
39_40_44_64
58
69
36_40
44_64
63
69
70
70
63
58
67
39
46
51
55
64
58
69
64
63
69
70
70
58
46_65
39_62
53
58
62
65
36_44
34
69
36_44
69_70
70
70
46
46
53
53
58
58
62
62
65
36_65
46
69
36
69
70
70
65
62
58
53
46
46
53
53_62
58
58
62
65
65
40_40
65_65
40
40
58_62
62
46
53_58
53_53
46_46
40_44_62
69
40_44_62
69
70
70
58
62
65
34
65
58
62
58
62
53
46
46_53
58
62
34_40
65_65
40_69
69
70
70
46
62
69
60
65
41
48
53
53_58
57
36
41_44_65
60
69
36_44
34
65_69
70
70
65
60
69
41
48
53
57
40_63
60
69
40_63
65_69_70
70
41_58_63_67
39
46
51
36
39_44_55_64
58
69
36_44_64
69
70
63
70
63
67
58
39
46
51
40_55_64
69
40_58_64
69
70
63
70
39
46
58
53_62_65
58
62
36_44
34_65
69
36_44
69
70
70
46
46
53
53_58
58
62
36
62_65
36_65
65
62
58
53
46
46
40
46_69
40
53_53
69
46_70
58
58
70
62_62
65_65
65_65
40
62_62
58_58
40
53_53
46_46
40_44_62
69
40
44_62
69
70
70
53
58
62
65
65
34
62
58
58
53
46
62
46
53
58
62
65
65
34_40
69
40
69
70
70
46
58
69
60
53_65
41
48
62
53_65
57
36_40_41_44
34_60
69
36_40
44
65_69
70
70
65
60
69
41
48
53
57
63
60
69
63
65_69_70
70
41
58_63
67
39
46
51
36_40
39_44_64
55
69
36_40
44_58_64
69
70
63
70
58_67
63
39
46
64
51
55_69
64
58
69
70
63
70
46
36_44
34_53_58
62_65
69
36_44_58
39
62_69
70
65
70
46
53
58
62
65
34
58
62
65
