38
50
57
62
64
65
62
57
38
50
57
62
64
65
62
57
38
50
57
62
64
65
62
57
38
50
57
62
64
65
62
57
69
67
38
69
50
57
62
64
65
62
57
38
50
57
62
64
65
69
62
69
57
69
48
67
52
65
55
64
62
64
62
65
67
55
52
48
52
55
62
64
62
67
55
67
52
65
46
53
64
55
62
62
64
62
55
64
53
65
64
48
52
62
55
62
62
64
62
55
62
52
60
62
38
50
57
62
64
65
62
57
38
50
57
62
64
69
67
69
38
50
57
62
64
65_65
62
57
38
50
57
62
64
69
65
62
69
57
69
48_64
67
52
65
55
62
64
64
62
65
55
65
67
52
48
52
55
62
64
62
67
55
67
52
65
46_62
53
64
55
62_62
64
62
55
64
53
65
64
48_64
52
62
55
62
62
64
62
55
62
52
60
62
38_67_69
50
57
62
69
81
64
65
62
57
38
50
57
62
64
65
62
57
43
55
67
67
55
62
65
53
70
52
67
64
70
50_62
62
55
71
72
43
74
55
62
70
67
74
70
62
72
55
69
38_81
50
57
82
62_81
79
69
81
64_81
79
65_77
79
62_77
76
57_77
76
38_74
50
57
62
64
65
62
69
57
65
67
55
43
67
55
53
65
62
70
52
67
64
70
62_62
50
55
43
74
55
62
70
67
74
70
62
72
55
38
38_81
69
50
57
82
62_81
79
64_81
79
65_77
69
81
79
62_77
76
57_77
76
38_74
50
57
62
64
65
62
57
67
55
67
67
73
79
76
79
76
73
52
65
68
58
62
68
64
64
68
62
65
58_64
62
69
57
64
64
67
64
74
64
67
64
57
64
67
64
73
38
62
50
57
62
64
65
82
62
81
57
38
81
81
50
57
62
82
64_82
84
65_84
82
62_82
57_81_81
38_79
79
50
81
81
57
82_82
62
81
81
64
79
79
65
62_81
81
57
81
81
38
50
57
62
64
69
67
38
69
50
57
62
64
57
65
62
57
38_55
50
57
57
62
58
64
69
65
60
62
58
57
48_55
67
52
55
65
62
64
64
65
62
55
67
52
55
53
48
52
55
55
57
62
55
64
62
65
67
55
67
52
46
65
53
53
64
55
62
62
64
62
55
64
53
65
64
55
48
62
64
52
55
62
64
62
62
55
60
52
62
38_57
50
57
62
89
64
88
89
88
65
89
88
62
89
88
89
88
57
89
88
89
38
88
89
88
50
89
88
89
57
88
89
88
62
89
88
64
88
65
89
69
67
69
38
69
50
57
62
76
64
65
77
62
81
57
101
38
100
101
50
100
101
100
57_101
100
101
100
62
101
100
101
64
100
101
100
101
65
69
69
100
101
100
62
101
69
100
57
67
67
48
52
65
55
65
62_64
64
64
72
65
62
74
65
55
67
76
52
67
77
48
96
98
96
52
98
96
98
55
96
98
62_96
98
96
98
64
96
98
96
98
62
96
67
98
96
55
67
52
65
65
46
53
64
55
62
62
64
64
62
55
64
62
53
48
58
52
55
62
64
62
62
60
55
60
52
38
57
62
50
57
62
64
65
62
57
38
50
57
62
64
65
62
69
57
67
43
55
55
62
53
70
52
67
70
50
62
55
74
43
55
62
70
67
74
70
62
72
55
69
38
50
57
62
69
81
64
65
62
57
38
72
50
74
57
76
62
74
64
65
72
62
69
57
67
55
43
55
53
62
70
52
67
70
62
50
55
72
43
74
55
62
70
67
70
62
72
55
38
38
69
50
57
62
64
65
69
81
62
57
38
50
57
62
64
65
69
62
57
55
67
67
67
73
79
76
79
76
65
73
64
52
68
58
62
68
64
65
68
67
62
65
58
64
62
69
57_57_64
64
64
67
64
69
62
74
64
67
64
57
64_69
64
67
64
73
62
74
62
38_62
74
50
57
62
64
65
62
57_62_69
38
50
57
73
62
74
64
76
65
77
62
79
57
38_76_81
50
57
62_74
64_74_77
65
62
57
38
50
57
81
79
77
62
76
64
77
65
74
62
57_72
74
50
62
65
64
65
62
49_73
62
65
64
65_81
62_77
48_72
62
65_81
64
65
62
47
57_71
62_74
64_81
62_79
57_77
46_82
57
62_70_74
64
62
57
45_73
57
62_64_69
64
62
57
38_65_74
62
65
64
65
62
74
69_69
65_74
62_76
77
81
50_86
62
65
64_81
65_77
62_74
49_73
62
65
64_77
65_81
62_85
83
48_84
62
65
64_81
65_77
62_72
47_71
57
62
64
62_83
57_81
46_82
57_70
62
64
62
57
45
57_69
62_76
64_81
62_76
57_69
38_76
62_73
65_74
64
65
62
74
69
65_79
62
81
55_82
67
82
79
82
74
81
55_79
76
74
62_70
72
67
82
79
82
74
55
67
64_72_82
79
65_74_82
74
55_67_76
67
77_82
79
79_82
74
38_81
62
65
64
65
62
38_65_74
62
65
64
65
62
38
62
65
64
65
62
38_88
62
65_86
64
65_81
62
55_74_79
67
82
79
82
74
55
67
82
79
73
74_82
74
55_76
67
72_82
79
74_82
74
55_72_76
67
82
79
77_82
74_79
38_76_81
62
65
64
65
62
38_74
62
65
64
65
62
38
62
65_76
64
65_74
62
38_72
62
69
70
65_69
64
65_65
62
64_64
70
74
76
79
74
64
70
74
64_76
65_79
66
67_74
68
69
64_70
70
74
76
79
74
64
70
74
64_76
65_79
66
74
67
68
69_69
76
79
86
79
76
55
43_69
76
79
62_86
64_79
62_76
69_69
45_57
76
79
85
79
76
69
69
67
38_69
50_69
57
62
64
65
67
62
65
57
67
38
69
57_69
50
70
57
69
62
64
69
65
62
69
57
69
55
67
48_67
67
52
55
62
64
65
62_65
64
55_64
65
52_65
67
48_67
69
52
67
55
62
64
67
62
55
52
53
65
46
65_65
53
64
55
62
62
64
62_64
55
67
64
55
65
53
64
52
62
48
64
52
62
55
62
64
62
58
53
65
55
62
60
52
62
55
67
57
38
50
57
62
62
64
65
62
62
57
74
64
53
45
65
65_74
67
38
69
71
72
74
50
57
62
64
72
57
69
38_81
69
50
57
62
64
65
84
62
57_84
38
50
82
57
62
64
69
65
81
62
82
57
55
67_67
48_84
52
82
65
55
62
64
64
62
65
55
81
52
48_82
67
52
55
62
81
64
79
57
69
62
67
81
55
55
67
82
67
52
67
53
81
46
65
65
53
64
55
62
62
79
64
77
62
79
62
64
55
65
81
53_64
62
79
48
52
64
64
52
55
77
62
76
64
62
77
62
53
65
55
60
52_79
55
67
38_79
50
62
57
62
77
64
65
62
57
53
65
38
50
57
62
64
65
62
57
67
67
43_55_79
55
53_62_77
70
52_67_76
70
62_74
50
55
72
74
43_79
55
62_77
70
67_76
70
62_74
72
55
69
38
69
57
38
50
55
67
57
62
53
64_65
65
52
64
62
57
38
67
55
50
53
57_65
62
52
64
64
65
62
50
62
65
57
67
43_55_79
55
53
62_77
70
52
67_76
70
62_74
50
55
74
43_79
55
62_77
70
67_76
74
70
62_74
72
55
38
57
69
69
38
50
55
67
57
62
53
65
64
65
52
64
62
57
55
38
67
50
53
65
57
62
52
64
64
65
69
50
62
62
69
57
55
69
67_67
67
73
79
76
79
76
65
73
64
52
68
58
62
68
64
68
62
58
65
69
57_57_64
64
67
67
64
74
64
67
64
57
64
67
64
73
38
62
60
50
62
57
62
64
65
62
57
38
50
57
62
64
65
69
