43
43
50
55
59
59
42_55
55
50
45
55
50
57
59
42
40
62
45
47
69
50
54
71
57
55
69
69
54
54
78
47
47
40_59
43
47
43
50
54
55
55
59
62_71
69
78
59
42_55
55
50
45
55
50
57
59
42
40
62
45
47
69
50
54
71
57
55
69
69
54
54
78
47
47
40_59
43_55
47
43
50
54
55
55
59
62_71
69
78
55
57
59
42_55
55
50
45
55
50
57
57
52_59
42
40
62
45
47
69
50
54
71
57
55
69
69
54
54
78
47
47
52
40_59
43_55
47
43
50
54
55
55
59
55
57
59
42_55
55
50
45
62_69_71_78
55
50
57
52
52
52
52
52
52
52
52
52
52
52
52
52
52
52
52_57
33_52
45
45
52
52
52
52
50
52
52
52
52
57
59
33
45
60
45
45
45
33
42_45
45
52
54
59
57
33
45
60
62
45
33
45
45
54
53
57
55
33
45
62
62
45
33
45
45
33
33
53
52
62
59
33
59
60
45
60
59
59
60
60
59
45
40_88
40
33_83
45
45
52
52
55
59
33
45
59
60
45
45
45
33
45
45
52
54
59
57
33
45
60
62
88
45
33
45
45
54
53
57
55
33
45
62
62
64
83
45
33
62
62
52
55
55
52
52
33_52
33_52
52
52
33_52
40_52
53
53
52
52
52
52
52
52
40_52
33_52_88
45
45
52
52
52
52
53
52
52
52
52
55
59
33
45
62
60
88
45
45_83
45
45
45
33
45_64
45
52
54
59
57
33
45
60
62
45
45
83
45
33
45
45
54
53
57
55
33
45
62
62
45
45
45
33
45
45
53
52
33
45
62
59
45
45
59
60
45
45
60
59
59
60
60
59
45
45
45
33_72
45
45
33
33
52
52
33
33
55
59
33
45_78
59
60
72
45
33_74
45
45
52
54
59
57
33
45
60
62
45
26
40
74_78
54
53
57
55
62
62
64
45_62
62
52
55
55
52
52
52
52
52
52
52
52
53
53
52
52
52
52
52
52
26_52
52
40
48
52
52
52
52_67
53
52
52
52
52
57_72
55
55
74
62
62
57
55_64
55
52
52
64
62
62
55
55
52
52
67_72_74
48
47
62
52
50
67
55
55
71
62
62
55
55
50
50
64
64
62_67_71
47
45
60
50
52
67
55
55
69
62
60
55
55
52
52
60_64
62
64
62
60
60
59
55
55
53
67
57_69
45_52
53
55
55
59
60
60_69_69
53_57
52_55_67
53
52
60
60
52_55
49_50_65
52
50
55
55
60
60
65
49
48_57_64
48
55_64
55
64
48_57
47_55_62
48
47
55
55
60
62
55
64
62
62
55
55
28_42_55_57
50
52
47
55
59
52
62
63
62_67
56
64
64
55_57
63
63
59
59
64
64
47_63
63
47_50
59
59
42_56
28
38_69
74
52_78
50
59
57
63
61
47_52
64
64
61
61
57
57
69_74_78
38
33_68
45
50
52
57
56
64
64
61
61
56
56
68
52
52
33
38_69
74
52_78
50
56
57
61
61
64
64
61
61
57
57
69_74_78
38
33_68
45
45
50
52
57
56
64
64
61
61
56
56
68
33
28
52
52
28
36
45
48
67
52
52
72
56
55
74
61
62
55
55
52
52
64
64
62
62
55
55
52
52
52
52
67_72_74
36
35
48
47
62
52
50
67
55
55
71
62
62
55
55
50
50
64
64
62_67_71
35
33
47
45
60
50
52
67
55
55
69
62
60
55
55
52
52
60_64
60
60
62
64
62
60
60
59
55
55
53
67
33
57_69
45_52
53
55
55
59
60
60_69_69
53_57
52_55_67
53
52
60
60
52_55
49_50_65
52
50
55
55
60
60
65
49
48_57_64
48
55_64
55
64
48_57
47_55_62
48
47
55
55
60
62
55
64
62
62
55
55
28_36_42_55_57
50
52
47
55
59
52
62
63
62_67
56
64
64
36_55_57
38_51
63
63
59
59
38_51
45_47_51
64
64
45_47_51
43_45
47_63
63
43_45_47_50
41_43
59
59
42_56
28_41_43
36_38_52_69
52
50
73
78
59
57
63
61
64
64
36_52
38_51
61
61
47_52
38_51
51
57
57
69_73_78
38_51
33_51_57
45
68
71
51
36_51
50
52
57
56
64
64
36_51
38_51
61
61
56
56
57_68_71
38_51
51
52
52
51
51
33_51
36_38_51_69
52
50
73
78
56
57
61
61
64
64
36_51
38_51
69_73_78
81
61
61
81
38_51
51
57
57
38_51
33_51_57
45
45
68
71
51
36_51
50
52
57
56
64
64
36_51
38_51
61
61
56
56
57_68_71
38_51
51
52
52
51
51
33_51
36_38_51_69
52
50
73
78
56
57
61
61
64
64
36_51
38_51
61
61
38_51
51
57
57
69_73_78
38_51
33_51_57
45
45
68
71
51
36_51
50
52
57
56
64
64
57_68_71
33_36_51
33_38_51_73
61
61
73
33
33
56
56
33_38_51
28_51_71
52
52
51
51
71
28_51
36_38_51_69
52
50
73
78
36_51
36
56
57
36
38_51
61
61
64
64
38_51
51
69_73_78
51
51_81
61
61
81
38_51
33_36_51
33
57
57
33_57
45
45
68
71
50
52
57
56
36_51
38_51
64
64
61
61
38_51
51
56
56
57_68_71
33_51
33_51
33
52
52
51
51
51
43_55_57
59
45
43
50
62
52
55
71
56
59
57
55
54
59
42_55
55
59
57
50
45
62
62
55
50
71
69
57
61_64
54
52_59
42
40
59
62
59_62
45
47
62
69
66_69
50
54
69
66
67_71
57
55
71
67
66_69
54
54
69
59
59_78
47
47
40_78
52_57
43_55
59
47
43
50
59
62
54
55
66
71
55
59
55
54
59
42_55
55
59
57
50
45
62
62
55
50
71
69
57
54
52_59
42
40
59
62
59_62
45
47
62
69
66_69
50
54
69
66
67_71
57
55
71
67
66_69
54
54
69
59
59_78
47
47
40_78
52_57
43_51_55
59
47
43
50
59
62
54
55
51_66
51_71
55
59
51_55
51_54
59
42_55
55
59
57
50
45
62
62
55
50
71
69
57
51
54
51_52_59
42
40
59
62
59_62
45
47
62
69
66_69
50
54
69
51_66
51_67_71
57
55
71
67
66_69
54
54
69
51_59
51_59_78
47
47
51
55
55
49
49
55
40_78
52_55_57
43_51_55
59
47
43
50
59
62
54
55
51_66
51_71
55
59
51_55
51_54
59
42_55
55
59
57
50
45
62
62
55
50
71
69
57
51
33_51
45
45
33_51
33_51
50
52
33_51
33_51
57
59
33_51
45_51
60
45
45
45_51
45_51
45_51
33_51
42_45
45
33_51
33_51
52
54
33_51_54_57_62
33_51
59
57
33_51
45_51
60
62
45
45
45_51
45
45
33_51
45
45
33_51
33_51
54
53
33_51
33_51
57
55
33_51
45_51
62
62
45_69
45
45_51
45_51
45_51
33_51
45
45
33_51
33_51
53
52
33_51
45_51
62
59
45_51
45_51
59
60
45
45
60
59
59
60
60
59
45_51
40
40
33_51
45
45
33_51
33_51
52
52
33_51
33_51
55
59
33_51
45_51
59
60
45
45
45_51
45_51
45_51
33_51
45
45
33_51
33_51
52
54
33_51
33_51
59
57
33_51
45_51
60
62
45
45
45_51
45
45
33_51
45
45
33_51
33_51
54
53
33_51
33_51
57
55
33_51
45_51
62
62
45
45
45_51
45_51
64
45_51
33_51
62
62
33_51
33_51
33_51
33_51
55
55
33_51
33_55
33
40
53
53
55
51
40_51
33_51
45
45
33_51
33_51
53
52
33_51
33_51
55
59
33_51
45_55
62
60
45
45
45_55
45_51
45_51
33_51
45_64
45
33_51
33_51
52
54
33_51
33_51
59
57
33_51
45_55
60
62
45
45
45_55
45_55
45_55
33_51
45
45
33_51
33_51
54
53
33_51
33_51
57
55
33_51
45_55
62
62
45
45
45_55
45_51
45_51
33_51
45
45
33_51
33_51
53
52
33_51
45_51
62
59
45_51
45_55
59
60
45
45
60
59
59
60
60
59
45_55
40_55
40_55
33_51
45
45
33_51
33_51
52
52
33_51
33_51
55
59
33_51
45_55
59
60
45
45
45_55
45_51
45_51
33_51
45
45
33_51
33_51
52
54
33_51
33_51
59
57
33_51
45_55
60
62
45
45
45_55
45_55
45_55
33_51
40
51
51
54
53
51
51
57
55
51
55
62
62
55
51
64
51
51
45_62
62
51
51
51
43_45
55
55
43_45
41_43
53
53
41_43
41
33_41
36_36_57_60_60
40
48
64_64
53
52
67_67
55
55
36_57
38_51_76_76
62
64
60
36_38_51_60
35_36_51_59_59
48_64
47
64
64
62_62
52
50
67
36_51_67
36_51_67_67
55
55
76
76
74_74
64
62
36_51
38_51
38_51
55
35_55_59
33_36_57_57_57
47
45
59
62
60_64
50
52
62
74
67_71
55
59
67
36_57_71
38_51_69_72
62
60
67
72
67_71
59
59
74
38_51_64
36_51_64_76
52
52
36_51
36_51
33
45
36_45_51
38_45_51
45
45
38_45_51
45_55
57_60
45_55_57_67
36_36_57_60_60
45
48
67
64
64_64
52
52
69
67_67
59
55
76
36_57_71
38_51_76_76
60
64
60
36_38_51_60
35_36_51_59_59
48
47
64
64
62_62
52
50
67
36_51_67
38_51_67_67
55
55
76
76
74_74
64
62
38_51
36_51
36_51
38_51
38_51
36_55
35_36_55_59
33_36_57_57_57
47
45
59
62
60_64
50
52
62
74
67_71
55
59
67
36_57_71
38_51_69_72
62
60
67
33_72
43_67_71
59
59
74
38_43_51_64
36_45_51_64_76
52
52
45
50
36_51
36_51
36_51
38_51
38_51
55
57_60
50_55_57_67
36_36_57_60_60
45
48
67
64
64_64
52
52
69
67_67
59
55
76
36_57_71
38_51_76_76
60
64
60
36_38_51_60
35_36_51_59_59
48
47
64
64
62_62
52
50
67
36_51_67
36_51_67_67
55
55
76
76
74_74
64
62
36_51
38_51
38_51
55
35_55_59
33_36_57_57_57
47
45
59
62
60_64
50
52
62
74
67_71
55
59
67
36_57_71
38_51_69_72
62
60
67
72
67_71
59
59
74
38_51_64
36_51_64_76
52
52
36_51
38_51
38_51
36_51
36_51
38_51
33_38_51
33_36_55
57_60
33_36_55_57_67
36_36_57_60_60
45
48
67
64
64_64
48_52
52
69
67_67
52_59
55
76
36_57_71
38_51_76_76
55_60
64
60
36_38_51_60
35_36_51_59_59
64
47
64
64
62_62
47
50
67
36_51_67
38_51_67_67
50
55
76
76
74_74
55
62
38_51
36_51
36_51
38_51
38_51
36
36
38_57
38_57
55
62
62
65
62_65
65
62
50
35_55
36_38_51
50_62_65
40
45
50
62
65
36_38_51
36_38_51
36_38_51
36_38
40_45_50_62_65
45
50
62
36_38
38_50_52_57
45_50_62
65
62
50
45
40
50
50
40_45_50_62_65
45
50
62
65
38_50_52_57
36_50
45_50_62_65
62
50
45
36_50
36_38_51
45_50_62
40
45
50
62
36_38_51
36_38_51
40_45_50_62
59
59_62_67
36_38_51_59_62_67
36_38
62
36_38
38_50_52_57
62
62
67
50
50
59_62_67
59
45
38_50_52_57
36_50
59
59
36_50
36_38_51
45_59
40
45
58
62
36_38_51
36_38_51
58
58
36_38_51
36_38
62
60
36_38
38_50_52_57
45_58_60
45
58
60
67
74
50_74
50
60
60
38_50_52_57
36_50
58
58
36_50
36_38_51
40_45_58_60
40
45
57
60
36_38_51
36_38_51
57
57
36_38_51
36_50
60
60
36_50
36_50
67
65
36_50
36_38_50_52_57
57_60_65
57
60
64
64
65
65
64
50
45
60
60
36_38_45_52_57
36_38_51
40_45_57_60
40
45
57
62
36_38_51
36_38_51
62
60
36_38_51
36_38
64
64
36_38
38_50_52_57
64
65
50
50
45_57_60_65
45
57
60
64
38_50_52_57
36_50
57
57
36_50
36_38_51
40_45_57_60
40
45
50
62
36_38_51
36_38_51
50
59
36_38_51
36_38
62
62
36_38
38_50_52_57
45_59_62_64
45
59
62
67
50
50
62
62
38_50_52_57
36_50
59
59
36_50
36_38_51
40_45_59_62
40
45
50
62
36_38_51
36_38_51
50
58
36_38_51
36_38
62
62
36_38
38_50_52_57
45_58_62_67
45
58
62
67
50
50
62
62
38_50_52_57
36_50
58
58
36_50
36_38_51
45_58_62
45
58
60
36_38_51
36_38_51
36_38_51
36_45
40_45_58_60
40
45
58
60
36
36
36_45
36_38_45_52_57
45_58_60
45
58
60
58_60
60
58
58_60
58
60
36_38_45_52_57
36_38_51
40_45_58_60_67
40
45
57
62
65
36_38_51
36_38_51
36_38_51
36_38
62_65
62
65
36_38
38_50_52_57
40_45_57_62_65
65
62
57
45
40
50
50
57_62
57
62
38_50_52_57
36_50
40_45_57_62_65
65
62
57
45
40
36_50
36_38_51
40_45_57_62_65
40
45
59
62
65
36_38_51
36_38_51
59_62
62
59
36_38_51
36_38
59_62
59
62
36_38
38_50_52_57
40_45_59_62_65
40
45
59
62
65
50
50
38_50_52_57
36_50
40_45_59_62_65
65
62
59
45
40
36_50
36_38_51
40_45_59_62_65
40
45
58
62
65
36_38_51
36_38_51
58_62
62
58
36_38_51
36_38
58_62
58
62
36_38
38_50_52_57
40_45_58_62_65
40
45
58
62
65
50
50
38_50_52_57
36_50
40_45_58_62_65
40
45
58
62
65
36_50
36_38_51
40_45_58_62_65
65
60
58
45
40
36_38_51
36_38_51
36_38_51
36_50
40_45_58_60_65
40
45
58
60
65
36_50
36_50
36_50
36_38_50_52_57
45_58_60
45
58
60
50
45
58_60_65
65
60
58
58_60_65
58
60
65
36_38_45_52_57
36_38_51
40_45_58_60_65
40
45
57
62
65
36_38_51
36_38_51
36_38_51
36_38
62_65
62
65
36_38
38_50_52_57
40_45_57_62_65
65
62
57
45
40
50
50
57_62
57
62
38_50_52_57
36_50
40_45_57_62_65
65
62
57
45
40
36_50
36_38_51
40_45_57_62_65
40
45
59
62
65
36_38_51
36_38_51
59_62
62
59
36_38_51
36_38
59_62
59
62
36_38
38_50_52_57
40_45_59_62_65
40
45
59
62
65
50
50
38_50_52_57
36_50
40_45_59_62_65
65
62
59
45
40
36_50
36_38_51
40_45_59_62_65
40
45
58
62
65
36_38_51
36_38_51
58_62
62
58
36_38_51
36_38
58_62
58
62
36_38
38_50_52_57
40_45_58_62_65
40
45
58
62
65
50
50
38_50_52_57
36_50
40_45_58_62_65
40
45
58
62
65
36_50
36_38_51
40_45_58_62_65
65
60
58
45
40
36_38_51
36_38
36_38
38_45_47_52
40_45_58_60_65
40
45
58
60
65
38
50
45_47_50_52
38_45_50_51
45_58_60
45
58
60
38_45_50_51
41_43_50
41_43_50
36_48_52_57_72_72
45
48
67_67
58
52
72
72
72_72
60
55
74
65
62
36_52_57
38_51
38_51_72
38_72
55
55
38_67
51_67
52
52
51_72
51_72
64
51
36_51
40_62
62
36_51
38_57
55
55
38_57_72
38_72
52
52
38_48
38_48
67_72_74
38_48_72
36_47_52_57_74
48
47
62
52
50
74
67_71
55
55
71
71_71
62
62
36_52_57
38_51
38_51_71
38_71
55
55
38_67
51_67
50
50
51
51
64
64
51
36_51
36_51
38_57
38_47_57
38_47
38_47
38_48
62_67_71
38_48_67_71
36_50_52_57
47
45
62_67
50
52
59_67
55
55
59
60_71
62
60
36_52_57
38_51
38_51_67
38_69
55
55
38_60
51_60
52
52
51_60
51_62
60_64
60
60
62
51
36_51
69
71
64
62
62
62
64
62
60
36_51_71
38_57_71
71
72
60
59
38_57_72
38_71
55
55
53
38_50_71
57_57_69
45_52
53
55
55
57
38
59
60
57_62_67_71
38_53_69
52_55_55_67
53
52
60
60
55
52_55_67
49_50_53_65
52
50
55
55
49
38
60
60
38_65
48_52_57_64
48
55_64
55
64
65
65
64
52
48_57_64
47_50_55_62
48
47
55
55
55
38
60
62
38
36_51
64
36_51
38
62
62
55
55
38_62_64
28_36_42_57
50
52
36_57
36_51
55
59
50
36_51
47_51_59
62
63
51
38_56_57_64
64
64
71
38_57_64
51_64
63
63
53
51_71
51_71
51
51_76
59
59
51
45_47_57
64
64
45_47_57
38_45
38_45
41_43
47_63
63
41_43_47_50
38_41
59
59
38_41
38
42_56
28_38_59_64_71_76
36_50_57_69
52
50
73
78
59
57
36_57
36_51_64
63
61
36_51
51_66
64
64
51
38_51_69
74
61
61
47
38_51_69
51_73
57
57
69_73_78
50_51_74
45_51_57_74
50
50
68
71
51
36_51
57
57
74
76
61
60
36_51_73
36_38_73
64
64
73
71
36_38
38_51
60
61
66
69
57
56
57_68_71
38_51
57
50
52
45_57_64_69_71_76
36_38_57_69
52
50
73
78
56
57
36_57
36_51_71
61
61
36_51
51_73
64
64
51_73
38_51_76
69_73_78
81_81
61
61
81
38_51_76
51_76
57
57
38_51_81
33_51_57_78
50
50
68
71
51
36_51
57
57
76
76
61
60
36_51
36_38
64
64
76_78
73_81
36_38
38_51
60
61
73_81
71_80
80
78
57
56
57_68_71
71
76
38_51_76
74
50
52
33_74
36_38_57_69_73
52
50
73
78
56
57
36_57_71_73
36_51_76
61
61
36_51_76
51_78
64
64
51_78
38_51_85
38_85
40_83
61
61
83
81
38_51_78
51_80
57
57
69_73_78
40_51_80
33_51_57_78
50
50
68
71
51_78
36_51_76
57
57
61
60
36_51_76
36_38_74
64
64
74
76
57_68_71
36_38_76
38_51_73_73
60
61
73
71
71
69
57
56
69
71
71
68
38_51
71
50
52_66
71
33_66
36_38_57_64_69
52
50
73
78
56
57
36_57
36_51
61
61
64
62
36_51
51
64
64
51
38_51
62
61
69_73_78
81
61
61
81
38_51_81
51_59
57
57
38_51
33_51_57
50
50
68
71
51_59_61_68_73
36_51
57
57
61
60
36_51
36_38
64
64
36_38
38_51
60
61
69
64
61
57
56
61
59
57_68_71
57
57
56
38_51_56
52_54_57
50
52
33_52_54_57
24_36_52_57_57_67
48
52
52
72
56
55
74
61
62
36_52_57_57_59_64_69
38_51
38_51
38
55
55
38
51
52
52
67_72_74
51
51_67
52_55_62_64
52
72
55
62
64
74
51
36_51
36_51
47_57
47_57
47
47
45
45
45
45
43
43
38_43
72
67_74
24_38_43
48_52_55_62_64
47
50
55
62
55
55
50
50
64
47
45
50
52
55
55
62
60
55
55
52
52
60_64
60
60
62
64
62
60
60
59
55
55
69
57
45_52
53
55
55
59
60
57_69
55_67
53
52
60
59
55_67
53_65
52
50
55
55
59
60
53_65
52_64
48
55_64
55
52_64
50_62
48
47
55
55
60
62
64
62
62
55
55
50
50
50_62
47
48
67
50
52
72
55
55
74
62
62
55
55
52
52
64
64
62
62
55
55
52
52
48
47
52
50
72
67
55
55
62
62
74
55
55
50
50
64
64
47
45
50
52
55
55
62
60
55
55
52
52
60_64
60
60
62
64
62
60
60
59
55
55
69
57
45_52
53
55
55
59
60
57_69
55_67
53
52
60
59
55_67
53_65
52
50
55
55
59
60
53_65
52_64
48
55_64
55
52_64
50_62
48
47
55
55
60
62
64
62
62
55
55
50
50
50_62
50_55_62
47_64
