64
59
54
44
56
63
58
53
45
57
62
57
51
42
54
61
56
50
43
55
52
47
42
44
32
51
46
41
33
45
50
45
39
42
30
49
44
39
43
31
37
37
37
37
37
37
37
37
37_52
49
57
63
61
37
57
64
37
59
64
70
37
68
64
71
37_64
69
75
73
37
69
76
37
71
76
82
37
80
76
82
66_73_76_85
78
82
61
80
71
68
73
76
64_68
76
57
69
73
63
59_71
52
64
68
54_61_65
66
73
71
52
59
70
68
66
64
51
57
61
59
61
56
49
37
61
66
68
73
35
75
68
68
33
80
78
68
80
78
38
74
69
39_68
75
73
78
75
73
71
68
71
70
39
66
63
41_61
68
66
68
75
73
75
68
68
68
40
75
73
78
75
73
71
68
71
70
66
63
41_64
65
66
70
72
73
77
78
82
84
82
78
41
77
87
76
85
77
87
85
75
87
85
79_87
85
77
41
87
85
81
87
41
39_89
85
82
87
84
85
82
77
75
41
80
75
77
46
70
65
36_48_67
75
43
72
74
36_48
70
43_65
36_48
62
65
43
62
36_48_67
60
43
77
36_48_79
43
77
36_48
43
79
36_48
70
43
72
36_48
70
65
43
32_44
67
75
39
72
74
44
32
70
65
39
32_62
44
65
39_62
32_67
44
60
39
77
32_44_79
39
77
44
32
39
79
32
70
44
72
39
72
32
44
70
39_65
70
29_41
75
36_72
74
29_41
70
36
67
29_41
80
77
36
79
75
29
41
72
36
70
31_43
67
70
38
67
65
31_43_72
38
31
43
38
70
31_43
72
70
38
65
36_48_67
75
72
43
74
36_48
70
43_65
36_48
62
65
43
62
36_48
60_67
43
36_48_62
63
43
67
70
36_48
74
43
77
36_48_74
75
43
82
79
36_48
70
43_65
32_44_67
75
39_72
44_74
32
70
65
39
62
32
44
65
62
39
32_60
44_67
39
32_44_62
63
39_67
70
44
32
74
39
77
32_75
44
77
39_82
79
32
44
74
65
39
70
29_41
75
36_72
74
29_41
70
36
67
29_41
80
77
36
79
75
29
41
72
36
70
31_43
67
70
38
67
65
31_43_72
38
31
43
38
31_43
72
75
38_72
60_67_71_79
72
75
63
75
56
67
68
72
61
68_72
80
73
77
57
68
76
64
69
73
62_69_73_81
74
77
65
69_77
58
70
74
74
63_70_82
75
79
60_71_79
67
72
76
42_54_61
73
66_70
67
64
40_55
52
60
42_54_61
73
66_70
67
64
40_55
52
60
35_47_64
54
59
63
50_68
38_62
57
66
65
53_60
41
71
69
56_63
44
68
74
72
49_68_79
73
61
47
59
71
82
76
77
45
57_72
83
49_56
37
61
66
65
61
68
35_47_59
64
70
68
64
71
33_45_64
69
75
73
69
76
32_44_71
76
82
80
75
83
54_66_73_73
70
51
63_70
70
66
66
68
68
49_61_65
68
68
65
65
61_61
46_61_66_66
47
59
63_63
59_59
61
61
42_61_61
58
54_66_70_73
73
63
51_70
70
66
66
68
68
49_61_68
65_68
65_65
61_61
46_63_66
66
47_59
63_63
59
59
61
61
54_58_61_61
42
56
35
61_65
65
34_54_66
61_66
66
35
59
66
54
63_66
73
73
70
70
61_68
54
66
34
66
54_59_63
35
66_66
73_73
70
70
41_63_68_68
63
35
68
68
70_70
66
66
32_60_63_63
68
65
66_66
65
37_56
61_65
30_58_61_66
54_66_73_73
70
51
63_70
70
66
66
68
68
49_61_65
68
68
65
65
61_61
46_61_66_66
47
59
63_63
59_59
61
61
42_61_61
58
54_66_70_73
73
63
51_70
70
66
66
68
68
49_61_68
65_68
65_65
61_61
46_63_66
66
47_59
63_63
59
59
61
61
54_58_61_61
42
56
35
61_65
65
34_54_66
61_66
66
35
59
66
54
63_66
73
73
70
70
61_68
54
66
34
66
54_59_63
35
66_66
73_73
70
70
41_63_68_68
63
35
68
68
70_70
66
66
32_60_63_63
68
65
66_66
65
37_56
61_65
30_58_61_66
71
73
78
66_77
73
35
64
37
75
71
39_66
73
71
78
78
78
78
78
78
40
70_78
78
67
76
76
33
77_77
69
74
76
76
38_74_78_78
69
36_60_66
67
36
64
38
57
62
64
69
71
63_67
66
