35_59_62_66_71_76
78
78
81
74
76
76
78
71
74
73
57_61_64_69
73
74
73
71
69
69
71
74
78
78
28_40_55_59_64_67
78
79
78
76
76
69
71
67
69
74
64
76
71
74
67
62
36_48_55_60_64_64_67
67
69
69
69
67
47_54_59_62_66_66
64
62
62
62
64
66
69
49_59_61_64_68_68
68
68
66
69
64
66
68
69
64
66
68
69
30_42_54_59_61_66_66
68
71
68
69
71
71
71
73
73
74
69
66_73_76
74
35_47_59_66_71_74_76
78
78
83
83
85
86
64_66_69_73_85
85
85
86
85
83
81
85
86
81
78
86
78
28_40_64_67_71_78
78
78
78
76
78
76
71
67
74
62
69
64
71
67
67
69
69
64
36_48_55_60_64_67_69
69
67
64
64
62
64
67
69
71
69
67
47_54_59_62_66_66
64
62
62
61
62
64
66
69
36_48_55_60_62_67_67
66
67
69
66
62
64
62
60
33_45_57_59_60_64
60
59
57
57
57
59
60
62
64
34_46_57_62_65_65_70
64
62
60
57_58_62_65_70
57
31_43_55_58_62
57
58
57
55
55
55
57
58
60
62
57
58
60
62
60
62
64
62
64
65
62
64
65
67
64
65
64
26_38_38_50_62
74
