26_35_38_42_57_62_65
82
35_42
82
69
69
69
81
82
28
62
82
28
70
70
57_82
42
82
42
69
69
82
64
82
70
70
82
40_42
82
40_42
69
69
65
82
64
82
70
70
82
42
82
42
69
69
82
82
70
70
57
26_38
58
65
53
82
22_34_35_42
65
82
35_42
69
69
82
54
82
54
70
70
82
35_42
57
53
82
35_42
69
69
82
65
60
82
70
70
82
40_42
82
40_42
69
69
62_82
60
82
70
70
82
42
82
42
69
69
82
82
70
70
53
62
65
22_34
26_35_38_42_57_62_65
82
58
35_42
82
69
69
82
28
82
28
70
70
82
42_53
57
82
42
69
62
69
82
64
82
70
70
82
40_42
82
40_42
69
69
82
65
64
82
70
70
82
42
82
42
69
69
82
82
70
70
57
58
65
26_38
53
82
22_34_35_42
65
82
35_42
69
69
22_34
82
54
82
54
70
70
82
22_34_35_42
57
53
82
35_42
69
69
82
65
60
82
70
62
70
60
67
81
69_82
40_42_79
82
40_42
69
69
82
82
70
70
82
42
82
42
69
69
82
46
82
46
70
70
60
53
62
65
22_34
53
26_35_38_42_57_62_62_65
82
58
79
35_42
69_82
67
81
69
69
82
28
82
28
70
70
60
57_82
42
82
42
69
69
82
64
82
70
70
82
40_42
82
40_42
69
69
65
82
64
82
70
70
82
42
82
42
69
69
82
82
70
70
57
26_38
58
65
53
82
22_34_35_42
65
82
35_42
69
69
82
54
82
54
70
70
82
35_42
57
53
82
35_42
69
69
82
65
60
82
70
70
82
40_42
82
40_42
69
69
62_82
60
82
70
70
82
42
82
42
69
69
82
82
70
70
53
62
65
22_34
82
26_35_38_42_57_62_65
58
50_82
35_42
69
69
82
28
82
28
70
70
82
42_53
57
82
42
62
69
62
69
82
64
82
70
70
82
40_42
82
40_42
69
69
82
65
64
82
70
70
81
81
82
42
76
82
42
69
69
26
38
82
22_34
82
22
34
70
70
50
57
58
65
53
82
22_34_35_42
82
35_42
62
69
69
82
54
82
54
70
70
82
35_42
57
53
82
35_42
69
69
82
65
60
82
70
70
22
34
62
82
40_42
58
76
53
82
40_42
69
69
82
59
82
59
70
70
82
28_40_59
82
28_40
69
69
82
82
81
70
28
70
28
69
59
53
82
26_35_38_42_57_62_65
82
35_42
69
69
82
28
82
28
70
70
60
57_82
42
82
42
69
28
69
28
82
64
82
70
70
82
28_40_42
82
28_40_42
69
69
65
82
64
62
82
70
28
70
28
82
42
82
42
69
69
82
82
70
70
57
26_38
58
65
53
82
22_34_35_42
65
82
35_42
69
69
82
54
82
54
70
70
82
35_42
57
53
82
35_42
69
69
82
65
60
82
70
70
82
40_42
82
40_42
69
69
62_82
60
82
70
70
82
42
82
42
69
69
82
82
70
70
53
62
65
22_34
82
26_35_38_42_57_62_65
58
82
35_42
69
69
82
28_28_28
82
28
70
70
82
42_53
57
82
42
69
62
69
82
64
82
70
70
82
40_42
82
40_42
69
69
82
65
64
82
70
70
82
42
82
42
69
69
82
35
82
35
70
70
57
58
65
26_38
53
82
22_34_35_42
65
82
35_42
69
69
22_34
82
54
82
54
70
70
82
22_34_35_42
57
53
82
35_42
69
69
82
65
60
82
70
70
82
40_42
82
40_42
69
69
82
82
70
70
82
42
82
42
69
69
82
82
70
70
53
65
22_34
53
26_35_38_42_57_62_62_65_82
58
35_42_82
69
69
82
28
82
28
70
70
57_82
42
60
82
42
69
69
82
64
82
70
70
82
40_42
82
40_42
69
69
65
82
64
82
70
70
82
42
82
42
69
69
82
82
70
70
57
26_38
58
65
53
82
22_34_35_42
65
82
35_42
69
69
82
54
82
54
70
70
82
35_42
57
53
82
35_42
69
69
82
65
60
82
70
70
82
40_42
82
40_42
69
69
62_82
60
82
70
70
82
42_60
62
82
42
69
69
82
82
70
70
53
62
65
22_34
82
26_35_38_42_53_57_62_65
58
82
35_42
69
69
82
28
82
28
70
70
60
82
42
57
82
42
69
69
82
64
82
70
70
82
40_42
82
40_42
69
69
82
65
64
82
70
70
82
42
82
42
69
69
26
38
82
22_34
82
22
34
70
70
57
58
65
53
82
22_34_35_42
65
82
35_42
69
69
22
82
34_54
82
54
70
70
82
22_34_35_42
57
53
82
35_42
69
69
82
65
60
82
70
70
82
40_42
82
40_42
69
69
82
82
70
70
82
46
82
46
69
69
82
82
70
70
53
65
53
22_29_29_34_35_41_42_57_60_62_82
58
72
77
35_42_82
84
69
91
69
82
28
82
28
70
70
60
82
42
53
82
42
69
69
82
60
82
70
70
82
40_42
82
40_42
69
69
82
65
82
70
70
82
42
82
42
69
69
82
82
70
70
41_57
29_29
53_82
77_79
28_28_35_40_42_55
65_67
82
35_42
69
69
82
54
82
54
70
70
82
35_42_55_60
82
35_42
69
69
82
67
82
70
70
82
40_42
82
40_42
69
69
67
82
65
82
70
70
65
82
42_67
82
42
69
69
82
72
82
84
70
70
67
82
72
40_55_55
72_79
28_28
82
74
31_31_35_42_43_58_60_62_70
82
79
82
35_42
69
69
82
28_28_28
82
28
70
70
67
82
42_55
82
42
69
69
82
67
82
70
70
65_82
40_42
82
40_42
69
69
82
82
70
70
70
82
42_57
82
42
69
69
31_31
82
31_31_35
82
35
31_31
70
70
65
43_67
57
82
22_34_35_42_46_55
65_77_79
82
35_42
69
69
82
22_34_54_60
82
54
70
70
82
22_34_35_42_58
58
82
35_42
69
69
91
65
82
65_65
82
70
70
82
40_42
82
40_42
69
69
82
82
82
70
70
82
42
82
42
69
69
82
46
82
46
58
70
65
70
46
74
60
58_65
82
77
22_29_29_34_35_41_42_53_57_58_60_62_82
81
72
77
35_42_82
84
69
91
69
82
28
82
28
70
70
82
42_53
82
42
69
69
82
60
82
70
70
82
40_42
82
40_42
69
69
82
65
82
70
70
82
42
82
42
69
69
82
82
70
70
72
41_57
53_81
29_29_77
53
82
24_24_35_36_42_52_55
65_67
72
84
79
82
35_42
69
69
82
54
82
54
70
70
82
35_42_55_60_60
82
35_42
69
69
67
82
67_67
82
70
70
82
40_42
82
40_42
69
69
60
82
60
82
70
70
82
42
82
42
69
69
82
82
67_84
70
70
60
82
36_55_55
79
52_72
24_24
84
82
31_31_35_42_43_55_58_60_62
79
74
82
82
35_42
69
69
82
28
82
28
70
70
67
82
42_62
82
42
69
69
82
58
82
70
70
82
82
40_42_62_65
82
82
40_42
69
69
82
62
58
82
70
70
82
82
42_58_65
79
81
82
42
69
69
82
82
70
70
72_82
43_58
91
81
60
74_82
24_31_31_35_36_42_48_58_60_62_62_64_67
79
84
72_82
35_42_60
69
69
82
54_56
82
54
56
70
70
82
27_28_47
82
27_28
69
69
82
82
70
35
70
35
24_36
48
47
82
24_40_42
36
82
40_42
69
69
82
24_26_36
38
82
70
70
38_82
26_29_35_46
41
82
35_46
69
69
72
82
29_31_43
41
82
70
70
79
60
72
60
84
55_60
67
82
29_29_31_35_49_57_60_64_69
41_43
65
82
35_49
69
69
82
28_65
82
28
70
70
82
42_60_69
82
42
69
69
82
65_67
82
70
70
82
40_42_57_60
82
40_42
69
69
82
65
67
82
70
70
82
42
82
42
69
69
82
82
70
70
41
57
55
29_29_64
82
65
28_28_35_42_57_65
40
60
82
35_42
69
69
82
54
67
82
54
70
70
60
82
35_42
60
82
35_42
69
69
67
82
67
82
70
70
82
40_42
82
40_42
69
69
82
82
70
70
82
42
82
42
69
69
82
26_26_28_28
82
26_26
70
70
60
60
65
67
64
62
40_55
57
82
26_26_35_42_69
38
82
35_42
69
69
82
28_28_28_65
82
28
70
70
82
42_60_69
82
42
69
69
82
65_67
82
70
70
82
26_26_38_38_40_42_57_60
82
40_42
69
69
82
65
67
82
70
70
82
42
82
42
69
69
82
35_36_36_38_38
82
35
36_36
70
70
57
82
22_34_35_42_57_65
58
58
46
38
82
35_42
69
69
82
22_34_54
82
54
70
70
58
82
22_34_35_42
58
82
35_42
69
69
82
65
82
70
70
58
82
40_42
60
82
40_42
69
69
82
82
70
70
82
42
82
42
69
69
82
22_31_31_34_46
82
46
46
65
70
70
60
58
62
60_82
57
29_29_31_31_35_42_69
41
82
35_42
69
69
82
28_65
82
28
70
70
82
42_60_69
82
42
69
69
82
65_67
82
70
70
82
40_42_57_60
82
40_42
69
69
82
65
67
82
70
70
57
82
42_60
82
42
69
29_29
69
65
65
82
29_29
82
29_29
70
70
41
60_64_65
57
65
82
24_24_35_42
36
60
55
82
35_42
69
69
82
54
67
82
54
70
70
60
82
35_42
60
82
35_42
69
69
67
82
67
82
70
70
82
40_42
82
40_42
69
69
82
82
70
70
82
42
82
42
69
69
82
82
70
70
60
67
60
55
36
62_89
57_64
82_86
24_24_26_26_35_42_69
65
38
82
35_42
69
69
82
28_65
82
28
70
70
82
42_60_69
82
42
69
69
82
65_67
82
70
70
82
40_42_57_60
82
40_42
69
69
26_26
82
26_26_65
67
82
26_26
70
70
82
26_38_42
82
42
69
69
82
82
70
70
62
60
55
57
84
82
86
24_26_35_36_38_42_57_65
65
48
60
38
64_82
88
35_42
69
69
82
82
70
70
60
82
35_42
60
82
35_42
69
69
82
67
82
70
70
82
40_42
82
40_42
69
69
60
60
82
82
70
70
67
82
42
55
82
42
69
69
82
48
82
70
70
60
60
55
58_82
55
88
22_24_34_35_36_42_69
46
82
53
64
60
82
35_42
69
69
82
28_65
82
28
70
70
69
82
42_69
82
42
69
69
65
69
82
67
82
70
70
82
40_42
82
40_42
69
69
82
67
65
82
70
70
82
42
82
42
69
69
82
82
70
70
82
35_42
82
35_42
69
69
82
82
70
70
82
35_42_76
82
35_42
69
69
82
82
70
70
82
40_42
82
40_42
69
22_34
69
82
34_46_59
60
82
34_46
70
58_70
89
65
59
46
82
34_35_46_46_47
84
82
35_46
82
53
69
69
82
82
70
70
47
34_46_82
27_35_39_42_58_63_66_76
82
35_42
63
69
87
69
82
28
82
28
70
70
58_82
42
82
42
69
69
82
65
82
70
70
39_82
28_42
39_82
28_42
69
69
66
82
65
82
70
70
82
42
82
42
69
69
82
23_27_37_39
82
23_37
70
70
58
59
66
54
82
23_35_35_42
66
82
35_42
69
69
35
82
54
82
54
70
70
82
35_35_42_66
58
54
82
35_42
69
69
66
82
66_68
61
82
70
70
39_82
28_42
39_82
28_42
69
69
68
63_82
70
61
82
70
70
70
82
42_68
82
42
69
69
35
82
23_25_37
82
25_37
70
70
54
63
66
82
27_35_39_42_58_63_66
59
82
35_42
68
69
69
82
28
82
28
70
70
82
42_54_66
58
82
42
69
63
69
66
82
68
65
82
70
70
39_82
28_42
39_82
28_42
69
69
68
82
66_70
65
82
70
70
82
42
82
42
69
69
39_70
82
25_27_37_71
82
25_37
70
70
58
59
66
54
82
23_35_35_42
66
82
35_42
69
69
23_35
82
54
82
54
70
70
71
82
23_35_35_42_70
58
54
82
35_42
69
69
70
82
66_68
61
82
70
70
39_82
28_42
39_82
28_42
69
69
68
82
66
82
70
70
82
42
82
42
69
69
82
82
66
70
70
54
66
23_35
54
82
27_35_39_42_58_63_63_66
59
82
35_42
69
69
82
28
82
28
70
70
58_82
42
61
82
42
69
69
82
65
82
70
70
39_82
28_42
39_82
28_42
69
69
66
82
65
82
70
70
82
42
82
42
69
69
82
82
70
70
58
27_39
59
66
54
82
23_35_35_42
66
82
35_42
69
69
82
54
82
23_35_54
70
70
82
23_35_35_42
58
54
82
35_42
69
69
82
66
61
82
70
70
39_82
28_42
39_82
28_42
69
69
63_82
61
82
70
70
82
42_61
63
82
42
69
69
82
82
70
70
54
23_35
63
66
82
27_35_39_42_54_58_63_66
59
82
35_42
69
69
82
28
82
28
70
70
61
82
42
58
82
42
69
69
82
68
65
82
70
70
39_82
28_42
39_82
28_42
69
69
68
82
66_70
65
82
70
70
82
42
82
42
69
69
70
27
39
82
23_35_71
82
23
35
70
70
58
59
66
54
82
23_35_35_42
66
82
35_42
69
69
23
71
82
35_54_70
82
54
70
70
70
82
23_35_35_42_70
58
54
82
35_42
69
69
70
82
66_68
61
82
70
70
39_82
28_42
39_82
28_42
69
69
68
82
66
82
70
70
82
42
82
42
69
69
82
82
66
70
63
70
87
54
66
54
82
23_30_30_35_35_42_42_58_61_63
59
73_82
78
35_42
85
85
69
92
69
82
28
82
28
70
70
61
82
42
54
82
42
69
69
82
61
82
70
70
39_82
28_42
39_82
28_42
69
69
82
66
82
70
70
82
42
82
42
69
69
82
82
70
70
42_58
30_30
54_82
78_80
29_29_35_41_42_56
66_68
82
35_42
69
69
29
82
29_54
82
54
70
70
82
29_29_35_42_56_61
82
35_42
69
69
82
68
82
70
70
39_82
28_42
39_82
28_42
69
69
68
82
66
82
70
70
66
82
42_68
82
42
69
69
82
73
82
85
70
70
68
83
29
85
73
41_56_56
73_80
82
75
29_32_32_35_42_44_59_61_63_71
83
80_83
82
35_42
69
69
82
28
82
28
70
70
68
82
42_56
82
42
69
69
82
68
82
70
70
39_66_82
28_42
39_82
28_42
69
69
82
82
70
70
71
82
42_58
82
42
69
69
32_32
82
27_32_32
82
27
32
32
70
70
66
44_68
58
82
23_35_35_42_47_56
66_78_80
82
35_42
69
69
82
23_35_54_61
82
54
70
70
82
23_35_35_42_59
59
82
35_42
69
69
92
66
82
66_66
82
70
70
39_82
28_42
39_82
28_42
69
69
82
82
83
70
70
82
42
82
42
69
69
82
46
82
46
59
70
66
70
47
83
75
61
85
59_66
83
78_82
23_30_30_35_35_42_42_54_58_59_61_63
82
73
78
82
35_42
85
69
92
69
82
28
82
28
70
70
82
42_54
82
42
69
69
82
61
82
70
70
39_82
28_42
39_82
28_42
69
69
82
66
82
70
70
82
42
82
42
69
69
82
82
70
70
73
42_58
54_82
30_30_78
54
82
25_25_35_37_42_56
66_68
73
85
80
82
35_42
69
69
82
25_25_54
82
54
70
70
82
25_25_35_42_56_61_61
82
35_42
69
69
68
82
68_68
82
70
70
39_82
28_42
39_82
28_42
69
69
61
82
61
82
70
70
82
42
82
42
69
69
82
82
68_85
70
70
61
83
25_25_37_56_56
80
73
85
82
85
32_32_35_42_44_59_61_63
80
75
83
82
83
35_42
69
69
82
28
82
28
70
70
68
82
42_63
82
42
69
69
82
59
82
70
70
83
39_82
28_42_63_66
83
39_82
28_42
32
69
69
32
82
32_32_63
59
82
70
70
32
32
83
82
35_35_42_59_66
80
82
82
42
92
69
69
82
32_32_35_35
82
83
70
70
68
32_61
32_44_59
82
83
73
75_82
25_35_37_42_59_61_63_63
80
80
49_61
82
35_42_61_65_68
69
69
82
54
82
54
70
70
82
42
82
42
69
61
68
69
61
68
82
82
70
70
39_82
28_42
39_82
28_42
69
69
82
57
82
57
70
61
68
70
61
68
82
42
82
42
69
69
82
82
70
70
49
82
28_35_48_52
82
28_35_52
69
69
82
82
70
70
48
82
35_42
82
35_42
69
69
73
25_37
78
80
77
82
25_25_27_37
78
82
27_75
25
77
73
61
25
75
37
71
70
25_25_36_37
73
70
36
68
71
25
37
61_66
25
61_68
39_82
25_37_40_49
37
63
39_82
40_66
63
69
69
65
37
49
82
25_27_37_39_51
39
82
61
70
70
68
51
39_82
39
27_30_42_46_54
42
68
82
46
80
69
69
54
42
82
30_32_44_44_56
42
82
70
70
56
30_32_35_42_44_49_58_58_61_70
42_44
66
35_49
66
61
69
69
82
28_66
82
28
70
70
82
42_61_70
82
42
58
69
69
82
66_68
82
70
70
82
40_42_58_61
54
82
40_42
54
69
69
82
66
68
82
70
70
82
42
82
42
69
69
42
30
82
30_42
82
42
30
70
70
42
58
66
56
66
65
65
82
29_35_41_42_58_66
41
61
82
35_42
69
69
82
29
68
82
70
70
61
82
29_35_42
61
82
35_42
69
69
68
82
68
82
70
70
82
40_42
54
82
40_42
54
69
69
82
82
70
70
82
42
82
42
69
69
29
82
27_39_41
82
27_39
70
70
61
61
66
68
65
63
41_56
58
82
27_35_39_42_70
65
66
39
82
35_42
69
69
82
28_28_28_66
82
28
70
70
82
42_61_70
82
42
69
69
82
66_68
82
70
70
82
40_42_58_61
54
82
40_42
54
69
69
82
66
68
82
70
70
82
42
82
42
69
69
27
82
25_35_37_39
82
35_37
70
25
70
58
82
23_35_35_42_58_66
59
59
47
39
82
35_42
69
69
82
23_35
82
70
70
59
82
23_35_35_42
59
82
35_42
69
69
82
66
82
70
70
59
82
61
40_42_49
61
54
82
40_42_59
54
69
69
49
82
51
82
70
70
51
82
46_54
82
46
69
69
54
82
23_32_35_44_56
82
47
66
70
70
61
56
59
63
61
61_82
58_59
30_32_35_42_42_44_58_70
42
82
35_42
69
69
82
28_66
82
28
70
70
58
82
42_61_70
82
42
69
69
82
66_68
82
70
70
82
40_42_58_61
54
82
40_42
54
69
69
82
66
68
82
70
70
58
82
42_61
82
42
69
30_42
69
66
66
82
30_42
82
30_42
70
70
42
61_65_66
66
58
66
82
25_35_37_42
37
61
65
56
82
35_42
69
69
82
25
68
82
70
70
61
82
25_35_42
61
82
35_42
69
69
68
82
68
82
70
70
82
40_42
54
82
40_42
54
69
69
82
82
70
70
82
42
82
42
69
69
82
82
61
70
70
61
65
68
61
25
56
37
63
58_65
82
27_35_37_39_42_70
66
63
66
39
82
35_42
69
69
82
28_66
82
28
70
70
82
42_61_70
82
42
69
69
82
66_68
82
70
70
82
40_42_58_61
54
82
40_42
54
69
69
27_39
82
27_27_66
68
82
27_27
70
70
82
27_39_42
82
42
69
69
82
82
70
70
63
61
56
58
82
25_27_35_37_39_42_58_66
66
49_61
63
61
39
65_82
35_42
65
69
69
82
82
70
70
61
82
35_42
61
82
35_42
69
69
82
68
82
70
70
82
40_42
54
82
40_42
54
69
69
61
61
82
82
70
70
68
82
46
56
82
46
69
69
82
49
82
70
70
61
61
56
65
59_82
56
23_25_35_35_37_42_70
47
65
59
82
35_42_63
69
69
82
28_66
82
28
70
70
70
82
42_61
82
42
69
69
66
82
68
82
70
70
61
82
40_42
54
82
40_42
54
69
69
82
68
66
82
70
70
82
42
82
42
69
69
82
35_66_68
82
35
70
70
59
59
61
82
65
23_25_35_35_37_42_61_63
47
61
68
82
35_42
61
69
69
82
27
82
27
70
70
82
35_42
82
35_42
69
69
68
82
68
82
70
25_37
70
61
82
25_37_40_49
54
37
82
40
54
69
69
49
37
82
25_27_37_39_45_51_60
39
61
82
45
66
70
70
60
51
82
27_30_35_39_42_42_48_54
39
42
82
35_42
69
69
65
68
54
61
82
30_32_42_42_44_44_46_56
82
46
68
70
70
56
48
44_82
30_32_35_42_42_44_58_58_61_70
42
66
82
35_42
66
61
69
69
82
28_66
82
28
70
70
82
42_61_70
82
42
58
69
69
82
66_68
82
70
70
82
40_42_58_61
54
82
40_42
54
69
69
82
66
68
82
70
70
82
42
82
42
69
69
42
30
82
30_42_66
68
82
42
30
70
70
42
58
66
56
66
65
65
82
29_35_41_42_58
41
61
82
35_42
69
69
68
82
29
68
82
70
70
61
82
29_35_42
61
82
35_42
69
69
68
82
68
82
70
70
82
40_42
54
82
40_42
54
69
69
82
82
70
70
82
42
82
42
69
69
29
82
27_39_41
82
27_39
70
70
61
61
68
65
63
41_56
58
82
27_35_39_42_66_70
65
66
39
82
35_42
69
69
82
28_28_28_66
82
28
70
70
82
42_61_70
82
42
69
69
82
66_68
82
70
70
82
40_42_58_61
54
82
40_42
54
69
69
82
27_27_39_39_51_66
39
68
82
70
27_39
51
70
82
25_37_42
49
82
42
69
25
69
82
35
82
35
70
70
49
58
61
63_82
61
63
23_35_35_37_42_58_59_66_66
59
59
47
82
35_42
73
71
78
69
69
82
23
82
70
70
59
82
23_35_42
59
82
35_42
69
69
82
66
82
70
70
59
82
40_42
54
82
40_42
54
69
69
82
59
48
47
82
48
47
70
70
82
46
66
59_82
46
69
69
82
66
47_61
82
70
70
45
82
43
45
82
43
69
69
82
28
59
66
82
28
70
70
82
42
82
42
69
69
82
35
82
35
71
70
45
70_78
45
73
71
82
40_78
52_73
54
82
40
54
71
69
78
73
69
70
74
72
70
74
68
71
82
72
41
68
71
69
82
41
69
67
65
67
64
61
70
65
62
70
64
62
60
59
60_82
42
57_59
82
42
41
57
40
55
40
66
55
43_53
69
53
41
45
69
43
47
48
45
59
50
47
52
66
48
53
82
35_57_59
50
55
52
82
35_57_57_63
53
61
59
55
60
57
62
59
64
60
70
59
65
62
64_67
70
69
65
71
67
72
69
52
71
64
23_33_35_35_49_76_88
72
66_85
57
69_76
81
35_45_49
64
69
69
82
28
82
28
70
70
64
69
64
82
42_69
82
42
69
69
82
82
70
70
64
69
82
40_42
54_64
69
82
40_42
54
69
69
82
82
70
70
64
69
82
42
69
64
82
42
69
69
64
33
69
82
27_33
69
64
82
27
33
70
70
82
33_35_42
82
35_42
69
69
33
64
69
82
69
64
82
70
70
82
33_35_42
82
35_42
69
64
69
69
69
64_82
82
70
70
82
40_42
54
82
40_42
54
69
69
82
82
70
70
82
42
82
42
69
69
82
82
70
69
64
70
33
85
45
76
64_81
88
76
82
87
33_35_42_45_78
75
83
75
69
63
63
82
35_42
69
69
82
28_28_28
82
28
70
69
63
70
63
69
82
42
82
42
69
69
82
82
70
63
69
70
82
69
63
40_42
54
82
40_42
54
69
69
82
82
70
63
69
70
63
69
82
42
82
42
69
63
69
33
69
82
33_35
69
63
82
35
33
70
70
82
33_35_42
82
35_42
63
69
69
69
33
82
63
69
82
70
70
82
33_35_42
82
35_42
63
69
69
69
63
82
69
82
70
63
70
69
82
40_42
54
63
69
82
40_42
54
69
87
69
75
82
82
70
70
57
80
68_82
56
46
82
46
69
69
81
80
56
57
45
82
33
69
68_82
69
63
70
63
70
83
78
81
83
75
82
83
32_35_42_57
87
59_80
71
63
68_82
44
35_42
69
63
51
69
69
82
28
82
28
70
70
63
68
82
42
63
68
82
42
69
69
82
82
63
70
68_70
68
63
82
40_42
54
82
40_42
54
69
69
82
82
70
70
63
63
82
42
82
42
69
69
32
63
68
82
32_63
66
82
32
70
70
82
32_35_42
82
35_42
63
66
69
69
32
82
66
63
82
70
70
82
32_35_42
82
35_42
69
63
66
69
82
66
63
82
70
63_63
66
70
59
63
66
82
40_42
66
63
54
82
40_42
54
69
69
32
82
32
82
70
32
70
71
83
87
75
82
35_42
82
42
69
69
35
82
32_68
82
63
70
66
70
44
63
51_66
32_75
87
83_87
64
68
85
76_80
88
88
82
35_37_42
80
64
64
68
49_82
35_42
69
69
82
28
82
28
70
64
68
70
68
64
82
42
82
42
69
69
49
88
76_87
37
68
82
64
32_35_44_75
66
63
64
82
35_63
70
64
68
70
64
68_82
40_42
54
82
40_42
54
69
69
82
82
70
70
64
87
68
32
85
75
68_73
64
82
25_42
63
66
61_63
64
37_44
61
82
42
49
69
69
64
68
82
64_68
82
25
70
70
85
82
25_35_42
82
35_42
64
68
69
69
82
64
68
82
70
70
82
35_42
82
35_42
69
27
69
27
64
68
68
64_82
68
36_69
82
36
70
27
70
27
69
49
82
40_42_71
54
61
82
40_42
54
69
37
64
69
25_68
82
32
44_63_66
82
70
70
32
85
61_73
59
85
80
83
47
44_80_83
71_82
35_35_42
82
35_42
69
69
49
47
82
35_37
82
70
64
70
71
66
85
63
59
71
49
88
83
80
82
30_35_37_57
83
81
69
42
69_88
64_82
81
35_57
78
64
52
61
69
69
82
28
82
28
70
70
64
82
42
64
82
42
69
69
82
82
70
69
70
64
61
64
57
64
69_82
64
40_42
54
82
40_42
54
69
69
82
82
70
70
82
42
82
42
69
69
69
64
82
64
69
82
70
70
52
71
81
83
80_81
69
30_83
42
82
32_35_42
57_59
78
44
82
35_42
52
69
64
69
69
82
64
68
82
70
70
82
35_42
82
35_42
69
69
82
82
70
64
68
70
82
36_40_42
64
68
54
82
40_42
54
36
69
69
32
82
35
82
70
70
82
28_35_42
82
42
69
69
82
28_37
52
82
68
64
70
70
83
81
88
85
80
69
64
44
82
35_35_37_42_47
59
61
88
82
35_42
52
69
69
82
28_28_28
82
28
70
70
82
42
82
42
69
69
64
69
69_82
64
82
70
70
82
40_42
54
82
40_42
54
69
69
82
47
82
47
70
64
70
69
64_82
69
42
82
42
69
69
82
41
82
41
70
70
52
82
35_42
82
35_42
69
69
82
27
82
27
70
70
82
35_42
82
35_42
69
69
64
69
47
82
82
88
70
35
85
70
81
61
82
37
25_37_40_49_61
54
82
40
54
83
71
69
69
49_61
37
37_82
61
25_27_39_48_51_61_63
39_63
82
48
64
61
70
70
51_61_63
39
82
27_30_42_46_54_61_66
39_42
66
82
63
46
69
69
61
54_66
82
68
30_32_35_44_44_55_56_61_68
42_42
66
82
35_55
70
70
56_68
61
44
30_32_35_49_58_58_61_61_66_70_70_73_85
68
44
42
66
73
35_49_82
42
69
69
82
28_66
82
28
70
70
82
42_58_61_61_66_70_70
82
42
69
69
82
49_61_66_68
82
70
70
49_61
82
40_42_58_58_61_61_66_70
54
82
40_42
54
69
69
61_66
58_70
82
56_61_66_66_68
68
82
70
70
61_66
56_68
82
42_54_61_66
82
42
69
69
61
54_66
82
30_56_61_65_68
82
70
70
42
58
80
56_82
65
42
82
66
29_35_41_42_58_66
41
61
82
35_42
69
69
29_56_61_65_68
82
49_56_61_65
68
82
70
70
61
82
29_35_42
61
82
35_42
69
69
68
82
68
82
49_56_61_65
70
70
82
40_42
54
82
40_42
54
69
69
82
82
70
70
82
42
82
42
69
69
29
82
27
82
27
70
70
61
61
66
68
80
65
63
41_56
58
82
27_35_42_70_78
39
41
82
35_42
39
69
69
82
28_28_28_66
82
28
70
70
82
42_61_70
82
42
69
69
82
66_68
82
70
70
82
27_39_40_42_58_61
54
82
40_42
54
69
69
82
66
68
82
70
70
82
42
82
42
69
69
82
35_37_39
82
35
37
70
70
39_58
82
35_35_42_58_66
59
47_59
47
39
82
35_42
69
69
82
35
82
70
70
59
82
35_35_42
59
82
35_42
69
69
82
66
82
70
70
59
82
40_42_49_61
61
54
82
40_42
54
69
69
49_61
82
51_61_63
82
70
70
51_61_63
82
46_54_61_66
82
46
69
69
61
54_66
82
32_35_56_61_68
82
47
66
70
70
56_68
61
78
61
59
73
63
47
61_82
58
30_32_35_42_58_61_66_70_70_78
42
42
73
82
35_42
69
69
82
28_66
82
28
70
70
82
42_58_61_61_66_70_70
82
42
69
69
82
49_61_66_68
82
70
70
49_61
82
40_42_58_58_61_61_66_70
54
82
40_42
54
69
69
61_66
58_70
82
56_61_66_66_68
68
82
70
70
61_66
56_68
58
82
42_54_61_61_66
82
42
69
30
69
66
61
54_66
66
82
27_30_56_61_65_68
82
27
30
70
70
42
61_65_66
58
66
42
82
25_35_42
37
61
56
37
82
35_42_78
77
69
69
25
56_61_65_68
82
53_56_61_65
68
82
70
70
61
82
25_35_42
61
82
35_42
69
69
68
82
68
82
70
70
82
40_42
54
82
40_42
54
69
69
82
82
70
70
82
42
82
42
69
69
82
82
70
70
61
68
61
25_53_61_65
56
56
37
63
77
58_65
82
27_35_42_51_58_61_66_70
37
66
39
78
39
82
35_42
69
69
82
28_66
82
28
70
70
82
42_61_70
82
42
69
69
82
66_68
82
70
70
51
94
82_82
40_42_58_61
73
85
54
82
40_42
54
69
69
82
66
68
82
70
70
82
42
82
42
69
69
27
82
27
82
27
70
70
95
83
94
63
73
82
58
39
82
23_35_42_47_51_54_58_58_59_61_63_66
47_51_75
59
63
39
82
59
35_42
78
69
69
23
61
82
58
82
47
70
70
59
58
61
47
82
28_35_35_42
59
82
28_35_42
69
69
82
54_59_63
66
66
82
70
70
59
82
40_42_49_61
61
54
82
40_42
54
69
69
49_61
82
51_57_61_63
82
70
70
35_51_61_63
47
82
32_46_46_54_61_66
44_57
82
46
69
69
61
47
54_66
82
56_61_68
46
82
70
66
70
83
56_68
95
59
61
32_61
63
44
78
75
66
30_35_49_58_58_61_61_66_70_70_73
42
66
85
73
35_49_82
42
69
69
82
28_66
82
28
70
70
82
42_58_61_61_66_70_70
82
42
69
69
82
49_61_66_68
82
70
70
49_61
82
40_42_58_58_61_61_66_70
54
82
40_42
54
69
69
61_66
58_70
82
56_61_66_66_68
68
82
70
70
61_66
56_68
82
42_54_61_66
82
42
69
69
61
30_54_66
82
30_56_61_65_68
82
30
70
70
42
58
80
66
56_82
65
42
82
29_35_41_42_58_66
41
61
82
35_42
69
69
56_61_65_68
82
29_49_56_61_65
68
82
70
70
61
82
29_35_42
61
82
35_42
69
69
49_56_61_65
68
82
49_56_61
68
82
70
70
49_56_61
82
40_42_56_61_65_70
54
82
40_42
54
69
69
61_65
56_70
82
56_61_65_68
82
70
70
61_65
56_68
82
42_54_61_65_66
82
42
69
69
54_61_65_66
29
82
27_53_56_61_65
82
27
70
70
61
65
61
66
68
53_56_61
80
65
63
41_56
58
82
27_35_42_58_63_66_70_70_78
39
41
82
35_42
39
69
69
58_63_66_70
82
28_28_28_56_63_66_66_68
82
28
70
70
78
82
42_61_70
82
42
69
69
56_63_66_68
82
54_61_63_66_66_68
82
70
70
54_61_63_66
82
40_42_54_58_61_61_63_66
54
82
40_42
54
69
54_61_63_66
69
82
54_61_63_66_66
68
82
70
54_61_63_66
70
82
42_54_59_63_66
82
42
69
69
27
82
35_37
82
35_37
70
70
59_63_66
39_58
82
35_35_42_54_58_66
59
47_59
47
39
82
35_42
69
69
82
35
82
70
70
59
82
35_35_42
59
82
35_42
69
69
82
66
82
70
70
59
82
40_42_49_58_61_66
61
54
82
40_42
54
69
69
49_58_61_66
82
51_59_61_66
82
70
70
51_59_61_66
82
46_54_61_66
82
46
69
69
54_61_66
82
32_35_56_61_66
82
47
66
70
70
56
61
78
61_66
59
73
63
47
61
58
30_32_35_42_58_61_66_70_78
82
42
42
73
35_42
82
69
69
82
28_66
82
28
70
70
58_61_66
82
42_61_70
82
42
69
69
82
49_61_66_68
82
70
70
49_61
82
40_42_58_58_61_61_66_70
54
82
40_42
54
69
69
58_61_66_70
82
56_61_66_66_68
68
82
70
70
56_68
61_66
58
82
42_56_61_61_65_68
82
42
69
30
69
66
66
82
30
82
30
70
70
42
61_65_66
58
66
42
82
25_35_42
37
61
56
37
82
35_42_78
77
69
69
56_61_65_68
82
25_56_61_65_68
68
82
70
70
61
82
25_35_42
61
82
35_42
69
69
68
82
68
82
70
70
73_85
92
80
82
40_42
54
82
40_42
54
69
69
82
82
70
70
82
42
82
42
69
69
82
82
70
70
61
68
92
61
25_56_61_65_68_80
56
90
37
87
63
77
65
82
27_35_42_54_58_63_66_70
37
66
39
78
39
82
35_42
69
69
82
28_66
82
28
70
70
82
42_61_70
82
42
69
69
82
66_68
82
70
70
51
82
40_42_58_61
54
82
40_42
54
69
69
27
82
27_66
68
82
27
70
70
82
39_42
82
42
69
69
82
82
70
70
85
87
54_58_63_63_66
89
61
78
39_73
82
35_37_39_42_53_56_58_61_65_66
66
49_51_77
61
39_49
85
65_82
35_42
69
69
82
82
70
70
61
82
35_42
61
82
35_42
69
69
82
68
82
70
70
82
40_42
54
82
40_42
54
69
69
61
61
82
82
70
70
68
82
46
56
82
46
69
69
82
49
82
70
70
89
61
61
53_56_61_65
85
49
85
77
59_82_87
56_82
35_35_37_42_54_59_63_70_87
47
78
47
65
82
35_42_63
69
69
82
28_66
82
28
70
70
70
82
42_61
82
42
69
69
66
82
47_68
82
47
70
70
61
82
40_42
54
82
40_42
54
69
69
82
68
43_66
82
43
70
70
82
41
82
41
69
69
82
35_66_68
82
35
70
70
87
78
59
54_59_63
90
80
47_80
82
82
25_35_35_42_53_56_61_61_63
47
85
85_87
61
82_89
35_42
56
69
69
25
82
27
82
27
70
70
82
25_35_42
82
35_42
69
69
68
82
68
36
82
36
70
70
25_82
37_40_55
54
82
40_55
54
69
69
82
82
70
70
61
82
42
82
42
69
56
69
85
82
82
68
80
70
58_70
61
80
63
53_56_61
37
89
85
27_27_42_58_63_82
87
82_90
66
70
42
82
58
23_27_27_35
58
70
83
59
82
63
59
83
58
27_27
82
23_35
27_27
58
82
59
23_23_83
90
87
83
23
59
66
63
23
