44
44
46
44
84
91
86
91
86
91
86
91
86
91
86
91
86
91
86
91
86
91
84_91
84
91
84
91
84
91
84
91
84
91
84
91
84
91
86_91
86
91
86
91
86
91
86
91
86
91
86
91
86_91
91
84
84
91
84
91
84
91
84
41_91
40
40_41
84
91
41
40
84
91
55
36_86
49_91
62
86
40
42
86
55
91
50
86
42
91
53
86
42_91
36
86
42_62
91
86
42
91
55
40
86
42
48_91
84
91
42
50
36_55
52
42
84_91
50
42
40
84_91
48
50
42_55
36
52_84
91
42
84_91
36
84
91
42
84
67_91
42
40
50
84
91
42
42
86
36_55_91
62
86
42
40
86
42_55_91
50
42
86
91
86
42
53_91
36
86
91
42
62
86
91
42
53
40
86
42_91
48
50
84
91
55
42
36_48
52
84
91
42
36_50
55
40_42
84
91
48
50
84
42_52
55_91
36
52
84
91
42
36
28
84
91
62
40_42
69
29
84
69_91
62
42
40
50
30
62_69_84
91
40
69
62
31_36_43_49_67_71
50
55
71
40
42_71
43
55_62
50
36
67
42
38
53
67
48
41
36_42_65_69
69
42_65
69
40_42
48_65
42
65
48
52
64
67
36
36_42_62_67
64
50
42
62
67
48
40
42_60
48
36
42_67
64
36
42
36
36
67
64
42
67
40
42
64
67
64
42_67
42
36
31_62_69
71
50
55
43
42
71
43
40
42_55
50_71
43
62
38_67
36_43
42
69
53
41_48_67
42_62
65
36
42
69
65
48
42_65
69
40
42
62
55
52_67
42_64
62_67
36_36
64
50
42
62
36
36
48
42_60
40
43_62
67
42
64
36
50
42
36
48
71
42_62
48
36
42_62
67
47
40
43
42
36
36_42_67
43_67
71
59
42
40
55_59
50
42
55
43
42
57
41
41
42
36_65
69
65
42
57
48
40_53
42
52
41
42
55
42_67
36
60
36
48
42
52
55
40_42_60
55
36
42
48
36_42
36
57
48
42
36_40
55_60
42
50
46
38
50
59
42
36_43
43
42
62
42
40
55
50
59
43
42
43
41
42_64
41
36
42
53_57
42
48_59
40
55
41_42
41
42
48
36
36
52_55
42
55_60
64
42_48
40
42
36_48
36
42
36_36
60_62
55
42
59
42
48
40
38
46
50
42
36_43
55
43
42_59
42_59
40_55
50
42_43
42
38_57
36_50
55
42
57
42
62
40_50_57
42
59
42
52
40
36
42
64
52
42
59
52
40_60
52
42_64
48
36
42
36
50
48
42
55_60
42
40
48
50
46
42_52
36
36
48
52
42
52
42
55_60
40
42
48
52
36_36_42
48
42
55_60
50
42
48
40
50
42
55_60
38
36_42
50
42
66
57
62
40
42
64
50
36
42_62
42
50
42_57
36
43
57
42
52_62
36
45
42
40_50
38
55
46
31_36
49
86
43_91
59
86
91
42
55
50
40_86
59
91
43
38_55
42_86
91
41
57_89
84
41
36
42
84
89
57
42
53
48
89
84
42
40
41
89
84
42
88
84
48
36_55
55
42
36
88
84
42_48
84_88
55
40_42
48
36_88
84
36_42
48
55
88
55_84
36
42_58
88
84
55
42_55
36
58_88
84
40
42
60
88
84
46
55
38
55
86
42_91
43
36
43_59
86
91
42
62
86
42_91
40_50_62
59_86
36_42_43
55_91
84_89
42
36
41_64
41
84_89
42_58
57
84_89
40_42
48_53
55
89
84
41
42
84_88
42
36_36
55
48
84_88
42
43
88
84
48
42
40_59
52
88
42_84
48_60
55
52
48
88
84
61
55
42
36
48_88
55_84
42_62
50
55
48
88
84
42_58
53
40
59
48_88
55_84
46
55
55
86
42_91
43
36
43
59_86
91
42
50_59
55_86
91
42
40
43
57
86_91
42
50_57
57
38_42
90
86
36
42
86_90
50
57
90
86
40_42
50
86_90
42
40
59
52
88
36_91
59
42
59
42_88
40
88
91
42_59
52
36
52_55
42_59_88
91
36
55
48
42_88
36
84
62
42_88
84
52
57
42_88
60_84
55
40
48
46
88
84
55
42
36_52
88
36_48
84
42
52
84_88
40
42
84_88
48_55
48
52_88
84
42
50
50
38_42
36_86
81
42
36
86
81
50_57
50
86
42
81
40
50
50
42
86
50
55
43
42
86
31_36
91
43
50
55
42_86
91
36
31
50
86
42
91
40
31
55
50
43
46_86
91
36
86
42
55_91
35
40
40
43
50_55
86
57_91
40
59
50
55
43_86
48_91
38
55
86
91
62
45
72
48_49_55_67
36
64
36
38_42_55
40_48_76
48
42_71
67
40
36
62
74
55
43
43_50
42
36
42
59
67
71
40
42
55
43
50
50_69
42_57
66_69
43
38
57
42_50
36
57
42
66_69
57
42_57
66_69
40_50
55
42
38_66_71
50_55_69
67
31_71
36_42
59
42
55
50_55
67
43_71
55
33_40_43
42_67
71
50
35
43
36_67
50_71
42_55
55
42
48
36_36
42
72
64
42_72
40
67
48_55
38
42_48
40
71
42
36
43_43_50_55
42
62
71
67
42
40
43
55
50
69
42_59
43
50_66_69
57
42
38
36
57
50
66_69
42_57
74
57
40_42
50_69
66
55
36_38
42
66_69
50
57
59
31_42
36
67
71
42_50
31_55
40
55
55
42_50_67_71
33
40
55
50
67_71
55
42
35
48
76
49
36_64_67_72
55
36
48
64_67
72
42
40_64
38_55
48_72
67
42_62
48
40
67_71
36
62
50_55
67_71
42
43_43
36
59_67
71_74
42
59_71
67
55
50
42_43
40
50
55
62_67
42
43
50_57
42
71
57
38
69
66
36
69
42
57
69
50_66
57_69
50_57_66
42
40
50_55
71
38_66
36_69
42
52_59
59_67
64
40
36
42
55
67
64
52
42
67
55
67
52_59
64
69
40
42
67
64
52_52
59_71
42
36_42
48_55_57
36_64
67
67
55
42
64
67
55_64_67
42_60
40
55
48
67
42
36
36
64_67
48
55_55
42
36_36
42
48
55
67
55
64
42
40
52
66
69
42_62
50
42
38
36
50
74
42_57
50
36
57
42_50
40
42
57_62
38
36
50
42
33_40
50
57
36
35
50
42
57
38
48
48
55
57_62
45
40
67_72
48_49_55_64
36
36
38_42_55
40_48_76
72
67
48
42
40
36
62_67
71
74
55
43
43_50
71
42
67
36
67_71
42
67_71
59
71
40
42
55
43
50
50_69
42
57
43_66_69
69
38
57
42_50
36
57
42
69
66
42_57
40_50_57
69
66
42
38_71
50_55_55_69
66
59
31
36_42
67
71
42
50_55
55
43
67
67_71
33_40_43
55
42
50_67
67_71
71
35
43
36
50
42_55
67
71
71
67
55
42
48
36_36
42
72
64
42
40
67_72
48_55
72
38_67
42_48
40
71
42_62
67_71
67_71
36
43_43_50_55
42
71
67
59
67
71
42
40
43
55
50
69
42
57_69
43
50
66
69
42
38
36
57
50
57
42_69
66
74
69
66
40_42
57
50
74
69
76
36_38
55
42
66_69
50
57
59
31_42
36_76
67
71
42_50_55
31_55
40_67
71
55_55
42_50
33_67_71
40
74
50
55_55
42_67_71
35
48
76
49
36_64
55_72
36_67
48
64
67_72
42
40
64
38_55
48_72
67
67_72
42
48
62
40
71
36
67
50_55
42
62
43_43
36_67_71
42
71
67
55
50_59_71
42_43_67
40
71
67
50
42
43
50_57
57
42
66
38_69
36
42_57
66
69
50
57
57_69
50_66
42
40_69
50
55
38_66
36
42
69
59
52
59
67
64
40
36
42
52
42
55
69
67
52_59
64
40
42_67_71
71
52
59
42
72
36_42
48_55
36
42
52_60
64
71
42_60
40
55
48
60
55_64
42
36
36
55_60
48_64
55
69
42
36_36
42
48
55
60
64
55
67
42
40
52_60
64
42
50
42
38
57
62_66
36
42_57
50
36
36
57
40_42_50
66
57_74
62
42
36_57_62
38
36
50
42_59
33_40
62_67
50
57_57_66
36
35
62
50
42
57
66
40_57
38_62
40
40_57_62
40
40
36_42_43
59
43_55
50
71
40
42
59
50_74
36_43
42_43
50
71
41_42_53
41_48_57
36
69
55
42
55
42_53
48_67
40
41
42
36_48
42_55
52
36
50
67
59
36_42
48
48
42
40
48_55
36
42
62_67
36
42
36
55
42_48
67
28
57
55
42_48_55
29
40
48
52
42
30
55
50
42_43
31_59
36
42
62
42_67_71
55
40
50
43
43
36_42
64
41_41
42_69
53
36_48
62
42
59
40
42_53
48
48
42
41
57
42_55
36_48
48
55
42
40
74
48_55
48_55
40
40
48
42
48
42
48
48_55
55
48
42
59
43
55
48
48
45_55
36_42_48
62_76
48
45_55
36
59
74
55
31_36_55
43
74
55
59
55
40_42
50_55
59
43_43_46
55
57
42_53
41
36
41
53
53
42
53
40_48
50
53
41
52
36
42
48
36_48
55
48
55
40_42
48
55
46
48_48_55
57
36
42
36
48
52
48
40_42
48_81
55
46_52
48_83
40
48
43
42_48
50
48
40
36_42_43
55
43
55
59
55
42_55
40_50
62
46
55
43
43
62
41
53
36_42
81
41
59
53
53_57
40_48
42
53
41
55
53
36_48_55
42_83
48
36
48_48_55
42
86
36
48
40
42
46
95
36_52
48
36
48
36_42
55
48
40
50
42_48
40
43
50
48
42_48
45
59
62
55
42
36_50_55
43_43
59
55
62
42
55
42_50_55
40
62
55_59
43
46
54
57
42
50
36
38
57
60
54
57
54
60
57
42
50
40
55
54
50
42
52
40
42
52_59_59
36
62
52
50_52
59_67
42
40_59
52
52
40_52
46
66
52
36
60
42_48
64
36_55
36_48
55
48_60
48_55
62
42
48
40
48
44
64
48
42_55
48
36_48_55
42
36
48
50
42
40_48
42_48_55
52
36_48
36_46
48
62
50_52
50
38_42
36
50
50
50
42
40_50_50
50
50
42
43
55
50
43_55
42
36_43
43_50
55
72
71
50
36_43
55_55
42
43
50
43
36_55
67
42
43
50
55
36_55
40
43
79
83
86
36_43
31
49
59
55
50
40_42
59
43
42
41
36
29_57
42
42
79
53
40_48
42
29
31
41
52
42
36_36
42_55
48
52
42
55
40
42
82
48
55
36_42
36
79
52
36_42
36
74
72
42_55
72
52
42
40
55
42
48
59
42
36_43_43_71
62
42
55
42_50
40_62
74
59
43
42
43
36
64
42
41
36
41
42
57
71
40_59
42
48
53
41_55
42
74
36
42
36
48
52
42
77
40_42
52
74
77
36
42_55
40
58
42
74
36
42_55
50
36_43
52_52
72
42
40
40
55
48
42
42
36_43_67
43
42
62
59
55
40_50
42
55
59
43
42
66
36_57
60
42_57
50
38
57
60
42
57
60
40_57
42
50
55
50
59
42
59
52
40_64
36_42
59_64
42
59
40_52
42
57
52
52
36_57
42
52
62
55
36_36_42_48
55
42
55
50
42
48_55
40
42
42
36_52_60
55
36_48
52
42_60
52
40_55
42
48_60
50
48
36
36
42
57
52
57
42_50
57
36_38
50
42
50
57
42
40
50_57
50
50
42
59
55
43_43
43
42_50
40
43
59
55
42_43
36
55
43
50
42
40
43
43
36
55
50
43
40_43
42_55
50
43
50
43
31
40
40
47
50_55
40
35
40
55
50
40
38
40
48_49_55_67
36
64
36
38_42_55
40_48_76
48
42_71
67
40
36
62
74
55
43
43_50
42
36
42
59
67
71
40
42
55
43
50
50_69
42_57
66_69
43
38
57
42_50
36
57
42
66_69
57
42_57
66_69
40_50
55
42
38_66_71
50_55_69
67
31_71
36_42
59
42
55
50_55
67
43_71
55
33_40_43
42_67
71
50
35
43
36_67
50_71
42_55
55
42
48
36_36
42
72
64
42_72
40
67
48_55
38
42_48
40
71
42
36
43_43_50_55
42
62
71
67
42
40
43
55
50
69
42_59
43
50_66_69
57
42
38
36
57
50
66_69
42_57
74
57
40_42
50_69
66
55
36_38
42
66_69
50
57
59
31_42
36
67
71
42_50
31_55
40
55
55
42_50_67_71
33
40
55
50
67_71
55
42
35
48
76
49
36_64_67_72
55
36
48
64_67
72
42
40_64
38_55
48_72
67
42_62
48
40
67_71
36
62
50_55
67_71
42
43_43
36
59_67
71_74
42
59_71
67
55
50
42_43
40
50
55
62_67
42
43
50_57
42
71
57
38
69
66
36
69
42
57
69
50_66
57_69
50_57_66
42
40
50_55
71
38_66
36_69
42
52_59
59_67
64
40
36
42
55
67
64
52
42
67
55
67
52_59
64
69
40
42
67
64
52_52
59_71
42
36_42
48_55_57
36_64
67
67
55
42
64
67
55_64_67
42_60
40
55
48
67
42
36
36
64_67
48
55_55
42
36_36
42
48
55
67
55
64
42
40
52
66
69
42_62
50
42
38
36
50
78
42_57
50
36
57
42_50
40
76
42
57_62
38_74
36
50
69
42
33_40
71
50
57
36
72
35
71
50
42
57_69
38
48
48
55
57_62
45
40
48_49_55_64
36
36
38_42_55
40_48_76
72
67
48
42
40
36
62_67
71
74
55
43
43_50
71
42
67
36
67_71
42
67_71
59
71
40
42
55
43
50
50_69
42
57
43_66_69
69
38
57
42_50
36
57
42
69
66
42_57
40_50_57
69
66
42
38_71
50_55_55_69
66
59
31
36_42
67
71
42
50_55
55
43
67
67_71
33_40_43
55
42
50_67
67_71
71
35
43
36
50
42_55
67
71
71
67
55
42
48
36_36
42
72
64
42
40
67_72
48_55
72
38_67
42_48
40
71
42_62
67_71
67_71
36
43_43_50_55
42
71
67
59
67
71
42
40
43
55
50
69
42
57_69
43
50
66
69
42
38
36
57
50
57
42_69
66
74
69
66
40_42
57
50
74
69
76
36_38
55
42
66_69
50
57
59
31_42
36_76
67
71
42_50_55
31_55
40_67
71
55_55
42_50
33_67_71
40
74
50
55_55
42_67_71
35
48
76
49
36_64
55_72
36_67
48
64
67_72
42
40
64
38_55
48_72
67
67_72
42
48
62
40
71
36
67
50_55
42
62
43_43
36_67_71
42
71
67
55
50_59_71
42_43_67
40
71
67
50
42
43
50_57
57
42
66
38_69
36
42_57
66
69
50
57
57_69
50_66
42
40_69
50
55
38_66
36
42
69
59
52
59
67
64
40
36
42
52
42
55
69
67
52_59
64
40
42_67_71
71
52
59
42
72
36_42
48_52_55
36
60_64
42
71
42_60
40
55
48
55
42
36
36_60_64
48
55_55
69
42
64
60
36_36
42
48
55
55
60_67
64
42
40
52
60
64
42
50
57
66
42
62
38
36
42_57
50
36
36
57
57
40_42_50
66
62_74
55
42_66
36_57_62
38
62
36
57
50
67
42
33_40
62
59
50
57
36
35
50
42
57_57
66
40
38
62
40
40_57_62
40
40
31_36_59_71
49_67
43_50
55_67
62
40
42_55
50_59
67
62
43
43
36
42
57_69
65
65
60
48
41_41_42_53
36
55
65
60
42
55
65
60
53
42
40_48
41
42
64
52_55
60
48
67
36_42_64
36
50
48
48
42
52
42
40
36
48
42
36
55
36_42
36
57
36_42
36_52
42
40
50
48
38
42
36_59_71
42_43
43_50_55
62
42
59
40
55
42_50
43
36_43
42_64
53
41_42_48
41
36
65_69
62
42
59
42
40
53
48
42
57
42
36
36
48_55_67
55
42_64
36
62
42
40
36
59
57
42
40
62
40
60
42_59
36_40
40
57
40
55
40
52
59
42_48
36
50
48
48
62
38
45
45
45
43
36_50_57_62
38
49
62
50
40
42_62
74
42
50
57
36
42_62
50
45_62
42_50
36_57
42_45
50
60
50
42_42_57
40
60
50
42
55
43
50
36
43
42
43
59
42
59
47
42
40
47
59
50
42
36_71
55
50
59
50
42
36
50
69
42
50
47_50
55_67
42
40
42
55_60
36
36_42
48
55
60
55
42
48
60
40_40_48
55_55
42
60
42_48
36_55
57
50_62
38_42
57
36
57
42
62
50
59
40_42_42
50
57_62
42
42_57
43_60
36_50
43
42_59
55
64
43
42
43
52_67
35
40
42
69
43
36
71
38
42
43
50
36
38_71
42
43
36
59
35_42
43_62
40_52
62_66
42
43
50
38
62
66
38_50_57
36_49
66
62
66
50
62
50
42
66
40
42
62
66
42_50_57
36
62
45
66
42
50
36
45
50
42
64
64
42
40_42
60
50_57
60
64
42_50
60
50_64
42
43
43
36
59
42_62
50
62
59
50
62
42_43
40_47
59
62
36
43_52
42
59
36_42_62
50
50
43
42_50_62
50
43
61
42_50
43
40_47
62
43_50
42
55
64
60
36
42
64
48_55
48
55
42
60_64
55
48
55
42
40
64
48_60
40
55
42
36
55
48_60
64
55
42
36
43_48
60_64
62
36_42
43_66
48
62
42
40_40
48
55
62
36
42_62
55_66
40_42
38
50_57_62
40
48
38
57
50
48
38
48
50
48
38_66
57
45_50
45
38
45
50
41
59
71
35
41
50
41
62
71
38
40
69
50
57
40
67
64
74
50
64
39
40
40
76
52_59_91
64_88
36_49_83
40
40_52
42
40
42_59
52
36
62
62
74
90
42
50_86
38_57
36
42_57
55
57
42_50
40
71
50
42
59
57
88
84
36
36
48
55
42
55
74
76
42
74
48
40_71
42
48
36
36
42
74
76
48
55
42
36
36
74
71
42
48
40_55
42_48
74
69
42
59
91
42
36
31
43_50
83_86
67
64
62
42
59
42_43
40
50
64
62
36_42
31_43_50
59
50
36_42
43
31
64
62
42
50
59
35
42
40
50
43
64
43
50
42_59
42_57
50
36_67
86
90
38
64
42
62
59
50
40
42
58
38
36
50_57_57
42
55
36_38_50_52
42
55
42_50_52
50
38_47
42_50
40
57
46
45
50
42
48
43
45
40
49
83
88_91
36_52_55_59
40
57
59
62
59
57
40
42_59
52
62
64
36
40_42_52
67
64
62
59
42
36
52
59
40
62
64
67
42
52
69
67
64
42
59
40_52
66
67
69
42
71
72
55
48
42
36_84
36
76
42
79
48
83
42
40
48
55
36_36
42
42
36
36
42
48_55
81
79
42
48
55
40
42
81
48
43
79
42_50
43
86
91
36
31
83
45
42
46
47
50
42_48
40
49
43
50
31_42
36
50
52
43_50
31_42
55
36
52
42
55
31
57
42
58
50
40_43
35
59
42
60
36
36
61
36
49_50
57
90
38
62
40
86
64
50
36
67
36
66
64
50
42
40
62
40
64
66
50
40
38_57
64
40_62
60
50
48
38
42
59
57
48
59
50
38
48
60
62
48
60
38
59
50_57
45
57
45
55
50
54
38
45
52
45
50
36_48_49_55_64_72
36
67
88
91
76
72
40_42
38_48_55
42
40
36_62
48
67
71
42_50
36_55_71_74_86
43
43
59
71
67
42
40
43_55
42_50
43
42_66
57
69
90
57
38_69
36_42_50_74
57
69
42_66
57_66_69
40
42
50
55
69
66
38
36_42
59
31_91
71
42_67
36_71
67
55
42_55
50_71
33
40_55
67
71
42
50
35
55_67
42_71
55
48
76_84
88
36_42
72
36
42
64
38_55
40_42_67
48_72
48
40
42
86
50_55
43_83
74
36_42_71
43
62
67_71
42
36
55
43
50
42
40
59
66
42_69
81
86
38_50_57_69_74
36_40
42
57
57
55
59
55
67
55
72
49_84
36_64_67_72_88
36
48_55
64
72
67
42_64
48
55
40_67_72
36_48
62
42_71
67
36
50_55
67
43_62_71_74
71
31
42
36
83
86
42
59
55
50
40_67
42
31_43
71
42
38_50
57
42_57
90
36_69
74
66_69
42_55
66
69
57
42
50_57_66_69
40
55
38_50
42
36
66_69
69
59
40
52_91
42
36_59
67_74
71_71
42
69
55
71
42
40_67_67
52
40_59
66
42
88
36_48_55
42
36
64_72_84
42_64
52_60
40_42
48
55_64_67
36
42
48_55
36
55
64_67
42
48_55
36_36
42
67
64
40_42_48_55
55
72
64
52
60_64
42
48
57
66
66
38_57
42
36_50_74
62_86
36
50
38
66
40_42_50
40_62
57
55
41_50
36
57
67
62
59
42
42
40
50
38_50
40
62_66
36_42
50_57
40
57
50
33
40
31_36_49_59_69_74
43_71
62
69
74
71
40_59
42_67
55
50_62
36_43
43
42
57
69
41
41_65
42_62
36
55
60_67
42
55
69
40_53
42_60
48
41_67
42
55
48
36_52_60_64
42
36
50
62
48
42
60
79
48
42
40
64
36_48
42_55
36
40
42
36
42
43
40_42
36
42
38
62_73
42
36_43
59
31
74
62
42
69
42_55
67
40_50
62
71
43
42_64
40
36
69
42
41_41
36
62
67
42
65
57
69
59
42_48
40_53
41
67
42
41
57
55
64
42_48
36
36
74
55
62
42
40
40
60
74
40_42
48
43
36
42
64
48
55
40
36
42_43
74
67
40_40
48_55
42_55
55
36
48_64
40_55
42
40_48
55
38_42
69
59
43_67
42
74
36_71
43
42
69
74
59
55
50_71
42
40
43
43
42
36
57_65
41_69
42
41
36
55
42_67
69
40_55
42
48_53
41
42
41_67
55_64
36_42
36_48
52
50
74
62
42
48
60
42_48
74
67
40
64
36
42
36
55
48
74
36_42
36
55
42
48
74
48
42
40
74
55
42_48
69
59_74
42
43_62
36_43
71
62
42
38
55
50
69
45
40_42
67_74
71
43
42
36
47_64
41
65
36_42
41_69
74
62
42
36
36_67
62
69
48_53
42
40
52
41
64
67
42_53
36
55
48
42_64
36
48
67
36
36
36
40
36
31_36_49_69_74
43_71
67
62
55
69
74
71
40
42_67
55
55
50_62
36_43
43
42
69
65
41
62
41
42
36_53
65_67
62
42
69
40_53
42_53
48_65
62
41_67
42
55
64
48_52
60
36
42
36
48
42
48
79
48
42
40
50
36_48
42_55
36
51
52
40
42
36
42_55
43
57
40_42
36
55
62
42
38
73
42_55
36_43
67
62
31
74
42
69
42_55
59_62
40_50
67
62_71
43
42
40
36
57_69
64_65
42
41_41_60
36
62
60
65
67
42_55
69
58
65
42_48_60
40_53_55
41
67
42
41
57
55
55_60
64
42_48
36
36
74
55
55
40
40
40
74
36_62
48
43
60
36
48
55
40
67
48_64
43
40
74
40_50
48_55
40
51
36
48_52
40_55_69
42
40
48_67
48
55
55
38
45
69
43
36_67_71
74
71
43
49
69
74
55
50_71
40_67
55
53_71
43
43
36
65
69
53
41_69
41
36
53
64
52_67
67
69_69
65
40_53
53
48_53
41
41_67
72
55
53_67
36
36_48
52
74
48
74
48_53
67
40
36_50
36
55
48
51
52
74
55
36
36_53
57
60
55
48
74
57
55
48
40_53
51
74
50
62
55
48
48
45
69
74
53
43
31
36
71
55
50
53_69
62
40
74
71
43
31
36
29_41
53_64
36
69
74
62
36
67
69
64
48_53
53
40
41
67
29
36
36
36_48_55
53
67
36
36
48
55
48
38
40
53
48
50
48_55
39
36
51
52
48
55
53
40
36
60
58
48
40_55
36
55
53
41_48_55
60
55
40
58
48_55
55
42
36
53
36_58
43
43_49
55
58
40
53
55
50
55
38
36
43
58
53
41
36_41
55
58
55
40_58
53
53
48
41
55
43
58
36
48_53_55
36
55
48
58
55
40
53
48
58
36
48
55
36
55
58
53
36
55
48
55
36
40_53
48
58
55
59
62
38
62
48
64
43_59
55
36
43
71
67
62
64
62
61
59
40
57
62
53
71
55_67
50
36_43
43_55
52
64_65_69
53
36
41
50
41
62
69
47_65
53
62
43
40
69
48
53
65
45
46
47
41
41
50
53
52_58
36
67
48_55_64
36
57
55
36
55_55
36
48
57
36_53
40_48
58
57
55
36
36
48_55
57
58
36_53
36
59
62
36
55
48
36
64
67
40
53
48
55
36
64
62
59
48
55
36
36
58
57
49
43
43
36_43
36
55
50
45_53
40
43_46
36
47
41
55
36_41
50
52
40
53_53
48
41
55
55
48
36
36
49
55
40
48
57
53
36
58
48_55
59
36
53
48
55
48
53_71
40
48_55
48
55
43
74
55
43
36_71
67
79
53
50_55
67_71
40
43
36
53
41_65
69
36_41
69
65
53
79
40_65_69
48_53
41
55
36
48_55
67
36_64
40
36
55
48
36
53_76
36
48
79
36
81
36
82
55
40_48
81
79
36
76
48
36
74
36
71
28
48
79
40
76
74
29
71
48
55
40
70
40
69
30
48_55
67
48
45
31_36_49_67_74_86_91
43
40
55
65
50
53
62
43
31_61
36
53
60
41
89
58
36
53
41_84
55
53
60
53
40_53
48
55
58
41
41_53
55
48_53_58
88
36_36
60
48
53
55
58
60
48_53
40
58
53
36
36
55
48
60
48
53
36
58
53_55
48
36_55
54
53
53
55
40_48
29
51
48_55
48_53
30
46
85
86
47_53
79
36_43_74
31
53
43
40_53
55
50
43
43
36
53
55
41
41_53
36
53
53_55
53
50
40
53_53
48
48
50
41
53
41_48
46
36
53
55
43
48
36
53
36_36
48
50
51
52_53
40
55
53
36
36
57
55
53
36
52
55
57
55
48
28_53
58
36
59
48
40
29_55
53_62
64
48
36_55
30
53
62
64
50
79
43_55
49
74
31_40
36
62_67
67
36
91
86
74
48
40
86
86
36
91
86
91
48
40
86
84
91
36
84
48
40
91
36
84_91
36_84
91
36
84
84
36
91
86
91
36
86
36
86
91
36
86_91
36_67_67
79
86
67_67_79
91
36
84
72_72_88
76_76
48
36_49
60
55_64
84
48
40_42
72_72_76_76_88
55_64
60
42
86
83
43_71_71
74_74
42
36_62
55_59
42
71_71
83
40_74_74
86
43_62
55_59
42
40
42
69_69_81
38
42
57
54
36
62
42
81
38
69_69
40
42
54_57
62
79
67_67
40
42
83
59
36_67_67_71_71
43_62
42_55
79
67_67
42
79
55
47
59_67_67
62
42
40
79
50
67_67
42
84
88
64
60
55
42_48
72_72
36_76_76
42
72_72
84
76_76
40_60_64_88
48
42_55
72_72
76_76
42
40
71_71
74_74_83
86
43
42_59
55
36_62
42
83
71_71
43
55_59
62
40
42
81
69_69
42
38_54_62
57
42
36
42
81
38
54
57
42_69_69
62
40
79
40_42
67_67
83
59
55
43_67_67_71_71
36_46_62
79
67_67
40
42
79
47_67_67
62
40_59
42_55
79
67_67
50
36
42
84
88
36_48_72_72_76_76
49
64
60
55
48
84
88
72_72
42_76_76
40
60
55_64
67
42
36
74_74
71_71_86
83
43_69
42
59
36_55
71
42
43_71_71
69
59_83
42
55_86
40
67
42
81
42
38_69_69
57
36_54_64
42
62
38
42
62
40_81
57_69_69
54
67_67
42
62_79
36
71_71
83
42_64
40_59
67_67
55
36
67_67
42_79
67_67
79
64
42_59
40
40_55
79
67_67
42
36_49
36_60_81
52_55_69_69
64_64
79
67_67
67_67
79
67_67
40
40
40
67_67
40
40
40
40
64_64
88
40
40
57
62_62_62_86
38
54
40
55
36
57
62
38_54
86
62_62
54
36_38_57_62
86
62_62
62
38_57
54
36_86
62_62
38
36_57_62
54_55_86
62_62
40
40
40
67_67
91
67_67_91
40
36_48_55_60_64_72_84
49
72_76_88
76
40
42
36
42
43_74
86
83
71
36
55
71_74
42
59
62
42
83
71
40
42_71
42
69
81
42_69
38_54
62
36_57
69
42_69_81
69
81
69
42
40
67
79
67
36
42
71_83
71
55_59_62
43
42
36
67_79
67
42
79
47_67
67
42
40
79
67
67
42
50
40
55_60
64
42
48
36
42
42
42
40
42
76
72
48_84
72
40_64
76_88
42
71
74
36
86
74_83
71
42
43_55
59
62
36
42
43_67_71
71
42_67
79
40_83
42
54
69
42
36_38_62_69_81
57
42_69
69_81
40
40
42
69_69_81
36
67
79
67
42
55
59
62
71
36_83
43_71
42
67_79
67
62
59
55
79
40
67_67
47
36
50_79
67
67
48_72_72_76_84_88
36_76
55
55_60
64
72_84
72
76
88
76
84
40_72
72
88
76
42
84
72
48
72
36
76
42_76
88
43_71
83
86
59_71
55_74_74
36_62
42
42
40
43_71
55_59
67_67_83
71
42_79
40
42
36
45
45
57
36_42
45
45_57
42
45
45
57
40
42
55
43
43
36
42
59
47_47
42
36
42
40
43
55
42
43
40
36_42
49
36
36_60
55
52
72
76
76
72
76
79
79
76
79
76
42
79
76_79
40
79
76
40
40
40
79
79
79
40
76
42
76
40
76
76
38
81
55_81
57_81
62
54
36_40
81
81
57_62
38_81
54
40
36
57
54
38
62
83
83
83
36
40
81
81
81
38
40_54_57_62
36
43_59_62_83
55
36_49_71
40
42
42
36
53_57
69_81
41_42
60
36
79
67
42
67
79
40
42
42
52
60_64
42_55
76
36
36
42
72
72
72
60
75
75
42_76
40
76
79
42
36_79
81
36_42_81
36_60
52
55
79
42_79
76
40
42_76
74
42
74
43
42_59
36
71_82
55_59_62_71
83
42
74_74
86
62
42
40
76
36
42
76_88
64
57
60
41_42
53
36
62
74
86
74
42
59
71
83
71
40
42
42
69_81
40_69
81
60
36_55
79
52
67_67
36_79
55
79
36_79
67
52_60_67
55
36_40
55
79
67_79
36_52
67
60
36_40_55
55
79
79
36_55
36_60_67_67
40_52
55
81
40
69
81
57
36_38_50_62_69
67_79
74
71
55_59
62_83_86
43
50
36_49
