45_69
45
45
45
40
33
69
69
76
71
72
33_40_45_76
45
45_79
47
48
53
48
48
47
47
45
45
47
47
48
48
53
53
48
48
47
47
45
45
69
71_79
69
72
76
71
72
45_47_48_53_76
45_79
47
48
53
48
48
47
47
45
45
47
47
48
48
53
53
48
48
47
47
45_69
45
53
52
47
47
71
48
48
52
55
72_79
45
45
55
52
47
47
48
48
52
55
45
57
55
64
47
59
48
60
64
67
57
57
67
64
59
59
60
60
64
67
69
69
76
71
72
79
72
72
71
71
72
72
69
57_59_60_67
69_76
76
71
71
72
72
79
79
72
72
71
71
72
72
93
69
69_76
76
71
71
72
72
79
79
72
72
71
71
72
72
93
89
69
91
69_76
76
71
71
72
72
89
79
79
91
72
72
71
71
72
72
88
69
69_76
76
71
71
72
72
79
79
72
72
71
71
72
72
88
69
95
69_76
76
71
71
72
72
79
79
95
93
72
72
71
71
72
72
65
93
91
76
76
71
71
72
72
79
79
72
72
71
71
72
72
65
65
91
88
76
76
71
71
72
72
79
79
88
84
72
72
71
71
72
72
65
69
84
83
69_76
76
71
71
72
72
79
79
72
72
71
71
83
84
72
72
84
83
71
71
76
81
72
77
69
79
83
69
69
81
76
69
69
71
71
69
69
83
79
69
69
76
77
69
69
77
72
69
69
71
71
69
57_69
72
72
77
76
79
77
76
76
72
72
69
69
72
72
76
76
77
77
76
76
72
72
69
69
72
72
83
76
76
77
77
76
76
72
72
69
69
72
72
76
76
77
77
76
76
71_72
72
69
69
71
72
72
76
74
72
72
71
71
69
69
72
72
74
76
72
72
76
74
71
71
69
69
71
71
72
72
77
77
72
72
71
71
69
69
71
72
77
79
72
76
74
77
72
71
57_69
69_93
76
72
77
76
79
57_57_77
76
76
57_57
72
72
69
60_60_69
72
72
60_60
76
76
77
64_64_77
76
76
64_64
72
72
69
69
72
72
76
76
77
77
76
76
72
72
69
69
72
72
76
76
77
77
76
76
71_72
72
69
93
69_91
72
72
76
76
77
67_67_77
76
76
67_67
72
72
69
64_64_69
72
72
64_64
76
76
77
77
76
76
72
72
69
91
69_89
72
72
76
76
77
65_65_77
76
76
65_65
72
72
69
60_60_69
72
72
60_60
76
76
77
77
76
76
72
72
69
89
69_88
72
72
76
76
77
64_64_77
76
76
64_64
72
72
69
59_59_69
72
72
59_59
76
76
77
57_57_77
76
76
57_57
72
72
69
69
72
72
76
76
77
77
76
76
72
72
69
69
72
72
76
76
77
77
76
76
72
72
69
88
69_95
72
72
76
76
77
71_71_77
76
76
71_71
72
72
69
64_64_69
72
72
64_64
76
76
77
77
76
76
72
72
69
95
69_93
72
72
76
76
77
69_69_77
76
76
69_69
72
72
69
60_60_69
72
72
60_60
76
76
77
77
76
76
72
72
93
65_91
69
72
71
76
67_67_72
71
71
67_67
69
69
65
59_59_65
69
69
59_59
71
71
72
57_57_72
71
71
57_57
69
69
65
65
69
69
71
71
72
72
71
71
69
69
65_69
65
69
69
71
71
72_77
72
71
71
69
69
65
91
65_88
69
69
71
71
72
57_57_74
71
71
57_57
69
69
65
64_64_65
69
69
64_64
71
71
74
71_71_74
71
71
71_71
69
69
65
88
65_84
71
71
74
72
69_69_76
71
71
69_69
69
69
60_60_65
69
69
60_60
72
72
76
76
72
72
71
71
65_71
84
69_83
72
72
76
76
64_64_77
76
76
64_64
72
72
69
59_59_69
72
72
59_59
76
76
77
57_57_77
76
76
57_57
72
72
65_69
69
72
72
76
76
77
77
76
76
72
72
69
69
69_72
72
76
76
77
64_64_77
76
76
64_64
72
72
69
83
69_72_72_81
72
72
72_72
76
76
77
77
76
76
72
72
69
69
72
72
76
76
77
71_71_77
76
76
71_71
72
72
69
64_64_69
72
72
64_64
76
76
77
77
76
76
72
72
69
69
72
72
76
76
77
77
76
76
72
72
69
81
69_93
72
72
76
76
77
57_57_77
76
76
57_57
72
72
69
60_60_69
72
72
60_60
76
76
77
64_64_77
76
76
64_64
72
72
69
69
72
72
76
76
77
77
76
76
72
72
69
69
72
72
76
76
77
77
76
76
72
72
69
93
69_91
72
72
76
76
77
67_67_77
76
76
67_67
72
72
69
64_64_69
72
72
64_64
76
76
77
77
76
76
72
72
69
91
69_89
72
72
76
76
77
65_65_77
76
76
65_65
72
72
69
60_60_69
72
72
60_60
76
76
77
77
76
76
72
72
69
89
69_88
72
72
76
76
77
64_64_77
76
76
64_64
72
72
69
59_59_69
72
72
59_59
76
76
77
57_57_77
76
76
57_57
72
72
69
69
72
72
76
76
77
77
76
76
72
72
69
69
72
72
76
76
77
77
76
76
72
72
69
88
69_95
72
72
76
76
77
71_71_77
76
76
71_71
72
72
69
64_64_69
72
72
64_64
76
76
77
77
76
76
72
72
69
95
69_93
72
72
76
76
77
69_69_77
76
76
69_69
72
72
69
60_60_69
72
72
60_60
76
76
77
77
76
76
72
72
93
65_91
69
72
71
76
67_67_72
71
71
67_67
69
69
65
59_59_65
69
69
59_59
71
71
72
57_57_72
71
71
57_57
69
69
65
65
69
69
71
71
72
72
71
71
69
69
65_69
65
69
69
71
71
72_77
72
71
71
69
69
65
91
65_88
69
69
71
71
72
57_57_74
71
71
57_57
69
69
65
64_64_65
69
69
64_64
71
71
74
71_71_74
71
71
71_71
69
69
65
88
65_84
71
71
74
72
69_69_76
71
71
69_69
69
69
60_60_65
69
69
60_60
72
72
76
76
72
72
71
71
65_71
84
69_83
72
72
76
76
64_64_77
76
76
64_64
72
72
69
59_59_69
72
72
59_59
76
76
77
57_57_77
76
76
57_57
72
72
65_69
69
72
72
76
76
77
77
76
76
72
72
69
69
69_72
72
76
76
77
64_64_77
76
76
64_64
72
72
69
83
69_72_72_81
72
72
72_72
76
76
77
77
76
76
72
72
69
69
72
72
76
76
77
64_64_77
76
76
64_64
72
72
69
57_57_69
72
72
57_57
76
76
77
77
76
76
72
72
69
69
72
72
76
76
77
77
76
76
72
72
81
64_91
67
72
71
76
52_52_72
71
71
52_52
67
67
64
59_59_64
67
67
59_59
71
71
72
64_64_72
71
71
64_64
67
67
64
64
67
67
71
71
72
72
71
71
67
67
64_69
64_67_67
67
67
67_67
71
71
72_77
72
71
71
67
67
64
91
64_95
67
67
71
71
72
71_71_72
71
71
71_71
67
67
64
64_64_64
67
67
64_64
71
71
72
72
71
71
67
67
64
95
64_91
67
67
71
71
72
67_67_72
71
71
67_67
67
67
59_59_64
67
67
59_59
71
71
72
72
71
71
67
67
64
91
69_88
71
72
72
76
64_64_77
76
76
64_64
72
72
69
59_59_69
72
72
59_59
76
76
77
57_57_77
76
76
57_57
72
72
64_69
69
72
72
76
76
77
77
76
76
72
72
69
69_69_69
72
72
69_69
76
76
77
77
76
76
67_72
72
69
88
69
71
72
72
76
79
72
72
71
71
69
69
71
71
72
72
79
77
72
72
71
71
69
69
72
72
77
76
71
71
72
72
76
79
69
65
72
72
79
76
65_77
64
71
69
72
72
57_76
60
64
69
65
72
69
76
72
69
69
65_69
65
64
64
65
69
72
72
76
57
76
57_76
60
60
64
64
69
65
72
69
76
72
69
69
65_69
65
64
64
64_65
69
72
72
76
57
76
57_76_81
60
60
64
64
69
65
72
69
76
72
69
69
65_69
65
64
64
65
69
72
72
76
57
76_81
57_76_81
60
60
64
64
69
65
72
69
76
72
69
69
65_69
65
64
64
65
69
72
72
76
57
76_81
57_69_81_81
60
60
64
64
69
45_45_65
72
69
45_45
76
72
69
48_48_69
65_69
65
48_48
64
64
65
52_52_69
72
52_52
72
76
57
57
60
60
64
64
69
65
72
69
76
72
69
69
65_69
65
64
64
65
69
72
72
76
57_81
69_81
57_67_79_79
60
60
64
64
69
55_55_65
72
69
55_55
76
72
69
52_52_69
65_69
65
52_52
64
64
65
69
72
72
76
57_79
67_79
57_65_77_77
60
60
64
64
69
53_53_65
72
69
53_53
76
72
69
48_48_69
65_69
65
48_48
64
64
65
69
72
72
76
57_77
65_77
57_64_76_76
60
60
64
64
69
52_52_65
72
69
52_52
76
72
69
47_47_69
65_69
65
47_47
64
64
65
45_45_69
72
45_45
72
76
57
57
60
60
64
64
69
65
72
69
76
72
69
69
65_69
65
64
64
65
69
72
72
76
57_76
64_76
57_71_83_83
60
60
64
64
69
59_59_65
72
69
59_59
76
72
69
52_52_69
65_69
65
52_52
64
64
65
69
72
72
76
57_83
71_83
57_69_81_81
60
60
64
64
69
57_57_65
72
69
57_57
76
72
69
48_48_69
65_69
65
48_48
64
64
65
69
72
72
76
57_81
69_81
53_67_79_79
60
57
64
60
69
55_55_64
72
65
55_55
76
69
65
47_47_65
64
64
47_47
60
60
64
45_45_65
65
69
45_45
69
72
53
53
57
57
60
60
65
64
69
65
72
69
65
65
64
64
60
60
64
65
65
69
69
72
53_79
67_79
53_64_76_76
57
57
60
60
65
45_45_64
69
65
45_45
72
69
65
52_52_65
64
64
52_52
60
60
64
59_59_65
65
69
59_59
69
72
53_76
64_76
53_60_72_72
57
57
60
60
65
57_57_64
69
65
57_57
72
69
65
48_48_65
64
64
48_48
60
60
64
65
65
69
69
72
53_72
60_72
57_59_71_76
57
60
60
64
65
52_52_65
69
69
52_52
72
72
69
47_47_69
65_69
65
47_47
64
64
65
45_45_69
72
45_45
72
76
57
57
60
60
64
64
69
65
72
69
76
72
69
69
65_69
65
64
64
65
52_52_69
72
52_52
72
76
57_76
59_71
57_57_57_57_69
60
60
57_57
64
64
69
65
72
69
76
72
69
69
65_69
65
64
64
65
52_52_69
72
52_52
72
76
57
45_45_57
60
60
45_45
64
64
69
65
72
69
76
72
69
69
65_69
65
64
64
65
69
72
72
76
57
57_69
57_57_69_81_81
60
60
64
64
69
45_57_65
72
69
45_57
76
72
69
48_60_69
65_69
65
48_60
64
64
65
52_64_69
72
52_64
72
76
57
57
60
60
64
64
69
65
72
69
76
72
69
69
65_69
65
64
64
65
69
72
72
76
57_81
69_81
57_69_79_79
60
60
64
64
69
55_65_67
72
69
55_67
76
72
69
52_64_69
65_69
65
52_64
64
64
65
69
72
72
76
57_79
57_69_79
57_60_72_77_77
60
60
64
64
69
53_65_65
72
69
53_65
76
72
69
48_60_69
65_69
65
48_60
64
64
65
69
72
72
76
57_77
60_72_77
57_57_69_76_76
60
60
64
64
69
52_64_65
72
69
52_64
76
72
69
47_59_69
65_69
65
47_59
64
64
65
45_57_69
72
45_57
72
76
57
57
60
60
64
64
69
65
72
69
76
72
69
69
65_69
65
64
64
65
69
72
72
76
57_76
57_69_76
45_57_57_64_64_83_83
60
60
45_57
64
64
69
59_65_71
72
69
59_71
76
72
69
52_64_69
65_69
65
52_64
64
64
65
69
72
72
76
57_83
64_64_83
57_60_60_81_81
60
60
64
64
69
57_65_69
72
69
57_69
76
72
69
48_60_69
65_69
65
48_60
64
64
65
69
72
72
76
57_81
60_60_81
53_57_57_79_79
60
57
64
60
69
55_64_67
72
65
55_67
76
69
65
47_59_65
64
64
47_59
60
60
64
45_57_65
65
69
45_57
69
72
53
57_57
53_60_60
57
57
60
60
65
64
69
65
72
69
65
65
64
64
60
60
64
65
65
69
69
72
53_79
60_60_79
53_64_64_76_76
57
57
60
60
65
45_57_64
69
65
45_57
72
69
65
52_64_65
64
64
52_64
60
60
64
59_65_71
65
69
59_71
69
72
53_76
64_64_76
53_60_60_72_72
57
57
60
60
65
57_64_69
69
65
57_69
72
69
65
48_60_65
64
64
48_60
60
60
64
65
65
69
69
72
53_72
60_60_72
57_57_57_71_76_76
57
60
60
64
65
52_64_65
69
69
52_64
72
72
69
47_59_69
65_69
65
47_59
64
64
65
45_57_69
72
45_57
72
76
57
57_71
52_57_57_64_69
60
60
64
64
69
65
72
69
76
72
69
69
65_69
65
64
64
65
52_64_69
72
52_64
72
76
57_76
52_64_76
57_57_69_69_81
60
60
57_69
64
64
69
65
72
69
76
72
69
69
65_69
65
64
64
65
52_64_69
72
52_64
72
76
57
69_81
45_57_57_64_76
60
60
45_57
64
64
69
65
72
69
76
72
69
69
65_69
65
64
64
65
69
72
72
76
57
57_57_64_69_76
52_55_67_79_79
60
55
64
59
40_52_60
64
40_52
69
67
64
47_59_64
60
60
47_59
59
59
64
52_64_64
67
67
52_64
72
71
52
52
55
55
59
59
60
60
64
64
67
67
64
55_64_67
60
60
55_67
59
59
64
64
67
67
71_76
71
52_79
55_67_79
52_52_64_83_83
55
55
59
59
60
59_60_71
64
64
59_71
67
67
64
52_64_64
60
60
52_64
59
59
64
64
67
67
71
71
52_83
52_64_83
52_55_67_79_79
55
55
59
59
60
55_60_67
64
64
55_67
67
67
64
47_59_64
60
60
47_59
59
59
64
64
67
67
71
71
52_79
55_67_79
52_57_57_64_76_76
55
60
59
64
67
52_64_65
71
69
52_64
72
69
47_59_69
65_69
65
47_59
64
64
65
45_57_69
72
45_57
72
76
57
57
60
60
64
64
69
65
72
69
76
72
69
69
60_65_69
65
64
64
64_65
69
72
72
76
57_76
52_57_64_76
52_57_59_59_83_83
60
60
64
64
69
65
72
69
76
72
69
69
65_69
65
64
64
65
69
72
72
76
57_83
52_59_59_83
48_57_57_60_81_81
60
60
64
64
69
65
72
69
76
72
69
69
65_69
65
64
64
65
69
72
72
76
57_81
48_57_60_81
53_55_55_79_79
60
57
64
60
69
40_52_64
72
65
40_52
76
69
65
47_59_65
64
64
47_59
60
60
64
52_64_65
65
69
52_64
69
72
53
53
57
57
60
60
65
64
69
65
72
69
65
55_65_67
64
64
55_67
60
60
64
65
65
69
69
72
53_79
55_55_79
53_59_59_83_83
57
57
60
60
65
59_64_71
69
65
59_71
72
69
65
52_64_65
64
64
52_64
60
60
64
65
65
69
69
72
53_83
59_59_83
53_55_55_79_79
57
57
60
60
65
55_64_67
69
65
55_67
72
69
65
47_59_65
64
64
47_59
60
60
64
65
65
69
69
72
53_79
55_55_79
50_53_53_77_77
57
53
60
57
52_60_64
65
62
52_64
69
65
62
47_59_62
60
60
47_59
57
57
62
45_57_62
65
65
45_57
72
69
50
50
53
53
57
57
60
60
62
62
65
65
62
62
60
60
57
57
62
62
65
65
69
69
50_77
53_53_77
50_76
53
53
57
57
60
60
62
62
65
65
62
62
60
60
57
57
62
62
65
65
69
69
50_76
50_72
53
53
57
57
60
60
62
62
65
65
62
62
60
60
57
57
62
62
65
65
69
69
50_72
48_71
53
52
57
55
60
59
62
60
65
64
60
60
59
59
55
55
60
60
64
64
69
67
48
48
52
52
55
55
59
59
60
60
64
64
60
60
59
59
55
55
60
60
64
64
67
67
48_71
48_76
52
52
55
55
59
59
60
60
64
64
60
60
59
59
55
55
60
60
64
64
67
67
48_76
48_76
52
52
55
55
59
59
60
60
64
64
48_76
52_79
52
55
55
59
59
62
60
64
64
67
52_79
57_64_64_81_81
55
60
59
64
64
45_45_65
67
69
45_45
67
72
69
48_48_69
65_69
65
48_48
64
64
65
52_52_69
72
52_52
72
76
57
57
60
60
64
64
69
65
72
69
76
72
69
64_64
60_60_69
65_69
65
64
64
62_65
60_60
65_65_69
72
72
76
57_81
65_65_81
57_64_64_79_79
60
60
64
64
69
55_55_65
72
69
55_55
76
72
69
52_52_69
65_69
65
52_52
64
64
65
69
72
72
76
57_79
64_64_79
57_60_60_77_77
60
60
64
64
69
60_60
53_53_57_57_65
72
69
53_53
76
72
69
57_57
48_48_57_57_69
65_69
65
48_48
64
64
65
57_57
55_55_69
72
72
76
57_77
55_55_77
57_57_57_76_76
60
60
64
64
69
52_52_65
72
69
52_52
76
72
69
47_47_69
65_69
65
47_47
64
64
65
45_45_69
72
45_45
72
76
57
57
60
60
64
64
69
65
72
69
76
72
69
57_57
64_64_69
65_69
65
64
64
65
69
72
72
76
57_76
64_64_76
57_59_59_71_71_83_83
60
60
64
64
69
59_59_65
72
69
59_59
76
72
69
52_52_69
65_69
65
52_52
64
64
65
69
72
72
76
57_83
59_59_71_71_83
57_60_60_69_69_81_81
60
60
64
64
69
57_57_65
72
69
57_57
76
72
69
48_48_69
65_69
65
48_48
64
64
65
69
72
72
76
57_81
60_60_69_69_81
53_64_64_79_79
60
57
64
60
69
55_55_64
72
65
55_55
76
69
65
47_47_65
64
64
47_47
60
60
64
45_45_65
65
69
45_45
69
72
53
53
57
57
60
60
65
64
69
65
72
69
65
64_64
60_60_65
64
64
60
60
64
60_60
65_65_65
65
69
69
72
53_79
65_65_79
53_64_64_76_76
57
57
60
60
65
45_45_64
69
65
45_45
72
69
65
52_52_65
64
64
52_52
60
60
64
59_59_65
65
69
59_59
69
72
53_76
64_64_76
53_60_60_72_72
57
57
60
60
65
60_60
57_57_57_57_64
69
65
57_57
72
69
65
57_57
48_48_57_57_65
64
64
48_48
60
60
64
57_57
55_55_65
65
69
69
72
53_72
55_55_72
57_57_57_71_76
57
60
60
64
65
52_52_65
69
69
52_52
72
72
69
47_47_69
65_69
65
47_47
64
64
65
45_45_69
72
45_45
72
76
57
57
60
60
64
64
69
65
72
69
76
72
69
57_57
60_60_69
65_69
65
64
64
65
60_60
52_52_64_64_69
72
52_52
72
76
57_76
64_64_71
57_57_57_69_72_72_76
60
60
57_57
64
64
69
65
72
69
76
72
69
69
65_69
65
64
64
65
72_72
52_52_69_71_71
72
52_52
72
76
57
71_71
45_45_57_64_64
60
60
45_45
64
64
69
65
72
69
76
72
69
69
65_69
65
64
64
65
69
72
72
76
57_76
64_64_69
45_57_64_76_81_81_81_84
60
60
64
64
69
45_65
72
69
45
76
72
69
48_69
65_69
65
48
64
64
65
52_69
72
52
72
76
57
57
60
60
64
64
69
65
72
69
76
72
69
64_76_84
60_69_72_84
65_69
65
64
64
65
45_60_72_84
43_65_69_77_83
72
72
76
57_81
43_65_77_81_81_83
45_57_64_76_79_79_79
60
60
64
64
69
55_65
72
69
55
76
72
69
52_69
65_69
65
52
64
64
65
69
72
72
76
57_79
45_64_76_79_79
48_57_60_72_77_77_77
60
60
64
64
69
48_60_72
45_53_57_65_69
72
69
53
76
72
69
45_57_69
45_48_57_69_69
65_69
65
45_48
64
64
65
57_69
43_55_67_69
72
72
76
57_77
43_55_67_77_77
45_57_57_69_76_76_76_83
60
60
64
64
69
52_65
72
69
52
76
72
69
47_69
65_69
65
47
64
64
65
45_69
72
45
72
76
57
57
60
60
64
64
69
65
72
69
76
72
69
57_69
64_69_76
65_69
65
64
64
65
69
72
72
76
57_76
45_64_76_76
45_57_59_71_71_83_83_83
60
60
64
64
69
59_65
72
69
59
76
72
69
45
52_57_69
65_69
65
52
64
64
65
57
52_69
72
72
76
57_83
52_59_71_71_76_83_83_83
45_57_60_69_72_81_81_81_81
60
60
64
64
69
57_65
72
69
57
76
72
69
48_69
65_69
65
48
64
64
65
69
72
72
76
57_81
45_60_69_72_81_81_81
41_53_64_76_79_79_79
60
57
64
60
69
55_64
72
65
55
76
69
65
47_65
64
64
47
60
60
64
45_65
65
69
45
69
72
53
53
57
57
60
60
65
64
69
65
72
69
65
64_76
60_65_72
64
64
60
60
64
60_72
65_65_77
65
69
69
72
53_79
41_65_77_79_79
41_53_64_76_76_76_76
57
57
60
60
65
45_64
69
65
45
72
69
65
52_65
64
64
52
60
60
64
59_65
65
69
59
69
72
53_76
64_76_76_76
53_60_72_72_72_72
57
57
60
60
65
60_72
57_57_64_69
69
65
57
72
69
65
57_69
48_57_65_69
64
64
48
60
60
64
57_69
55_65_67
65
69
69
72
53_72
41_55_67_72_72
45_57_57_69_71_71_76_76
57
60
60
64
65
52_65
69
69
52
72
72
69
47_69
65_69
65
47
64
64
65
45_69
72
45
72
76
57
57
60
60
64
64
69
65
72
69
76
72
69
57_69
60_69_72
65_69
65
64
64
65
45_60_72
43_52_64_69_76
72
52
72
76
57_76
43_64_71_71_76_76
45_57_57_69_69_72_76_76_84
60
60
57
64
64
69
65
72
69
76
72
69
69
65_69
65
64
64
65
72_84
52_69_71_83
72
52
72
76
57
71_83
45_57_64_76
60
60
45
64
64
69
65
72
69
76
72
69
69
65_69
65
64
64
65
69
72
72
76
57_76
45_64_69_69_76_76
40_40_52_52_79
60
55
64
59
60
69
64
72
67
64
64
60
60
59
59
64
64
67
67
76
71
52
52
55
55
59
59
60_64
60
64
67
67
64
64
60
60
59
59
64
64
67
67
71
71
52_79
52_83
55
55
59
59
60
60
64
64
67
67
64
64
60
60
59
59
64
64
64_67
67
71
71
52_83
52_79
55
55
59
59
60
60
64
67
67
64
64
60
60
59
59
64
64
67
67
71
71
52_79
40_40_52
45_57_69_76_76
55
60
59
64
64
65
67
69
71
72
69
69
65_69
65
64
64
65
69
72
72
76
57
57
60
60
64
64
69
65
72
69
76
72
69
69
60_65_69
65
64
64
65
45
43_69
72
72
76
57_76
43
45_57_83
60
60
64
64
69
65
72
69
76
72
69
69
65_69
65
64
64
65
69
72
72
76
57_83
57_81
60
60
64
64
69
65
72
69
76
72
69
69
65_69
65
64
64
65
45
69
72
72
76
57_81
69_76
52_79
60
55
64
59
60
64
69
67
64
64
60
60
59
59
64
64
67
67
72
71
52
52
55
55
59
59
60
60
64
64
67
67
64
64
60
60
59
59
64
64
67
67
71_76
71
52_79
52_83
55
55
59
59
60
60
64
64
67
67
64
64
60
60
59
59
64
64
67
67
71
71
52_83
52_79
55
55
59
59
60
60
64
64
67
67
64
64
60
60
59
59
64
64
67
67
71
71
52_79
50_77
55
53
59
57
64
60
67
62
71
65
62
62
60
60
57
57
62
62
65
65
69
50
50
53
53
57
57
60
60
62
62
65
65
62
62
60_60
60
57
57
62
62
65
65
69
69
50_77
50_76
53
53
57
57
60
60
62
62
65
65
62
62
60
60
57
57
62
62
65
65
69
69
50_76
50_72
53
53
57
57
60
60
62
62
65
65
62
62
60
60
57
57
62
62
65
65
69
69
50_72
48_71
53
52
57
55
60
59
62
60
65
64
60
60
59
59
55
55
60
60
64
64
69
67
48
48
52
52
55
55
59
59
60
60
64
64
60
60
59
59
55
55
60
60
64
64
67
67
48_71
48_76
52
52
55
55
59
59
60
60
64
64
60
60
59
59
55
55
60
60
64
64
67
67
48_76
48_76
52
52
55
55
59
59
60
60
64
64
48_76
52_79
52
55
55
59
59
62
60
64
64
67
67
52_55_59_62_64_67_79
