67_70_72
24_49
57
57
57
57
57
57
57
57
57
57
57
57
57
57
49
79
57
49
49
49
49
49
49
49
49
49
49
49
49
49
49
57
49_84
82
57
57
57
57
57
57
57
57
57
57
57
79
57
79
79
79
57
79
57
79
57
57
57
57
57
79
57
79
79
79
57
79
57
79
57
57
57
57
79
57
57
79
79
79
57
79
57
24
79
49
24_36
57
24
24
36
24
36
24
24
24
36
24
24
36
49
24
24
49
24
24
36
24
24
36
24
36
24
49
24
36
24
49
24
24
36
24
24
36
36
24
24_36
49
24
24
36
49
24
24
36
24
24
36
24
24_36
49
24
24
36
49
24
36
24
24
24
36
24
24
36
49
24
49
24
24
24
36
24
24
36
24
49
36
24
24
49
36
24
24
24
36
24
24
36
36
24
49
24_36
24
49
24
36
24
24
36
24
24
36
57
24
24_36
49
24
24
36
49
24
36
24
24
24
36
24
24
36
49
24
49
24
24
24
36
24
24
36
24
49
36
24
24
49
36
24
24
24
36
24
24
36
36
24
49
24_36
24
49
24
36
24
24
36
24
24
36
24
24_36
49
24
24
36
49
24
36
24
24
24
36
24
24
36
49
24
49
24
24
24
36
24
24
36
24
49
36
24
24
49
36
24
24
24
36
24
24
36
36
24
38
24_36
24
24
36
24
38
24
36
24
24
36
84
70
79
82
67_72
24
24_36_49_67_70_79_84
36
24
49
24
36
36
24
36
24
24
24
36
24
24
36
44
24
44
24_42
24_42
24_42
36
24
24
42
36_42
24
42
44
36
24
24
44
42
36
24
24
42
42
24
36
24
42
42
24
36
36
24
42
44
36
24_36
24
44
42
24
36
36
24
24
42
42
36
24
42
24_42
36
24
42
24_36_44
24
44
24_42
36
24_42
36
42
24
24
42
24_42
36
24
24
42
36
36_44
24
44
24_42
36
24_42
24_42
36
24
24
42
36_42
24
42
44
36
24
24
44
42
36
24
24
42
42
24
36
24
42
42
24
36
36
24
42
44
36
24_36
24
44
42
24
36
36
24
24
42
46
36
24
46
24
36
24
24_36_44
24
44
24_42
36
24_42
36
42
24
24
42
24_42
36
24
24
42
36
36_44
24
44
24_42
36
24_42
24_42
36
24
24
42
36_42
24
42
44
36
24
24
44
42
36
24
24
42
42
24
36
24
42
42
24
36
36
24
42
44
36
24_36
24
44
42
24
36
36
24
24
42
42
36
24
42
24_42
36
24
42
24_36_44
24
44
24_42
36
24_42
36
42
24
24
42
24_42
36
24
24
42
36
36_44
24
44
24_42
36
24_42
24_42
36
24
24
42
36_42
24
42
44
36
24
24
44
42
36
24
24
42
42
24
36
24
42
42
24
36
36
24
42
44
36
24_36
24
44
42
24
36
36
24
24
42
46
36
24
46
24
36
24
24_36_44
24
44
24_42
36
24_42
36
42_67_72
24
24
42
24_42
67
72
36
24
24
42
36
36_44
72_79
24
72_79
44
24_42
36
24_42
24_42
67_74
36
24
24
42
36_42
67_74
24
42
44
36
24_76_77
24
76_77
44
42
36
24
24
42
42
24
79
84
36
24
84
79
42
42
24
36
36
24
42
44
36
24_36
76_79
74
24
44
42
24
36
36
24
24
42
42
36
24
42
24_42
36
24
42
24_36_44
24
44
24_42
36
24_42
36
42
24
24
42
24_42
36
24
24
42
36
36_44
24
44
24_42
36
24_42
24_42
36
24
24
42
36_42
24
42
44
36
24
24
44
42
36
24
24
42
42
24
36
24
42
42
24
36
36
24
42
44
36
24_36
24
44
42
24
36
36
24
24
42
42
36
24
42
24_42
36
24
42
24_36_44
24
44
24_42
36
24_42
36
42
24
24
42
24_42
36
24
24
42
36
36_44
24
44
24_42
36
24_42
24_42
36
24
24
42
36_42
24
42
44
36
24
24
44
42
36
24
24
42
42
24
36
24
42
42
24
36
36
24
82
42
44
36
24_36
24
44
42
24
36
36
24
24
42
46
36
24
46
24
36
82
79
74
76
24
24_36_44
81
79
24
44
24_42
81
79
36
24_42
36
42
24
74
77
24
42
24_42
36
24
24
42
36
36_44
74
77
24
44
24_42
36
67
72
24_42
24_42
36
67
72
24
24
42
36_42
24
42
44
36
24
74
72
24
44
42
36
24
74
72
24
42
42
24
36
67
70
24
42
42
24
36
36
24
42
44_67
36_70
24_36
24
44
42
24
36
74_79
36
24
24
42
42
36
74
79
24
42
24_42
36
24
42
24_36_44
71
74
24
44
24_42
36
24_42
36
42
24
24
42
24_42
36
24
24
42
36
36_44
24
44
24_42
36
24_42
24_42
36
24
24
42
36_42
24
42
44
36
24
24
44
42
36
24
24
42
42
24
36
24
42
42
24
36
36
24
42
44
36
24_36
24
44
42
24
36
36
24
24
42
42
36
24
42
24_42
36
24
42
24_36_44
24
44
24_42
36
24_42
36
42
24
24
42
24_42
36
24
24
42
36
36_44
24
44
24_42
36
24_42
24_42
36
24
24
42
36_42
24
42
44
36
24
24
44
42
36
24
24
42
42
24
36
24
42
42
24
36
36
24
42
44
36
24_36
24
44
42
24
36
74
71
36
24
24
42
46
36
24
46
24
36
24
24_36_44
24
44
24_42
36
24_42
36
42
24
24
42
24_42
36
24
24
42
36
36_44
24
44
24_42
36
24_42
24_42
36
24
24
42
36_42
24
42
44
36
24
24
44
42
36
24
24
42
42
24
36
24
42
42
24
36
36
24
42
44
36
24_36
24
44
42
24
36
36
24
24
42
42
36
24
42
24_42
36
24
42
24_36_44
24
44
24_42
36
24_42
36
42
24
24
42
24_42
36
24
24
42
36
36_44
24
44
24_42
36
24_42
24_42
36
24
24
42
36_42
24
42
44
36
24
24
44
42
36
24
24
42
42
24
36
24
42
42
24
36
36
24
42
44
36
24_36
24
44
42
24
36
36
24
24
42
46
36
24
46
24
36
24
24_36_44
24
44
24_42
36
24_42
36
42
24
24
42
24_42
36
24
24
42
36
36_44
24
44
24_42
36
24_42
24_42
36
24
24
42
36_42
24
42
44
36
24
24
44
42
36
24
24
42
42
24
36
24
42
42
24
36
36
24
42
44
36
24_36
24
44
42
24
36
36
24
24
42
42
36
24
42
24_42
36
24
42
24_36_44
24
44
24_42
36
24_42
36
42
24
24
42
24_42
36
24
24
42
36
36_44
24
44
24_42
36
24_42
24_42
36
24
24
42
36_42
24
42
44
36
24
24
44
42
36
24
24
42
42
24
36
24
42
42
24
36
36
24
42
44
36
24_36
24
44
42
24
36
36
24
24
42
46
36
24
46
24
36
24
24_36_44
24
44
24_42
36
24_42
36
42_67_72
24
24
42
24_42
67
72
36
24
24
42
36
36_44
72_79
24
72_79
44
24_42
36
24_42
24_42
67_74
36
24
24
42
36_42
67_74
24
42
44
36
24_76_77
24
76_77
44
42
36
24
24
42
42
24
79
84
36
24
84
79
42
42
24
36
36
24
42
44
36
24_36
76_79
74
24
44
42
24
36
36
24
24
42
42
36
24
42
24_42
36
24
42
24_36_44
24
44
24_42
36
24_42
36
42
24
24
42
24_42
36
24
24
42
36
36_44
24
44
24_42
36
24_42
24_42
36
24
24
42
36_42
24
42
44
36
24
24
44
42
36
24
24
42
42
24
36
24
42
42
24
36
36
24
42
44
36
24_36
24
44
42
24
36
36
24
24
42
42
36
24
42
24_42
36
24
42
24_36_44
24
44
24_42
36
24_42
36
42
24
24
42
24_42
36
24
24
42
36
36_44
24
44
24_42
36
24_42
24_42
36
24
24
42
36_42
24
42
44
36
24
24
44
42
36
24
24
42
42
24
36
24
42
42
24
36
36
24
82
42
44
36
24_36
24
44
42
24
36
36
24
24
42
46
36
24
46
24
36
82
79
74
76
24
24_36_44
81
79
24
44
24_42
36
79
81
24_42
36
42
24
74
77
24
42
24_42
36
24
24
42
36
36_44
74
77
24
44
24_42
36
67
72
24_42
24_42
36
67
72
24
24
42
36_42
24
42
44
36
24
74
72
24
44
42
36
24
74
72
24
42
42
24
36
67
70
24
42
42
24
36
36
24
42
46_67
36_70
24_36
24
46
24
36
74_79
36
24
24
36
74
79
24
24
36
24
24_36_36_77_86
49
24
36
49
24
36
36
24
86
77
24
36_57
79
84
36
24
57
36
36
24
79
84
24
24
36
49
72
81
36
24
49
36
24
72_81
36
24
24_36
36
77
79
49
24
36
36
49
24
24
77_79
36
57
24
36
79
77
36
24
57
36
36
24
36
79
77
24
24
49
36
72
74
36
36
24
49
24
36
74
72
36
24
49
24_36_36_67_70_79_84
24
49
24
36
36
24
36
24
24
24
36
84
24
24
72
72
36
36_57
24
57
24
36
24
24_42
36
24
24
42
36_42
24
42
44
36
24
24
44
42
36
24
24
42
42
24
36
24
42
42
24
36
36
24
42
44
36
24_36
24
44
42
24
36
36
24
24
42
42
36
24
42
24_42
36
24
42
24_36_44
24
44
24_42
36
24_42
36
42
24
24
42
24_42
36
24
24
42
36
36_44
24
44
24_42
36
24_42
24_42
36
24
24
42
36_42
24
42
44
36
24
24
44
42
36
24
24
42
42
24
36
24
42
42
24
36
36
24
42
44
36
24_36
24
44
42
24
36
36
24
24
42
46
36
24
46
24
36
24
24_36_44
24
44
24_42
36
24_42
36
42
24
24
42
24_42
36
24
24
42
36
36_44
24
44
24_42
36
24_42
24_42
36
24
24
42
36_42
24
42
44
36
24
24
44
42
36
24
24
42
42
24
36
24
42
42
24
36
36
24
42
44
36
24_36
24
44
42
24
36
36
24
24
42
42
36
24
42
24_42
36
24
42
24_36_44
24
44
24_42
36
24_42
36
42
24
24
42
24_42
36
24
24
42
36
36_44
24
44
24_42
36
24_42
24_42
36
24
24
42
36_42
24
42
44
36
24
24
44
42
36
24
24
42
42
24
36
24
42
42
24
36
36
24
42
44_72
36
24_36
24
44
42
24
36
36
24
67_72
42
36
49
31
72
67
36
49
72
67
31
36_57
36
72
84
36
57
72_77_84
84
77
72
72_84
76
76
72
84
72_74
79
72
79
74
65
72_79
76
72
76
65
79
72_74
74
72
72_74
74
72
79
65
72_76
72
76
65
79
72
74
74
72
72
74
72_74
72
65_76_79
79
65
76
72
72
74
72
74
72
74
74
72
65_76
72_79
72
67
36
31
36
49
72
67
72
36_67
72
76
79
65
49
67_72
31
36_57
36
36
57
72_77_84
84
77
72
72_84
76
76
72
84
72_74
79
72
79
74
65
72_79
76
72
76
65
79
72_74
74
72
72_74
74
72
79
65
72_76
72
76
65
79
72
74
74
72
72
74
72_74
72
65_76_79
79
65
76
72
72
74
72
74
72
74
74
72
65_76
72_79
72
67
36
31
36_49
72
67
49
36
72
67
72
76
79
65
72
31_67
36_57
36
36
57
72_77_84
84
77
72
72_84
76
76
72
84
72_74
79
72
79
74
65
72_79
76
72
76
65
79
72_74
74
72
72_74
74
72
79
65
72_76
72
76
65
79
72
74
74
72
72
74
72_74
72
65_76_79
79
65
76
72
72
74
72
74
72
74
74
72
65_76
72_79
67
72
36
31
36_49_72
67
49
36
72
67
72
76
79
65
31
72
67
36_57
36
36
57
72_77_84
84
77
72
72_84
76
76
72
84
72_74
79
72
79
74
65
72_79
76
72
76
65
79
72_74
74
72
72_74
74
72
79
65
72_76
72
76
65
79
72
74
74
72
72
74
72_74
72
65_76_79
79
65
76
72
72
74
72
74
72
74
74
72
38
38
65_76
72_79
38
67
72
38
36
72
76
79
65
36_48_49
64
60_67_72
40
48
48
49
48
36
48_60
64
67
48
40
41
44
60_65
38
69
48
72
79
48
44
42
48
79
48
38
42
77
48
60
69
65
48
43
77
41
67
60_71
48
36
44_76
76
48
44
74
42_48
48
36
42
48
74
60
71
67
48
41_43
72
65
60
38
41_44
69
72
41
44
42
76
41
38
41
42
41
76
60
65
69
41
35
44
36_41_43
62
59_67
67
43
44
42
43
43
42
43
59_67
62
36
43
35
36
44
67
38
64
60
48
44
48
42
48
48
38
42_60
48
64
67
48
36
33
60_65
48
36
57
44
48
44
42_48
48
42
48
36
57
60
65
48
34
33
58_62_65
38
44_48
48
44
42
48
38
48
67
42
48
62
58
65
48
34
40
44
60_64_67
36_48
76
76
48
44
42
48
72
48
42
48
72
36
48
44
38
48
67
67
44
48
71
42
48
48
38
42
48
71
60
64
67
40
48
41
60_65_69_72
48
36
44
48
44
42_48
72
48
42
48
36
48
38
41_44
64
64
62
41
60
44
42
41_62
38
41
42
60
41
69
65
60
41
44
43_62_67_72
36_41_43
62
36
43
44
43
38
42
43
43
42
43
62
43
38
44
31
38
43_67
38
44
43
42
43
43
42
43
43
43
36
44
43
36
44
36_42_43
43
42
43
36
43
49
38
43
67
43
49
72
43
38
43
31
67
72
62
43
72
43
36_46_57
64
60_67
34_76
76
46
46
72
57
46
36
72
46_60
64
67
46
34
44
55_60
31_38
67
43
74
74
43
44
42
43
76
43
38
42
76
43
67
60
55
43
31
65
62_70
48
36_38
44
77
77
48
44
79
42_48
48
79
36
42
48
62
70
65
48
38
74
39
62
58
38
44_46
65
74
72
46
70
72
44
42
46
38
46
42
46
58
62
65
70
39
46
31
38_55_67
60_64
38
67
31
72
36_47
47
72
36
55
60_64
45
57_69
38
66
62
45
69
57
66
62
38
71
62
36
49
55_59
31
36
49
45
31
45
36
36
38
31
38
31
36
29_60_64
67
29
36
45
45
36
36
71
38
38
79
79
83
29
29
40_83
59
62
55
28
52_55_60
36_49_64_84
67
60
84
79
79
49
36
79
38
79
38
76
40
76
52
55
60
53_57_60
29_36_49
77
41
28
77
72
72
49
36
38
72
72
38
74
74
53
57
60
41
74
75
31
55_59
62
29
36_49_74
74
75
49
72
74
36
72
31
59
55
62
74
35
62_67
36_59
49
74
49
36
35
62
67
59
48
36_57
60_67_72
64
36
57
36
36
36_48
72
60
64
67
72_77_84
48
72
67
84
77
48
72
48_67
72
48
36_49_72_84
67_76
72
48
49
36
48
48
48
76
72
84
48
48
48
44
72_74
79
72
79
74
44
42
48
42
65
42_48
72_79
76
48
42
42
48
48
42
44
48
36
72
44
42
76
65
79
36
48
42
42_72_74
48
48
74
72
42
42_72_74
48
74
72
48
79
42_65
44_48_72_76
44
42
48
42
42
48
48
72
42
76
42
65
48_79
48
42
36_44
48_72
74
74
72
44
42_72
74
36
72_74
48
42
42_72
48_65_76_79
48
42
42
48
48
42
48
44
79
44_65
42_76
72
48
42
42_48
72
74
72
74
48
42
42
72
74
48
74
48
72
42
44
48
36_65_76
72_79
72
67
44
42
36
36
72
48
67
31
42
36_49
48
48
72
67
72
76
79
36_49
65
48
48
72
67
57
31
48
36_36
57
36
48
72_77_84
48
84
77
48
72
48
48
36_49_72_84
76
48
49
36
48
48
48
76
72
84
48
48
48
44
72_74
79
72
79
74
44
42
48
42
65
42_48
72_79
76
48
42
42
48
48
42
44
48
36
72
44
42
76
65
79
36
48
42
42_72_74
48
48
74
72
42
42_72_74
48
74
72
48
79
42_65
44_48_72_76
44
42
48
42
42
48
48
72
42
76
42
65
48_79
48
42
36_44
48_72
74
74
72
44
42_72
74
36
72_74
48
42
42_72
48_65_76_79
48
42
42
48
48
42
48
44
79
44_65
42_76
72
48
42
42_48
72
74
72
74
48
42
42
72
74
48
74
48
72
38
38
42
48
65_76
72_79
38
38
72
67
48
72
76
79
65
36
36_48_49
64
60_67_72
40
48
48
49
48
36
48_60
64
67
48
40
41
44
60_65
38
69
48
72
79
48
44
42
48
79
48
38
42
77
48
60
69
65
48
43
77
41
67
60_71
48
36
44_76
76
48
44
74
42_48
48
36
42
48
74
60
71
67
48
41_43
72
65
60
38
41_44
69
72
41
44
42
76
41
38
41
42
41
76
60
65
69
41
35
44
36_41_43
62
59_67
67
43
44
42
43
43
42
43
59_67
62
36
43
35
36
44
67
38
64
60
48
44
48
42
48
48
38
42_60
48
64
67
48
36
33
60_65
48
36
57
44
48
44
42_48
48
42
48
36
57
60
65
48
34
33
58_62_65
38
44_48
48
44
42
48
38
48
67
42
48
62
58
65
48
34
40
44
60_64_67
36_48
76
76
48
44
42
48
72
48
42
48
72
36
48
44
38
48
67
67
44
48
71
42
48
48
38
42
48
71
60
64
67
40
48
41
60_65_69_72
48
36
44
48
44
42_48
72
48
42
48
36
48
38
41_44
64
64
62
41
60
44
42
41_62
38
41
42
60
41
69
65
60
41
44
43_62_67_72
36_41_43
62
36
43
44
43
38
42
43
43
42
43
62
43
38
44
31
38
43_67
38
44
43
42
43
43
42
43
43
43
36
44
43
36
44
36_42_43
43
42
43
36
43
49
38
43
67
43
49
72
43
38
43
31
67
72
62
43
72
43
60
36_46_57
64
67
34_76
76
46
46
72
57
46
36
60_72
46
64
67
46
34
44
55_60
31_38
67
43
74
74
43
44
42
43
76
43
38
42
76
43
67
60
55
43
31
65
62_70
48
36_38
44
77
77
48
44
79
42_48
48
79
36
42
48
62
70
65
48
38
74
39
62
58
38
44_46
65
74
72
46
70
72
44
42
46
38
46
42
46
58
62
65
70
39
46
31
38_55_67
60_64
38
67
31
72
36_47
47
72
36
55
60_64
45
57_69
38
66
62
45
69
57
66
62
38
71
62
36
49
55_59
31
36
49
45
31
45
36
36
38
31
38
31
36
29_60_64
67
29
36
45
45
36
36
71
38
38
79
79
83
29
29
40_83
59
62
55
28
52_55_60
36_49_64_84
67
60
84
79
79
49
36
79
38
79
38
76
40
76
52
55
60
53_57_60
29_36_49
77
41
28
77
72
72
49
36
38
72
72
38
74
74
53
57
60
41
74
75
55_59_62
31
29
36_49_74
75
74
49
72
74
36
72
31
59
55_62
74
59
62_67
35
38
74
38
35
62
67
59
72
36_49
60_67
64
36
49
36
38
38
72
38
38
72
72
36
60_64_67
36
60_76
49
36_67
64
76
49
36
72
72
60
64
67
36
57
36
64
55
60
33
74
74
36
57
76
76
60
55
64
33
36
49
58
53
62
77
34
77
49
36
77
77
58
53
62
34
36
57
55_58
74
63
39
74
72
57
36
70
72
70
55
58
63
37
38
39
68
38
37
68
63_70
51
36
32
63
36_51
70
68
32
51
37
68
36
63_72
36
51
37
63
68
72
36
32
51
63_68_70
36
63
51
32
68
70
36
51
68
63
37_72
36
68
51
63
68
72
37
80_80
80_80
80_80
80_80
82_82
78_78
82_82
78_78
75_75
75_75
73_73
73_73
70_70
70_70
68_68
68_68
63
36
51
56
60
42_66_66
36
51
60
66_66
63
56
42
61
36
51_65
56
41
65_65
36
51
56
61
65
41
65_65
63
39_56
36
51_60
51
36
39
63
56
60
37
53
56
36
61
51
36
51
53
61
56
37
36
36
51_56_60
51
36
51
51
36
56
60
58
54
49
36
51
34
51
36
49
54
58
34
49_54
58
51
36
34
51
36
49
54
34
58
51
29
36_69
57
60
53
69
51
65
65
36
38
55
67
67
55
38
69
53
57
69
60
29
63
58
55
36
29
70
70
36
36
70
70
36
67
55
38
67
65
55
63
38
65
63
63
55
58
65
29
60
57
29_36
72
72
36
72
36
72
36
38
69
55
67_69
55
38
65
67
65
57
65
60
63
67
58
29
75
36
41
75
36
36
75
75
36
72
55
38
72
70
55
69
38
70
58
63
69
67
41
36
31
71
55
59
62
36
71
36
67
67
36
38
55
69
69
55
38
55
71
59
62
71
31
60
36_57
65
31
72
72
36
36
72
72
36
69
55
38
69
67
55
65
38
67
57
60
65
65
31
31_36
59_62_67
74
74
36
74
36
74
36
38
71
55
69_71
55
38
67
59
69
67
62
67
69
65
31
77
36
60
43
77
36
36
77
77
36
76
55
38
76
74
55
72
38
74
72
69
60
65
43
51_67_72_76
76
36
36
76
51
36
72
67
72
76
72
76
36
67
72
36
51
33
74
74
51
36
76
72
76
67
76
33
65
74
51_70
36_77
34
77
51
36
77
70
65
74
77
34
51
74
70_77
36
74
39
74
72
51
36
70
72
77
70
74
70
36
39
49_68_72_75
75
32
75
49
36
32
77
32
77
72
68
75
32
79
72
68_75
32
75
68
72
79
32_80
72_80
75
32
80
80
75
72
32
57
72_75_80
80
32
57
49
80
75
72
80
49
57
32
72_75_80
79
32
57
49
75
72
80
49
79
57
57
32
75
49
72_75_80
39
49
75
72
75
57
80
49
57
49
77
39
75_80
72
57
41
49
57
72
75
80
77
57
49
71
79
74
41
38
57
43
79
38
67
62_72
49
36
72
62
67
36_49
67
71
62
57
36
36
57
62
71
67
67
72
62
36
49
72
67
62
36
49
67
62
71
36
57
36
57
38
43
38
38
71
38
67
38
62
31
38
67
62_72
49
36
72
62
67
36_49
67
71
62
57
36
36
57
62
71
67
67
72
62
36
49
72
67
62
36
49
67
62
71
36
57
36
57
79
71
74
79
71
67
62
31
36_48_49
64
60_67_72
40
48
48
49
48
36
48_60
64
67
48
40
41
44
60_65
38
69
48
72
79
48
44
42
48
79
48
38
42
77
48
60
69
65
48
43
77
41
67
60_71
48
36
44_76
76
48
44
74
42_48
48
36
42
48
74
60
71
67
48
41_43
72
65
60
38
41_44
69
72
41
44
42
76
41
38
41
42
41
76
60
65
69
41
35
44
36_41_43
62
59_67
67
43
44
42
43
43
42
43
59_67
62
36
43
35
36
44
67
38
64
60
48
44
48
42
48
48
38
42_60
48
64
67
48
36
33
60_65
48
36
57
44
48
44
42_48
48
42
48
36
57
60
65
48
34
33
58_62_65
38
44_48
48
44
42
48
38
48
67
42
48
62
58
65
48
34
40
44
60_64_67
36_48
76
76
48
44
42
48
72
48
42
48
72
36
48
44
38
48
67
67
44
48
71
42
48
48
38
42
48
71
60
64
67
40
48
41
60_65_69_72
48
36
44
48
44
42_48
72
48
42
48
36
48
38
41_44
64
64
62
41
60
44
42
41_62
38
41
42
60
41
69
65
60
41
44
43_62_67_72
36_41_43
62
36
43
44
43
38
42
43
43
42
43
62
43
38
44
31
38
43_67
38
44
43
42
43
43
42
43
43
43
36
44
43
36
44
36_42_43
43
42
43
36
43
49
38
43
67
43
49
72
43
38
43
31
67
72
62
43
72
43
60
36_46_57
64
67
34_76
76
46
46
72
57
46
36
60_72
46
64
67
46
34
44
55_60
31_38
67
43
74
74
43
44
42
43
76
43
38
42
76
43
67
60
55
43
31
65
62_70
48
36_38
44
77
77
48
44
79
42_48
48
79
36
42
48
62
70
65
48
38
74
39
62
58
38
44_46
65
74
72
46
70
72
44
42
46
38
46
42
46
58
62
65
70
39
46
31
38_55_67
60_64
38
67
31
72
36_47
47
72
36
55
60_64
45
57_69
38
66
62
45
69
57
66
62
38
71
62
36
49
55_59
31
36
49
45
31
45
36
36
38
31
38
31
36
29_60_64
67
29
36
45
45
36
36
71
38
38
79
79
83
29
29
40_83
59
62
55
28
52_55_60
36_49_64_84
67
60
84
79
79
49
36
79
38
79
38
76
40
76
52
55
60
53_57_60
29_36_49
77
41
28
77
72
72
49
36
38
72
72
38
74
74
53
57
60
41
74
75
31
55_59
62
29
36_49_74
74
75
49
72
74
36
72
31
59
55
62
74
35
62_67
36_59
49
74
49
36
35
62
67
59
48
36_57
60_67_72
64
36
57
36
36
36_48
60
64
67
24
72
36_49
36
48
49
36
44
44
42
42
42
42
42
42
44
36
44
42
36
42
46
46
44
58
44
42
42
42
42
42
42
36_44
44
42
36
42
42
42
42
42
44
44
42
42
42
42
42
42
44
36
44
42
36
42
46
46
44
56
44
42
42
42
42
42
42
36_44
44
42
36
42
42
42
42
42
44
44
42
42
42
42
42
42
44
36
44
42
36
42
46
46
44
63
44
42
42
42
42
42
42
36_44
44
42
36
42
42
42
42
42
36
36
36
36
36
36
36
36
36
24
36
24
36
36
36
24
36
36
36
24
24
48
24
36_49_63
48_58
56
49
36
44
44
42
42
42
42
42
42
44
36
44
42
36
42
46
46
44
58
44
42
42
42
42
42
42
36_44
44
42
36
42
42
42
42
42
44
44
42
42
42
42
42
42
44
36
44
42
36
42
46
46
44
56
44
42
42
42
42
42
42
36_44
44
42
36
42
42
42
42
42
44
44
42
42
42
42
42
42
44
36
44
42
36
42
46
46
44
63
44
42
42
42
42
42
42
36_44
44
42
36
42
42
42
42
42
36
36
36
36
36
36
36
36
36
24
36
24
24
36
36
36
24
36
36
36
24
48
24
36_49_63
48_58
56
49
36
44
44
42
42
42
42
42
42
44
36
44
42
36
42
46
46
44
58
58
58
44
42
58
58
42
42
58
42
42
58
58
42
36_44
44
42
36
42
42
42
42
42
44
44
42
42
42
42
42
42
44
36
44
42
36
42
46
46
44
56
44
42
42
42
42
42
42
36_44
44
42
36
42
42
58
42
42
58
42
44
58
44
42
42
42
58
42
42
42
44
36
58
44
42
36
58
42
46
46
44
63
44
42
42
42
42
42
42
36_44
44
42
36
42
42
42
42
42
36
36
36
36
36
36
36
36
36
24
36
24
24
36
36
36
24
36
36
36
24
58
48
24
36_49_63
48_58
56
49
36
44
44
42
42
42
42
42
42
44
36
44
42
36
42
46
46
44
58
58_82
58
44
42
58
58
42
42
58
42
42
58
58
42
36_44
44
42
36
42
42
42
42
42
44
44
42
42
42
42
42
42
44
36
44
42
36
42
46
46
44
56_80
44
42
42
42
42
42
42
36_44
44
42
36
42
42
58
42
42
58
42
44
58
44
42
42
42
58
42
42
42
44
36
58
44
42
36
58
42
46
46
44
63_87
44
42
42
42
42
42
42
36_44
44
42
36
42
42
42
42
42
36
36
36
36
36
36
36
36
36
24
36
24
24
36
36
36
80_82_87
58
24
36
49
32
36
49
36
24
48_56_58_63_80_80
63_68
72
80_80
79_79
79_79
77_77
77_77
75_75
75_75
74_74
74_74
72_72
72_72
75_75
75_75
68
36_49
68_68
36_49
68
38
67
38
38
38
38
65
67
38
47
47
68_68
38
63
65
38
43
43
72
68
63
32
36_49_63_74_74
29
60
68
65
36_49
74_74
42
79_79
42
79_79
77_77
77_77
42
75_75
42
75_75
74_74
74_74
42
72_72
72_72
42
75_75
36
75_75
36
38
70
38
82_82
38
38
36
36
36
70
36
68
38
38
38
38
36
36
38
68
67
38
36
36
36
36
67
82_82
38
38
65
38
38
36
36
36
36
68
60
65
29
26
36_49_65_74_74
72
67
62
36_49
74_74
42
79_79
42
79_79
77_77
77_77
42
75_75
42
75_75
74_74
74_74
42
72_72
72_72
42
75_75
75_75
38_74
72_72
38
43
43
79
74
38
38
79
38
77
38
75
43_77
75
43
38
74
38
38
74
72_72
72
38
38
38
72
62
72
67
43
26
36_49_67_71_72
74
36_49
74
79
79
77
77
76
76
74
74
72
72
74
67_71
72
43
67_71
62
43
62
67_71
62
69
65
38
38
65_69
62
71
67
62
43
43
71
62
67
65_69
62
38
38
74
62_65
69
43
74
74
79
79
77
77
76
76
74
74
72
72
74
43
67_71
62
43
62
67_71
62
69
65
38
38
65_69
62
71
67
62
43
43
71
62
67
65_69
62
38
38
74
62_65
69
43
67_71
62
74
74
43
79
79
62
67_71
62
69
65
38
77
77
76
38
72
76
72
65_69
62
71
67
62
43
74
74
43
79
79
71
62
67
65_69
62
38
77
77
76
38
76
72
72
62_65
69
43
67_71
62
74
74
43
79
79
62
67_71
62
69
65
38
77
77
76
38
72
76
72
65_69
62
71
67
62
43
74
74
43
79
79
71
62
67
65_69
62
38
77
77
76
38
76
72
72
62_65
69
38_69_72_77
43
43
38
38
38
38
38
38
38
38
38
38
38
38
69
72
76_77
67_71
38
38
38
38
38
38
38
38
38
38
38
74
65
76
38
71
67
69
38
38
38
38
38
38
38
38
38
38
38
65
38_74
69
67_71_76
38
38
38
38
38
38
38
38
38
38
43
38
43
67
71_76
36_48_49
64
60_67_72
40
48
48
49
48
36
48_60
64
67
48
40
41
44
60_65
38
69
48
72
79
48
44
42
48
79
48
38
42
77
48
60
69
65
48
43
77
41
67
60_71
48
36
44_76
76
48
44
74
42_48
48
36
42
48
74
60
71
67
48
41_43
72
65
60
38
41_44
69
72
41
44
42
76
41
38
41
42
41
76
60
65
69
41
35
44
36_41_43
62
59_67
67
43
44
42
43
43
42
43
59_67
62
36
43
35
36
44
67
38
64
60
48
44
48
42
48
48
38
42_60
48
64
67
48
36
33
60_65
48
36
57
44
48
44
42_48
48
42
48
36
57
60
65
48
34
33
58_62_65
38
44_48
48
44
42
48
38
48
67
42
48
62
58
65
48
34
40
44
60_64_67
36_48
76
76
48
44
42
48
72
48
42
48
72
36
48
44
38
48
67
67
44
48
71
42
48
48
38
42
48
71
60
64
67
40
48
41
60_65_69_72
48
36
44
48
44
42_48
72
48
42
48
36
48
38
41_44
64
64
62
41
60
44
42
41_62
38
41
42
60
41
69
65
60
41
44
43_62_67_72
36_41_43
62
36
43
44
43
38
42
43
43
42
43
62
43
38
44
31
38
43_67
38
44
43
42
43
43
42
43
43
43
36
44
43
36
44
36_42_43
43
42
43
36
43
49
38
43
67
43
49
72
43
38
43
31
67
72
62
43
72
43
60
36_46_57
64
67
34_76
76
46
46
72
57
46
36
60_72
46
64
67
46
34
44
55_60
31_38
67
43
74
74
43
44
42
43
76
43
38
42
76
43
67
60
55
43
31
65
62_70
48
36_38
44
77
77
48
44
79
42_48
48
79
36
42
48
62
70
65
48
38
74
39
62
58
38
44_46
65
74
72
46
70
72
44
42
46
38
46
42
46
58
62
65
70
39
46
31
38_55_67
60_64
38
67
31
72
36_47
47
72
36
55
60_64
45
57_69
38
66
62
45
69
57
66
62
38
71
62
36
49
55_59
31
36
49
45
31
45
36
36
38
31
38
31
36
29_60_64
67
29
36
45
45
36
36
71
38
38
79
79
83
29
29
40_83
59
62
55
28
52_55_60
36_49_64_84
67
60
84
79
79
49
36
79
38
79
38
76
40
76
52
55
60
53_57_60
29_36_49
77
41
28
77
72
72
49
36
38
72
72
38
74
74
53
57
60
41
74
75
55_59_62
31
29
36_49_74
75
74
49
72
74
36
72
31
59
55_62
74
59
62_67
35
38
74
38
35
62
67
59
72
36_49
60_67
64
36
49
36
38
38
72
38
38
60_64_67
36
