66
54
68
73
68
61
68
61
73
68
73
68
61
58
66
68
61
73
73
68
68
65
51
56
53
68_73
68
61
56
61
68
73
73
68
68
53
56
61
65
68
73
73
68
68
61
51
56_63
73
68
63_68
63
68
73
73
68
68
56
63
63_68
73
73
68
68
63
51
65
56
53
73
68
61_68
56
61
68
73
73
68
68
53
56
61
65
68
73
73
68_68
61
54
58_66
61
68
73
73
68
68
58
61
68
73
73
68_68
58
61_66
68
73
73
68
68
61
58
51
65
56
53
73
68
68
56
61
68
73
68_73
68
56_61_65
68
73
68_73
68
51_56_63
72
63_68
68
72
68
63
63
68
72
68
68_70
63
56
63_63
68
68_70
70
68_70
63_68
56
63
56_68
68_70_85_85
70
72
72
72_72
68
63
56
63
63
68
72
72
68
63
63
56
68
63_72
68
72
70
68
58_92_92
66
54_68
73
68
73
68
61
68
68_73
66
61
68
73
68_73
68
61
87_87
65
51
56
53
73
68_68
61
68_73
73
68
68
61
56
65
61
68
73
73
68
68
51
56
63
80_80
73
68
63
68
63
68
73
73
68
68
63
68
73
63
73
68
68
51
56
65
53
73
68
68
61
68
73_89_89
68_73
68
61
56
65
61
92_92
68
73
68
73
61_68
94_94
58_66
54
61
73
68_68
61
61
68_97_97
73
68
73
68
94_94
58
61_66
73
68
68_73
68
61
65
51
56
61
53
68_73
68
92_92
61
68
73
68
73
68
89_89
56
65
61
68
73
68
73
68
56
63_63
68
72
68
63
68
72
68
63_70_70
56
68
56
63
63
68_70
68
68_70
63_68
70
56_56
68
63_63_68
70_70
72
72
68
72
63
63_68_68
72_72
72
68
63
63_68
68_72
66
54_58
70
61_68
73
68
73
61
68
73
73
68_68
61
58
66
61
68
73_73
73_73
68_68
61
51
65
56
53
73
68_68
56
61
68
73
68
68
56
61
65_68
73
68
73
68
61_68
68
56
63
51
75
77
73
68_68
63
56
63
68
73
68_73
68
63
63
68
63_73
73
68_68
63
63
56
51_61
53
73
68
68
61
56
61
68
73
68
73
68
61
53
56_65
61
68
73
68
73
61_68
66_70
54_58
61
73
68
73
68
61
61_68
73
68
73
68
61
73
58
61
66_68
73
73
73
68_68
65
51
56
53
73
68
61_68
70
56
61
68
68
73
68_68
68
53
56
61
68
65
73
73
68
65
51
56
63
63
68
72
72
68_68
63
68
72
70
68
63_72
56
56_63
63_68
68
70
70
70
68
63_70
68
56
63
63_68
70
68
72
72
72
68
56
63
63
68
72
72
72
68
63_68
56
63_63
68
68
72
72
70
68
54_66
58
70
73
73
68_68
61
61
68
73
73
68_68
58
61
66_68
73
73
73_73
68
61
68
51
56_65
53
73
68
68
61
56
61
68
73
68
68
53
56
61
65
68
68
73
68
68
68
51
75
56_63
77
73
68
68
63
68
73
73
68_68
63
56
63
68
63_73
73
68
68
51
56
65
53
73
68
68
56
61
68
73
68_73
68
56
61
68
73
65
73
73
68
61
73
54_58_73
66
73
68
68
73
61
68
73
73
73
68
68
61
54
58
61
68
66
73
68
61_73
68
65
51
56_73
61
53
68
73
68
68
61
56
61
73
68
68
68_73
61
56
68
56
61_65
68
73
68
68
68
73
56
63_68
63
68
72_72
68
63
63
68
72
72
68
63_70
68
56
63_70
68
70
70
63_68_68_70
63
56_68
63
68_72
70
72
68_72
63
68
68
68_72
63
56_63
63_68
68
72
72
68_70
54
54
66
70
58_66_66
61
73
68_73
68
61_68
68_73
68
54
58
61
68
66
73
73
68_73
61_68
53_65
51
73
56
53
68
73
68
56
61
68
68
73
68
61
56_65
53
61
68
68
68
68_73
68
61
63
51
75
51
56_64_64
77
68_73
68
63
56
63
68
73
68_68
56
63
68
63_73
73
68
68
51_65
53_53_61_61
56
53
53
68_73
68
61
56
61
68
73
68
61
68
53
56
61
68
65
73
73
68
54_66
54
70
58
52_52
73
73
68_68
61
58
61
68
73
73
68
68
54
58
61
66_73
68
68_68_73
61
73
59_59
65
51_53
70
53
68
68_73
68
61
61
56
68
68
68_73
56_65
61_68
73
68
65
73
68
56
63
56
63
63
68
72
72
68
63_63
68_68
63
68
68_70
68_70
63
56
66_66
56
63
68
70
70
68
63_68_72
63
56_63_68
68_70_72
72
68_72
63
68
63_72
68
66_66
63_63
72
68_72
63
56
63
63_68
72
68
61_61
68_72
63
66
70
54
54
73
68
73
68
61
68
61
73
68
73
68
61
58_66
73
68
61
73
68
73_73
68
65
53
51
56
53
68_68_73
61
56
61
68
73
73
68_68
53
56
61
68
65
73
68
68
73
68
61_68
63_63
51
63
51
56
75
77
73
68
68
63
63
68
73
68_73
68
56_63
63
68
73
73
68
68
63
51
53_65
56
53
73
68_68
61
56
61
68
73
73
68_68
53
56_65
61
68
73
68
73
68
61
54_66_70
54_58
61_66_66
68
73
73
73
68_68
58
61
68
73
73
68_68
58
61_66
68
73
73
73
68_68
61
58
65
51
73
53
56
53
68_73
68
68
56
61
68
73
68
68
73
68
56_61_65
68
73
68
73
68
51_56
63
56_63
68
72
63_68
68
63
72
63
68
72
70
68_68
63
56
63
63_68
68_70
70
70
68_68_70
63
56
56
63
68_68
66_66_70_70
70_72
72
72
68
63
63
63_68
68
72
72
80
72_72
68
45
63
80
63
56_68
63
38_72
68
72
80
70
68
82
54_54_82
42_49_58
30_61_61_73_78_82
66_66
35_49_66_70_70
70
82
66_70
61
66
42_66
70
70
61
66_70
61
58_66
70
54_61
58
61
42
61_66_70
66_82
66_70
70
70
66_82
66_70
61
58
66_70
58
80
61
58_65_66_68
61
38_42_54_70
66
70
70
66
80
58_65_68
42_61_61
66
66
70
70
80
70
66_70
61_66
65_68
58
61
58
54
54
58
61
34
42_58_66
70
61
66
70
70
65
70
66
61
49_49
56_80
37_73_77_80
35_56
42
49_61
53
65
56
61
65_73
73
77
61_65
42
61
65
73
75
73
73
73
65
65
61
61
75
77
42
61_61
65_65
73_73
65_73
73
61
65
56
61
63_63
25_49_49
61
38_73
42_56
53
53_56_61_61
65_65_73
73
73
73
65
29
49
53_65_77
46
51_65_65
56_61
53_65
61_73
65
73
73
73
65
61_65
61
53
49
32
68_80
56
53_56
38_44_45
56_68_68
65
73
65
73
68
70
70
61
56
53
58_73_77_77_82
70_70_82
34_49_53
35_53_58_61_65
58
61_70
65
70
42
61_61
65_77
70
70
70
70
65
61_65
61
53
58
61
42_65
61
65_70
70
70
65
70_77
65
51_80
56
51
38_51_56
56
42
63_68_75_80_84
63_68
32_72
80
72
72
63
42_68
63_68_77
72
72
75
72
68_72
68
63
56
63
63_68
68
72
42_72
72
63_68
54
49
30_58
54_58_73_78_82
35_61
82
42_54_61_66
66
70
70
73
73
58
42
54_85_85
61
61
70
66
66
61_70
54_80_80
42_58
61_61
66_66
70
70
70
66
70
66
61
61
58_58
49
38_61_61
42_66
66_73_78_82
39_70_70
70
66
54
58
61_61
66
66
37_46
49_70
70
70_70
66_66
61_61
45
58
58
58
61
34_61
46_66_66
38_82
70
44_70
44
70
66
70
46_66
61
54
58_66_70
54_58
61_82
42_61
66
30_35_66_70_73_78_82_82
49_70
82
66_70
54
58
61
66
66_70
42_70
70_70
66
66
61
61
58
58_58_82
61
61_66_70
66_66
70
70
42
70
70
66_72
84
82
65_70
56
51
56_63
68_80
63_63_68_72
38_68
42
72
80
56_65_65
63_63
68_68
46_70
65_68_70
82
65_70_70
34_45_68
56
68_68
38_56
63
68
44_44_68
32_63
72
72
61
70
65
70
46_46_53_61
70_77_82
34_65
35_46_49_53_61_70_70
65_70
58_70
77
61_65
75
73
65_73
63_66_75
64
63
77
65_68
72
63
61_70
51_72
51
51
51
51
70
51
51
32_56_80
51
63
68
68
75
75
75
77
75
73
73
73
54
58
61
68
54
73
68_68
61
68
58
68
61
61
68_73
73
68
68
61_61
58
58
61_68
61
68
73
73
68_68
61
51
61
53
68
56
56
53
68_73
61_68
61
56
56_61
68
61
73
68
73
68
61_68
53
56
61
56_61
68
68_73
73
68
68
61
61
51
51
56
56
63_68
73
68
68
63_63
63
56
63_68
68
73
73
68_68
63
56
56
63
56_68
63
68_73
73
68
63_68
61
51
53
85_85
56_56
61
68
53
73
68
61_68
61
56
61
56_68
61
73
68
73
68_68
61
53_56
56
61_61
68
68
73
73
68
68
61_61
59
54_54
51_58_58
61_61
68_92_92
68
73
73
68
68
61
58
58_61
61
68
68
73
73
68
68
61
58
58_61
68
61
73
68
73
68
68
61_61
58
51
51
53_87_87
56
56_61
68
53
73
68
68
61
56
56_61
61_68
73
68
73
68
68
61
53
56_61
56
61_68
68_73
51
73
68
68
51
51
51_56
56_80_80
51
63
68
63
72
68_72
63_68
63
63_68
72
68
72
68
70
63_68
63
56
63
56
63_68_70
68
70
68_70_70
63
68
56
56
56_68
70
63_68
72
72
72
68_68
72
63
63
68
63
72
68_72
72
72
68
68
63_63
56
42_63_63
68_68
72_72
70
68
68
85
90
54
70
42_54_58
35_58_68_92
54_61_68
73
73
68
61
73
68
61
42
58
61
68
68
68_68_73
61
58
42_61
61_68
73
68
73
73_73
68
61_68
42_61
70
68
53
53
56
51
42
61
56
68
53
68_73
68
61
56
42
56
61
61
68_73
68
73
68
68
61
56
53
56
42
61_61
68_68
73
68
68
73
68_68
61
42
75
51_51
56
35_42_56
73_78_80
51_63
68
73_77
68
63
68
63
63
68
73
42_56_73_78_82
63
68
73
68
68
63
63
68_78
42_56_73_82_87
63
68
73
68
68
42
53
51
80
56
42_85
37_53
89
56
61
68
53
73
68_68
61
53_61
68
42_56
61_73
68
73
68_68
61
61
56
61
42_61
68
68
73
85
73
61_68
42_68
61
56
54_54
58_70
35_42_54_58_68_78_82
73
61_61
68
73_73
68
68
61_61
54
42
58_61
61_68
73
68
68_73
68
61
58
54
58
61
42_73_73
61_68
61_73
68
42
61
73
73
53_77_80
53
56
51
42_56
61_61
68
53
68_73
61_68
56
61_61
42
68_68
73
70
68
73
68
68
61
68
53_56
42
56_61
68
61
73
68
73
68
42_68
61
56
56
42
35_56_63
63_68
68
72_72
68
68
63
63
42_63
63
68
68
72
72
68
63_70_70
56_68
63
56_56
42_63
63_68
68
70
68_70
68_70
63
70_87
42_68
63
56
42_63_63_68
37_70
68
70
80
72
72
68
68
72
63
63_82
68
42_68
72_72
72_72
68_68
84
63
42_68
72
63
68_72
68
61
68
68
42
68
78
80
35_42_54_70
54_58
54
58
61_68
61_85
73
68
61_73
58
42
61
61_68
68_73
73
68
61
61_68
58
58
61_73
42_61_68
73
68
73
68
61_68
42_61
73
51_53
42
53
56_56
61
68
53
73
61_68_68
53
56
42_56_61
61
68_68
73
68
68
61
53
56
56_61
42_61_68
73
68
68
89
68
73_85
68
42_61_68
42_87
56_75
56
35_51
51
77
73
68_68
63_63
56
42_56_63
68
63
73
68
73
68_68
63_63
51
56_63
42_63_68
73
68
73
68
63_68
42
75
53_56
42_53
37_56_77
51_61
61
68
53
73
73
68
61_68
61
53
75
56_56
42_61
61
68
73
68
61_68
73
68
61
53_53
56
42_56
61_61_73
68
68
73
73
73_73
42_61
68
61_68
68
68
42_54
35_73
54_58
58
70
54_61_61
73
68_73
68
58_61_61
42
54
58
61_68
61
73
68
73
68
68
61
61
58_73
58_61
61_68
42_73
68
68
73
73
68_68
61
66
42
53
42_56_68
51
61
53
56
68
53
73
63
68_68
61_61
70
53
56_56
42_65
61_61
68
68
73
68_68
61
68
53
56
42_56_61
68
61
73
68
63
68
73
68
61
42
68
51_51
44_56_63
56
42_63
35_56
63
68
72
68_72
68
63
63
42
63_68
72
68
72
70
68
63
56
70
68
63
56
42_63
63_68
68
70_70
70
68
63
51_70
42_68
63
56
63
68
42_56_56_56_70
37_51
63
68
72
72
72
68
68
72
51_63
68
42_72
63
68_72
53
72
68
63
68_72
63
56
63
68
42
72
63
51_68
72
68
68
42_70
68
68
61
42
42_54_70_70
35_42_54
54_58_61
58_58_61
68
73
73
68
61_68
61
58
61_61
42
68
68_73
73
68
68
73
58_58
61
61
42_68
68
73
73
68_68
42_61_61
73
41
51
56_68
42_53_56_61
37_56_61
53
70
68
73
61_68
68
61
42_56
56
61
61
68
68
73
68
61_68
53
56
42_56
61_61
68
68
68
53_73
68
68
42_61
68_75
51
42_44
35_51_56_61
56_56
68
73
68
68
61
77
51
63
42_56
61_68
73
68
73
68_68
61_63
56
51
63
56_68
42_73
61
68
73
49
68_68
42
61
61_61_65_65
51
37_42_51_56_56
61
37
68
53
53
73
68
68
61
56
61
53_68
56_73
42_61
68
68_73
68
68
61
56
56
61
68
56
61_73
42_70
68
73
63_63
73
68
61_68
42_61
54_73
61_61_70
42_42_54_58_58_58_61_66
61
35
68
73
73
68
61_68
54
58
42_61_61
68_68
73
73
68
68
61
61
54_54
58_58
42_61_73
61_68
68
73
68
61_73
61_68
42
73
41_51
56_56_61_65_68
37_42_61
56
61
68
53
73
68
61_61_68
56
70
56
56_61
42_61
73
68_68
68
68_73
61
68
56
61
56
61
42_56_68
73
61_68
68
42_68_73
63
56
56_60_63
42_56_68
35_44_63
68
63_68_72
72
68_72
63
68
63
42_63_63
68
68
72
72
51_51
51_68_70
63_70
68
63
56
53_53
56
53_56_63
42_63
68
68_70
70
56_56
56
61
61_61_63_68_70
42_70
68
63
56
56_60_63
37_42_63_68
60_60_68
70_72
72
68_72
72
68
68
42
63
68
72
68_72
72
63_68
63
56
63_63
68_68
42_72
72
42_68_70
68
61
54
35_42_54_58_61_70_70
42_54
42
58
58_61
61
73
68_73
68
61
54
58
42
61
61_68
68
68_73
68
61
54
54_58
58_61
68
61
42
68_73_73
68_73
42_73
61_68
61
41_68
41
37_42
51_56
53_56_61_61
68
56
53
73
68
61_68
53
42
56
56
61
61
68_68
73
68_68
61_61
53
56_56
53
42_61_61
68_68
68
68
73
68_68
42_61
61
75
51_63_63
42_56_56_61_63
35
44_56_63
68_68
73
68_68
63_63
77
51
56_56
63
63
42_68
68
68_73
68
63
56
51
63
56_68
73
42_63
68
61
73
68_68
63
42
51
37_49_56
56_65
37_42_53
61
63_63
53
73
68
61_68
61
61_61
56
53_53_61
56_68
61
42
68
73
68_68
61
61
53
53
56_56
61
61
68
42_73
56_68
73
73
73
68_68
61
42
73
54
54_58
42_42_54_58_61_61_70
35
58_68
73
73
68_68
61_61
58
58
58
42_61_61
68_68
73
73
68_68
61
58
54
54_58_73
58
42_61_61
68_68
73
68_73
68
61
42_61
53
61_68
41_53_56_56
37_51_61
42
68
53
70
68_73
61
68
61
53
56
61
70
42
61
56_68
68
68
68
68_73
61
68
53
56
56
61
42
61_68_68
73
73
68_73
68
42
70
68
80_80
44_56
42
63
35_56_68
75
63
72
72
72
68_68
63
42_56
63
68_75_75
68
72
63
68
68_70
63_70
56
68
63
56
46_56_63_72_72
63_68_68
70
70
70
63_68_70_73
70
68
63
38_56_63
56_68_70
63
68
40
68_72_72
72
68_72
45_72
68
63
44
68
63_72
68
72
80
72
68
43
63_72
80
60_60
56
46_63
44_68
38_60_63_68
68_72
72
40
68_72
63
82
54_54_58_82
61_66
30_49_58_58
35_61_61_73_78_82
66_66
66_70_70
70
82
66_70
61
42_66
66
70
70
61
66_70
61
58_66
70
54_61
58
42_61
61_66_70
66_82
66_70
70
70
66_82
66_70
61
58
66_70
58
80
46
38_61
58_65_66_68
61
54_70
66
70
70
66
30
80
42
58_65_68
61_61
66
66
70
70
80
70
66_70
61_66
65_68
58
61
58
54
54
58
34_61
42
58_66
70
61
66
70
70
65
70
66
61
49_61_61
80
56_65_65_73_77_80
37_49
42
35
49_61
65
56
61
65_73
73
77
61_65
42
61
65
73
75
73
73
73
65
65
61
61
75
77
42
61_61
65_65
73_73
63_63
65_73
73
61
65
56
61
49
61
42_49_61_61_73
38
56
25_53
53_56_61_61
65_65_73
73
73
73
65
51
49
53_65_77
46
56_61
29_53_65
65_65
61_73
65
73
45_73
73
65
61_65
61
53
49
38
68_80
56
32_53
40_56_56
65
73
65
68_68_73
68
70
70
61
56
70_70
53
58_73_77_77_82
49_82
35_53_58
53_61_65
58
34_61_70
65
70
42_61_61
65_77
70
70
70
70
65
61_65
61
53
58
61
42
65
61
65_70
70
70
65
70_77
65
51_80
56
51
56_56
38_42
63_68_75_80_84
32_51_63_68
72
80
72
72
42_63
68
63_68_77
72
72
75
72
68_72
68
63
56
63
63_68
42_68
72
72
72
63_68
54_58
42_49_54_58_73_78_82
30_35_61
82
54_61_66
66
70
70
73
73
58
42_54_85_85
61
61
70
66
66
61_70
80_80
54
58
42
61_61
66_66
70
70
70
66
70
66
61
42_61
49_58_58
46_61_61
38_66
37_66_73_78_82
70_70
51
70
66
45
54
58
49
61_61
45_66
66
70
70
37
70_70
66_66
61_61
58
58
58
61
38_61
46_66_66
82
34_70
70
40
44
70
66
70
66
46
61
54
58_66_70
54_58
61_82
61
35_49_66
42_66_70_73_78_82_82
70
30
82
66_70
42
54
58
61
66
42_66_70
70
70_70
66
66
61
61
58
58_58_82
61
42_61_66_70
66_66
70
70
70
70
66_72
42
84
82
65_70
56
51
56_63
42_68_80
38_63_63_68_72
68
72
80
56_65_65
63_63
46
68_68
70
65_68_70
82
65_70_70
68
45
68_68
56
44_51_56
38_40_63
68
68
32_63
72
72
61
70
65
70
46_46_53_61_70_70_73_82
34_77
65
53_61
35_65_70
53_70
46_49
77
61_65
75
44
73
65_73
63_66_75
64
63
77
65_68
72
63
61_70
51
72
51
70
56_80
32_44_51
56
51
63
68
68
75
75
75
77
75
73
73
73
73
54
58
78
61
68
54_58
80
68
73
58_68
61
68
68
61
58
61
68
68
68_73
53
56
61
75
68
53
56
68_68
61
61
68
68
61
53
56
61
68
68
38
51
56
61
40
68
51
68
48
51
44
56
61
44
68
44
68
43
44
56
44_44_61
38_41
68
44_56
68
58
61
44_56
73_77_80
37_49_56
44_49_53_61_65_65
35_38_40_61
68
49
45_49
61_68
32_43_44_44_63
53_56
61
68
65
34
46
32
43
44_61_63_68
41_44
53_82
56
56_61
37_61_65
49_68
35_41
32_61_68
56
54
66_70
54
61_82
61
49_66_73_78_82
35_66_66_70_82
42_49_58_61_70
30
58_58
82
66_70
54
61
66
66_70
42_70
70_70
66
66
61
61
58_82
61
61_66_70
66_66
70
70
42
70
70
66_72
84
82
65_70
56
51
56_63
68_80
42_63_63_68_72
68
72_75
72_80
80
38
80
56
63_63
68_68
70
65_68_70
65_65_77
42
82
65_70_70
68
45
30
56
56
38_63
68
68_68_68
63
40_80
44_72
32_51_72
61
70
65
70
46_53_61
58_73_77_82_82
65
35_61
65_70_70_70
58_70
34_49
53
46
77
61_65
75
73
65_73
63_66_75
64
63
77
65_68
72
63
61_70
72
51
70
51
80
56
32
49_55
63
68
68
75
75
75
77
75
73
73
73
54
58
54
68_73
68
61_61
68
54_68
61
58
73
73
68
61_68
61
58
68
61
54_73
58
61
73
68
68
61
51
53
56_56
53
68_73
68
61
61
56
61
68
53
56_73
73
68
68
61
53
56
61
53_56_68
73
61
73
68
68
61
61
51
56
51_56
73
68
63_68
63
80_80
63
68
56
73
63
73
68_68
63
56
63
68
51_56
73
63
73
68_68
63_63
51
53_56
56
61
53
73
68_68
61
61
56
61
53_68
56
73
61
73
68
68
61
53
56
61
56
68
73
61
73
61_68_68
61
59
51
54
58
54_61
58
68
61
73
73
68
68
61
58
61
54
68
58
61_73
73
68
68
61
58
61
54_68
73_73
58_73
61
73
68_68
61_61
58
51
59
51_53_73_73
56
56
61
53
73
68_68
61
53_56
61
56_68
73
61
73
68
68
61
53_56_61
56_68
61
73
73
68
68
56_63
51_59
56
63_68
68
72
63
72
72
51
63
68
70
61
68
70
63
63
44
63_68
68
56_56_72
63
72
51
49_51
56
49
49
51
37_53
53
56
56_61
56_56
37_61_61_65
61
51_55
65
56
53_65_73
73
