43_62_62_69_71
69
71
69
71
62
69
69
67
67
43
43
43
43
62_62_71
71
69_71
62
72
72
72
72
74
74
67
67
43
74
74
69
40
69
74
74
74
71
69_71_71
40
40
69
69
40
67_67
40
69
74
74
74
71
71_71
72
72
72
72
71_71
67_67
40
71_71
60_69
60
60_67_67_67
69
41
69
69
69
71
71
60
60_67_67
71
71
69
65
65
69
65_72
72_72
65
69_69
72
41
41
60
67
69
41
41
69
65
65
69
65_72
72_72
65
69_69
72
41
77
72
69
45_69_72_77_77
72
69
77
69
72
77
72
69
45_69_72_77_77
72
69
77
69
72
77
72
77
69_69_72
69_69_72_72
69_77
69
48_72
77_77
77
72
77
72
77
69_69_72
69_69_72_72
69_77
69
48_72
77_77
77
72
76
72
67
67
67_72_76_76
72
48
76
72
67
67
67_72_76_76
72
48
48
76
72
76
72
67_67
76
72
67
48
76
72
76
72
67_67
76
72
67
55
71
81
71
62
69_69_69
43
62
36_62
71
59
81
36
69_69_69
67
67
42
42
43
36_43
36
43
43
36
36
71
71
62
62
62
71
59
72
60
72
72
60
72
42_74
62
74
42
55
67
67
43
74
74
62
71
71
55_71
74_74
36_40
62_69
74
69_69
59
36
40
40
36
36
69
69
40
67
67
36_40
42
36
42
71
71
71
74_74
74
62
69
59
36
60
72
72
36
60_72
72
42
59
71
71
42
55
67
67
40
71
59
53
69
60_71
69
60
67
67
36_60_67
69
41_57
36
69
69
57
71
59
71
60
67
60_67
71
59
71
65
65
72
42_69_69_72_72
65
69_72
65
69
60
42
41
36
41
36
60
67
69
41
36
41
36
53
65
65
72
69_69_72_72
65
69_72
65
69
60
41
77
69
72
77
60_72
77
69
36_69_77
72
65
45
69_72
36
42
42
77
69
72
77
72
77
69
69_77
72
45
69_72
65
69
48
72
69_69_72_77
69_72_77
69_72_77
36_65_72_77
69_72_77
77
36
69
48
72
69_69_72_77
69_72_77
69_72_77
72_77
69_72_77
65
77
76
67
76
48_76
36_64_72
72
67_72
67
36
76
67
76
48_76
72
72
64
67_72
67
67
67
76
36_42_72_72_76_76
64
67
72
48
36_42
60
67
67
76
72_72_76_76
67
64
72
48
36
67
74
49
43_71_71_74
67
71_74
67
36
49
43
43
36
36
43
43
36
36
40
40
40
40
40
40
38
38
67
74
71_71_74
67
71_74
67
43
42
59
62
36_67
43_49
67
62
59
59
67
62_67
42
36
49
67
67
67
67
42
67
67
42
67
42
67
67
67
43
42
43
43
67
67
67
43
67
43
42
43
42
59
62
62
59
59
62
67
43
67
42
62
67
36
67
59
43
42
36
67
67
69
69
42
42
69
69
43
71
71
42
43
42
62
59
43
71
71
60
64
36
42_60_64
60
69
69
43
43_64_69
69
36
42
43
42
42
64
69
69
67
67
43
67
67
43
64_64
42
42
43
64
42
43
43
42
43
42
43
42
43
60
60
60
64
69
69
64
64
64
72
42
36_72
67
42
36
43
72
72
72
42
43
72
42
64
72
67
43
72
72
42
43
69
43_66
72
66_66
74
69
72
69
42
43
66
74
72
69
71
42
71
62
43
67
42
43
72
43
69
66
72
66
69
71
36
42_43_62_67
67_71
62
36
42
71
71
67
69
69
69
69
42_67
67
42
67
42
43
42
43
43
67
42
67
67
43
43
42
43
62
71
62_67
67
67
43
71
36
43_67
42
71
62
36
42
62_67_71
71
67
71
69
42
69
42
69
69
43
67
42
67
43
42
43
62
67
67
36
43_64
64_69
48_60
64
60_69
60
69
42
69
36
43
42
42
42
64
64
69
69
69
67
67
48
67
48
64
42
67
64
64
42
60
48
64
48
43
60
42
43
42
60
60
42
43_60
42
43
64
60
69
64
64
60
62
36
42
62
36
42
48
62
62
42_62
48
62
42
62
62
43
42_64
64
43
42
64
64
66
66
48
43
42_50
43
42
66
66
50
67
42
62
59_62_67
36_59_67
43
67_81
59
62
42
36
81
67
67
67
67
42_67_67
42
67
67
42
43
67
67
42
43
43
67
67
43
43
67
42
67
43
42
62_67
59_62
59
59
62
67
43
67
67
62
67
42_67
59
36
43
42
36
67
67
69
69
42
42
69
69
71
71
43
42
43
42
62
59
43
71
71
64
60_60
69
64_69
43_69
42
43
64
36_60
69
43
42
36
42
42
64
69
69
67
67
43
67
67
42
64_64
43
42
64
43
43
43
42
43
42
43
42
43
42
60_60
64_69
69
60
64
64
67
64
72
72
36
42
36
42
43
72
72
72
42
72
43
42
67
64
72
72
43
43
66
69
66_74
42_43
72
69_69
72
72
66
42_43
66
74
69
62_72
67_71
42
43_71
42
43
43
69
66
72
69
72
66
42_71
43_62
67_67_71
36
62
42
36
67_71
71
69
69
69
69
42
67
67
42
67
42
43
42
43
71
43
67
67
67
67
43
43
42
43
42
62
67_71
67
67
43
36
67
71
43_71
42
62
36
42
62
62
67
71
71
69
69
42
42
69
69
67
43
67
42
43
42
43
62
67
67
60
42
69
36_43_48_60_60_64_69
64
64
69_69
42
36_43
42
42
69
64
69
67
67
48
67
64
67
42_48_64
42
60
69
64
64
48
60
43
42_48
43
42
60
43
42
60
43
42
60_60
64
69
64
60
42
36
62
62
42
36
48
62
62
42_62
62
48
42
62
62_64
64
42
43
40
42
43
40
64
64
40_66
66
40
48
38_50
42
43
38
42
43
66
50
66
67
59_62
42_62
62_67
67
59_62
67
36
59
43
67
42
36
67
67
67
42
67
42
67
67
67
43
67
42
43
42
43
67
67
67
42
43_67
43
42
43
59
62
62
59_62
67
59
67
67
43_67
62
71
67
42_43
71
36
42
36
71
71
42_71
71
42
71
71
43
71_71
42
43
42
62
67
43
71_71
42
60
43_64_64_69
36
43_64
69
69
60_60
69
42
36
43
60
42
42
64
69
69
67
67
43
67
67
64
64
43
42
42
64
43
43
43
42
43
42
64
43
42
43
42
60
69
64
69
60
64
36
72
64_67_72
42
36
42
43
72
72
43
42
72
72
42
64_67
43
42_72
72
74
69_74
43
69
69
74
66_66
66
43
74
42
43
74
69
66
74
67
71
43_62
71
42
43
42
69_74
43
69
74
66
66
36
67
71
62
43_62
42_67
71
36
42
67
71
71
69
69
69
69
42
67_67
42
67
43
42
43
42
43
67
42
43
67
43
67
42
43
62
67
71
67
71
67
43
67
42_67
71
36_62
43
71
42
36
62
62
67
71
71
42
69
69
42
69
69
43
67
67
42
43
42
62
43
67
67
69
69
60
48_60
42
43_64
36
60
64
69
64
69
42
43
36
42
42
69
64
69
67
67
48
67
42
64
64
67
48
42
69
60
64
64
48
48
60
43
42
43
42
62
67
60
43
42_60
43
42
69
60
60
64
64
60
62
62
36_42
36_42
48
62
62
62
62
42
48
42
62
62
43
42_64
64
43
42
64
64_66
66
48
50
43
42
43
42
66
50
66
67
62
59_62
59
36
67_67
43
42
67
62_67_81
59
62
36
42
81
67
67
42
67
67
42
67
67
42
67
43
67
42
43
43
67
67
67
42_43
43
67
42_43
62
59
59
67
62
59
62
67
67
43
67
43
36_71
67_71
62
42
36
42
71
71
42
74
74
42
67
62
74
43_74
42_76
76
43
42
43
76
76
60_64
64
69
36_42_60_69_69
43_64_69
43
60
36_42
43
42
42
69_69
64
67
67
43
67
64
67
43
42
64
42
64
43
42
43
43
42
43
64
69
42
43
42
43
60
60
64
69
60
64
72
36
64
67
67_72
64
72
42
36
42
43
72
72
42
43_72
72
42
64
67
72
67
64
43_72
72
74
74
43_69_69_69_74
42
43
74
66
66
66
42
43
74
74
74
43
74
42
43
42
43_69_69_69
74
66
66
74_74
66
74
71
67
67
62_62_67_71_71
42
62
43
71
36
42
36
42
42
71
42
43
42
43
71
67
67
71
43
42
43_67
43
67
42
43
62_62
62
67
71
43_67
42
67
36_71
43_62_71
67
42
36
67
62
71
71
67
42
69_69
42
69_69
67
67
42_43
42_43
43_62
67
67
40
42
66
66
36_43_51_62_62_66
71_71
62
71
71
42
36_43_51
40
71_71
71
71
40_69
36
51
69
76
69
36
51
66
62_62_66
40
69
36
66
40
69
51
66_69
62_62
69
36
51
76
43
78
43
66
66
62_62
69
78
43
79
43
79
81
66
62
69
69
38
69
69
38
69
69
43
69
69
43
69
69
43
69
64
73
73
43
81
74
40
73
45_64
69
49
69
73
42
36
64
49
42
36
69
73
73
71
74
71
76
71
71
69
42
69
42
69
38
42
38
42
45
45
42
42
64
73
69
69
73
45
36_45
42_61
64
36
42
64
64
45
42
45
42
38
42
38
42
42
42
69
76
61
64
45
62
62
45_62_66
36_66
74
66
66
42
36
42
66
66
74
69
76
42
69
42
66
69
66
69
76
69
78
42
38
69
42
38
62
62
45_62
69
78
69
64
69
42_71
69_76
64_69_71
45_71
36
64
71
42
36
71
73
45_71
73
73
42
45
42
64
69
69
64_69
71
64_71
73
45
42
38
45
42
38
42
42
69
69
76
45
69
69
74
36
66_74_74
42_45_66
69
74
69
69
66
36
42
74
74
74
74
42
42
74
74
74
74
76
42
76
38
42
38
66
45_66
69
69
69
66
76
76
64
73
64_69_73
69
69_73
64
36_45
42
73
36
42
73
73
69
71
71
45
71
71
69
69
45
42
42
69
69_73
73
69
45
38
42
45
38
42
64
64
64
69
42_64_64
42
64
64
45
64
64
42
64
64_64_66
61
66
61
36
42_66
61
66
42
36
66
45
66
42
42
69
69
42
45
69
69
49
38_42_69
69
38_42
64
64_64
61
61
66
66
61
49
69
69
36_71
71
71
42_67
62
62_62
43_71
67
67
36
42
43
45
42
42
45
47
42
38
42
38
71
67
62
62_62
71
67
67
47
42
36_42_62_69_69
62
71
62_69_71
36_42
71
71
42
73
42
43
73
42
69_69
69
73
43
73
42
73_73
45
38
42
38
62
62
62
71
71
73
73
45
40_69
42_64
69
71
69
71
64_71
71
36_64
42
36
40
42
47
42
47
38
42
40
38
42
69
64
69
69
64_71
71
64
40
59
42
69
52_62_69_69
36
64
62
59
42
36
71
71
41
41
69
64
38
66
66
78
38
59
69
52_62_69
62
59
66
66
78
40
38
69
81
69
38
38
38
69
81
69
78
38
66_66
38
78
66_66
73
64_69_73
88
40
45
49_73
36_69_73
64_69
42_64
49
36
42
73
69_73
71
71
71
71
69
69
42
42
69
42
38
42
38
45
42
45
42
64
73
69_73
64_69
64
45
64
61
36_45_61_64_64
42_61
36
42
88
42
86
42
86
42
86
38
42
38
86
85
42
42
64
69
64
61
61_64_64
61
45
85
64_66
62
36_42_62_62_66
66_66
90
45
36_42
66
66
69
69
42
42
69
69
66
38
42_66
38
42
62
66
62_62
66
45
90
66
66
45_69
69_71
36
69_71_88
42_64_71
64
64
71
36
42
42
42
45
71
71
42
45
73
73
42
45
73
73
42
38
45
42
38
71
71
42
42
69
69
69_88
64
64
64
45
42
74
69
66
69
69
66_86
45
74
36
74
74
66
42
36
74
74
42
74
74
42
74
74
42
73
73
38
42
38
69
66_74
69
69
66
45
86
74
66
73
73
73
69
76
76
76
36_69_73
42
73_76
45_69_88
36
42
42
42
73
76
76
45
73
42
73
45
42
73
45
38_42_45
38_42
69
69
76
76
73
69_73
73
64
42_64
42
64
64
64
64
88
45
64
36
66
64
42
42_64
61_61
61_64_66_85
64
66
66
36
42
66
42
66
45
42_69
69
42
45
69
69
66
49
42
66
38
42
38
64
61_61
61_64
64
66_85
66
66
49
66
71
67
62_71
36
43_62_71
83
42
67_67
71
62
36
42
71
71
69
69
43
69
69
71
45
42
71
42
71
71
69
69
67
62
62
67_67
71
62
71
45
69
69
38
66_66
47
42
38
42
47
66_66
69
62
42_62_69_69
36
69
42
62
36
42
42
42_43
42
69
69_69
69
45
43
71
42
38_71
42
38
62
62
62
45
64
69
64
40_42_69
69
36
64
42
36
71
71
40
42_47_73
42
47_73
40
38
73
42
38
42
64
69
64
69
69
64
40
73
73
68_71_73
71_73
42_52
68_71
68
76
42
73
41
36
42_49
73
41
36
42_49
52
76
73
78
38
76
54
38
78
83
54
56
38
38
38
38
73
73
76
78
83
38
85
83
38
85
86
86
68_71
71_88
68_71
68
56
78
78
90
78
74
36
69_69_88
69
49_74
42
78
50_74
78
36
49
42
78
78
78
50
42
78_78
38_78
42
78_78
78
78
42
38_78
78
42
38
74
69_69
69
74
74
78
38
78
78
78
74
69_74
69_78
74
42_69_78_78
78
38
42
42
36
42
36
78
74
78_78
69_78
38
69
42
80
38
80
80
74
80
42
42
38
42
38
90
74
69
69
74
69
80
38
80
80
80
74
73
36
81
81
73_76_81
45_46_81
85
73
76_76
36
46
42
42
73
81
81
73_76_81
45_81
73
76_76
45
61
42_69
61
61_64_64_76
64
69_69
42
38
42
38
42
45
45
42
42
36
42
36
42
45
42
45
42
76
45
42
38
45
42
38
69
69_69
69
42
69
42
85
61
61
61_64_64
64
45_69
69
50
74
49
69
66_74
74
42_66_69_86
66_69
74
36
49
42
36
74
74
74
74
74
74_74
74
76
76
38
38
50
69
66
66_69
66_69
86
76
76
71
49_68
68
85
73
68_73
64
73
64
64
36
71
71
73
36
73
73
71
41_69
69
41
71
73
71
73
38
40
38
40
40
40
68
68
68
64
64
64
69
69
38
64
64
38
64
64
64
64
49
85
64
36
64
81
64
61_66_66
61
61
42_64_66
49
66
42
64
36
42
49
66_81
66
69_83
42_69
42
69
69_83
38
42
69
69_85
38
42
64
61
61
61
64_66
66
42
64
69
71
36_67_69
83
62
62_67
85
62_67_71
71
71
43
42
36
42
71
71
71
71
43
38_42
42
71
71
38
38
42
43
38
42
67
62
62_67
62_67
43
42
69
62_69
49_62
62
42
36
69
42
49
36
83
42
42
38
81
42
38
81
42
38
80
42
42
38
69
62_69
62
62
69
42
80
49
64
42
40_69
36_64_69
69
76
64
49
42
36
71
71
64
40
69
64_69
69
76
64
59_62_67_67
49_62_67
59
67
43
36_59
62
42
49
36
42
67_67
67
42_67
67
42
67
67
42
67
67
43
42
43
43
67
67
42
43
67
43
67
42
43
59_62
62
59
67
59
62
43
67
67
36
67
42_62
43_59
67
36
42
67
67
69
69
42
42
69
69
71
71
42
43
42
43
62
43_59
71
71
64_69
64_64
36
43_69
42_43
60_69
60
69
60
36
42_43
42
42
64
69
69
67
67
43
67
43
67
64
42
64
42
43
64
42
43
43
42
43
69
64
42
43
42
43
64
60
60
69
60
64
72
42_64_72
36
67
42
36
43
72
72
72
43
42_72
42
64
67
72
43
72
72_72_74
66
43_69
69
43
66_69
72
42
66
43
42
72
74
66
69
71
43_62_71
67
42
43
42
72
43
69
66_69
72
66
42
62
62_71_71
67
67
43
36
42
36
71
71
67
69
69
69
69
67
67
42
42
67
42
43
42
43
67
43
43_67
43
67
42
43
42
62
62
71_71
67
67
67
43
67
71
42_43
62_67
71
36
42
36
62
71
67
71
69
69
42
42
69
69
42
43
67
67
42
43
43
62
67
67
64
60
36
42
69
43_60_60_69
64
48
69_69
64
36
42
43
42
42
64
64
69
69
69
67
67
48
67
42
48
64
67
64
64
42
60
48
64
48
42
60
43
42
43
60
43_60
60
42
43
42
60
69
64
64
64
60
36
62
62
42
36
42
48
62
62
62
62
48
42
42
62
62
64
64
42
43
42
43
64
64
66
66
48
50
42_43
42_43
66
66
50
67
36
43_59
42_62_62_62_67
59
59_67
67
36
42
67
67
67
42
67
67
67
42
67
67
43
67_67
42
43
42
43
67_67
67
43
43
42
67
43
42
67
59
62_62_62
59
59
67
67
43
67
62
59
42_43
67_67
36
42
36
67_67
69
42
69
42
69
69
42
43_71
71
42
43
62
59
43
71
60
64_71
60
43_64_69
69
42_43_60
69
64_69
36
42_43
36
42
42
64
69
69
67
67
43
67
67
64
64
42
43
42
64
43
42_43
43
42_43
69
64
42
43
42
43
60
60
60_64
69
64
64
67
42
72
36
72
42
36
43
72
72
72
42
43
72
42
64
67
72
43
72
66
74
43_72
72
69
43_72
66_69
42_69
66
43
42
74
72
66_69
42
71
43
62
71
67
42
43
66
43_72
69
72
69
66
62
43_67
42_71
67
62_71
36
42
36
71
71
67
69
69
69
69
42
67
67
42
67
42
43
42
43
43
67
71
67
43
67
67
42
43
43
42
62
71
67
67
67
43
67
71
36_43_62_71
42
36
42
62
62
67
71
71
69_69
42
42
69_69
43
42_67_67
43
42
43_62
67_67
42
43
48
60
36_60_64_64_69_69
69
69
60
64
42
43
36
42
42
69
69
64
67_67
48
67_67
64
42
64
48
42
60
64_69
64
48
60
43
48
42
43
42
60
60
43
42
43
42
60
64
60_69
64
60
42
62_62
36
42
36
48
62_62
62
48
42
62
42
62
62
43
40_42_64_64
43
40_42
64_64
66
66
40
40
48
38
43
42
50
38
43
42
66
66
50
67
67
36_67
59
62
59_59_62_67
62_62
42
67
43
36
42
67
67
67
67
42
42
67
67
67
67
43
42
43
42
43
67
67
67
43
67
43
42
43
42
59_67
62
59_59
62_62
67
67
43
67
71
36_42_62
71
43
67
36_42
71
71
71
71
42
42
71
71
71
71
43
42
43
42
62
43
67
71
71
42
60_69
64
43_60_60
36_64
69
64
69_69
43
42
36
43
62
60
42
64
42
64
69
69
67
67
43
67
67
42
64
64
43
42
43
64
42
43
43
42
43
64
42
43
42
43
60_69
60
64
69
64
67
42
72
36
72
64
42
36
43
72
72
72
42
43
72
42
67
72
64
43
72
74
66
74
74
42_43_43_66_69
69
74
69
66
42_43
74
66
74
69
62
42
71
67_71
43
42
43
64
43
74
66
69
74
69
66
42
36
43
71
67
71
62
62
62
67
42
36
71
67_71
69
69
69
67
69
67
42
42
67
42
43
42
43
43
67
43_67
42
67
43
42
43
62
71
67
71
67
43_67
67
67
71
71
42_43_62
36
42
36
62
62
67
71
71
42
69
69
42
69
67_69
67
42
43
42
43
43_62
67
67
60
43
64
60
64_69_69
64
36_42_69
60
48
69
43
36_42
62
64
42
42
64
69
69
67
67
48
67
42
67
48_64
64
42
69
64
60
48
64
48
43
42
60
43
42
67
60
42
43
60
42
43
60
60
64
69
64
64
42_60
62_62
36
42
36
48
62_62
62
42_48
62
42
62
62
64_64
42
43
42
43
64_64
66
66
48
50
43
42
43
42
66
66
50
67
59
42
67
62
36_43_67_67_67
62_62_62
59
59
42
36
67
67
42
67
67
42
67
67
67
43
42
67
43
42
43
67
67
67
43_67
43
42
43
42
59
62
62_62
59
67_67
59
67
67
43
36_43
67_71
62
42
71
36
42
71
71
74
42
74
42
67
62
74
74
43
76
76
42
43
42
43
76
76
60
60
36_43_64_69
69
43_60_69_69
64
64
42
36
43
42
62
42
64
42
69
69
64
67
67
43
42
67
43_67
64
64
42
43
64
42
43
43
42
43
69
64
43
42
43
42
60
60
60
64
69
64
64
67
64_72
67
36_42_72
76
36_42
43
72
76
43_76
72
42
42
64
67
64
67
72
43_76
72
42
66
69_74
43_69_74_74
43_66
66
69
74
42
43
74_74
74
42
74
43
42
43
64
66
69
43_69
66
66_74
69
74
74
74
67
67_71
42
62
62
36_67_71
62_62
43
71
71
42
36
42
42
71
43
42
43
42
67
67_71
43
71
43_67
67
43
42
43
42
62
62
62_67_71
43_67
67
42
71
43
36_71
62
67
42
36
71
71
67_69
42
69
42
69
69
43
42
67_67
43
42
67
43
62
67_67
36_40_71
43_66_71_71
62
62_66
51_71
42_66
62
36
43
51
42
62
40_71
71_71
62_71
66
62
51_66
36
69
69
40
69
51
36
66
62
62
66
40_69
36
69
51
62_66_69
66_69
40
62
36
51
78
43
43
62_66
69
78
79
43
43
79
81
66
62
69
69
66
62
38
69
69
38
69
43_69
69
69
43
69
69_69
64
43
73
73
43
81
74
40
73
36
64
69
45_49
42
73
69
64
36
49
42
69
73
73
71_74
76
71
71
71
42
69
69
42
69
42
38
42
38
45
42
45
42
64
73
69
73
69
45
36_64
42
61
45
36
42
64
64
45
45
42
42
38
42
38
42
42
42
76
69
64
61
45
62
66
66_74
36_45_66
62
66
62
42
36
42
66
66_74
76
42_69
69
42
66
69
76
69
69
42
78
38_69
42
38
62
45
62
66
62
69
69
78
71
64
42_45
71
64
36_76
64_69
71
69_71
69
42
36
71
45
71
42
45_73_73
42
64
64
71
64_69
71
69
69
45_73_73
38
45
42
38
42
42
42
69
69
76
45
69
69
74
66
36
66
66_69_78
69_74
42
69
74
45
36
42
74
78
42_74_78
42
74
74_78
76
42
76
38
42
38
66
66
66_69
69
69
45
74
76
76
69
36_42
64
73
76
45_64_64_69
69
73
73
36_42
69
73
76
73
71
45
73
45
71
69
42_69
42
69
69
73
73
45
69
42
45
38
42
38
64
64_64
69
42
64_64
42
64
64
45
64
64
42
61
66
64
66
66
36_42_61_64
61_64
66
42
36
66
42
66
42
45_69
69
42
69
69
45
38
69
49
69
42
38
42
61
64
66
61_64
61_64
66
69
49
69
43
67
67
36_62
42_71_71_71_71
62
67
62
36
42
43
45
42
42
45
47
42
38
42
38
67
67
62
71
62
67
62
47
36_69
62
71
42
42_69
62
62_69
36
42
71_71
71
42
43
73
42
73
42
69
69
69
43
73
38
73
42_45
73
73
38
42
62
62
62
71
45
73
73
69
69
71
76
42_64_64_69
64
36
71
40
71
42
36
40
47
42
42
47
40
42
38
42
38
69
69
64_64_69
64
71
71
40
59
62
69
52_69
42_64_71
69
36
64
42
36
71
76
41
41
64
69
78
66
66
38
38
59
62
69
52_69
64
78
66
66
69
38_81
69
40
38
38
38
71
69
81
69
66
38_66
78
38
66
66
78
88
69_73
64
73
40
73
45_69
73
64
49
42_69
36
64
49
42
36
69_73
73
71
71
71
71
69
69
42
42
69
38
42
38
42
45
45
42
42
64
73
69
73
64
69
64
45
64
64
36_42_45_64
61
61_61
36_42
88
86
42
42
86
38
42
86
38
42
86
85
42
42
69
64
64
64
61
45_61_61
85
36
62
66
42_66
45_66
62_66
62_90
36
42
66
66
42
69
69
42
69
69
66
42
38
66
42
38
62
45
66
62
62_66
90
66
69
66
69
71
36_64_88
64_64_71
45
71
42
71
69
36
42
42
42
71
45
71
71
73
45
73
42
42
73
45
73
38
42_45
38
42
71
42
42
69
69
64_88
64_64
69
45
66_69
66
69
66_69
45_86
74
42_74
78
74
36
42
36
74
78
42
74_78
42
74_78
38_76
73
42
38
42
66_69
66
69
66_69
45
86
74
74
76
73
73
36_45_76
69_69_76_76_88
69
73_76
42_73
36
42
42
42
73
45_76
76
45
42_73
73
42
45
73
45
38
42
38
42
69_69
69
76
73_76
73
73
64
42
64
42
64
64
64
64
88
45
64
66
64_85
66
64
36
61
42
64_66
61_64
66
61
42
36
42
42
66
66
45
69
42_69
42
45
69
69
66
42
38
66
49
42
38
64
66
85
61
66
64
61_64
61
66
66
49
71
71
36
67
62
42_62_67_71
43_62
67_71
83
36
42
71
71
69
69
43
69
69
71
42
71
45
42
71
69
71
69
67
62
62_67
62
67_71
71
69
69
45
42
66
47_66
38
42
38
47
66
66
42
69
36
42_62_69
69
62
62_69
42
36
42
43
42
42
69
69
69
69
43
45
42
71
38_78
42
38
62
62
62
45
40
42
36_64
64
64_69
69
69
42
36
71
78
40
73
42_47
42
73
47
73
38_42
40
38_42
64
64
64_69
69
69
73
40
42
68
68_71
73_73
71_73
68_76
71
52
42
73
73
41
49
36
42
41
49
36
42
76
73
52
38_54
76
78
38
54
78
38
83
56
38
38
38
73
76
78_83
38
83_85
38
85
86
88
68
68_71_86
73
71
68
71
56
78
88
50
69
78
49
69
78
74_78
36_74_90
42
69
74
78
49
36
42
50
78
78
78
38_42_78
42
42
38
42
38
69
69
78
74
74
69
74_78_78
38_78
78
69_74
36
38_42_74_74_78
78
78
69
69
36
42
42
42
78
38
78
80
80
42
38
42
42
38
42
38
90
69_74
74_74
78
78
69
69
80
80
38
81
76
76
36_88
45_46_73_76
81
73
81
81
73
36
46
42
42
81
76
45
73
81
69
42
61_64
45_69
42
76
73_76
81
81
73
38
42
38
42
45
45
42
42
69
69
69
64
64
36_42_61_61
69
36_42
45
71
42
71
45
42
61_64
71
71
42
73
38_73
42
38
88
69
69
73
73
66_74
69_74
74
42_66_86
69
69
74
36
66
42
36
45
45
42
42
64
64
61_61
74
74
73
42_73
42
74
74
73
73
71
42
38_71
66
69
66
69
69
66
42
38
86
45
71
71
42
66
62_69
69_81
45
62_66
66
36
69_69
62
42
36
45
42_45
42
69
69
71
42
71
42
71
71
38
73
42
73
38
42
66
62
62_66
66_69
81
62
45_69
73
85
73
64
45
69_73
73
42_49_64_69_73_73
64
69
36
42_49
36
42
42
64
45
69_73
73
64_69_73_73
64
69
38
61_69
69
57_64
38
85
61_69
69
57_64
62
62_66
59_66_66
54_66_78
36
62
59
59
36
41
41
62
62_66
59_66_66
54_66
62
78
59
59
64
61
76
40_64
38
52_57
40
38
40
40
38
83
38
83
85
86
85
86
88
64
61
64
76
52_57
78
36_49
74_78
69_69_74
50
78
42
69
78
74
88_90
36_49
42
78
50
78
78
38_42_78
42
42
38
42
38
74
78
69_69_74
69
78
74
78
38_78
36
78
74
78
69_69_69_74_78
42_78
38_74
36
42
78
78
38
42
38
78
78
42
78
78
42
80
80
38
42
38
90
74
69_69_69_74
74
78
78
38
80
80
73
81
73_81
49
36_42_45_76
73_81_81
76
76
85
49
36_42
81
45
73_81
76
64
45_61_69
69
42
42
38_42
38_42
73
81
73
76
81
76
45
61_64_69
61
36_64
69
42_45_49
36
42_49
69
42
42
45
42
45
42
64
61
69
71
38
42
71
38
42
42
42
71
71
73
73
85
61_64_69
61
64
69
45
73
73
69_74
42_66_66
69
74
36
49
50_74
74
69
66
86
42
36
49
74
74
74_74
76
42_74_74
76
42
76
76
74
38
42
74
38
42
69
66_66
69
50
74
69
74
66
74
86
49_74_74
64
49
74
68
42_68
36_68
74
64_74
64
85
49
42
36
74
74
42
73
73
42
73
73
71
41_71
41
41
41
41
74
41
74
71
71
69
41
69
41
64
49
68
68
68
64
64
85
69
69
64
61
36_42_61_66_66
61
66
49
64
64
66
81
36
49
66
66
69
81
69
83
69
69
69
83
38
69
85
38
64
42
61
61_66
61
64
64
66
69
69
62
67
71
85
67
43_62_67_71
62
36_71
71
83
36
71
71
71
71
71
71
71
42
71
42
43
38
42
42
38
38
43
42
38
42
62
67
67
62_67
62
43
62_69
62
42_69
42
69
62
42
36
49
36
49
71
71
71
83
71
42
38_42
73
73
81
42
38
73
73
73_73
42
38
81
42
80
42
38
62_69
62
69
69
62
73_73
42
68
40_42_64_68
49_68
36_71
71_71
80
64
64_71
76
42
49
36
40
76
47
80
47
40
80
83
83
88
71
64
68
64_68
68
64
68
64
41_64
68
68
64
41
41
41
41
41
41
41
41
41
71_71
71
40
68
64
64
68
68
64
68
36_71
36
40_76
71
71_76
76
76
54
68_68
36
36
54
54
54
76
76
54
76
76
54
54
54
76
54
41
54
41
54
54
40
76
41
76
76
40
54
41
54
76
76
76
54_76
54
68
71
71
71
76
68_68_76
76
40
76
40
68
68
76
76
71
76
36
71_76
71
54
68
36
54
54
54
76
76
78
54
78
54
54
54
78
78
54
80
41_80
54
41
54
54
40
68
68
71_76
71_76
71
68
80
80
41
69_73_80
36_80
69_80
40_54_73_73_80
69
41
36
54
54
54
54
54
54
54
80
40_80
40
78
54_78
41
54
41
54
54
40
41
54
40
41
54
54
54
54
41
54
41
54
69_73
69
54_73_73
69
80
80
78
78
40
54
40
73
76
36_73_81_81_81
76
73
81
76
54
36
54
54
40
81_81
81
40
81
54
54
54
54
81
81
81
81
41
54
41
54
54
54
73
76
73
76
81
73
76_81
81
81
76
71
71_76_80
54_76_80_80
71
80
54
54
54
40
36_54
36
40
36_54
36
80
76_80
78
54
78
54
78
54
78
76_76
54
54
54
76
41
54
41
54
54
54
40
76
54
76
41
40
76
54
41
54
71
71_76
76
80
71
54
80
76
40
76
76
76_80
71
71_80
36
80
76
54_71
40
80
36
54
54
54
76
80
78
80
54
78
54
54
54
78
78
76
54
76
41
54
41
54
54
71
71_76_80
71_80
40_76
76
76
73
73
69
36
41_54_69
40_73_78
69_78
78_78
36
41_54
54
54
54
54
54
54
73
40_73_78
69_78
69
78_78
76
69
76
40_41_69_76
54
73
76
73
41
54
54
54
40
54
41
45
54
41
54
54
54
45
41
45
54
41
54
54
45
54
47
36
54
88
36
54
54
47
47
41
54
41
54
54
54
76
47
54
52
83
41
54
41
85
83
41
54
73
73
41
54
52
85
41
88
52_54
41
54
88
54
69_90
73
76
76
69
69
76
54
52
71
76
68
68_71_88
36_36_54_76_76
71_90
40
76
68
36_36_54
54
54
76
76
76
54
76
54
54
54
76
41
54
41
54
54
54
40
76
54
40_76_76
41
54
41
76_76
54
76_76
54
71
68
68_71_76
71
76
68
40
76_76
76
54
71
76
36_68_68_71_76
76
40_68
71
54
36
54
54
76
76
78
54
78
54
54
54
78
78
80
41
80
54
41
54
54
54
71
76
68_68_71
76
40_68
71
80
80
69
73
41
40_73_80
80
69
54
36_80
69_73
80
41
54
36
54
54
76
54
54
54
54
40_80
80
76
40_41
78
78
54
41
54
54
54
40
41
54_80
40
41
54
54
54
78
80
41
78
54
41
54
54
69
73
73
69
69_73
54_80
80
78
40
78
76
81
76
40_76
81
54_73_76
81
73
73
36_81
54
36
54
54
40
81
40
81
81
54
81
54
54
54
81
81
41
81
54
81
41
54
54
54
76
76
76_81
73
73
73_81
81
81
54
80
80_80
71_71_76_76
71
76
80
54
54
54
40
76
40
36
36
54
36
36
54
80
76
80
54
78
78
54
78
78
76
54
76
54
54
54
76
54
41
54
41
54
54
40
76
40
41_76
76
54
41
54
54
54
71_71
71
80_80
76
76
40
76
76
80
80
54
71
40
36_71_80
76_80
76_76
71
54
36
54
54
80
80
76
78
54
78
54
54
54
78
78
76
76
54
41
54
41
54
54
71
40
80
71
80
76
71_76
76
76
54_69
41_73_73_78
69
40_78
36_69
73
78_78
54
41
36
54
54
54
54
54
54
78
40_78
69
73_73
69
78_78
41
73
73
69_76_76
54_69_76
76
40
41
54
54
54
40_41
45
54
41
54
54
54
45
54
41
45
54
41
54
54
45
36
54
47
36
54
54_88
54
47
47_54
54
54
54
76
47
52
54
83
41
54
41
83
85
54
54
52
85
54
52
88
54
54
90
88
69
73
73
73
69_76_76
69_76
54
52
76
40_90
36
76
54_68_68
71
71
36_88
76
76
68_71
36
54
36
54
54
76
76
54
76
76
54
54
54
76
41_54
75
41_54
54
54
40
76
41_54_75
76
40
76
41_54
76
76
54
76
76
54
68_68
71
71
76
68_71
76
40
54_76
76_76
68_71
68
76
36_40_71_76
71_76
68
54
36
54
54
76
76
54_78
78
54
54
54
78
78
80_80
41
54
41
54
54
54
68_71
68
40_71
71_76
76
68
80_80
69
80_80
73
80
36_40_69_73
41_80
54_69
73
36
41
54
54
54
76
54
54
54
54
80
80
40
76
54
78
41
78
40
54
41
54
54
40
80
40
41
54
41
54
54
54
78
80
54
41_76
54
41
54
69
73
80
69_73
54_80
69
73
78
40
54
81
36_76_76_76_81_81
40
73
73
81
73
54
36
54
54
81_81
40
40_54_81
81
54
54
54
81
81_81
81
81
41
54
81
41
54
76
54
54
76_76_76
73
73
73
81
81
54_80
76_80
71
71_80
71
76
76_80
54
54
54
40
36_54
36_40
36_54
36
80
80
76
54
78
78
54
76
80
76_80
78
78
76
76
76
54
76
54
54
54
76
41
54
41
54
54
54
40
76
76
76
76
40_41_54
76
41_54
54
54
71
71
71
76
40
76_80
76
76
40
80
71
76_80
36
71
54_71_80
36
54
54
54
80
76
76
80
76_80
80
78
78
54
54
54
54
78
78
41
54
76
76
41
54
54
54
40
71
71
71
76
76
73
36
41_69_73
69_78
69_73_78
54_78
40
78
36
41
54
54
54
54
54
54
54
78
69_73_78
69_73_78
40
78
76
73
69
40
54_76
76
69
41_76
73
54
41
54
54
40
41
54
45
41
54
54
54
76
45
78
41
45
54
41
54
54
54
45
54
36_47
54
36
88
54
54
78
47
47
41_54
76
41_54
54
54
47
41
54
83
52
41
54
54
41
83
85
54
41
76
52_54
85
88
41
52
54
41
88
54
73
90
69
76
73
69
76
76
69
73
54
52
71
68_76
40_54
90
36_68_71
68_76
36
76
71
88
76
54
36
36
54
54
76
76
76
54_76
54
54
54
76
54
41
74
54
41
54
54
40
76
76
74
41
40
76
54
41
54
76
76
54
76_76
54
71
68
76
68_71
68
71
76
40
76_76
76
54_68_68_71
68_71_76
71_76
76
40
36
54
36
54
54
76
76
78
78
54
54
54
54
78
78
54
41
80
80
54
41
54
54
68_68_71
68_71
76
71
40
76
80
36_80
54
80
73_73_80
69_69_80_80
41
40
73
69
36
54
41
54
54
76
54
54
54
54
80
80
40
76
78
78
40_54
41
54
41
54
54
40
54
80
41
40
54
41
54
54
80
76
54
41
54
41
54
73_73_80
69_69
54
80
73
69
78
78
40
73
36
73
40
54_73_76_76_81_81
76
81
81
36
54
54
54
40
81
81
40
81_81
54
54
54
54
76
81_81
54
81
41
81
54
41
88
54
54
73
73
73_76_76
76
81
81
81
81
76_80
54
71_71_76_76_80_80
71_80
54
54
54
40
54
36_40
36
54
36
36
76_80
80
54
78
78
54
78
78
54_76
76
54
54
54
76
41_54
41_54
54
54
40
76
76
76
40_54
41
54
41
54
71_71
54
76_76_80
71
80
76
76
40
76_76
40
54_71
80_80
71_76
71_80
80
36
54
36
54
54
80
76
80
54_78
78
54
54
54
78
78
76
54
76
41
54
41
54
54
40
76_76
71
71
71_80
80
76
76
54_78
69
78
73_73_78
69_78
69
40_41
36
73
54
41
36
54
54
54
54
54
54
78
69
78
78
40
73
69
73
73
54
76
69
69_73_76
76
40_41
54
41
54
54
78
40
54
41
76
45
54
41
54
54
45
41
54
45
41
54
54
54
45
36_47
54
36
54
54
54
47
47
41
54
41
54
54
54
47
41_52_54_83
41_54
85
83
41
54
41
54
76
52
85
41
54
52
88
41
54
54
88
90
73
69
73
76
69
69_73_76
76
54
52
68_76
90
54
36
40_76
36_68_68_88
71
71
76
71
76
54
36
36
54
54
76
76
76
76
54_76
76
54
54
54
76
73
41
54
41
54
54
54
40
76
41
40
54_76
76
41
54
76
76
76
54
76
68
54
68_68
71
71
71
73
40
76
40
71_76
76
76_76
68_71_76
68
54
36_71
68
54
36
54
54
76
76
78
54
78
54
54
54
78
78
41
54
80
80
41
54
54
54
40
71
68_71
68
76
71_76
68
69
73_80
80
41_69
80
80_80
54_73_73_80
40
69
36
41
54
36
54
54
54
54
54
54
80
80
40
54
41
40
78
78
54
41
54
54
40
41
54
40
41
54
54
54
41
54
41
54
54
69
73
69
80
73_73
80
69
54
78
78
40
76
81
54_73_73_73_76_81
76
36_40
81
81
54
36
54
54
40
81
81
40_81
54
81
54
54
54
81
81
54
81
41_81
54
41
88
54
54
76
73
81
81
54
54
54
54
81
73_73_76_81
76
40
