45_61_64_69_69
69
45_71
64
45_64
44_66
42_64
40_73
76
73
45_66
47
69
49
73
40_62_71
40_73
40
40
40_71
40
40_69
42_66
45
40_59_64_68
40
40
40_47
40
49
47
69
45_61_64_69_69
69
45_71
64
45_64
44_66
42_64
40_73
76
73
45_66
47
69
49
73
40_62_71
69
54
40_73
40
40_69
54
40_71
40
54
40_69_69
42_66
69
54
45
40_59_64_68
69
54
40
40
69
54
40_47
40
49
54_69
69
47
54
76
43_59_62_66_69_76
69
30
54
42
42_78
42
69
47
54
47
47
43_71
69
71
54
43_73
69
54_74
43_59_64_68_69
54
28
40
40_74
40
47
47_76
47
69
43_71
54
69
54
43_54
69
76
30
69
43_54_59_62_66_69_76
42
42_78
42
47
69
54
47
47
43_71
69
54_71
43_73
54
69
74
28
43_54_59_64_68
69
40
40_76
40
47_47
47
54
43_69_71
69
54
68
69
43_54
74
25
43_61_64_68_69_71
54
44
44_73
44
54
49
49
69
49
25
43_73
69
54
43
54
69
25_54
69
43
44
44
44
49_49
49
25
69
43_54
69
54
69
43
54
71
30
69
43_61_64_66_70_70
54
42
42
42
54
49
49
69
49
30
43
69
54
43
69
54
69
30
43_63_66_68_71
54
42
42
42
51
51
51
69
54
30
43
69
54
43
43
43
69
54
43
73
43_73
69
30
54
77
42_61
37_68
61_65_65_70_73
54_75
77
76
75
30
70
68
70
75
76
77
66
30
59_59_63_68_73
42
63
76
75
77
75
73
30
68
75
76_77
66
63_75
77
76
68
68
61_70
42_61_65_70
65_75
54
58
30_77
76
70
73
61
30
75
77
76
75
63
70
66
59
73
42_59_63_68
30_75
54
77
76
63
61
58_70
30
42
54_75
66
76_77
63
51
75
77
76
66_78
54
35
23
75
76
77
59_59_63_66_66_78
63
47
80
23
75
73
75
75
76
77
78
23
63
69_76
35_77
75
80
78
23
75
75
76_77
73
75
23
75_77
76
68
59
40
40
28_56_64
56_59_64_68_75
68_76
77
71
71
59
28
40
40
75
77
76
73
40_61
28
40
59_62_76
77
71
75
40
56
68
28
76_77
54
75
66
40
52
64
75
28
40
77
76
75
33_43_45_54_61_64_69_69_76_77
69
54
54_69
54
69
45_54_71
54
33
43
54_64
54
54
54
45_54_64
69
54
33
43
44_54_66_75
76
77
54
42_54_64
69
54
43
75
76
33_40_54_73_77
69
54
54_76
54
54_73
54
33_45_54_66_69
43
54
47_54_69_75
76
77
54
54_69
54
75
33_49_54_76_77
43
69
54
54_73
54
28_40_54_62_71_75
76
69_77
43
54
40_54_73
40
54
40_54
69
54
43
28_40_54_71
40
54
54
54
40_54_69
69
54
75
77
76
28_42_54_66
43
54
45_54
69
54
28_40_54_59_64_68
43_75
76
77
69
54
40_54
40
54
54
54
28_40_47_54_69
43
40
54
75
76
77
49_54
69
54
54
54
43
69
28_47_54_75
77
76
54
54_69
54
43
76_77
69_75
33_45_54_61_64_69_69
54
54_69
54
69
45_54_71
54
33_43_54_64
54
54
54
69
45_54_64
54
33_44_54_66
76
43_77
75
54
69
42_54_64
54
43_69
33_40_54_73
77
76
75
54
54_76
54
54_73
54
69
33_43_45_54_66
54
77
47_54
69
75
76
54
54_69
54
33_49_54
43_77
69
75
76
54
54_73
54
28_40_54_62_71
69
43
77
76
75
54
40_54
40
54_73
40_54
69
54
28_40_54_71
43
40
54
54
54
40_54_69
69
54
28_42_54_66
77
43_75
76
54
45_54
69
54
43
28_40_54_59_64_68
75_77
69
76
54
40_54
40
54
54
54
28_40_43_47_54
69
40
54
77
49_54
76
75
69
54
54
54
43
77
75_76
69
28_47_54
54
54_76
54
75
77
76
30_54_59_62_66_69_76
69
43
69
54
42
42_54_78
42
54
69
47
47_54
47
54
43
30_54_71
54
54
54
69
54_54_71
54
77
43
75_76
30_54_73
54
69
54_54_74
54
43
75
28_54_59_64_68_69_77
54
40
40_54_54_74
40
54
47
47_54_76
47
54
69
28_43_54_71
54
77
54_75
69
54
54
54
43
77
28_54_54_75_76
69
54
28_54_54_76
54
77
43_76
75
69
30_54_54_59_62_66_69_76
54
42
42_54_54_78
42
54
47
69
47_54
47
54
43
30_54_54_71
54
54_54
54
69
54_71
54
43
30_54_73_77
75_76
54
69
54_54_74
54
75
43_77
76
28_54_59_64_68
69
54
40
40_54_54_76
40
54
47_47_54
47
54
28_54_69_71
43
54
54
69
75
77
76
54
54_68
54
69
28_54_75
77
76
43
54
54_74
54
25_54_61_64_68_69_71
77
75_76
43
54
44
44_54_54_73
44
54
49
49_54
69
49
54
43
25_54_73
54
54
54
69
54
54
43
77
54_76
75
54
54_69
54
43
75_77
76
69
25_54
54
44
44_54_54
44
54
49_49_54
49
54
25
69
43
54
54
77
76
75
69
54
54
54
54
77
76
75
43
69
54
54
54_71
54
30
77
43_75_76
69
54_61_64_66_70_70
54
42
42_54
42
54
49
49_54
69
49
54
30
43_54
54
54_54
54
69
54
54
77
43_76
75
54
54
69
54
54
43
69
75
30_77
54_63_66_68_71_76
54
42
42_54
42
54
51_54
51
51
54
69
43
54
30
54
77
54_54_69
75
54
43_54
43
54
43
77
76
75
69
54
43
54
54_73
43_54
69
30
77
42_61
37_68
54_61_65_65_70_73
54_75
77
77
76
75_76
75
30
70
68
70
75
76
77
66
30
59_59_63_68_73
42
63
76
75
77
75
73
30
68
75
76_77
66
63_75
77
76
68
68
61_70
42_61_65_70
65_75
54
58
30_77
76
70
73
61
30
75
77
76
75
63
70
66
59
73
42_59_63_68
30_75
54
77
76
63
61
58_70
30
42
54_75
66
76_77
63
51
75
77
76
62_74
50
43
31
75
69_76
62_77
43_54_62_66_66_74
55_75
77
77
76
75_76
76
31
71
69
71
75
76
77
67
31
60_60_64_69_74
43
64
76
75
77
76
74
31
69
75
76_77
67
64_75
77
76
69
69
62_71
43_62_66_71
66_75
55
59
31_77
76
71
74
62
31
75
77
76
76
64
71
67
60
74
43_60_64_69
31_75
55
77
76
64
62
59_71
31
43
55_75
67
76_77
64
52
75
77
76
67_79
55
36
24
75
76
77
60_60_64_67_67_79
64
48
81
24
76
74
76
75
76
77
79
24
64
70_76
77
75
81
79
24
76
75
76_77
74
75
24
76_77
76
69
60
41
29_57_65
60_65_69_75
76
77
72
29
75
77
76
29
41_81
76
77
75
82
29
83
84
76_77
75
75
29
77
76
41
81
41
29_60_63_65_69_76
77
75
29
76_77
29_75
29
75
77
76
29
73
73
54_61_65_70_73
30_54_75
77
77
76
75_76
75
42
42
49
49
30
70
68
70
75
76
77
30
59_63_68_73
42
76
75
77
75
42
42
73
51
51
30
68
75
76_77
66
63_75
77
76
68
70
42_61_65_70
75
54
58
30_77
76
70
42
42
73
61
49
49
30
75
77
76
75
63
73
42_59_63_68
30_75
54
77
76
61
42
42
51
58_70
51
30
42
54_75
66
76_77
63
51
75
77
76
54
73
66
30
75
73_76
77
43_54_61_65_70_73_76_77
30_54_69
54
42
54_75
42
54
69
49_54
49
54
30
43
54_70
54
54
54
54_68
69
54
43
54_70_75
76
77
54
54
69
54
43
30_75
76
54_59_63_68_73_77
42
69
54
42
42_54_75
54
51
54_73
51
54
30
54_69
43
54
54_68_69_75
76
77
54
54_66
54
75
54_63_76_77
43
69
54
54_68
54
70
42_54_61_65_70_75
76
54
58_69_77
30_43
54
42
54_70
42
54
73
49_54
61
69
49
54
43
54
30
54
54
54
54
69
54
75
77
76
54
43
54
75
54
69
63
54
73
42_54_59_63_68
30_43_75
54_76
77
69
61
54
42
54
42
54
51_54_58_70
51
54
30
54_69
43
42
54
75
76
54
66_77
54
69
54
54
63
51
54
43
69
54_75
77
76
54
54_54
73
66
54
43
30
73_76_77
69_75
43_54_61_65_70_73_76_77
30_54_69
54
42
54_75
42
54
49
69
54
49
54
30
43
54_70
54
54
54
54_68
69
54
43
54_70_75
76
77
54
54
69
54
43
30_75
76
54_59_63_68_73_77
42
69
54
42
42
54_75
54
51
51_54_73
54
30
54_69
43
54
54_68_69_75
76
77
54
54_66
54
75
54_63_76_77
43
69
54
54_68
54
70
42_54_61_65_70_75
76
54
58_69_77
30_43
54
42
54_70
42
54
73
54
49_61
69
49
54
43
54
30
54
54
54
54
69
54
75
77
76
54
43
54
75
54
69
63
54
73
42_54_59_63_68
30_43_75
54_76
77
69
61
54
42
54
42
54
54_58_70
51
51
54
30
54_69
43
42
54
75
76
54
66_77
54
69
54
54
63
51
54
43
69
54_75
77
76
54
54_54
73
66
54
43
30
73_76_77
69_75
43_54_61_65_70_73_76_77
30_54_69
54
42
54_75
42
54
49
69
54
49
54
30
43
54_70
54
54
54
54_68
69
54
43
54_70_75
76
77
54
54
69
54
43
30_75
76
54_59_63_68_73_77
42
69
54
42
54_75
42
54
51
54_73
51
54
30
54_69
43
54
54_68_69_75
76
77
54
54_66
54
75
54_63_76_77
43
69
54
54_68
54
70
42_54_61_65_70_75
76
54
58_69_77
30_43
54
42
54_70
42
54
73
49_54
61
69
49
54
43
54
30
54
54
54
54
69
54
75
77
76
54
43
54
75
54
69
63
54
73
42_54_59_63_68
30_43_75
54_76
77
69
61
54
42
54
42
54
51_54_58_70
51
54
30
54_69
43
42
54
75
76
54
66_77
54
69
54
54
63
51
54
43
69
54_75
77
76
54
54_54
73
66
54
43
30
73_76_77
69_75
