48
53
57
65_69_72_84
77
60
60_67
65
72
52
55
60
64_67
76
64
60_67
64
72
52
57
60
69
57_76
64
60_67
64
72
115
113
55
112
113
112
113
110
60
115
50
113
112
110
55
113
59
67
74
62
110
112
108
108
107
62
59
112
108
107
110
64
76_88
62
107
108
105
110
105
107_108
74_86
62
108
110
105
107
103
108
103
105
107
103
101
105
60
72_84
101_103
105
103
101
105
103
105
28_40
107
48
103
107
53
57
65_69_72_84
29_41_57_57_60_72
60_105
103_107
105
108
60_67
105
108
65
107
105
108
107
108
110
105
65
72
110
108
110
107
65
108
112
110
112
108
64
110
112
108
112
113
62_110
112_113
115
62
115
113
52
55
60
115
113
36
64_67
55
64
115
115
62_67
115
67
60_72
64
65
67
60
52
57
60
33
69
57
64
62_67
67
60_72
57
60
50
55
59
31
67
55_57_59
62
46
46
46
46
46_46
62
46
46
46
46
46
46
62
76_88
46
46
46
46
46
46_46
62_74_86
46
46
46
46
46
46
46
46
46
46
46
46_46
60
72_84
46
46
46
46
46
38_39_44
60
62
64
36_49_52
33
57
60
60
57
62
36_42_52_69
33
62
52
57
38_39_42_60
60_60
57
36_42_52_69
33
52
57_60
36_42_60
33
60
57
36_46_52_59_69
33
52
57_59
38_39_42_60
60
57
52
36_42_52_69
33
53
57
36_42_60
53
29
42
60
57
36_42_53_69
29
64
53
57
38_39_42_60
60_62
57
36_42_53_69
29
53
57
36_42_60
29
60
57
36_46_53_69
29
53
57
38_39_42_60
64
60
29_57
36_42_53_69
55
31_59
36_42_62
59_62
42
62
59
36_42_55_69
59
31_62
55
59_59_62
38_39_42_62
62_62
59
36_42_55_59_69
31
55
59
31
36_42_62
60_62_64
59
36_46_55_69
31
65
62
55
59
38_39_42_62
62_62
59
65
36_42_55_69
31
55
60
36_42_64
36
42
60_64
64
60
36_42_55_69
36
55
60
38_39_42_64
64
60
36_42_55_69
36
55
59
35
36_42_62
62
59
35_36_46_55_69
55
59
38_39_42_62
60
62_62
35_59
36_42_55_69
64
36_42_52
33
57
60
60
57
62
36_42_52_69
33
62
52
57
38_39_42_60
60
60
57
36_42_52_69
33
60
52
57
36_42_60
33
60
57_59
36_46_52_69
33
59
52
57
38_39_42_60
60
52_57
36_42_52_69
33
53
57
36_42_60
29_53
42
60
57
36_42_53_69
29
64
53
57
38_39_42_60
60_62
57
36_42_53_69
29
53
57
36_42_60
29
60
57
36_46_53_69
29
53
57
38_39_42_60
60
29_57
36_42_53_69
64
55
31_59
36_42_62_62
59
42
62
59_59_62
36_42_55_69
31
55
59
38_39_42_62_62
59
62_62
59_59
36_42_55_69
31
55
59
31
36_42_62
62
59
60_64
36_46_55_69
31
65
55_62
59
38_39_42_62
62_62_65
59
36_42_55_69
31
55
60
36_42_64
60_64
36
42
64
60
36_42_55_69
36
55
60
38_39_42_64
64
60
36_42_55_69_79
36
55
59
35
36_42_62
62
59
35_36_46_55_69
55
59
38_39_42_62_72
60
62_62
35_59
36_42_55_69
64
57_60_64
36_49_52
33
57
60
62
60
57
36_42_52_69
33
62
52
57
38_39_42_60
60
60
57
36_42_52_69
33
60
52
57
36_42_60
33
60
57
59
36_46_52_69
33
59
52
57
62
38_39_42_60_71
60
57
52_64
36_42_52_69_72
33
53
57
36_42_60
53
29
42
60
57
36_42_53_69
29
64
53
57
38_39_42_60
62
60
57
36_42_53_69
29
53
57
36_42_60
29
60
57
36_46_53_67_69
29
53
57
38_39_42_60
60
29_57
36_42_53_67_69
62
55
31_59
55_59_62
36_42_62
42
62
59_62
36_42_55_69
31
55
59
38_39_42_62_62
62
59
36_42_55_69
31
62
55
59
31
36_42_62
62_64
59
36_46_55_69
31
55
59
38_39_42_62_65
62
59
65
36_42_55_69
31
64
64
55
60
55_60_64
36_42_64
36
42
64
60
36_42_55_69_72
36
55
60
38_39_42_64
64
60
36_42_55_69_71
36
55
59
35_59_62_67
36_42_62
62
59
35_36_46_55_69
55
59
38_39_42_62
60
62_62
35_59
36_42_55_69_69
64
57_60_64_69
36_42_52
33
57
60
60
57
36_42_52_69
33
62
62
52
57
38_39_42_60
60_60
57
36_42_52_69
33
52
57_60
36_42_60
33
60
57
36_46_52_59_69
33
59
52
57
62
38_39_42_60_79
52
60
57
64
36_42_52_69_74
33
53
57
53
36_42_60
29
42
60
57
36_42_53_69_72
29
64
53
57
38_39_42_60
62
60
57
36_42_53_69
29
53
57
36_42_60
29
60
57
36_46_53_69_74
29
53
57
38_39_42_60_76
60
29_57
36_42_53_69_74
55
31_59
55_59_62
36_42_62
59_62
42
62
59
36_42_55_69
62
31
59
55
59
38_39_42_62
59_62
62
59_62
59
36_42_55_69
31
55
59
31
36_42_62
60
62
59
36_46_55_69
31
55
59
38_39_42_62
59
60
55_62
59
36_42_55_57_69
31
52
55
60
55_60_64
36_49_72
36_64
42_72_84
42_55
42
42_72_84
57
46
60
38_39_42_72_84
60
65_69_72_84
36_49_53_57_57_60_72_72_77_84
29
57
60
60
57
36_42_53_69
29_60
53
57
38_39_42_60_72_84
60
57_60
36_42_53_69
29
53
57
36_42_60_72_84
29
55_60
57
36_46_53_69
29
53
57
38_39_42_57_60_72_84
60
57
36_42_53_69
55_60
29
55
60
64_67
36_42_55_64_72_76_84
36
42
64
60
36_42_55_60_69
36_55
55
60
38_39_42_64_72_84
64
60_60
55
36_42_55_69
36
55
60
36_42_64_72_84
36
64
55_60
36_46_55_69
36
55
60
38_39_42_64_72_84
57
64
36_60
36_42_55_69
57
60
57
33_60
69
36_42_57_64_72_76_84_105
42
64
60
36_42_57_69
33_57
60
57
60
38_39_42_64_72_84
60
57
64
60
36_42_57_69_72
33
57
60
33
36_42_64_72_84
64
60
36_46_57_69
33
57
57_60
38_39_42_64_72_84
60
64
60
36_42_57_69
33
55
59
67
36_42_55_59_62_72_74_84
31
42
62
59
36_42_55_69
62
31
55
59
76_88
38_39_42_62_64_72_84
62
59
74_86
36_42_55_69
31
62
55
59
31
36_42_62_72_84
62
59
60_72_84
31_36_46_55_69
55
59
38_39_42_62_72_84
59
62
31_59
36_42_55_60_69
57
65_69_72_84
36_49_53_57_57_60_72_72_77_84
29
57
60
60
57
36_42_53_69
29_57_60
53
57
38_39_42_60_72_84
60
57
36_42_53_69_77
57_60
29
53
57
36_42_60_72_84
29
60
57
36_46_53_69
55
29
53
57
38_39_42_57_60_72_84
60
57
36_42_53_69
60
55
29
55
60
64_67
36_42_55_64_72_76_84
36
42
64
60
36_42_55_69
55_60
36
55
60
38_39_42_64_72_84
55_60
64
60
36_42_55_69_76
36
55
60
36_42_64_72_84
36
55
64
60
36_46_55_69
36
57
55
60
38_39_42_64_72_84
64
36_57_60_60
36_42_55_69
57
33_60
69
36_42_57_64_72_76_84_105
42
64
60_60
57
36_42_57_69
33
57
60
38_39_42_64_72_84
60
57
64
60
36_42_57_69
33
57
60
33
36_42_64_72_84
64
60
36_46_57_69
33
57
60
38_39_42_64_72_84
64
60
36_42_57_69
33
60
55
59
67
36_49_55_59_62_74
31
42
62
59_62
36_42_55_69
31
55
59
76_88
38_39_42_62
64
62
59
74_86
36_42_55_69_71
31
62
55
59
31
36_42_62
60
62
59
72_84
31_36_46_55_69
55
59
38_39_42_62_72
62
31_59
36_42_55_57_69
64
45_49_52
57
60
62
60
57
52
62
52
57
60
60
60
45_57
52
60
52
57
45_60
60
57
59
52
59
52
57
38_39_60_71
60
57
52
52_72
53
57
36_49_60
53
29
42
60
57
36_42_53_69
29
64
53
57
38_39_42_60
62
60
57
36_42_53_69
29
53
57
36_42_60
29
60
57
36_46_53_69
29
53
57
38_39_42_60
60
29_57
36_42_53_69
62
55
31_59
36_42_62_71
42
62
59_62
36_42_55_69
31
55
59
38_39_42_62_62
62
59
36_42_55_69
31
62
55
59
31
36_42_62
62_64
59
36_46_55_69
31
55
59
38_39_42_62_65
62
59
65
36_42_55_69
31
64
55
60
36_42_64
36
42
64
60
36_42_55_69_72
36
55
60
38_39_42_64
64
60
36_42_55_69_71
36
55
59
35
36_42_62
62
59
35_36_46_55_67_69
55
59
38_39_42_62
60
62_62
35_59
36_42_55_69_69
64
57_60_64_69
36_42_52
33
57
60
60
57
36_42_52_69
33
62
62
52
57
38_39_42_60
60_60
57
36_42_52_69
33
52
57_60
36_42_60
33
60
57
36_46_52_59_69
33
59
52
57
62
38_39_42_60_79
52
60
57
64
36_42_52_69_74
33
53
57
53
36_42_60
29
42
60
57
36_42_53_69_72
29
64
53
57
38_39_42_60
62
60
57
36_42_53_69
29
53
57
36_42_60
29
60
57
36_46_53_69_74
29
53
57
38_39_42_60_76
60
29_57
36_42_53_69_74
55
31_59
55_59_62
36_49_62
59_62
42
62
59
36_42_55_69
62
31
59
55
59
38_39_42_62
59_62
62
59_62
59
36_42_55_69
31
55
59
31
36_42_62
60
62
59
36_46_55_69
31
55
59
38_39_42_62
59
60
55_62
59
36_42_55_57_69
31
52
55
60
55_60_64
36_49_72
36_64
42_72_84
42_55
42
42_72_84
57
46
60
38_39_42_72_84
60
65_69_72_84
36_49_53_57_57_60_72_72_77_84
29
57
60
60
57
36_42_53_69
29_60
53
57
38_39_42_60_72_84
60
57_60
36_42_53_69_72
29
53
57
36_42_60_72_84
29
55_60
57
36_46_53_69
29
53
57
38_39_42_57_60_72_84
60
57
36_42_53_69
55_60
29
55
60
64_67
36_42_55_64_72_72_84
36
42
64
60
36_42_55_60_69
36_55
55
60
38_39_42_64_72_84
64
60_60
55
36_42_55_69_72
36
55
60
36_42_64_72_84
36
64
55_60
36_46_55_69
36
55
60
38_39_42_64_72_84
57
64
36_60
36_42_55_69
57
60
57
33_60
69
36_49_57_64_72_76_84_105
42
64
60
36_42_57_69
33_57
60
57
60
38_39_42_64_72_84
60
57
64
60
36_42_57_69_72
33
57
60
33
36_42_64_72_84
64
60
36_46_57_69
33
57
57_60
38_39_42_64_72_84
60
64
60
36_42_57_69
33
55
59
67
36_42_55_59_62_72_74_84
31
42
62
59
36_42_55_69
62
31
55
59
76_88
38_39_42_62_64_72_84
62
59
74_86
36_42_55_69
31
62
55
59
31
36_42_62_72_84
62
59
60_72_84
31_36_46_55_69
55
59
38_39_42_62_72_84
59
62
31_59
36_42_55_60_69
57
65_69_72_84
36_49_53_57_57_60_72_72_77_84
29
57
60
60
57
36_42_53_69
29_57_60
53
57
38_39_42_60_72_84
60
57
36_42_53_69_77
57_60
29
53
57
36_42_60_72_84
29
60
57
36_46_53_69
55
29
53
57
38_39_42_57_60_72_84
60
57
36_42_53_69
60
55
29
55
60
64_67
36_42_55_64_72_76_84
36
42
64
60
36_42_55_69
55_60
36
55
60
38_39_42_64_72_84
55_60
64
60
36_42_55_69_76
36
55
60
36_42_64_72_84
36
55
64
60
36_46_55_69
36
57
55
60
38_39_42_64_72_84
64
36_57_60_60
36_42_55_69
57
29_60
69
36_49_57_64_72_77_84_114
42
64
60_60
57
36_42_57_69
29
57
60
38_39_42_64_72_76_84
60
57
64
60
36_42_57_69_72
29
57
60
40
36_49_64_72_76_84_112
64
60
36_46_57_69
40
57
60
38_39_42_64_72_84
64
60
36_42_57_69
40
60
55
59
67
36_42_55_59_62_74
38
42
62
59_62
36_42_55_69
38
55
59
76_88
38_39_42_62_72
64
62
59
74_86
36_42_55_69
38
62
55
59
31
36_42_62_72
60_62
59
72_84
31_36_46_55_69
55
59
38_39_42_62_71
62
31_59
36_55_57_69_76
48
53
57
65_69_84
36_49_53_57_57_60_72_77
29
57
60
60
60
57
36_42_53_69
29
53
57
38_39_42_60
60
57_65
36_42_53_69_72
29
53
57
65
36_42_60_72
29
60
57
36_46_53_64_69
29
53
57
38_39_42_60
62
60
57_62
36_42_53_69_76
29
52
55
60
55
60
64_67
36_42_55_64_76
36
64
42
64
60
36_42_55_67_69_79
36
55
60
38_39_42_64_72
64
60
36_42_55_69_72
36
55
60_64
36_42_64
36
64
65
64
60
36_46_55_69
36
55
60
67
38_39_42_64
64
36_60_60
36_42_55_69
52
57
60
57
33_60
69
36_49_57_64_76
64
42
64
60
36_42_57_69
33
57
60
38_39_42_64_72
64
60
36_42_57_69_72
33
57
60
33
36_42_64
64
60
36_46_57_69
33
57
60
57
38_39_42_64
64
60
36_42_57_60_69
33
52
57
60
55
59
72
36_42_62
28_64
42
62
59_62
36_42_55_69
28
55
59
64
38_39_42_62
62
59
36_42_55_69
28
62
52
56
59
55
59
28_68_71
36_42_62
64
62
59_60
28_36_46_55_69
55
59
38_39_42_62
62
28_59
36_42_55_69
52
57
60
64_69
72
36_52
33
57
60
64
60
57
36_42_52_69
33
64
52
57
38_39_42_56_60
64
60
57
36_42_52_69
33
52
57
42_56_60_64
60
57_64
36_46_52_69
33
52
57
38_39_42_56_60
62
60
57_60
36_42_52_69
33
52
55
60
72
52_62_67
55_64
36_42_60
31
64
42
60
60
55
36_42_52_69
31
64
52
55
38_39_42_56_60
60
55
36_42_52_69
31
52
55
42_56_60
62
60
55
36_46_52_69
31
52
55
60
38_39_42_56_60
60
31_55_62
36_42_52_69
53
57
60
60
53
29_57_65_69
36_42_60
72
65
42
64
60
57
36_42_53_69
29
53
57
38_39_42_56_60
60
57
36_42_53_69
29
53
57
29
36_42_56_60
57_60
57
36_46_53_69
29
53
57_59
38_39_42_56_60
60
57
60
36_42_53_69
29
53
57
60
69
53_65_72
57
36_42_60
29_65
42
60
57_64
36_42_53_69
29
53
57
38_39_42_56_60
60
57
62
36_42_53_69
29
55
59
62
71_74
67
55
59
31
36_42_56_62
67
59
62
59
31_36_46_55_69
55
59
38_39_42_56_62
62
31_59
60
36_42_55_69
62
52
59
57
60
57
64_69
72
33
36_42_52_72_84
57
60
64
60
57
36_42_52_69
33
64
52
57
38_39_42_56_60_72_84
60
57
36_42_52_64_69
33
52
57
33
36_42_56_60_72_84
64
60
57_64
36_46_52_69
33
52
57
38_39_42_56_60_69_72_84
62
60
57
60
42_52_69
52
55
60
72
52_67
31_55_64
36_42_60_72_84
67
64
42
60
55
36_42_52_69
31
64
52
55
38_39_42_56_60_72_84
60
55
36_42_52_69
31
62
52
55
31
36_42_56_60_72_84
60
55
36_46_52_69
31
64
52
55
38_39_42_56_60_67_72_84
60
55
42_52_69
54
57
60
54
30_57
69_72_76_81
36_42_57_60_60_64_66_69_72_84
64
42
60
57
36_42_54_69
30
54
57
38_39_42_56_60_72_84
60
57
36_42_54_69
30
54
57
30
36_42_56_60_72_84
60
57
36_46_54_69
30
57
54
57
38_39_42_56_60_72_84
59
60
57
36_42_54_69
60
30
53
57
60
65
53_60
57_57
36_42_60_72_84
29_65
42
60_62
57
36_42_53_69
29
64
53
57
38_39_42_56_60_72_84
60
57_62
36_42_53_69
29
55
59
62
67
55_62
59_59
31_67_71_74_79
36_42_49_55_56_59_62_62_67_72_84
67
49
49
49
49
49
62
59
60
31_36_46_49_55_69
49
49
49
49
49
55
59
38_39_42_49_56_62_72_84
59
49
49
49
49
49
62
31_59
36_42_49_55_69
49
48_49
49
53
49
57
49
65_69_72_84
49_52_57_57_60_72_77
60
60
67
69
65
72
65
64
62
62
52
55
60
36
64_67
55_76
64
64
71
72
64
65
67
60
52
57
60
33
69
57_76
64
67
76
72
57
60
50
55
59
31
67
55_59
62
62
62
76_88
62_74_86
60
72_84
60
59
38_39
60
65_69_72_84
36_49_53_57_57_60_72_72_77_84
29
57
60
60
57
60
36_42_53_67_69
29
53
57
38_39_42_60_69_72_84
60
57
60
36_42_53_69_72
29
53
57
36_42_60_72_84
29
60
57
55
36_46_53_69
29
53
57
38_39_42_60_72_84
57
60
57
36_42_53_69
60
29
55
60
64_67
36_42_55_64_72_76_84
36
42
64
60
60
36_42_55_64_69
36
55
60
38_39_42_64_71_72_84
60
64
60
36_42_55_69_72
36
55
60
36_42_64_72_84
36
64
60
36_46_55_69
55
36
55
60
38_39_42_57_64_72_84
64
36_60
60
36_42_55_69
57
33_60
69
36_49_57_64_72_76_84_105
42
64
60
36_42_57_60_67_69
33
57
60
38_39_42_64_72_76_84
60_64
60
36_42_57_69_72
33
57
60
33
36_42_64_72_84
64
60
36_46_57_69
33
57
60
38_39_42_64_72_84
64
60
36_42_57_69
33
55_60
59
67
36_42_55_59_62_72_84
31
42
62_62
59
36_42_55_69
31
64
55
59
76_88
38_39_42_62_72_84
62
62
59
74_86
36_42_55_69
31
55
59
31
36_42_62_72_84
60
62
59
72_84
31_36_46_55_69
55
59
38_39_42_59_62_72_84
62
31_59
36_42_55_69
57_60
65_69_72_84
36_49_53_57_57_60_72_72_77_84
29
57
60
60
57_57
60
36_42_53_67_69
29
53
57
38_39_42_60_69_72_84
57_60
60
57
36_42_53_69_72
29
53
57
36_42_60_72_84
29
55
60
57
36_46_53_69
29
57
53
57
38_39_42_60_72_84
60
57
36_42_53_60_69
55
29
55
60
64_67
36_42_55_64_72_76_84
36
42
55
60_64
60
36_42_55_64_69
36
55
60
38_39_42_64_71_72_84
64
60_60
36_42_55_55_69_72
36
55
60
36_42_64_72_84
36
64
55_60
36_46_55_69
36
55
60
38_39_42_57_64_72_84
64
36_60
36_42_55_69
57
60
57
29_60
69
36_49_57_64_72_76_84_105
42
60_64
57_60
36_42_57_67_69
29
57
60
38_39_42_64_72_76_84
60
57_64
60
36_42_57_69_72
29
57
60
40
36_49_64_72_84
64
60
36_46_57_69
40
57
60
38_39_42_64_72_84
64
60
36_42_57_69
40
60
55
59
67
36_42_55_59_62
38
42
62
62
59
36_42_55_69
38
64
55
59
76_88
38_39_42_62
62
62
59
74_86
36_42_55_69
38
55
59
31
36_42_62
60
62
59
72_84
31_36_46_55_69
55
59_59
38_39_42_62
60
62
31_59
36_42_55_57_69
65_69_72_84
36_49_53_57_57_60_72_72_77_84
29
57
60
60_60
57
36_42_53_67_69
29
53
57
38_39_42_60_69_72_84
60
57
36_42_53_69_72
60
29
53
57
36_42_60_72_84
29
60
55_57
36_46_53_57_69
29
57
53
57
38_39_42_60_72_84
60
57_60
36_42_53_69
29
55
60
64_67
36_42_55_64_72_76_84
36
42
60
64
60
36_42_55_64_69
36
55
60
38_39_42_64_71_72_84
60_64
60
36_42_55_69_72
36
55
60
36_42_64_72_84
36
64
60
55
36_46_55_69
36
55
60
57
38_39_42_64_72_84
64
36_60_60
36_42_55_69
57
33_60
69
36_49_57_64_72_76_84_105
42
64
60
36_42_57_67_69
33
60
57
60
38_39_42_64_72_76_84
64
60
36_42_57_60_69_72
33
57
60
33
36_42_64_72_84
64
60
36_46_57_69
33
57
60
38_39_42_64_72_84
64
60
36_42_57_69
33
55
59_60
67
36_42_55_59_62_72_84
31
42
62
62
59
36_42_55_69
31
64
55
59
76_88
38_39_42_62_72_84
62
59_62
74_86
36_42_55_69
31
55
59
31
36_42_62_72_84
60
62
59
72_84
31_36_46_55_69
55
59
38_39_42_59_62_72_84
62
31_59
36_42_55_57_60_69
65_69_72_84
36_49_53_57_57_60_72_72_77_84
29
57
60
60
57
36_42_53_67_69
29
60
53
57
38_39_42_60_69_72_84
60
57
60
36_42_53_69_72
29
53
57
36_42_60_72_84
29
55
60
57
36_46_53_69
29
53
57
57
38_39_42_60_72_84
60
60
57
36_42_53_69
29
55
60
64_67
36_42_55_64_72_76_84
36
42
64
60_60
36_42_55_64_69
36
55
60
38_39_42_64_71_72_84
60
64
60
36_42_55_69_72
36
55
60
36_42_64_72_84
36
64
55_60
36_46_55_69
36
55
60
38_39_42_64_72_84
57
60_64
36_60
36_42_55_69
57
29_60
69
36_49_57_64_72_76_84_105
42
60
64
60
36_42_57_67_69
29
57
60
38_39_42_64_72_76_84
60
64
60
36_42_57_69_72
29
57
60
40
36_49_64_72_84
64
60
36_46_57_69
40
57
60
38_39_42_64_72_84
64
60
36_42_57_69
40
55_60
59
67
36_42_55_59_62
38
42
62_62
59
36_42_55_69
38
64
55
59
76_88
38_39_42_62
62
62
59
74_86
36_42_55_69
38
55
59
31
36_42_62
60
62
59
72_84
31_36_46_55_69
55
59
38_39_42_62
62
31_59
36_42_55_69
48
53
57
65_69_72_84
49_52_57_57_60_72_77
60
67
69
65
72
65
64
62
62
52
55
60
36
64_67
55_76
64
64
71
72
64
65
67
60
52
57
60
33
69
57_76
64
67
76
72
57
60
50
55
59
31
67
49_55_59
62
49
49
49
49
49
62
49
49
49
49
49
49
62
76_88
49
49
49
49
49
49
62_74_86
49
49
49
49
49
49
49
49
49
49
49
49
60
72_84
49
49
49
49
49
49
49
49
49
49
49
31_49
49
49
48_49
49
52
49
55
49
36
57
60
