42
42
42
33_45
42
36
73_76
57_61
64
37
42
61
64
57
78
74
42
73
61
37_57_64
42
76
42
61_73
57_76
52
28_40
42
36
61
57_78
64
74
37
42
64
61
57
33_45
37
42
36
73
76
42
80
64_68
59
40_52
42
36
64
59
37_56
42
66
57
78
74
76
73
56
64
37_64
42
56_59
42
74
71
35_47
42
36
56
62
59
64
56
37_59
42
37
64
42_56
59
42
73
64
35_47_56_59
42
36
76
74
78
76
80
28_40
42_59_68
36
59_64
56
37
42
66
57
78
74
56_64
59
37
56
42
64
73
76
42
35_47
42_74
36
56_71
62
59
73
76
37
42
64
56_59
64
40_52_56_59
37
42
36
71
74
42
73
69
33_45_61
42
36_57
52
61
64
57
37
42
64
57_61
37
42
42
33_45
42
36
68
64
68
28_40
42
36_64
42
66_66
69
69
30_42
37
42
36
42
68
71
71
68
32_44
37
42
36
37
42
64
33_45
42_69
36_57
69
73
37
61
42_57
64
37
42_61
57_64
64
59
42
61
59
28_40
36_42
57
61
57
37_64
42
33_45
36
40_52
37
42_61
36_64
57
42
37
42
52_59
42_56
36
52
56
64
59
37
42
56_64
37_59
42
42
57
54
42
35_47
42
36
52_56
37_64
42_56
59
56
64
59
37
42
64
56
42
59
28_40_64
42_56
36
64
59
37_56
42
37
56
42_64
59
68
59
66
37
57
42
56
35_47_64
42
36
56_64
59
37
42
40_52
56
37
42_64
36_59
42
62
42
33_45_61
42
36
57
64
61
57
37
42
37_57_61
42_64
61
33_45_64
37
42_57
36
28_40
42
36
59_68
30_42
37
36_42
61
69
32_44_62_71
37
42
36
42
42
71
33_45_64
42
36
73
57
61
64
37
42
37_57_61_64
42
76
42
73
71
28_40
42
36
69
61
64
57
37
42
37
42
64
61
57
37
42
66
40_52_71
42
36
68
56_64
37
42
59
37
42
64
56
59
66
71
68
42
66
64
35_47
42
36
37
42
64
56
59
37
42_56_64
59
42
56
42_64
59
59
64
40_52
42
36
61
59
59_64
56
37
42
64
37
42
56
59
54
59
42
56
54
52
35_47
42
36
37
54_64
42_56
59
64
56
59
37
42
56
42
57_61
52
33_45
42
36
37_57_61
64
42
57
61
64
37
42
61
64
37
57
46
28_40
37_42
36_59
68
61_69
30_42
37
42
36
71
62
32_44
37
42
36
46
71
64
33_45
42
76
36_73
61
57_64
37
42
78
76
57
37_61_64
42
42
76
73
42
71
76
69
40_52
42
36
61
57
64
37_78
42
76
37
42
64
61
57
42
80
59_68
28_40
42
36
37_56
42_59_64
78
66
57
76
56_64
37_64
42
56
59
42
74
35_47
42_56
36
59_62
56
64
59
37
42
64
56
37
42
59
64
46_56
59
80
68
40_52_59
42
36
59_64
56
37
42
78
66
57
76
56
64
37
42
56_64
59
42
74
35_47_56
42
36
59
62
56_59
64
76
37
42
78
37_64
56
42
59
46
56
59
76
33_45
42
36
52_57
61
57
61_64
37
42
37_57_61
64
42
61
64
57
33_45
42
36
59
28_40_57_68
42
36
61
69
30_42
37
42
36
42
32_44
37
42_62_71
36
37
76
42
69
64
61
33_45
42
36_76
57
61
64
57
37
42
73
42
37_61
42_57_64
74
37_49
42
36
64
61
59
76
40_52
42
36
57
57_61
64
78
37
37_49
42
36
33_45
37
42
57_64
36_61
76
42
59
29_41
28_40
42_59_80
36
52_56
56
64
37_59
42
78
76
56
37_64
42_56
64
59
57
66
58
32_44_67
42
36
74
35_47
36_42
59_68
37_56_64
42_59
56
37_64
59
42
58
67
46_66
57
80
28_40
42
56_64
36
62
37
64
42_56
59
78
76
64
37
42_56
59
32_44
42
36
68
74
52_56_59
35_47
42
36
73
64
56
59
37_49
37
42
36
64
56
59
35_47
37
42
36
71
42
69
69
33_45
42
36
57
61
52
37
42
57_61
64
42
37
42
57_64
61
33_45
42
36
64
68
28_40_42
36
64
56
37
42
66
69
66
57
30_42
37
42
36
42
32_44
37
36_42_68_68
59_71
46
33_45
42
36
73_76
69
61
69
73
57_61
64
37
42
74
78
35_47
42
36
61
76
57_64
37_49_73
37
36_42
64
61
42
71
76
73
57
71
73
76
40_52
42
36
69
78
74
57
61
64
37
42
36
37_49
42
36
61
57
64
33_45
37
42
36
73
59
76
42
57
80
56
76
28_40_42
36_68
64
59
37
42
56_64
59
78
74
30_42
42
36
76
73
56
64
32_44
37
42_59
36
52
46
74
71
35_47
36_42
50
56
59
62
37_56
42_64
59
37_49
42
36
64
56
35_47
37_59
42
36
46
80
52
68_76
28_40_42_62
36_59
56
59_62
37
42
78
74
30_42
42
36
73
76
32_44_56
37
42
59_62
36
42
56
56
59
74
35_47
36_42
71
62
56
64
73
59
37
42
76
37_49
42
36
56
64
35_47
59
37
42
36
59
46
78
74
61_64
57
57
33_45
36_42
76
73
64
57
61
37
42
42
61
57_64
37
42
61
64
57
33_45
37
42
36
69
68
59
28_40
42
36
69
30_42_61
37
36_42
42
62
71
32_44
37
42
36
37
46
74
64
73
33_45
36_42
73
76
61
73
69
61_64
57
37
42
35_47
42
36
64
37_49_57_61
37
42
36
74
76
42
71
73
71
73
76
40_52
36_42
64_69
78
74
57
64
37
61
42
42_54
42
36
40_52_61
57
37_64
42
36
73
76
42
59
80
56
28_40_42
36_76
64
56
59
56_64
37_59
42
78
74
30_42
42
36
73
76
32_44
64
37_56
42
36
59
42
42
74
59_68
35_47_56
42_52
36
71
56
37_59_64
42
56
42
64
66
36
37_49
35_47
37_64
42_56
59_64
36
73
76
46
74
78
64
68
76
80
71
28_40
42
36
62
76
37
42_56
64
59
42
78
30_42
42
36
74
73
76
32_44
56_64
37
42
36
59
42
74
71
56_59
52
61
35_47
42
36
59
56
37_49
37
42_59_64
36
42
64
35_47
37
42
36
56
59_64
69
73
46
71
61
57_69
33_45
42
36
57
61
52
61
57_64
37
42
42
57
64
61
37
42
33_45
37
42
36
64
56
52
64
68
28_40
42
36
42
66_66
69
54
57
30_37_42
42
36
42
59_71
68
56_68
32_44
37
42
36
46
64
52_69
57
69
73
33_45
42
36
37
42
64
37_61
64
42
57
42
61
61_64
57
37
42
61
57_76
37_49
42
36_73
71
64
69
40_52
42
36
37
37
57
61
64
61
57
37
42_64
61
61_64
57
37_49
42
36
59
56
68
35_47_71
36_42
64
56
64
59
37
42
59
42
37_64
56
42
59
71
32_44_68
33_45_57
42
54
36
66
64
28_40
42_56
36
52
56
59_64
37
42
56_64
37_59
42
54
42_57
64
56
59
64
56
56
59
28_40
36_42
59
64
56_59
37
42
42
37
56_64
42
59
32_44
59
42
36
56
54
64
52
35_47
42
36
64
37_59
56
42
54
57
42
59
56
64
59
37_56
42
64
62
32_44
42
36
61
57
52
57
33_45
36_42
61
61
57
64
37
42
42
57_61
64
37
42
61
42
59
61
57
64
57
68
28_40_59
42
36
61
69
30_42
37
42
36
54
42
62_71
32_44
37
42
56
36
46
57
33_42_45
64
36_73
61
61
57
37_64
42
42
61
37_57_64
42
57
37_49_76
42
36
73
71
64
40_52
42
36
69
61
64
57
37
42
42
62
61
61
37_57_64
42
37_49
42
36
56_66
59
71
40_52_68
37
36_42
64
56
59
37
42
67
42
69
64
56
59
37
66
42
69
57
54
35_47
42
36
56
52
68
64
28_40
42
36
56
59_64
37
42
42
64
56
37_59
42
54
57
52
64
35_47
56_56_76
46
36_59
71
68
59
40_52
42
36
64
56
59
64
37
42
42
56
64
59
37
42
35_47
36
64
32_44
42
36
59
54
57
56
52
52
28_40_42
36
56
30_42
37
42
36
42
59
32_44
37
42
36
46
57_59
33_45
42
36
57_61
64
61
57
37_64
42
42
61
33_45_57
64
37
42
36
32_44
36
30_42
42
36_61
64
57
52
28_40_64
37
42_68
36
54
30_42_66_69
37
42
36
56
71
32_44_68
37
42
36
37
46
71
73_76
33_45
42
73_76
36
37
42_61
57
64
74
78
35_47
42
36
61
57_64
37_49
37_42
36
76
73
42
64
40_52
42_69_73
36_76
61
57
64
42
78
74
37
37_49
42
36
73
76
33_45
37_61
42
64
36_57
37
42
80
76
32_44
42
36
68
59
56
37
64
42
59
66
57
78
30_42
42_74
36
76
56_64
64
56
73
59
28_40
37
42
36
42
74
56
40_52_71
42_59_62
36
56
37
59
42_64
37_49
42
36
64
56
59
35_47
37
42
36
42
46
80
59
76
62
40_52
42
36
68
64
68
37
64
42
56
59
71
78
74
42
64
73
68
76
71
37
42_56
64
59
74
35_47
37
42
36
74
71
71
74
28_40
36_42
80
73
64_76
56
59
37
42
36
30_42
76
42
78
74
56_64
32_44_74
37
36_42
59
76
33_45_73_73
36_42_64_69
37
57_61
42
64
42
61
64
57
37
42
42
33_45
42
61
36_64
57
69
28_40_59_68
42
36
42
30_42
37
42
36
61
69
42
42
32_44
37
42
36
62_71
73
76
37
42
46
76
73
73
33_45_64
42
36
73
61
64
57
37_69
42
42
61
64
57
37
42
74
42_71
64
61
59
73
76
28_40
36_42
57
74
78
61
37_64
42_57
73
76
61
33_45_57
37
42_64
36
61
42
64
57
80
40_52
37
36_42
52_56_59
56_64
59
37
42
78
74
73
76
56_64
59
37
42
42
74
62
59
56
71
35_47
36_42
64
56
59
37
42
42
64
56
59
37
42
42
73
76
56
42
59
64
74
78
59
80
76
62
68
28_40
42
36
64
56_59
37
42
66
78
42
74
73
76
64
64
37_59
42_56
46
74
71
35_47
56
42
59_62
36
73
76
56_64
59
37
42
42
56
64
37_59
42
71
74
37_49
42
36
57
73
61_64
69
33_45
36_42
61
64
57
37
42
42
61
57_64
37
42
61_64
57
37
46
33_45_57_61
42
36
46
32_44_59
56
37
42
36
46
30_42
37
36_42
54_57
37
46
80
52_56_76
28_40
42
36
56_64
37_59
42
78
74
42
64_76
56
59
73
37
42
71
68
66
69
42
71
74
35_47_68
42_64
36
64
56
59
73_76
37
42
42
56
64
59
37
42
71
74
37_49
42
36
74
78
38_50
37_51_66
36_57_62_62_66
73
37_49
37
36_51_61_76
64
61
64
74
35_37_47_59_62
51
36
71
62
59
69
73
81
57_61
33_45
36_51
64
61
57
64
51
51
51
51
51
51
69
73
57
61
76
64
45_57
69
81
