79
77
79
76
77
74
76
60_64_72
74
72
72
64
72
60
72
72
72
72
48
60
64_72
60
48
72
64
60
60_72
64
48
60
48
72
76
64
60
76
43_55
71
65
43_55_67
55
65
76
65
43_55
67
71
43
74
55_76
74
72
55_65
72
71
72
48
48_60_64
60
71
60
72
64
60
64_72
48
48
60
79
64
72
60
79
55_67
74
55_59_62
67
62
55
79
62
59
67
77
55
67_74
79
55
77
55
76
62
76
74
76
64
48_48_60_72
60
60_72
74
64
64_74
60
48
76
72
60
48
72
76
64
60
74
76
77
77
79
79
81
83
81
84
83
84
64
67
64
79
55_64
67
64
64_65
62
62
62
77
79
64
79
77
55
62
65
62_77
79
60
60_64
60
76
62
77
76
60
60
64
60
52
72
60
52_71
72
71
72
55_67
52
60
72
72
40_67
52
52_72
67
40
72_72
60
55
67
52
52
60
72
67
40_52
52_67
72
60_67
40
52
72
52
72
67
52
55
60
55
60
60
69
53
67
60
69
53
67
69
57
60_81
60
53
69
60
41_53
69
60
53
57_60
81
41_69
60
53
53_60
53_69
41
60
81
60
53
60
53
69
41
81
60
53
53
81
77
77_81
55
76_79
76
79
77
74
74_77
55
72_76
43
76
72
71_74
43
71_74
74
48_71
74
76
72
36
71
76
36_72
48
52_72
60_71
52
72
67
84
52
71
72_72
40_52_55_67
60
52_67_84
40
72_72
60
55
67
52
52_72
40
67
67
52
52
84
60
40
72
67
52
60_84
52
67
52
55
60
55
60
60
69
53
60
67
53
69
53_81
69
60_72
57
60_69
67
69
60
53
41
69
72
60_81
53
69
41
60
57
60_69
53
69_81
53
60_69_72
41_60_60
53
53
53_60
69
53
72
41
81
60
53
69
81
77
81
77
79
55_76
76
79
74_77
74
77
55
43
72
76
76
72
74
71
74
71
43
48
72
71
72
72
71
72
48
79
77
79
76
74_77
76
64
48_55_60
64
60
72
84
48_72
55_60_64
74
84
64
72
60
72
55
48
72
84
72
64_64
72
72_84
60_60
48
55
72
84
72
72
84
72
72
84
72
72
84
72
84
48
48_55_64_72
60
60_64
55
64
60_72
48
55
60
64
84
48
72
55
76
60
64
88
64
60_76
76_88
72
76
55_62
62_65
55_76_88
65
55
65_76
88
65
76
74
62
86
55
74
76_86
74
65
72
62
84
74
72
65
84
55
55
72
72
71
83
71_71
83
64
60
72_84
64
60
71
60
64_72
72
64
60
84
64
79
76
72
91
79
64
60
76
79
91
60
79
91
62_79
55_62_76
55
55_62
79
91
76
79
62
89
55
79
74
77
77
89
74
77
62_62
55_55_77
88
76
72_76
88
76
72
86
76
74
71
74
74_86
71
84
60
48_72
64
48_60
72_74
60_64
84
64
60
48_74
72
72
74
76
60
48
64
76
77
60
77
79
81
79
83
81
84
83
84
79
55_76
64
55
79
55
79
76
43
74_77
62
77
64
79
79
77
77
43_55_74
77
79
76
48_72
62
60
76
77
76
72
76
48
60
48_60
76
67
60
64
67
60_67
48
76
69
67
71
69
71
72
72
74
74
76
76
64
77
60
77
55
64
79
55_64
64
64
55
55
76
67
60
48
67
48_60
76
60_64
64
60
76
67
60
48_76
60
48
67
48_76
60
67
67
48_60_76
60_64
67
64_76
60
60
48
76
67
60
48
76
48_60_67
60_67
48
76
60
64
76
60
79
67
48
64
60
60
76
48
67
62
47_59
74
74
59
47_62_67
59_62
47
62
59
67
67
74
74
47
59
62
67
69
71
69
71
72
72
74
76
74
76
78
62
59
78
62
55
62
55
79
62_62
55
55
74
47_67
59_67
47_59
86
79
62
59
79
62
59_86
67
47_74
59
67
59
47
59_67
74_86
47_67
47_59_79
62
59
79
79
86
62_67
59
74
59
47_67
59
47
67
47
59
74
47_59_67
86
79
62
59
47
47_62_79
59_86
67
59_74
67
59
69
71
69
69
71
48_48
60_60
76_79_88
67
60_64_67
69
48
60
67
76
67
67_79_88
60
48
67
66
66
67
72
67
72
67
76
67
76
67
55
64
67
79
55
64
60
64
67
60
79
60
79
64
60
64
60
79
79
67
60
76
76
60
76
76
60_67_84
60
84
64
60
64
60
84
84
67
79
60
79
79
60
79
79
76
60_67
60
76
67
60_60_64
76
76
64
60
72
60_72
72
72
67
55
74_74
50_67_67
62
59_62
67
67
62
50
74
67
67
74
55
67
66
66
67
67
71
71
67
67
74
74
67
62
55
55
79
67
62
55_62
59
55
47_55
55
47
83
59_62
83
79
59_62
55
47
83_83
79
55
47
79
74
47_47_55_55
79
74
62
59
74
59
62
79
71_74
55
71
47
55
47
71
71
47
55
67
47_55
62_67
59
62
47_59
67
67
47_55
64
55
62
62
64
72
60
57
60
57
45
60
72
60
72
71
72
60
45
57
57
72
71
60
78
72
78
72
71
72
72
71
72
50
38_66
66
50_62
81
72
50
72
62
50
50_72
66
38
81
61
72
62
66
62
50
62
61
62
50
69_72
50
62
69
72
61
62
61
62
67_71
50
50_62_67
38
67_71
62
50
71
50_67_71
38
67
50
71
69
71
62
50
67
71
69
74
71
74
71
69
71
71
69
79_83
71
50_67
62
71
67_79
38_50
50
71
50_62
67
71
79
50
38
83
61
67
62_62
71
50
79
61
62
67_71
50_62
50
62
67
61
62
71
61
62
66_72_84
78
38_66_72
50
66
62
50
50_62
66
72
50
38
72
78
72_84
66
62
66
72
71
50
50
72
71
78
72
78
72
72
71
72
71
50_66
72_84
38_50_66_72_78
81
62
50
66
50
72
38
62
50
78
84
61
66
62
62
50
61
62
81
72
50_69
62
50
62
69
61
62
72
61
62
50_67_67_71_71
38_50_62_71
67
62
50
50
67
38
71
71
67
67
71
62_71
50
69
71
50
69
71
71
74
74
71
71
69
69
71
50_71
67
38
83
79
79
71
50_71
50_62_67
50_62
38
50
67
71
67
71
62
50_79
79
83
61
62
61
62
50
62_67_71
50
62
61
71
62
61
62
67
69
50
66_66_66
50_66_69_69
38_50_62_69
62
50_62
66
50
38
69
66_69
66
66
69
62
50
69
61
62
61
62
50
74
62
71
50
62
61
62
74
71
61
62
62
69_72
50
50
62
72
69
61
62
61
62
62
50
67_71
50
62
61
62_71
61_62
67
50_69
66
62
50
62
61
62
66
69
61
62
82
86
50
38_50_50_62_70
70_74
62_74
50
62
61
62
61
62
50
38_70
62
74
50
82
86
70
84
81
50_62
72
72
50
69_69
38
50
62
74
50
62
61
62
38
50
61
62
84
62
50
81
70
38
50_69_72
67_82
62_72_79
50
69
70
67
62
50
50
62
61
70
62
70
82
61
62
50
38
50
62
66_69
38_50
78
81
66
50_67
62
67_79
66_69
50
62
38
66
69
50
78
81
66
69
50
66
62
50
74
72
74
71
72
69
71
67
69
67
79
74
67_71
55
59
55_55
67
59
55
67
71
55_74
79
67
55
67_74_79
43_71
67
43
55_59
59
55
43_67
74_79
67
71
43
81
79
81
78
79
76
78
74
76
74
43_71_79
55_67_71
74_79
67_74
79
59
55
59
55
71_79
79
67
74
74
43
55_67_71
79
31_59
43_55_79_79
67_71_74
79
67_74
71
55
55
59
55
79
67
43
79
74
74
71
67_71_79
31
86
84
86
83
81
84
83
79
81
79
79
67
71_74
43
79
55_74_79
67_71
34
55
34_59
59
55
74
67_74
71_79
71
67
79
55
79
43
43
79
31_67_71_74
43_79
67_71
55_74_79
59
59
55
79
67
43_74
74
71_79
67_79
71
43
31
83
81
83
79
78
81
79
76
78
60
60
60_80
76
60
80
81
60
60
81
84
60
60
84
72
59
59
72
78
59
59
79
59
78
59
59_83
79
59
83
60
76
60
76
81
60_80
81
60
81
80
60
81
84
60
84
81
80
60_81
60
81
80
81
59
74
59
78
74
78
79
59
59
78
79
78
83
59
59
83
78
59_79
78
59
79
57
69_72_72
72
57_69
45_55
69
69
72
72
78
72
72
69
55
81
57_69_72
45
78
57
84
81
55_84
43_43_55_55
72
69
69
72
72
78
72
55
72
69
43
55
69_81
72
43_55
78
84
81
72
69
54
42_54
42
54
72
84
69
72
78
72
81
72
81
72
81
42
54
42
78
54
84
54_81
40_52
52
81
72
52
84
81
72_81
81
72
78
72
81_81
72_72
72
81
52
40
78
72
81
52
72
81
84
81
84
52
72
81
72
50_50
38_81
72_72
72
74
72
50
72
74
72
74
72
74
72
81
72
74
50
38
72
72
74
72
81
50
72
74
74
72
50
72
72
69
69
72
55_67_71
67
55
62
59_71_74
62
74
62
59
74
55
62
74
62
55
74
59
62
59
74
62
62
54
74
76
62
74
54
76
74
57_62
74
57
62
62
54_81_84
62
54
57
62
57_84
81
62
62
55
83
79
79_83
55
62
74
59
62
74
62
59
55
74
62
74
62
55
59
74
62
59
62
74
54
62
74
62
76
74
54
76
62
57_74
74
62
57
62
54_84
81
62
81_84
54
57
62
62
57
62
83
55
83
86
84
86
84
83
55
81
83
81
79
79
78
78
76
50
62
50_79
38
71
79
71
59_74
55
50
76
59
50
71
55
79
71
79
50
62
38
50
62
50
38_50_79
71
55
79
50_59
71
74
59
71
50
71
38_55
50_62
79
50
79
62
50_78
50_72
50_60
38_54_78
72
81
60_83
81
72
50
78
54_78
72
50_81
38
83
62
50
83
81
78
38_50
60_78
50_54_72_72
50_62
81
83
38_83
81
50
72
72
60
78
78
81
50
62
54_83
79
81
50
83
79
55_59_79
71
43_55_79
71
55
79
71
83
84
86
71_84
55
79
43_71
79
71_79
84
55
86
59
55
84
83
83
81
81
79
79
78
78
76
50
62_79
71_79_91
38_50_71
83
55
59_74
50
76
50
59_91
83
55
71_79
50_71_79
38
62
50
62_79_91
50
38_50_71_79_83
71
50_59
55
59
71_83
91
50_71
55_74
79
50
62
38_79
50
72_72_78_78
38_50_62
50_60_81
50_54_84
90
83
81
60
50
72
81
54
78_83_90
78_84
50
72
62
38
83
50_81
81
83
78
72_90
38_50_50_54_60_84
78
72
62
50
83
81
38_81
72_83
50
78
60
81
54
79
84
50
72
62
90
81
78
50
79
79_79_81
43_55_71
59
55
83
55_79
71
59
55
79
83
79
79
71
71
43_55
55
55
55
43_55_83
43_55
55
79
83
55
79
74
55
43_43
55
55
74
71
55
43
55
43
55
43_55_55
43
71
55_67
43_43_55
55
55
67
74
55
43
55
43
55
74
55
43
55_71
43
55
55
71
67
55
67
55
62
43
43
55
55
62
59
43
55_55
55
59
43
55
43
55
43
55
67
55
43
67
43
55
55
74
72
74
71
72
69
71
55_55
59_67_67_67
59
59
43_50_67
69
67
50
67
59
67
43
59
67
55
67
59
67
55
67
67
67
67
55_59
43_55
59_67
67
55
59
67
59
55
67
43
67
55
71
59
59
67
55
71
66
38_50_60
66
60
50
50
71
60
69
60
38
71
50
66
66
69
67
50_60
60
50
67
66
67
67
43_55
66
59
55_59
59_67
55
67
55
59
43
67
59
55
74
67
59
55
74
69
66
66_69
38_50
50
57
62
50
74
62
72
50_66
69_74
38
69
71
66
50
50
57
72
69_71
67_71
31_43
55_59
71
67_67
69
43
55
69
67
67
71
43
71
31_67
71
69
59
55
71
55_72
43
72
74
74
76
78
76
78
79
79
74
50
59
72_74
57
59
74
72
72
74
50
55_71
57_72
71
55
47
67
55_66
47
67
66
67
35_67
47_50_62
67
55
47
67
35
62
67
55
67
50
67
62
35_47
47_55
45
81
79
45
81
55
62
35_47
47_67
50
47
55
79
47
50
55
48
55_64
55_62
48
64
62
48
36_52_55_64_64
50
55
50
64
64
55
64
48
36
55
52
64
48_64
36
55
76
55
48
55
48
64
36
76
76
72
48
72_76
71_74
50
71
74
69
72
72
69
38
71
67
50
71
67
66
69
66
69
38
43
66
69
69
66
43
31_71
67
71
31
67
47_67
55
66
47
67
59
67_67
47
66
35_62
50_67
55
67
62_67
55_67
50
47
35_59
67
62
35_47
79
59
55
47
55
47
35
67
47
62_79
50
59
55
50
55
48
55_64
62
55
48
64
62
60
64_64
36_48_52
55_64
55
64
55
64
36
48
64
55
52
60
48
64_76
36_55
60
55
48
55
64
36
76
48
76
72
48
60
72
76
50
74
71
74
71
69_72
72
69
50
38_71
67
71
67
38
66
66
55
43
67_67_79
55
55
55
62
67
43
55
59_79
62
79
67
55
62
59
55
62
79
79
79
55
62
59_79
62
79
59
62
62
43_55_67
43_55_79
53
79
62
53
79
59
55
62
43
62
59
79
43
67
55
62
53
71
72
71
62
53
71
72
72
71
59
62
71
72
69
71
62
59
71
69
52_60
84
76
62
52_72
72
52_64
60
71
72
52_60
52
60
60
52
79
55
76
60
84
79
60
55
72
64
60_79
52
79
52
60
55_79
60
79
60
55
60
52
84
76
52_60
79
64_72
60
52
52
76
60_84
60_79
55
60
55
72
64
60
52
72
74
60_72
52
72
74
55
74
60
72
72
74
60
55
71
72
72
55_60
71_86
62_79
74
67
74
48
72
48
57
55
62
55_79_86
74
55
57
50
79
67
74
55
50
79
55
47_62_79
55
55
79
47
50
79
55
55
62
79
55
50
55
62
47_55_74
55_62
67
79
55
47
62
55
50
67
47_55
74
47
79
55
62
50
55
55
47
74
76
74
55
47
74
76
50
72
55
74
50
74
55
72
74_88
55_84
48
60_64_76
64
60
55
48
84_88
76
64
60
55
52_84
55
52
84
64
60
55
48
84
84
55
48
52
84
55
55
52
84
60_64
88
76_84
72
55
52
84
60
52
88
84
64
60
55
60
72
76
84
60
55
60
52
79
81
79
60
79
52
81
81
79
55
60
79
81
81
79
60
55
79
81
77
79
79
81
72
41_53
77_81
60_72
81
72
53
41
53
81
79
60
53
53_57
41
53
83
41_60
81
81
83
57
60
81
81
79_81
79
52_79
40
60
81
40_52_52
79
81
79
60
52
81
79
55
60
52
40
52
79
40
55
60
79
72
79
72
77
38_50_60
72
77_77
50
50
72
79
59
77
50
55_72
77
79
77
74
71
59_71
72
50_79
38
72
77
77
55_59
50
72_76
36_48
71_71_74
48_72_76
59_76
48_72
76
77
76
60
48_76
72
76
72
72
76
72
72_76
36
55_72
76
60
48_77
76
48
60
55
76
60
76
72
72_76
72
71_74
55
43
71_74_74
74
43_55_55_71
59
74
79
79
71
74
55
71
74
59
43
74
71
55
55
79
43
79
62_71_74
59
79
62
59
79
62
74
71
64
60_72_76
62
64
60_79
59
50
59
43
79_81
50
79
81
43
79_81
64
76
60
60_62_64_72
43_59
74
79_81
71
62
59
81
79
79
43
81
81
79
62_74
71
43_60_64
59_62_76
72
60
79
59
81
81
79
64
79
81
43
81
79
76
60
78
66
43_69
57
57
72
60_79
81
81
79
79
81
57
43
81
79
69
79
67
43_59
81
79
50
59
71
66
78
57
50
55
43
71
55
67_79
43_59
55
79
55
59
43
79
77
79
75
74
77
75
67
63
74
72
84
72
84
84
84
84
63_84
67
84
60_63
79_84
79
63
60
79
77
79
75
74
77
75
56
72_74
63
84
72
84
84
84
56
63_84
84
62
84
56
53
77
84
77
53
62
56
77
75
77
74
72
75
74
71
53
72
59
53
55_71
79
59
79
59
55
53_79
59
79
59
53
79
55
59
79
59
55
53
59_79
59
53
55
59
79
59
55
59
79
53
81
79
59
53
79
81
78
55
79
59
78
55
79
59
79
59_84
51
60
51
84
55_91
60
91
60
55
51
91
60
91
60
51
55
91
60
91
60
55
51
60
91
60
51
55
60
91
60
55
60
51
91
92
91
60
91
51
92
55
89_91
60
55_60
91
89
60_91
53
92
53_60
92
56
96
60
96
56_60
53
96
60
96
60
53
56
96
60
96
60
56
60
53_56
60_96
94
96
92
94
91
92
91
89
89
56
87
53
60
86
87
84
86
84
55_91
63
55
91
60
79
63
79
63
60
63
55
79
79
63
55
79
60_63
79
63
60
63
55
67
69
67
71
69
71
72
55
74
72
75
74
75
77
77
79
75
43
43_55
54
55
79
75
54
55
43_75_79
55
55
43
54
55
75
79
55
54
43_74_77
55
55
43
54
55
77
54
74
55
55_75
43
72
55
43
75
54
55
55
54
72
55
43
71_74
43_55
54
71
74
55
54
55
55_87_91
43
79
43
87_91
55
54_87
91
79
55
91
54
87
55
79
43
55
79_86_89
89
43_86
55_79
54
79
89
86
55
89
54
86
55
79
43_55
79_87
84
87
43_84
79
55
79
54
87
84
55
87
84
54
79
55
43
55
83_86
79
43
55
86
83
54
55
54
55
63_67
43
55
43
55
54
55
55
54
63
55
65
43_67
62
43
55
54
55
54
55
65
55_62_63
43
60
43
55
54
55
63
54
55
43
62
59
55
60
59
62
43
79
77
79
76
77
74
76
48_60
64_72
64
64
60_60
48
64_72
72
74
72_72
72
64
60
48
60
48_64
72
72
72
72
72
72
72
72
72
72
72_72
64_72
72
72
72
64
72
72
60
72
64
72
48_64_64
48_60
60
60_64_72
48
48
60_64
76
60
76
72
64
72
76
64
60_64
76
72
76
76
76
55_62
65_76
62
55
65
55
65
76
76
65_74
74
74
76
76
62
74
74
72
55
72
72_74
62
55
72
65
65
71_72
55
72
71
71
71
71
72
71
72
64
60_60_64
64
60
72
72
64
79
60_76
76_79_79
64
72
79
76
72
64
79
76
79
60
60
79
76
79
62_76_76
55
55
62
55
79
79
76
76
79
74_77
74_77
74_77
74
77
79
76
74
77
55
72
76
77
72
76
72_74
76
76
62_72_77
72
76
62
55
77
55
72
71_74
71
69_74
76
74
74
71
74
69
71
72
48_60_64_64_72
60
48
60_64_72
64_72_74
74
72
64
64_72
60
48
72
76
60
48
64_72_74
76
64
77
60
77
79
81
79
83
84
81_84
84
83
84
84
84
79
79
76
55
55
55
79
64
79
55_55
76
43
43
77
74
74_77
77
62
79_79
64
79
77
77
77
74
74_79
77
43
76
72
43
72_76
48
48
62
55
60
76
77
76
48
60
76
72
76
48
72
72
52
67
72
52
67_72
71
60
72
67_72
40
52_72
67
72
71_72
55
67
60
72
67
72
72_72
67
55_60_67
52
40
72
52_67_67_72
40
52_60
60
52
67
72
72
40
52
67
55
60
55
60
69
60
53
67
60
53
69
69
60
41_53_69
60
41_53_60_69_69
57
67
60
69
60
57
60
69
60
53_69
69
53
41_60
41
60
69
53_60_69
41_60
69
53
41_60
53
60
69
41_41_60
53
53
60
69
69
77_81
77
53_81
55
76_79
76
79
74_77
77
74
43
55_76
72
76
72
71_74
71
74
43
74
48
71
74
36
72_76
71
76
72
36
48
52_72
60
71
72
52
40
52_67_72
40_52_67_72
67
55
72
60
71
67
72
52
40
72
67
72
60
55
67
52
40
72
52
40_67_72
67
67
52
40_52
60
60
52
72
40
67
52_67
72
40
52
67
55
60
55
60
60
53
69
53_60
67
69
67
57_69
60
69
60
57
60
53
53
69
60
53
53
53
69
81
53_81
77
77
69
77
81
69
53
81
77
53
81
53
77
81
81
77
77
81
77
77
77_81
81
81
77
81
77
76
79
79
76
60_76_79
76_79
53
76
76
79
79
76_76
79
79
74_77
74
77
74_77
79
74_77
79
74_77_77
77
74
74
77
74
72_72_76_76
72_76
76
72
72
76
72_76
76
72
76
72
74
71
43_55_64
71_74
43_55_62_71_74
43
74
71
55
43
71
54
55
74
64
55
43
54_74
55
71
62
55
43_71_74_74
71
74_77
43
55
43_55
74
77
54
55
54_55
55_77
43_55_67_77
67_74
74
43
43_55_77
67_74
77
76
55_77
43
43
77
74
67
67
74
77
76
77
67
55
43
74_77
83
77
83
77
79
79
77
76
76
77
77
67_74
77
67_74_77
43_55_86
67_74
55_77
43_43
55
43
86
54_77
55
67
74
74
67
55
77
43_55
43
74_77
67
54
55
55_74_77
43
43_55
74
77
54
55
54
55
76_76_76_88
43_43_55_64_72
64_72_84
55
43
55
76
76
55_64
43
72
64
55
72_74
76
43_76
43_76
88
84
74
76
79
76
76
79
76
74
74
76
76_88
84
64_72
43_55_76_76
76
43_55_72
43_64_84
55
43
64
55
43
76
72
64
76
55
54
43_72
55
88
84
76
84
54
55
55
43_76
72
55
43
54
72
55
76
54
55
77
55_65_74
43_65
74_77
55
43
43_55_77
65
74
77
55_77
43
65
77
55
43_65_74
74
76
65
77_77
74
76
77
43
83
77
83
77
76
77
76
77
55_77_77
74
65
43
77
43_77_86
55_74
65
43
65
77
74
55
43
43_86
55
77
74
55
54
43
65
55
54
55
77
55
77
43_74
43_55
74
77
54
55
54
55
76
77
76
76
43
55_76
72
55_64_77
72_76
43_55
64
43
76
64_76_76
55
43_72
43_72
55
64
74
76
43
76
76
74
76_79
79
76
74_76
74
76
76
77
76
76
77
55_64_72_76
43
76_84
43_55_76
43_64_72
43_55
84
64_76
55_72
43
54
55
64
55
76
72
43
54_76
55
43_55
72_76
43_76
55
72
54
55
54
55
67_71_74
43_55
55
43_43_67_74
71_74
55_71
74
67
71
71
55
43
74
54_74
55
67_71
54
55
55
43_79
76
67_67_71_71_74
43
55
79
76
54
55
55
54
43
55
43
74_77
55
43
77
74
54
55
54
55
55
43
72_76
74
76
43
55
76
72
76
74
54
55
74_76
54_55
74
76
74
76
55
74
43_71
43
74
76
76
74
43_74
55_76
76
74
71
74
74
76
54
55
55
54
55
55
75_79
55
43
43
45
55
45
75_79
55_80
80
43_55
54
55
55
75
54
55
55
74
75
79
77
43_55_74_79
55_74
77
55
43
55
54
74
55
55
55
54
55
77
75
72
55
55_55
75_77
75
43_72
72
74
74
43_55
54
55
72
75
55
54
55
74
72
55
75
77
72
74
71
55
75
43
71
74
55_75
67
55
77
74
71
75
71
55
74
43
74
71
43
71
74
67
79
55
77
79
76
77
74
76
72
74
72
48_55_64
72
48_55_60_64_72
64
64_72
64
64
72
60
55
64
72
48_64
48_72
55
72
48_55
55_64_72
48_64
72
64
60
64
55
64
55_64_72
48_48
64
72
72
64
86
60
84
86
83
84
81
83
79
81
84
76
72
64
55
48_48_64
64
60
79
64
60
84
86
76
64
72
55
48
64
48
86
84
76
48_55_72
48_64
64
60_64
64
76
60_84
64
72
48
48
64
55
77
76
77
74
76
72
74
71
72
71
43_55
62
65
71
43_55_62
65
62
65
71
74
65
74
62
62
62_71
65_71
55_65
55
43
43
71_71
55_62_62_65
43_55
65
43
62
65
74
74
74
71
62_65
71
55
43
62
65
55
43
76
74
55_71
65_71
43_62_65
62_77
55_65_79
43
62_76
76
55
55_77
62
65
62
65
43
71
43
71
74
76
76
74
79
84
76
72
64_67
72
48_64
48_67
36_36_60
77
76
67
60
77
64
79
67
64
76
48
84
72
67
36
64
67_72
48
36_79
67
64
60
67_79
79
67
60
79
64
67
79
64
67
59_67
79
67
59
62
67
79
67
62
59
67_77
79
77
77
67
79
59
79
77
77
79
62
77_79
67
77
79
77_79
67
62
77
79
76
77
77
76
67
60
76
77
67
60
76
79
64
67
79
64_67
60
79
67
79
60
67
79
64
67
79
64
67
59_67
79
59
67
62
67
79
67
62
59_77
67
79
77
67
77
79
77_79
59
77
79
62
59
79
77
67
77
59_79
67
76
77
62
77
76
76_77
60
67
76
84
83
84
60
83
81
79
81
79
77
76
77
55
55
74
76
64_72
43_55_60_64
43_55_55
72
64_84
64_72
76
74
55
64
60
76
72
84
64_72
55
64
43
64
55
43
64
43_55_55_72
60
43_55_64_84
64
64_72
76
72
55_64
60
64
76
72
43
64_72
84
55
64
55
43
71
55_65_74
43_55_65_71_77_83
59
65
65
55
43
76
74
65
55
59
65
74
71
76_83
71
43_55
65
77
65
55
43
76
74
55_65_71
43
71_77
43_55_55_65
65_65_83
59
74
76
76
74
65
77
65
65_83
71
71
74
43
55
55
76
59
72
74
43
65
55
74
72
64
84
48_72_76
64_72
48_60_64
64
74
76
76
76
72
84
84
64
64_72
64
48_60
48
64
84
83
83
81
79
81
77_79
76
77
74
76
72_84
43_55
64_64_72_76
64
60_64_72
55
43_55_74
76
64_72
84
64
55_60
72
64
55
64
43
55
43
64
55_64
43
43_76_84
55_55_60_64_72_72
64
55_76
84
64
72
60_64
72
64
55_72
43
55
43
64
86
74
43_55_65_84
55_65_71
55_65
43
59
71
65_86
76_77
74
65
55
71
74_76
59
65_71_84
65_77
43_55_65
74
55
76
43
74
76
65_71
55
43
65
55
43_55_65_77
76_83
59
74
71
65
55
74
55_77
83
76
71
65
43_65
65
65
71
43
55
76
74
59
74
76
72
74
72
48_64_84
36_67
76
74
64_64_79
60_72
72
67_72
64
48
36
72
74
64
67
72
64
48
60
36
64
48
72
79_84
76
36
72
36_48
72
48
36_64
67
64
72
60
67
64
67
72
60
48
36
48
79
36
36_48
60
79
79
60
76
79
76
76
76
48
36_72
72
60
36
48
48
72
36
67_72
67
60
48
60
67
67
60
48
64
48
36_64
60
48_60
64
64
48_60
36
60
48
64
48
36
64
60
48
60
64
60
64
60
48
48
36
76
76
48_60
64_72
60
76
72
60
72
76
72
72
67
36_48_67
60
48
64
72
60
67
60
48
67
36_64
64
48
60_64_72
64
60
72
48
64
64
60
48
36
60
60
48_60
64
72
48
60
36
60
64
60
72
48
60
