60_64_74
72
71
72
67
72
76
55_65_74
72
71
60_64_72
67
72
76
55_65_74
72
71
60_64_72
79
81
83
60_84
79
76
62_79
55
77
79
77
79
77
76
77
60_76
53_74
81
79
77
76
74
72
55_72
53
71
72
71
72
71
69
71
52_72
67
59_74_77
60_72_76
55_72_76
67_71_74
55
60_64_74
72
71
72
67
72
76
55_65_74
72
71
60_64_72
67
72
76
55_65_74
72
71
60_64_72
79
81
83
60_84
79
76
62_79
55
77
79
77
79
77
76
77
60_76
53_74
81
79
77
76
74
72
55_72
53
71
72
71
72
71
69
71
52_72
67
59_74_77
60_72_76
55_72_76
67_71_74
55
52_60_79
72
76
79
52_60_76
79
82
53_82
65_81
64_79
62_77
76
77
65_81
79
77
66_76
74
72
67_72
62
55_71
60_64_74
72
71
72
67
72
76
55_65_74
72
71
60_64_72
67
72
76
55_65_74
72
71
60_64_72
79
81
83
60_84
79
76
62_79
55
77
79
77
79
77
76
77
60_76
53_74
81
79
77
76
74
72
55_72
53
71
72
71
72
71
69
71
52_72
53_83
81
79
77
55_76
43
74
76
74
76
74
72
74
48_72
43
36
52_60_79
72
76
79
52_60_76
79
82
53_82
65_81
64_79
62_77
76
77
65_81
79
77
66_76
74
72
67_72
62
55_71
60_64_74
72
71
72
67
72
76
55_65_74
72
71
60_64_72
67
72
76
55_65_74
72
71
60_64_72
79
81
83
60_84
79
76
62_79
55
77
79
77
79
77
76
77
60_76
53_74
81
79
77
76
74
72
55_72
53
71
72
71
72
71
69
71
52_72
53_83
81
79
77
55_76
43
74
76
74
76
74
72
74
48_72
43
36
48_51
67
65
63
62
60
60
50_53
50_53_59
50_53
65
63
62
60
59
62
51_55
51_55_60
51_55
67
65
63
62
60
53_56
62
65
62
60
59
51_60
53_63
62
55_60
59
48_60
43
36
48_51
67
65
63
62
60
60
50_53
50_53_59
50_53
65
63
62
60
59
62
51_55
51_55_60
51_55
67
65
63
62
60
53_56
62
65
62
60
59
51_60
53_63
62
55_60
59
48_60
43
36
43_51
70
68
67
65
63
44_51
72
70
68
67
65
46_50
68
67
65
63
62
48
63
60
68
58
67
44
65
56
72
55
70
56
68
58
67
46
65
51_65
63
53
51
50
48_51
67
65
63
62
60
60
50_53
50_53_59
50_53
65
63
62
60
59
62
51_55
51_55_60
51_55
67
65
63
62
60
53_56
62
65
62
60
59
51_60
53_63
62
55_60
59
48_60
43
36
43_51
70
68
67
65
63
44_51
72
70
68
67
65
46_50
68
67
65
63
62
48
63
60
68
58
67
44
65
56
72
55
70
56
68
58
67
46
65
51_65
63
53
51
50
48_51
67
65
63
62
60
60
50_53
50_53_59
50_53
65
63
62
60
59
62
51_55
51_55_60
51_55
67
65
63
62
60
53_56
62
65
62
60
59
51_60
53_63
62
55_60
59
48_60
43
36
60_64_74
72
71
72
67
72
76
55_65_74
72
71
60_64_72
67
72
76
55_65_74
72
71
60_64_72
79
81
83
60_84
79
76
62_79
55
77
79
77
79
77
76
77
60_76
53_74
81
79
77
76
74
72
55_72
53
71
72
71
72
71
69
71
52_72
67
59_74_77
60_72_76
55_72_76
67_71_74
55
60_64_74
72
71
72
67
72
76
55_65_74
72
71
60_64_72
67
72
76
55_65_74
72
71
60_64_72
79
81
83
60_84
79
76
62_79
55
77
79
77
79
77
76
77
60_76
53_74
81
79
77
76
74
72
55_72
53
71
72
71
72
71
69
71
52_72
67
59_74_77
60_72_76
55_72_76
67_71_74
55
52_60_79
72
76
79
52_60_76
79
82
53_82
65_81
64_79
62_77
76
77
65_81
79
77
66_76
74
72
67_72
62
55_71
60_64_74
72
71
72
67
72
76
55_65_74
72
71
60_64_72
67
72
76
55_65_74
72
71
60_64_72
79
81
83
60_84
79
76
62_79
55
77
79
77
79
77
76
77
60_76
53_74
81
79
77
76
74
72
55_72
53
71
72
71
72
71
69
71
52_72
53_83
81
79
77
55_76
43
74
76
74
76
74
72
74
48_72
43
36
52_60_79
72
76
79
52_60_76
79
82
53_82
65_81
64_79
62_77
76
77
65_81
79
77
66_76
74
72
67_72
62
55_71
60_64_74
72
71
72
67
72
76
55_65_74
72
71
60_64_72
67
72
76
55_65_74
72
71
60_64_72
79
81
83
60_84
79
76
62_79
55
77
79
77
79
77
76
77
60_76
53_74
81
79
77
76
74
72
55_72
53
71
72
71
72
71
69
71
52_72
53_83
81
79
77
55_76
43
74
76
74
76
74
72
74
48_72
43
36
