51_55
70
70
75
67_75
74
68
72
67
70
65
68
63
67
70
75
67_75
74
68
72
71
72
67
70
69
70
65
68
67
68
63
67
68
70
72
74
75
77
79
75
74
72
70
51
53
55
51
53_68
70
68
70
46
68
67
68
51_67
63
62
63
65
63
62
63
43_67
65
63
62
44_60
68
72
70
68
67
65
63
46_62
60
58
56
51_55
63
62
63
65
63
62
63
43_67
65
63
62
44_60
68
72
70
68
67
65
63
46_62
60
58
56
55
51
53
55
56
58
60
62
63
65
67
65
63
67
79
79
63_71
72
62
65
77
77
62_69
70
63
67
74
71
72
67
75
72
63
67
79
75
62
65
72
69
70
65
74
70
62
65
77
74
57
65
72
75
69
65
72
75
70
65
70
74
57
65
72
75
69
65
72
75
70
65
70
74
57
65
72
75
69
65
72
75
70
65
74
77
65_70_75
74
75
74
72
74
69_72
34_46
58
58
58
38_50
62
62
62
41_53
65
65
65
46_58
70
69
70
74
70
69
67
65
63
62
60
34_46_58
58
58
58
38_50
62
62
62
41_53
65
65
65
46_58
70
69
70
74
72
70
69
67
65
63
62
51_55_60
75
74
75
79
77
75
74
72
70
69
67
53_60_63_65
69
69
69
72
69
72
69
53_60_63
69
69
69
53_58_62
70
70
70
74
70
74
70
53_58_62
70
70
70
53_57_60
72
72
72
75
72
75
72
53_57_60
72
72
72
70
74
69
72
67
70
65
69
63
67
62
65
70
74
69
72
67
70
65
69
63
67
62
65
63
67
69
71
72
74
75
77
79
63
51
63
50
65
67
69
70
72
74
75
77
62
50
62
51
67
69
71
72
74
75
77
79
63
51
63
51
65
67
69
70
72
74
75
77
79
81
82
84
86
64_70_72
76
79
77
76
74
64_70_72
74
64_70_72
74
64_70_72
74
65_69_72
76
77
76
74
72
70
69
67
65
64
62
52_58_60
64
67
65
64
62
52_58_60
62
52_58_60
62
52_58_60
62
53_57_60
65
64
62
60
58
57
55
53
55
57
58
29_41_60
57
60
62
63
60
53_72
70
55_69
67
57_65
63
58_62
65
63
62
60_63
65
67
69
62_70
72
74
70
51_63_69
67
75
72
53_62_70
60_69
70
69
70
69
67
69
58_62
65
63
62
60_63
65
67
69
62_70
72
74
70
63_69
67
60_75
72
65_70
69
62_77
74
67_72
70
63_79
75
69_74
72
86
84
82
81
53_84
82
55_81
79
57_77
75
58_74
77
75
74
60_75
77
79
81
62_82
77
75
74
51_63_72
79
75
72
53_62_70
60_69
70
69
70
69
67
69
58_70
62_65
63_67
62_65
60_63
58_62
57_60
46_58_62
53_62
55_63
53_62
51_60
50_58
48_57
48_51_57
34_46_50_58
51_55
70
70
75
67_75
74
68
72
67
70
65
68
63
67
70
75
67_75
74
68
72
71
72
67
70
69
70
65
68
67
68
63
67
68
70
72
74
75
77
79
75
74
72
70
51
53
55
51
53_68
70
68
70
46
68
67
68
51_67
63
62
63
65
63
62
63
43_67
65
63
62
44_60
68
72
70
68
67
65
63
46_62
60
58
56
51_55
63
62
63
65
63
62
63
43_67
65
63
62
44_60
68
72
70
68
67
65
63
46_62
60
58
56
55
51
53
55
56
58
60
62
63
65
67
65
63
67
79
79
63_71
72
62
65
77
77
62_69
70
63
67
74
71
72
67
75
72
63
67
79
75
62
65
72
69
70
65
74
70
62
65
77
74
57
65
72
75
69
65
72
75
70
65
70
74
57
65
72
75
69
65
72
75
70
65
70
74
57
65
72
75
69
65
72
75
70
65
74
77
65_70_75
74
75
74
72
74
69_72
34_46
58
58
58
38_50
62
62
62
41_53
65
65
65
46_58
70
69
70
74
70
69
67
65
63
62
60
34_46_58
58
58
58
38_50
62
62
62
41_53
65
65
65
46_58
70
69
70
74
72
70
69
67
65
63
62
51_55_60
75
74
75
79
77
75
74
72
70
69
67
53_60_63_65
69
69
69
72
69
72
69
53_60_63
69
69
69
53_58_62
70
70
70
74
70
74
70
53_58_62
70
70
70
53_57_60
72
72
72
75
72
75
72
53_57_60
72
72
72
70
74
69
72
67
70
65
69
63
67
62
65
70
74
69
72
67
70
65
69
63
67
62
65
63
67
69
71
72
74
75
77
79
63
51
63
50
65
67
69
70
72
74
75
77
62
50
62
51
67
69
71
72
74
75
77
79
63
51
63
51
65
67
69
70
72
74
75
77
79
81
82
84
86
64_70_72
76
79
77
76
74
64_70_72
74
64_70_72
74
64_70_72
74
65_69_72
76
77
76
74
72
70
69
67
65
64
62
52_58_60
64
67
65
64
62
52_58_60
62
52_58_60
62
52_58_60
62
53_57_60
65
64
62
60
58
57
55
53
55
57
58
29_41_60
57
60
62
63
60
53_72
70
55_69
67
57_65
63
58_62
65
63
62
60_63
65
67
69
62_70
72
74
70
51_63_69
67
75
72
53_62_70
60_69
70
69
70
69
67
69
58_62
65
63
62
60_63
65
67
69
62_70
72
74
70
63_69
67
60_75
72
65_70
69
62_77
74
67_72
70
63_79
75
69_74
72
86
84
82
81
53_84
82
55_81
79
57_77
75
58_74
77
75
74
60_75
77
79
81
62_82
77
75
74
51_63_72
79
75
72
53_62_70
60_69
70
69
70
69
67
69
58_70
62_65
63_67
62_65
60_63
58_62
57_60
46_58_62
53_62
55_63
53_62
51_60
50_58
48_57
48_51_57
34_46_50_58
34_46
77
77
82
74_82
81
75
79
74
77
72
75
70
74
77
82
74_82
81
75
79
78
79
74
77
76
77
72
75
74
75
70
74
75
77
79
81
82
84
86
82
81
79
77
58
60
62
58
60_75
77
75
77
53
75
74
75
58_74
70
69
70
72
70
69
70
50_74
72
70
69
51_67
75
79
77
75
74
72
70
53_69
67
65
63
46_62
70
69
70
72
70
69
70
50_74
72
70
69
51_67
75
79
77
75
74
72
70
53_69
67
65
63
62
46
48
50
51
53
55
57
58
60
62
60
58
70
72
74
75
77
79
81
82
84
86
84
82
73
73
73_80
73_79
73_77
77
72
72_76
72_82_85
72_80_84
72_79_82
79_82
72
72_77_80
72_80_84
72_79_82
72_77_80
77_80
82
80
82
60
80
79
80
60_76_79
60_70_73
60_68_72
60_67_70
67_70
60
60_65_68
60_68_72
60_67_70
60_65_68
60_65_68
70
68
70
68
67
68
64_67
44_48_51_56_80
84
82
80
79
77
75
73
72
70
68
67
68
72
70
68
67
65
63
61
60
58
56
55
56
44_48
44_48
44_48_54
44_48_63
44_48_54
54
45_48
45_48
45_48_53
45_48_63
45_53_60
61
46_53
46_53
46_53_58
46_53_65
46_53_56
56
47_53
47_53
47_53_55
47_50_65
47_55_62
63
48_55
48_55
48_55_60
48_51_67
48_55_63
68
41_53
41_53
41_53_65
41_53_62
41_53_60
31_43
55
55
55
35_47
59
59
59
38_50
62
62
62
43_55
67
69
71
67
71
72
74
71
74
75
31_43_77
74
83
84
86
84
55_83
80
57_79
77
59_75
74
60_75
77
79
77
62_75
74
72
71
63_72
83
84
79
65_82
80
79
77
67_75
55_74
75
74
75
74
72
74
60_72
67
68
67
67
67
67
68
60_63
62_65
60_63
60_63
60_63
60_63
58_62
65_68
67_70
65_68
68_72
67_70
65_68
34_46
63_67
65_68
63_67
67_70
65_68
63_67
62_65
60_63
58_62
56_60
55_58
53_56
51_55
70
70
75
67_75
74
68
72
67
70
65
68
63
67
70
67
75
70
79
77
67_75
74
72
70
68
72
71
72
67
70
69
70
65
68
67
68
63
67
68
70
72
74
75
77
79
75
74
72
70
51
53
55
51_67
53_68
70
68
70
46
68
67
68
51_67
63
62
63
65
63
62
63
43_67
65
63
62
44_60
68
72
70
68
67
65
63
46_62
60
58
56
51_55
63
62
63
65
63
62
63
43_67
65
63
62
44_60
68
72
70
68
67
65
63
46_62
60
58
56
55
51
53
55
56
58
60
62
63
65
67
65
63
67
79
79
63_71
72
62
65
77
77
62_69
70
60
67
70
75
68
68
72
75
60
72
75
80
58
65
68
74
67
67
70
74
58
70
74
77
56
63
67
72
65
65
68
72
56
68
72
77
55
62
65
70
63
63
67
70
55
67
70
75
58
62
68
70
65
62
68
70
63
67
70
75
58
62
68
70
65
62
68
70
63
67
70
75
58
62
68
70
65
62
68
70
63
67
70
75
58_63_67
68
67
68
67
65
67
62_65
39_51
63
63
63
43_55
67
67
67
46_58
70
70
70
51_63
75
74
75
79
75
74
72
70
68
67
65
39_51_63
63
63
63
43_55
67
67
67
46_58
70
70
70
51_63
75
74
75
79
77
75
74
72
70
68
67
44_48_53_65
68
67
68
72
70
68
67
65
63
62
60
46_53_56_58
62
62
62
65
62
65
62
46_53_56
62
62
62
46_51_55
63
63
63
67
63
67
63
46_51_55
63
63
63
46_50_53
65
65
65
68
65
68
65
46_50_53
65
65
65
63
67
62
65
60
63
58
62
56
60
55
58
63
67
62
65
60
63
58
62
56
60
55
58
56
60
62
63
65
67
68
70
72
56
44
56
43
58
60
62
63
65
67
68
70
55
43
55
56
60
62
63
65
67
68
70
72
56
44
56
43
58
60
62
63
65
67
68
70
72
74
75
77
79
69_75_77
81
84
82
81
79
69_75_77
79
69_75_77
79
69_75_77
79
70_74_77
81
82
81
79
77
75
74
72
70
69
67
57_63_65
69
72
70
69
67
57_63_65
67
57_63_65
67
57_63_65
67
58_62_65
70
69
67
65
63
62
60
58
60
62
63
34_46_65
62
65
67
68
67
46_65
63
48_62
60
50_58
56
51_55
58
56
55
53_56
58
60
62
55_63
65
67
63
44_56_62
60
68
65
46_55_63
53_62
63
62
63
62
60
62
51_55
58
56
55
53_56
58
60
62
55_63
65
67
63
56_62
60
53_68
65
58_63
62
55_70
67
60_65
63
56_72
68
62_67
65
79
77
75
74
58_77
75
60_74
72
62_70
68
63_67
70
68
67
65_68
70
72
74
67_75
77
79
75
56_63_74
72
84
80
58_63_79
58_62_77
79
77
79
77
75
77
63_75
67_70
68_72
67_70
65_68
63_67
62_65
51_63_67
58_67
60_68
58_67
56_65
55_63
53_62
39_51_56_62
55_63
34_46
77
77
82
74_82
81
75
79
74
77
72
75
70
74
77
82
74_82
81
75
79
78
79
74
77
76
77
72
75
74
75
70
74
75
77
79
81
82
84
86
82
81
79
77
58
60
62
58
60_75
77
75
77
53
75
74
75
58_74
70
69
70
72
70
69
70
50_74
72
70
69
51_67
75
79
77
75
74
72
70
53_69
67
65
63
46_62
70
69
70
72
70
69
70
50_74
72
70
69
51_67
75
79
77
75
74
72
70
53_69
67
65
63
62
46
48
50
51
53
55
57
58
60
62
60
58
70
72
74
75
77
79
81
82
84
86
84
82
73
73
73_80
73_79
73_77
77
72
72_76
72_82_85
72_80_84
72_79_82
79_82
72
72_77_80
72_80_84
72_79_82
72_77_80
77_80
82
80
82
60
80
79
80
60_76_79
60_70_73
60_68_72
60_67_70
67_70
60
60_65_68
60_68_72
60_67_70
60_65_68
60_65_68
70
68
70
68
67
68
64_67
44_48_51_56_80
84
82
80
79
77
75
73
72
70
68
67
68
72
70
68
67
65
63
61
60
58
56
55
56
44_48
44_48
44_48_54
44_48_63
44_48_54
54
45_48
45_48
45_48_53
45_48_63
45_53_60
61
46_53
46_53
46_53_58
46_53_65
46_53_56
56
47_53
47_53
47_53_55
47_50_65
47_55_62
63
48_55
48_55
48_55_60
48_51_67
48_55_63
68
41_53
41_53
41_53_65
41_53_62
41_53_60
31_43
55
55
55
35_47
59
59
59
38_50
62
62
62
43_55
67
69
71
67
71
72
74
71
74
75
31_43_77
74
83
84
86
84
55_83
80
57_79
77
59_75
74
60_75
77
79
77
62_75
74
72
71
63_72
83
84
79
65_82
80
79
77
67_75
55_74
75
74
75
74
72
74
60_72
67
68
67
67
67
67
68
60_63
62_65
60_63
60_63
60_63
60_63
58_62
65_68
67_70
65_68
68_72
67_70
65_68
34_46
63_67
65_68
63_67
67_70
65_68
63_67
62_65
60_63
58_62
56_60
55_58
53_56
51_55
70
70
75
67_75
74
68
72
67
70
65
68
63
67
70
67
75
70
79
77
67_75
74
72
70
68
72
71
72
67
70
69
70
65
68
67
68
63
67
68
70
72
74
75
77
79
75
74
72
70
51
53
55
51_67
53_68
70
68
70
46
68
67
68
51_67
63
62
63
65
63
62
63
43_67
65
63
62
44_60
68
72
70
68
67
65
63
46_62
60
58
56
51_55
63
62
63
65
63
62
63
43_67
65
63
62
44_60
68
72
70
68
67
65
63
46_62
60
58
56
55
51
53
55
56
58
60
62
63
65
67
65
63
67
79
79
63_71
72
62
65
77
77
62_69
70
60
67
70
75
68
68
72
75
60
72
75
80
58
65
68
74
67
67
70
74
58
70
74
77
56
63
67
72
65
65
68
72
56
68
72
77
55
62
65
70
63
63
67
70
55
67
70
75
58
62
68
70
65
62
68
70
63
67
70
75
58
62
68
70
65
62
68
70
63
67
70
75
58
62
68
70
65
62
68
70
63
67
70
75
58_63_67
68
67
68
67
65
67
62_65
39_51
63
63
63
43_55
67
67
67
46_58
70
70
70
51_63
75
74
75
79
75
74
72
70
68
67
65
39_51_63
63
63
63
43_55
67
67
67
46_58
70
70
70
51_63
75
74
75
79
77
75
74
72
70
68
67
44_48_53_65
68
67
68
72
70
68
67
65
63
62
60
46_53_56_58
62
62
62
65
62
65
62
46_53_56
62
62
62
46_51_55
63
63
63
67
63
67
63
46_51_55
63
63
63
46_50_53
65
65
65
68
65
68
65
46_50_53
65
65
65
63
67
62
65
60
63
58
62
56
60
55
58
63
67
62
65
60
63
58
62
56
60
55
58
56
60
62
63
65
67
68
70
72
56
44
56
43
58
60
62
63
65
67
68
70
55
43
55
56
60
62
63
65
67
68
70
72
56
44
56
43
58
60
62
63
65
67
68
70
72
74
75
77
79
69_75_77
81
84
82
81
79
69_75_77
79
69_75_77
79
69_75_77
79
70_74_77
81
82
81
79
77
75
74
72
70
69
67
57_63_65
69
72
70
69
67
57_63_65
67
57_63_65
67
57_63_65
67
58_62_65
70
69
67
65
63
62
60
58
60
62
63
34_46_65
62
65
67
68
67
46_65
63
48_62
60
50_58
56
51_55
58
56
55
53_56
58
60
62
55_63
65
67
63
44_56_62
60
68
65
46_55_63
53_62
63
62
63
62
60
62
51_55
58
56
55
53_56
58
60
62
55_63
65
67
63
56_62
60
53_68
65
58_63
62
55_70
67
60_65
63
56_72
68
62_67
65
79
77
75
74
58_77
75
60_74
72
62_70
68
63_67
70
68
67
65_68
70
72
74
67_75
77
79
75
56_63_74
72
84
80
58_63_79
58_62_77
79
77
79
77
75
77
63_75
67_70
68_72
67_70
65_68
63_67
62_65
51_63_67
58_67
60_68
58_67
56_65
55_63
53_62
39_51_53_56_62
39_51
43_55
46_58
51_63
