41_53_79
77
79
77
79
77
79
45_57
77
79
77
76
77
48_60_82
79
76
53_65_77
81
72
67_70
72
70
72
70
69
70
65_69
72
77
76
74
72
70
69
64_67
60
69
70
65_69
53_79
77
79
77
79
77
79
57
77
79
77
76
77
60_82
79
76
53_65_77
81
72
65_81
83
84
64_84
83
81
79
65_81
83
84
64_84
83
81
79
77
76
47_59_77
76
74
48_60_76
77
79
55_64_72
55_62_71
72
71
72
71
69
71
60_72
55
48
41_53_79
77
79
77
79
77
79
45_57
77
79
77
76
77
48_60_82
79
76
53_65_77
81
72
67_70
72
70
72
70
69
70
65_69
72
77
76
74
72
70
69
64_67
60
69
70
65_69
53_79
77
79
77
79
77
79
57
77
79
77
76
77
60_82
79
76
53_65_77
81
72
65_81
83
84
64_84
83
81
79
65_81
83
84
64_84
83
81
79
77
76
47_59_77
76
74
48_60_76
77
79
55_64_72
55_62_71
72
71
72
71
69
71
60_72
55
48
60_72
67
70_79
76
72
69_81
77
72
64_82
81
79
65_81
58_79
82
81
79
86
84
59_82
81
79
60_77
55_76
48
60
72
68
80
65
72
67
70
64_79
70
65
68
58
67
73
70
59_67
65
60_65
55_64
48
41_53_79
77
79
77
79
77
79
45_57
77
79
77
76
77
48_60_82
79
76
53_65_77
81
72
67_70
72
70
72
70
69
70
65_69
72
77
76
74
72
70
69
64_67
60
69
70
65_69
41_53_79
77
79
77
79
77
79
45_57
77
79
77
76
77
48_60_82
79
76
53_65_77
81
72
46_58_74
76
77
45_57_77
76
74
53_65_72
46_58_74
76
77
45_57_77
76
74
53_65_72
77
81
52_64_72
79
82
53_65_81
82
84
48_57_77
48_55_76
77
76
77
76
74
76
53_77
48
41
60_72
67
70_79
76
72
69_81
77
72
64_82
81
79
65_81
58_79
82
81
79
86
84
59_82
81
79
60_77
55_76
48
60
72
68
80
65
72
67
70
64_79
70
65
68
58
67
73
70
59_67
65
60_65
55_64
48
41_53_79
77
79
77
79
77
79
45_57
77
79
77
76
77
48_60_82
79
76
53_65_77
81
72
67_70
72
70
72
70
69
70
65_69
72
77
76
74
72
70
69
64_67
60
69
70
65_69
41_53_79
77
79
77
79
77
79
45_57
77
79
77
76
77
48_60_82
79
76
53_65_77
81
72
46_58_74
76
77
45_57_77
76
74
53_65_72
46_58_74
76
77
45_57_77
76
74
53_65_72
77
81
52_64_72
79
82
53_65_81
82
84
48_57_77
48_55_76
77
76
77
76
74
76
53_77
48
41
34_46
74_77
63_82
81
79
62_77
58_74
75
77
60_75
77
79
62_77
70
70
53_63_69
70
72
58_62_70
53_72
57
60
53_81
57
60
53_69
57
60
52_70
55
60
52_79
55
60
52_70
55
60
53_69
70
72
48_57_65
48_55_64
53_65
48
41
34_46
74_77
63_82
81
79
62_77
58_74
75
77
60_75
77
79
62_77
70
70
53_63_69
70
72
58_62_70
53_72
57
60
53_81
57
60
53_69
57
60
52_70
55
60
52_79
55
60
52_70
55
60
53_69
70
72
48_57_65
48_55_64
53_65
48
41
50_77
75
74
58_77
75
74
50_72
70
68
51_67
66
67
55_72
71
72
60_75
74
75
51_79
77
75
60_79
77
75
52_74
72
70
53_70
48_69
41
58_77
62
65
58_86
62
65
58_74
62
65
57_75
60
65
57_84
60
65
57_75
60
65
58_74
75
77
53_62_70
53_60_69
70
69
70
69
67
69
58_70
53
46
50_77
75
74
58_77
75
74
50_72
70
68
51_67
66
67
55_72
71
72
60_75
74
75
51_79
77
75
60_79
77
75
52_74
72
70
53_70
48_69
41
58_77
62
65
58_86
62
65
58_74
62
65
57_75
60
65
57_84
60
65
57_75
60
65
58_74
75
77
53_62_70
53_60_69
70
69
70
69
67
69
58_70
53
46
41_53_79
77
79
77
79
77
79
45_57
77
79
77
76
77
48_60_82
79
76
53_65_77
81
72
67_70
72
70
72
70
69
70
65_69
72
77
76
74
72
70
69
64_67
60
69
70
65_69
53_79
77
79
77
79
77
79
57
77
79
77
76
77
60_82
79
76
53_65_77
81
72
65_81
83
84
64_84
83
81
79
65_81
83
84
64_84
83
81
79
77
76
47_59_77
76
74
48_60_76
77
79
55_64_72
55_62_71
72
71
72
71
69
71
60_72
55
48
41_53_79
77
79
77
79
77
79
45_57
77
79
77
76
77
48_60_82
79
76
53_65_77
81
72
67_70
72
70
72
70
69
70
65_69
72
77
76
74
72
70
69
64_67
60
69
70
65_69
53_79
77
79
77
79
77
79
57
77
79
77
76
77
60_82
79
76
53_65_77
81
72
65_81
83
84
64_84
83
81
79
65_81
83
84
64_84
83
81
79
77
76
47_59_77
76
74
48_60_76
77
79
55_64_72
55_62_71
72
71
72
71
69
71
60_72
55
48
60_72
67
70_79
76
72
69_81
77
72
64_82
81
79
65_81
58_79
82
81
79
86
84
59_82
81
79
60_77
55_76
48
60
72
68
80
65
72
67
70
64_79
70
65
68
58
67
73
70
59_67
65
60_65
55_64
48
41_53_79
77
79
77
79
77
79
45_57
77
79
77
76
77
48_60_82
79
76
53_65_77
81
72
67_70
72
70
72
70
69
70
65_69
72
77
76
74
72
70
69
64_67
60
69
70
65_69
41_53_79
77
79
77
79
77
79
45_57
77
79
77
76
77
48_60_82
79
76
53_65_77
81
72
46_58_74
76
77
45_57_77
76
74
53_65_72
46_58_74
76
77
45_57_77
76
74
53_65_72
77
81
52_64_72
79
82
53_65_81
82
84
48_57_77
48_55_76
77
76
77
76
74
76
53_77
48
41
60_72
67
70_79
76
72
69_81
77
72
64_82
81
79
65_81
58_79
82
81
79
86
84
59_82
81
79
60_77
55_76
48
60
72
68
80
65
72
67
70
64_79
70
65
68
58
67
73
70
59_67
65
60_65
55_64
48
41_53_79
77
79
77
79
77
79
45_57
77
79
77
76
77
48_60_82
79
76
53_65_77
81
72
67_70
72
70
72
70
69
70
65_69
72
77
76
74
72
70
69
64_67
60
69
70
65_69
41_53_79
77
79
77
79
77
79
45_57
77
79
77
76
77
48_60_82
79
76
53_65_77
81
72
46_58_74
76
77
45_57_77
76
74
53_65_72
46_58_74
76
77
45_57_77
76
74
53_65_72
77
81
52_64_72
79
82
53_65_81
82
84
48_57_77
48_55_76
77
76
77
76
74
76
53_77
48
41
