72
72
74
72
74
72
71
72
65_69_77
76
74
72
70
69
58_62_67
69
67
69
67
69
67
57_60_65
72
72
74
72
74
72
71
72
65_69_81
79
77
76
74
72
60_67_70
72
70
72
70
72
70
65_69
72
72
74
72
74
72
71
72
84
69
66
67_82
64
65_81
58_81
74
79
76
57_77
72
72
70
69
70
50
55
52
53_53_69
47
48_69
70
69
70
69
67
69
52_67
72
72
74
72
74
72
71
72
65_69_77
76
74
72
70
69
58_62_67
69
67
69
67
69
67
57_60_65
72
72
74
72
74
72
71
72
65_69_81
79
77
76
74
72
60_67_70
72
70
72
70
72
70
65_69
72
72
74
72
74
72
71
72
84
69
66
67_82
64
65_81
58_81
74
79
76
57_77
72
72
70
69
70
50
55
52
53_53_69
47
48_69
70
69
70
69
67
69
52_67
48
48
50
48
50
48
47
48
60
58
57
55_63
54_62
57_72
55_70
53_61
52_60
55_70
53_69
45_65
46_62
66
67
45_69
43_72
70
46_69
67
48_65
36_64
60
60
62
60
62
60
59
60
48_67_70
65_69
64_67
72
74
76
77
79
81
60_79_82
77_81
76_79
60_76
62_77
64_79
65_81
67_82
69_84
70_86
82
79
88
69_89
77
84
82
81
82
62
67
64
65_81
57
58
66
67
74
48
58_64
53_57_65
41
48
48
50
48
50
48
47
48
60
58
57
55_63
54_62
57_72
55_70
53_61
52_60
55_70
53_69
45_65
46_62
66
67
45_69
43_72
70
46_69
67
48_65
36_64
60
60
62
60
62
60
59
60
48_67_70
65_69
64_67
72
74
76
77
79
81
60_79_82
77_81
76_79
60_76
62_77
64_79
65_81
67_82
69_84
70_86
82
79
88
69_89
77
84
82
81
82
62
67
64
65_81
57
58
66
67
74
48
58_64
53_57_65
41
72
68
65
56_60
55_58
64
70
48_52
49_53
68
77
44_48
46_49
65
73
53_56
52_55
60
60_72
70
53_60_68
70
68
70
68
67
68
48_60_67
72
68
65
56_60
55_58
64
70
48_52
49_53
68
73
65_68
63_67
67_70
68_72
38_50
39_51
70_73
51_68_72
67_70
56_70
68
67
68
44
72
68
65
56_60
55_58
64
70
48_52
49_53
68
77
44_48
46_49
65
73
53_56
52_55
60
60_72
70
53_60_68
70
68
70
68
67
68
48_60_67
72
68
65
56_60
55_58
64
70
48_52
49_53
68
73
65_68
63_67
67_70
68_72
38_50
39_51
70_73
51_68_72
67_70
56_70
68
67
68
44
63
60
54
61_70
60_69
53
51
49_61_70
48_63_72
46
45
63_66
61_65
60_63
46_61
65
70
46
58
67
76
64_72
65_80
77
56_84
79
65_80
79
80
76
77
73
61_72
71
60_71
64_72
72
68
65
56_60
55_58
64
70
48_52
49_53
68
77
44_48
46_49
65
73
53_56
52_55
60
60_72
70
53_60_68
70
68
70
68
67
68
48_60_67
72
68
65
56_60
55_58
64
70
48_52
49_53
68
77
68_72
67_70
76
82
60
67
70
79
64
73
76
76_85
70
70_79
72
80
68
65
72
80
72
80
68
65
72
80
72
80
68
65
68_72_77_80
65_68_80_84
68_72_77_80
65_68_80_84
61_65_68
58_67_70
60_64_67
53_65
63
60
54
61_70
60_69
53
51
49_61_70
48_63_72
46
45
63_66
61_65
60_63
46_61
65
70
46
58
67
76
64_72
65_80
77
56_84
79
65_80
79
80
76
77
73
61_72
71
60_71
64_72
72
68
65
56_60
55_58
64
70
48_52
49_53
68
77
44_48
46_49
65
73
53_56
52_55
60
60_72
70
53_60_68
70
68
70
68
67
68
48_60_67
72
68
65
56_60
55_58
64
70
48_52
49_53
68
77
68_72
67_70
76
82
60
67
70
79
64
73
76
76_85
70
70_79
72
80
68
65
72
80
72
80
68
65
72
80
72
80
68
65
68_72_77_80
65_68_80_84
68_72_77_80
65_68_80_84
61_65_68
58_67_70
60_64_67
53_65
72
72
74
72
74
72
70
72
53_57_77
81
79
77
76
74
72
70
69
58_62_67
69
67
69
67
65
67
57_60_65
72
72
74
72
74
72
71
72
53_57_77
84
82
81
79
77
76
74
72
60_67_70
72
70
72
70
69
70
65_69
72
72
74
72
74
72
71
72
84
69
67
66
67
82
65
64
65
81
57
58
78
79
86
82
79
57_79
76
77
70
50
54
55
48
52
53_69
50
47
48_53_69
70
69
70
69
67
69
52_67
72
72
74
72
74
72
70
72
53_57_77
81
79
77
76
74
72
70
69
58_62_67
69
67
69
67
65
67
57_60_65
72
72
74
72
74
72
71
72
53_57_77
84
82
81
79
77
76
74
72
60_67_70
72
70
72
70
69
70
65_69
72
72
74
72
74
72
71
72
84
69
67
66
67
82
65
64
65
81
57
58
78
79
86
82
79
57_79
76
77
70
50
54
55
48
52
53_69
50
47
48_53_69
70
69
70
69
67
69
52_67
48
50
48
50
48
50
48
47
48
60
58
57
55_63
54
57
50
52_62
54_60
55_58
57
58
52_62
53
55
48
50_60
52_58
53_57
60
65
46_61
62
70
46_66
67
74
47
48_65
36_64
60
60
62
60
62
60
58
60
55_70
57_72
53_69
52_67
71
72
74
76
77
64_79
65_81
62_77
60_76
79
77
76
79
82
70_86
82
79
88
84
79
69_89
84
77
82
62
66
67
60
64
65_81
60
57
58
78
79
86
82
79
60_70_82
79
76
65_70_76
69_77
48
48
50
48
50
48
47
48
60
58
57
55_63
54
57
50
52_62
54_60
55_58
57
58
52_62
53
55
48
50_60
52_58
53_57
60
65
46_61
62
70
46_66
67
74
47
48_65
36_64
60
60
62
60
62
60
58
60
55_70
57_72
53_69
52_67
71
72
74
76
77
64_79
65_81
62_77
60_76
79
77
76
79
82
70_86
82
79
88
84
79
69_89
84
77
82
62
66
67
60
64
65_81
60
57
58
78
79
86
82
79
60_70_82
79
76
65_70_76
69_77
72
72
74
72
74
72
71
72
53_57_77
76
74
72
70
69
58_62_67
69
67
69
67
65
67
57_60_65
72
72
74
72
74
72
71
72
53_57_81
79
77
76
74
72
60_67_70
72
70
72
70
69
70
65_69
72
72
74
72
74
72
71
72
84
69
66
67_82
65
65_81
58
74
79
76
57_77
72
72
70
69
70
50
55
52
53_53_69
47
48_69
70
69
70
69
67
69
52_67
72
72
74
72
74
72
71
72
53_57_77
72
81
79
77
76
74
72
70
69
67
65
58_62_67
69
67
69
67
65
67
57_60_65
72
72
74
72
74
72
71
72
53_57_77
72
84
82
81
79
77
76
74
72
70
69
60_67_70
72
70
72
70
69
70
65_69
72
72
74
72
74
72
71
72
84
69
67
69
66
67_82
65
65_81
58_81
78
79
86
84
82
81
79
57_77
76
74
72
57_70
50
52
54
55
48
50
52
53_53_69
47
48_69
70
69
70
69
67
69
52_67
48
48
50
48
50
48
47
48
60
58
57
55_63
54_62
57_72
55_70
53_61
52_60
55_70
53_69
45_65
46_62
66
67
45_69
43_72
70
46_69
67
48_65
36_64
60
60
62
60
62
60
59
60
48_67_70
65_69
64_67
72
74
76
77
79
81
60_79_82
77_81
76_79
60_76
62_77
64_79
65_81
67_82
69_84
70_86
82
79
88
69_89
77
69_84
82
81
82
62
67
64
65_81
57
58
66
67
74
60
58_64
53_57_65
41
60
60
62
60
62
60
59
60
57_72
60
55_70
60
54_69
60
51_67
60
50_66
60
54_72
60
43_70
55
45_69
55
46_67
55
47_65
55
48_64
55
52_70
55
41_69
53
43_67
53
45_65
53
48_63
53
46_62
55
50_74
55
48_57_65
55_64
60
62
64
65
67
69
55_70
60
53_69
60
52_67
72
74
76
77
79
81
67_82
72
65_81
72
64_79
60_76
62_77
64_79
65_81
67_82
69_84
70_86
84
82
81
82
84
86
88
69_89
88
86
84
69_82
62
64
66
67
60
62
64
65_81
53
55
57
58
66
78
67
79
70
82
48_55
58_64
53_57_65
29
29
