64
68
71
76
76
71
68
64
63
66
71
78
78
71
66
63
64
68
71
76
76
71
68
64
59
66
75
83
83
75
66
59
64
68
71
76
76
71
68
64
63
66
71
78
78
71
66
63
64
68
71
76
76
71
68
64
59
66
75
83
83
75
66
59
56
64
71
80
80
71
64
56
57
64
73
81
85
88
58
66
73
82
82
73
66
58
59
66
75
83
87
90
63
71
78
87
87
78
71
63
64
71
80
88
88
80
71
64
66
75
83
90
90
83
75
66
68
76
83
92
92
83
76
68
69
76
85
93
93
85
76
69
70
79
88
97
97
88
79
70
73
82
91
100
100
91
82
73
70
79
88
97
97
88
79
70
67
76
85
94
94
85
76
67
64
73
82
91
91
82
73
64
61
70
79
88
88
79
70
61
59
66
75
83
87
90
57
63
71
78
78
71
63
57
56
64
71
80
83
88
57
63
71
78
78
71
63
57
57
64
71
80
83
88
57
64_73_81
59
68_76_83
61
69_76_85
60
70_76_84
59
68_76_83
59
66_75_83
64
71_80_88
64
67
71
76
76
71
67
64
63
66
71
78
78
71
66
63
64
67
71
76
76
71
67
64
59
66
75
83
83
75
66
59
64
67
71
76
76
71
67
64
63
66
71
78
78
71
66
63
64
67
71
76
76
71
67
64
59
66
75
83
83
75
66
59
59
66
74
83
83
74
66
59
57
66
74
84
84
74
66
57
57
66
74
81
81
74
66
57
55
62
71
86
86
71
62
55
55
62
74
91
91
74
62
55
55
62
79
95
95
79
62
55
55
62
83
98
98
83
62
55
60
67
76
84
61
69_79_88
62
69
78
86
63
71_81_90
63
71
79
88
65
74_81_90
67
74_83_91
69
78_86_93
71
79_86_95
72
79_88_96
73
82
91
100
103
61
62
83_86
81_84
79_83
78_81
76_79
74_78
72_76
71_74
69_72
67_71
66_69
55
62
71
79
79
71
62
55
55
63
72
78
78
72
63
55
55_62
83_86
81_84
79_83
78_81
76_79
74_78
72_76
71_74
69_72
67_71
66_69
55
62
71
79
79
71
62
55
55
63
72
78
78
72
63
55
55_62
83_86
81_84
79_83
78_81
76_79
74_78
72_76
71_74
69_72
67_71
66_69
55
62
71
79
79
71
62
55
55
62
70
79
79
70
62
55
55_63
82_85
80_84
79_82
79_82
77_80
75_79
73_77
72_75
70_73
68_72
67_70
56
63
72
80
80
72
63
56
56
63
71
80
80
71
63
56
56_64
83_86
81_85
80_83
80_83
78_81
76_80
74_78
73_76
71_74
69_73
68_71
57
64
73
81
81
73
64
57
57
64
72
81
81
72
64
57
57_65
84_87
82_86
81_84
81_84
79_82
77_81
75_79
74_77
72_75
70_74
69
58
65
74
82
82
74
65
58
58
65
73
82
82
73
65
58
58
66
73
82
82
73
66
58
58
66
76
85
85
76
66
58
59
66
75
83
83
75
66
59
59
66
74
83
83
74
66
59
59
67
74
83
83
74
67
59
59
67
77
86
86
77
67
59
60
67
76
84
84
76
67
60
60
67
75
84
84
75
67
60
60
68
75
84
84
75
68
60
60
68
78
87
87
78
68
60
61
65
73
77
77
73
65
61
60
63
75
78
78
75
63
60
61
65
73
77
77
73
65
61
56
63
72
80
80
72
63
56
61
64
73
76
76
73
63
60
60
63
75
78
78
75
63
60
61
64
73
76
76
73
64
61
56
63
72
80
80
72
63
56
61
64
73
76
76
73
64
61
59
68
74
76
76
74
68
59
57
64
73
81
81
73
64
57
58
67
76
85
85
76
67
58
59
66_75_83
57
66_75_83
56
64_71_80
57
64_73_81
59
68_76_83
59
66_75_83
64
71_80_88
64
68
71
76
76
71
68
64
64
69
72
76
76
72
69
64
64
67
70
76
76
70
67
64
64
68
71
76
80_83
78_81
76_80
81_85
80_83
78_81
76_80
75_78
73_76
59
68
76
83
83
76
68
59
59
66
75
83
83
75
66
59
64
68
71
76
92
88
64
71
80
88
88
80
71
64
64
72
81
88
88
81
72
64
64
70
79
88
88
79
70
64
64
71
80
88
64_68
66_69
68_71
69_73
71_75
73_76
75_78
76_80
78_81
71
76
80
88
88
80
76
71
71
75
78
87
87
78
75
71
64
71
80
88
92
80
71
64
64
72
81
88
93
81
72
64
64
71
80
88
92
80
71
64
64
72
81
88
93
81
72
64
64
71
80
88
92
80
71
64
61
70
79
88
61
58
59
80_83
78_81
76_80
75_78
73_76
71_75
69_73
68_71
66_69
64_68
63_66
64
68
71
76
80
71
68
64
64
69
72
76
81
72
69
64
64
68
71
76
80
71
68
64
64
69
72
76
81
72
69
64
64
68
71
76
80
71
68
64
60
67
70
76
79
76
59
71_76
68_71
83
59_63
61_64
63_66
64_68
66_69
68_71
69_73
71_75
76
80
83
76
76
83
80
76
76
81
84
76
76
84
81
76
76
80
83
76
76
83
80
76
75
78
83
76
76
83
78
75
73
76
81
76
76
81
76
73
71
75
80
76
76
80
75
71
69
73
78
76
76
78
73
69
66
69
75
76
76
75
69
66
64
68
76
76
76
76
68
64
65
69
75
76
76
75
69
65
64
68
76
76
76
76
68
64
65
69
75
76
76
75
69
65
64
68_76_76
64
68_76_80
64
68
76
76
76
80
71
68
64
68
76
76
76
80
71
68
64
68
76_76
