55_62
70_79
81
82
81
79
77
75
74
72
70
69
67
66
67
55
57
58
60
62
63
61
62
60
58
57
55_62
70_79
81
82
81
79
77
75
74
72
70
69
67
66
67
55
57
58
60
62
63
61
62
60
58
57
55
67
69
66
67
65
63
62
60
72
74
71
72
70
69
67
65
77
79
76
77
75
74
72
70
82
84
81
82
81
80
79
78
66
77
65
76
64
75
63
74
62
73
61
62
63
61
62
66
69
74
62
63
62
60
58
57
55_62
70_79
81
82
81
79
77
75
74
72
70
69
67
66
67
55
57
58
60
62
63
61
62
60
58
57
55_62
70_79
81
82
81
79
77
75
74
72
70
69
67
66
67
55
57
58
60
62
63
61
62
60
58
57
55
67
69
66
67
65
63
62
60
72
74
71
72
70
69
67
65
77
79
76
77
75
74
72
70
82
84
81
82
81
80
79
78
66
77
65
76
64
75
63
74
62
73
61
72
60
71
59
70
58
69
57
87
84
81
63
62
63
62
63
84
81
63
62
63
62
63
84
81
63
62
63
62
65
80
79
63
64
65
64
67
82
81
65
66
67
66
69
84
82
67
69
70
69
72
87
86
70
64
82
67
85
70
88
73
91
76
94
79
97
65
67
65
77
62
63
60
58
60
57
58
82
81
80
79
81
78
79
75
74
73
72
73
71
72
80
79
78
77
79
76
77
74
73
72
70
72
69
70
69
68
65
67
82
79
76
73
70
65
77
63
75
60
72
58
60
57
58
78
77
57
58
60
57
58
90
89
57
58
60
57
58
78
77
57
58
60
57
58
66
65
57
58
60
57
58
80
82
79
80
89
86
80
77
74
70
68
65
62
79
80
78
79
91
87
82
79
75
70
67
63
58
77
79
76
77
86
83
77
74
71
67
65
62
59
75
77
74
75
87
84
79
75
72
67
63
60
55
56
58
55
56
75
72
80
58
60
57
58
73
70
85
55
82
79
75
73
70
67
68
84
70
68
67
65
67
64
65
84
80
89
67
68
66
67
85
82
91
64
79
76
73
70
67
64
65
80
66
65
63
61_68
77_89
87
85
84
82
80
66
63
61
60
58
57_66
75_84
81
78
77
75
73
65
63
61
60
58
66_73
73_82
80
78
77
75
65_74
74_83
82
80
78
77
63_70
70_78
77
75
73
71
61_70
70_80
78
76
75
73
59_66
75_87
85
83
82
80
78
76
75
73
71
70
56_63
71_83
82
80
78
76
75
73
71
69
68
66
64
66
63
64
83
80
88
66
68
65
66
81
78
87
63
81
78
75
69
66
63
64
80
66
64
63
61
63
60
61
80
76
85
63
64
62
63
81
78
87
60
75
72
69
66
63
60
61
76
62
61
59
57_64
73_85
83
81
80
78
76
74
73
71
69
68
66
65_74
74_86
85
83
81
80
78
73
71
69
68
66
62
69_78
76
74
73
71
61
70_79
78
76
74
73
59
66_74
72
71
69
67
57
66_76
74
72
71
69
67
69
66
67
74
71
67
65
67
64
65
74
71
65
64
66
62
64
72
67
64
63
66
62
63
73
67
63
62
64
61
62
74
69
62
61
62
60
61
76
67
61
60
78
75
60
57
81
78
63
60
84
81
66
63
87
84
81
78
75
72
69
66
63
60
57
55_62
70_79
81
82
81
79
77
75
74
72
70
69
67
66
67
55
57
58
60
62
63
61
62
60
58
57
55_62
70_79
81
82
81
79
77
75
74
72
70
69
67
66
67
55
57
58
60
62
63
61
62
60
58
57
55
67
69
66
67
65
63
62
60
72
74
71
72
70
69
67
65
77
79
76
77
75
74
72
70
82
84
81
82
81
80
79
78
66
77
65
76
64
75
63
74
62
73
61
72
60
71
59
70
58
69
57
87
84
81
78
79
81
79
81
87
86
78
79
81
79
81
87
86
77
75
77
75
77
84
82
74
72
74
72
74
81
79
70
68
70
68
72
75
80
84
87
92
96
99
96
92
67
69
67
70
73
76
79
82
85
88
91
94
85
62
86
85
84
83
82
81
79
78
74
72
69
67
69
66
67
66
65
64
63
65
62
63
62
60
58
57
58
55
57
58
60
61
62
63
61
62
61
60
57
55_62
79
81
78
79
78
77
76
75
77
74
75
74
72
70
69
70
68
69
70
72
73
74
75
73
74
73
72
69
55_62
70_79
78
79
62_74_82
62_72_81
62_69_78
67
69
66
67
62
60
57
55_62
70_79
78
79
62_74_82
62_72_81
62_69_78
67
69
66
67
62
60
57
55_62
70_79
78
79
62_74_82
62_72_81
62_69_78
55_62
70_79
78
79
62_74_82
62_72_81
62_69_78
55_62
70_79
