67
70
74
79
81
82
78
81
79
74
70
67
66
69
63
69
62
86
84
81
78
74
72
69
66
69
72
75
78
84
81
78
75
72
70
69
70
74
69
74
67
71
74
79
83
89
86
83
84
79
75
72
57
69
72
77
81
87
84
81
82
77
74
70
58
82
81
79
66
84
81
78
82
79
67
82
65
82
63
82
62
82
61
82
62
81
78
86
81
90
86
81
78
74
72
69
67
70
74
79
81
82
78
81
79
74
70
67
66
69
63
69
62
86
84
81
78
74
72
69
66
69
72
75
78
84
81
78
75
72
70
69
70
74
69
74
67
71
74
79
83
89
86
83
84
79
75
72
57
69
72
77
81
87
84
81
82
77
74
70
58
82
81
79
66
84
81
78
82
79
67
82
65
82
63
82
62
82
61
82
62
81
78
86
81
90
86
81
78
74
72
69
59
67
71
74
77
80
79
77
74
71
80
79
77
75
74
72
60
75
62
77
60
75
58
74
57
65
69
72
75
78
77
75
72
69
78
77
75
74
72
70
58
74
62
77
65
82
62
77
81
79
63
67
79
77
62
65
77
75
60
63
75
74
58
62
65
70
74
77
82
86
89
94
81
82
85
82
79
77
76
85
82
79
77
76
79
77
76
78
77
76
79
77
76
77
75
72
74
70
69
71
70
69
72
70
69
70
66
64
67
65
88
90
89
88
90
89
88
89
87
84
86
82
81
83
82
81
84
82
81
82
78
76
79
77
76
78
77
75
72
69
65
64
63
60
58
62
65
70
73
74
69
72
70
65
62
58
57
84
81
84
77
84
75
84
72
84
69
84
60
63
69
72
74
75
71
74
72
69
63
60
62
86
82
86
77
86
74
86
70
86
65
86
67
87
86
87
65
86
85
86
64
85
84
85
65
86
85
86
63
84
83
84
62
82
81
82
63
67
67
70
70
75
75
79
79
82
82
87
63
68
68
72
72
75
75
80
80
84
84
87
63
69
69
72
72
75
75
81
81
84
84
87
86
89
81
84
82
86
78
81
79
82
74
77
75
79
71
74
72
82
81
80
79
78
77
76
79
77
74
70
67
64
66
65
64
65
63
60
58
82
81
80
79
78
77
76
79
78
77
76
79
78
77
75
75
74
72
70
69
68
67
66
67
82
62
79
60
75
58
74
57
72
55
70
62
69
66
74
69
78
74
81
78
86
81
90
69
84
63
81
62
78
60
75
58
74
57
72
55
70
67
74
70
79
74
82
79
86
82
91
89
86
83
79
83
79
77
74
71
67
65
62
60
63
62
65
63
67
66
69
67
70
69
72
70
74
72
75
74
78
76
79
78
81
79
82
81
84
82
86
79
82
81
84
77
81
79
82
75
79
77
81
74
77
75
79
72
75
74
77
70
74
72
75
69
70
71
72
73
74
75
72
70
86
69
84
67
82
62
79
78
60
58
57
55
82
81
80
79
78
77
76
75
74
62
78
55
82
81
80
79
78
77
76
75
74
62
78
55
70
69
68
67
66
65
64
63
62
86
90
55
70
69
68
67
66
65
64
63
62
86
90
55
91
86
55
86
82
55
82
79
55
79
74
55
74
70
55
70
67
55
55
57
58
59
60
61
62
58
55_62_79
