69
69
69
72
71
69
76
64
64
68
66
64
69
69
69
72
71
69
76
64
69
69
69
72
71
69
76
64
64
68
66
64
69
69
69
72
71
69
76
64
81
81
81
82
81
79
77
74
74
77
76
74
79
79
79
81
79
77
76
72
72
76
74
72
77
71
71
74
72
71
76
69
69
72
71
69
65
75
64
76
74
71
69
57
88
84
81
76
72
69
83
80
76
71
68
64
88
84
81
76
72
69
76
64
88
84
81
76
72
69
83
80
76
71
68
64
88
84
81
76
72
69
76
64
93
88
85
81
76
72
69
74
77
81
86
89
91
86
83
79
74
71
67
72
76
79
84
88
83
80
77
74
71
68
81
76
72
69
64
60
71
74
77
64
76
68
69
57
69
68
69
68
69
71
72
74
76
75
76
75
76
74
72
71
69
68
69
68
69
71
72
74
76
75
76
75
76
64
69
68
69
68
69
71
72
74
76
75
76
75
76
74
72
71
69
68
69
68
69
71
72
74
76
75
76
75
76
64
81
80
81
80
81
79
77
76
74
73
74
73
74
76
77
74
79
78
79
78
79
77
76
74
72
71
72
71
72
74
76
72
77
76
77
76
77
74
72
71
76
75
76
75
76
72
71
69
71
70
71
70
71
77
76
68
69
68
69
68
69
60_72_84
57_69_81
56_68_80
59_71_83
64_76_88
60_72_84
57_69_81
59_71_83
63_75_87
65_77_89
64_76_88
60_72_84
57_69_81
56_68_80
59_71_83
64_76_88
60_72_84
57_69_81
59_71_83
63_75_87
65_77_89
64_76_88
69_81_93
61_73_85
62_74_86
64_76_88
65_77_89
66_78_90
67_79_91
59_71_83
60_72_84
62_74_86
63_75_87
64_76_88
65_77_89
59_71_83
64_76_88
57_69_81
59_71_83
65_77_89
64_76_88
56_68_80
59_71_83
57_69_81
81
81
80
79
78
77
76
75
77
76
75
77
76
71
68
64
69
81
80
79
78
77
76
75
77
76
75
77
76
64
69
81
80
79
78
77
76
75
77
76
75
77
76
71
68
64
69
81
80
79
78
77
76
75
77
76
75
77
76
64
69
81
80
79
78
77
76
74
73
76
69
72
74
69
65
62
67
79
78
77
76
75
74
72
71
74
67
71
72
67
64
60
65
77
76
75
74
73
72
71
64
76
75
74
73
72
71
69
65
64
63
62
61
60
59
56
57
81
76
72
69
64
60
57
57
77
65
76
64
57
56
87
75
88
76
67
57
77
65
76
64
57
56
87
75
88
76
57
77
65
76
64
57
56
87
75
88
76
67
57
77
65
76
64
57
56
87
75
88
76
61
94
82
93
81
60
62
76
64
77
65
60
59
92
80
91
79
59
60
75
63
76
64
60
62
83
71
82
70
62
64
80
68
81
69
65
62
89
77
88
76
64
57
84
72
81
69
84_88
83_86
81_84
80_83
77_81
76_79
74_77
72_76
71_74
69_72
68_71
69_72
71_74
72_76
71_74
69_72
68_71
65_69
64_67
84_88
83_86
81_84
80_83
77_81
76_79
74_77
72_76
71_74
69_72
68_71
69_72
71_74
72_76
71_74
69_72
68_71
65_69
64_67
57_73
59_74
61_76
62_77
64_79
65_81
67_83
69_85
71_86
73_88
74_89
55_71
57_72
59_74
60_76
62_77
64_79
65_81
67_83
69_84
71_86
72_88
74_89
72_88
71_86
72_88
71_86
69_84
62_77
64_76
65_74
64_72
69_72
64_71
68_71
69_72
57_69
88
89
88
84
81
83
81
83
84
83
80
81
80
76
77
76
64
88
89
88
84
57
59
57
59
60
59
64
65
64
68
69
68
64
88
89
88
84
81
83
81
83
84
83
80
81
80
76
77
76
64
88
89
88
84
57
59
57
59
60
59
64
65
64
68
69
68
64
88
89
88
85
81
82
81
86
88
86
69
70
69
65
67
65
62
64
62
86
88
86
83
79
81
79
84
86
84
67
69
67
64
65
64
60
62
60
86
88
86
89
62
64
62
84
86
84
88
60
62
60
86
88
86
59
60
59
83
84
83
56
57
56
57
59
57
81
83
81
57
69_72_76
72_74_76
71_74_76
69_72_76
68_71_76
64_71_83
66_69_83
67_71_76
69_72_76
72_74_76
71_74_76
69_72_76
68_71_76
65_75_81
64_76_80
64_71_76
69_72_76
72_74_76
71_74_76
69_72_76
68_71_76
64_71_83
66_69_83
67_71_76
69_72_76
72_74_76
71_74_76
69_72_76
68_71_76
65_75_81
64_76_80
64_71_76
69_73_76
71_74_76
72_74_76
69_72_76
62_77_86
62_79_88
62_81_89
62_77_86
55_62_71
55_64_72
55_65_74
55_62_71
60_67_76
62_67_77
64_67_79
60_67_76
62_71_77
62_71_74
62_71_76
62_71_77
60_72_76
59_71_74
57_69_72
57_67_73
62_65_74
63_72_81
64_72_81
64_71_80
69_72_81
57
84
81
76
72
69
76
72
69
83
80
76
86
83
76
80
76
84
81
76
72
69
76
72
69
83
80
76
76
71
68
64
84
81
76
72
69
76
72
69
83
80
76
86
83
76
80
76
84
81
76
72
69
76
72
69
83
80
76
76
71
68
64
88
85
81
76
73
69
67
64
65
62
84
81
77
74
65
62
86
83
79
77
74
71
65
62
64
60
84
79
76
72
64
60
83
81
80
77
76
74
72
71
69
67
65
64
62
60
59
57
65
62
81
77
68
64
81
80
81
76
72
69
57
93
88
96
95
93
92
90
88
90
92
88
93
95
96
98
99
100
88
93
88
96
95
93
92
90
88
90
92
88
93
95
96
98
99
100
88
93
100
97
93
91
88
85
81
79
77
76
74
91
98
95
91
89
86
83
79
77
76
74
72
89
86
83
81
80
76
74
71
72
76
81
79
77
86
83
81
80
95
92
88
93
81
60_64
69_76
60_64
69_76
59_68
71_76
57_64
72_76
56
59
64
68
71
76
80
83
88
91
95
100
60_64
69_76
60_64
69_76
59_68
76_83
57_64
72_81
56_64
88
83
80
76
71
68
64
60_64
69_76
60_64
69_76
59_68
71_76
57_64
72_76
56
59
64
68
71
76
80
83
88
91
95
100
60_64
69_76
60_64
69_76
59_68
76_83
57_64
72_81
56_64
88
83
80
76
71
68
64
61_69
76_85
60_69
76_84
62_69
77_86
64_73
81_88
65
62
65
69
74
77
81
86
89
93
98
59_67
74_83
59_67
74_83
60_67
76_84
62_71
79_86
64
60
64
67
72
76
79
84
88
91
96
62_71
77_86
62_71
77_86
60_69
76_84
59_68
76_83
57_64
72_81
59_68
76_83
60_69
76_84
63_72
81_90
64
69
72
76
81
84
64
68
71
76
80
83
57
60
64
69
72
76
81
76
72
69
64
60
57
61
64
69
73
76
81
76
72
69
64
60
62
65
69
74
77
81
86
89
93
98
56_65
71_74
59_68
74_77
62_71
77_80
56_65
71_74
57
60
64
69
72
76
81
76
72
69
64
60
57
61
64
69
73
76
81
76
72
69
64
60
62
65
69
74
77
81
86
89
93
98
56_65
71_74
59_68
74_77
62_71
77_80
56_65
71_74
57
61
64
69
73
76
81
76
73
69
64
61
57
61
64
69
73
76
81
85
81
76
73
69
64
61
57
61
64
69
73
76
81
85
88
85
81
76
73
69
64
61
57
61
64
69
73
76
81
85
88
92
88
85
81
76
73
69
64
61
57
59
57
59
57
59
57
59
57
59
57
57
56
57
57_64_69_73_76_81
