71
83
82
83
81
83
79
83
78
83
76
83
74
83
73
83
71
83
70
83
71
83
74
83
73
82
79
82
78
82
76
82
74
82
73
82
71
82
70
82
71
82
73
82
74
82
76
82
74
83
66
83
64
83
62
83
61
83
59
83
67
86
71
86
69
86
67
86
66
86
67
86
66
86
71
86
67
86
66
86
65
86
66
86
65
86
74
86
73
86
71
86
67
86
65
86
66
85
70
85
67
85
66
85
66
85
66
85
67
83
71
86
69
85
67
83
66
83
65
83
66
82
78
78
77
80
76
82
74
83
70
85
71
86
67
83
67
81
67
79
67
78
67
77
66
78
66
82
67
77
66
78
66
82
67
77
66
78
66
82
66
85
66
90
66
85
66
82
66_78
74
81
80
81
79
81
77
81
78
81
76
81
74
81
69
81
67
81
66
81
64
81
62
81
61
81
80
81
79
81
75
81
76
81
74
81
73
81
67
81
66
81
64
81
69
81
67
81
66
86
81
86
80
86
81
86
78
86
74
85
79
85
79
83
67
83
64
83
61
83
73
83
78
83
78
81
66
81
62
81
59
81
71
81
76
81
76
79
64
79
61
79
57
79
69
79
74
78
81_90
62
80_89
62
81_90
62
79_88
62
78_86
62
76_85
69
57_73
69
59_74
69
61_76
69
62_78
69
64_79
69
62_78
62
81_90
62
80_89
62
81_90
62
79_88
62
78_86
62
76_85
69
57_73
69
59_74
69
61_76
69
62_78
69
64_79
69
62_78
62
78_93
62
76_91
62
74_90
62
76_91
62
78_93
62
79
95
74
95
71
95
67
95
71
98
68
98
69
97
71
98
73
100
74
102
71
98
67
95
66
93
69
90
62
90
64
91
67
88
61
88
62
86_90
62
85_88
62
83_86
62
81_85
62
79_83
62
78_81
83_86
55
81_85
55
79_83
55
78_81
57
76_79
57
73_76
57
74
61
62
73
74
85
86
79
78
76
74
73
71
83
82
83
81
83
79
83
78
83
76
83
74
83
73
83
71
83
70
83
71
83
74
83
73
82
79
82
78
82
76
82
74
82
73
82
71
82
70
82
71
82
73
82
74
82
76
82
74
83
66
83
64
83
62
83
61
83
59
83
67
86
71
86
69
86
67
86
66
86
67
86
66
86
71
86
67
86
66
86
65
86
66
86
65
86
74
86
73
86
71
86
67
86
65
86
66
85
70
85
67
85
66
85
66
85
66
85
67
83
71
86
69
85
67
83
66
83
65
83
66
82
78
78
77
80
76
82
74
83
70
85
71
86
67
83
67
81
67
79
67
78
67
77
66
78
66
82
67
77
66
78
66
82
67
77
66
78
66
82
66
85
66
90
66
85
66
82
66_78
74
81
80
81
79
81
77
81
78
81
76
81
74
81
69
81
67
81
66
81
64
81
62
81
61
81
80
81
79
81
75
81
76
81
74
81
73
81
67
81
66
81
64
81
69
81
67
81
66
86
81
86
80
86
81
86
78
86
74
85
79
85
79
83
67
83
64
83
61
83
73
83
78
83
78
81
66
81
62
81
59
81
71
81
76
81
76
79
64
79
61
79
57
79
69
79
74
78
81_90
62
80_89
62
81_90
62
79_88
62
78_86
62
76_85
69
57_73
69
59_74
69
61_76
69
62_78
69
64_79
69
62_78
62
81_90
62
80_89
62
81_90
62
79_88
62
78_86
62
76_85
69
57_73
69
59_74
69
61_76
69
62_78
69
64_79
69
62_78
62
78_93
62
76_91
62
74_90
62
76_91
62
78_93
62
79
95
74
95
71
95
67
95
71
98
68
98
69
97
71
98
73
100
74
102
71
98
67
95
66
93
69
90
62
90
64
91
67
88
61
88
62
86_90
62
85_88
62
83_86
62
81_85
62
79_83
62
78_81
83_86
55
81_85
55
79_83
55
78_81
57
76_79
57
73_76
57
74
61
62
73
74
85
86
79
78
76
74
73
71
59
58
59
83
59
82
59
81
59
80
59
79
59
78
59
76
59
75
59
74
59
73
59
71
83
82
83
59
83
60
83
61
83
62
83
63
83
64
83
66
83
69
83
67
83
66
83
88
64
63
64
88
64
87
64
86
64
85
64
84
64
83
64
81
64
80
64
79
64
78
64
76
88
87
88
64
88
65
88
66
88
67
88
68
88
69
88
71
88
74
88
73
88
71
88
81
69
68
69
81
69
81
69
80
69
79
69
78
62
61
62
86
62
86
64
86
65
86
66
79
67
66
67
79
67
79
67
78
67
77
67
76
60
59
60
84
60
84
62
84
63
84
64
77
65
64
65
84
65
86
65
85
65
84
65
83
65
82
65
81
65
80
65
79
65
76
65
77
65
64
65
65
65
64
65
63
65
62
65
61
65
60
65
59
65
58
65
59
65
60
64
61
64
62
65
63
66
64
67
65
68
66
69
67
70
68
71
69
72
70
73
71
74
72
75
73
76
74
77
75
78
76
79
77
80
78
81
79
82
80
83
81
84
82
85
82
79
76
84
81
78
75
83
80
77
74
82
79
76
73
81
78
75
72
80
77
74
71
79
76
73
70
78
75
72
69
77
74
71
68
77
74
71
67
77
66
78
77
78
64
82
62
83
61
85
59
86
58
88
59
86
61
85
62
83
64
83
65
83
82
66
65
66
88
70
86
71
85
73
83
74
82
76
83
74
85
73
86
71
88
71
89
71
70
90
89
90
66
90
67
90
89
90
66
90
64
90
89
90
65
90
66
90
89
90
64
90
62
90
89
90
62
90
64
91
62
90
61
88
59
86
61
88
62
90
61
88
59
86
58
85
71
83
82
83
81
83
79
83
78
83
76
83
74
83
73
83
71
83
70
83
71
83
74
83
73
82
79
82
78
82
76
82
74
82
73
82
71
82
70
82
71
82
73
82
74
82
76
82
74
83
75
83
76
79
73
81
74
78
71
79
73
76
70
78
71
74
67
71
74
77
79
83
66
70
73
78
82
79
78
82
85
83
82
85
88
86
85
91
90
88
86
85
83
82
79
78
83
85
86
83
85
82
84
81
83
80
82
79
81
78
80
77
79
76
78
75
77
74
76
73
74
77
79
76
78
71
74
73
74
73
74
73
74
73
74
73
74
73
71
73
74
71
73
70
72
69
71
68
70
67
69
66
68
65
67
64
66
63
65
62
64
61
62
65
67
65
66
59
62
61
62
61
62
61
62
61
62
61
62
61
59
71
70
71
66
78
71
83
82
83
78
90
83
95
94
95
78
90
71
83
82
83
66
78
59
83
82
83
74
83
71
83
66
83
62
83
59_66
74_83
