42
42
42
42
62_64_69
42
61
69
64
57_61_66
42
69
61_64
64
69
62
64
42
69
61
62
69
64
66
62
59
42
57_61_64
69
76
73
69_73
76
42
76
69_73
76
69_73
73_76
69
42
73_76
69
47
50
76
69_73
49
45
48
73
69
76
43
47
69_73_76
69_73_76
41
45
45
41
43
40
71_87
59
57_69
49
33_33_36
46
69
73
69
64
46_73
57
52
61
37_37_40
46
69
73
69
64
73
46
57
52
61
36_40_40_46
69
73
46
69
64
73
57
52
61
46
37_37_40
69_73
46_64
69
73
52
57
61
46
33_33_36
69
73
46
64_69
73
52_57
61
46
37_37_40
69
73
46
64_69
73
52_57
61
46
36_40_40
69
73
46_64
69
73
52
57
61
46
37_37_40
62
69
73
64
69
46_73
52
66
57
61
69
74
36_38_38_46
69
74
66_69
74
46
54_57
62
40_42_42
46
69
74
69
66
74
46
57
54
62
36_45_45
46
69_74
46_69
66_74
57
54_62
46
40_42_42
69
74
46_66_69
74
54_57
62
46
36_38_38
69
74
69
66_74
46
57
54_62
46
40_42_42
69
74
69
66_74
46
57
54_62
46
36_45_45
69
74
69
66
74
46
57
54
62
46
40_42_42
59
69
74
69
46_66
40
74
62
57
54
62
66
71
46
35_35_36
49
74
66_71
66
74
46_71_71
66
74
54
59
62
66
71_74
46
35_35_40
74
71
66
74
71
66
71
66_74
46
59
54_62
46
30_30_36
66_74
71
66
74
71
46
54
62
59
66
71
74
33_33_40
46
74
71
66
71
66_74
74
71
46
66
62
59
54
66
74
71
35_35_36
46
74
66_71
74
71
66
46
62
59
54
66
74
71
30_30_40
46
66
71_74
66_74
46
54_62
71
59
66_71
74
46
33_33_36
74
71
66
74
66
71
46
62
54
59
46
35_35_40
74
66_71
64
66
71
68
71
46_66
59
54
71
76
64
73
28_28_36
69
46
71
76
46
64_71
52_59
32_32_40
46
76
71
71
64
64_68
68
71
46
52
56
59
64
68_71
35_35_36_46
76
71
46
68
64
71
56
52
59
46
32_32_40
76
71
46_71
68
40_64
59
56
52
71
74
79
46
31_31_36
49
74
71
46
67
62
71
55
50
59
46
35_35_40
74
71
62
67
46
71
50
55
59
46
36_38_38
74
71
62
71
46_67
50
59
55
46
35_35_40
74
71
62_67_71
46
50_55_59
69
74
78
46
36_38_38
69_74
62
66
69
46
50
54
57
40_42_42
46
74
69
62
69
46
66
50
57
54
36_45_45
46
69_74
62
69
46_66
50
57
54
46
40_42_42
74
62_69
69
66
46
50
57
54
69_73_76
46
33_33_36
46
64
69
73
52
57
61
69
73_76
59
46
37_37_40
69_73
76
69
46_64
73
57
52
61
69_73_76
59
46
36_40_40
69
64
40
57
52
57
71
54
69
64_73
37_37_40
57
52_61
40
40
52
69
57
61_64
33_33_36_69
40_42
49_52
57
40
28_28_36
42
42
64
68_71
52
56_59
32_32_37
42
64
68
71
52
56
59
35_35_36
42
42
64_71
68
52_59
56
32_32_37
64
42
71
68
52
59
56
28_28_36
42
64
71
68
42
52
59
56
32_32_37
42_64
68
71
52
56
59
35_35_36
42
42
64
68
71
52
56
59
32_32_37
68
42_64
71
56
52
59
33_33_36
42
64
69
73
42
52
57
61
37_37_37
69
64_73
42
57
52_61
36_40_40
42
69
64
42
57
52
64
71
37_37_37
52
59
42_69
64
57
52
33_33_36
42
64_69
73
42
52_57
61
37_37_37
64
69
73
42
52
57
61
36_40_40
42
69
64
73
42_57
52
61
37_37_37
64
69
73
42
52
57
61
28_28_36
42
64
42
68_71
52
56_59
32_32_37
42
68
71
64
56
59
52
35_35_36
42
42
64
68
71
52
56
59
32_32_37
42
68
64
71
56
52
59
28_28_36
42
64
42_68_71
52
56_59
32_32_37
64
68_71
42
52
56_59
35_35_36
42
42
64
68_71
52
56_59
32_32_37
64
68
71
42
52
56
59
33_33_36
42
64
69
42_73
52
57
61
37_37_37
64
69
42
52
57
73
61
42
36_40_40
69
64
42
57
52
64_71
37_37_37
52_59
69
42_64
57
52
33_33_36
42
64_69
73
42
52_57
61
37_37_37
69
64
42_73
57
52
61
36_40_40
42
64_69
42_73
52_57
61
37_37_37
64_69
73
42
52_57
61
30_30_36_42
42
69
73
66
57
61
54
33_33_37
66
69
69
73
42
66
57
61
54
42
36_37_37
42
73
69
66
61
57
54
33_33_37
73
73
69
42
66
61
57
54
74
42
36_38_38
42
69
66_74
57
54_62
37_42_42
42
69
66
74
57
54
62
42
36_45_45
74
69
66
42
62
57
54
37_42_42
74
69
66
42
62
57
54
33_33_36
42
69
42_64_71
73
57
52
61
37_37_37
73
64_69
42
73
52_57
61
71
36_40_40
42
69
69
64_73
42
57
52_61
66
37_37_37
64
64_69
73
42
52_57
61
42
33_33_36
69
64
42_73
57
52
61
33_33_37
69
64
73
42
57
52
61
32_32_36_42
69
42_64
73
57
52
61
30_30_37
42_69
64_73
57
52_61
28_28_36
42
42
59_64
68
52
56
32_32_37
61
64
68
71
42
52
56
59
59
35_35_36
42
61
64
68
42_71
52
56
59
54
32_32_37
42_64_68
52_56
71
59
52
42
28_28_36
71
64
68
42
59
52
56
32_32_37
71
68
64
42
59
56
52
35_35_36
42
42_68
71
64
56
59
52
32_32_37
42
68
71
64
56
59
52
76
69_73
57
33_33_36
42
57
42
69
64
73
57
52
61
73
69_76
57
37_37_37
69
73
76
57
64
69
42_73
52
57
61
69_73
76
57
36_40_40
46
57
69
69
64
57
52
40
71
59
69
73
37_37
64
57
61
52
40
40
40
69
57
33_33_36
64_69
73
57
40
52_57
61
45
64
69
62
36
61
69
64
36
57_61_66
36
69
61_64
64
69
62
36
64
36
69
61
40
62
69
36_64
49
45
64
41_64
59
36
62
40
57_62_62
66
69
74
36_38_38
46
87
69_74
69
66
46_69
66
57
54
40_42_42
46
69_74
46
69
66_74
57
54_62
46
36_45_45
69
74
46
74
69
66
62
57
54
46
40_42_42
69
74
46_69
66
74
57
54
62
36_38_38
46
69
74
69
66
74
69
46_57
54_66
62
40_42_42
46
69_74
69
66
74
46
57
54
62
36_45_45_46
69
74
46
69
66
74
57
54
62
64
68
46
40_42_42
59
69
74
62
46
66
69_74
66
62
57_62
54
66
71
46
35_35_36
74
71
46
62
71
66
74
71
66
50
59
54
66
71_74
46
38_38_40
74
71
74
71
66
62
71
66
46
50
59
54
46
36_42_42
74
71
62
46_71
66
50
59
54
66
71
74
46
38_38_40
74
71
62
71
46_66_71
66_74
50
59
54
66
74
71
46
35_35_36
71
66
62
71
66
46
50
59
54
66
74
71
38_38_40
46
71
66
62
71
66
46
50
59
54
66_71
74
36_42_42
46
71
66
71
46_62
66
59
50
54
46
38_38_40
74
66_71
64
66
71
46
62
66
71
50
54
59
68
71
46_64
73
28_28_36
69
76
71
76
46
68
64
71
56
52
59
46
32_32_40
49
71
76
71
64
46_68_68
64
71
56
52
59
64
68_71
46
35_35_36
71_76
46
64
68
71
52
56
59
46
32_32_40
87
62
76
71
64
68_71
46
52
56_59
66
69
74
74
46
36_38_38
74
69
66
69
74
66_66
57
46_62
54
46
40_42_42
64
69
66_74
68
69_74
46
66
69
57_62
54
71
76
46
36_40_40
76
76
71
68
68
64
46_71
56
52
59
87
40_44_44
46
76
71
64_64
71
68
40
46
71
52
59
56
69
49
73
73
64_69
33_33_36
46
69
73
64
69
73
57
52_81
57
61
61
93
66
46
88
62
71
64
37_37_40
46
69
73
46
64
69
73
52
57
61
64
46_61
69
36_40_40
93
81
88
69
73
46_69
64
73
57
52
61
46_61
37_37_40_66
57
69
73
62_64
71
69
64
46
57
52
73
61
33_33_36
46
69
73
64
69
73_93
52
57
46
61
81
69
64
37_37_40
61
46
69
73
69
64
73
46_57
52
61
93
71
64
36_40_40_46_62
81
88
69
73
64_69
73
46
52_57
61
59
66
69
74
46_64
37_37_40
64
62
69_73
57
62
62
64
46_69
73
66
52
57
61
69
74
46
36_38_38
69
74
69
74
66_93
46_64
81
57
62
54
52
46
40_42_42
69
74
66
69_74
46
54
57_62
93
46
36_45_45_81
86
69
74
69
66
74
46_57
54
62
46
40_42_42
69_74
66
74
69
46
54
62
57
62
46
36_38_38
69
74
66
81_93
57
62
46_54
86
66
40_42_42
46
69
66_69
69_74
66
46
54_57
62
74
86
36_45_45
46
90
66_69
74
46_54_57
62
73
68
64
46
40_42_42
85
88
59
62
69
66_74
46
40
57
54_62
66
71
71
66
62
46
35_35_36_49
71
74
66
46_74
71
59
62_66
54
83
90
95
66
74
71
46
38_38_40
66
71_71_74
66
74
46
54
59_62
71
66
74
46
36_42_42
83
95
90
74
71
66
62
59
46_54
66
71
74
46
38_38_40
66_74
71
46
54_62
59
66
71_74
46
35_35_36
74
71
66
74
71
46_54
62
59
90
83
95
74
46_71
38_38_40
66
71
66
74
71
46
54
62
59
95
46
36_42_42_66_71_74
83_90
66_71
71
66
74
46_59
54
62
38_38_40_71_74
46
66
64
66
71
68
74
71
66
62
46_59
54
71
76
64
28_28_36
69_73
46
87
71
76
64_71
68
46
95
83
52_59
56
88
32_32_40
46
71
76
69
64
71_71
64_68_68
46
59
52_56
83
46_64
35_35_36_68_71
95
83
88
76
71
64
71
46
52
59
68
95
56_83
88
46
32_32_40
64_71
67
76
71
64
71
68
52
46_59
56
40
31_31_36_87
46
67_74
67
62
71
46
55
50
59
35_35_40
46
67_74
46
62
67
71
50
55
59
36_38_38_46
67
74
46
62
67_71
50
55_59
46
35_35_40
67
74
46_62
67
71
50
55
59
46
36_38_38
69
74
62
46_66
69
50
54
57
46
40_42_42
69
74
62
46_66
69
50
54
57
46
36_45_45
69_74
62
46_66
69
50
54
57
46
40_42_42
62
66
69
46
50
54
57
57
69
76
73
46
33_33_36
69
64
73
46
57
52
61
69
73_76
57
37_37_40
46
69
57
69
64
46_73
57
52
61
69
73
76
59
36_40_40
46
64_69
73
52_57
61
40
71
59
37_37
40
40
69
64
73
57
52
40
61
57
69
69
61
64
67
33_33_36_42
40
57
49
52
55
40
28_28_36
42
42
64
68_71
52
56_59
32_32_37
42
64
68
71
52
56
59
35_35_36
42
85
88
86
85
42
64_71
68
52_59
56
83
32_32_37
88
85
83
64
42
71
68
52
59
56
88
28_28_36
42
83
88
83
88
64
71
68
42
52
59
56
83
88
32_32_37
83
88
83
88
83
42_64
68
71
52
56
59
88
83
35_35_36
42
88
83
88
88
42
64
68
71
52
56
59
83
32_32_37
68
42_64
71
56
52
59
33_33_36
42
64
69
73
42
52
57
61
37_37_37
76
78
81
69
64_73
42
57
52_61
36_40_40
42
83
88
85
83
69
64
42
57
52
81
88
93
64
71
37_37_37
52
59
90
42_69
64
88
57
52
33_33_36
42
93
88
88
64_69
73
42
52_57
61
93
37_37_37
93
88
93
93
64
69
73
42
52
57
61
88
93
36_40_40
42
88
93
88
93
88
69
64
73
42_57
52
61
93
88
93
37_37_37
88
64
69
73
42
52
57
61
28_28_36
42
64
42
68_71
52
56_59
32_32_37
42
68
71
64
56
59_88
52
35_35_36
42
91
95
92
42
64
68
71
52
56
59
32_32_37
90
93
91
42
68
64_88
71
56
52
59
92
28_28_36
42
88
92
92
64
42_68_71
52
56_59
88
92
32_32_37
92
92
64
68_71
42
52
56_59
88
92
35_35_36
42
42
64
68_71
52
56_59
32_32_37
64
68
71
42
52
56
59
33_33_36
42
64
69
42_73
52
57
61
81
37_37_37
86
90
81
64
69
42
52
57
86
90
73
61
42
36_40_40
88
85
59
69
64
42
57
52
64_71
37_37_37
52_59
86
83
81
57
85
81
69
42_64
57
52
33_33_36
42
64_69
73
42
52_57
61
78
37_37_37
76
69
64
42_73
57
52
61
73
36_40_40
42
71
64_69
42_73
52_57
61
69
37_37_37
68
64_69
73
42
52_57
61
66
30_30_36_42
66
42
69
73
66
57
61
54
33_33_37
69
73
42
66
57
61
54
69
42
36_37_37
73
42
73
69
66
61
57
54
76
73
33_33_37
78
74
73
69
42
66
61
57
54
42
36_38_38
42
69
66_74
57
54_62
37_42_42
42
69
66
74
57
54
62
42
36_45_45
74
69
66
42
62
57
54
37_42_42
74
69
66
42
62
57
54
33_33_36
42
69
42_64
73
57
52
61
73
69
37_37_37
73
69
64_69
42
73
52_57
61
36_40_40
42
69
64_73
42
57
52_61
37_37_37
69
73
69
73
64_69
73
42
52_57
61
42
33_33_36
69
64
42_73
57
52
61
33_33_37
69
64
73
42
57
52
61
32_32_36_42
69
42_64
73
57
52
61
30_30_37
42_69
64_73
57
52_61
28_28_36
42
42
64
52_68
52
56
52
32_32_37
52
52
51
64
68
71
42
52
56
59
54
52
35_35_36
42
64
68
42_71
52
56
59
54
32_32_37
42_64_68
52_56
71
59
52
42
28_28_36
71
64
68
42
59
52
56
32_32_37
71
68
64
42
59
56
52
35_35_36
42
42_68
71
64
56
59
52
32_32_37
64
69
42
68
71
64
56
59
52
33_33_36
42
71
64
42
69
64
73
57
52
61
69_73
37_37_37
76
69
64
69
42_73
52
57
61
71
78
36_40_40
46
76
69
40
69
64
57
52
69
59
41
69
73
37_37
64
57
61
52
69
73
81
57
40
33_33_36_42
64_69
73
57
40
52_57
61
45
64
69
62
36
61
69
64
36
57_61_66
36
69
61_64
64
69
62
36
64
36_40
69
61
47
62_87
69
36_64
43
45
41
64
64
59
36
62
40
57_62_62
66
69
74
49
36_38_38
46
69
74
66
69
46
69
66
74
57
54
62
40_42_42
46
69
74
46_69
66
74
57
54
62
46
36_45_45
69_74
66_69
74
46
54_57
62
46
40_42_42
69
74
46
69
66
74
57
54
62
66
69
36_38_38
46
69
74
69
66
46
74
57
54
62
68
40_42_42_64
46
74
69
69
46
66
74
57
54
62
69
36_45_45_46_66
69
74
46
69
66
74
57
54
62
46
68
40_42_42
64
59
69_74
66
46_62
69_74
66
62
57_62
54
66
71
46
35_35_36
66
71
46
71_74
66
74
71
66
59_62
54
66
71_74
46
38_38_40
66
71
74
71
66
66
71_74
46
54
59_62
46
36_42_42
66
71
74
46_66
71
62
54
59
66
71
74
46
38_38_40
71
66
71_71
46_66_66_74
74
59
54_62
66
74
71
46
35_35_36
66_71
74
71
46
66
62
59
54
66
74
71
38_38_40
46
71
66
66
71
74
46
54
59
62
87
66_71
74
36_42_42
46
66
71
66
71
74
46_54
59
62
46
38_38_40
74
66_71
64
66
71
68
46_71
66
40
59
54
71
76
46_64
73
28_28_36
69
71
76
64
46_68
71
52
56
59
49
46
32_32_40
71
76
71
64
68
64
46_68_71
56
52
59
64
68_71
46
35_35_36
76
71
68
64
46_71
56
52
59
87
46
32_32_40
62
71_76
46
71
66
64_68
59
52_56
69
74
46
36_38_38
69
74
69
46
62
69
66
50
57
54
66
46
42_42_49
40
69
74
69
64
46
62
69
66
50
57
54
68
71
68
46
36_40_40_76
71
76
71
40_46
64
68
71
52
56
59
68
44_44
46
43
71_76
57
71
68
71
46_64
40
56
59
52
64
69
87
33_33_36
46
69
73
69
73
57
93
69
61
64_66_73
46
81
57
52_61
88
62
71
64
37_37_40
46
69
73
64
69_73
46
52
57_61
93
64
46_61
69
36_40_40
81
88
69
73
69
64
73
46
57
52
61
46_61
37_37_40_66
57
69
73
62_64
71
64_69
73
46
52_57
61
33_33_36
46
69
73
93
69_81
64
73
57
46_52
61
88
69
64
37_37_40
61
46
69
73
69
64_73
57
52_61
46
93
71
64
36_40_40_46_62
81
88
73
69
69
64_73
46
57
52_61
76
73
59
62_66
46_64
37_37_40
64
69
62
66
57
62
69_73
62
64
46
57_61
52
69
74
69
66
46
36_38_38
69
66
74
46
57
54
62
93
81
46
40_42_42
66
74
69
46
54
62
57
46
36_45_45_93
81
86
74
66_69
46
62
54_57
46
40_42_42
69
66
74
46
57
54
62
46
36_38_38
62
69
66
74
46
57
54
62
93
81
86
66
40_42_42
46
69
81
69
66
46_74
57
54
62
69
74
86
36_45_45
46
90
69
66
74
46
57
54
62
73
68
46_85_88
40_42_42
59
66_71
62
46_69
74
66
40
57
62
54
66
71
86
83
46
35_35_36
74
71
66
46_74
71
66
62
59
54
90
95
83
66
74
71
46
38_38_40
71
66
66
71_74
46
74
54_83
59
62
71
66
74
46
36_42_42
95
83
90
71
66_74
46
59
54_62
66
71
74
46
38_38_40
66_74
71
46
54_62
59
66
71_74
46
35_35_36
71
66
74
66_71
46
62
54_59
90
83
95
74
46_71
38_38_40
66
66
71
66
46_71_74
54
59_62
46
36_42_42_66_71_74
90
83
95
71
66
66
71
74
46
54
59
62
38_38_40_71_74
46
66
64
66
71
74
71
66_68
62
46
59
54
71
76
64
28_28_36
69_73
46
71
76
76
71
64
68
46
71
95
52_83
56
88
59
32_32_40
46
71
76
76
71
69
64
71
68
46_64_68
71
52_56
59
46_64
35_35_36_68_71
95
83
88
71_76
71_76
68
64
71
46
56
52
59
46
32_32_40
71_76
76
71
68
46_64
46_71
40_40
56
52
59
62
67_74
36_43_43_49_67
59_62
71
55_59_62
36
36
62
74
71
67
36_43_43_49
59_67
62
55_59_62
62
74
69
66
62
66
87
36_38_38
57
54_57_62
36
36
36
73
69
33_33_36
86
64
86
62
73
69
62
36
73
69
62
64
76
73
36
64
86
62
64
76
73
36
62
62
76
73
86
62
76
71
86
36
62
61_86
62
76
69
62
36
71_76
61
62
76
69
36
61
86
62
61
76
69
36
76
69
86
76
73
86
36
62
62_86
64
76
73
36
62
76
73
62_64
73_76
36
64
62
64
86
76
73
62
36
76
73
86
62
76
81
36_40
62
30_30_36
49
66
47
54
42_42_54
54
60
86
62
86
62
40
67
55
45
55
43
55
43
60
31_31_36
62
62
40
60_62
86
44_44
68
56
56
56
43
32_32_36
62
40
86
62
69
87
57
50
57
47
45_86
33_33_36
45
57
81
85
48
45
71
47
59
59_59
47
35_35_36
48
45
81
76
72
60
36_36_36
60
47
48_60
43
48
41_45
73
61
36_37_37
49_49_61_61
45
41
43
76
74
83
62
49
36_38_38
51
50_62
50
69
66
51
74
57
54
62
81
76
40_42_42
51
73
78
51
69
66
74
57
54
62
76
81
36_45_45
51
76
81
51_66_69
74
54_57
62
74
69
40_42_42
51
69
74
59
66
69
74
54
57
62
69
74
36_38_38
51
69
74
69
66
74
51
57
54
62
69
74
40_42_42
51
69_74
66
69_74
59
54
57_62
69
74
36_45_45
51
74
69
66_69
51_74
54_57
62
69
74
40_42_42_59
69
74
74
66
69
59
62
54
57
33_33_36
51
69
72
69
64
73
51
57
52
61
37_37_40
59
69
72
69
64
73
59
57
52
61
71
66
51
36_40_40
69
64
51
69
64
73
57
52
61
37_37_40_51
83
76
69
59_64
73
57
52
61
33_33_36
51
81
78
69
64_73
51
57
52_61
76
81
76
37_37_40
51
81
76
64
69
73
51
52
57
61
76
81
36_40_40
51
81
76
69
64
73
59
57
52
61
51
37_37_40
54
76
81
73
69
59
64
61
57
52
36_38_38
51
57
59
62
69
66
51
50
57
54
62
40_42_42
59
64
62
69
66
66
50
57
54_59
69
51
36_45_45
66
71
62
69
66
51
50
57
54
69
59
40_42_42
74
71
62
69
66
50
57
59
54
78
36_38_38
51
76
62
69
66
50_51
57
54
71
51
40_42_42
74
73
62_72
69
66
50
57
51
54
36_45_45_51
69
66
59
69
62
66
57
50
54
72
51
40_42_42
71
66
69
62
66
59
57
50
54
69
33_33_36_51
69
64_81
73
51_57
52
61
37_37_40
51
73
69
51_64
73
57
52
61
79
51
36_40_40
76
69
64
59
57
52
37_37_40
51
76
69
64
73
51
57
52
61
73
33_33_36_51
64
69
51
73
52
57
61
71
37_37_41
69
69
64
73
40_57
52
61
33_33_36
45
49
48
43
41
64_69
73
52_57
61
40
56
32_32
40
54
71
68
40
59
56
30_30_36
46
46
69
66
73
57
54
61
33_33_40
46
69
46_66
73
57
54
61
78
36_37_37_46
69
66
46
73
57
54
61
76
33_33_40
46
73
69
46
66
73
57
54
61
71
46
36_38_38
69
46
69
66_74
57
54_62
46
40_42_42
66
69_74
54
46_57_62
36_45_45_46
74
69
46_66
62
57
54
46
40_42_42
74
66_69
46
62
54_57
81
46
33_33_36
69
73
64
46
57
61
52
37_37_40
46
78
73
46_64_69
61
52_57
71_76
46
36_40_40
46_64
69
73
52
57
61
71_76
46
37_37_40
69
64
73
46
57
52
61
69
33_33_36
46
46_64_69
73
52_57
61
46
33_33_40
46
69
73
64
57
61
52
46
32_32_36
46_71
68
59
56
46
30_30_40
69
66
46
57
54
46
28_28_36
87
46
71
64
68
59
52
56
46
32_32_40
46
64
68_71
52
56_59
46
35_35_36
64
71
68
46
52
59
56
32_32_40
46
71
64_68
46
59
52_56
46
28_28_36
64
46_71
68
52
59
56
32_32_40_46
46
68
64_71
56
52_59
71_76
46
35_35_36
46
71
64
68
59
52
56
71_76
46
32_32_40
68
71
64
46
56
59
52
40
69
73
40
69
44_61_64
33_33_36_45
57
86
57
40_49_52
45
64
86
62
62
36
45
62
64
40
36
64
86
62
64
36
42_62
62
86
62
45
86
36
62
69
61_86
62
62
36
45
61
62
40
36
61
86
62
61
42
36
86
45
86
36_66
71
62
62_86
64
64
69
40
36
62
61
66
62_64
64
42
69
36
64
62
64
86
61
45
62_64
36
61
86
62
54
57_62
38
62
66
36
62
60
86
62
66
42
86
62
36_62
66
62
60
36
45
62
62
60_62
86
66
42
36_62
62
45
86
62
38
62
86
36
66
62
64
86
62
42
86
62
36
57
62
62
66
62
45
36
64
62_64
86
69
66
62_71
36
42
64
62
45_69_86
62
47
36_69
64
61
62
69
47_86
62_64
36
61
61
69
62
42
36_64
62
61
62
86
69
62
45
36
64
62
47
69
86
62_64
36
86
64
62
62
66
36_42
62_64_86
69
64
45_64
36
62
64
62
71
36_47
66
86
62
40
40
59_63_66_71
62
35_35_36_59_66
63_71
47_54
40_51_59
47
59
66
62
60
62_86
66
71
64
36
62
60
62_86
63
71
66
36
60
62_86
62
62
60
59_63_68
36
62
86
71
63_66
62
60
66
71
62_64
36
64
62_86
45
49
66
36_40
71
63
45
62
86
64
64
62_71
47
86
36_66
64
62
45
66
66
61
36_40_43
41
64
40
59_64_64
64
62
68
71
76
49
28_28_36
51
71_76
71
68
51
68
64
71
56
52
59
32_32_40
51
87
71_76
68
64
51_71
56
52
59
35_35_36
51
71
76
68
64_71
59
56
52_59
32_32_40
51
71_76
59_64
68
71
52
56
59
28_28_36
51
71_76
71
64
68
51_71
68
52
56
59
32_32_40
51
71
76
51
64
68_71
52
56_59
35_35_36
51
71_76
51_68
64
71
56
52
59
66
70
32_32_40_59
61
71
76
64_64_64
68
71
68
59
52
56
59
68
73
51
36_37_37
76
73
51
64
76
68_73
68
73
52
56
61
68
73_76
51
37_37_40
73
76
76
73
68
64_68
73
51
52_56
61
32_32_36
51
76
73
64
68
73
51_52
56
61
68
73
76
59
35_35_40
76
73
73
68
76
64
59
68_73
52
56_61
68
76
73
36_37_37
51
73_76
73
51
64
68
61
52
56
68
76
73
59
32_32_40
76
73
64
61
68
51
52
49
56
68_73
76
35_35_36_51
73_76
61
64
68
59
49
52
56
51
37_37_40
76
68_73
66
76
73
70
61
64_68
40
59
49
52_56
73
78
66
75
30_30_36
51_71
78
73
70
66_73
51
58
54_61
51
34_34_40
49
73_78
73
66
70
66_70
73
51
58
54
61
66
70_73
36_37_37
51
73
78
66
70
73
59
54
58
61
34_34_40_87
51
64
73
78
66
70
73
51
54
58
61
68
71
76
76
51
28_28_36
76
71
68
64
68
59_71
52
56
59
32_32_40
51
49
66
76
71
64
68_71
51
71
69
52
56_59
57
70
73
78
30_30_36
51
78
73
78
70
51
66
73
54
61
40
34_34
51
41
59
73_78
73
70
66
59
73
61
58
54
40
63
66
75
66
51
35_35_36
87
71
71
78
71
59
63
51
68
63_71
66
95
83
90
51_59
54
64
73
66
59
39_39_40
71
78
63
66
51_71
51
54
59
66
51_63
71
36_42_42
95
90
83
71_78
51
63
66
71
51
54
59
63
59
39_39_40_68
59
71
78
64_66
73
51
63
66
71
51
54
59
51
35_35_36
71_78
90
95
63
66
59_71
83
51
54
59
78
71
66
51
39_39_40
63
71_78
59_63
71
66
51
59
54
51
73
66
36_42_42_64
90
83_95
71
78
63
51_66_71
51
54_59
61
68
71
76
66
59
39_39_40
66
64
78
71
59
68
64
64
63
66_71
51
51
54_59
71
28_28_36_76
51
71_76
64
68
71
51
52
56
59
95
88
83
59
32_32_40
76
71
64
59_68_71
52
56_59
51
35_35_36
88
83_95
71
76
64
68
51
71
52
56
59
59
32_32_40
71_76
68
64
71
59
56
52
59
51
28_28_36
71
76
64
68_88
71
83
51_95
52
56
59
80
51
32_32_40
78
64
68
71_71
68
59
52
56
59
76
51
35_35_36
92
88
51
68
64
71
56
52
59
75
70_90
66
59
32_32_40
87
61
64
64
68_71
59
52
56_59
68
73
73
68
64
51
36_37_37
88
85
61
64
68
76
73
51_68
49
52
56
85_88
68
76
73
59
37_37_40
73
68
76
61
68
64
59
49
56
52
73
68
76
32_32_36
51
92
85
68
61
64
51
56
49
52
68
73
76
35_35_40_59
68
61_64
59
56
49_52
68
73_76
36_37_37
51
51
61
64_68
49
52_56
88
85
76
59_73
32_32_40
68
61
59_64_68
49
52_56
35_35_36_51_68_73_76
85
88
61
68
64
51
49
56
52
37_37_40_73_76
59
68
66
70
61
68
64
51
40
49
56
52
73
78
51_66
30_30_36
71_75
49
73
78
66_70
73
90
51
54_58
61
78
85
34_34_40
51
73_78
71
66
73
66_70_70
73
59
54_58
61
66
36_37_37_70_73
51
90
78_85
78
73
66
70
51_73
54
58
61
34_34_40
51_66_73
69
78
73
64
66_70
59
73
54_58
61
69
73
76
33_33_36_51
87
81
76
69
64
51
73
57
52
61
51
37_37_40
76
81
69
64
73
51
57
52
61
51
36_40_40
76_81
64_69
51_73
52_57
61
51
37_37_40
81
76
64
69
64
73
59
57
52
61
68
71
49
76
28_28_36
45_48
76
71
43
95
64
68_88
47_71
83
52
56
59
41_45
32_32_47
71
76
49
40
68
64
71
56
52
59
47
35_35_36
83
95
88
45
71
76
43
68
64
71
56
52
59
66
71
75
41
32_32
59
71_76
87
63
40_64
68
71
52
56
59
66
71
35_35_36
71
78
51
63
66
54
71
51
54
59_95
83
90
51
39_39
63
40
71_78
59
63
66
71
51
54
59
61
36_42_42
51
95
90
83
71
78
51
63
66_71
51
54_59
59
39_39_51
40
78
71
42_59
51
56
63
66_71
51
54_59
47
51
35_35_36
71_78
63
66
51_71
51
54
59_83_95
90
47
51
39_39
40
71_78
63_66
71
59
51_54
59
90
95
36_42_42_51
51
83
71_78
63
66
71
51
51
54
59
71
66
54
39_39_40
59_63
59
71_78
63
56
59_63
66
71
40
51
54
59
66
71
51
35_35_36
78
95
54_83
51
63_90
66
71
51
54
59
63
39_39
51
40
63
51
66_71
51
54_59
73
61
36_42_42
51
95
83
90
59
63
66
71
51
54
59
71
59
51
39_39
40
68
42
63
66
71
56
59
66
51
54
59
69
47
51
35_35_36
71
78
63
66
71
51
54
51
59
95
83
90
69
47
51
39_39
40
71_78
63
66
71
51
51_54
59
68
36_42_42_51
51
90_95
83
71_78
63
66
66
51_71
40
51
54
59
63
39_39
59
66
63
49_69
43
41
59
66
71
78
63
59
47
63_66
71
40
51_54
59
66
71
51
35_35_36_49
78
71
51
63
54
66
71
51
54
59
90_95
83
63
51
39_39
40
71_78
51_63_66
71
51_54
59
61
36_42_42
51
95
90
83
78
71
51
63_66
71
51_54
59
59
39_39
40_51
71_78
42
56
59
63
66
71
51
54
59
47
51
35_35_36
78
71
51
71
63_66
90
59
51_54
83_95
47
39_39_40
59
71
78
59
66
63
71
54
51
59
36_42_42_51
51
90
95
83
78
71
51
71
63_75
66_66_71
51
54_59
54
51
39_39
40
59
78
71
56
51
63
40
66
71
63
51
54
59
66
71
87
51
35_35_36
71_78
54
63
51_66
71
51
54
59
90
95
83
63
39_39_51
40
71
78
63
66
71
51
51
54
59
61
51
36_42_42
95
90
83_94
83
80
59
63
66
71
51
54
59
83
51_59
39_39
40
80
78
69
42
56
51_63_66
71
51_54
59
47
51
35_35_36
71_75
63
66_71
59
51
54_59
83_90_95
47
39_39_69
59
40
71_75
51
63
66
71
51
54
59
68
36_42_42
51
51
95
90
83
71_75
40
51_63
66
66
71
51
54
59
63
45_75
39_39
49
51
43
59
59
71
75
41
63
66
47_71
63
78
51
54
59
66
71
49
35_35_36
89
83_93
90
71
75
51_63_66
71
54
51_54
59
93
90
63
51
39_39
40
93
83
90
90
71_75
63
71
66
51
51
59
54
90
61
51
36_42_42
93
90
93
90
71_75
63
66_71
51
51
54_59
93
90
40
51_59
39_39
93
90
93
71
75_90
63
42_71
66
51
59
59
54_56
58
93
90
47
35_35_36
51
93
90
93
83
71_75
63
66
71
90
51
51
54
59
93
90
47
39_39
51
40
93
90
71
75
59
63
66
90
51
54
71
59
90
36_42_42_51
51
90
71
75
63
51_66
71
51
93
54
90
59
83
59
39_39_54_73
92
40
88
83
71
75
59
90
86
63
56_71
40_59_63
66
71
51
54
59
66
71
87
51
35_35_36
87
90
87
71
75_83
54
63_66
51_71
90
51_54
59
95
63
39_39
40_51
71_75
63
66
71
51
51
54
59
61
51
36_42_42
90
83
95
71
75
51_63
66_71
51
54_59
59
39_39
59
40
71
75
42_63_66
71
59
56
51_54
59
47
35_35_36
45
48
83
63
66_71
90
95
51_83
45_48_54_59
47
39_39
43_47
80
63_71
66
71
51
54
59
78
90
95
36_42_42
43_47_51_66
83
75
63
66
71
45
41_51
54
59
73
49
39_39
75
73
35_35
40
63_66
48_71
47
51_54
59
69
73
33_33
49
69
45_64
64_69
36_52_57_61_64_69_73
73
52_57_61
81
85
76
69
40
40
64
71
64_68
64_68_71
40
36
56
52
59
64_68
71
52_56
59
28_28
64
76
83
80
45
45
59
63
66
59
63
59
66
59
47_51
36
35_35_54
63
66
71
59
51
71
54
59
47
86
83
71
78
59
66
87
95
87
87
95
87
95
87
87
95
95
95
87
95
95
87
95
87
95
95
95
87
95
95
95
95
87
95
95
87
95
