44
44
42
44
58
61
65
36_37_55_61
65_68_73
42
42
42
37
42
36
68
29_53
36
82
42
68
73
37
54
82
42
42
30
36
54
68_70
42
42
42
37_70
42
32_65
36
75
36
82
42
46
34
82
49
82
54
82
42
82
53
42
36_37
61
73
77
42
72
42
42
37
42
82
36
70
29_70_80
36
68
82
42
68
37_54
82
65
42
68
51_54
30
36_75
58
46
53
61
41
53
60
44
56
42
54
49
56
49
61
54
42
56
54
56
61
58
46
53
61
41
53
60
44
56
58
42
58
54
58
56
60
61
61
42
54
60
56
58
61
58
46
53
56
61
53
41
53
60
44
56
56
58
42
58
54
58
49
60
61
42
61
54
60
56
58
61
58
46
53
56
53
61
41
53
60
44
56
56
42
54
58
49
61
42
54
48_53
58
56
61
58
53
58
34_36_42_46
65
42_53
42
42
61
42
36
29
41
42
53
42
60
60
42
40
32_44
42
56
42
42
36
30
54
42
42_49
49
42_49
42_49_61
36
36_42_54
42
42
42
48_54_56
53
42
30
37
56
46
61
58
58
53
42
36
34_46
53
42
42
65
42
61
42
29
41
36
42
53
61
42
60
60
42
44
40
32
42
56
56
42
42
36_58
30
56
54
42
58
42
58
42
49
42
61
36_58_60
42_42
36
61
42
42
54
60
42
30_56
37
58
42
61
58
42
46
34_36
42
53_85
53
42
56
42
53
61
42
58
29
41
82
36
42
53
42
60_77
42
32_44
40
56
46_56
58
42_42
61
30_36
73
42_58
54
42
58
42
49
42
36
61
42
36
42_61
42
42
54
58
60
42
56
30
37
58
46
61
58
42
46
36
34
42
53
82
70
42
56
61
42_53
82
70
42
41_51
36
29
42
53
53
36
42
60
56
56
42
32_40
44
42
56
58
68_80
42
42
30
36
42
56
54
42_56
42
56
49
42_56
36
61
42_58
36_42
42
42
54
61
42
30
49
56
37
46
61
56
58
42
61
42_58
61
36
65
30
54
42
42
61_65
37_42
49_61
58
42
61_61
36
42
36_42
63
68
42
54
40
65
42
56
48
42
44
32
61
45
36_37_49_55_56_61
65_85
53_61_65_68
73
68
42
42_56
56
56
56
42_68
37_61
65_65
61
42
56
37
36
61_68
65
42
56
61
65
56
53
29_42
36
56
42_61_65
68
42
73
56_56
56
42_65
56_61
61_68
37_65
29
42_61
61
65
65
42
54
58
58
42
30_61
54_68
36
73
42
58
58
61
42
65
42
54_58
61_68
37
58
42_66
36
30
42
58
61_68
54
42
36
58
61_68
42
54
73
42
32
61
58
58
61_68
37_42_54_63
87
54_58
42
63
42
56
37
61
36_42_49_68
65_65_89
65
56_68
42
61
61_68
42
65
68_68
37
42_61
56
49_61_65
65
37
68
36_42_56_61
68
42
56
61_65
56
53
29
65
42
68
36_61
56
61_65
42
73
42
56
68
61_65
56_65
61
37
42
70
65
29_56_61
42_63_66
56_63
68
42
54
58_58
42
30_36_54_61
68
68
42_58
61_73
61_65
61
42
42
54_58
61
37
63
42
58_58
66_75
36_54_58
30
42
54_58
61
42
36
58
61
42_54_68
61
56_56
73
42_65
58
54
58
61_68
54
37_42
90
58
42
32
54_68
58_61
42_66
54
68
56
37
36_42_61_66
65_92
49
42
56
65
68
42
56
42_65
68
61
37_56_65_65
61_68
42_56
36_37_61_65
68
68
65
42
56_65
61
56
53
42
29
36
42_56
61_65
42_73
56
42_65
56_65
37_61_61_68
56
29_61_65
42
61_65_68
68
42
58
58
30
54_61_68
36_42
54
58_58
65
42_58_61
73
42
37_42
54
58_65
61_68
56
36_42_58
30_66
42
58_61
54
42
36
58
42
54_61
73
42_61
30
58
54
75
58_61_68
37_42_54
94
54
58
56_65
42_61
61
32
54
42
56
61
49_63
42_65_66
60_61_92
36_68
37
77
65
56
61
42_61_65_68
68
42
65
68
61
37_42_68
56_61
65
65
37
68
61
36_42_56
68
42
56
61_65
53
29_56_80
42
36
61_65
42_56
73
65
42
56
37_56
65
61
42
29
66
42
56
54
58
61
54
58
55_70
36
30
61
68
68
65
63
63
42_61
37
58
34_36_42_46_65
42_53
68
42
42
61
42
36
29
80
41_77
42
53
42
60
77
42
40
32_44
42
56
78_82
42
42
36
30
54
42
42
56
42_49
58
56
42_61
36
58
36_42
42
42
42
54
56
42
30
37
56
46
61
51
42_53
36_56
34_46
53
42
58
42
42
61
56
42
29
41_70
36
42
53
42
60
42
44
40
32
42
56
42
42
58_77
36
30
54
42
58
42
58
42
49
42_60
61
36
42_42
36
61
42
42
54
60
42
30_56
37
58
42
61
42
46
34_36
58
42
53
85
42
56
42
61
53
42
82
29
41
36
42
53
42
77
60
42
32_44
40
46_56
42_42
58
30_36
73
42
54
42
58
42
49
60
42
36
61
42
36
42
61
42
42
54
60
42
56
30
37
58
46
61
42
46
58
36
65
34
42
53
56
42
53
61
42
70
42
41
36
70
29
42
53
36
58
42
60
68
63
42
32_40
44
61
42
56
68
42
42_61
30
36
42
54
42
42
56
49
42
36
56
61
58
42
36_42
42
42
61
54
42
30
49
56
37
46
61
56
42
42_58
36_61
30
54
42
42
61_65
37
42
49
61
42
61
36
61
63
36
42
42
68
42_65
54
40
40
42
56
48
42
45
32
61
44
36_37_49_55_56_61
65
61_65_68_85
73
53
68
42
42_56
56
56
56
42_68
37_61
65_65
61
42
56
37
36
61_68
65
42
56
61
65
56
53
29_42
36
56
42_61_65
68
42
73
56_56
56
42_65
56_61
61_68
37_65
29
42_61
61
65
65
42
54
58
58
42
30_61
54_68
36
73
42
58
58
61
42
65
42
54_58
61_68
37
58
42_66
36
30
42
58
61_68
54
42
36
58
61_68
42
54
73
42
32
61
58
58
61_68
37_42_54_63
87
54_58
42
63
42
56
37
61
36_42_49_68
65_65_89
65
56_68
42
61
61_68
42
65
68_68
37
42_61
56
49_61_65
65
37
68
36_42_56_61
68
42
56
61_65
56
53
29
65
42
68
36_61
56
61_65
42
73
42
90
56
68
61_65
56_65
61
37
42
70
65
29_56_61
42_63_66
56_63
68
42
54
58_58
42
30_36_54_61
68
92
68
42_58
61_73
61_65
61
42
42
54_58
61
37
63
42
58_58
66_75
36_54_58
30
42
54_58
61
42
36
58
61
42_54_68
61
56_56
73
42_65
58
54
58_90
61_68
54
37_42
58
42
32
54_68
58_61
42_66
54
68
56
37
36_42_61_66
65
49
89
42
56
65
68
42
56
42_65
68
61
37_56_65_65
61_68
42_56
36_37_61_65
68
68
65
42
56_65
61
56
53
42
29
36
42_56
61_65
42_73
56
42_65
56_65
37_61_61_68
56
29_61_65
42
61_65_68
68
42
58
58_85
30
54_61_68
36_42
54
58_58
65
42_58_61
73
42
37_42
54
58_65
61_68
56
36_42_58
30_66
42
58_61
54
42
36
58
42
54_61
73
42_61
30
58
54
75
58_61_68
37_42_54
54
58
56_65
42_61
61
32
54
42
56
61
49_63
42_65_66
60_61
36_68
37
87
77
65
56
61
42_61_65_68
89
68
42
65
68
61
37_42_68
56_61
65
89
65
37
68
61
36_42_56
68_89
42
56
61_65
53
29_56_80
42
36
61_65
42_56
73
65
42
56
37_56
65
61
42
29
66
42
56
54
58
61
54
58
55_70
36
92
30
61
68
68
65
63
63
42_61
37
58
53_70
65
70
53_58_85
65
77_82
61_70
58_82
53_65
77
61
56_70
73_77
51_65
61
56
63_68
51
60
56
63_68
84
75_80
60
56
63_68
51_75
60
54
68
63
73_78
49
66
61
54
49
61
85
54
61_66_78
49_82
54
66
61_82
73
54
66_78
73
61
68
54_73
61_66
49
54
61_66_73_78
49
63
78
54_82
61_66
56
51_78
66
73
61
65
58
53
58_61
70
65
58
58
61
53
85
70
65_82
77
61
58
58
53
70_77
65
56_61
51_58
70_73
65
60
56
56
51
68
63
60
56
56
63_68
75_80_84
56
60
51
63_68
56_75
56_60
51_68
56_63
73
78_82
58
61
54
61_66
49
54
61_66_82_85
49_78
68
54
49
61
66_82
65_78
54
49
61_78
66
73
54
49
61_66_73
65
54
49_61_66
78
73
73
66
54_61_73_82
49
63
56_66_72
51_61_73_78
56
58
53
68_70
65
65_70
65
58
53_65
70
85
65_68_82
77
58
53_65
77
68_70
65
73
56
65_70
51_68
65_73
56
51
68
65
68
63
56
51
63
63_66
68_84
75
80
56
65_68
51_63
68
75
68
54
68
49_63_73
65
78_82
66
49_54_61
54
61_61_70
49_66_82_85
66
78
54
61_66_78_82
49
78
54
49_61_66
70
66
61
49_54
61_73
66
54
49
78
61_66
73
54
49
61_66
82
73
54
49
61_66
78
82
85
58
65
70
58_65
34_36_55
61_65
58
53
46
42
75
42
75
36
42
76
40
42
56_60
36
32_44_77
51
42
36
42
36
27
58
82
42
48
40
32
61
42
77
36
58_61
42
30_49
54
65
42
36
42
75
42
75
36
42
76
40
63
42
77
36
66
42
42
36
42
42
61
82
42
48
45
65
42_77
63
61
65
63
42
34_53
46
36
42_75
61
42
75
36
42
76
40
42_60
56
61_77
32
36_44_51
42
36
58
42
27
36
61
82
42
32
40
65
30_42_77
58
66
54_61
42
49
68
42
36
75
42
75
42
36
40_76
42
36
42_77
65
42
42
36
42
42
36_61
82
42
61
48
45
42_77
58
42_53
53
46
65
34_36_55
42
75
42
75
36
42
40
76
42
60
77
32
36_56_58
51
44
61
42
36
65
42
27
36
82
70_73
42
32
40
30_42
61_77
66
42_58
54
49
42
36
42
75
42_75
76
40_42
42
36
72_77
42
36_42
42
42
70
82
40
42
42_77
42
36
42_75
75
42
42
56_76
42
77
56
42
54
58
42
56
82
40
61
42
42
77
42_58
61_66
36
42
75
42
75
68
61_65
42
76
58
77
61
42
42
63
42
82
65
40
42
77
44
32
42
36_37_49_55_56_61
65_85
53_61_65_68
73
68
42
42_56
56
56
56
42_68
37_61
65_65
61
42
56
37
36
61_68
65
42
56
61
65
56
53
29_42
36
56
42_61_65
68
42
73
56_56
56
42_65
56_61
61_68
37_65
29
42_61
61
65
65
42
54
58
58
42
30_61
54_68
36
73
42
58
58
61
42
65
42
54_58
61_68
37
58
42_66
36
30
42
58
61_68
54
42
36
58
61_68
42
54
73
42
32
61
58
58
61_68
37_42_54_63
87
54_58
42
63
42
56
37
61
36_42_49_68
65_65_89
65
56_68
42
61
61_68
42
65
68_68
37
42_61
56
49_61_65
65
37
68
36_42_56_61
68
42
56
61_65
56
53
29
65
42
68
36_61
56
61_65
42
73
42
56
68
61_65
56_65
61
37
42
70
65
29_56_61
42_63_66
56_63
68
42
54
58_58
42
30_36_54_61
68
68
42_58
61_73
61_65
61
42
42
54_58
61
37
63
42
58_58
66_75
36_54_58
30
42
54_58
61
42
36
58
61
42_54_68
61
56_56
73
42_65
58
54
58
61_68
54
37_42
90
58
42
32
54_68
58_61
42_66
54
68
56
37
36_42_61_66
65_92
49
42
56
65
68
42
56
42_65
68
61
37_56_65_65
61_68
42_56
36_37_61_65
68
68
65
42
56_65
61
56
53
42
29
36
42_56
61_65
42_73
56
42_65
56_65
37_61_61_68
56
29_61_65
42
61_65_68
68
42
58
58
30
54_61_68
36_42
54
58_58
65
42_58_61
73
42
37_42
54
58_65
61_68
56
36_42_58
30_66
42
58_61
54
42
36
58
42
54_61
73
42_61
30
58
54
75
58_61_68
37_42_54
94
54
58
56_65
42_61
61
32
54
42
56
61
49_63
42_65_66
60_61_92
36_68
37
77
56
61
42_61_65_68
65
68
42
65
68
61
37_42_68
56_61
65
37
68
61
36_42_56
65
68
42
56
61_65
53
29_56_80
42
36
61_65
42_56
65
73
42
56
37_56
65
61
42
66
29
42
56
54
58
61
54
58
70
36
42
30
61
68
68
65
42
42
37_42
63
36_42
63
61
36
42
40
68
48
42
45
41
44
61
36_37_49_55_56_61
65_85
53_61_65_68
73
68
42
42_56
56
42_68
37_61
65
61_68
65
42
56
37
36
68
61
65_68
42
56
61
65
56
53
29_42
36
56
42_61_65
68
42
73
56
61_68
42_65_65
56
61_68
37
29_61
42_65_68
61
65
42
54
58
58
42
30_61
54_68
36
73
42
58_61_65
58
42
56
65_65
42
54_58
61_68
37
58
42_63_66
36
30
61
42
58
61_68
54
63
42
36
58
61_68
42
54
61
73
42
32
61
58
58
61_68
37_42_54_63
87
61
54_58
42
63
42
56
37
61
36_42_49_68
65_65_89
56
42
61
68
68
61
65
42
68
37
42
56_61_65_68
49_61_65
61
37_65_68
36_42_56
68
42
56
61_65
56
53
29
42
68
36_61_65
56
61_65
42
73
42
56
61
68
65_65
56
61
37
42
65
29_56_61
42_66
63_70
56_63
68
42
54
58_58
42
30_36_54_61
68
42_58
61_73
68
61_61
65
42
42
54_58
61
37
42
58_58
75
36_54_58_66
63_66
30
42
54_58
61
42
36
58
61
42_54_68
61
56_65_65
73
42
56
58
54
58_63
61_68
54
37_42
90
58
42
32
54_68
58_61_63
42_66
54
68
56
37_61
36_42_61_66
65_92
49
42
56
65
68
61_65_68
42
42
61_65
37_56_65_65
61_68_68
42_56
36_37
61_65_68
68
65
42
56_65
61
56
53
42
29
36
42_56
61_65
42_73
68
61_65
56
42
56_65
37_61
56
29_61_65
42
68
61_68
65
42
58
58
30
54_61_68
36_42
54
58_58_61
42_65
73
58
42
56
37_42
54
58_65_65
61_68
56
36_42_58
63
30_66
61
42
58_61
54
63
42
36
58
42
54_61
73
61
42_61
30
58
54
75
58_61_68
37_42_54
56_65
61
94
54
58
42_61
61
32
66
58_61
54
42
56
61
49
42_65
61_92
36_68
37
77
56
61
42
49
65_68
68
65
61
42
37_42_68
56_61
65
68
61_65
37_56
36_42
68
61_68
65
49_56_61_65
42
53
29_56_80
42
36
49
61
56_65
42
73
65
42
56
49
37_49_61_65
56
42
56
49_65
61
29
42
66
56
58
61
54
58_61
54_65
70
36
42
30
68
54_58
65
42
58
42
37_42_58
54_61
63
58
36_42
54
63
58_65
54_61
61
36
42
58
61_65
54
40
56
68
58
48_54
42
58_65
45_54
61
58_65
54
41_61
65
36_37_49_55_56_61_61
65_85
61_65_68
73
68
42
42_56
56
42_68
37_61
65
61_68
65
42
56
37
36
68
61
65_68
42
56
61
65
56
53
29_42
36
56
42_61_65
68
42
73
56
61_68
42_65_65
56
61_68
37
29_61
42_65_68
61
65
42
54
58
58
42
30_61
54_68
36
73
42
58_61_65
58
72
42
65
42
54_58
61_68
37
58
42_66
72
36
30
42
58
61_68
54
42
36
58
61_68
42
54
70
73
42
32
61
58
58
61_68
37_42_54_63
87
72
54_58
42
63
42
68
56
37
61
36_42_49_68
65_65_89
56
42
61
68
68
61
65
42
68
37
42
56_61_65_68
49_61_65
61
37_65_68
36_42_56
68
42
56
61_65
56
53
29
42
68
36_61_65
56
61_65
42
73
42
56
61
68
65_65
56
61
37
42
65
29_56_61
42_66
63_70
66
68
42
54
58_58
42
30_36_54_61
68
42_58
73
68
61_61
65_65
42
42
54_58_63
61
37
42
58
63_75
36_54_58_66
63
30
42
54_58
61
61
42
36
58
61
42_54_68
61
65_82
73
42
56
58
80
54
58
61_68
54
37_42_77
90
58
42
32
54_68
58_61
42_66
80
54
68
56
37
36_42_61_66
65_92
49
42
56
65
68
61_65_68
42
42
61_65
37_56_65_65
61_68_68
42_56
36_37
61_65_68
68
65
42
56_65
61
56
53
42
29
36
42_56
61_65
42_73
68
61_65
77
56
42
56_65
37_61
56
29_61_65
42
68
61_68
65
42
58
58
30
54_61_68
36_42
75
54
65
58_61
63
42_65
73
58
73
61
42
37_42_63
54
58_65
61_68
36_42_58
30_61_66
42
58_61
54
42
36
58
42
54_61
72
73
42
30
61
58
54
75
58_61_68
37_42_54
56_65
61
94
70
54
58
42_61
32
66
58_61
54
42
56
61
49
42_65
61_92
36_68
37
77
68
56
61
42_65
68
68
65
61
42
37_42_68
56_61
65
68
61_65
37
36_42_56
68
61_68
65
42
56
61_65
53
29_56_80
42
36
61_65
42_56
73
42
61
56
37_56
65
61
42
29
42
66
56
54
58
61
54
58
55_70
36
30
61
68
68
65
63
63
61
42
58_70
70
61_66
54_73
61
66
70
73
