42
42
42
42
42
42
42
42
59
64
52
52
64
59
49
49
64
59
59
64
52
52
64
64
52
59_59
52
49
49
64
64
52
59
59
52
59
59_64
69
64
69
59
59_64
69
64
69
55
55
50
50
45
45
55
55
50
50
45
45
64
52
59
35
49
52
59
64
49
35
49
42
49
38_40
42
59
64
64
52
59
52
38_40
59
52
64
59
42
52
64
49
42
49
59
64
52_52
59
64
35
42
42
35
42
42
42
38_40
42
38_40
42
42
52
64
64
59
42
59
35
52
42
35
42
42
49
38_40
49
42
42
64
59
52
64
59
38_40
52
52
52
59_64
64
59
42
49
42
49
52
59_64
52
64
59
35_42
42
35
42
42
42
38_40
42
38_40
35
42
42
35
66
64
64
59
52
59
38
40_52
35
64
38
40
35
59
52
64
59
52_64
64
64_71
68
66
68
64_71
64_71
68
64_71
68
66
64_71
64
71
64_71
68
38
40
66
38
40
68
64_71
68
64_71
68
64_71
66
64
52
59
35_59
49
40_40
52
64
64
49
35
42
42
68
71
49
38_40
42
49
52
66
52
40_40
42
59
64
59
38_40
64
68
71
71
52_64
59
64
68
59
52
49
49
42
42
64
64
52
59
64
59
52
66
71
68
40_40
42
35
64_71
42
35
42
42
64
64
64
66
42
38_40
40_40
42
38_40
71
64
66
42
64_71
64
42
59
40_40
35_52_64
64
52_59
42
42
35
71
68
71
42
66
42
68
71
71
68
49
42
52
38_40
49
52
40_40
64
59
64
59
42
38_40
71
68
52
64
59_64
68
71
59
52
42
49
42
49
64
52
59
52_59_64_64
68
66
71
35_64_71
40_40
42
42
35
40_40
35
40_40
42
42
35
64
64
64
38_40
37_37
42
40_40
66
42
38_40
71
64
67
69
64
35
42
64
37_37
42
35
57
69
52
35
57
42
33_33_45
64_64
52
42
35
69
64
69
69
67
64
42
42
69
69
64
69
69
64
54_66
54
38_40_66
42
52
45
52_69
33_33
57
42
57_64
38_40
64
69
64
69
69
45
52_64
57_64
52
57
42
66
66
54
42
54
45
69
64
52
52_57_64
57
69
69
35
64
33_33
42
42
35
69
69
64
69
69
64
42
42
69
69
64
38_40_42
33_33
42
38_40
69
67
64
42
42
45
57
33_33
42
52_69
64
35_64
57
52
42
69
35
64
69
64
67
69
42
42
69
64
69
69
69
64
54
66
54
38_40
42
66
52
33_33
45
52_57
64
69
42
64
57
38_40
69
69
64
52
64_64
52
57
42_57
45_69
35
49
66
66
42
54
54
35
64
52
52
64
57
45
57
69
69
69
64
35_35
49
49
35_42
42
35
69
35_35
69
64
69
69
64
35_35
35
42_52
42
35
49
69
69
64
42
35_35
37_37
52
38_40
43
42
38_40
39
35_42
37_37
43
42
35
35_59_64
52_66
64
40_40_59
49
52
49
35
66
42
66
42
66
49
38_40
42
49
66
52
52
40_40
42
64
59
64
59
38_40
52_64
59
59
52
64
42
49
49
42
59
52_64
59
52
64
35_40_40
64
42
66
42
35
42
42
64
38_40_42
61
40_40
42
38_40
42
64
61
42
64
59
59
42
52
64
66
40_40_52
35
64
42
35
66
66
42
42
66
52_66
49
38_40
42
49
52
40_40
59
64
64
59
42
38_40
66
59_64
52
52
64
59
66
42
49
49
42
66
52
59_64
52
64
59
64
35_42
40_40
42
35
40_40
40_40
35
42
42
35
42
66
38_40
37_37
40_40
64
42
38_40
66
59
35_42
37_37
42
35
59
39
57
45
52
33_33
35
52
69
59
57
42_64
64
42
35
42
62
42
59
62
54
66
38_40
42_54
66
52
45
52
33_33
69
57
42
57
64
38_40
64
45
64
69
57
52
52_57_64
42
66
66
42
54
54
45
64
57
52
69
64
52_57
35
33_33
42
42
35
64
42
42
64
38_40_42
66
33_33
42
38_40
66
59
42
42
59
52
69
42
52_57
59
33_33
35_57
45
64
64
42
35
62
42
59
42
62
66
38_40
54
42
54
66
52
33_33
52
45
69
57
64
42
64
57
38_40
69
64
64
45
57
52
57
52
42
66
66
42
54
54
64
69
45
57
64
52
52
57
35_35_35_42
42
35
35_35
35_35
35
42
42
35
35_35_42
61
37_37
38_40
42
38_40
37_37
61
64
35_42
42
35
64
35
40_40
64
52
66
42
59
52
59_64
42
35
66
42
66
42
66
49
38_40
66
42
49
52
40_40
52
42
59_64
64
38_40
59
66
59
64
64
59
66
52
49_52
42
49
42
66
59
64
64
52
59
52
35
40_40
64
42
42
35
42
42
64
38_40_42
61
40_40
42
38_40
64
42
61
42
64
64
59
42_59
64
66
35_40_40
52_52
42
35
69
42
66
42
69
49
38_40_66
42
49
52
52
64
40_40
59
64
59
42
38_40
66
64
52
64
59
59
66
42
52
49
49
42
66
64
59
52
64
59
52
40_40
64
35_42
42
35
40_40
40_40
35
42
42
35
64
42
66
37_37
38_40
40_40
42
38_40
66
59
37_37
59
57
64
52
35
52_69
33_33
59_64
42
45
57
42
35
42
62
59
42
54
38_40
42
66_66
54
52
62
52
33_33
45
69
64
42
57
57
64
38_40
57
52
64
52_69
57
45_64
42
66
66
42
54
54
57
52
64
45_64
52_69
57
35
33_33
42
42
35
42
64
42
64
38_40_42
66
71
33_33
42
38_40
66
59
42
42
59
52_52_57
42
45
69
33_33_64
59
57
35
64
42
35
62
42
59
42
62
54
66_66
38_40
54
42
52
52
33_33
45
57_69
64
57
64
42
38_40
45
52
64
57
64
57
52
42_69
66
66
42
54
54
45
52
57
64
64
57
52
69
35_35
35_42
42
35
35_35
35_35
35
42
42
35
35_35
42
37_37
59
38_40
42
38_40
37_37
35_42
42
35
59
71
54_54
35
71
47
78
66_69_71
59
83
75
35_35_57
59
66_66
57
35
56
56_68
38_40
68
42
54
54
47
35_35
71
59
42
66
59
38_40
66
69
47
54
66
71
54
59_59
66
69
42
68
68
56
42
56
47
54
54
59
66
66
71
59
35
35_35
42
42
35
42
42
69
38_40_42
66
35_35
42
38_40
42
42
66_71
69
52
57_64
42_52
76
33_33_45
81
57_64
64_67_71_73
35
66
75
78
83
42
67
35
66
42
42
54
38_40
66
42_66
54
52
33_33
52
45
64
69
57
64
42
57
38_40
57
69
52
57
45
64
66
52
35
42
64
64
66
66
42
54
54
35
57
45
64_69
64_71
52_52
57
64
33_33
35_42_68_71
42
35
35
42
42
35
42
38_40
59
33_33
64
42_76
73
81
38_40
42
42
68_71
59
66
59
35_66
54_66_71
35_35
59_78
69_83
47
57
54_71
75
57
35
42
42
56
68
38_40
68
42
56
54
47
35_35
54
71
59
66
42
66
59
38_40
69
47
59_66
54
66
54
59
69
71
42
68
68
42
56
56
47
66
54
59
59_66
54
71
35_35
35
42
42
35
42
42
69
38_40_42
66
35_35
42
38_40
64
42
66
42
66_71
64
52
57
78
42
33_33
45_76
66
68_71_76
73_81
52
35_57
69_83
64_64
42
75
35
64
42
42
66
54
54
66
38_40
42
66
52
33_33
45
52
64
57
69
57
42
64
38_40
64
64
52
45_52
57
57
35
69
42
66
66
42
54
54
35
68
76
64
52
45
64
52
57_57
69
71
33_33
68_71_76
35_42
42
35
42
42
42
38_40
33_33
64
42
38_40
42
57
42
57
76
57
71
68
57
76
64
57
81
52
33_33_38
40
52_66
35
69
73
64
57
45
51
38
63
40
56
44
51
63
56
44
50
62
35
55
43
51
63
56
44
50
62
55
43
51
64
63
56
44_49
61
54
57
42
64
57
50
45
62
52_69
55
43_49
61
54
52
42
50
62
48
55
60
43_53
41
49
61
54
33
42_48
60
53
41
49
61
54
47
42_59
52
40
48
60
53
66
41
47
33
59
52
40
48
60
53
41
47
66
59
52
40
47
59
52
40
66
66
66
64
64
66
64
66
40
40
40
40
64
42
42
42
42
42
42
66
42
38_46
40
38_46
40
57
40
66
42
57
57
52
33_33
57
35_45
64
69
57
45
59_64
52
49
57
40
35
64
62
59
62
66
66
38_40
54
69
46
54
52
52
33_33
45
69
57
64
46
57
38_40
64
45
64
52
57
64
57
52_69_73
66
66
54
54
42_45
64
57
52_52
57
64
69
42
35
46
33_33
46
35
49
45
45
45_50
55
50
55
45
45_50
55
50
55
42
69
42
69
38_40_46
64
71
64
68
59
59
69
69
64
64
33_33
59
59
46
38_40
71
71
68
71
42
73
64
42
68
71
45
57_69
64
33_33
46_52
52
64
69
35
57
46
35
71
73
69
68
64
73
69
42
42
54
66
54
66
38_40
46
69
52
33_33
45
52
64
57
69
64
46
57
38_40
64_69
52
52
57
64
57
35
66
45
66
73
66
54
54
35
42
64
52
69
52
57
57
64
45
42
68
35_46
35_35
66
46
35
35_35
35_35
71
47
35
68
35
42
71
47
42
46
35_35
49
71
38_40
37_37
46
38_40
71
71
52
37_37
49
42
64
73
71
52_64_69
42
52
35
46
40_40_59
40
64
59
46
35
64
59
42
42
49
38_40
46
52
49
64
52
40_40
64
46
59
38_40
64
59
64
64
59
52_59
68
52
49
49
64
42
64
59
59
52_52
42
35
40_40
46
40
46
52
35
45
45_50
40
55
50
55
45
45_50
55
50
55
40
42
69
42
69
38_40_46
64
52
69
64_73
59
59
69
69
40_40_64
64_64
59
59
46
38_40
52
69
73
68_71
68
71
42
59
42
69_73
68
59
64
64
52
52
46
59
35_40_40
64
46
35
71
68
69
59
73
71
68
42
42
52
49
38_40_64
46_49
52
64
40_40
59
59
64
46
38_40
52
52
64
35
59_64
59
66
68
49
49
35
66
42
52
52
64
59
64
59
42
37_37
35_46
68
46
35
37_37
37_37
71
40
35
68
40
35_71
42
42
35_35
46
52
71
38_40
37_37
46
38_40
52
71
68
35_35
68
64
42
59
68
57
64
42
57
35_64_69
46_52
33_33
71
52
45
46
35
71
71
64
42
42
38_40
54
46
66_69
54
66
52
33_33
52
45
69
57
64
46
57
64
38_40
71
64
52
45
69
64
57
52
57_71
73
66
66
54
54
42
52
45
64
64
57
69
52
57
42
35
71
33_33_69
46
46
35
45
45_50
55
50
55
45
45_50
55
50
55
42
71
69
42
69
38_40_46
64
71
64
68
59
59
69
69
64
33_33
64
59
59
46
38_40
71
71
68
71
42
42
68
71
52
57
45_46
57
33_33_69
64
64
35_64
52
69
73
46
35
71
73
69
68
64
73
69
69_71
42
42
54
71
66_69
38_40_54
46
66
69
52_52
33_33
45
57
64
69
57
46_64
38_40
57
52
57
64
45
69
69
35
52
64
69
66
73
66
54
54
71
35
69
42
52
57
64
45
57
69
52
64
42
35_35
69
35_46
71
46
35
35_35
47
35_35
35
61
35
42
42
35_35_46
37_37
49
38_40_61_64
47
46
38_40
64
52
66
37_37
49
64
42
69
69
42
35
40_52
46_59
68
40_40
52
59
64
64
73
66
46
35
59
61
61
42
42
49
49
38_40
46_64
64
52
40_40
52
46
59
64
38_40
59
64
64
59
59
68
64
52
52
49
49
42
59
64
64
52_59
52
42
40_40
35
46
64
40
61
46
52
35
45
40_45_50
55
50
55
45
45_50
55
50
55
40
68
71
42
61
69
42
69
38_40_46
64
66_71
69
64_73
52
59
59
69
69
40_40
64
64
59
59
46
38_40
52
69
73
68_71
64
66
68
71
71
42
64
42
59
69_73
59
52
64
46_59
52
40_40
71
66
35
64_68
64
46
35
66
71
68
64
69
59
73
71
71
68
42
42
64
49
52_71
66
64
38_40
46
49
52
40_40
64
59
64
59
46
38_40
71
66
52
64
59
59
52_64
35
64
68
68
49
49
35
42
52
59
64
64
59
52
42
40_40
35_46
46
35
40_40
40_40
52_59
35
52
35
42
59
42
46
40_40
59
37_37
38_40
46
38_40
37_37
59
64
68
42
68
64
59
42
66
35
69
47_57_78
71_75_83
35_35
66
59_59
54_54
57
35
42
42
68
38_40
56
46_68
56
54
47
35_35
54
71
66
46
59
38_40_66
59
54
54
47_66
59_71
59_66
68
68
56
56
42
54
47_66
59
54
71
59_66
42
35
35_35_46
46
35
42
42
38_40_46
69
66
35_35
46
38_40
45
52
42
42
57
57
52
52
46
33_33
76_81
73
45
61
57_64_64
69
35
75
61
78
83
46
35
42
42
54
54
66
66
64
38_40
46
52
33_33
52
45
64
57
69
57
64
46
38_40
52
57
45
52
69
64
57
35
64
66
66
54
54
35
42
45
52_52
57
64
57
69
64
42
33_33
35_46_69
61
46
35
42
64
69
42
46
64_69_71
38_40
33_33
46
38_40
66
45
52
57
45
52
61
42
57
52
42
64
45
35
57
61_69
33_33_57
52
57_64
61
73
81
76
57
35
42
42_54_66
38_40
64
46_54
66
52_61
52
45
33_33
69
64
57
46
57
38_40
64
52
64
57_57_64
69
45
52
66
66
54
54
42
64
57
45_52
52_57_64
69
42
33_33
35
76
46_67
64
46
35
42
42
38_40_46
85
33_33
46
38_40
45
52
57
61
42
42
45
33_33
46_57
44
45_52
35_83
57_64
52_64
85
46
71
35
64_69
45
44
42
33_33
45
57
52_64
45_52
57_64
45
57
52
64
42
45
33_33_35
43
45_57
45
52
45
64
43
45
35
57
33_33
45_52
64
52
64
57
45
45
57
45_45
33_33_64
43_45_45_64
52
57
52
43
45
33_33
57
45_64
52
64
45
57
52
45_52_52
45
64_64
33_33
35_57_57
45
43_45_45
51
63
56
43_44
45
51
63
35
56
44
52_52
64_64
57_57
45_45
50
62
55
43
51
63
56
44
50
62
55
43
33_33
51
63
56
44_49
45
61
54
42
66
50
62
55
43_49
61_67
54
42
50
62
48
55
60
43_53
41
49
61
54
42_48
60
53
41
49
61
54
47
42_59
52
40
48
60
53
76
83
41
47
59
52
40
48
60
53
41
47
67
59
52
40_66
47
59
52
40
66
67
66
66
64
64
64_71
68
66
68
64_71
64_71
68
64_71
68
66
64_71
44
44
37
37
64
71
64_71
68
59_59_64_64
38
40
66
38
40
58_58_63_63
68
59_59_64_64
64_71
68
64_71
57_57_62_62
58_58_63_63
56_56_61_61
57_57_62_62
55_55_60_60
68
56_56_61_61
64_71
66
64
52
59
35_59
49
40_40
52
64
64
55_55_60_60
49
35
42
42
68
71
49
38_40
42
49
52
66
52
40_40
42
59
64
59
38_40
64
68
71
71
52_64
59
64
68
59
52
49
49
42
42
64
64
52
59
64
59
52
66
71
68
40_40
42
35
64_71
42
35
42
42
64
64
64
66
42
38_40
40_40
42
38_40
71
64
66
42
64_71
64
42
59
40_40
35_52_64
64
52_59
42
42
35
71
68
71
42
66
42
68
71
71
68
49
42
52
38_40
49
52
40_40
64
59
64
59
42
38_40
71
68
52
64
59_64
68
71
59
52
42
49
42
49
64
52
59
52_59_64_64
68
66
71
35_64_71
40_40
42
42
35
40_40
35
40_40
42
42
35
64
64
64
38_40
37_37
42
40_40
66
42
38_40
71
64
67
69
64
35
42
64
37_37
42
35
57
69
52
35
57
42
33_33_45
64_64
52
42
35
69
64
69
69
67
64
42
42
69
69
64
69
69
64
54_66
54
38_40_66
42
52
45
52_69
33_33
57
42
57_64
38_40
64
69
64
69
69
45
52_64
57_64
52
57
42
66
66
54
42
54
45
69
64
52
52_57_64
57
69
69
35
64
33_33
42
42
35
69
69
64
69
69
64
42
42
69
69
64
38_40_42
33_33
42
38_40
69
67
64
42
42
45
57
33_33
42
52_69
64
35_64
57
52
42
69
35
64
69
64
67
69
42
42
69
64
69
69
69
64
54
66
54
38_40
42
66
52
33_33
45
52_57
64
69
42
64
57
38_40
69
69
64
52
64_64
52
57
42_57
45_69
35
49
66
66
42
54
54
35
64
52
52
64
57
45
57
69
69
69
64
35_35
49
49
35_42
42
35
69
35_35
69
64
69
69
64
35_35
35
42_52
42
35
49
69
69
64
42
35_35
37_37
52
38_40
43
42
38_40
39
35_42
37_37
43
42
35
35_59_64
52_66
64
40_40_59
49
52
49
35
66
42
66
42
66
49
38_40
42
49
66
52
52
40_40
42
64
59
64
59
38_40
52_64
59
59
52
64
42
49
49
42
59
52_64
59
52
64
35_40_40
64
42
66
42
35
42
42
64
38_40_42
61
40_40
42
38_40
42
64
61
42
64
59
59
42
52
64
66
40_40_52
35
64
42
35
66
66
42
42
66
52_66
49
38_40
42
49
52
40_40
59
64
64
59
42
38_40
66
59_64
52
52
64
59
66
42
49
49
42
66
52
59_64
52
64
59
64
35_42
40_40
42
35
40_40
40_40
35
42
42
35
42
66
38_40
37_37
40_40
64
42
38_40
66
59
35_42
37_37
42
35
59
39
57
45
52
33_33
35
52
69
59
57
42_64
64
42
35
42
62
42
59
62
54
66
38_40
42_54
66
52
45
52
33_33
69
57
42
57
64
38_40
64
45
64
69
57
52
52_57_64
42
66
66
42
54
54
45
64
57
52
69
64
52_57
35
33_33
42
42
35
64
42
52
42
64
52
38_40_42
66
54
33_33
42
38_40
66
59
42
57
54
42
59
52
69
42
52_57
59
33_33
35_57
45
64
64
45
57
42
35
62
42
59
42
62
66
38_40
54
42
54
66
52
33_33
52
45
69
57
64
42
64
57
38_40
69
64
64
45
57
52
57
52
42
66
66
42
54
54
64
69
45
57
64
52
52
57
35_35_35_42
42
45
35
35_35
35_35
35
42
47
42
47
35
35_35_42
61
37_37
38_40
49
42
38_40
37_37
52_61
64
35_42
49
42
35
64
35
40_40
64
52
66
42_52
59
40
52
59_64
42
35
66
42
66
42
66
49
38_40
66
42
49
52
40_40
52
42
59_64
64
38_40
59
66
59
64
64
59
66
52
49_52
42
49
42
66
59
64
64
52
59
52
35
40_40
64
42
42
35
42
42
64
38_40_42
61
40_40
42
38_40
64
42
61
42
64
64
59
42_59
64
66
35_40_40
52_52
40
42
35
69
42
66
42
69
49
38_40_66
42
49
52
52
64
40_40
59
64
59
42
38_40
66
64
52
64
59
59
66
42
52
49
49
42
66
64
59
52
64
59
52
40_40
64
35_42
42
35
40_40
40_40
35
42
42
35
64
42
66
37_37
38_40
40_40
42
38_40
66
59
37_37
59
57
64
52
35
52_69
33_33
59_64
42
45
57
42
35
42
62
52
59
42
52
54
38_40
42
54
66_66
54
52
62
52
33_33
45
69
64
42
57
57
64
38_40
57
52
57_64
52_69
57
45_64
42_54
66
66
42
54
54
57
52
64
45_64
52_69
57
35
33_33
42
42
35
42
64
42
64
38_40_42
66
33_33
42
38_40
66
59
42
42
59
52_52_57
42
45
63_69
33_33_64
59
52_57
71
35
64
45
42
57
35
62
42
59
42
62
54
66_66
38_40
54
42
52
52
33_33
45
57_69
64
57
64
42
38_40
52
45
45
52
64
57
64
57
52
42_69
66
66
52
45
42
54
54
45
52
57
64
64
57
52
69
35_35
35_42
42
35
35_35
35_35
47
35
42
45
42
35
35_35
49
42
37_37
59
38_40
52
47
42
38_40
37_37
35_42
42
35
59
54_54
35
47_71
47
78
69
59
83
75
35_35_57
59
66_66
49
54
57
35
56
56_68
38_40
68
42
54
56
54
47_54
35_35
71
59
42
66
59
38_40
66
47
69
47
54
66
71
54
56
59_59
66
69
42
68
68
47
54
56
42
56
47
54
54
59
66
66
71
59
35
35_35
42_47
54
42
35
42
42
69
38_40_42
66
35_35
42
38_40
42
42
71
69
52
57_64
42_52
76
33_33_45
81
57_64_67
64_71_73
35
45
52
66
63
75
78
83
42
67
35
66
42
42
54
54
38_40
66
42_66
54
52
33_33
52
52
45
64
69
57
45
64
42
57
38_40
57
69
52
57
45
64
66
52
35
52
42
64
45_64
66
66
54
42
54
54
35
57
45
64_69
64_71
52_52
57
64
33_33
35_42_68_71
52
45
42
35
33_33
33_33
35
42
42
35
33_33
42
35_35
38_40
59
64
42_76
73
81
38_40
35_35
42
42
68_71
59
66
59
35_66
54_66_71
35_35
59_78
83
47
57
54_71
69
75
47
54
57
35
42
42
56
68
38_40
68
42
56
54
56
47
35_35
54
54
71
59
47
66
42
66
59
38_40
69
47
56
59_66
54
54_66
54
59
47_71
69
42
68
68
42
56
56
47
66
54
59
59_66
54
71
35_35_47
35
54
42
42
35
42
42
69
38_40_42
66
35_35
42
38_40
64
42
66
42
66_71
64
52
57
78
42
33_33
45_76
66
68_71_76
73_81
52
35_57
69_83
64_64
45
52
42
75
35
64
42
42
66
54
54
66
38_40
42
54
66
52
33_33
45
52_52
45
64
57
69
57
42
64
38_40
64
64
52
45_52
57
57
35
69
42
52
66
45
54
66
42
54
54
35
68
76
64
52
45
64
52
57_57
69
71
33_33
68_71_76
52
35_42
45
42
35
42
42
42
38_40
33_33
64
42
38_40
42
57
42
57
76
57
68
71
57
76
64
57
81
52
33_33_38
40
52_66
35
69
73
64
57
45
52
45
51
38
63
40
56
44
51
63
56
44
50
62
35
55
43
51
63
56
44
50
62
55
43
52
45_51
64
63
56
44_49
61
54
57
42
64
57
50
45
62
52_69
55
43_49
61
54
52
42
50
62
48
55
60
43_53
41
49
61
54
33
42_48
60
53
41
49
61
54
47
42_59
52
40
48
33
60
53
66
41
47
59
52
40
48
60
53
41
47
66
59
52
40
47
59
52
40
66
66
66
64
64
66
64
66
40
40
40
40
64
46
42
46
42
42
46
46
42
42_46
46
42
66
49
42
40
44
38
40
49
38
40
57
40
45
66
40
44
42
47
45
48
57
47
57
52
33_33
57
35_45
64
69
57
45
59_64
52
49
49
48
57
40
35
64
62
59
62
66
66
38_40
54
69
46
54
52
52
33_33
45
69
57
64
46
57
38_40
64
45
64
52
57
64
57
52_69_73
66
66
54
54
42_45
49
64
57
52_52
57
64
69
42
35
46
33_33
46
35
49
45
42
42
38_40_46
71
68
33_33
46
38_40
71
71
68
71
42
73
64
42
68
71
45
57_69
64
33_33
46_52
52
64
69
35
57
46
35
71
73
69
68
64
73
69
42
42
54
66
54
66
38_40
46
69
52
33_33
45
52
64
57
69
64
46
57
38_40
64_69
52
52
57
64
57
35
66
45
66
73
66
54
54
35
42
64
52
69
52
57
57
64
45
42
68
35_46
35_35
66
46
35
35_35
35_35
47_71
35
68
35
42
71
47
42
46
35_35
49
71
38_40
37_37
46
38_40
71
52_71
37_37
49
42
64
73
71
52_64_69
42
52
35
46
40_40_59
40
64
59
46
35
64
59
42
42
49
38_40
46
52
49
64
52
40_40
64
46
59
38_40
64
59
64
64
59
52_59
68
52
49
49
64
42
64
59
59
52_52
42
35
40_40
46
40
46
52
35
40
40
42
42
38_40_46
52
69
73
40_40
64
46
38_40
52
69
73
68_71
68
71
42
59
42
69_73
68
59
64
64
52
52
46
59
35_40_40
64
46
35
71
68
69
59
73
71
68
42
42
52
49
38_40_64
46_49
52
64
40_40
59
59
64
46
38_40
52
52
64
35
59_64
59
66
68
49
49
35
66
42
52
52
64
59
64
59
42
37_37_68
35_46
46
35
37_37
37_37
71
40
35
68
40
71
35
42
42
35_35
46
52_71
38_40
37_37
46
38_40
52
71
68
35_35
68
64
42
59
68
57
64
42
57
35_64_69
46_52
33_33_71
52
45
46
35
71
64_71
42
42
38_40
54
46
66_69
54
66
52
33_33
52
45
69
57
64
46
57
64
38_40
71
64
52
45
69
64
57
52
57
71
73
66
66
54
54
42
52
45
64
64
57
69
52
57
42
35
71
33_33_69
46
46
35
42
71
42
38_40_46
71
68
33_33
46
38_40
71
71
68
71
42
42
68
71
52
57
45_46
57
33_33_69
64
64
35_64
52
69
73
46
35
71
73
69
68
64
73
69
69_71
42
42
54
71
66_69
38_40_54
46
66
69
52_52
33_33
45
57
64
69
57
46_64
38_40
57
52
57
64
45
69
69
35
52
64
69
66
73
66
54
54
71
35
69
42
52
57
64
45
57
69
52
64
42
35_35
69
35_46
71
46
35
35_35
47
35_35
35
61
35
42
42
35_35_46
37_37
49
38_40_61_64
47
46
38_40
64
52
66
37_37
49
64
42
69
69
42
35
40_52
46_59
68
40_40
52
59
64
64
73
66
46
35
59
61
61
42
42
49
49
38_40
46_64
64
52
40_40
52
46
59
64
38_40
59
64
64
59
59
68
64
52
52
49
49
42
59
64
64
52_59
52
42
40_40
35
46
64
40
61
46
52
35
40
40
68
71
42
61
42
38_40_46
66_71
69
73
52
40_40
46
38_40
52
69
73
68_71
64
66
68
71
71
42
64
42
59
69_73
59
52
64
46_59
52
40_40
71
66
35
64_68
64
46
35
66
71
68
64
69
59
73
71
71
68
42
42
64
49
52_71
66
64
38_40
46
49
52
40_40
64
59
64
59
46
38_40
71
66
52
64
59
59
52_64
35
64
68
68
49
49
35
42
52
59
64
64
59
52
42
40_40
35_46
46
35
40_40
40_40
52_59
35
52
35
42
59
42
46
40_40
59
37_37
38_40
46
38_40
37_37
59
64
68
42
68
64
59
42
66
35
69
47_57_78
71_75_83
35_35
66
59_59
54_54
57
35
42
42
68
38_40
56
46_68
56
54
47
35_35
54
71
66
46
59
38_40_66
59
54
54
47_66
59_71
59_66
68
68
56
56
42
54
47_66
59
54
71
59_66
42
35
35_35_46
46
35
42
42
38_40_46
69
66
35_35
46
38_40
45
52
42
42
57
57
52
52
46
33_33
76_81
73
45
61
57_64_64
69
35
75
61
78
83
46
35
42
42
54
54
66
66
64
38_40
46
52
33_33
52
45
64
57
69
57
64
46
38_40
52
57
45
52
69
64
57
35
64
66
66
54
54
35
42
45
52_52
57
64
57
69
64
42
33_33
35_46_69
61
46
35
42
64
69
42
46
64_69_71
38_40
33_33
46
38_40
66
45
52
57
45
52
61
42
57
52
42
64
45
35
57
61_69
33_33_57
52
57_64
61
73
81
76
57
35
42
42_54_66
38_40
64
46_54
66
52_61
52
45
33_33
69
64
57
46
57
38_40
64
52
64
57_57_64
69
45
52
66
66
54
54
42
64
57
45_52
52_57_64
69
42
33_33
35
76
67
46
64
46
35
42
42
38_40_46
85
33_33
46
38_40
45
52
57
61
42
42
45
33_33
46_57
44
45_52
35_83
57_64
52_64
85
46
71
35
64_69
45
44
42
33_33
45
57
52_64
45_52
57_64
45
57
52
64
42
45
33_33_35
43
45_57
45
52
45
64
43
45
35
57
33_33
45_52
64
52
64
57
45
45
57
45_45
33_33_64
43_45_45_64
52
57
52
43
45
33_33
57
45_64
52
64
45
57
52
45_52_52
45
64_64
33_33
35_57_57
45
43_45_45
51
63
56
43_44
45
51
63
35
56
44
52_52
64_64
57_57
45_45
50
62
55
43
51
63
56
44
50
62
55
43
33_33
51
63
56
44_49
45
61
54
42
66
50
62
55
43_49
67
61
54
42
50
62
48
55
60
43_53
41
49
61
54
42_48
60
53
41
49
61
54
47
42_59
52
40
48
60
53
76
83
41
47
59
52
40
48
60
53
41
47
67
59
52
40_66
47
59
52
40
66
67
55
55
66
57
55
64
57
55
64
55
57
55
57
54
55
54
55
52
54
52
54
52
47
52
47
64
64
59_59_64_64
50
38
40
47
50
47
38
40
58_58_63_63
59_59_64_64
57_57_62_62
52
58_58_63_63
52
50
56_56_61_61
50
57_57_62_62
55_55_60_60
56_56_61_61
35
59_64
49
50_52
64
40_40_59
52
52
55_55_60_60
50
52
49
35
42
42
39
49
38_40
42
52
49
50
52
52
52
40_40
50
42
64
59
39
64
59
38_40
52_64
59
59
39
52
64
49
49
42
42
39
59
52_64
59
52
64
40_40
42
35
43
52
43
52
42
35
42
40
42
43
40
43
39
52
42
38_40
40_40_52
42
39
38_40
42
50
52
42
50
52
40
59
59
35
52
64
40_40_52
42
40
64
42
35
52
42
50
52
42
50
39
42
43_52
49
52
38_40
49
52
43
52
40_40
59
64
64
59
42
39
38_40
59_64
52
52
39
64
59
40_42
43
42
40
49
49
43
39
52
59_64
52
64
59
35
52
42
40_40
52
42
35
40_40
35_40_40
47
42
52
47
42
52
35
39
38_40
42
50
37_37
40_40
47
50
47
42
39
38_40
40
40
42_52
37_37
50_52
42
50
52
57
45
52
33_33
35
52
69
50
57
42_64
64
52
50
42
35
42
42
39
54
66
38_40
52
42_54
66
52
45
52
50
33_33
52
69
50
57
42
57
64
39
38_40
64
52
45
64
39
69
57
52
52
52_57_64
43
42
66
66
43
42
54
54
39
45
64
57
52
69
64
52_57
35
33_33
42
42
35
42
52
43
52
42
43
52
39
38_40_42
52
50
50
33_33
42
39
38_40
42
42
52
69
42
52_57
52
33_33
35_57
45
64
64
52
50
42
50
35
52
52
55
42
55
42
39
66
55
54
38_40
54
42
54
66
52
55
54
33_33
52
45
69
57
64
42
64
57
39
38_40
69
64
54
64
45
57
52
39_57
52
42
59
66
35
54
66
59
42
54
54
35
39
64
69
45
57
64
52
52
57
35_35_35_42
42
35
35_35
35_35
35
42
42
35
39
35_35_42
37_37
67
38_40
67
42
39
38_40
67
59
67
37_37
59
67
35_42
67
42
35
67
67
35
42
40_40
64_64
52
59
52
59_64
64
42
62
64
62
64
35
61
62
61
62
42
59
59
42
61
61
59
59
39
49
38_40
42_58
49
52
40_40_58
52
42
59_64
39
64
38_40
59
58
58
59
39
64
64
59
52
57
49_52
49
42
57
42
39
57
59
64
57
64
52
59
52
40_40_42
35
55
55
42_54
55
54
55
35
52
54
52
54
42
50
42
50
52
52
50
50
39
49
42
38_40
40_40
49
42
39
38_40
49
49
42
47
42
47
64
59
59
35
64
42
40_40
52_52
42
35
47
43
42
47
43
42
49
39
42
44
38_40
49
52
52
64
44
40_40
59
64
59
42
39
38_40
43
43
64
52
64
59
44
39_59
42_52
52
49
44
49
42
52
39
64
59
52
64
59
52
40_40
35
43
42
43
52
42
52
35
40_40
35
40_40
40
42
43
40
42
43
35
39
38_40
42_52
37_37
40_40
40
52
40
42
39
38_40
44
48
42
52
37_37
44
48
52
42
57
64
52
35
52_69
33_33
45_49_64
42
45
57
45_49
44
48
42
44
48
35
42
47
50
42
47
50
49
45
49
45
39
54
38_40
42
66_66
48_54
52
51
52
54
47
33_33
45
48
69
51
54
47_50
64
42
57
57
39
64
50
38_40
57
39_52
64
52_69
57
45_64
49
42
48_52
55
66
51
66
49
42
48_52
55
54
51_54
54
39
54
57
52
64
45_64
52_69
57
52
55
35
55
33_33_61
42
49
52
55
55
61
49
42
35
55
61
42
55_60
55
61
55_60
42
39
38_40_42
61
71
60
61
33_33
60
42
39
38_40
69
42
42
69
61
61
62
62
63
52_52_57
42
45
69
33_33_64
57
55
35
64
62
63
69
55
64
62
63
69
42
64
63
35
67
42
67
42
39
54
64
52_66_66
38_40
54
42
52
64
52
33_33
52
45
57_69
64
57
64
42
39
38_40
67
45
52
64
57
64
57
39
52_67
42_69
57
35
66
66
57
42
54
54
52
35
39
52
45
52
57
64
64
57
52
69
32_32
60
35_42
60
57
42
57
35
32_32
60
33_33
57
35
42
60
57
42
55
57
55
35
57
52
55
52
55
33_33
39
42
32_32
50
35_59
38_40
50
42
52
35
39
38_40
52
32_32
38
47
42
50
47
42
50
38
59
71
54_54
35
71
47
78
66_69_71
59
83
75
35_35_57
59
66_66
57
35
56
56_68
38_40
68
42
54
54
47
35_35
71
59
42
66
59
38_40
66
69
47
54
66
71
54
59_59
66
69
42
68
68
56
42
56
47
54
54
59
66
66
71
59
35
35_35
42
42
35
42
42
69
38_40_42
66
35_35
42
38_40
42
42
66_71
69
52
57_64
42_52
76
33_33_45
81
57_64_67
64_71_73
35
66
75
78
83
47
42
47
67
35
66
42
42
54
38_40
66
42_66
54
52
33_33
52
45
64
69
57
64
42
57
38_40
57
69
52
57
45
64
66
52
35
42
64
64
66
66
42
54
54
35
57
45
64_69
64_71
52_52
57
64
35_35
35_42_68_71
42
35
35_35
35_35
35
42
42
35
35_35
42
37_37
38_40
59
64
42_76
73
81
38_40
37_37
42
42
68_71
59
66
59
35_66
54_66_71
35_35
59_78
83
47
57
54_71
69
75
57
35
42
42
56
68
38_40
68
42
56
54
47
35_35
54
71
59
66
42
66
59
38_40
69
47
59_66
54
66
54
59
71
69
42
68
68
42
56
56
47
66
54
59
59_66
54
71
35_35
35
42
42
35
42
42
69
38_40_42
66
35_35
42
38_40
64
42
66
42
66_71
64
52
57
78
42
33_33
45_76
66
68_71_76
73_81
52
35_57
69_83
64_64
42
75
35
64
42
42
66
54
54
66
38_40
42
66
52
33_33
45
52
64
57
69
57
42
64
38_40
64
64
52
45_52
57
57
35
69
42
66
66
42
54
54
35
68
76
64
52
45
64
52
57_57
69
71
33_33
68_71_76
35_42
42
35
42
42
42
38_40
33_33
64
42
38_40
42
57
42
57
76
57
71
68
57
76
64
57
81
52
33_33_38
40
52_66
35
69
73
64
57
45
51
38
63
40
56
44
51
63
56
44
50
62
35
55
43
51
63
56
44
50
62
55
43
51
64
63
56
44_49
61
54
57
42
64
57
50
45
62
52_69
55
43_49
61
54
52
42
50
62
48
55
60
43_53
41
49
61
54
33
42_48
60
53
41
49
61
54
47
42_59
52
40
48
60
53
66
41
47
59
52
40
33
48
60
53
41
47
66
59
52
40
47
59
52
40
66
66
66
64
64
66
64
66
40
40
40
40
64
42
42
42
42
42
42
66
42
40
44
38_46
40
38_46
40
57
40
45
66
40
44
42
47
45
48
57
47
40
57
52
33_33
57
35_45
64
69
57
45
59_64
52
49
49
48
57
35
64
62
59
62
66
66
38_40
54
69
46
54
52
52
33_33
45
69
57
64
46
57
38_40
64
45
64
52
57
64
57
52_69_73
66
66
54
54
42_45
49
64
57
52_52
57
64
69
42
35
46
33_33
46
35
49
45
45
45_50
55
50
55
45
45_50
55
50
55
42
69
42
69
38_40_46
64
71
64
68
59
59
69
69
64
64
33_33
59
59
46
38_40
71
71
68
71
42
73
64
42
68
71
45
57_69
64
33_33
46_52
52
64
69
35
57
46
35
71
73
69
68
64
73
69
42
42
54
66
54
66
38_40
46
69
52
33_33
45
52
64
57
69
64
46
57
38_40
64_69
52
52
57
64
57
35
66
45
66
73
66
54
54
35
42
64
52
69
52
57
57
64
45
42
68
35_46
35_35
66
46
35
35_35
35_35
47_71
35
68
35
42
71
42
46
35_35
50
71
38_40
37_37
47
46
38_40
71
52_71
37_37
50
42
64
73
71
52_64_69
42
52
35
46
40_40_59
40
64
59
46
35
64
59
42
42
49
38_40
46
52
49
64
52
40_40
64
46
59
38_40
64
59
64
64
59
52_59
68
52
49
49
64
42
64
59
59
52_52
42
35
40_40
46
40
46
52
35
45
45_50
40
55
50
55
45
45_50
55
50
55
40
42
69
42
69
38_40_46
64
52
69
64_73
59
59
69
69
40_40_64
64_64
59
59
46
38_40
52
69
73
68_71
68
71
42
59
42
69_73
68
59
64
64
52
52
46
59
35_40_40
64
46
35
71
68
69
59
73
71
68
42
42
52
49
38_40_64
46_49
52
64
40_40
59
59
64
46
38_40
52
52
64
35
59_64
59
66
68
49
49
35
66
42
52
52
64
59
64
59
42
37_37_68
35_46
46
35
37_37
37_37
71
40
35
68
40
71
35
42
42
35_35
46
52_71
38_40
37_37
46
38_40
52
71
68
35_35
68
64
42
59
68
57
64
42
33_33_57
35_64_69
46_52
71
52
45
46
35
71
64_71
42
42
38_40
54
46
66_69
54
66
52
33_33
52
45
69
57
64
46
57
64
38_40
71
64
52
45
69
64
57
52
57
71
73
66
66
54
54
42
52
45
64
64
57
69
52
57
42
35
71
69
46
33_33
46
35
45
45_50
55
50
55
45
45_50
55
50
55
42
71
69
42
69
38_40_46
64
71
64
68
59
59
69
69
64
64
33_33
59
59
46
38_40
71
71
68
71
42
42
68
71
52
57
33_33
45_46
57
69
64
64
35_64
52
69
73
46
35
71
73
69
68
64
73
69
69_71
42
42
54
71
66_69
38_40_54
46
66
69
33_33
52_52
45
57
64
69
57
46_64
38_40
57
52
57
64
45
69
69
35
52
64
69
66
73
66
54
54
71
35
69
42
52
57
64
45
57
69
52
64
42
69
35_46
35_35
71
46
35
35_35
35_35
47
35
61
35
42
42
46
35_35
50
38_40_61_64
37_37
47
46
38_40
64
52
66
37_37
50
64
42
69
69
42
35
40_52
46_59
40_40_68
52
59
64
64
73
66
46
35
59
61
61
42
42
49
49
38_40
46_64
64
52
40_40
52
46
59
64
38_40
59
64
64
59
59
68
64
52
52
49
49
42
59
64
64
52_59
52
42
35
40_40
46
64
40
61
46
52
35
45
40_45_50
55
50
55
45
45_50
55
50
55
40
68
71
42
61
69
42
69
38_40_46
64
66_71
69
64_73
52
59
59
69
69
40_40_64
64
59
59
46
38_40
52
69
73
68_71
64
66
68
71
71
42
64
42
59
69_73
59
52
64
46_59
52
71
66
35_40_40
64_68
64
46
35
66
71
68
64
69
59
73
71
71
68
42
42
64
49
52_71
66
64
38_40
46
49
52
64
40_40_59
64
59
46
38_40
71
66
52
64
59
59
52_64
35
64
68
66
68
49
49
35
66
42
52
59
64
64
59
52
42
37_37_68
35_46
46
35
37_37
37_37
71
52
35
68
52
71
35
42
42
35_35
46
71
38_40
37_37
46
38_40
71
68
35_35
68
42
68
64
59
57
64
42
57_63_66
64
35_64_69
46_52
33_33_71
52
68
45
46
35
71
71
64
42
42
38_40
54_69
46
66
54
66
52
33_33
52
45
69
57
64
46
57
64
38_40
71
64
52
45
69
64
57
73
52
57
71
66
66
54
54
42
52
45
64
64
57
69
52
57
42
35
33_33
46
46
35
45
40_45_50
55
50
55
45
45_50
55
50
55
42
69
42
69
48
38_40_46
64
71
64
68
59
59
69
40
69
64
33_33
64
59
59
46
38_40
71
47
71
48
68
71
42
42
68
71
52
57
45_46
57
33_33_69
64
35_64
52
45
47
63_66
46
73
64
69
35
71
73
69
68
64
73
69
42
42
54
66
38_40_54
46
66
69
52_52
33_33
45
57
64
69
57
46_64
38_40
57
52
57
64
45
69
35
52
64
66
73
66
71
45
54
54
35
42
52
57
64
45
57
69
52
64
42
35_35
35_46
46
35
35_35
47
35_35
35
61
35
42
42
35_35_46
37_37
50
38_40_61_64
47
46
38_40
64
52
66
37_37
50
42
64
73
69
42
35
40_52
46_59
40_40
52
59
64
64
66
46
35
61
59
61
42
42
49
49
38_40
46
64_64
52
40_40
52
46
59
64
38_40
59
64
64
59
59
64
52
68
52
49
49
42
59
64
64
52_59
52
42
40_40
35
71
46
64
40
61
46
52
35
71
45
64_71
40_45_50
55
50
55
45
45_50
55
50
55
40
42
61
69
42
69
38_40_46
64
69
64_73
52
59
59
69
69
40_40
64
64
59
59
46
38_40
52
64_71
69
66_71
73
68_71
66_71
68
71
42
59_66
71
42
69_73
68
59
52_64
64
46_59
52
40_40
35
64
46
35
66
64
71
68
69
59
73
71
68
64
71
42
42
49
52
71
66
38_40_64
46
49
52
40_40
64
59
64
59
46
66
38_40
71
52
64
59
59
52_64
35
68_71
66
66
49
49
35
66
42
52
59
64
64
59
52
42
40_40
35_46
46
35
40_40
61
40_40
52
35
52
35
42
62
42_61
46
40_40
37_37
38_40
46
38_40
59
62
37_37
64
42
59
68
66
71
42
66
35
47
47_78
59_66_69_71
71
83
75
66
35_35_57
59_59
54_54
54
57
35
68
38_40
56
42_68
56
56
54
54
47
35_35
54
71
66
42
59
38_40_66
59
47
69
54
54
47_56_66
59_71
59_66
69
42
68
35
68
47
54
42
56
56
35
54
47_66
59
54
71
59_66
35
35_35
42_47
54
42
35
42
42
69
38_40_42
66
35_35
42
38_40
42
42
66_71
57
52
52
42
76
33_33
81
45_67
73
57_64_64
69
35
45
52
66
75
78
83
42
67
35
66
42
42
54
54
54
66
66
38_40
42
52
52
33_33
52
45
64
57
69
57
45
64
42
38_40
52
57
45
52
69
66
64
57
35
52
42_64
45_64
66
66
54
42
54
54
35
45
52_52
57
64
57
69
64
33_33
35_42
52
45
42
35
33_33
33_33
42
42
33_33
42
35_35
38_40
59
64
42_76
73
81
38_40
35_35
42
42
59
66
35
47_78
35_35
71_75_83
66
57
59_59
54_54
69
47
54
57
35
42
42
68
38_40
56
42_68
56
56
54
47
35_35
54
71
54
66
47
42
59
38_40_66
59
69
54
56
54
54
47_66
59_71
35
59_66
47
69
42
68
68
42
56
56
35
54
47_66
59
54
71
59_66
35_35_47
35
54
42
42
35
42
42
69
38_40_42
66
35_35
42
38_40
64
42
66
42
57
52
52_64
42
33_33
76_81
66
73
45
61
57_64_64
69
35
45
52
75
78
83
42
35
64
42
42
66
54
54
66
66
64
38_40
42
54
52
33_33
52
52
45
45
64
57
69
57
64
42
38_40
52
57
45
52
69
64
57
35
42_64
52
66
45
66
54
42
54
54
35
45
52_52
57
64
57
69
64
33_33
52
35_42_69
45
61
42
35
42
42
64
69
42
64_69_71
38_40
33_33
64
42
38_40
42
59
42
59
59
59
52
64
45
35
61_69
33_33_57
42
52
57_64
45
52
73
81
76
42
35
42
42
54_66
38_40
64
42_54
54
66
52_61
52
45
33_33
52
45
69
64
57
42
57
38_40
64
52
64
57_57_64
69
45
52
35
52_66
42
45
54
66
54
42
54
35
64
57
45_52
52_57_64
69
33_33
35
76
52
67
42
45
64
42
35
42
42
38_40_42
85
33_33
42
38_40
42
42
45
33_33
46_57
44
45_52
35_83
57_64
52_64
85
46
71
35
64_69
45
44
33_33
45
57
52_64
45_52
57_64
45
57
46
52
64
45
33_33_35
43
45_57
45
52
45
64
45
46
43
35
57
33_33
45_52
64
52
64
57
45
45
46
57
45_45
33_33_64
43_45_45_64
52
57
52
46
43
45
33_33
57
45_64
52
64
45
57
52
45_52_52
45_46
64_64
33_33
35_57_57
45
43_45_45
51
46
63
56
43_44
45
51
63
35
56
44
52_52
64_64
57_57
45_45
50
62
55
43
51
63
56
44
50
62
55
43
33_33
51
63
56
44_49
45
61
54
42
50
62
55
43_49
61
54
42
50
62
48
55
60
43_53
41
49
61
54
42_48
60
53
41
49
61
54
47
42_59
52
40
48
60
53
41
47
59
52
40
48
60
53
41
47
59
52
40
47
59
52
40
66
67
76
83
67
66
66
67
66
66
64
64
64_71
68
66
68
64_71
64_71
68
64_71
68
66
64_71
54
54_59
64
59
64
54
54_59
64
59
64
64
71
64_71
68
59_59_64_64
38
40
66
38
40
58_58_63_63
68
59_59_64_64
64_71
68
64_71
57_57_62_62
58_58_63_63
56_56_61_61
57_57_62_62
55_55_60_60
68
56_56_61_61
64_71
66
64
35
59_64
49
52
64
40_40_59
52
55_55_60_60
49
35
42
42
68
39
71
49
38_40
42
49
66
52
52
40_40
42
64
59
39
64
59
38_40
68
71
71
52_64
59
59
39
68
52
64
49
49
42
42
39
64
59
52_64
59
52
64
66
71
68
40_40
42
35
64_71
42
35
42
42
64
64
64
39_66
42
38_40
40_40
42
39
38_40
71
64
66
42
64_71
64
42
59
59
35
52
64
40_40_52
42
64
42
35
71
68
71
42
66
42
68
71
71
68
39
42
52
49
38_40
49
52
40_40
59
64
64
59
42
39
38_40
71
68
59_64
52
68
52
71
39
64
59
42
42
49
49
39
52
59_64
52_64
64_68
59
66
71
35_64_71
66
42
40_40
42
35
66
40_40
35_40_40
61
42
42
35
61_64
64
39
64
38_40
42
64
37_37
66
40_40
42
39
38_40
71
64
67
69
64
61
42_64
37_37
64
42
61
57
45
52
33_33
35
52
69
64
57
42_64
64
42
35
69
64
69
69
67
64
42
66
42
64
69
66
69
64
69
69
39
64
54
66
38_40
42_54
66
52
45
52
33_33
69
57
42
57
64
39
38_40
64
69
64
69
45
64
39
69
57
52
52_57_64
42
66
66
42
54
54
39
45
64
57
52
69
64
69
52_57
69
35
64
33_33
42
42
35
69
69
64
69
69
64
61
42
42
69
69
64
39
38_40_42
64
61
33_33
42
39
38_40
69
67
64
42
42
52
69
42
52_57
33_33
35_57
45
64
64
42
64
69
35
64
69
64
67
69
42
42
69
64
69
69
69
64
39
66
38_40
54
42
54
66
52
33_33
52
45
69
57
64
42
64
57
39
38_40
69
69
64
69
64
64
45
57
52
39_57
52
42
66
35
66
66
42
54
54
35
39
64
69
45
57
64
52
52
57
69
69
64
35_35_35_42
66
42
35
69
69
35_35
64
69
61_69
64
35_35
35
42
42
35
69
69
64
61
64
39
35_35_42
37_37
38_40
42
39
38_40
37_37_66
64_71
35_42
42
35
35
42
64
40_40
64
52
59
52
59_61_64
42
35
71
68
71
42
66
42
61
68
71
71
39_68
49
38_40
42
49
52
40_40
52
42
59_64
39
64
38_40
59
71
68
59
68
39_71
64
64
59
52
49_52
49
42
42
39
59
64_64
68
64
52
59
52_66
71
40_40_42
64_71
35
42
35
42
42
64
64
64
39
42
38_40
66
40_40
42
39
38_40
71
64
66
42
64_71
64
42
64
59
59
35
64
42
40_40
52_52
42
35
71
68
71
42
66
42
68
71
71
68
49
39
42
38_40
49
52
52
64
40_40
59
64
59
42
39
38_40
71
68
64
52
64_68
59
71
39_59
42
52
49
49
42
39
64
59
52
64
64_68
59
52
66
71
40_40
35_64_71
42
61
42
35
40_40
35
40_40
42
64
42_61
35
64
64
39
64
38_40
42
37_37
66
40_40
64
42
39
38_40
71
64
67
69
64
71
42
37_37
64
42
57
64
52
35
52_69
33_33
64
42
45
57
42
35
69
64
69
69
67
64
42
42
69
69
64
69
69_71
39
64
71
54
38_40
42
66_66
54
52
52
33_33
45
69
64
42
57
57
39
64
38_40
69
64
69
57
39_52
64
52_69
57
45_64
42
66
66
42
54
54
39
57
52
71
64
45_64
52_69
57
69
69
66
35
64
33_33
42
42
35
69
69
64
69
69
64
64
42
66
42
69
69
64
39
38_40_42
66
64
33_33
42
39
38_40
69
67
64
57
42_57
64_64
52
45_52_69
33_33_35
64
66
42
35
42
42
69
33
64
33
69
64
57
52_67
64
69
69
45
52
64
64
57_57_69
45_52_57
52
64
43
33_33_35_38_40
64
43
35
38_40
69
64
69
52
69
33_33
69
69
45
52
64
57_64
38_40
57
33_33_35_43_64
64
64
57
45_52_57
52
69
43
35
38_40
52
45
52
57_64
69
33
69
69
57
64
64
33
69
69
64
64_69
38_40_64
57
45_52_57
52
33_33_35_43
43
51
63
56
44
35
38_40
51
63
56
44
52
50
62
45_55
52
43
57_64
51
63
56
57
44_64_69
50
62
55
43
51
63
56
44_49
61
54
42
50
62
55
43_49
69
61
54
42
50
62
48
55
60
43_53
69
41
64
49
61
54
42_48
60
53
41
49
61
54
47
42_59
52
40
48
60
53
41
47
59
33
52
40
48
60
53
41
33
47
59
52
40
47
59
52
40
