31_43_50
31
43
50
59
50
59
50
43
50
43
50
50
59
59
50
50
43
43
50
59
50
59
50
50
43
43
50
59
50
59
50
83_88
50
43
83_88
50
43
79
86
86
79
83_88
59
50
83_88
59
50
79_86
86
79
50
43
79_84
43
50_84
79
83
74
83
74
50
59
81
74
50
59
81
74
79
71
79
71
49
43
73
78
78
43
73
49
70
76
76
70
78
78
58
76
49
76
58
49
75
75
43_49_70
73
76
43
49
49
58
49
58
76
73
70
42
54
73
72
42
73
54
72
69
74
74
69
41
53
72_73
73
41
53_72
69_74
69
74
52
72
40_75
72
40_52
75
69
76
69
76
39_51
72_77
72
77
39
51
69
78
69
78
81
76
52
40
76
81
40
52
79
71
71
79
81
79
81
76
59
55_64
76
79
64
59
55
78
78
79
76
71
40_52
40
52
59_64
55
59
64
55
71
76
79
47
35
74
78
35
47_74
78
83
74
74
83
86
66
78
54
78
86
66
54
83
74
83
74
47
35
85
78
85
35
47
78
73_82
73
82
66
54_78_85
66
54
85
78
47
74_78
35
74
78
35
47
83
83
66
54
86
77
80
66
77
80_86
54
83
83
85
82
47
78
35
85
82
35
78
47
101
90
102
101
66
58
61
102
90
66
61
58
74
33_45
78
74
78
33
45
79
76
76
79
80
77
62
77
54_57
80
54
62
57
81
78
81
78
79_82
45
33
79_82
33
45
80_83
83
80
81
84
57_61
55
84
81
55
61
57
85
79
85
79
50
88
84
38_78
38
50
86
88
84
86
78
76
74
76
74
60
64
54
62
64
62
60
54
38
26
26_38
83_88
50
43
83_88
50
43
79
86
86
79
83_88
59
50
83_88
59
50
79_86
86
79
50
43
79_84
43
50_84
79
83
74
83
74
50
59
81
74
50
59
81
74
79
71
79
71
49
43
73
78
78
43
73
49
70
76
76
70
78
78
58
76
49
76
58
49
75
75
43_49_70
73
76
43
49
49
58
49
58
76
73
70
42
54
73
72
42
73
54
72
69
74
74
69
41
53
72_73
73
41
53_72
69_74
69
74
52
72
40_75
72
40_52
75
69
76
69
76
39_51
72_77
72
77
39
51
69
78
69
78
81
76
52
40
76
81
40
52
79
71
71
79
81
79
81
76
59
55_64
76
79
64
59
55
78
78
79
77
71
38_50
38
50
59_65
55
59
65
55
71
77
79
75_78
48
36
75
78
36
48
79
76
79
76
78
75
60
64
78
75
64
60
79
76
76_79
35_47_81
78
81
78
35
47
83
79
83
79
81
84
60
64
81_84
64
60
83_86
83_86
45
33
90
86
90
86
33
45
88
84
88
84
90
88
60_64_90
84
57
88
84
57_60_64
87
83
87
83
84_88
84
88
96_100
100
96
38_50
64
38
50
66
64
66
67
60
55
69
67
60
55
71
69
72
71
38
50
76
72
76
38
50
57_60
66
62
62
66
60
57
67_79
71
43
31
31
43
67
71
79
59
50
50
59
43
50
43
50
59
50
50_59
35
47
35
47
62
54
62
54
47
54
71
47_54
73
71
73
74
71_74
54_62
54_62
73
71
74
73
74
76
47_55
76
47
55
64
55
76
76
64
55
47
55
71
47
71
55
71
55_64
71
64
55
71
71
74
47_54
54
47
54_62
54
62
74
50
78
50
79
78
78
79
66
59
83
78
59
66
79
83
78
79
78
77
49
49
77
78
77
78
77_83
56
65
65
56
78
83
77
78
42_77
76
42
78
76
76
78
64
54
82
76
54
64
78
82
76
78
76
47
74
47
76
74
78
76
62
54
78
71
54
62
71
50
71
50
73
71
74
73
66
59
71_74
59_66
73
71
74
73
55
76
74
71
76
76
59
67
67
59
57
71_73
78
55
76
78
78
61_67
61
67
57_73
78
50_66
74
50_62
57
62
57
66
74
67
43
55
71
67
73
71
73
74
50
55
76
74
50
43
78
76
79
78
52
40
81
79
83
81
47
85
83
52
86
85
47
88
86
40
89
88
90
89
42
54
90
101
49
54
102
90_101
102
90
49
42
83_87_95
47
35
95
87
83
42
47
35
42
71
47
35
73
71
75
73
71
75
42
47
73
71
35
42
75
73
75
76
68
71
47
35
68_71
76
71_76
68
42
47
76
71
68
35
42
68_71
35_47_64
64_68
71
42
47
64_68_71
68
64_71
35
42
47
35
66_75
71
42
47
35
71
66
42
75
67
74
47
35
73
74
71
73
74
42
71
47
73
74
35
71
42
67
73
71
66_71
75
35_47
42
47
35
42
66
71
75
35
47_74
67
73
74
71
73
42
74
71
47
73
35
74
42
71
73
67
71
66
59
75
73
71
75
73
75
71
73
71
73
75
75
71
73
71
75
73
75
71
73
71
73
59_66
71
73
75
71
73
75
71
73
71
73
71
50
74
38
72
74
71
72
71
72
71
72
69
71
69
50
38
31_43
79
67
71
31
43
67
71
79
59
50
75
59
50
43
50
43
50
50
59
59
50
50
43
43
50
59
50
59
50
50
43
43
50
59
50
59
50
83_88
50
43
83_88
50
43
79
86
86
79
83_88
59
50
83_88
59
50
79_86
86
79
50
43
79_84
43
50_84
79
83
74
83
74
50
59
81
74
50
59
81
74
79
71
79
71
49
43
73
78
78
43
73
49
70
76
76
70
78
78
58
76
49
76
58
49
75
75
43_49_70
73
76
43
49
49
58
49
58
76
73
70
42
54
73
72
42
73
54
72
69
74
74
69
41
53
72_73
73
41
53_72
69_74
69
74
52
72
40_75
72
40_52
75
69
76
69
76
39_51
72_77
72
77
39
51
69
78
69
78
81
76
52
40
76
81
40
52
79
71
71
79
81
79
81
76
59
55_64
76
79
64
59
55
78
78
79
76
71
40_52
40
52
59_64
55
59
64
55
71
76
79
47
35
74
78
35
47_74
78
83
74
74
83
86
66
78
54
78
86
66
54
83
74
83
74
47
35
85
78
85
35
47
78
73_82
73
82
66
54_78_85
66
54
85
78
47
74_78
35
74
78
35
47
83
83
66
54
86
77
80
66
77
80_86
54
83
83
85
82
47
78
35
85
82
35
78
47
101
90
102
101
66
58
61
102
90
66
61
58
74
33_45
78
74
78
33
45
79
76
76
79
80
77
62
77
54_57
80
54
62
57
81
78
81
78
79_82
45
33
79_82
33
45
80_83
83
80
81
84
57_61
55
84
81
55
61
57
85
79
85
79
50
88
84
38_78
38
50
86
88
84
86
78
76
74
76
74
60
64
54
62
64
62
60
54
38
26
26_38
83_88
50
43
83_88
50
43
79
86
86
79
83_88
59
50
83_88
59
50
79_86
86
79
50
43
79_84
43
50_84
79
83
74
83
74
50
59
81
74
50
59
81
74
79
71
79
71
49
43
73
78
78
43
73
49
70
76
76
70
78
78
58
76
49
76
58
49
75
75
43_49_70
73
76
43
49
49
58
49
58
76
73
70
42
54
73
72
42
73
54
72
69
74
74
69
41
53
72_73
73
41
53_72
69_74
69
74
52
72
40_75
72
40_52
75
69
76
69
76
39_51
72_77
72
77
39
51
69
78
69
78
81
76
52
40
76
81
40
52
79
71
71
79
81
79
81
76
59
55_64
76
79
64
59
55
78
78
79
77
71
38_50
38
50
59_65
55
59
65
55
71
77
79
75_78
48
36
75
78
36
48
79
76
79
76
78
75
60
64
78
75
64
60
79
76
76_79
35_47_81
78
81
78
35
47
83
79
83
79
81
84
60
64
81_84
64
60
83_86
83_86
45
33
90
86
90
86
33
45
88
84
88
84
90
88
60_64_90
84
57
88
84
57_60_64
87
83
87
83
84_88
84
88
96_100
100
96
38_50
64
38
50
66
64
66
67
60
55
69
67
60
55
71
69
72
71
38
50
76
72
76
38
50
57_60
66
62
62
66
60
57
67_79
71
43
31
31
43
67
71
79
59
50
50
59
43
50
43
50
59
50
50_59
35
47
35
47
62
54
62
54
47
54
71
47_54
73
71
73
74
71_74
54_62
54_62
73
71
74
73
74
76
47_55
76
47
55
64
55
76
76
64
55
47
55
71
47
71
55
71
55_64
71
64
55
71
71
74
47_54
54
47
54_62
54
62
74
50
78
50
79
78
78
79
66
59
83
78
59
66
79
83
78
79
78
77
49
49
77
78
77
78
77_83
56
65
65
56
78
83
77
78
42_77
76
42
78
76
76
78
64
54
82
76
54
64
78
82
76
78
76
47
74
47
76
74
78
76
62
54
78
71
54
62
71
50
71
50
73
71
74
73
66
59
71_74
59_66
73
71
74
73
55
76
74
71
76
76
59
67
67
59
57
71_73
78
55
76
78
78
61_67
61
67
57_73
78
50_66
74
50_62
57
62
57
66
74
67
43
55
71
67
73
71
73
74
50
55
76
74
50
43
78
76
79
78
52
40
81
79
83
81
47
85
83
52
86
85
47
88
86
40
89
88
90
89
42
54
90
101
49
54
102
90_101
102
90
49
42
83_87_95
47
35
95
87
83
42
47
35
42
71
47
35
73
71
75
73
71
75
42
47
73
71
35
42
75
73
75
76
68
71
47
35
68_71
76
71_76
68
42
47
76
71
68
35
42
68_71
35_47_64
64_68
71
42
47
64_68_71
68
64_71
35
42
47
35
66_75
71
42
47
35
71
66
42
75
67
74
47
35
73
74
71
73
74
42
71
47
73
74
35
71
42
67
73
71
66_71
75
35_47
42
47
35
42
66
71
75
35
47_74
67
73
74
71
73
42
74
71
47
73
35
74
42
71
73
67
71
66
59
75
73
71
75
73
75
71
73
71
73
75
75
71
73
71
75
73
75
71
73
71
73
59_66
75
71
75
76
75
76
77
78
77
79
78
79
80
81
80
81
82
83
82
84
83
84
85
86
85
86
45_57_86_90
90
86
57
45
66
60
57
90
86
90
86
60
57_66
50
38
88
84
50
38
88
84
54_60
76
72
54
60
78
76
76
78
76
72
74
43
71
55
43
55
62
79
83
71_74
79
83
50
38
38
50
83
79
83
79
62
62_79_83
83
79
71
71
72
45
57
72
84
78
84
78
62
84
62_78
84
78
72
72
58
73
45
46
73
79_85
79
85
57
62
79_85
62
85
79
73
73
58
74
59
47
74
46
86
79
79_86
62
62
79_86
86
79
74
74
59
47
75
75
87
79
79_87
62
79
87
79
87
75
75
90
78_86
45
57
86_90
78
45_57
90
86
78
66
60
57
86_90
78
66
60
57
88
84
76
42
54
42
88
84
76
54
72_76
60
57
54
54
57
78
60
76
76
78
76
72
71_75
35_47
71
35
47
75
71_83
75
63
54
63
54
71
75
83
51
77
51
78
77
78
59_78
66
59_66
83
83
78
79
52
52
80
79
80
80
59_68
68
59
85
80
85
81
54
54
82
81
82
70_82
61_64
61_64
70
87
87
82
59
66
83
75
66
59
76
75
83
77
76
78
77
79
78
80
79
81
80
82
81
83
82
84
83
85
84
86
85
86
87
87
45
57
90
86
86
45
90
57
90
86
86_90
60_66
57
66
57
60
84_88
38_50
88
84
38
50
72
76
60
54
54
60
78
76
76
78
76
72
71
74
43_55
43
55
79_83
62
74
71
79
83
38
50
38
50
83
79
79
83
62
62
79_83
79
83
71
71
57
72
45
72
84
78
84
78
62
84
78
62
84
78
72
72
58
73
46
45
57
73
85
79
79
85
62
85
79
62
85
79
73
73
58
74
59
47
74
46
86
79
79
86
62
86
79
62
86
79
74
74
59
47
75
75
87
79
87
79
87
79
87
79
75
62
75
45
57
78_86_90
90
86
45
57
78
66
60
57
78_90
86
86_90
78
66
60
57
42_54
76_84_88
88
84
42_76
54
76
72
60
54
57
57
60
78
54
76
76
78
72
76
71_75
59
47
71
75
47
59
83
71_75
63
54
83
71
54
63
75
76
52
78
76
80
78
80_81
56
62
83
81
85
83
56
62
85
52
81
57
83
81
83
85
86
61
67
85
88
86
88
90
57
67
61
90
50
86
88
86
90
88
90
60_91
54
93
91
50
95
93
60
54
31
43
95
91
91
31
43
103
91_95
62_67_71
91
95
103
62_71
67
