42
42
42
42
59
62
66
35
36_42_49
35_42
38_42
38
40
42
42
42
36
42
42
40
38_42
38
42
36_42
35
42
35
38_42
38
40_42
36_42_42
42
42
40
38_42
38_46
35
36_42
42
35
38
38_42
40
42
42
42
36
42_42
38_40_42
38
42
35
36_42
35_42
38
38_42
40_42
42_42
36
42
42
38_40_42
38
46
59_62_66
66
35
36_42
35
42
62
38
38_42
40
42
59
42_42
36
42
42
54
40
38_42
38
42
59
35
36_42
35_42
38
62
38_42
40
42
42
42
36
66
42
42
40
38_42
62
38
46
64_68
64
40
36_42
40
42
40
38_42
40
42
40_42
36
40
42
40
42
38
40
42
57_62_66
38
36_42
38
42
38
38_42
38
42
38
42
36
38
42
42
38
38
38_42_49
38
59_62_66
66
35
42
36
35
42
62
38
38_42
40
42
59
42
36_42
42
42
54
42
40
38
38
42
35
42
59
36
35
42
38
42
62
38
40
42
66
42
36_42
42
42
40_42
38
62
38_46
57_62_66
69
36_38_42
38
42
38_42
38
38
42
36_38_42
38
42
38
42
38
38
42
64
59_64_68
68
36_40_42
71
42
40
40
42
38
40
42
36_40_42
40
42
40
38_42
40
46
62_66
35
36_42
42
35
35
38_42
35
42
35_42
36
42
35
35
42
38
35
42
35_42
36
35
42
43
35_38_42
42
35
35_36_42_43
35
42
35
42
38_43
35
43_46
35
42
36
35
42
35
38_42
42
35
35
36_42
42
35
42
35
38
42
35
42
35
36
42
35
43
35
42
38
35_42
42
35_36_43
42
35
42
35
38_43
35_42
43_45
35
36_42
35_42
35
42
38
35_42
35
36_42
42
35
35_42
38
35
42
35
42
36
35
42
35
42
38
42
35
35_36_42
42
35
35_38_42
42
35
57_64
33
42
36
33
42
33
38_42
33_42
33
36_42
33
42
33
38_42
33
42
59
28
36_42
28_42
28
38_42
28
42
28_36_42
42
28
28
38_42
46
28
66
35
36_42
35_42
35
42
38
35
42
35
42
36
35_42
38_42
35
35_42
42
35_36
35_42
42
35_38
42
35
35_42
36
35
42
35_42
38
35
42
57_64
33
36_42
33_42
33_38_42
33_42
33_36_42
42
33
42
33
38
33
42
59
28_42
36
28_42
28
42
38
28
42
28
36_42
42
28
28_42
38
46
28
66
35
36_42
35_42
42
35_38
35
42
35
36_42
35
42
35
38_42
42
35
35
36_42
42
35
42
35_38
42
35
35_36_42
42
35
35
38_42
35
42
57_64
33
42
36
42
33
42
33_38
42
33
33
42
36
33
42
33
38_42
33_42
33_42
36
33
42
42
33_38
42
33
42
33_36
33
42
33
38_42
33
42
59_66
35_36_42
42
35
35
38_42
42
35
42
35_36
35_42
35
38_42
42
35
35
36_42
35_50
35
38
50
50
35
35_36_50
35
47
35
38_47
35
43
57_61_64
33_42
36_49
33_42
33_42
38
33
42
33_36_42
33_42
33
38_42
46
33
59_64_68
36_42
28
28_42
28_42
38
28_42
28
36_42
28_42
28_38_42
28_42
59_62_66
35
36_42
35_42
35
38_42
35_42
35_42
36
42
35
35
38_42
42
35
35
36_42
35
42
35
42
38
35
42
35
42
36
35
42
35
38_42
46
35
59_64_68
40
36_42
40_42
42
40
38
40
42
40
42
36
40
42
40
38_42
40
42
57_62_66
36_38_42
42
38
42
38
38
38_42
38
42
36
42
38
38
38_42
46
38
59_62_66
35
36_42
35_42
38_42
35
35
42
35
36_42
35
42
35
38_42
42
35
35
36_42
35_42
43
42
35
38
35
42
35
36_42_43
35_42
42
35
38_43
35_46
43
59_64_68
40
36_42
40_42
40
42
38
40_42
40
42
36
40
42
40
42
38
40
42
57
62
57_62_66
38
36_49
66
38
38
38
59_62_66
35
36_42_49
35_42
35
38_42
35
42
35_36_42
35_42
42
35_38
35_42
35_42
36
35
42
35
38_42
35
42
35
36_42
35
42
38
35_42
38
35
46
71_74_78
35
42
36
35
42
35
38_42
35
42
35
42
36
35
42
35
38_42
35
42
35
42
36
35
42
35
38_42
42
35
35_36_42
42
35
42
35_38
35
46
69_73_76
33
42
36
33
42
33
38_42
33
42
33
36_42
42
33
38_42
33
33
42
68_71
28_42
36
28
42
28
38_42
42
28
28
36_42
42
28
38
42
28
38
46
28
71_74_78
35_36_42
35
42
35
42
38
35_42
35
36_42
35_42
35
42
38
42
35
35
42
36
35
42
35
42
38
35_42
35
36_42
42
35
35
38_42
35_46
69_73_76
33
36_42
33
42
33
38_42
33
42
33
36_42
42
33
42
33
38
42
33
68_71
28_36_42
28
42
28
38_42
42
28
28
36_42
42
28
38
28_42
38
28_46
74_78
35
36_42
35
42
35_38_42
35
42
35
42
36
35
42
42
35_38
35
42
36_42
35
35
42
35_38_42
35
42
42
35
36
35_42
35
38_42
46
35
69_73_76
33
42
36
33
42
33
38_42
42
33
33
42
36
42
33
42
33
38
42
33
33_36_42
33_42
33
42
38
33
42
33_42
36
33
42
33_38_42
33
46
71_74_78
35
36_42
42
35
35_38_42
42
35
36_42
35
35
42
35
38_42
42
35
36_50
35
35
50
35
38_50
35
47
35
36_47
35
38_43
35
38_43
35
38_43
69_73_76
33
36_42_49
42
33
42
33_38
33
42
33
42
36
33
42
33
38_42
33_46
64_68_71
28_42
36
28_42
28_38_42
42
28
36_42
28
42
28
28_38_42
28_42
62_66_71
35
42
36
35_42
35_42
38
35_42
35_36_42
42
35
35_38_42
42
35
36_42
35
42
35
35
38_42
35_42
35_36_42
35
42
35
42
38
35
46
64_68_71
40
36_42
40
42
40_42
38
40
42
36_40_42
40
42
40
38_42
40
42
62_66_69
36_42
38
38_42
38_38_42
38
42
36_38_42
42
38
38
38_42
38_46
62_66_71
35
36_42
35
42
42
35_38
35
42
35
42
36
35
42
35
42
38
35
42
42
35
36
42
43
35
42
38
35
42
35
42
36_43
35
42
35
42
35_38_43
42
35_43_46
64_68_71
40
42
36
40
42
40
38_42
40
42
40
42
36
40
42
40
42
38
40
42
57
62
62_66_69
38
36
49
66
38
38
38
62_66_71
35
42
36_49
35
42
35
42
38
42
35
35_36_42
35_42
42
35
38
42
35
35
36_42
35_42
35
42
38
42
35
35_36_42
42
35
42
35
38
35
46
35_42
36
35
42
35
38_42
35_42
35
36_42
42
35
35
38_42
42
35
38_49
35_36_42
35
42
35
42
38
42
35
38
35
36_38_42
35
42
38
38
35
38_42
35
38_42
66
35_42
36_49
42
35
62
38_42
38
42
40
59
36_42_42
42
42
54
38_42
40
38
42
35_59
36_42
35
42
38
62
42
38
40
42
42_66
36_42
42
42
62
42
40
38
38
46
64_68_71
64
40
36_42
40
42
40
38_42
42
40
40
36_42
42
40
42
38_40
42
40
62_66_69
38_42
36
38
42
38
42
38
38
42
38
42
36
38_42
38
38_42
46
38
62_71
66
35_36_42
42
35
62
38_42
38
40
42
59
42
42
36
42
42
54
40
38_42
42
38
59
35_36_42
42
35
42_62
38
38
42
40
66
42
42
36
42_42
62
38_40_42
38_46
62_66_69
69
38
36_42
42
38
38
42
38
38
42
38_42
36
38_42
38_38_42
42
38
64_68_71
71
36_40_42
40_42
40_42
38
42
40
40
36_42
40
42
40
38_42
42
40
38_49
62_66_71
66
35
36_42
42
35
35_62
42
38
35_42
59
35_36_42
35
42
35_54
38_42
42
35
35_59
36_42
35
42
62
35
42
38
35
42
66
35
36_42
35
42
62
35_38_42
46
35
64_68
28_66
36_42
42
28
62
42
28_38
28_42
28_36_42_59
28
42
54
28
38_42
28
42
28_59
36_42
28_42
62
42
28_38
42
28
66
28_36_42
28
42
62
28
42
38
46
28
62_66
66
35_36_42
35_42
62
35
38_42
35_42
35_59
36_42
35
42
35
54
42
38
35_42
59
35_36_42
35_42
62
42
35_38
42
35
66
35_36_42
35_42
62
35_42
38
42
35
69
66
36_42_49
38
42
38
62
38_42
38
42
38
59
38
36_42
38_42
57
38_38_42
42
38
64_68_71
56
36_42
40
49
42
40
59
42
38_40
42
40
36_40_42_64
40
42
62
40
42
38
40_46
62_66
61
35
36_42
35
42
57
35
38_42
42
35
42_54
35
36
35
42
59
35_42
38
35
42
35
42
36
35_42
43
42
38
35
35_42
42
36_43
35
35_42
42
35_38_43
35_42
43_46
61_64_69
33
36_42
49
42
33
33_38_42
33_42
33
36_42
42
33
33_38_42
33
42
64_68_71
28
36_42
42
28
28_38_42
42
28
28_42
36
28
42
28_38_42
28
46
62_66
35_42
36
42
35
35
38_42
42
35
42
35_36
35_42
35
42
38
35
42
35
42
36
42
35_43
35_42
38
42
35
42
36_43
35
42
35
42
35_38_43
35_42
43_46
35_42
36
42
35
35
38_42
42
35
42
35_36
42
35
35_42
38
42
35
42
35
36
42
35
35_38_42
42
35
42
35_36
42
35
38_42
35
35
42
59
62
35
42
36
66
42
35
35
38_42
42
35
35_36_42
42
35
35
42
38
35_42
42
35
36
42
35
35_38_42
42
35
35
36_42
42
35
35
38_42
35
46
35
42
36
35
42
35
38_42
42
35
35_42
36
42
35
35
38_42
35_42
35
36_42
42
35
35
38_42
35
42
42
35_36
42
35
42
35_38
42
35
59
62
42
35
36
66
35
42
35_42
38
35
42
35
36_42
42
35
35
38_42
42
35
35_36_42
42
35
35_38_42
35
42
35
36_42
35
42
35
42
38
35
46
35
36_42
35_42
38_42
35
35
42
35
36_42
35
42
35
38_42
35
42
36_42
35
42
35
35
42
38
35
42
35
36_42
35
42
35
38_42
42
35
59
62
36_42
35
66
42
35
35
42
38
35
42
35
36_42
42
35
35
38_42
42
35
36_42
35
35_42
38_42
35
35
42
35
36_42
35
42
35
38_42
46
35
59
62
36_42
35
66
42
35
35
38_42
35
42
35
36_42
35
42
35
38_42
42
35
35
36_42_49
35_42
35
42
38
35
42
35
42
36
35
42
35
42
38
35
42
64_68_71
40
42
36_49
42
40
38_42
40
40_42
42
36_40
40
42
42
38_40
40_46
62_66_69
36_38_42
38_42
38
38_42
38
42
38_42
36
42
38
42
38
38
38
46
62_71
35_36_42
35
42
35
38_42
35_42
35
42
36
35_42
35_42
38
35
42
42
35
36
35_42
43
42
38
35
42
35
42
36_43
35
42
35
42
35_38_43
35_42
43_46
62_66_69
36_38_42
42
38
38_38_42
42
38
38
36_42
42
38
38
38_42
38
42
64_68_71
36_40_42
40
42
40
38_42
42
40
40
36_42
40
42
40_42
38
40
42
62_66
35
36_42
35
42
35_38_42
35
42
35
36_42
35
42
35_38_42
35
42
42
35
36
42
35
43
42
38
35
42
35
42
36_43
35
42
35
42
35_38_43
42
35_43_46
64_68_71
40
36_42
42
40
42
38_40
42
40
42
36_40
40
42
40_42
38
42
40
62_66_69
36_38_42
42
38
42
38
38
42
38
42
36_38
38_42
38_42
38
42
38
62_66_71
36_42
35
42
35
42
35
38
35
42
42
35
36
35
42
35
42
38
42
35
42
35
36
42
35_43
42
38
35
42
35
42
36_43
35
42
35
42
38_43
35
42
43_46
35
64_68
36_40_42_49
42
40
38_40_42
40
42
42
40
36
40
42
40
42
38
40
42
62_66_69
38
36_42
42
38
38_38_42
42
38
42
38
36
38_42
38
42
38
38
42
62_66_71
35
36_42
35_42
35_38_42
42
35
42
35_36
42
35
35
42
38
35
42
42
35
36
35_42
43
35_42
38
42
35
42
36_43
35
42
35
35_42
38_43
42
35_43_46
64_68
40
42
36_49
42
40
38_42
40
42
40
36_42
40
42
40
42
40
38
40_42
62_66_69
38
36_49
38
38
33_38
38
33
33_38
33
38
33_38
47
35_38_46
42
