35_42_54
54
63
54
42
54
40_42_54
54
54
42
35_40_54
42
54
40_54
35_42_54_63
54
42
40_54
54_62
35_54_64
46
54
64
42
35_54
54
54
42
63
54
42
40_54
54
42_54
35_40_54
42
54
40_54
42
35_54
63
54
42
40_54
35_54
62
46
54
63
64
54
64
35_42_54
54
54
63
42
54
40_42_54
54
54
42
35_40_54
42
54
40_54
35_42_54
63
54
42
40_54
35_54
62
54
46
64
54
64
42
35_54
54
54
42_63
54
42
40_54
54
42_54
35_40_54
42
54
40_54
42
35_54
63
54
42
40_54
35_54
62
46
54
64
34
54
64
35_39_49_54_55_58_60
54
54_63
42
54
40_42_43_54
51
58
54
54
42
35_54
51
58
42_46
54
54
63
35_42_54
39_54
51_58
42
40_54
46
62
35_54
64
54
42_45
42
54
64
42_44_65
35_54
54
63
54
42
54
36_42_51_58
40_54
54
42_54
35_54
41_42
54
51_58
54
42_63
35_54
39
54
51
58
42
40_54
36
62
54
60
64
34_46
35_54
51_58
64
54
35_39_42_54
54
54
63
39_42
54
40_42_43_54_58
51
54
54
42
35_54
58
42_46_51
54
54
63
35_42_54
39_54
51
58
42_58_60_65_70
40_54
46
62
35_54
64
54
45_46
54_64
42_44
35_54
54
54_63
42
54
51
36_42_58
40_54
54
42_54
35_54
41_42
51_54
58
54
63
42
35_54
39
54
51_58
42_43
40_54
39
62
35_54
64
43_46_60
54
51
64
54
51_58
35_39_42_54_62
62
54
54
42
63
54
40_42_43_54
51_58
54
54
42
35_54
51
42_46_58
54
54
35_42_54
63
39_54
51
58
60
42
40_54
62
35_54
62
54_64
45_46
63
63
54
64
44_49
35_42_54
54
63
54
42
54
58
51
36
42
40_54
54
54
42
35_54
41
42_54
51_58
54
63
35_42_54
39
54
51_58
40_42_54
36
62
35_51_54
58
60
64
34
46_54
51
58
62
62_64
54
35_39_54
42
54
63
54
42
54
51
58
40_43_54
42
54
54
42
35_54
51_58
48
42_54
54
35_54
42_63
46_54
51_58
60
42
40_54
62
62
54
64
35_54
45
46
44_63
54_63
60
64
65
35_42_54
54
63
54
42
54
51_58
36
42
40_54
54
54
42
35_54
41
42_54
51
58
54
63
35_42_54
39
54
51
58
40_42_54
36
62_65_70
35_54
62
60
64
34
46_51_54
58_62_65_70
55_58
62_65
64
51_54
58
35_54
42
39
54
54
63
42
54
51_58
43
67
40_54
42
54
54
70
42
35_54
51_58
46
42_54_72
54
63
35_54
42
58
54
51
39
42
40_54
35_45_54
62
54_63
64
46
44
63
54_64
70
35_49_54
42
58
51
54
63
72
54
42
54
51
36_58
63
40_42_54
65
54
54
42
35_54
58
41
51
54
42
54
63
35_54
42
54
51_58
39
63_67
56
63
60_67
56
40_54_60
42
36
35_38_54_62
51_58
34
64
54
46
58
51
58
58
55_62
62_65_65
54_64
53
60
35_54
39
42
54
51
58
54
63
42
54
51
58_74
40_54
42_43
54
54
74
42
35_54
46
51_58
77
54
42
54
74
63
35_54
42
54
51
58
39
74
42
40_54
70
35_54
62
45
54_64
46
64
54
74
44
35_54
42
75
51_55_63
60
54
63
54
51
58
42
75
54
36
40_42_54_72
58
51_54
70
54
42
35_54
41
51
58
54
42
54
63
35_54
42
54
51
58
39
60
60_63_63_67_67
41
40_54
42
51
58
62
54
39
51
41
58
64
35_54
46
65
58_62
58_62_65
53
60
54_64
35_39_54
42
54
51_58
54
63
42
54
77
40_51_54
58
42
43
54
77
54
42
35_54
51
46_58
54
42
77
54
63
35_54
42
54
58
51
39
42
40_54
35_45_54
62
54
46_64
54
44
64
35_54
49
42_79
54
63
54
51
42
58
75
54
36
40_54_72
42
51
58
54
75
54
42
35_54
41
51_58
54
42
54
63
35_54
42
39
54
51_58
56_60_63_63
60_67_67
40_54
42
51_58
36
62
35_54
51
58
64
54
46
31
58
62_65
53_62_65
58
60_64
54
35_54
39_42
54
58_62
65
51_58
54
63
42
54
43
40_54
42
51_58
67
54
54
70
42
35_54
46
51
58
72
54
42
54
63
35_54
42
39
54
51_58
75
40_42_54
62
35_54
46
75
64
54
46
64
45
54
56_60_63
67
35_44_54_75
42
51_58
54
54
63
42
54
51_58
75
40_54
42
36
54
54
72
42
35_54
75
51_58
41
54
42
54
72
63
35_54
42
54
39
58
51
41
63_67
56_60
40_54
60_63_67
42
39
35_54
62
51
58
41
54_75
64
46
58
62_65
62
65
53
58_60
54
64
35_54_79
39
42
54
51
58
58_62
65
54
63
42_79
54
51
58
43
40_54_79
42
54
79
54
42
75
35_54
51
48
58
54
42
54
63
35_54
42
46
51_54
58
40_42_54
45
62
54
64_75
35_54
46
44
60_63_67
54
64
79
56_60_63
35_54_56_63
49_60
42
54
51_58
63
54
42
54
79
44
40_51_54_58
42
54
54
42
45
54_57
54_57_63
60
35_54
54_57
63_75
60
54
42
72
54
35_54
63
42
54
40_54
42
35_54
62
72
75
64
54
46
64
54
79
55
34_63
35_54_55_63
42
54
63
54
42
54
35
40_54_56_65
42_63
56
54
54
42
35_54
36
57_66
54_63
42_57
54
35_54_63
42
54_75
58_67
31_58_63
40_54
42
35_54
62
54
64_72
46
54
64
55
34
55_63
35_54
79
42
63
54
54
63
42
54
56
63
79
35_56_65
40_54
42
54
54
42
35_54
63
57
79
36_57_66
54
42
54
72
63
35_54
42
54
75
56
56_62_66
40_54
31
42
35_54
62
64
54
46_72
64
54
35_54
39
42
54
54
63
42
54
51_58
40_54
42
43
67
54
70
54
42
35_54_72
51
58
46
54
42
54
63
35_54
42
54
51
58
39
40_54
42
35_54_62
45
64
54
63
46
64
54
63
44
70
35_54
49
54
51_58
63
54
72
54
36
40_54
63
58
51
54
65
54
35_54
41
51_54
58
54
63
35_54
39
54
58
51
40_54
36_62
54
51
58
64
34
35_54
53_60
64
54
35_54
39
51_58
54
54
63
54
51
58
43_74
40_54
54
74
54
35_54
58
51
77
46
54
54
74
63
35_54
39
54
51
58
74
40_54
45
35_54
62_70
64
54
44
64
75
54
35_54
51
58
54
63
54
75
54
36
51_58
40_54
72
54
70
54
35_54
41
51
58
54
54
63
35_54
54
51
58
39
41
40_54
39
35_54
62
51
58
41
54
64
53
60
54
64
35_54
39
51
54
54
63
54
51
41
58_77
40_54
54
54
77
35_54
51
58
77
46
54
54
63
72
35_54
54
75
39
51_58
40_54
75
35_54_62
45
64
54
64
72
54
44
35_54
51_58
54
63
54
54
36
51_58
40_54
54
54
35_54
41
51
58
54
54
63
35_54
39
54
51_58
40_54
36
62
35_54
51
58
34_64
54
53_60
64
54
39
35_54
51
54_58
79
63
54
54
79
51
58
40_43_54
54
79
54
82
35_54
51
58
46
54
54
63
35_54
75
54
39
51_58
40_54
79
81
45_54
62
64
35_54
44
54
79
64
35_54
75
51
54
58
63
54
54
36_51_58
40_54
54
54
35_54
51
43_58
54
54
63
35_54
41
54
51
58
39
40_54
62
35_54
41
58
51
64
54
39
75
51_58
64
54
39
79
35_54
58
51
54
54
63
79
54
51
58
43
40_54
79
54
79
54
75
35_54
48_51_58
54
54
35_54
63
54
46
51_58
40_54
45
62
35_54
64
54_75
64
44
54
79
35_54
51
58
54
63
54
54
51_58
44
79
40_54
54
54
45
54
57
75
35_54
54
54
35_54
63
54
40_54
62
35_54
64_75
54
64
54
55
63
34
35_54_55_63
79
34
54
54
63
54
56
63
35
40_54_56_65
54
54
35_54
57_63
36
57_66
54
54
35_54
63
54
75
58
63
31
58_67
40_54
35_54
62
72
54
64
54
64
55
63_79
55_63
35_54
34
54
54
63
54
56_79
63
56_65
40_54
35
54
54
35_54
79
57_63
57_66
54
36
54
72
35_54
63
54_75
63
58
58_67
40_54
31
62
54
72
35_54_72
64
54
64
55
63
35_54_55_63
34_79
54
54
63
54
35_40_54_56_65
56_63
54
54
35_54
57_63
36_57_66
54
54
35_54
63
54
75
31
58
63
58_67
40_54
35_54
62
64
54
72
64
54
70
41
59_63_65
68
49
35_54_79
59
63
68
54
54
42_63
59_63
35_46_54_65_68
41
59_63
68
40_54
54
35_39_49_54_62_63_67
58_63
70
58
63
54
54
40_54
63
35_54
54
40_54
47
70
40_54_62
47
72
64
40_54
45
64
54
75
35_49_54_63_75
30_54_58
61
54_72_77
40_54_72_77
51
63
54
54_58
75
61_63
54_75_78
30
58
54
40_54_60_75_77
32
54_60
65
35_54
75
61_63
35_54_72_75
54
35_54_63
54
60
63_75
72
40_54
54_62
70
54_63_75
64
58
54
63
64
75
37
63
35_54_71_78
60_65
56
63
54
54
62
35_54_73_77
63
56_60_65_75
63
37
40_54
54_73_77
63
35_54
58_63
55
39
54_69_75
59
75
63
54
54_61_73
63
54_63_75
54
40_54
63_70
75
62
54
72
64
54
64
39
77
54
54
58
61
30
63_75
35_54
75
54
63
51_54_65_77
54_65_77
58
54_58
61
40_54_75_78
63_75
30
54
60
54_75_77
32_54_60
35_54_65
54_61_72_75
63
75
54
63
35_54
54
60
54_58_60_63_65_75
40_54_72
54
62_70
35_54_63_75
64
66
58
63
54
64
37
63
56_75
60_65
35_54_71_78
63
54
54
63
54
56_59
60_65
37_56_59_63_65_75
63
40_54_73_77
63
54
54
39
58
63
55
35_54
75
63
54_70_75
54
35_54_66_73
63
54_63_70
55_58_63_75
40_54
63
70
35_54
62
72
54
64
54
64
75
75
30_63
35_54_54_58_61
54
51
54_63_63
63
54_63_63
54_58
61
63
75
58
40_54_54_58_61_75_78
30
54
60
54
65
54
60
32
35_54_63
61
54_72_77
63
75
54_75_75
63
35_54
54
60
72
54_58_60_65_75
63
40_54
35_54
62
70
64
54
58
64
54_63_75
63
75
60_65
63
56
35_37_54_71_78
63
54
54
63
54
63
56_60
65
75
37_56_63_63_65
40_54_73_77
54
54_73_77
58
55_63
39
35_54_70_75
75
54_63
54
63
35_54
54
75
55_58_63
40_54_63
70
35_54
62
72
54_64
64
54
77
54
58
61
30
63
35_54_75
54
75
54_63_70
51_63
54_63_70
54_58
61
30
40_54_54_58_61_75_78
58
75
63
54
54_75_77
60
60_65
32_35_54
54
63
63_75
54_72_75
61
54
32
35_54
63
54
60
54_58_60_65
40_54
63_75
35_54
62
64
54_70_75
54_64_75_78
60
65
56
75
63
35_54_73
37
54_70_75
61
54_75_78
73
63
54
60
65
56_63
75
56_59_63_65
40_54_75_78
37
54
60
71
54_78_79
34_56_62
66
35_54
70
54_75
63
54
70
58
63
35_54
54
55
47
67
40_54_75_78
63_75
47
62
45
54
64
35_54
63
43
64
51
54_75_79
35_39_49_54_55_58_60_65_67
39
49
59
54
54
63
54
43
51_58
40_54
59
54
43
54
35_54
51
58_70
59
46
54
54
46
72
63
35_54
39_51_54
58
70
59
40_54
62
35_54
46
64
51_58
54
64
45
70
54
58
51
56
59
44
35_54
54
72
44
54_63
54
51
58
59
36
40_54
54
36
54
35_54
58
41_59
51_54
54
60
41
35_54
63
54
51_58
41
43
59
63
40_54
65
35_41_54
62
43
58
51
54
64
62
64
54
51_58
55
59
35_54
39
58
54
51_58
55
54
39
63
54
43
40_54_59
51
58
55
54_58
43
54
60
35_54
58
51
58
59
46
54
44
54
60
46_63
35_54
54
51_58
46
39
59
40_54
46
35_54
62
51_58
64
54
51_54
58
45_55_64
58
44
56_58
35_54_59_60_65
54
60
44_54
58
63
54
55
36
51
58_58_59_65
58
56_60
40_54
54
60
36
54_58
35_54_55
41_51
58
58
54_59
54
41
63
35_54
55
54
51_58
58
39
75_79
68_72
59
40_54
55
36_62
35_54
60
51
58
64
54
33
70
77
74
51_58_64
57_62
54
35_54
39
54
58
54
55
63
39
54
59
58
40_51_54
43
54
54
43
35_54
59
51
58
54
48
54
55
62
63
35_54
48
55
51_54_58
65
46
59
62
40_54
62
54_58
39
46_51
58_64
55
35_54
64
51_54_58
60
45
44
35_54
59
54
56
44
54
63
53
54
51
58
40_54
59
36
55
54
54
36
55
35_54
51
41
59
58
54
54
41
63
35_54
51_58
54
41
43_59
40_54
46_62
35_54
51_58
43_64
54
51
58_64
54
55
39
35_54
59
56
54
51_58
58
39
54_63
54
58
51
43_58
59
40_54
60
54
62
43
54
35_54
46
59_62
51_58
54
54
63
46
63
35_54
65
51_54_58
39
70
40_54_59
46
35_54
62
51
58
64
54
45
51_64
58
54
44
44_55_59
35_54
54
63
54
44
54
58
51
59
40_54
36
54
54
36
35_54_79
41_59
86
54
51
58
54
84
41_82
63
35_54
54
51
58
41
63_68
75
72
79
59
40_54
62_82
35_54
39
51
58
64
54
36
74_77
77
65_70
55_58_64
51
54
35_54
39
54
51
58
54
63
54
40_51_54_55
77
75
51_58
43_63_75
54
54
77
55
75
51
35_54
63
75
77
51_54
58
46
54
46
35_54
63
54
51
58
77
40_54
39
35_54
62
75
51_54_58
46
64
79
54
51_58_64
45
35_44_54
54
54
63_75
54
75
51
58_72
40_54
36
54
75
54
35_54
58
51
41_54
54
35_54
63
54
58
39
51
40_54
36
54
62
34
58
64
35_54
51
53
54
64
60
35_54
39
54
51
58
54
79
63
54
40_54_79
43_49
51
51
58
75
54
79
54
82
35_54_59
51
75
48
54
51_58
54
35_54
75
63
54
46
58
51
75
40_54
45
35_54
62
51_58
54
64
44
54
51_58_64
75
80
35_54
51_58
54
63_79
54
54
51
58_75
40_54
36
54
72
54
35_54_75
58
51
54
41
54_77
41
63
35_54
54
43
51_58
40_54
62
41
35_54
64
39
54
58
51
64
54
35_54_60
39
54
51_58
54
63
79
54
43
75
58
51
40_51_54
49
75
52
54
77
54
79
57
51
75
35_54
51
58_75
46
54
77
54
63
35_54
51_54
58
39
40_54
46
35_54
62
51
54_58
64
75
45
54_64
51
58
44
35_54_79
54
51_58
63
54
54
44_51
40_54
58_79
54
54
54_57_63
60
45
54_75
57
57
35_54
54
54
63
35_54
54
40_54
62
35_54
64
54
75
64
40_54
57
34_35_54_55_63_79
55_63
54
54
63
54
35
40_54_56_65
56
63
54
54
35_54
57
63
36
57_66
54
54
35_54
63
54_75
31
58_63
58_67
40_54
62
54
64
35_54
72
64
54
55_63_79
49
55_63
35_54
34
54
54
63
54
56_63
56_65
35
40_54_79
54
54
35_54
57
63
57_66_79
54
36
54
72
63
35_54
54
75
58_63
58_67
31_40_54
62
35_54
64
75
54
72
64
54
55_79
57_63
34_35_54_55_63
54
63
54
54
56
63
40_54_56_65
35
54
54
35_54
57
63
57_66
54
36
54
35_54_63
54
75
58_63
31_58_67
40_54
62
35_54
64
54
72
64
54
55_63
55_79
34_55_63
35_54
54
63
54
54
35_56_63
56_65_79
40_54
54
54
35_54
57_63
36_79
57_66
54
54
72
63
35_54
54
75
31
58
63
58_67
40_54
70
62
35_54
72
64
75
54
72
64
54
34
55_63_75_79
35_54_55_63
54
51
54
63
54
56_63
35
40_54_56_65
58
54
54_60
35_54
57_63
36
57_66
54
61
54
35_54
63
54
77
63
58
55
58_60_67
31
40_54_72
35_54
62
70
54_64
75
58
54_63
64
72
55_63
34
55_63
35_54_79
63
54
54
63
54
56_63
56_65
79
35_40_54
63
54
54
35_54
79
63
57
36_57_66
54
72
54
35_54_63
54
75
63
58
58_67
40_54
31_70
62
54
72
64
35_54
72_75
54_64
77
55_63
35_54_55_63_79
34
54
75
51
54
63
54
56_63
58
35
40_54_56_65
54
60
54
35_54
36
61
57_57_63_66
54
60
79
54
75
63
35_54
54
72
58
63
58_67_72_75
31
40_54_60
35_54
62
70
54
64
72
58
63
54
64
55
63
34_55_63
35_54
79
54
54_63
54
56
63
56_65
79
40_54
35
54
54
35_54
79
57
57_63_66
36_54
72
54
63
35_54
75
54
63
58
31_58_67
40_54
62_70
35_54
72
54_64_75
72
54
64
75
55
74
79
34_55
34_35_54_55_55_63_63_63
54
51_54
63
54
35_57
56_63
40_54_56_56_65_65
58
54
54
59
60
35_54
36_57_63
57_57_61_66_66
54
54
35_54
63
54
75
60
37_57_63
58_58_58_67_67
72
40_54
35_54_62
70
54_64
72
58
49
54_63
64
71
38
79
59_59_68_68
35_54_63
63
54
54
63
54
63
39
79
60_60_69_69
40_54
63
40
54
54
35_54
28
61_61_70_70
54
72
54
35_54
63
75
54
62_62_71_71
29_40_54
70
35_47_54_62
48
72
45
54
43_64
72
54
64_77
30_35_54_63_63_72_72
54_79
54
75
54
63
51
79
54
31
40_54_64_64_73_73
49_75
58
54
72
60
54
72
35_54
75
32_61
65_65_74_74
54
54
72
35_54
63
54
33
60
66_66_75_75
40_54
54
62
35_54
64
72
58
54_64
34
67_67_76_76
35_54
79
79
54
61
54_63
79
54
35
75
68_68_76_77_77
40_54
54
72
54
72
35_54
75
36
69_69_78_78
54
54
63
35_54
72
54
75
70_70_79_79
40_54
37
62
35_54
70
64
72
54
72
64
54
38
35_54_71_71_80_80
75_79
54
54
51
63_79
54
39
40_54_72_72_81_81
58
49_75
54
72
54
72
60
35_54
75
40
61
73_73_82_82
54
62
54
35_54_63
72
54
49
29_72_74_74_83_83
60
40_54
35_54
62
70
54
64
58
54
63_64
75_75_84_84
35_54
29_31
63
54
54
63
54
63
49_76_76_85_85
40_54
54
54
35_54
32
77_77_86_86
54
54_72
63
35_54
54
70
33_49
78_78_87_87
40_54
72
62
35_54
70
72
64
54
64
54
34
35_54_79_88
75_75
87
54
75
75
87
54
51_63
75
87
54
75
35
49
40_54_80_89
58_87
75
54
87
54_75
60_72
87
35_54
75
75
36
61
87
81_90
54
75
87
54
78
75
63
35_54
87
75
54_78
87
60
49
82_91
37_75
40_54
78
87
75
35_54
77
62
87
54
64
75
87
58
54_75
64
75
38
83_92
35_54
87
75
78
51
54
87
54_63
75
87
77
54
75
75
49
39_87
84_93
40_54
75
87
54
75
54
87
75
78
35_54
87
40
85_94
54
75
87
54
77
75
75
63
35_54
87
75
54
87
57
41
75
86_95
40_54_75
87
75
62
54
87
72
35_54_64
75
87
75
64
54
75
42
35_54_87_96
87
75
54
75_87
72
51_75
63
54
87
75
54
87
43
49
58
40_54_88_97
75
75
87
54
75
72
54_87
60
75
87
35_54
75
75
44
61
89_98
54
87
75
54
87
35_54
63_75
87
54
75
60
45_57
87_90_99
40_54
75
87
35_54_62
75
80
64
54
87
58
75
64
54
87
91_99
35_54
46
75
87
63
54
75
63
54
79
87
75
54
87
52
77_92_101
47_75
40_54_63
87
54_75
79
87
54
75
75
87
35_54
63
75
48
52
93_102
54
87
72_75
63
54
87
60
63
35_54
75
87
63
54_70
75
65
43
94_103
40_52_54
87
75
63
62
35_54
87
64
75
54_72
87
64
75
54
46
87
35_54_91_99
52
75
87
54
75
63
63
54
87
75
54
87
67
63
75
52
40_54_92_101
47
87
75
54
67
54_87
75
67
35_54_66
87
75
52
93_102
48_54
87
75
66
54
65
87
63
63
35_54
75
87
66
54
75
87
52
65
43
94_103
40_54
75
65
87
63
35_54
62
75
63
60
54_64_87
60
75
87
54_63
64
63_75
52
91_99
35_54
87
45
60_75
65
54
87
58
63
54
75
46
87
54
75
56
63_87
52
47
92_101
40_54
75
87
54
75
55
65
54
87
75
35_54
87
55
63
52
93_102
54
48_75
87
54
75
55
63_65
87
35_54
75
54
87
52
75
63_94_103
40_43_54
87
55
75
35_54
87
65
54
75
87
54_63
75
52
35_54_55_91_99
46
87
75
54
69
87
54
75
87
54
55
75
52
47
67
40_54_92_101
87
75
54
87
54
75
87
35_54
75
48
52
67
87_93_102
54
75
54
87
55
75
35_54
87
54
75
67
87
43_52
94_103
40_54
75
55
87
70
54
75
35_54
75_87
54_70
55
67
