55
60
62
31_36_55_60
55
55
87
60
60
62
62
55
55_55
60
60_60
63
62_62
55_55
60_60
60
62_63
63
55
60
60_63
63
60
63
60
60
63
51
60
63
60
60
63
51_60
60
63
55
60_60
60
63
63
51
60
65
31_55_60_62_65
63
60_63
60
63
87
60
65
55_65
63
60_63
60
60_63
67
60_63_65_67
63
63_63
60
60_60
67
65_67_84
63
63_63
60
60_60
63
67
67_67
63
63
63_63
63
60
60_60
63
63
67
67_67
63
63
63_63
63
60
60_60
63
63_63
67
67_67
63_63
63
63_63
63_63
60
60_60
63_63
63
67
67_67
63
63
63_63
63
60
60_60
63
31_36_36_55_60_60_60_63_67_67_67_72
63_63
60
60_60
87
63
62
67
63
60_60
63
63
62
62
60
60
62
63
63
62_63
62
60
62
63
63_63
62
62
60
60
62
62
63
27_63_63
62
27_60
62
63
63_63
60
62
63
60
62
63_63
60
63
65
31_62_62_63_65_65
63
60
60
63
87
65
65
63
63
60
60
67
60_63_65_67
63
63_63
60
60_60_63_67
67
65_67
63
63_63
60
60_60
67
67_67
63
63_63
60
60_60
67
67_67
63
63_63
60
60_60
67
67_67
63
63_63
60
60_60
67
67_67
63
63_63
60
60_60
63
62
24_36_36_55_60_67_67
65
63
63_63
65
63
55
55_60_60
65
63
60
60
65
63
62
28_39_62_62_67
65
63
63
65
63
55
28_55_55_60
65
63
60
28_60_60
65
63_63
63
62_62
65
63_63
65
63_63
28_55_55
65
63_63
60_60
65
63
60
39_62_62_63
65
63
63
28
65
63
55
65
63
60
65
63
24_36_60_63
65
63
63
65
63
60
65
63
63
65
63
60
28_39_60_62
65
63
63
65
63
51
28_60
65
63
28_63
65
63_63
60
60
65
63_63
63
65
63_63
28_51_60
65
63_63
60
63
65
63
55
39_60_60_62
65
63
60
63
65
63
63
51
65
63
60
65
63
65
24_36_36_55_60_62_65
65
63
63
60_63
65
63
60
63
65
63
60
65
63
65
28_39_55_62_65
65
63
63
60_63
65
63
60
28_60_63
65
63
28
65
63_63
67
60_63_65_67
65
63_63
63
63_63
65
63_63
60
28_60_60
65
63_63
65
63
67
39_62_65_67
65
63
63
28_63_63
65
63
60
60_60
65
63
65
63
67
24_36_67_67
65
63
63
63_63
65
63
60
60_60
65
63
65
63
67
28_39_62_67_67
65
63
63
63_63
65
63
60
28_60_60
65
63
28
65
63_63
67
67_67
65
63_63
63
63_63
65
63_63
60
28_60_60
65
63_63
65
63
67
39_62_67_67
65
63
63
63_63
65
63
60
60_60
65
63
65
63
24_36_36_55_55_60_60_67_67
65
84
63
63_63
65
63
60
60_60
65
63
63
65
63
62
28_39_62_67
65
63
63
65
63
28_60_60
65
63
28_63
65
63_63
63
62
65
63_63
62
65
63_63
60
28_60
65
63_63
62
63
65
63
63
39_62_62_63
65
63
28_62
65
63
60
65
63
62
65
63
63
24_36_63_63
65
63
62
62
65
63
60
60
65
63
62
62
65
63
63
28_39_62_63_63
65
63
62
65
63
28_60
65
63
28_62
65
63_63
63
63_63
65
63_63
60
62
65
63_63
63
28_60
65
63_63
62
65
63
39_62_63_63
65
63
60
65
63
31_63
65
63
65
63
65
24_36_36_62_62_63_65_65
65
63
63
60
65
63
60
63
65
63
65
63
65
28_39_62_65
65
63
63
63
65
63
60
28_60
65
63
28
65
63_63
67
58_62_63_65_67_67
65
63_63
63
63_63
65
63_63
60
28_60_60
65
63_63
65
63
67
39_62_65_67
65
63
63
28_63_63
65
63
60
60_60
65
63
65
63
67
24_36_67_67
65
63
63
63_63
65
63
60
60_60
65
63
65
63
67
28_39_62_67_67
65
63
63
63_63
65
63
60
28_60_60
65
63
28
65
63_63
67
67_67
65
63_63
63
63_63
65
63_63
60
28_60_60
65
63_63
65
63
67
39_62_67_67
65
63
63
63_63
65
63
60
60_60
65
63
65
63
62
24_36_36_55_60_67_67
65
63
63_63
65
63
55
55_55_55_60_60_67
65
63
60
60
65
63
62
28_39_60_60_62_62_67_72
65
63
63
65
63
55
28_55_55_60_60_60_72
65
63
60
28_60_60
65
63_63
63
60_60_62_62_72
65
63_63
65
63_63
28_55_55
65
63_63
60_60_60_60_72
65
63
60
39_60_60_62_62_63_72
65
63
63
28
65
63
55_60_60_72
65
63
60
65
63
24_36_60_63
65
63
63
65
63
60
60_60_72
65
63
63
65
63
60
28_39_60_60_60_62_72
65
63
63
65
63
51
28_60_60_60_72
65
63
28_63
65
63_63
60
60_60_60_72
65
63_63
63
65
63_63
28_51_60_62_62_74
65
63_63
60
63
65
63
55
39_60_60_62_63_63_75
65
63
60
63
65
63
63
51_65_65_77
65
63
60_63_63_75
65
63
65
24_36_36_55_60_62_63_63_65_75
65
63
63
60_63
65
63
60
62_62_63_74
65
63
60
65
63
65
28_39_55_62_62_62_65_74
65
63
63
60_63
65
63
60
28_58_58_60_63_70
65
63
28
65
63_63
67
58_60_65_72
65
63_63
63
62_63_63_74
65
63_63
60
28_58_60_60_70
65
63_63
65
63
67
39_58_62_65_67_70_82
65
63
63
28_63_63
65
63
60
60_60
65
63
65
63
67
24_36_67_67
65
63
63
63_63
65
63
60
58_58_60_60_70
65
63
65
63
67
28_39_58_58_62_67_67_70
65
63
63
63_63
65
63
60
28_58_58_60_60_70
65
63
28
65
63_63
67
60_60_67_67_72
65
63_63
63
63_63
65
63_63
60
28_60_60_62_62_74
65
63_63
65
63
67
39_62_63_63_67_67_75
65
63
63
63_63
65
63
60
60_60_65_65_77
65
63
65
63
24_36_36_56_60_63_63_63_67_67_75
65
63
63_63
65
63
60
60_60_62_62_74
65
63
63
65
63
62
28_39_60_60_62_67_72
65
63
63
65
63
28_58_58_60_60_70
65
63
28_63
65
63_63
63
56_56_62_68
65
63_63
62
65
63_63
60
28_56_56_60_68
65
63_63
62
63
65
63
63
39_56_56_62_62_63_68
65
63
28_62
65
63
60
65
63
62
65
63
63
24_36_63_63
65
63
62
62
65
63
60
56_56_60_68
65
63
62
62
65
63
63
28_39_56_56_62_63_63_68
65
63
62
65
63
28_58_58_60_70
65
63
28_62
65
63_63
63
60_60_63_63_72
65
63_63
60
62
65
63_63
63
28_60_62_62_74
65
63_63
62
65
63
39_62_63_63_63_63_75
65
63
60
65
63
63_65_65_77
65
63
65
63
65
24_29_36_56_60_63_63
65
63
63
60
65
63
60
62_62_63_74
65
63
65
63
65
28_39_62_62_65_74
65
63
63
63
65
63
60
28_60
65
63
28_62_62_74
65
63_63
67
62_62_65_74
65
63_63
63
63_63
65
63_63
60
28_60_60_62_62_74
65
63_63
65
63
67
39_62_62_65_67
65
63
63
28_63_63
65
63
60
60_60
65
63
65
63
67
24_31_36_55_59_62_63_67_67
65
63
65
65_65
65
63
62
62_62
65
63
65
63
67
28_39_62_67_67
65
63
65
65_65
65
63
62
28_55_62_62_67
65
63
28
65
63_63
67
60_67_67_72
65
63_63
65
65_65
65
63_63
62
28_62_62_62_74
65
63_63
65
63
67
39_62_63_67_67_75
65
63
65
28_65_65
65
63
62
62_62_65_77
65
63
65
63
62
24_36_36_55_60_63_63_67_67_75
65
63
65_65
65
63
55
55_60_62_62_72
65
63
60
65
63
62
28_39_55_62_62_63_67_67
65
63
65
65
63
55
28_55_62_62
65
63
60
28_60
65
63_63
63
62_62_63
65
63_63
65
63_63
28_55_55
65
63_63
60_60
65
63
60
39_62_62_63
65
63
63
28
65
63
55_62
65
63
60
65
63
24_36_36_60_63_63
65
63
63
65
63
60
65
63
63
65
63
60
28_39_60_62_62
65
63
63
65
63
51
28_55_60_63_67
65
63
28_63
65
63_63
60
60_60_72
65
63_63
63
65
63_63
28_51_60_62_74
65
63_63
60
63
65
63
55
39_60_60_62_63_75
65
63
60
63
65
63
63
51_65_77
65
63
60
65
63
65
24_34_36_53_55_58_60_62_74
65
63
63
60_63
65
63
60
55_63
65
63
60
65
63
65
28_39_55_62_63_65
65
63
63
60_63
65
63
60
28_60_62_63
65
63
28
65
63_63
67
63_65_65
65
63_63
63
63_63
65
63_63
60
28_60_60
65
63_63
65
63
67
39_62_65_67
65
63
63
28_63_63
65
63
60
60_60_62
65
63
65
63
67
24_34_36_65_67_67
65
63
63
63_63
65
63
60
60_60
65
63
65
63
67
28_39_62_63_67_67
65
63
63
63_63
65
63
60
28_58_60_60_62_70
65
63
28
65
63_63
67
60_67_67_72
65
63_63
63
63_63
65
63_63
60
28_60_60_60_62_74
65
63_63
65
63
67
39_62_63_67_67_75
65
63
63
63_63
65
63
60
58_60_60_65_77
65
63
65
63
24_32_36_56_60_63_63_67_67_75
65
63
63_63
65
63
60
55_60_60
65
63
63
65
63
62
28_39_62_63_67
65
63
63
65
63
28_60_60_62
65
63
28_63
65
63_63
63
62_63
65
63_63
62
65
63_63
60
28_60
65
63_63
62
63
65
63
63
39_62_62_63
65
63
28_62
65
63
60_62
65
63
62
65
63
63
24_32_36_63_63_63
65
63
62
62
65
63
60
60
65
63
62
62
65
63
63
28_39_62_62_63_63
65
63
62
65
63
28_56_60_63_68
65
63
28_62
65
63_63
63
60_63_63_72
65
63_63
60
62
65
63_63
63
28_60_62_74
65
63_63
62
65
63
39_62_63_63_63_75
65
63
60
65
63
63_65_77
65
63
65
63
65
24_29_36_56_60_60_63_63_72
65
63
63
60
65
63
60
55_63
65
63
65
63
65
28_39_62_63_65
65
63
63
63
65
63
60
28_60_62
65
63
28
65
63_63
65
63_65_65
65
63_63
63
63_63
65
63_63
60
28_60_60
65
63_63
65
63
65
39_62_65_65
65
63
63
28_63_63
65
63
60
60_60_62
65
63
65
63
67
24_31_36_59_62_65_65_65_67
65
63
62
63_63
65
63
59
60_60
65
63
65
63
67
28_39_62_63_65_67
65
63
62
62_63
65
63
59
28_55_59_60_62_67
65
63
28
65
63_63
67
60_67_67_72
65
63_63
62
62_62
65
63_63
59
28_59_59_60_62_74
65
63_63
65
63
67
39_39_40_62_62_63_65_67_67_75
65
63
62
28_40_62_62_65
65
63
59
40_59_59_60_65_65_77
65
63
65
63
62
36_36_49_55_60_60_63_67_67_67_72
65
63
62_62
65
63
55
42_55_59_59
65
63
60
65
63
62
40_42_62_63_65_67
65
63
62
65
63
55
28_36_36_42_55_59_62
65
63
60
28_60
65
63_63
63
42_62_62_63
65
63_63
65
63_63
28_42_55_55
65
63_63
60_60
65
63
60
40_42_62_63_65
65
63
63
28
65
63
42_55_62
65
63
60
65
63
36_36_42_60_63_63
65
63
63
65
63
60
42
65
63
63
65
63
60
40_42_60_62_65
65
63
63
65
63
51
28_36_36_42_60_63
65
63
28_63
65
63_63
60
42_60
65
63_63
63
65
63_63
28_42_51_60
65
63_63
60
63
65
63
55
28_40_42_60_60_65
65
63
60
63
65
63
63
31_36_42_51
65
63
60
65
63
34_36_42_55_55_60_60_63_67
65
63
63
60_63
65
63
60
42_55_63
65
63
60
65
63
40_42_55_63_65
65
63
63
60_63
65
63
60
28_36_36_42_60_62_63
65
63
28
65
63_63
67
42_63
65
63_63
63
63_63
65
63_63
60
28_42_60_60
65
63_63
65
63
67
40_42_65_67
65
63
63
28_63_63
65
63
60
42_60_60_62
65
63
63
65
63
67
36_36_42_65_67_67
65
63
63
63_63
65
63
60
42_60_60
65
63
65
63
67
40_42_65_67_67
65
63
63
63_63
65
63
60
28_36_36_42_60_60_63
65
63
28_62
65
63_63
67
42_60_67_67
65
63_63
63
63_63
65
63_63
60
28_34_42_60_60
65
63_63
65
63
67
28_40_42_62_65_67_67
65
63
63
63_63
65
63
60
42_60_60_63
65
63
65
63
36_36_42_55_60_63_67_67_67
65
63
63_63
65
63
60
42_55_60_60
65
63
63
65
63
62
40_42_63_65_67
65
63
63
65
63
28_36_36_42_60_60_62
65
63
28_63
65
63_63
63
42_62_63
65
63_63
62
65
63_63
60
28_42_60
65
63_63
62
63
65
63
63
40_42_62_63_65
65
63
28_62
65
63
42_60_62
65
63
62
65
63
63
36_36_42_63_63_63
65
63
62
62
65
63
60
42_60
65
63
62
62
65
63
63
40_42_62_63_63_65
65
63
62
65
63
28_36_36_42_60_63
65
63
28_62
65
63_63
63
42_63_63
65
63_63
60
62
65
63_63
63
28_42_60
65
63_63
62
65
63
28_40_42_63_63_65
65
63
60
65
63
42_63
65
63
65
63
65
36_36_42_55_60_63_63_67
65
63
63
60
65
63
60
42_55_63
65
63
65
63
65
40_42_63_65_65
65
63
63
63
65
63
60
28_36_36_42_60_62
65
63
28
65
63_63
65
42_63_65_65
65
63_63
63
63_63
65
63_63
60
28_42_60_60
65
63_63
65
63
65
40_42_65_65_65
65
63
63
28_63_63
65
63
60
42_60_60_62
65
63
63
65
63
67
36_36_42_65_65_65
65
63
63
63_63
65
63
60
42_60_60
65
63
65
63
67
40_42_65_65_67
65
63
63
63_63
65
63
60
28_36_36_40_42_60_60_63
65
63
28_62
65
63_63
67
42_60_67_67
65
63_63
63
40_63_63
65
63_63
60
28_36_60_60
65
63_63
40
65
63
67
28_34_40_62_65_67_67
65
63
63
63_63
65
63
60
36_60_60_63
65
63
65
63
63
36_39_49_58_63_67_67_67
51_58
65
63
63_63
65
63
55
42_55_60_60
65
63
58
65
63
63
40_42_63_63_65_67_67
65
63
63
65
63
55
28_36_39_42_55_60_62_65
65
63
58
28_58
65
63_63
63
42_63_63_63_67
65
63_63
65
63_63
28_42_55_55
65
63_63
58_58
65
63
58
40_42_63_63_65
65
63
63
28
65
63
42_55_62_65
65
63
58
65
63
36_39_42_58_63_63_67
65
63
63
65
63
58
42
65
63
63
65
63
58
40_42_58_62_65_65
65
63
63
65
63
51
28_36_39_42_58_63_67
65
63
28_63
65
63_63
58
42_58
65
63_63
63
65
63_63
28_42_51_58
65
63_63
58
63
65
63
55
28_40_42_58_58_65
65
63
62
63
65
63
63
34_36_42_51
65
63
58
65
63
65
31_36_42_55_58_60_62
43_60
65
63
62
62_63
65
63
60
42_55_63
65
63
58
65
63
65
40_42_55_63_65_65_67
65
63
62
62_62
65
63
60
28_31_36_42_60_62_63_65
65
63
28
65
63_63
67
42_63_65_65_67
65
63_63
62
62_62
65
63_63
60
28_42_60_60
65
63_63
65
63
67
40_42_65_65_67
65
63
62
28_62_62
65
63
60
42_60_60_62_65
65
63
65
63
67
31_36_42_63_67_67_67
65
63
62
62_62
65
63
60
42_60_60
65
63
62_65
65
63
67
40_42_65_67_67
65
63
62
62_62
65
63
60
28_31_36_42_58_60_60_62
65
63
28
65
63_63
67
42_67_67
65
63_63
62
62_62
65
63_63
60
28_36_42_58_60_60_62
65
63_63
65
63
67
28_40_42_65_67_67
65
63
62
62_62
65
63
60
42_58_60_60_62
65
63
65
63
34_36_42_58_62_65_67_67
46_53
65
63
62_62
65
63
60
42_60_60
65
63
63
65
63
62
40_42_62_65_65_67
65
63
62
65
63
28_34_36_42_60_60_60_63
65
63
28_63
65
63_63
63
42_62_62_65
65
63_63
62
65
63_63
60
28_42_60
65
63_63
62
63
65
63
63
40_42_62_63_65
65
63
28_62
65
63
42_60_60_63
65
63
62
65
63
63
34_36_42_62_63_63_65
65
63
62
62
65
63
60
42_60
65
63
62
62
65
63
63
40_42_60_63_63_63_65
65
63
62
65
63
28_34_36_42_60_62_65
65
63
28_62
65
63_63
63
42_63_63
65
63_63
60
62
65
63_63
63
28_42_60_62_65
65
63_63
62
65
63
28_40_42_63_63_65
65
63
60
65
63
42_60_63_63
65
63
65
63
65
32_36_42_56_60_63_63
44_51
65
63
63
60
65
63
60
36_42_60_63_63
65
63
36
65
63
65
40_42_65_65
65
63
63
63
65
63
60
28_32_36_42_60_63_67
65
63
28
65
63_63
67
42_65_65
65
63_63
63
63_63
65
63_63
60
28_42_60_60_62_65
65
63_63
65
63
67
40_42_63_65_65_67_67
65
63
63
28_63_63
65
63
60
42_60_60_65_68
65
63
65
63
67
31_36_42_59_67_67
43_50
65
62_67
63
62
63_63
65
63
59
36_42_60_60_63_67
65
63
36
65
63
67
40_42_65_67_67
65
63
62
62_63
65
63
59
28_31_36_59_60_60_63
65
63
28
65
63_63
67
40_67_67
65
63_63
62
40_62_62
65
63_63
59
28_40_59_59_59_62
65
63_63
65
63
67
28_40_65_67_67
65
63
62
40_62_62
65
63
59
40_59_59_59_62
65
63
65
63
62
36_36_49_55_60_63_67_67_67_67_67
65
63
62_62_63_63
65
63
55
42_55_55_59_59_60_60
65
63
60
36_36_60
65
63
62
40_42_62_63_65_67_67
65
63
62_63
65
63
55
28_36_36_42_55_55_59_60_62
65
63
60
28_60_60
65
63_63
63
42_62_62_63
65
63_63
65
63_63
28_42_55_55
65
63_63
60_60
65
63
60
40_42_62_63_65
65
63
63
28
65
63
42_55_62
65
63
60
65
63
36_36_42_60_63_63
65
63
63
65
63
60
42
65
63
63
36_36
65
63
60
40_42_60_62_65
65
63
63
65
63
51
28_36_36_42_60_63
65
63
28_63
65
63_63
60
42_60
65
63_63
63
65
63_63
28_42_51_60
65
63_63
60
63
65
63
55
28_40_42_60_60_65
65
63
60
63
65
63
63
31_36_42_51
65
63
60
65
63
65
36_36_42_55_55_60_60_63_67
65
63
63
60_63
65
63
60
42_55_63
65
63
36_36_60
65
63
65
40_42_55_63_65_65
65
63
63
60_63
65
63
60
28_36_36_42_60_62_63
65
63
28
65
63_63
67
42_63_65
65
63_63
63
63_63
65
63_63
60
28_42_60_60
65
63_63
65
63
67
40_42_65_65_67
65
63
63
28_63_63
65
63
60
42_60_60_62
65
63
63
65
63
67
36_36_42_65_67_67
65
63
63
63_63
65
63
60
42_60_60
65
63
36_36
65
63
67
40_42_65_67_67
65
63
63
63_63
65
63
60
28_36_36_42_60_60_63
65
63
28_62
65
63_63
67
42_60_67_67
65
63_63
63
63_63
65
63_63
60
28_34_42_60_60
65
63_63
65
63
67
28_40_42_62_65_67_67
65
63
63
63_63
65
63
60
36_42_60_60_63
65
63
65
63
36_36_42_55_60_63_67_67_67
65
63
63_63
65
63
60
42_55_60_60
65
63
63
36_36
65
63
62
40_42_63_65_67
65
63
63
65
63
28_36_36_42_60_60_62
65
63
28_63
65
63_63
63
42_62_63
65
63_63
62
65
63_63
60
28_42_60
65
63_63
62
63
65
63
63
40_42_62_63_65
65
63
28_62
65
63
42_60_62
65
63
62
65
63
63
36_36_42_63_63_63
65
63
62
62
65
63
60
42_60
65
63
62
36_36_62
65
63
63
40_42_62_63_63_65
65
63
62
65
63
28_36_36_42_60_63
65
63
28_62
65
63_63
63
42_63_63
65
63_63
60
62
65
63_63
63
28_42_60
65
63_63
62
65
63
28_40_42_63_63_65
65
63
60
65
63
31_36_42_63
65
63
65
63
65
36_36_42_56_60_63_63
65
63
63
60
65
63
60
42_55_63
65
63
36_36
65
63
65
40_42_63_65_65
65
63
63
63
65
63
60
28_36_36_42_60_62
65
63
28
65
63_63
67
42_63_65
65
63_63
63
63_63
65
63_63
60
28_42_60_60
65
63_63
65
63
67
40_42_65_65_67
65
63
63
28_63_63
65
63
60
42_60_60_62
65
63
63
65
63
67
36_36_42_65_67_67
65
63
63
63_63
65
63
60
42_60_60
65
63
36_36
65
63
67
40_42_63_65_67_67
65
63
63
63_63
65
63
60
28_36_40_42_60_60_62
65
63
28
65
63_63
67
42_67_67
65
63_63
63
63_63
65
63_63
60
28_42_60_60_60
65
63_63
36
65
63
67
28_40_42_65_67_67
65
63
63
63_63
65
63
60
31_36_42_60_60_60
65
63
65
63
36_36_49_55_60_63_67
48_55
65
63
65
63
42_55
65
63
36_36
65
63
40_42_63_65
65
63
65
63
28_36_36_42_62
65
63
28
65
63_63
42_63
65
63_63
65
63_63
28_42
65
63_63
65
63
40_42_65
65
63
28
65
63
42_62
65
63
65
63
36_36_42_63
65
63
65
63
42
65
63
36_36
65
63
40_42_62_65
65
63
65
63
28_36_36_42_63_67
65
63
28
65
63_63
42_60_72
65
63_63
65
63_63
28_36_42_62_74
65
63_63
65
63
28_40_42_63_65_75
65
63
65
63
31_36_42_65_77
65
63
65
63
34_36_42_58_62_62_65
46_53
65
63
65
63
42_55
65
63
34_36
65
63
40_42_63_65
65
63
65
63
28_34_36_42_62
65
63
28
65
63_63
42_63
65
63_63
65
63_63
28_42
65
63_63
65
63
40_42_65
65
63
28
65
63
42_62
65
63
63
65
63
34_36_42_65
65
63
65
63
42
65
63
34_36
65
63
40_42_65
65
63
65
63
28_34_36_42_58_63_70
65
63
28_62
65
63_63
42_60_60_72
65
63_63
65
63_63
28_36_42_62_74
65
63_63
65
63
28_40_42_62_63_65_75
65
63
65
63
29_36_42_63_65_77
65
63
65
63
32_36_42_56_60_63_63_75
44_51
65
63
65
63
42_55
65
63
32_36
65
63
40_42_63_65
65
63
65
63
28_32_36_42_62
65
63
28
65
63_63
42_63
65
63_63
65
63_63
28_42
65
63_63
65
63
40_42_65
65
63
28
65
63
42_62
65
63
65
63
32_36_42_63
65
63
65
63
42
65
63
32_36
65
63
40_42_62_65
65
63
65
63
28_32_36_42_56_63_68
65
63
28
65
63_63
42_60_72
65
63_63
65
63_63
28_36_42_62_74
65
63_63
65
63
28_40_42_63_65_75
65
63
65
63
27_36_42_65_77
65
63
65
63
29_36_42_56_60_60_63_72
41_48
65
63
65
63
42_55
65
63
29_36
65
63
40_42_63_65
65
63
65
63
28_29_36_42_62
65
63
28
65
63_63
42_63
65
63_63
65
63_63
28_42
65
63_63
65
63
40_42_65
65
63
28
65
63
42_62
65
63
63
65
63
31_36_42_59_62_65_67
43_50
65
63
65
63
42
65
63
31_36
65
63
40_42_65
65
63
65
63
31_36_42_55_63_67
65
63
62
65
63_63
40_60_60_72
65
63_63
40
65
63_63
40_62_74
65
63_63
65
63
40_62_63_65_75
65
63
40
65
63
26_40_63_65_77
65
63
65
63
63
36_39_49_58_63_67_67_67
51_58
65
63
63_63
65
63
55
42_55_60_60
65
63
58
36
65
63
63
40_42_63_63_65_67_67
65
63
63
65
63
55
28_36_39_42_55_60_62_65
65
63
58
28_58
65
63_63
63
42_63_63_63_67
65
63_63
65
63_63
28_42_55_55
65
63_63
36_58_58
65
63
58
40_42_63_63_65
65
63
63
28
65
63
36_42_55_62_65
65
63
58
65
63
36_39_42_58_63_63_67
65
63
63
65
63
58
42
65
63
63
36
65
63
58
40_42_58_62_65_65
65
63
63
65
63
51
28_36_39_42_58_63_67
65
63
28_63
65
63_63
58
42_58
65
63_63
63
65
63_63
28_42_51_58
65
63_63
58
63
65
63
55
28_40_42_58_58_65
65
63
62
63
65
63
63
34_36_42_51
65
63
58
65
63
65
31_36_42_55_58_60_62
43_60
65
63
62
62_63
65
63
60
42_55_63
65
63
36_58
65
63
65
40_42_55_63_65_65_67
65
63
62
62_62
65
63
60
28_31_36_42_60_62_63_65
65
63
28
65
63_63
67
42_63_65_65_67
65
63_63
62
62_62
65
63_63
60
28_42_60_60
65
63_63
65
63
67
40_42_65_65_67
65
63
62
28_62_62
65
63
60
42_60_60_62_65
65
63
65
63
67
31_36_42_63_67_67_67
65
63
62
62_62
65
63
60
42_60_60
65
63
36_62_65
65
63
67
40_42_65_67_67
65
63
62
62_62
65
63
60
28_31_36_42_58_60_60_62
65
63
28
65
63_63
67
42_67_67
65
63_63
62
62_62
65
63_63
60
28_36_42_58_60_60_62
65
63_63
65
63
67
28_40_42_65_67_67
65
63
62
62_62
65
63
60
42_58_60_60_62
65
63
65
63
34_36_42_58_62_65_67_67
46_53
65
63
62_62
65
63
60
42_60_60
65
63
63
36
65
63
62
40_42_62_65_65_67
65
63
62
65
63
28_34_36_42_60_60_60_63
65
63
28_63
65
63_63
63
42_62_62_65
65
63_63
62
65
63_63
60
28_42_60
65
63_63
62
63
65
63
63
40_42_62_63_65
65
63
28_62
65
63
42_60_60_63
65
63
62
65
63
63
34_36_42_62_63_63_65
65
63
62
62
65
63
60
42_60
65
63
62
36_62
65
63
63
40_42_60_63_63_63_65
65
63
62
65
63
28_34_36_42_60_62_65
65
63
28_62
65
63_63
63
42_63_63
65
63_63
60
62
65
63_63
63
28_42_60_63_67
65
63_63
62
65
63
28_40_42_63_63_65_65_68
65
63
60
65
63
42_63_67_70
65
63
65
63
65
32_36_42_56_60_63_63
44_51
65
63
63
60
65
63
60
36_42_63_65_68
65
63
36
65
63
65
40_42_65_65
65
63
63
63
65
63
60
28_32_36_42_60_63_67
65
63
28
65
63_63
67
42_65_65
65
63_63
63
63_63
65
63_63
60
28_42_60_60_62_65
65
63_63
65
63
67
40_42_65_65_67
65
63
63
28_63_63
65
63
60
42_60_60_65_68
65
63
65
63
31_36_59
43_50
65
62_67
63
65
63
63_65_67
65
63
65
65
63
28_60_63_65
65
63
28
65
63
28_31_62_65
65
63
28
65
63_63
65
63_63
65
63_63
28_28
65
63_63
28
65
63
28_65
65
63
28
65
63
28
65
63
28
65
63
62
31_36_36_36_49_55_55_60_60_84
65
63
65
63
55
55
65
87
63
60
60
65
63
62
60_62_63
65
63
65
63
55
28_55_55
65
63
60
28_60_60
65
63_63
63
62_62
65
63_63
65
63_63
28_55_55
65
63_63
60_60
65
63
60
62_63
65
63
63
28
65
63
55
65
63
60
65
63
60_63
65
63
63
65
63
60
65
63
63
65
63
60
60
65
63
63
65
63
51
28_60
65
63
28_63
65
63_63
60
60
65
63_63
63
65
63_63
28_51_60
65
63_63
60
63
65
63
55
28_60_60
65
63
60
63
65
63
63
51
65
63
60
65
63
65
31_55_60_62_65
65
63
63
60_63
65
63
60
63
65
87
63
60
65
63
65
55_65
65
63
63
60_63
65
63
60
28_60_63
65
63
28
65
63_63
67
63_65_67
65
63_63
63
63_63
65
63_63
60
28_60_60
65
63_63
65
63
67
65_67
65
63
63
28_63_63
65
63
60
60_60
65
63
65
63
67
67_67
65
63
63
63_63
65
63
60
60_60
65
63
65
63
67
67_67
65
63
63
63_63
65
63
60
28_60_60
65
63
28
65
63_63
67
67_67
65
63_63
63
63_63
65
63_63
60
28_60_60
65
63_63
65
63
67
28_67_67
65
63
63
63_63
65
63
60
60_60
65
63
65
63
31_36_55_55_60_60_67_67_84
65
63
63_63
65
63
60
60_60
65
87
63
63
65
63
62
67
65
63
63
65
63
28_60_60
65
63
28_63
65
63_63
63
62
65
63_63
62
65
63_63
60
28_60
65
63_63
62
63
65
63
63
62_63
65
63
28_62
65
63
60
65
63
62
65
63
63
63_63
65
63
62
62
65
63
60
60
65
63
62
62
65
63
63
63_63
65
63
62
65
63
28_60
65
63
28_62
65
63_63
63
63_63
65
63_63
60
62
65
63_63
63
28_60
65
63_63
62
65
63
28_63_63
65
63
60
65
63
63
65
63
65
63
65
31_36_62_63_65
65
63
63
60
65
63
60
63
65
63
36
65
63
65
28_65
65
63
63
63
65
63
60
28_36_60
65
63
28
65
63_63
67
63_65_67
65
63_63
63
63_63
65
63_63
60
28_60_60
65
63_63
65
63
67
65_67
65
63
63
28_63_63
65
63
60
60_60
65
63
65
63
67
36_67_67
65
63
63
63_63
65
63
60
28_60_60
65
63
28_36
65
63
67
28_60_67_67
65
63
63
63_63
65
63
60
28_60_60
65
63
65
63_63
67
67_67
65
63_63
63
28_63_63
65
63_63
60
28_60_60
65
63_63
28
65
63
67
67_67
65
63
63
63_63
65
63
60
28_60_60_67_79
65
63
28_68_80
65
63
31_36_49_55_62_67_67_68_79
65
63
68
65
63
42_68
65
63
68
65
63
42_60_68
65
63
68
65
63
28_31_36_42_65_68_77
65
63
28_68
65
63_63
42_63_68_75
65
63_63
68
65
63_63
28_42_68
65
63_63
68
65
63
42_60_62_68_74
65
63
28_68
65
63
42_68
65
63
68
65
63
31_36_42_68
65
63
68
65
63
42_68
65
63
63_68_75
65
63
42_60_65_68_77
65
63
68
65
63
28_31_36_42_67_68_79
65
63
28_68
65
63_63
42_68_68_80
65
63_63
68
65
63_63
28_42_68_70_82
65
63_63
68
65
63
28_29_42_60_68_68_80
65
63
68
65
63
42_67_68_79
65
63
68
65
63
31_36_42_65_68_77
65
63
63_68_75
65
63
42_62_68_74
65
63
68
65
63
42_60_63_68_75
65
63
68
65
63
28_31_36_42_62_68_74
65
63
28_68
65
63_63
42_68
65
63_63
68
65
63_63
28_42_68
65
63_63
68
65
63
29_42_60_68
65
63
28_68
65
63
42_68
65
63
68
65
63
31_36_42_68
65
63
68
65
63
42_62_68_74
65
63
68
65
63
42_60_65_68_77
65
63
68
65
63
28_29_36_42_67_68_79
65
63
28_68
65
63_63
42_68_68_80
65
63_63
68
65
63_63
28_42_68_70_82
65
63_63
68
65
63
28_42_60_68_68_80
65
63
68
65
63
42_67_68_79
65
63
68
65
63
31_36_42_55_62_65_67_68_77
65
63
63_68_75
65
63
42_62_68_74
65
63
68
65
63
42_60_65_68_80
65
63
63_68_79
65
63
28_31_36_42_62_68_77
65
63
28_68
65
63_63
42_68
65
63_63
68
65
63_63
28_42_68
65
63_63
68
65
63
42_60_68
65
63
28_68
65
63
42_68
65
63
68
65
63
31_36_42_68
65
63
68
65
63
42_62_68_74
65
63
68
65
63
42_60_65_68_77
65
63
68
65
63
28_31_36_42_67_68_79
65
63
28_68
65
63_63
42_68_68_80
65
63_63
68
65
63_63
28_42_68_70_82
65
63_63
68
65
63
28_29_42_60_68_68_80
65
63
68
65
63
42_68_70_82
65
63
68
65
63
31_36_42_68
65
63
68
65
63
42_68_68_80
65
63
68
65
63
42_60_68
65
63
68
65
63
28_31_36_42_67_68_79
65
63
28_68
65
63_63
42_68
65
63_63
68
65
63_63
28_42_65_68_77
65
63_63
68
65
63
42_60_68
65
63
28_68
65
63
42_63_68_75
65
63
68
65
63
31_36_42_68
65
63
68
65
63
42_48_62_68_74
65
63
68
65
63
42_68
65
63
68
65
63
28_31_36_42_45_60_68_72
65
63
28_68
65
63_63
40_68
65
63_63
68
65
63_63
28_56_68_68
65
63_63
68
65
63
28_31_40_42_68
65
63
40_68
65
63
40_55_67_68
65
63
40_68
65
63
36_36_49_55_60_63_67
48_55
65
63
65
63
42_55
65
63
36_36
65
63
40_42_63_65
65
63
65
63
28_36_36_42_62
65
63
28
65
63_63
42_63
65
63_63
65
63_63
28_42
65
63_63
65
63
40_42_65
65
63
28
65
63
42_62
65
63
65
63
36_36_42_63
65
63
65
63
42
65
63
36_36
65
63
40_42_62_65
65
63
65
63
28_36_36_42_63_67
65
63
28
65
63_63
42_60_72
65
63_63
65
63_63
28_36_42_62_74
65
63_63
65
63
28_40_42_63_65_75
65
63
65
63
31_36_42_65_77
65
63
65
63
34_36_42_58_62_62_65
46_53
65
63
65
63
42_55
65
63
34_36
65
63
40_42_63_65
65
63
65
63
28_34_36_42_62
65
63
28
65
63_63
42_63
65
63_63
65
63_63
28_42
65
63_63
65
63
40_42_65
65
63
28
65
63
42_62
65
63
63
65
63
34_36_42_65
65
63
65
63
42
65
63
34_36
65
63
40_42_65
65
63
65
63
28_34_36_42_58_63_70
65
63
28_62
65
63_63
42_60_60_72
65
63_63
65
63_63
28_36_42_62_74
65
63_63
65
63
28_40_42_62_63_65_75
65
63
65
63
29_36_42_63_65_77
65
63
65
63
32_36_42_56_60_63_63_75
44_51
65
63
65
63
42_55
65
63
32_36
65
63
40_42_63_65
65
63
65
63
28_32_36_42_62
65
63
28
65
63_63
42_63
65
63_63
65
63_63
28_42
65
63_63
65
63
40_42_65
65
63
28
65
63
42_62
65
63
65
63
32_36_42_63
65
63
65
63
42
65
63
32_36
65
63
40_42_62_65
65
63
65
63
28_32_36_42_56_63_68
65
63
28
65
63_63
42_60_72
65
63_63
65
63_63
28_36_42_62_74
65
63_63
65
63
28_40_42_63_65_75
65
63
65
63
27_36_42_65_77
65
63
65
63
29_36_42_56_60_60_63_72
41_48
65
63
65
63
42_55
65
63
29_36
65
63
40_42_63_65
65
63
65
63
28_29_36_42_62
65
63
28
65
63_63
42_63
65
63_63
65
63_63
28_42
65
63_63
65
63
40_42_65
65
63
28
65
63
42_62
65
63
63
65
63
31_36_42_59_62_65_67
43_50
65
63
65
63
42
65
63
31_36
65
63
40_42_65
65
63
65
63
31_40_42_55_63_67
65
63
62
65
63_63
60_60_72
65
63_63
65
63_63
62_74
65
63_63
36
65
63
40_62_63_65_75
65
63
65
63
26_36_63_65_77
65
63
65
63
63
36_39_49_58_63_67_67_67
51_58
65
63
63_63
65
63
55
42_55_60_60
65
63
58
65
63
63
40_42_63_63_65_67_67
65
63
63
65
63
55
28_36_39_42_55_60_62_65
65
63
58
28_58
65
63_63
63
42_63_63_63_67
65
63_63
65
63_63
28_42_55_55
65
63_63
58_58
65
63
58
40_42_63_63_65
65
63
63
28
65
63
42_55_62_65
65
63
58
65
63
36_39_42_58_63_63_67
65
63
63
65
63
58
42
65
63
63
65
63
58
40_42_58_62_65_65
65
63
63
65
63
51
28_36_39_42_55_58_63_67_67
65
63
28_63
65
63_63
58
42_58_70_82
65
63_63
63
65
63_63
28_42_51_58_68_80
65
63_63
58
63
65
63
55
28_40_42_58_58_65_67_79
65
63
62
63
65
63
63
34_36_42_51_65_77
65
63
58
65
63
65
31_36_42_55_58_60_62
43_60
65
63
62
62_63
65
63
60
42_55_63
65
63
58
65
63
65
40_42_55_63_65_65_67
65
63
62
62_62
65
63
60
28_31_36_42_60_62_63_65
65
63
28
65
63_63
67
42_63_65_65_67
65
63_63
62
62_62
65
63_63
60
28_42_60_60
65
63_63
65
63
67
40_42_65_65_67
65
63
62
28_62_62
65
63
60
42_60_60_62_65
65
63
65
63
67
31_36_42_63_67_67_67
65
63
62
62_62
65
63
60
42_60_60
65
63
62_65
65
63
67
40_42_65_67_67
65
63
62
62_62
65
63
60
28_31_36_42_55_58_60_60_62_67
65
63
28
65
63_63
67
42_67_67_70_82
65
63_63
62
62_62
65
63_63
60
28_36_42_58_60_60_62_68_80
65
63_63
65
63
67
28_40_42_65_67_67_67_79
65
63
62
62_62
65
63
60
42_58_60_60_62_65_77
65
63
65
63
34_36_42_58_62_65_67_67
46_53
65
63
62_62
65
63
60
42_60_60
65
63
63
65
63
62
40_42_62_65_65_67
65
63
62
65
63
28_34_36_42_60_60_60_63
65
63
28_63
65
63_63
63
42_62_62_65
65
63_63
62
65
63_63
60
28_42_60
65
63_63
62
63
65
63
63
40_42_62_63_65
65
63
28_62
65
63
42_60_60_63
65
63
62
65
63
63
34_36_42_62_63_63_65
65
63
62
62
65
63
60
42_60
65
63
62
62
65
63
63
40_42_60_63_63_63_65
65
63
62
65
63
28_34_36_42_60_62_65
65
63
28_62
65
63_63
63
42_63_63
65
63_63
60
62
65
63_63
63
28_42_60_63_67
65
63_63
62
65
63
28_40_42_63_63_65_65_68
65
63
60
65
63
42_63_67_70
65
63
65
63
65
32_36_42_56_60_63_63
44_51
65
63
63
60
65
63
60
42_63_65_68
65
63
36
65
63
65
40_42_65_65
65
63
63
63
65
63
60
28_32_36_42_60_63_67
65
63
28
65
63_63
67
42_65_65
65
63_63
63
63_63
65
63_63
60
28_42_60_60_62_65
65
63_63
65
63
67
40_42_65_65_67
65
63
63
28_63_63
65
63
60
42_60_60_60_63
65
63
65
63
67
32_36_36_42_67_67
65
63
62
63_63
65
63
59
42_60_60_60_63_65
65
63
65
65
63
67
28_40_42_65_67_67
65
63
62
28_62_63
65
63
59
28_32_36_42_59_60_62_65
65
63
28
65
63_63
67
32_42_58_62_67_67
65
63_63
62
62_62
65
63_63
59
28_28_42_59_59
65
63_63
28
65
63
67
28_34_40_42_65_67_67
46_53
65
63
62
28_62_62
65
63
59
28_36_42_59_59
65
63
28
65
63
63
36_39_49_58_63_67_67_67
51_58
65
63
63_63
65
63
55
42_55_60_60
65
63
58
65
63
63
40_42_63_63_65_67_67
65
63
63
65
63
55
28_36_39_42_55_60_62_65
65
63
58
28_58
65
63_63
63
42_63_63_63_67
65
63_63
65
63_63
28_42_55_55
65
63_63
58_58
65
63
58
40_42_63_63_65
65
63
63
28
65
63
42_55_62_65
65
63
58
65
63
36_39_42_58_63_63_67
65
63
63
65
63
58
42
65
63
63
65
63
58
40_42_58_62_65_65
65
63
63
65
63
51
28_36_39_42_55_58_63_67_67
65
63
28_63
65
63_63
58
42_58_70_82
65
63_63
63
65
63_63
28_42_51_58_68_80
65
63_63
58
63
65
63
55
28_40_42_58_58_65_67_79
65
63
62
63
65
63
63
34_36_42_51_65_77
65
63
58
65
63
65
31_36_42_55_58_60_62
43_60
65
63
62
62_63
65
63
60
42_55_63
65
63
58
65
63
65
40_42_55_63_65_65_67
65
63
62
62_62
65
63
60
28_31_36_42_60_62_63_65
65
63
28
65
63_63
67
42_63_65_65_67
65
63_63
62
62_62
65
63_63
60
28_42_60_60
65
63_63
65
63
67
40_42_65_65_67
65
63
62
28_62_62
65
63
60
42_60_60_62_65
65
63
65
63
67
31_36_42_63_67_67_67
65
63
62
62_62
65
63
60
42_60_60
65
63
62_65
65
63
67
40_42_65_67_67
65
63
62
62_62
65
63
60
28_31_36_42_55_58_60_60_62_67
65
63
28
65
63_63
67
42_67_67_70_82
65
63_63
62
62_62
65
63_63
60
28_36_42_58_60_60_62_68_80
65
63_63
65
63
67
28_40_42_65_67_67_67_79
65
63
62
62_62
65
63
60
42_58_60_60_62_65_77
65
63
65
63
34_36_42_58_62_65_67_67
46_53
65
63
62_62
65
63
60
42_60_60
65
63
63
65
63
62
40_42_62_65_65_67
65
63
62
65
63
28_34_36_42_60_60_60_63
65
63
28_63
65
63_63
63
42_62_62_65
65
63_63
62
65
63_63
60
28_42_60
65
63_63
62
63
65
63
63
40_42_62_63_65
65
63
28_62
65
63
42_60_60_63
65
63
62
65
63
63
34_36_42_62_63_63_65
65
63
62
62
65
63
60
42_60
65
63
62
62
65
63
63
40_42_60_63_63_63_65
65
63
62
65
63
28_34_36_42_60_62_65
65
63
28_62
65
63_63
63
42_63_63
65
63_63
60
62
65
63_63
63
28_42_60_63_67
65
63_63
62
65
63
28_40_42_63_63_65_65_68
65
63
60
65
63
42_63_67_70
65
63
65
63
65
32_36_42_56_60_63_63
44_51
65
63
63
60
65
63
60
42_63_65_68
65
63
36
65
63
65
40_42_65_65
65
63
63
63
65
63
60
28_32_36_42_60_63_67
65
63
28
65
63_63
67
42_65_65
65
63_63
63
63_63
65
63_63
60
28_42_60_60_62_65
65
63_63
65
63
67
40_42_65_65_67
65
63
63
28_63_63
65
63
60
42_60_60_65_68
65
63
65
63
67
31_36_36_42_59_67_67
43_50
65
62_67
63
62
63_63
65
63
59
42_60_60_63_65_67
65
63
65
65
63
67
28_42_60_63_65_67_67
65
63
62
28_62_63
65
63
59
28_31_36_42_59_60_62_65
65
63
28
65
63_63
67
42_67_67
65
63_63
62
62_62
65
63_63
59
28_28_42_59_59
65
63_63
28
65
63
67
28_42_65_67_67
65
63
62
28_62_62
65
63
59
28_36_42_59_59
65
63
28
65
63
62
36_36_36_55_55_60_60_84_87
63
63
55
55
87
63
60
60
63
62
28_60_62_63
63
63
55
55_55
63
60
60_60_87
63_63
63
62_62_87
63_63
63_63
55_55
63_63
60_60
63
60
62_63
63
63
63
55
63
60
63
60_63_87
63
63
63
60
63
63
63
60
28_60
63
63
63
51
60
63
63_87
63_63
60
60_87
63_63
63
63_63
51_60
63_63
60
63
63
55
60_60
63
60
63
63
63
51
63
60
63
65
55_60_62_62_65_65_87
63
63
60_63
63
60
63
87
63
60
63
65
28_55_60_65
63
63
60_63
63
60
60_63
63
87
63_63
67
60_63_63_65_67_67_87
63_63
63
63_63
63_63
60
60_60
63_63
63
67
65_67
63
63
63_63
63
60
60_60
63
63
67
67_67_87
63
63
63_63
63
60
60_60
63
63
67
28_67_67
63
63
63_63
63
60
60_60
63
87
63_63
67
67_67_87
63_63
63
63_63
63_63
60
60_60
63_63
63
67
67_67
63
63
63_63
63
60
60_60
63
63
36_36_55_55_60_60_67_67_84_87
63
63_63
63
60
60_60
87
63
63
63
62
28_67
63
63
63
60_60
63
63_87
63_63
63
62_87
63_63
62
63_63
60
60
63_63
62
63
63
63
62_63
63
62
63
60
63
62
63
63
63_63_87
63
62
62
63
60
60
63
62
62
63
63
28_63_63
63
62
63
60
63
62_87
63_63
63
63_63_87
63_63
60
62
63_63
63
60
63_63
62
63
63_63
63
60
63
63
63
63
65
62_62_63_65_65_87
63
63
60
63
60
63
87
63
63
65
28_60_65
63
63
63
63
60
60
63
87
63_63
67
60_63_63_65_67_67_87
63_63
63
63_63
63_63
60
60_60
63_63
63
67
65_67
63
63
63_63
63
60
60_60
63
63
67
67_67_87
63
63
63_63
63
60
60_60
63
63
67
28_67_67
63
63
63_63
63
60
60_60
63
87
63_63
67
67_67_87
63_63
63
63_63
63_63
60
60_60
63_63
63
67
67_67
63
63
63_63
63
60
60_60
63
63
62
36_36_55_55_60_60_84_87
63
63
55
55
87
63
60
60
63
62
62
63
87
63
55
55_55_87
63
60
60_60_87
63_63
63
62_62_87
63_63
63_63
55_55
63_63
60_60
63
60
62_63
63
63
87
63
55_87
63
60_87
63
60_63_87
63
63
63
60
63
63
63
60
60
63
63_87
63
51
60_87
63
63_87
63_63
60
60_87
63_63
63
63_63
51_60
63_63
60
63
63
55
60_60
63
60
63_87
63
63
51_87
63
60_87
63
65
55_60_62_62_65_65_87
63
63
60_63
63
60
63
87
63
60
63
65
55_65
63
63
60_63_87
63
60
60_63_87
63
87
63_63
67
60_63_63_65_67_67_87
63_63
63
63_63
63_63
60
60_60
63_63
63
67
65_67
63
63
63_63_87
63
60
60_60_87
63
87
63
67
67_67_87
63
63
63_63
63
60
60_60
63
63
67
67_67
63
63
63_63_87
63
60
60_60_87
63
87
63_63
67
67_67_87
63_63
63
63_63
63_63
60
60_60
63_63
63
67
67_67
63
63
63_63_87
63
60
60_60_87
63
87
63
36_36_55_55_60_60_67_67_84_87
63
63_63
63
60
60_60
87
63
63
63
62
67
63
63_87
63
60_60_87
63
63_87
63_63
63
62_87
63_63
62
63_63
60
60
63_63
62
63
63
63
62_63
63
62_87
63
60_87
63
62_87
63
63
63_63_87
63
62
62
63
60
60
63
62
62
63
63
63_63
63
62_87
63
60_87
63
62_87
63_63
63
63_63_87
63_63
60
62
63_63
63
60
63_63
62
63
63_63
63
60_87
63
63_87
63
87
63
65
62_62_63_65_65_87
63
63
60
63
60
63
87
63
63
65
65
63
63
63_87
63
60
60_87
63
87
63_63
67
60_63_63_65_67_67_87
63_63
63
63_63
63_63
60
60_60
63_63
63
67
65_67
63
63
63_63_87
63
60
60_60_87
63
87
63
67
67_67_87
63
63
63_63
63
60
60_60
63
63
67
28_67_67
63
63
28_63_63_87
63
60
28_60_60_87
63
28_87
63_63
67
60_67_67_87
63_63
63
63_63
63_63
60
60_60
63_63
63
67
67_67
63
63
63_63
63
60
60_60
63
36_36_43_84_87
