62_62_64_67_67_67_70_70_70
43_43
64
62
43
55_63
63
60_64
64
62
65
55_63
63
60
67
64
64
65
67
62
55_63
63
60_64
64
62
65
55_63
43
63
60
67
43
64
64
65
62
55_63
67
63
60_64
64
62
65
55_63
63
60
67
64
64
65
67
62
55_63
63
60_64
64
58_62_65
70
58_65
65
55_63
63
58_65
70
58
65
60
67
43
67_67
43_43
70_70
62_62
43_62_62_64_67_67_70_70
55_65_70
74
64
65
62
72
70
54_55_63
67
54
63
60_64
64
62
65
70
65
55_63
63
60
67
67
43_67
55
42_64_66
54
66
66
67
64
65
67
62
54_55_63
54
63
60_64
64
62
65
55_63_74
63
74
60
67
66
54
66
42_66
65
41_53_64_65_65_72
64
65
62
54_55_63
67
54
63
60_64
64
62
65
55_63
63
60_70
67
53
65
67
65
65
41
64
40_52_64_64_64
64
65
67
62
54_55_63
54
63
60_64
64
62
65
55_63
70
63
72
60_70
67
64
64
52
70_70
62
64
62
40
39_39_51_58_60_64_67
60
70
65
74
64
65
62
54_55_63
67
54
63
60_64
70
64
62
65
55_63
72
63
60
67
67
60
51
39
58
39
41_41_53_60_64_65_70
64
65
67
62
54_55_63
65
54
63
60_64
72
64
62
65
55_63
63
70
60
67
67
41
53_65
41
60_70
65
34_46_53_58_58_60_62_62_64_70
64
65
62
54_55_63
67
54
63
53_58_60_64
63
64
58
62
53_63
58_65
62
55_63
63
58_62
51
53_58
60
53
51
58
64
64
65
51_58
53
53
58
51
54_63
46
50_53
54
63
64
64
70
63
63
34
70
43
53
50
46
62
46
70
53_58
58
62
36_43_44_58_62_64_65_65_70_70_74_74_74
34
64
44
34
36
65_70
74
42
41
42
41
65_70
38_44_54_63_74
48
44
54
38
63
48
70
74
65
36_42_64_72
46
42
64
36
70
70
44_65_74
44
70
65_74
42_63
42
63
46
43_65
38_44_70
74
44
38
43
74
70
65
36_42
41
42
36
41
65_70
34_36_44_64
74
64
44
70
36
74
65
34
41_42
42
41
65_70
38_44_54_63_74
48
44
54
38
63
48
65
70
74
36_42_46_64
42
64
36
70
44_65_74
44
70
74
65
42_63_70
42
63
46
43
38_44
65_70_74
44
38
72
43
74
65_70
41
36_46
46
36
65_70
58
41
62_74
55_57_60
36_44_64_65_69_72
31
69
72
74
64
44
31
36
69
72
65
42
38
42
38
38_44_54_63
65
45_69
72
44
54
38
63
45
72
69
72
65
69
72
70
55
57
60
36_42_55_58_62_64
43
70
74
42
64
36
74
44_67_70
44
67_70
74
42_63
42
63
43
41
38_44
67_70_74
44
38
41
67_74
70
36_42
38
42
36
38
70
31_36_44_64_67_74
64
44
36
67_70
74
31
38_42
42
38
67_70
38_44_54_63_74
45
44
54
38
63
45
74
67_70
36_42_43_64
42
64
36
44_70
67_74
44
70_74
67
42_63_70
42
63
43
41
38_44_70
67_74
44
38
67
74
41
74
70
38
36_46
46
36
62
38
55_58
74
70
55
60_63
36_44_64
36_70_75
67_74
75
70
64
44
70
36_67
75
36
72
42
43
42
43
70_75
67
38_44_54_63
50
44
54
38
63
50
70
67
75
36_42_64
48
42
64
36
67_70_75
44
44
70
75
67
42_63
42
63
48
70_75
46_67
38_44
44
38
46
70
67
75
36_42
43
42
36
43
67_70_75
36_36_44_64
64
44
36_70
75
67
36
42_43
42
43
70_75
67
38_44_54_63
50
44
54
38
63
50
67
70_75
36_42_48_64
42
64
36
60
75
63
74
67_70_74
44
58
62
44
70
74
67
42_63
70
42
63
48
46
38_44_70
67_74
44
38
70
74
67
72
36_46
46
36
46
58
62
55
70
74
36_44_53_55_60_64_65_70_72
29
67
72
72
64
44
70
36_65
72
29
42
36
42
36
38_44_54_63
65_70
43_72
44
54
38
63
43
72
65
70
36_42_64
41
42
64
36
44_65_70_72
44
70
72
65
42_63
42
63
41
38
38_44
70
65_72
44
38
70
65
72
38
36_42
41
42
36
42
42
55
41
67
65_69_69_72
29_36_44_64
57
64
44
36
65
69_72
29
36_42
42
36
65_69
38_44_54_63_72
43
44
54
38
63
43
72
65_69
36_41_42_64
42
64
36
65_72
44_69
44
69
72
65
41
46
42_63_70
42
63
46
38
38_44
65_69_72
44
38
72
38
65
69
72
70
41
36_46
46
36
60
53
72
57
69
41
36_44_58_62_64_65_65_70_70_74_74_74
34
64
44
34
36
65_70
74
42
41
42
72
41
70
65_70
38_44_54_63_74
48
44
54
38
63
48
70
74
65
36_42_64
46
42
64
36
70
44_65_74
44
70
65_74
42_63
42
63
46
43_65
38_44_70
74
44
38
43
74
70
65
36_42
41
42
36
41
65_70
34_36_44_64
74
64
44
70
36
74
65
34
41_42
42
41
65_70
38_44_54_63_74
48
44
54
38
63
48
65
70
74
36_42_46_64
42
64
36
70
44_65_74
44
70
74
65
42_63_70
42
63
46
43
38_44
65_70_74
44
38
72
43
74
65_70
41
36_46
46
36
65_70
58
41
62_74
55_57_60
36_44_64_65_69_72
31
69
72
74
64
44
31
36
69
72
65
42
38
42
38
38_44_54_63
65
45_69
72
44
54
38
63
45
72
69
72
65
69
72
70
55
57
60
36_42_55_58_62_64
43
70
74
42
64
36
74
44_67_70
44
67_70
74
42_63
42
63
43
41
38_44
67_70_74
44
38
41
67_74
70
36_42
38
42
36
38
70
31_36_44_64_67_74
64
44
36
67_70
74
31
38_42
42
38
67_70
38_44_54_63_74
45
44
54
38
63
45
74
67_70
36_42_43_64
42
64
36
44_70
67_74
44
70_74
67
42_63_70
42
63
43
41
38_44_70
67_74
44
38
67
74
41
74
70
38
36_46
46
36
62
38
55_58
74
70
55
60_63
36_44_64
36_70_75
67_74
75
70
64
44
70
36_67
75
36
72
42
43
42
43
70_75
67
38_44_54_63
50_72
44
54
38
63
50
70
67
75
36_42_64
48
42
64
36
67_70_75
44
44
70
75
67
42_63
42
63
48
70_75
46_67
38_44
44
38
46
70
67
75
36_42
43
42
36
43
67_70_75
36_36_44_64
64
44
36_70
75
67
36
42_43
42
43
70_75
67
38_44_54_63
50
44
54
38
63
50
67
70_75
36_42_48_64
42
64
36
60
75
63
74
67_70_74
44
58
62
44
70
74
67
42_63
70
42
63
48
46
38_44_70
67_74
44
38
70
74
67
74
36_46
46
36
46
58
62
55
70
74
36_44_53_55_60_64_65_70_72
29
67
72
64
44
70
36_65
72
29
42
72
36
42
72
36
38_44_54_63
65_70
43_72
44
54
38
63
43
72
65
70
36_42_64
41
42
64
36
44_65_70_72
44
70
72
65
42_63
42
63
41
38
38_44
70
65_72
44
38
70
65
72
38
36_42
41
42
36
42
42
55
41
67
65_69_69_72
29_36_44_64
57
64
44
36
65
69_72
29
36_42
42
36
65_69
38_44_54_63_72
43
44
54
38
63
43
72
65_69
36_41_42_64
42
64
36
65_72
44_69
44
69
72
65
41
46
42_63_74
42
63
46
38
38_44
65_69_72
44
38
72
38
65
69
72
70
41
36_46
46
36
60
53
72
57
69
41
36_43_44_55_58_62_64_67_67_70_74_79
72
70
64
44
36
67_70
74
58
42
58
42
67_70
38_44_54_62_63_74
62
44
54
38
63
43
67
70
74
67
31
36_42_64
67
69
42
64
36
69
69
70
44_67_74
70
69
44
58
70
67_74
42_63
42
63
67
38_44_70_74
62
44
38
70
74
70
67
31
69
36_42
31
58
42
31
36
69
67
55
62
54_67
79
67_70
36_44_64_66_74_78
38
67
66
64
44
70
36_74
67
58
42
58
42
67_70
38_44_54_62_63_74
62
44
54
38
63
67
70
74
38
36_42_64
50
42
64
36
70
44_67_74
58
44
66
70
74
67
58
74
42_63
42
63
38_44_67_70_74
62
62
44
38
74
67_70
70
36_46
46
36
50
58_62
54
66
58
62_78
53
31_36_44_64_65_67_70_74_77
72
64
44
36_70_74
67
42_58
58
42
38_44_54_63_67_70_74
62_62
44
54
38
63
31
67
67
70_74
43_70
36_42_64
67_67
42
64
69
36
69
58
44_67_70_74
69
70
44
69
70
74
67
58
42_63
42
63
38_44
67_70_74
62
44
38
70
74
67_70
62
43
69
36_42
38
42
36
69
67
38
53
77
65
67
52_72
36_36_44_64_64_64_67_76
64
64
44
36
67
64_72
42_58
58
42
67
38_44_54_60_63_64_72
60
44
54
38
63
72
67
64
36
36_42_64
48
42
64
36
44_64_67_72
44
72
64
67
58
42_58_63
74
42
63
64
64
38_44_67_72
74
60
44
38
67
72
64
60
48
36
36_46
77
46
36
76
62
64
52_58
36
36_44_58_58_63_64_70
63
39
63_63
55
74
64
44
36
70
63
58
42_58
70
42
58
38_44_54_58_63_63_63_70
44
54
38
63
70
58
63
39
36_42_64
51
42
64
36
58
44_58_63_65_65
63
44
63_65
58
42_63
42
63
63
38_44_63_65_70_70
44
38
65
65
63
70
36_42_58
42
36
51
70
36_36_44_63_64_65_70
64
44
65
36
63_70
58
42
58
42
38_44_54_63_63_63_65_70
44
54
38
63
65
70
63
36
36_42_58_64
48
42
64
36
63_65_70
44_65
44
65
70
63
42_63_67
63
42
63
63
73
38_44_70_74
63_70
65
58
44
38
65
70
63
48_72
36_46
46
65
36
70
55_58_63
63_63
60
58
65
36_44_64
29
70
70
65_72
64
44
36
65_70
72
72
42
42
29
38_44_54_63_65_70_72_72
41
58
44
54
38
70
63
65
70
72
36_42_64
72
41
42
64
36
44_60_65_70_72
34
44
34
72
65
70
42_63
36
42
63
36
38_44_65_65_70_72
38
44
38
65
72
70
38
36_42
41
42
36
58
42
42
41
58
29_36_44_57_64_65_69_72
64
44
36
72
65
69
42
42
60
29
38_41_44_54_63_65_69_72
57
44
54
38
63
65_72
69
65
36_42_64
42
64
36
60
44_65_65_69_70_70_72
44
65_70
72
69
65
42_63
42
63
41
29_38_44_65_65_65_69_70_72_72
44
38
57
72
65
69_72
65
36_46
46
36
65
60
57
29
34_36_44_58_58_62_64_65_65_65_65_70_70_70_74_74
60
62
74
64
44
36
65_70
74
53
42
42
72
38_44_54_63_65_70_74
70
44
54
38
63
34
74
70
65
58
46
36_42_64
42
64
36
44_65_70_74
44
65_70
74
53
62
42_63
58
42
63
38_44_65_70_74
44
38
74
70
65
65
63
36_42
42
62
62
36
58
62
74
58
46
56_65
56_65
36_44_44_64_65_70_72_72
70
64
44
36_70_72
65
42
60
42
38_44_54_63_65_70_72
44
54
38
63
65
70_72
44
36_42_64
44
42
64
36
44_65_70_72
44
70_72
65
42_63
74
42
63
38_44_65_70_72
44
38_63
74
72
65_70
65
36_46_56
46
36
56
60
44
65
65
70_72
31_36_44_64_68_72
55_60_65_72
65
72
65
60
64
44
36
68
72
42
42
38_44_54_63_68_72
44
54
38
63
31
72
68
43
36_42_64
42
64
36
68
44_68_72
72
44
72
68
42_62_63
42
62
63
43
38_41_44_68_72
44
38
41
72
68
36_38_42
71
60
42
36
67
65
60
55
72
38
59
55_71
59_65
31_36_44_64
67_68
65_71
71
72
64
44
36
65
71
55
42
42
38_44_54_59_63_65_71
44
54
38
63
65_71
31
36_42_64
38
42
64
36
38
67
44_65_71
65
43
44
43
71
65
71
55
42_63_74
62
62_67
42
62_63
50
62
67
38_44_65_71
50
59_65
44
38
62_67
74
59_71
65
62
67
31
36_46
46
65
36
65
59
70
67
58
65_71
55_63
31
55_55_67
36_44_63_63_64_67_70
67
39_74
51_63
64
44
70
67
36
63
42
42
67
38_44_54_63_63_67_70
63
44
67_70
54
38
63
70
67
63
39
36_42_64_65_70
51
70
42
64
36
44_63_67_70
70
44
63
70
70
63
67
65
42_63_67_70
72
42
63
70
67
63
38_44_63_67_70
44
38
70
67
63
67
70
36_42
51_63
42
36
58_63
51
67
63
63
53_65
70
70
65
36_41_44_60_63_64_65_67_70_70_70
64
44
36
70
63
67
63
42
42
70
38_44_54_63_65_65_69_69
44
54
38
63
65
69
41
36_42_64_72
41
42
64
36
70
70
70
44_65_69_69_69
69
44
69
65
42_63
63
42
63
65
38_44_65_69
44
38
69
65
70
69
36_46
46
36
67
53_65
69
65
69
41
60_65
58_69
65
53
62
34_36_44_46_62_64_65_65_70_70_70_74
62
65_70
70
64
44
65
36_70
74
42
65
42
38_44_54_63_65_70_74
70
65
44
54
38
63
65
70
34_74
36_42_64_65
34
42
64
36
44_65_70_74
74
44
65
70
74
42_63
70
42
63
70
38_44_65_70_74
44
38
70
65
74
65
36_42
42
36
42
74
42
34
34_36_44_64_65_70_74
70
64
44
65
36_70
74
42
42
38_44_54_63_65_70_74
44
54
38
63
65
70
34_74
36_42_64
34
42
64
36
44_65_70_70_74
44
65
70
74
42_63
42
63
34
46
38_43_44_65_70_74
72
70
62
62
44
38
70
43
70
65
74
70
65
36_41_46
46
36
41
65
70
53
62
58
36_44_58_62_64_65_65_70_70_74_74_74
34
64
44
34
36
65_70
74
42
41
42
41
65_70
38_44_54_63_74
48
44
54
38
63
48
70
74
65
36_42_64_72
53_53_65
46
42
64
36
70
70
44_65_74
44
70
65_74
42_63
62_62_74
42
63
46
43_65
38_44_70
74
44
38
43
74
70
65
53_53_65
62_62_74
36_42
41
51_51_63
42
36
41
65_70
34_36_44_64
74
64
44
70
36
74
65
34
41_42
60_60_72
42
41
65_70
38_44_54_63_74
48
51_51_63
44
54
38
63
48
65
70
74
60_60_72
36_42_46_50_50_62_64
42
64
36
70
44_65_74
44
70
74
65
42_63_70
42
63
46
43
38_44
65_70_74
44
38
72
43
74
65_70
41
36_46
46
36
50_50_62
65_70
58
41
62_74
55_57_60
36_44_64_65_69_72
31
69
72
74
64
44
31
36
69
72
65
42
38
42
38
38_44_54_63
65
45_69
72
44
54
38
63
45
72
69
72
65
69
72
70
55
57
60
36_42_55_58_62_64
43
70
74
42
64
36
74
44_67_70
44
67_70
74
42_63
42
63
43
41
38_44
67_70_74
44
38
41
67_74
70
36_42
38
42
36
38
70
31_36_44_64_67_74
64
44
36
67_70
74
31
38_42
42
38
67_70
38_44_54_63_74
45
44
54
38
63
45
74
67_70
36_42_43_64
42
64
36
44_70
67_74
44
70_74
67
42_63_70
42
63
43
41
38_44_70
67_74
44
38
67
74
41
74
70
38
36_46
46
36
62
38
55_58
74
70
55
60_63
36_44_64_74
36_70_75
67
75
70
64
44
70
36_67
75
36
42
43
42
72
43
70_75
67
38_44_54_63
50
44
54
38
63
50
70
67
75
36_42_55_55_64_67_72
48
42
64
36
67_70_75
44
44
70
75
67
42_63_63
63_75
42
63
48
70_75
46_67
38_44
44
38
46
70
67
75
55_55_67
63
63_75
36_42_53_53_65
43
42
36
43
67_70_75
36_36_44_64
64
44
36_70
75
67
36
42_43
62_62_74
42
53_53_65
43
70_75
67
38_44_54_63
50
44
54
38
63
50
67
70_75
62_62_74
36_42_48_64
51_51_63
42
64
36
60
75
63
74
67_70_74
44
58
62
44
70
74
67
42_60_60_63_72
65
42
63
70
48
46
38_44_70
67_74
44
38
72
70
74
67
51_51_63
50_50_62
36_46
46
36
60_60_72
46
58
62
55
70
74
36_44_53_55_60_64_65_70_72
29
67
72
72
64
44
70
36_65
72
50_50_62
29
42_58_58_70
36
42
36
38_44_54_63
65_70
43_72
44
54
38
63
43
72
65
70
58_58_70
36_42_64
41_48_48_60
42
64
36
62
44_65_70_72
44
70
72
65
42_63
57_57_69
65
62
42
63
65
41
38
38_44
70
65_72
48_48_60
67
44
38
70
67
65
72
38
36_42_67
41
57_57_69
42_69
67
36
42
42
55
41
67
65_69_69_72
29_36_44_64
57
64
44
69
67
36
65
69_72
29
66
67
36_42
65
42
66
36
65_69
38_44_54_63_72
43
65
44
54
38
63
43
72
65_69
61
36_41_42_64
62
42
61
64
36
65_72
44_69
44
69
72
65
41
46
42_63_70
62
42
63
46
38
38_44
65_69_72
44
38
72
38
65
69
72
70
41
36_46_53
46
36
60
53
53
72
57
69
41
36_44_58_62_64_65_65_70_70_74_74_74
34
64
44
34
36
65_70
74
42
41
42
41
65_70
38_44_54_63_72_74
48
44
54
38
70
63
48
70
74
65
36_42_64
53_53_65
46
42
64
36
70
44_65_74
44
70
65_74
42_63
62_62_74
42
63
46
43_65
38_44_70
74
44
38
43
74
70
65
53_53_65
62_62_74
36_42
41
51_51_63
42
36
41
65_70
34_36_44_64
74
64
44
70
36
74
65
34
41_42
60_60_72
42
41
65_70
38_44_54_63_74
48
51_51_63
44
54
38
63
48
65
70
74
60_60_72
36_42_46_50_50_62_64
42
64
36
70
44_65_74
44
70
74
65
42_63_70
42
63
46
43
38_44
65_70_74
44
38
72
43
74
65_70
41
36_46
46
36
50_50_62
65_70
58
41
62_74
55_57_60
36_44_64_65_69_72
31
69
72
74
64
44
31
36
69
72
65
42
38
42
38
38_44_54_63
65
45_69
72
44
54
38
63
45
72
69
72
65
69
72
70
55
57
60
36_42_55_58_62_64
43
70
74
42
64
36
74
44_67_70
44
67_70
74
42_63
42
63
43
41
38_44
67_70_74
44
38
41
67_74
70
36_42
38
60_65
42
36
38
70
31_36_44_64_67_74
64
44
36
67_70
74
31
38_42
42
38
67_70
38_44_54_63_74
45
44
54
38
63
45
74
67_70
36_42_43_64
65
42
64
36
44_70
67_74
44
60
70_74
67
42_63_70
42
63
43
41
38_44_70
67_74
44
38
67
74
41
74
70
38
36_46
46
74
36
62
38
55_58
74
70
55
60_63
36_44_64
36_70_75
67
74_75
70
64
44
70
36_67
75
36
42
43
42
72
43
70_75
67
38_44_54_63
50
44
54
38
63
50
70
67
75
36_42_55_55_64_67_72
48
42
64
36
67_70_75
44
44
70
75
67
42_63_63
63_75
42
63
48
70_75
46_67
38_44
44
38
46
70
67
75
55_55_67
63
63_75
36_42_53_53_65
43
42
36
43
67_70_75
36_36_44_64
64
44
36_70
75
67
36
42_43
62_62_74
42
53_53_65
43
70_75
67
38_44_54_63
50
44
54
38
63
50
67
70_75
62_62_74
36_42_48_64
51_51_63
42
64
36
60
75
63
74
67_70_74
44
58
62
44
70
74
67
42_60_60_63_72
70
42
63
48
46
38_44_70
67_74
44
38
70
74
67
51_51_63_72
50_50_62
36_46
46
36
60_60_72
46
58
62
55
70
74
36_44_53_55_60_64_65_70_72_72
29
67
72
64
44
70
36_65
72
50_50_62
29
42_58_58_70
36
42
36
38_44_54_63
65_70
43_72
44
54
38
63
43
72
65
70
58_58_70
36_42_64
41_48_48_60
42
64
36
44_65_70_72
44
70
72
65
42_48_63
57_57_69
42
63
41
38
38_44
70
65_72
48_60
44
38
70
65
72
38
57_69
36_42
41_46_58
46
57
42
36
42
42
55
41
67
65_69_69_72
29_36_44_64
57
64
44
36
58
65
69_72
29_46
46
36_42
55_67
55
42
36
65_69
38_44_54_63_72
43
44
54
38
63
43
72
65_69
67
55
55
36_41_42_64
45_57
45
42
64
36
65_72
44_69
44
69
72
65
41
46
42_45_63_74
53_65
53
42
63
46
38
38_44
65_69_72
44
38
72
38
65
69
72
70
45_57
41
36_46
46
36
53_65
53
60
53
72
57
69
41
36_43_44_55_58_62_64_67_70_72_74_79
64
44
36
70
74
58
42_70
58
42
70
38_44_54_62_63_74
62
44
54
38
63
43
67
70
74
31
36_42_58_64
67
69
42
64
36
69
69
70
44_74
70
69
44
58
70
74
42_63
42
63
38_44_70_74
62
44
38
70
74
70
31
69
36_42_62
31
42
31
36
69
67
55
54_67
79
70
36_44_64_66_74_78
38
67
66
64
44
70
36_74
58
42
58
42
70
38_44_54_62_63_74
62
44
54
38
58
63
70
74
38
36_42_64
50
42
64
36
70
44_74
58
44
66
70
74
74
42_63
42
63
38_44_70_74
62
62
44
38
74
70
70
36_46
46
36
50
58_62
54
66
58
62_78
53
31_36_44_64_65_70_74_77
72
64
44
36_70_74
42_58
58
42
38_44_54_63_70_74
62_62
44
54
38
63
31
67
70_74
43_70
36_42_58_64
67_67
42
64
69
36
69
58_60
44_70_74
62
69
60
70
44
69
70
74
62
65
42_63
42
65
63
70
38_44_70_74
72
62
70
44
38
70
74
70
62
43
69
36_42
38
70
72
42
36
69
67
38
53
77
65
67
52_72
36_36_44_64_64_64_67_76
64
64
44
36
67
64_72
42_58_70
58
42
67
38_44_54_60_63_64_72
60
44
54
38
64
63
72
67
64
36
36_42_64
48
69
60_64
42
64
36
69
64
60
44_64_67_72
67
44
72
64
67
58_67
42_58_63
74
42
63
64
38_44_67_72
74
60
44
38
67
72
64
60
48
36
36_46
77
46
36
76
62
64
52_58
36
36_39_44_51_58_63_63_64_65_70_70
67_74
64
44
36
70
65
58
58
42_70
42
70
38_44_54_63_65
63
63
44
54
38
63
70
65
39
51
36_42_58_64
42
64
36
58
65_70
44_65
65
44
70
65
42_63_70
70
58
42
63
63
63
74
38_44_63_65_74
65
58
44
38
74
65
51
70
36_42
65
39
77
58
42
39
36
70
51
63_67
58_61
49_61
36_44_61_63_64_65_65
37
65_70_73
58_58_58
61_63
64
44
61
36_65
42_58
70
42
61
38_44_54_63_65
63
44
54
38
63
61
65
37
61
36_42_64
49
42
64
65
36_61
70
61
58
61
44_58_65_65_70
61_65
44
61
65
42_63
42
63
61
63
70
65
61_65_70
38_44_61_65
63
65
44
38
67
65
61
58
36_46
70
46
65
49
36
61
61
70
49
70
65
63
58_61
60
65_70
36_36_44_58_60_64_65_65_65_70_70_74
48
64
44
36_65_70
42
72
42
70
60
70
65
38_44_54_60_63_65_65_65_70_70
74
44
54
38
63
36
65_70
48
36_42_64
42
64
36
70
60
70
44_60_65_65_65_70_70
65
72
70
44
65
70
42_63
70
72
42
70
63
70
48
60
65
38_44_60_65_65_70_70
45
67
65
44
38
45
70
65
58
65
36_42
43
65
67
42
36
65
43
65
65
60
70
60
72
36_36_44_64_64_64_64_65_67_70_72
60
62_64_67_72
60
64
44
36
67
64_72
62
61
42
42
60
61
59
60
72
58_64
59
67
64_67
38_44_54_60_63_64_64_67_72_72
58
60
44
54
38
60
58
63
72
67
64
36_42_60_64
58
42
64
36
67
64
72
58
44_64_65_67_72_72
70
64_65
44
58
72
64
67
65
42_63
42
63
48
65
60
64_67
67
64
38_44_60_67_72
72
44
38
67
72
64
60
65_67
36_46
46_64
65
60
58
36
67
72
64
36
64_72
34_36_44_53_58_58_62_64_65_65_70_70_70_74_74
62
74
64
44
36
70
74
42
42
72
38_44_54_63_70_74
58
70
44
54
38
63
34
74
70
46
36_42_64
42
64
36
60
44_70_74_74
58
44
53
70
74
74
42_63_72
42
63
72
58
38_44_70_70_74
44
38
60
74
70
65
72
36_42
53
70
58_74
42
62_72
36
58
62
74
58
46
56_65
56_65
36_44_44_64_70_72_72
74
70
64
44
36_70_72
42
70
42
38_44_54_63_70_72
58
44
54
38
63
70_72
44
36_42_64
44
42
64
36
53
44_60_70_72
58
44
70_72
70
53
42_63
74
42
63
38_44_58_70_72
53
60
44
38
74
72
70
65
36_46_56
46
36
56
44
65
65
70_72
58
31_36_44_64_68_72
55_60_65_72
65
58
72
65
60
64
44
36
68
72
42
53
42
38_44_54_60_63_68_72
44
54
38
63
31
72
68
53
43
36_42_64
42
64
36
61
68
44_68_72
53_72
62
61
44
72
68
62
42_62_63
58
58
42
58
62
63
60
43
60
38_41_44_68_72
59
44
38
41
72
68
36_38_42
71
60
59
67
42
36
67
65
60
68
55
72
72
38
59
53
55_60_71
59_65
31_36_44_64
67
53
65_71
71
64
44
36
65
71
42
42
38_44_54_59_63_65_71
67
53
44
54
38
63
65_71
31
36_42_64
53
42
64
36
67
44_65_71
43
44
53
71
65
43
71
53
42_63_74
62_67
59
42
63
38
62
67
38_44_65_71
38
65
44
38
62_67
74
59_71
65
62
67
31
36_46
53
46
36
65
59
70
67
58
65_71
55_63
31
55_55_67
55
36_44_63_63_64_67_70
67
39_74
51_63
64
44
70
67
36
63
42
42
67
38_44_54_63_63_67_70
63
44_55
67_70
54
38
63
70
67
63
36_42_64_65_70
55
70
42
64
36
44_63_67_70
65
44
70
70
63
67
65
63
42_63_67_70
72
42
63
55
70
67
38_44_63_67_70
63
44
38
65_70
67
63
67
36_42
51_63
42
36
58_63
39
67
63
53_65
70
70
65
36_41_44_60_63_64_65_67_70_70
63
64
44
36
70
63
67
65
42
42
69
38_44_54_63_65_65_69
44
54
38
63
65
69
36_42_64_72
42
64
36
70
70
70
44_65_69_69_69
69
44
69
65
42_63
42
63
38_44_65_69
44
38
69
65
70
36_46
46
36
67
53_65
65
69
69
65
41
69
60
58_69
65
53
62
34_36_44_46_62_64_65_65_70_70_70_74
62
65_70
70
64
44
65
36_70
74
65
42
42
70
38_44_54_63_65_70_74
65
44
54
38
63
65
70
34_74
65
36_42_64
34
42
64
36
44_65_70_74
44
65
65
70
74
65
42_63
70
42
63
34
32
38_44_65_70_74
70
65
44
38
70
65
74
32
36_42
65
27
42
36
42
27
42
34_36_44_64_65_70_74
64
44
65
65
36_70
74
42_65
70
42
38_44_54_63_65_70_74
70
65
44
54
38
63
65
70
34_74
36_42_64
34
65
42
64
36
44_53_58_62_65_70_74
44
65
70
74
42_63
42
63
34
46
34_38_44_65_70_74
70
62
62
44
38
70
65
74
70
65
36_46
46
70
65
36
65
70
34
36_39_51_51
60_65_65
70
70
51
36
44
58
44
37_51_63_70
63
51
37
63
39
39
36_44_51
65
74
36
44
58
51
51
63
44_63
72
70
44
58
37_51_70
70
65
37_51
72
63
51
44
58
70
44
72
39
60
41
36_51
51
36
51
69
44_65
70
44
65
60
67
60
37_51_70
51
37
41
41_44
69
44
72
51
74
72
51
65
44
77
74
70
77
44
65
71
37_51_70
72
71
51
37
60_70
44
44
65
70
60
74
72
69
41
72
60_70
70_74
36_36_51_55_60_65_70
72
51
36
44
70
44
37_51_60_70
51
37
67
60
36_44_48
60
67
36
44
74
51
51
44
70
55
44
37_51_70_72
37_51
70
60
36_44
36
44
36
67
48
32_36_51
72
36
51
70
44_53
44
37_51_58_70
51
37
44_44_65
44_70
65
51
67
65
51
53
44
53
70
44
68
67
70
68
67
37_51_65_70
58
67
51
37
44
32
58_58
32
57_60
36
36
53
32
57
65
60_65_70
70
36_39_49_51
60_65_65
70
70
49
36
44
58
44
37_51_70
63
51
37
39
74
39
36_44_51
65
36
44
58
51_79
51
77
63
44_63
70
44
77
58
37_51_70
65
74
37_51
63
51
44
79
58
44
39
60
41
36_51_65
51
36
51
44_65
70
44
60
60
37_51_70
51
37
77
41
41_44_79
69
44
72
51
51
65
44
70
44
65
70
37_51_70
72
51
70
37
60_70
44
44
72
65
70
60_73
69
41
72
60_70
73
36_36_51_55_60_65_70_70
72
51
36
44
70
44
37_51_60_70
51
37
60
36_44_48
60
67
36
44
79
51
51
79
44
70
55
44
37_51_70
37_51
60
36_44_74
36
44
36
48
32_36_51
51
70
36
51
70
44_58
70
44
37_51_65_70
51
37
65
70
44_44_65
82
44
51
51
44
70
44
70_70
51
37_51_70
51
37
44_60
44
70
36_51_72_72
51
36
65_70
65_82
70
62
65
70
65
70
62
70
65
77
62_65_70
70
65
58_65_72
72
32_44_60_65_70_70
65
62
70
36_44_58_62_64_65_65_70_70_70_74_74
34
64
44
34
36
65_70
74
42
41
58
42
58
41
65_70
38_44_54_63_74
48
44
54
38
63
48
70
74
65
58
36_42_64
72
46
42
64
74
36
58
70
44_65_74
44
70
65_74
42_63
42
63
46
43_65
38_44_70
74
44
38
43
74
70
65
36_42_58_63
41
53
42
36
41
63
65_70
34_36_44_64
74
62
64
44
70
36
74
65
34
41_42
58
42
58
41
65_70
38_44_54_63_74
48
53
44
54
38
63
48
65
70
74
36_42_46_64
58
42
58_64
62
36
58
54_70
44_65_74
66
55
67
66
54
44
70
74
65
58
42_63_70_74
67
55
70
42
58
63
46
43
38_44
65_70_74
44
38
75
43
74
65_70
41
36_46
46
36
65_70
58
41
62_74
55_57_60
36_44_64_65_69_72
31
69
72
77
64
44
31
36
69
72
65
42_58
38
42
58
38
38_44_54_63
65
45_69
72
44
54
38
63
45
72
69
65
69
72
55
57
60
36_42_55_58_58_62_64
43
70
74
74
42
64
36
72
58
74
44_67_70
70
44
67_70
74
42_63
42
63
43
41
38_44
67_70_74
44
38
41
67_74
70
36_42
38
42
36
38
70
31_36_44_64_67_74
64
44
36
67_70
74
31
38_42_58
42
58
38
67_70
38_44_54_63_74
45
44
54
38
63
45
74
67_70
36_42_43_58_64
42
64
36
58
54
44_70
66_67_74
55
67
66
54
44
70_74
67
58
42_63_70_74
67
55
70
42
58
63
43
41
38_44_70
67_74
44
38
67
77
41
74
70
38
36_46
46
36
62
38
55_58
74
70
55
60_63
36_44_60_64_75
36_70_75
67
75
70
72
64
44
70
36_67
75
36
42_60
43
42
60
43
70_75
67
38_44_54_63
50
44
54
38
63
50
70
67
75
36_42_60_64
48
42
64
36
60
67_70_75
44
44
70
75
67
61
42_63
62
42
61
63
48
70_75
46_67
38_44
44
38
62
46
63
70
67
75
65
36_42
43
63
42
36
43
67_70_75
36_36_44_64
63_65
64
44
36_70
75
67
36
42_43_58
42
58
43
70_75
67
38_44_54_63
50
44
54
38
63
50
67
70_75
36_42_48_58_64
42
64
36
60
75
58
63
74
67_70_74
44
58
62
44
70
74
67
42_63
70
42
63
79
63
48
46
38_44_70
67_74
44
38
70
74_77
67
36_46
46
36
60
72
46
58
62
55
70
74
36_44_53_53_57_60_60_64_65_69_70_72
29
65
72
65
64
44
70
36_65
72
29
42_58
36
77
42
58
36
38_44_54_63
65_70
43_72
44
54
38
63
43
72
65
70
36_42_58_64
41
53
42
64
36
58
44_65_70_72
44
70
72
65
42_63
42
63
41
38
38_44
70
65_72
44
38
70
65
72
38
36_42
41
42
36
42
42
57
41
65
65_69_69_72
29_36_44_64
57
64
44
36
65
69_72
29
36_42_58
42
58
36
65_69
38_44_54_63_72
43
44
54
38
63
43
72
65_69
36_41_42_58_64
42
64
36
58
65_72
44_69
44
69
72
65
41
46
42_63_82
42
63
46
38
38_44
65_69_72
44
38
79
38
65
69
72
53
77
41
36_46
46
36
60
53
65
60
53
72
57
69
41
36_44_58_62_64_65_65_69_70_70_70_74_74_74
34
79
64
44
77
34
36
65_70
74
42
41
58
42
58
41
65_70
38_44_54_63_74
48
70_74
44
54
38
63
77
48
70
74
65
58
36_42_64_70_74
46
74
42
64
36
72
58
70
44_65_74
70
44
72
70
65_74
70_74
72
42_63
70
42
63
46
43_65
38_44_70
74
44
38
43
70
74
70
65
36_42_58_63
41
53
42
36
41
63
65_70
34_36_44_64
74
62
64
44
70
36
74
65
34
41_42
58
42
58
41
65_70
38_44_54_63_74
48
53
44
54
38
63
48
65
70
74
36_42_46_64
58
42
58_64
62
36
58
54_70
44_65_74
66
55
67
66
54
44
70
74
65
58
42_63_70_74
67
55
70
42
58
63
46
43
38_44
65_70_74
44
38
77
43
74
65_70
41
36_46
46
36
65_70
58
41
62_74
55_57_60
36_44_64_65_69_72
31
69
72
79
64
44
31
36
69
72
65
42_58
38
42
58
38
38_44_54_63
65
45_69
72
44
54
38
63
45
72
69
65
69
72
55
57
60
36_42_55_58_58_62_64
43
70
74
74
42
64
36
72
58
74
44_67_70
70
44
67_70
74
42_63
42
63
43
70
41
38_44
67_70_74
70
72
44
38
41
67_74
70
36_42
38
72
70
42
36
38
70
31_36_44_64_67_74
64
44
36
67_70
74
31
70
38_42_58
42
58
38
67_70
38_44_54_63_74
45
65
67
65
44
54
38
63
45
74
67_70
36_42_43_58_64
67
65
42
64
36
58
54
44_70
66_67_74
55
67
66
54
44
70_74
67
65
58
42_63_70_74
67
55
70
42
58
63
43
41
38_44_70
67_74
44
38
67
77
41
74
70
38
36_46
46
36
62
38
55_58
74
70
55
60_63
36_44_60_64_67_72_77
36_70_75
67
75
70
72
64
44
70
36_67
75
36
42_60
43
42
60
75
43
70_75
67
38_44_54_63
50
44
54
38
63
50
70
67
75
77
36_42_60_64
48
42
64
36
60
67_70_75
44
44
70
75
67
42_63
42
63
48
70_75
46_67
38_44
44
38
46
70
67
75
36_42
43
42
36
43
67_70_75
36_36_44_64
64
44
36_70
75
67
36
42_43_58
42
58
43
70_75
67
38_44_54_63
50
44
54
38
63
50
67
70_75
36_42_48_58_64
42
64
36
60
75
58
63
74
67_70_74
44
58
62
44
70
74
67
42_63
74
42
63
48
46
38_44_70
67_74
67
72
44
38
70
74_77
67
36_46
46
36
60
72
46
58
62
55
70
74
36_44_53_53_57_60_60_64_65_69_70_72
29
65
72
77
65
64
44
70
36_65
72
29
42_58
36
42
58
36_79
38_44_54_63
65_70
43_72
81
44
54
38
63
43
72
65
70
36_42_58_64
41
53
42
64
36
58
44_65_70_72
44
70
72
65
42_63
42
63
41
38
38_44
70
65_72
44
38
70
65
72
38
36_42
41
42
36
42
42
57
41
65
65_69_69_72
29_36_44_64
57
64
44
36
65
69_72
29
36_42_58
42
58
36
65_69
38_44_54_63_72
43
44
54
38
63
43
72
65_69
36_41_42_58_64
42
64
36
58
65_72
44_69
44
69
72
65
41
46
42_63_74
42
63
46
38
38_44
65_69_72
44
38
77
38
65
69
72
53
41
36_46
46
36
60
53
65
60
53
72
57
69
41
36_43_44_55_58_62_64_67_69_70_74_79
70_79
74
64
44
36
70
74
42
58
42
74
70
38_44_54_63_74
62
44
72
54
38
63
43
67
70
74
70
31
36_42_58_64
67
79
69
42
64
36
69
69
70
44_74
70
69
44
70
74
42_63
42
63
38_44_70_74
44
38
70
74
70
31
69
36_42_62
31
42
31
36
69
67
55
54_67
79
70
36_44_64_66_74_78
38
67
66
64
44
70
36_74
42
58
42
70
38_44_54_63_74
62
44
54
38
58
63
70
74
38
36_42_64
50
42
64
36
70
44_74
44
66
70
74
79
42_63
42
79
63
38_44_70_74
62
44
38
74
70
79
36_46
46
36
50
58_62
54
66
58
62_78
53
31_36_44_64_65_70_74_77
72
64
44
36_70_74
42
58
42
38_44_54_63_70_74
62
44
54
38
63
31
67
70_74
43_70
36_42_58_64
67_67
42
64
69
36
69
44_70_74
69
70
44
69
70
74
42_63_72
42
63
72
38_44_70_70_74
44
38
70
70
74
70
62
43
69
36_42_72
38
42
74
36
69
70
67
38
53
64_72
77
65
67
52_72
36_36_44_64_64_64_67_76
64
64
44
36
67
64_72
42_72
58_70
42
70
67
38_44_54_63_64_72
60
70
44
54
38
64
63
72
67
64
36
36_42_64
48
69
60_64
42
64
36
69
64
60
44_64_67_72
67
44
64
72
64
67
67
72
70
42_58_63
74
84
42
63
64
38_44_67_72
74
44
38
67
72
64
60
48
36
36_46
77
46
36
76
62
64
52_58
36
36_39_44_58_63_63_64_65_67_70
67_74
82
84
64
44
36
70
65
58
58
42_70
42
70
38_44_54_63_65
63
63
44
54
38
63
70
65
39
51
36_42_64
42
64
36
58
65_70
44_65
65
44
70
65
42_63_70
70
58
42
63
63
63
38_44_63_65_74
65
44
38
74
65
51
70
36_42
65
39
58
42
39
36
67
70
63
63_67
58_61
61
36_44_61_64_65_65
37
65_70
58_58_58
63
61
65
64
44
61
36_65
42_58_77
42
82
61
38_44_54_63_65
63
44
54
38
63
79
82
61
65
37
63
36_42_64
49
65
63
42
64
65
36_61
70
58
61
44_65_65_70
61_65
65
44
61
65
42_63
58
42
58
63
77
61
63
70
65
61_65_70
38_44_61_65
58
63
65
82
44
38
65
61
79
36_46
46
65
36
61
77
65
61
49
58
70
65
63
58_61
60
36_36_44_58_60_64_65_65_65_70_70
58_65_82
64
44
36_65_70
42
82
42
60
70
65
79
38_44_54_60_63_65_65_65_70_70
44
54
38
63
36
65_70
48
36_42_64
63
65
42
63
64
36
70
60
44_60_65_65_65_70_70
65
65
44
65
70
42_63
58
42
58
63
70
48
60
38_44_60_65_65_70_70
45
65
44
38
45
70
65
58
65
36_42
43
65
64
42
36
65
43
65
58
65
70
60
64
72
36_36_49_64_64_64_67
60
64_67_72
64
49
36
67
64_72
42
42
72
64
67
64_67
38_44_54_63_64_64_67_72_72
60
44
54
38
63
72
67
64
64
36_42_64
64
42
64
36
67
64
72
70
44_64_65_67_72_72
62
70
64_65
64
62
44
70
72
64
67
65
42_63
67
64
42
67
63
65
64_67
67
64
38_44_67_72_72
72
69
44
38
67
72
64
72
65_67
69
36_46
67
46_64
65
60
58
36
67
72
64_67
36
34_36_44_53_58_58_62_64_65_65_70_70_70_74_74
70
62
74
64
44
36
70
74
42
42
72
38_44_54_63_70_74
58
70
44
54
38
63
34
74
70
70
46
36_42_64
70
67_75
42
64
36
70
75
67
60
44_70_74_74
58
70_74
44
53
70
74
74
42_63_72
42
63
72
58
38_44_70_70_74
74
70
44
38
60
74
70
65
72
36_42
53
70
58_74
42
62_72
36
58
62
74
58
46
56_65
56_65
36_44_44_64_70_72_72
74
70
64
44
36_70_72
42
70
42
38_44_54_63_70_72
58
44
54
38
63
70_72
44
36_42_64
44
42
64
36
53
44_60_70_72
58
44
70_72
70
53
42_63
74
42
63
38_44_58_70_72
53
60
44
38
77
72
70
65
36_46_56
46
36
56
44
65
65
70_72
58
31_36_44_64_68_72
55_60_65_72
65
58
79
65
60
64
44
36
68
72
42
53
42
38_44_54_60_63_68_72
44
54
38
63
31
72
68
53
43
36_42_64
42
64
36
74
68
44_68_72
53_72
75
74
44
75
72
68
75
42_62_63
58
42
75
62
63
60
43
60_73
38_41_44_68_72
74
73
44
38
41
72
68
36_38_42
60
42
36
74
65
60
55
72
38
59
53
55_60_71
59_65
31_36_44_64_79
67_68
53
65_71
71
72
72
64
44
36
65
71
42
72
71
42
71
38_44_54_59_63_65_71
68
53
44
54
38
63
65_71
31
36_42_64
68
53
67
42
64
36
67
44_65_71
43
44
53
71
65
43
71
53
42_63_79
62_67
59
42
63
38
62
67
38_44_65_71
67
38
65
44
38
62_67
79
59_71
65
62
67
31
36_46
53
46
36
65
59
70
67
58
65_71
55_63
31
55_55_67
55
36_44_63_63_64_67_70
67
39_77
51_63
64
44
70
67
36
63
42
42
38_44_54_63_63_67_70
63
44_55
67_70
54
38
63
70
67
63
36_42_64_65_70
55
70
42
64
36
44_63_67_70
65
44
70
70
63
67
65
63
42_63_67_70
72
42
63
55
70
67
38_44_63_67_70
63
44
38
65_70
67
63
67
36_42
51_63
42
36
58_63
39
67
63
53_65
70
70
65
36_41_44_60_63_64_65_67_70_70
63
64
44
36
70
63
67
65
42
42
69
38_44_54_63_65_69
44
54
38
63
65
69
36_42_64
42
64
36
70
70
70
44_65_69_69_69
69
44
69
65
74
42_63
42
63
38_44_65_69
44
38
69
65
75
36_46
46
36
53_65
65
69
69
65
41
69
60
58_69
65
53
62
36_43_44_58_62_64_67_67_70_74
67
67_70
55_62
77
64
44
67
36_70
74
58
42
42
62
38_44_54_63_67_70_74
58
44
54
38
63
67
70
74
74
58
36_42_64
42
72
64
36
44_65_67_70_74
44
58
67
70
74
42_58_63
70
62
42
65
63
38_44_67_70_74
62
44
38
70
67
58_74
36_42
58
42
36
42_67_67_67
43
42
62_62
58_58
55
36_42_44_54_58_64_66_69_69_69_70_74
62
64
44
58
66
36_70
74
42_58
62
42
38_44_54_63_66_70_74
62
44
58
54
38
63
66
70
74
36_42_64
58
42
64
36
44_53_58_62_66_70_74
66
44
66
58
70
74
74
42_63
58
62
42
66
63
38_44_66_70_74
62
44
38
70
66
74_75
62
58
36_46
58
46
54
36
69
69
69
70
42
36_39_44_55_58_63_64_67_67_70_70
70_77
67
64
44
58
67
36_70
58
42
62
42
63
38_44_54_63_67_70
58
44
54
38
63
67
67
70
70
58
36_42_64
63
67
72
42
64
36
44_65_67_70
62
44
63
67
58
67
70
62
42_58_63
65
70
63
67
63
42
65
65
63
38_44_67_70_70
63
72
70
44
38
63_67
70
67
58
42
58
39
42
67
63
42
55_58
70
42
36_41_44_57_60_64_65_69_72
64
44
58
69
36_72
42_65
63
42
65
38_44_54_63_69_72
69
44
65
54
38
63
69
72
42_64
65
72
42
64
72
36
73
72
73
36
44_69_72
70
72
44
69
72
36_42_63
42
63
36
38_44_69_72
44
38
69
72
36_46_69_70
65
57
60
46
36
70
65_67
41
34_36_44_46_50_53_53_58_58_64_65_70_74
70
65
46_70
64
44
65
36_70
74
42
65
42
38
38_38
38
38
38
38
38
62_70
38_44_54_63_65_70_74
74
70
34
44
54
38
63
70
50
58_65
53_70
74
62
74
70
34_36_42_50_53_58_64
70
42
64
36
44_65_70_74
62_70_74
44
65
70
74
42_63
74
70
42
62
63
55
72
38_44_65_70_74
53
50
44_58
38
70
65
74
72
67
36_42_51
65_70
53
58
34
42
53
36
53
55
51
67
70
34_36_44_50_64_65_70_74_74
70
64
44
65
36_70
74
42
70
42
74
70
74
70
38_44_54_63_65_70_74
34
44
54
38
63
70
65
70
74
74
53
58
70
34_36_42_64_74
50
42
64
36
74
70
44_65_70_74
44
65
70
74
61
58
42_55_63_63
62
61
42
63
58
63
55_62
34_38_44_60_65_70_74
31
44
38
58_63
70
55
31_65
74
60
36_46
58
27
46
36_46
53
58
27
34_36_44_46_46_50_53_53_55_58_58_58_63_64_65_65_70_70_74
65
46_70
64
44
65
36_70
74
42
65
42
58
62_70
38_44_54_63_65_70_74
74
70
34
44
54
38
63
70
50
58_65
53_70
74
62
74
70
34_36_42_50_53_58_64
70
42
64
36
44_65_70_74
62_70_74
44
65
70
74
42_63
74
70
42
62
63
55
72
38_44_65_70_74
53
50
44_58
38
70
65
74
72
67
36_46_51
65_70
53
58
34_69
46
70
53
36
69
53
55
51_70
67
34_36_44_50_64_65_70_74_74
70
64
44
65
36_70
74
42
70
42
74
70
74
70
38_44_54_63_65_70_74
34
44
54
38
63
70
65
70
74
74
53
58
70
34_36_42_64_74
50
42
64
36
74
70
44_65_70_74
44
65
70
74
70
42_63
82
42
70
63
34_45_46_65_70_74
31
46
45
73
70
67
65
74
74
46
53
67
58
31
65
34_36_37_42_46_56_61_61_64_65_65_65_70_70_70_70_73
42
64
34
65
36
70
73
37
32_42
42
32
65_70
34_37_42_54_63_65_70_73
73
56
42
54
63
65
37
70
73
65
73
34
70
42_64
70
42
64
37_42_65_70_73
65_70_73
37
42
65
70
73
42_63_70
73
70
42_65
63
63
72
34_37_42_65_70_73
42
37
70
65
73
34
72
61
32_46
70
46
63
32
56
61_70
34_36_37_42_64_65_70_73_73
65
42
64
37
36
65
70
73
34
42
65
73
42
73
65
37_42_54_63_65_70_73
42
37
54
63
65
65
70
73
73
65
34_42_64_73
42
64
73
65
37_42_65_70_73
64
65
64
42
37
34_65
70
73
65
32_42_63
80
65
42
65
63
63
56_61_61
61
32
63
63_70
63
63
34_37_42_61_65_70_73
63
58
42
37
70
65_73
73
34
36_37_46
63
46
63
70
36
37
63
63
63
58
34_36_37_42_56_61_63_64_65_70_73
70
64
42
64
63
34_61
64_65
36
70
73
63
37
56
61
32_42_61
61_61
42
32
68
65_70
34_37_42_54_63_65_70_73
73
42
54
63
65
37
70
73
65
73
34
70
42_64
61
70
42
64
56
37_42_65_70_73
65_70_73
37
42
65
70
73
29_42_63
73
73
70
42_65
29
63
63
72
34_37_42_65_70_73
42
37
70
65
73
34
72
61
32_46
70
46
63
32
61_70
34_36_37_42_64_65_70_73_73
65
42
64
37
36
65
70
73
34
42
65
73
42
56
73
65
37_42_54_63_65_70_73
42
37
54
63
65
65
70
73
73
65_80
34_42_64_73
42
64
73
65
37_42_65_70_73
42
37
34_65
70
73
32_42_63
80
42
63
56_56_61
32
63_70
34_37_42_65_70_73
58
63
42
80
37
70
65_73
73
34
36_37_46
46
63
70
36
37
58_63
34_36_37_42_56_61_61_64_64_69_70_72
42
64
72
64_69
65_70_73
34
36
37
32_42
42
70
65
73
32
65_70
34_37_42_54_63_65_70_73
73
56
42
54
63
65
37
70
73
65
73
34
70
42_64
70
42
64
37_42_65_70_73
65_70_73
37
42
65
70
73
42_63_70
73
70
42_65
63
63
72
34_37_42_65_70_73
42
37
70
65
73
34
72
61
32_46
70
46
63
32
56
61_70
34_36_37_42_64_65_70_73_73
65
42
64
37
36
65
70
73
34
42
65
73
42
73
65
37_42_54_63_65_70_73
42
37
54
63
65
65
70
73
73
65
34_42_64_73
42
64
73
65
37_42_63_65_70_73
65
63
42
37
34_65
70
73
32_42_63
80
64
42
65
63
63
56_61_61
64
32
61
63
63_70
63
34_37_42_64_65_70_73
63
58
61
42
37
58
70
64
65_73
73
34
58
63
36_37_46
46
63
63_70
36
37
63
63
58
34_36_37_42_56_61_63_64_64_69_72
70
64
42
64
63
72
64_69
65_70_73
34_61
64
36
37
56
32_42_61
61_61
42
65_70
73
65_70_73
32
73
65_70
68
65_70
34_37_42_54_63_65_70_73
73
42
54
63
65
37
70
73
65
73
34
70
42_64
70
42
64
56
37_42_65_70_73
65_70_73
37
42
65
70
73
29_42_63
73
73
70
42_65
29
63
63
72
34_37_42_65_70_73
42
37
70
65
73
34
72
61
32_46
70
46
63
32
61_70
34_36_37_42_64_65_70_73_73
65
42
64
37
36
65
70
73
34
42
65
73
42
56
73
65
37_42_54_63_65_70_73
42
37
54
63
65
65
70
73
73
65
34_42_64_73
42
64
73
65
37_42_65_70_73
42
37
34_65
70
73
32_42_63
80
42
63
56_56_61
32
63_70
34_37_42_65_70_73
58
63
42
37
70
65_73
73
34
36_37_46
46
63
70
36
37
58_63
34_36_37_42_56_61_61_64_64_69_70_72
42
64
72
64_69
65_70_73
34
36
37
32_42
42
70
65
73
32
65_70
34_37_42_54_63_65_70_73
73
56
42
54
63
65
37
70
73
65
73
34
70
42_64
70
42
64
37_42_65_70_73
65_70_73
37
42
65
70
73
42_63_70
73
70
42_65
63
63
72
34_37_42_65_70_73
42
37
70
65
73
34
72
61
32_46
70
46
63
32
56
61_70
34_36_37_42_64_65_70_73_73
65
42
64
37
36
65
70
73
34
42
65
73
42
73
65
37_42_54_63_65_70_73
42
37
54
63
65
65
70
73
73
65
34_42_64_73
42
64
73
65
37_42_63_65_70_73
65
63
42
37
34_65
70
73
32_42_63
80
64
42
65
63
63
56_61_61
64
32
61
63
63_70
63
34_37_42_64_65_70_73
63
58
61
42
37
58
70
64
65_73
73
34
58
63
36_37_46
46
63
63_70
36
37
63
63
58
34_36_37_42_56_61_63_64_64_69_72
70
64
42
64
63
72
64_69
65_70_73
34_61
64
36
37
56
32_42_61
61_61
42
65_70
73
65_70_73
32
73
65_70
68
65_70
34_37_42_54_63_65_70_73
73
42
54
63
65
37
70
73
65
73
34
70
42_64
70
42
64
56
37_42_65_70_73
65_70_73
37
42
65
70
73
29_42_63
73
73
70
42_65
29
63
63
72
34_37_42_65_70_73
42
37
70
65
73
34
72
61
32_46
70
46
63
32
61_70
34_36_37_42_64_65_70_73_73
65
42
64
37
36
65
70
73
34
42
65
73
42
56
73
65
37_42_54_63_65_70_73
42
37
54
63
65
65
70
73
73
65_80
34_42_64_73
42
64
73
65
37_42_65_70_73
42
37
34_65
70
73
32_42_63
79
42
63
56_56_61
32
63_70
38_42_65_70_73
46_58
63
46
42
80
38
44_70
65_82
73
44
41
36_46
46
63
70
36
41
58_63
34_36_44_54_56_61_61_64_68_69_72
85
65
54
44
72
54_64_69
65_70_73
34
36
54
32_42
54
54
42
82
70
54_65
73
32
54
53_65_70
34_38_44_53_65_70_73
73
54
54
44
38
54
65
70
73
65
54
73
34
70
22_36_42
54
22
54
42
36
54
54
22_44_65_70_73
65_70_73
54
22
54
44
54
65
70
73
54
42
54
53
73
54_70
42
65
54
54
53
63
72
34_38_44_55_55_65_70_73
54
55
55
54
44
38
54
70
65
73
34
54
72
56_61
32_36_42
70
54
56
42
54
36
42
54
63
32
42
54
61_70
34_36_44_54_65_70_73_73
65
54
44
54
65
36_70
73
54
34
22_42
54
54
22
65
42
73
54
54
56
73
65
22_38_44_65_70_73
54
56
22
54
44
38
54_61
65
65
70
73
73
54
65
53_65
34_36_42_73
54
54
53
65
42
36
56_61
54
73
65
54
68
63
68
70
44_58_63_65_70_73
56
54
54
44
54
34_65
70
73
54
32_42
54
54
42
54
32
54
68
34_38_44_65_70_70_73
54
58
56
54
44
38
54
58_70
65
73
34
70
54
36_37_46
54
63
58
46
54
36
65
54
37
54
63
68
34_36_44_54_56_61_61_64_69_72
70
65
54
44
72
54_64_69
65_70_73
34
36
54
61
32_42_73
54
54
42
65_70
73
73
65_70_72_73
54
61
60
32
54
60
61_72
73
73
65_70
65_70
34_38_44_65_70_73
73
54
73
54
44
61
38
54
65
70
73
65
54
73
34
70
22_36_42
54
22
54
42
36
54
54
22_44_65_70_73
65_70_73
54
22
54
44
54
65
70
73
54
42
54
65
53
73
54_70
42
53
65
65
54
54
63
68_72
56
34_38_44_65_70_73
54
54
44
38
54
70
65
73
34
54
72
61
32_42
70
54
68_70
58
56
42
54
42
54_70
63
32
42
58
54
61_70
34_36_44_54_65_70_73_73
65
54
44
54
65
36_70
73
54
34
22_42
54
54
22
65
42
73
54
54
73
65
22_38_44_65_70_73
54
22
54
44
38
54
65
65
70
73
73
54_61
70
65
56
34_42_73_82
54
54
42_56
70
82
36_56_61
54
73
65
54
68
36
70
44_58_63_63_65_70_73
54
54
44
54
34_65
70
73
54
32_36_42
54
54
42
36
54
32
54
34_38_44_65_70_73
54
54
44
38
54
70
65
73
34
54
36_37_46
54
63
58
46
54
36
65
63
70
54
37
54
34_36_44_54_56_61_61_68
65
54
44
54
34
36
54
32_42
54
54
42
54
32
54
53_65_70
34_38_44_53
73
54
54
44
38
54
65
54
73
34
70
22_36_42
54
22
54
42
36
54
54
22_44
65_70_73
54
22
54
44
54
54
42
54
53
73
54_70
42
65
54
54
53
63
72
34_38_44_55_55
54
55
55
54
44
38
54
34
54
72
56_61
32_36_42
70
54
56
42
54
36
42
54
63
32
42
54
61_70
34_36_44_54_73
65
54
44
54
36
54
34
22_42
54
54
22
65
42
73
54
54
56
73
65
22_38_44
54
56
22
54
44
38
54_61
65
73
54
65
53_65
34_36_42_73
54
54
53
65
42
36
56_61
54
73
65
54
68
63
68
70
44_58_63
56
54
54
44
54
34
54
32_42
54
54
42
54
32
54
68
34_38_44_70
54
58
56
54
44
38
54
58
34
70
54
36_37_46
54
63
58
46
54
36
65
54
37
54
63
68
34_36_44_54_56_61_61
70
65
54
44
54
34
36
54
61
32_42_73
54
54
42
73
72
54
61
60
32
54
60
61_72
73
65_70
34_38_44
73
54
73
54
44
61
38
54
65
54
73
34
70
22_36_42
54
22
54
42
36
54
54
22_44
65_70_73
54
22
54
44
54
54
42
54
65
53
73
54_70
42
53
65
65
54
54
63
68_72
56
34_38_44
54
54
44
38
54
34
54
72
61
32_42
70
54
68_70
58
56
42
54
42
54_70
63
32
42
58
54
61_70
34_36_44_54_73
65
54
44
54
36
54
34
22_42
54
54
22
65
42
73
54
54
73
65
22_38_44
54
22
54
44
38
54
65
73
54_61
70
65
56
34_42_73_82
54
54
42_56
70
82
36_56_61
54
73
65
54
68
36
70
44_58_63_63
54
54
44
54
34
54
32_36_42
54
54
42
36
54
32
54
34_38_44
54
54
44
38
54
34
54
36_37_46
54
63
58
46
54
36
65
63
70
54
37
54
34_36_44_54_56_61_61_64_68_69_72
65
54
44
72
54_64_69
65_70_73
34
36
54
32_42
54
54
42
70
54_65
73
32
54
53_65_70
34_38_44_53_65_70_73
73
54
54
44
38
54
65
70
73
65
54
73
34
70
22_36_42
54
22
54
42
36
54
54
22_44_65_70_73
65_70_73
54
22
54
44
54
65
70
73
54
42
54
53
73
54_70
42
65
54
54
53
63
72
34_38_44_55_55_65_70_73
54
55
55
54
44
38
54
70
65
73
34
54
72
56_61
32_36_42
70
54
56
42
54
36
42
54
63
32
42
54
61_70
34_36_44_54_65_70_73_73
65
54
44
54
65
36_70
73
54
34
22_42
54
54
22
65
42
73
54
54
56
73
65
22_38_44_65_70_73
54
56
22
54
44
38
54_61
65
65
70
73
73
54
65
53_65
34_36_42_73
54
54
53
65
42
36
56_61
54
73
65
54
68
63
68
70
44_58_63_65_70_73
56
54
54
44
54
34_65
70
73
54
32_42
54
54
42
54
32
54
68
34_38_44_65_70_70_73
54
58
56
54
44
38
54
58_70
65
73
34
70
54
36_37_46
54
63
58
46
54
36
65
54
37
54
63
68
34_36_44_54_56_61_61_64_69_72
70
65
54
44
72
54_64_69
65_70_73
34
36
54
61
32_42_73
54
54
42
65_70
73
73
65_70_72_73
54
61
60
32
54
60
61_72
73
73
65_70
65_70
34_38_44_65_70_73
73
54
73
54
44
61
38
54
65
70
73
65
54
73
34
70
22_36_42
54
22
54
42
36
54
54
22_44_65_70_73
65_70_73
54
22
54
44
54
65
70
73
54
42
54
65
53
73
54_70
42
53
65
65
54
54
63
68_72
56
34_38_44_65_70_73
54
54
44
38
54
70
65
73
34
54
72
61
32_42
70
54
68_70
58
56
42
54
42
54_70
63
32
42
58
54
61_70
34_36_44_54_65_70_73_73
65
54
44
54
65
36_70
73
54
34
22_42
54
54
22
65
42
73
54
54
73
65
22_38_44_65_70_73
54
22
54
44
38
54
65
65
70
73
73
54_61
70
65
56
34_42_73_82
54
54
42_56
70
82
36_56_61
54
73
65
54
68
36
70
44_58_63_63_65_70_73
54
54
44
54
34_65
70
73
54
32_36_42
54
54
42
36
54
32
54
34_38_44_65_70_73
54
54
44
38
54
70
65
73
34
54
36_37_46
54
63
58
46
54
36
65
63
70
54
37
54
34_36_44_54_56_61_61_68
65
54
44
54
34
36
54
32_42
54
54
42
54
32
54
53_65_70
34_38_44_53
73
54
54
44
38
54
65
54
73
34
70
22_36_42
54
22
54
42
36
54
54
22_44
65_70_73
54
22
54
44
54
54
42
54
53
73
54_70
42
65
54
54
53
63
72
34_38_44_55_55
54
55
55
54
44
38
54
34
54
72
56_61
32_36_42
70
54
56
42
54
36
42
54
63
32
42
54
61_70
34_36_44_54_73
65
54
44
54
36
54
34
22_42
54
54
22
65
42
73
54
54
56
73
65
22_38_44
54
56
22
54
44
38
54_61
65
73
54
65
53_65
34_36_42_73
54
54
53
65
42
36
56_61
54
73
65
54
68
63
68
70
44_58_63
56
54
54
44
54
34
54
32_42
54
54
42
54
32
54
68
34_38_44_70
54
58
56
54
44
38
54
58
34
70
54
36_37_46
54
63
58
46
54
36
65
54
37
54
63
68
34_36_44_54_56_61_61
70
65
54
44
54
34
36
54
61
32_42_73
54
54
42
73
72
54
61
60
32
54
60
61_72
73
65_70
34_38_44
73
54
73
54
44
61
38
54
65
54
73
34
70
22_36_42
54
22
54
42
36
54
54
22_44
65_70_73
54
22
54
44
54
54
42
54
65
53
73
54_70
42
53
65
65
54
54
63
68_72
56
34_38_44
54
54
44
38
54
34
54
72
61
32_42
70
54
68_70
58
56
42
54
42
54_70
63
32
42
58
54
61_70
34_36_44_54_73
65
54
44
54
36
54
34
22_42
54
54
22
65
42
73
54
54
73
65
22_38_44
54
22
54
44
38
54
65
73
54_61
70
65
56
34_42_73_82
54
54
42_56
70
82
36_56_61
54
73
65
54
68
36
70
44_58_63_63
54
54
44
54
34
54
32_38_42
54
54
42
38
54
32
54
34_38_44
54
54
44
38
38
54
34
54
38
37_45_46
54
63
58
46
54
45
65
63
70
54
37
54
34_36_49_56_61_68
73
61_84
49_56_56
61
36
56
56
34
56_61
61
61
84
68_73
