71
72
71
40
40
52_59
55
71
72
59
52
55
71
40
59
52
55
40
40
71
52_59
72
55
71
52
59
55
40_69
71
59
52
55
72
42
42
54
57
60
54
57
60
42
71
69
54
57
60
67
42
69
42
54
57
60
54
57
60
42
69
54
57_71
60
38
69
38
54_57
50
69
50_71
57
54
69
38
50_54_57
38
69
38
71
54_57
50
69
50_57
54
38
59
54
50_57
64
66
36
36
67
48
52
55
48_52_55
36
55_66
52
48
64
66
35
35
51
47
54
51
54
47
35
71
51_54
47
72
71
40
40
59
52_55
71
72
59
52
55
71
40
52_55
59
40_71
40
72
52
55_59
71
52
59
55
40
69
59
52
55
71
72
42
42
57
54
60
54_60
57
42
71
54
57
60
69
67
42
42
69
54
57
60
54
57
60
42
69
54
71
57
60
69
38
38
50_57
54
69
71
54
57
50
69
38
54
50_57
69
38
38
71
50_54
57
69
50_54_57
38
59
64
54
57
50
66
36_36
67
52
48_55
48_52
55
36
66
55
48_52
64
66
35
35
51_54
47
51
47
54
35
67
51_54
47
66
64
33
33
45_48_52
45
48
52
33
45_48_52
33
33
45
48_52
48
45
52
33
52
45_48
35
66
35
54
47_51
47_54
51
35
51_54
47
64
66
40
40
67
59
52
55
52
59
55
40
52
59
55
66
38
38
67_68
50_54_57
69
50
54
57
38
67
57
54
50
66
64
36_36
48_52
55
48
52_55
36
62
52
55
48
61
60
59
35_35
47_54
51
51_54
47
35
54
51
47
35_35
47
54
51
47_54
51
35
51_54
47
55
57
33
59
33
45_52
48
59
57
45
48
52
33
45_48
52
33
33
45
48
52
45
48_52
33
52
48
45
66
35
35
47_54
51
54
47
51
35
54
64
47_51
66
40
40
67
52_59
55
59
52
55
40
52_59
55
66
38
38
67
50_54_57
69
50_54_57
38
57
54
50
67
66
36
36
64
48_52_55
48
55
52
36
62
55
48_52
61
60
59
35
35
78
79
78
47_54
51
79
78
79
78
79
54
47_51
78
79
36
78
79
55
48_52
78
79
79
35
35
81
79
54
51
47
81
79
81
79
81
51_54
47
79
81
60
36
79
81
79
55
48_52
81
81
35
59
35_83
81
83
47_51_54
81
83
81
83
81
54
51
47
83
81
83
36
81
83
81
55
48_52
83
83
35_35
84
83
84
47
51
54
83
84
83
84
83
51
47_54
84
83
84
35
71
83
84
51
47_54
72
40
40
71
64
76
76
64
79
59_76
52
55
64
76
64
71
76
76
64
79
52
64
55_59_76
72
76
76
40
64_71
76
64
52
55_59
64_76
79
64
76
64
40_40_71
76
76
64
52
59_72
55
79
76
64
64
76
71
76
64
76
64
79
59
52
55
76
64
64
69
40_76
64
76
64
79
52_59
55
71
72
78
42
42
78
81
66
54_78
57_60
78
66
78
81
66
78
66
78
54
57
60_78
66
81
66
78
42
78
66
78
71
81
54_66
57
60
69
78
78
66
67
78
42
81
69
42
66
78
78
54
57
60
66
81
78
66
78
78
66
78
81
66
54
57_60
78
78
42_66
69
81
78
54_57
60_71
81
38
69
38
74
62
78
74
78
62
54
57
50
78
74
62
74
74_78
78
69
62
78
74
74
62
71
50
54_57
78
74
78
62
78
74
38_69_74
62
78
78
74
62
54
50_57
78
74
74
62
78_78
69_74
38
38
62
78
74_74
62
50_54
57
71
78
78
74
62
69
78
74
74
62
78
78
74
62
50_54_57
74
78
74
62
78
38
78
74
62
59
74
78
62_74
54_57
50
64
78
66
36_72
36_60
76
72
67
60_76
76
72
48_52_55
60
72
76
72
60
76
76
72
72
60
48
52_55
76
72
60
76
76
72
36
60
72
76
72
60
76
52_55
48
66
76
72
72
64
59
66
35
35_75
71
71
59
75
75
71
51
47
54
59
71
75
71
59
75
75
71
59
71
51_54_75
47
71
59
75
75
71
35
71
71
75
51
47_54_59_72
71
71
40
40
64_76
76
79
64
76
52_59
55
76
64
76
79
71
64
76
76
59_64
52
72
55
76
79
64
71
76
40
76
79
64
79
76
79
52
59
55
64
76
76
79
64
71
79
40
40
76
79
64
76
76
79
72
52_59
55
64_79
76
79
71
64
76
76
79
64
79
76
79
59
52
55
76
64
76
79
79
64
69
40
76
79
76
64
76
79
59
52
55
71
79
72_78
42
66
78
42
66
81
78
54_57
60
66
78
78
66
81
78
66_78
78
54_57_60
66
81
78
66
78
42
78
66
71_81
54
57_60
78
69
66
78
67
78
42_66
69
81
42
78
54
57
60
81
78
78
81
57
54
60
66
78
78
66
42_81
69
78
54
57
60
71
81
62
69
38
74
38
78
74
62
78
78
74
50_57
54
62
74
78
74
62_78
69
74
71
54
50_57
78
74
78
74
62_69
38
78
74
78
57
50
54
74
78
74
78
69
38
38_62
78
74
74
50_54
57
71
62
78
78
74
69
74
62
78_78
74
50_57
54
62
74
78
74
78
62
38
59
78
74
74
50_54_57
62_64
78
78
66
72
60
36_36
76
67_72
60
76
76
72
48_52_55
60
72
76
72
60
76
76
72
60
72
76
72
52
48
55
76
60
76
72
72
36_60
76
66
55
52
48
76
72
72
64
66
35
35
71
59
75
71
59
75
75
71
54
47
51
59
71
75
71
59
75
71
71
75
47_54
51
75
35
71
59
75
75
54
51_67
47_71
71
66
57
33
33
64
76
69
57
76
45_48_52
69
57
76
69
57
76
69
57
48
45_52
76
69
33
57
76
69
45_52
48
57
76
69
57
33_33
76
69
45_52
48
57
76
69
57
76
69
45_48
52_57
76
69
57
33
76
69
45_52
48
57
35
66
35
54
47
51
47_51_54
35
54
47_51
64
66
40
40
67
52
59
55
52
59
55
40
59
52
55
66
38_38
67
57
54
50
69
57
50_54
38
54_57
50
67
66
36
36
64
52_55
48
65
48
52_55
36
62
52_55
48
61
60
59
35_35
47
54
51
47_54
51
35
47_54
51
35
35
54
47_51
47_51_54
35
57
51_54
47
55
57
59
33
33
45_48_52
59
57
45_52
48
33
45_48_52
33
33
45_52
48
52
45_48
33
52
45_48
35
66
35
47_51_54
47_54
51
35
54
47_51
64
66
40
40
67
52_59
55
52
59
55
40
52
55
59
66
38_38
67
54_57
50
69
54
50
57
38
67
57
54
50
66
36
36
64
48_52_55
55
48_52
36
55
62
48
52
61
60
59
35
35
47
51_54
47
54
51
35
47_54
51
60
36
64
48_55
52
66
69
48
52_55
36
71
69
48
52_55
66
35
71
35_71
72
71
47_54
51_72
71
72
71
72
71
47_54
51
72
71
72
35
71
72
71
47_51_54
72
71
72
36
60
36
71
72
71
64
48_52
55
72
71
72
66
71
72
71
52
48_55
72
69
71
72
36
71
71
72
69
71
55
48_52
72
66
71
72
35_71
35
47_54
51
71
69
71
48_55
36
52
36
72
71
69
35
51
35_54
47_71
71
72
71
72
71
72
71
72
71
72
69
71
71
55
52
48
36_36
72
71
69
54_71
51
35_35
47
71
72
71
72
71
72
71
72
71
72
69
71
72
71
71
36
48_52_55
36
72
72
71
72
71
71
69
72
35
51
47_54
35_71
71
72
71
72
71
72
71
72
71
72
69
71
72
71
67
72
71
72
66
71
71
40
40
40
52_59
55
52
55_59
40
40
40
52_59
55_67
40
40_64
40
52
55_59
52
59
55
40
40
40
59
52
55
44
44
44
76
52_56_59
76
76
59
52_56
76
44
44
44
76
56
59
52
74
76
45
45_45
72
52_57_60
69
52_57
60
45
45
45
57_60
52
42
42
42
66
54_67
59
57
69
71
54
57
60
74
42
42_42
54_72
57
48
71
47
47
47
79
78
40
76
40
40
52_59
55
59
52
55
35
35
35
52
55
59
40
40
71
72
71
40
40
52
55
59
71
72
52
55
59
40
40_71
52_55_59
40_71
40
52
55_72
59
71
52_55
59
40
69
71
52
55
59
72
42_42
54
57_60
54
60
57
42
71
54_57
60
69
67
42
42
69
54
57_60
54
57_60
42
69
54
57
60_71
38
38
69
57
50_54
69
50_57_71
54
38
69
54
50_57
38_69
38
50_54_57
71
69
50
54_57
38
59
54
50
57
64
66
36
36
67
52
48
55
52
48
55
36
66
55
48_52
64
35
35
66
51
47_54
47_51
54
35
71
51_54
47
72
40_40_71
52
55
59
71
72
52_59
55
71
40
52
59
55
71
40
40
72
52
59
55
71
52_59
55
40
69
52_59
55
71
42
72
42
54
57
60
54_60
57
42
71
69
54
57_60
67
69
42
42
54
57
60
54
57
60
42_69
71
54_57_60
38
38
69
54
50_57
69
71
54
50
57
69
38
54
50_57
69
38
38
57
50_54
71
69
50_54
57
38
59
57
54
50
64
66
35
36
67
52
48_55
35
48_52
55
36
36
48_52
55_66
64
35
66
35
51
47_54
51_54
47
35
51_67
54
47
66
64
40
67
40
41
79
52_55
59_67
79
67
79
67
52_59
55
79
67
79
40
67
79
67
52
59
55
79
67
79
40
67
79
67
52
55
59
79
67
79
67
79
67
79
52_59
55
67
69
40
35
81
69
81
52_59
55
69
81
40_64
40_67
79
67
79
52_59
55
67
79
67
79
67
79
67
59
52
55
79
67
40
79
67
79
52_59
55
67
79
67
40
79
67
79
67
59
52
55
79
67
79
67
79
67
52_59
55
67
79
40
35_69
81
69
52_59
55
71
81
69
69
67
81
66
40
40
67
64
79
67
52_59
55
79
67
79
67
79
67
52
55
59
79
67
79
40
67
79
67
52
59
55
79
67
79
40_67
79
67
59
52
55
79
67
79
67
79
67
79
59
52
55
67
40
69
35
81
69
71
81
55
52_59
69
69
67
81
66
40_67
40
64
79
67
59
79
52
55
67
79
67
79
67
79
59
52
55
67
79
67
40
79
67
79
52_59
55
67
79
67
40
79
67
79
52
55_59
67
79
67
79
67
79
59
52
55
40
69
59
81
69
52_81
55
59
69
81
52
40
40_64
40
52
59
55
79
67
79
67
79
67
79
79
79
79
64
63
60
59
40
40
52_59
64
71_76
64
71
76
64
71
76
64
71
76
64
76
64
71_76
64
71_76
64
76
71
64
76
71
64
76
71
64
76
71
64
76
71
64
76
71
64
71
76
64
76
71
64
76
71
64
76
71
64
76
71
64
76
71
64
76
71
64
76
71
64
76
71
64
76
71
64
76
71
64
76
64
76
71
64
76
64
76
64
76
64
76
71
64
76
71
64
76
71
64
76
71
64
76
71
64
76
64
76
64
76
71
64
64
76
64
