40
47
52
56
59
64
64
59
56
52
47
40
40
47
35_40_52_52
59
44_64
42_56
68
71
59
64
42
38
44
42
35_40_71
68
64
59
42_52
44
42
71
68
64
59
52
42
37_38_44
42
35_40_42_71
68
64
59
52
35_40_52
59
44_64
42
68
71
42
38
44
42
35_40_71
68
64
59
42_52
44
42
71
68
64
59
52
42
37_38_44
42
40
47
52
56
35_40_42_71
59
68
64_64
59
64
52
59
56
52
47
40
68_71
40
64
47
35_40_52_52
59
44_64
42_56
68
71
59
64
42
38
44
42
35_40_71
68
64
59
42_52
44
42
71
68
64
59
52
42
37_38_44
42
35_40_42_71
68
64
59
52
35_40_52
59
44_64
42
68
71
72
42_74
38
44
42
73
35_40_71
68
64
59
42_52
74
44
42
73
71
71
68
64
59
52
42
37_38_44
42
40
47
52
56
35_40_42_71
59
68
64_64
59
64
52
59
56
52
47
40
40
71
47
35_40_52_52
59
44_64
42_56
68
71
59
64
42
38
69
44
42
35_40_71
68
64
59
42_52
68
44
42
68
71
68
64
59
52
42
69
37_38_44
42
68
35_40_42_71
68
64
59
52
69
71
35_40_52
59
44_64
42
68
71
42
69
38
44
42
35_40_71
68
64
59
42_52
68
44
42
68
71
68
64
59
52
42
69
37_38_44
42
40
47
52
68
56
35_40_42_71
59
68
64_64
59
64
52
59
56
52
47
40
69
40
47
71
35_40_52_52
59
44_64
42_56
68
71
59
64
42
38
44_69
42
35_40_71
68
64
59
42_52
68
44
42
71
68
64
59_68
52
42
69
37_38_44
42
68
35_40_42_71
68
64
59
52
69
68
42_71
35_52
46_59
40_64
68_74
71
66
38
66
38
38
45
52_64
33_35_57
44
42
61
64
42
38
44
42
33_35_64
61
42_57
52
45
44
42
33_64
61
57
52
45
42
64
35_38_44
42
62
35_37_42_64
61
57
52
45
35_38_50
57
44_62
42
66
69
57
42
57
38
44
42
57
35_38_69
66
62
57
42_50
66
44
42
69
66
62
57
50
42
64
38_44
42
64
35_40_42_69
66
62
57
50
66
45
52
33_35_57
44
42
61
61
64
42
57
38
44
42
33_35_64
61
42_57
52
45
44
42
33_64
61
57
52
45
42
35_38_44
42
35_37_42_64
61
57
52
45
35_38_50
57
44_62
42
66
69
42
62
38
44
42
57
35_38_69
66
62
57
42_50
66
44
42
69
66
62
57
50
42
64
38_44
42
42_69
64
66
62
57
50
42
49
30_35_54_66
44
42
57
61
61
42
61
38
44
42
35_42_61_66
57
42_54
49
42
44
42
61_66
57
54
49
42
42
38_44
42
35_42_61_66
57
54
49
42
47
54
35_35_57
44
42
62
66
42
62
38
44
42
35_47_66
62
42_57
54
47
62
44
42
61
66
62
57
54
47
42
38_44
42
59
57
35_42_66
62
57
54
47
59
40
47
35_40_52
44
42
57
59
42
64
38
44
42
35_40_59
57
42_52
47
40
44
42
59
57
52
47
40
42
37_38_44
42
35_35_42_59
57
52
47
40
64
40
47
28_35_52
44
42
56
59
59
42
57
38
44
42
56
28_35_59
56
42_52
47
40
66
44
42
59
56
52
47
40
42
66
38_44
42
42_59
56
52
47
40
64
45
52
33_35_57
44
42
61
64
67
42
38
44
42
67
57
33_35_64
61
42_57
52
45
67
44
42
33_64
61
57
52
45
42
66
35_38_44
42
64
35_37_42_64
61
57
52
45
35_38_50
57
44_62
42
66
69
64
42_57
62
38
44
42
57
35_38_69
66
62
57
42_50
44_66
42
69
66
62
57
50
42
64
38_44
42
64
35_40_42_69
66
62
57
50
45
52_64
33_35_57
44
42
61
64
67
42
61
38
44
42
67
33_35_64
61
42_57
52
45
67
44
42
33_64
61
57
52
45
42
66
35_38_44
42
64
35_37_42_64
61
57
52
45
35_38_50
57
44_62
42
66
69
64
42
62
38
44
42
57
35_38_69
66
62
57
42_50
66
44
42
69
66
62
57
50
42
64
38_44
42
64
42_69
66
62
57
50
42
49
30_35_54_66
44
42
57
61
61
69
42
38
44
42
69
35_42_61_66
57
42_54
49
42
44
69
42
61_66
57
54
49
42
42
67
38_44
42
35_42_61_66_67
57
54
49
42
43
50
31_35_55_67
44
42
59
62
67
42
38
44
42
35_43_62_67
59
42_55
50
43
62
44
42
62_67
59
55
50
43
42
61
38_44
42
59
35_42_62_67
59
55
50
43
57
59
40
47
35_40_52
44
42
57
59
69
42
38
44
42
69
35_40_59
57
42_52
47
40
44
69
42
59
57
52
47
40
42
68
37_38_44
42
68
35_35_42_59
57
52
47
40
40
47
28_35_52
44
42
56
59
68
42
38
44
42
35_40_59_66
56
42_52
47
40
44
42
59
56
52_66
47
40
42
38_44
42
35_42_59
66
56
52
47
40
42
49
30_35_54_66
42
57
61
64
42
62
35_42_61_66
57
54
49
42
42
62
61_66
57
54
49
42
49
38
42_42
44_54
57
61
66
62
35_61_66
57
54
49
42
61
47
54
35_35_57
42
62
66
42
35_47_66
62
57
54
47
42
62
66
62
57
54
47
62
35_38_47
42
54
44_57
62
66
62
35_37_66
62
57
54
47
35_38_50
57
62
42
66
69
62
42
62
35_50_69
66
62
57
50
42
62
69
66
62
57
50
38_50
42
57
44
62
66
69
61
35_69
66
62
57
50
49
56
35_37_61_73
42
64
68
61
42
59
35_68_73
64
61
56
49
41
42
59
68_73
64
61
56
49
56
38
42_49
44_61
64
68
73
59
35_68_73
64
61
56
49
57
42
49
30_35_54_66
42
57
61
42
35_42_61_66
57
54
49
42
42
52
61_66
57
54
49
42
49_57
38
42_42
44_54
57
61
66
35_61_66
57_59
54
49
42
47
61
54
35_35_57
42
62
66
62
62
42
61_62
35_47_66
62
57
54
47
42
62
59
66
62
57
54
47
35_38_47
42
54
44_57
62
66
62
57
35_37_66
62
57
54
47
35_38_50
57
62
42
66
69
62
42
62
35_38_69
66
62
57
50
42
62
69
66
62
57
50
38_50
42
57
44
62
66
69
61
59
35_69
66
62
57
50
57
49
56_56
35_37_61_73
42
65
68
42
35
69
41_57
42
66
38
42
44
35
45_64
52
33_35_57
44
42
61
64
42
61
38
44
42
35_45_64
61
42_57
52
45
44
42
52
33_64
61
57
52
45
42
57
35_38_44
42
59
35_37_42_64
61
57
52
45
61
35_38_50
57
44_62
42
66
69
57
42
38
44
42
57
62
35_50_69
66
62
57
42_50
66
44
42
69
66
62
57
50_64
42
38_44
42
64
35_40_42_69
66
62
57
50
45
52
33_35_57
61
44
42
61
64
42
38
44
42
35_45_64
61
42_57
52
45
44
42
52
33_64
61
57
52
45
42
57
35_38_44
42
59
35_37_42_64
61
57
52
45
61
35_38_50
57
44_62
42
66
69
42
38
44
42
59
35_38_69
66
62
57
42_50
66
44
42
69
66
62
57
50
42
64
38_44_57
42
64
42_69
66
62
57
50
45
52
33_35_57
44
42
61
64
61
42
38
44
42
35_45_64
61
42_57
52
45
44
42
52
64
61
57
52
45
42
57
38_44
42
59
35_42_64
61
57
52
45
40
47
35_40_52
44
42
57
59
56
42
62
38
44
42
35_40_59
57_61
42_52
47
40
44
61
42
59
59
57
52
47
40
42
59
38_44
42
35_42_59
57
52
47
40
40
47
35_40_52
44
42
56
59
42
38
44
42
35_40_59
56
42_52
47
40
44
42
52
59
56
52
47
40
42
56
37_38_44
42
57
35_40_42_59
56
52
47
40
59
40
47
35_40_52
44
42
56
59
42
62
38
44
42
61
35_40_59
56
42_52
47
40
61
44
42
59
59
56
52
47
40
42
59
38_44
42
42_59
56
52
47
40
40
47
35_40_52
44
42
56
59
42
38
44
42
35_40_59
56
42_52
47
40
44
42
59
56
52
47
40
42_56
59
37_38_44
42
64
35_40_42_59
56
52
47
40
40
68
47
35_40_52
44
42
56
59
42
68
38
44
42
66
66
35_40_59
56
42_52
47
40
66
44
42
64
59
56
52
47
40
42_64
38_44
64
42
42_59
56
52
47
40
40
47
35_40_52
44
42
56
59
42
38
44
42
35_40_59
56
42_52
47
40
44
42
59
56
52
47
40
42
37_38_44
42
35_40_42_59
56
52
47
40
40
47
35_40_52
44
42
56
59
42
38
44
42
35_40_59
56
42_52
47
40
44
42
59
56
52
47
40
42
37_38_44
42
40_42_59
56
52
47
40
40
42_47
35_52
46
40
56
59
57
57
66
64
38
38
64
38_66
61
45
52
33_35_57
44
42
61
64
42
57
38
44
42
33_35_64
61
42_57
52
45
44
42
33_64
61
57
52
45
42
35_38_44
42
35_37_42_64
61
57
52
45
35_38_50
57
44_62
42
66
69
57
42
38
44
42
57
35_38_69
66
62
57
42_50
66
44
42
69
66
62
57
50
42
64
38_44
42
64
35_40_42_69
66
66
62
57
50
61
45
52
33_35_57
44
42
61
64
57
42
38
44
42
33_35_64
61
42_57
52
45
44
42
33_64
61
57
52
45
42
35_38_44
42
35_37_42_64
61
57
52
45
35_38_50
57
44_62
42
66
69
57
42
38
44
42
57
35_38_69
66
62
57
42_50
66
44
42
64_69
66
62
57
50
42
38_44
42
64
42_69
66
66
62
57
50
61
45
52
33_35_57
44
42
61
64
42
57
38
44
42
33_35_64
61
42_57
52
45
44
42
52
33_64
61
57
52
45
42
57
35_38_44
42
62
35_37_42_64
61
57
52
45
61
35_38_50
57
44_62
42
66
69
57
42
38
44
42
57
57
35_38_69
66
62
57
42_50
66
44
42
69
66
62
57
50
42
64
38_44
42
64
35_40_42_69
66
62
57
50_66
61
45
52
33_35_57
44
42
61
64
42
57
38
44
42
33_35_64
61
42_57
52
45
44
42
33_64
61
57
52
45
42
35_38_44
42
35_37_42_64
61
57
52
45
35_38_50
57
44_62
42
66
69
57
42
38
44
42
57
35_38_69
66
62
57
42_50
44
66
42
69
66
62
57
50
42
64
38_44
42
64
42_69
66
62
57
50
66
61
45
52
33_35_57
44
42
61
64
42
57
38
44
42
33_35_64
61
42_57
52
45
44
42
33_64
61
57
52
45
42
35_38_44
42
35_37_42_64
61
57
52
45
35_38_50
57
44_62
42
66
69
57
42
38
44
42
57
35_38_69
66
62
57
42_50
66
44
42
69
66
62
57
50
42
64
38_44
42
64
35_40_42_69
66
62
57_66
50
61
45
52
33_35_57
44
42
61
64
42_57
38
44
42
33_35_64
61
42_57
52
45
44
42
33_64
61
57
52
45
42
35_38_44
42
35_37_42_64
61
57
52
45
35_38_50
57
44_62
42
66
69
42
38
44
42
35_38_69
66
62
57
42_50
44
42
69
66
62
57
50
42
38_44
42
42_69
66
62
57
50
45
52
33_35_57
44
42
61
64
42
38
44
42
33_35_64
61
42_57
52
45
44
42
33_64
61
57
52
45
42
35_38_44
42
35_37_42_64
61
57
52
45
35_38_50
57
44_62
42
66
69
42
38
44
42
35_38_69
66
62
57
42_50
44
42
69
66
62
57
50
42
38_44
42
35_40_42_69
66
62
57
50
45
52
33_35_57
44
42
61
64
42
38
44
42
33_35_64
61
42_57
52
45
44
42
33_64
61
57
52
45
42
35_38_44
42
35_37_42_64
61
57
52
45
35_38_50
57
44_62
42
66
69
42
38
44
42
35_38_69
66
62
57
42_50
44
42
69
66
62
57
50
42
38_44
42
42_69
66
62
57
50
45
52
33_35_57
44
42
61
64
42
38
44
42
33_35_64
61
42_57
52
45
44
42
33_64
61
57
52
45
42
35_38_44
42
35_37_42_64
61
57
52
45
35_38_50
57
44_62
42
66
69
42
38
44
42
35_38_69
66
62
57
42_50
44
42
69
66
62
57
50
42
38_44
42
35_40_42_69
66
62
57
50
45
52
33_35_57
44
42
61
64
42
38
44
42
33_35_64
61
42_57
52
45
44
42
33_64
61
57
52
45
42
35_38_44
42
35_37_42_64
61
57
52
45
35_38_50
57
44_62
42
66
69
42
38
44
42
35_38_69
66
62
57
42_50
44
42
69
66
62
57
50
42
38_44
42
42_69
66
62
57
50
45
52
33_35_57
44
42
61
64
42
38
44
42
33_35_64
61
42_57
52
45
44
42
33_64
61
57
52
45
42
35_38_44
42
35_37_42_64
61
57
52
45
35_38_50
57
44_62
42
66
69
42
38
44
42
35_38_69
66
62
57
42_50
44
42
69
66
62
57
50
42
38_44
42
35_40_42_69
66
62
57
50
45
52
33_35_57
44
42
61
64
42
38
44
42
33_35_64
61
42_57
52
45
44
42
33_64
61
57
52
45
42
35_38_44
42
35_37_42_64
61
57
52
45
35_38_50
57
44_62
42
66
69
42
38
44
42
35_38_69
66
62
57
42_50
44
42
69
66
62
57
50
42
38_44
42
42_69
66
62
57
50
45
52
33_35_57
44
42
61
64
42
38
44
42
33_35_64
61
42_57
52
45
44
42
33_64
61
57
52
45
42
35_38_44
42
35_37_42_64
61
57
52
45
35_38_50
57
44_62
42
66
69
42
38
44
42
35_38_69
66
62
57
42_50
44
42
69
66
62
57
50
42
38_44
42
35_40_42_69
66
62
57
50
45
52
33_35_57
44
42
61
64
42
38
44
42
33_35_64
61
42_57
52
45
44
42
33_64
61
57
52
45
42
35_38_44
42
35_37_42_64
61
57
52
45
35_38_50
57
44_62
42
66
69
42
38
44
42
35_38_69
66
62
57
42_50
44
42
69
66
62
57
50
42
38_44
42
42_69
66
62
57
50
