65
66
33_67_72
35_66
42_54
67
69
54
42
42
72
46
65_67_72
54
69
54
40
42
66
42
72
54
35_43_67_72
42
54
40
42
42
69_72
46
54
45_65_67_72
54
45
42
42
54_72
67_72
35_42
54
42
42
46_69_72
67_72
65
54
40
54
42
42
71_74
35_43_69_74
42_54
45
54
42
42
67
36_46_69_74
54_65
69_72
38
54
42
42
66
33_35_54_66_67_72
42
67
69
54
42
42
46_72
54_65
67_72
69
54
40_42_66
42
72
42
35_54
43_67_72
54
42
40
42
46
54_69_72
45_65_67_72
54
45
42
42
54_72
35
67_72
42
54
42
42
46
69_72
54_67_72
65
40
54
42
42
71_74
43_54_69_74
35_42
54
45
42
42
46
54
36_69_74
65
67
69
72
54
38
42
42
66
33_35_54_66_67_72
42
67
69
54
42
42
72
46
54_65_67_72
69
54
40
42_66
42
54_72
42_43_67_72
35
40_54
42
42
72
46_69
45_54_65_67_72
45_54
42
42
72
54
35_42_67_72
54
42
42
69_72
46_67_72
54_65
40
54
42
42
35_43_69_71_74_74
42_54
45_54
42
42
36_46_67_69_74
54_65
69
72
38
54
42
42
66
33_54_66_67_72
35
42
67
69
42_54
42
72
46_54_65
67_72
69
54
40
42_66
42
72
35_43_54_67_72
42
54
40
42
42
69_72
54
46
45_65_67_72
54
45
42
42
72
35_54
42_67_72
54
42
42
46_54_69_72
67_72
65
54
40
42
42
71
54_74
35_43_69_74
42
54
45
42
42
46_54
36_67_69_74
65
69
72
54
38_42
42
69
54
33_35_42_66_67_72
54
42
42
46
54
67_72
65
69
40_54
42_66
42
54
43_67_72
35_42
54
40_42
42
46
54
45_65_67_72
54
45
35_42
42
54
67_72
35_42
54
42
42
46_54
67_72
65
54
40
42
42
71
74
54
35_42_43_69_74
54
45
42
42
54
46
36_67_69_74
65
54
69
38_72
42
42
54
33_35_66_67_69_72
42
54
42
42
54
46_65_67_72
69
54
40
66
42
42
43_54_67_72
35
42
40_54
42
42
54
46
45_65_67_72
54
45
42
42
54
35_67_72
42
54
42
42
46
54_67_72
65
40_54
42
42
35_43_54_69_71_74_74
42
45_54
42
42
65
46_54
36_69_74
67
69
72
35_54
38
42
42
66_69
35
54
33_42_67_72
54
42
42
46
54
65
67_72
54
69
40_42_66
42
54
35_42_43_67_72
54
40
42
42
54_65
46
45_67_72
54
42_45
42
54
67_72
35_42
42_54
42
46
54
67_72
65
54
40
42
42
54
35_42_43_69_74
42_45_54
42
46
36_54_65_67_69_74
54
38_42
42
66
35
33_42_54_67_72
69
40
43
42
65
42
42
45
69
33_54_66_67_72
42
35
54
42
42
46_54
67_72
65
54_69
40_42
66
42
42_54
43_67_72
35
54
40
42
42
46
54
45_65_67_72
54
42_45
42
42_54
35_67_72
54
42
42
46_54_65_67_72
40
54
42
42
71
74
35_43_69_74
42_54
54
45
42
42
54_67
36_46_69_74
65
69
54_72
38
42
42
69
35_54_66
33_67_72
42
54
42
42
54
46_65
67_72
69
54
66
40
42
42
42_43_54_67_72
35
33_54
42
42
46
33_54_67_72
65
54
33
42
42
35_54
67_72
42
54
42
42
54
46
65_67_72
54
40_42
42
71_74
54
35_43_69_74
42
54
45
42
42
46
36_54_69_74
65
67
69_72
54
38
42
42
69
33_35_42_54_66_67_72
54
42
42
46
65
54_67_72
54_69
40_66
42
42
54
35_42_43_67_72
54
40
42
42
46
54_65
45_67_72
35_54
45
42
42
54
35
42_67_72
54
42
42
46_54
67_72
65
54
40
42
42
71_74
43_54_69_74
35_42
45
54
42
42
46
36_54_67_69_74
65
69
72
54
38
42
42
69
54
33_35_66_67_72
42
54
42
42
54
46_65
67_72
69
54
40_66
42
42
54
43_67_72
35_42
54
40
42
42
46_54
45_67_72
65
54
45
42
42
54
35_42_67_72
54
42
42
46_54
67_72
65
40_54
42
42
54
43_69_74
35
42
54
45
42
42
36_46_54_65_69_74
67
54
42
42
35_54
36_69_75
42_69
54
42
42
54
46_65_69_75
54
31_69
42
42
34_54_69_75
35
42
31_54
42
42
36_54_65_69_75
46
54
36
42
42
54
35_69_75
42
54
42
42
46_54_65_69_75
31_54
42
42
34_54_69_75
35
42
35_54
42
42
36_69_75
46_54_65_69
54
42
42
35_40_54_71_76
64
42
54
42
42
54
65_71_76
46
54
35
42_64
42
38_42_54_71_76
35
39_54
42
42
46
40_54_65_71_76
28
42_54
42
54
35_71_76
42
54
42
42
54_71_76
46_65
40_54
42
42
35_40_71_76
42_54
54
42
42
46
34_54_65_67_71_76
54
35
42
42
33_54_67_72
35_66_69
42
54
42
42
46_67_72
54_65
40
54_69
42
66
42
43_67_72
35_54
42
40
54
42
42
45_54_67_72
46_65
45_54
42
42
42_67_72
54
35
54
42
42
54_67_72
65
46
54
40
42
42
54
43_69_74
35
42
54
45
42
42
46_54_65
36_67_69_74
54
42
42
69
54
35
42
33_66_67_72
40
42_43
65
42
42
45
33_54_66_67_69_72
35_42
54
42
42
46_54_67_72
65
69
40_54
66
42
42
43_54_67_72
35_42
40_54
42
42
45_54_67_72
46_65
45
54
42
42
54
67_72
35
42
54
42
42
65
46_54_67_72
54
40
42
42
35_43_54_69_74
42
54
45
42
42
46_54
36_65_69_74
67
54
38
42
42
54_69
33_35_42_66_67_72
54
42
42
54
46
67_72
65
69
54
40_42
66
42
42_43_54_67_72
35
33_54
42
42
33_46_54_65_67_72
33_54
42
42
54
35_67_72
42
54
42
42
46
54_67_72
65
40
42_54
42
43_69_74
42_54
35
45_54
42
42
46
36_69_74
65
54_67
38
54
42
42
69
33_35_67_72
42_54_66
54
42
42
46_65_67_72
54
69
40_54
42_66
42
43_54_67_72
35_42
40
54
42
42
45_46_67_72
54_65
45_54
42
42
54_67_72
35_42
54
42
42
46_54_67_72
65
54
40
42
42
43_54_69_74
35_42
54
45
42
42
36_54_69_74
46_65
67
38
54
42
42
69
33_35_66_67_72
42_54
54
42
42
54_65_67_72
46
69
40_54
42
66
42
43_54_67_72
35_42
40_54
42
42
54
45_46_65_67_72
54
45
42
42
54
35_42_67_72
54
42
42
46_54_65_67_72
40_54
42
42
35
43_54_69_74
42
45
42_54
42
46
36_54_65_69_74
67
54
42
42
54
69
35_36_69_75
42
54
42
42
54
46_65_69_75
31_54
42
69
42
34_69_75
35_54
42
31_54
42
42
36_46_54_65_69_75
54
36
42
42
42_54_69_75
35
54
42
42
46_69_75
54
65
31
54
42
42
34_42_69_75
35_54
35_54
42
42
36_46_69_75
54_65_69
42_54
42
35_54_64
40_71_76
42
54
42
42
54
46_71_76
65
54
35
42
64
42
54
35_38_42_71_76
54
39
42
42
54
40_46_65_71_76
54
28
42
42
35_54
42_71_76
54
42
42
46_54
71_76
65
40_42_54
42
54
40_71_76
35_42
54
42
42
54
34_46_65_71_76
67
54
42
42
54
69
33_42_66_67_72
35
54
42
42
54
46
67_72
65
54
40
69
42_66
42
43_54_67_72
42
35
40
54
42
42
45_46_54_67_72
65
54
45
42
42
54
42_67_72
35
54
42
42
54
46_67_72
65
54
40
42
42
35_43_54_69_74
42
45_54
42
42
46
36_65_69_74
54_67
42_54
42
69
42
66
33_35_54_67_72
60
40
43
42_65
42
42
45
57
66
33_54_67_69_72
35
42
54
42
42
46_54_67_72
65
69
40_54
42_66
42
54
43_67_72
35_42
54
40
42
42
54
45_46_65_67_72
54
45
42
42
42_54_67_72
35
54
42
50
42
46_65_67_72
52_54
40_54
42
48
42
35_43_69_74
54
42
45_54
42
42
67
36_46_54_65_69_74
38_54
42
42
69
45_54_66
33_35_67_72
42
54
42
42
46_54
67_72
65
64
69
40_42_54
66
65
42
66
35_42_43_54_67_72
33_54
42
42
46_54
33_65_67_72
54
33_65
42
42
54
35_67_72
42
64
54
42
65
42
46
54_67_72
65
66
40_54
42
42
43_69_74
42_54
35
45_54
42
42
46
36_54_69_74
65_67
54
38
42
42
69
54_66
33_42_67_69_72
35
54
42
67
42
54
46_67_72
65
68
69
54
40
42
66
42
43_67_72
42_54
35_69
40
42_54
72
42
45_46_67_72
65
54
73
45
54
42
42
67_72_74
35_54
42
54
42
72
42
67_72
46_54_65
73
40
42_54
42
43_69_74_74
35_54
42
54
45
42
42
36_54_67_69_74
46
65
54
38
42
42
54
69
33_66_67_69_72
42
35
54
42
42
46_54_65_67
67_72
66
40_54_69
42
42
64
43_67_72
54
35_42
40_54
42
42
54_62
45_65_67_72
46
54
45
42
42
54_60
67_72
35
42
54
57
42
42
54
46_67_72
65
40_54
42
42
55
43_54_69_74
35_42
54_57
45
42
42
46_67
36_54_60_65_69_74
54
42
42
35_69_72
36_54_69_75
42
54
42
42
65
46_54_69_75
42
31_54
69
42
34_42_54_69_75
35
31_54
42
42
36_46_54_65_69_70_75
66
54
36
42
42
54
69_75
35_65
42
54
42
42
54_65_69_75
46
31_54_63
42
42
35
34_54_69_75
42
54_65
35
42
42
54_63_69
36_46_69_75
65
54
62
42
42
64
54
40_71_76
35
42
54
42
42
54_65
46_71_76
63
54_64
35
42
42
64
54
35_38_71_76
42
39_54
42
42
46
40_65_71_76
54
28
42_54
42
35_71_76
54
42
54
40
42
42
54_65
71_76
46
40_54
42
42
60
35_40_42_71_76
54
54
42
42
54
34_65_67_71_76
46
54
42
42
54_69
35
33_57_67_72
42
66
54
42
42
54
46_65
67_72
66
40_54
42_69
42
43_54_67_72
35
42
54
40
52
42
42
65
45_54_67_72
46_55
52
45_54
42
42
54_60
35_42_67_72
52_54
42
42
54_65
46_67_72
57
40_42_54
42
54_55
35_42_43_69_74
42_48_54
45
42
46
36_54_65_67_69_74
42
54
42
35
69
42_54_66
33_45_67_72
76_79
76
72
76
79_81
72_76
74_79_81
76_77
81
72_76_78
74
65
72
67_71_76
42
36_54
54
42
42
46
54_66_71
65_74
36
54
42
42
66_74
69
35_54
38_42
42_54
42
46_54_81
64_69_72
38_65
84
69
54_60
38
42
42
54
33_35
42
54_67_72_76
33_42
42
46
54_66_74
33_65
54
38_66_69_74
42
42
54_81
35_38
42
84
54
38
42
42
54_76
46
38_65
69
54_79
38_42
42
67_72_76
54
42
33_35
54
42
42
54_66_74
46_65
33
54
42
73
42
66_69_74
54
35_35
42
54
42
42
54_64_72
46_65_81
35
54_60_69_76
35
42
42
54
36_42
35
54_76
67
36
42
42
54_66_72
46_65
36
54
38_42
76
65_67_69_74
73
42
54_81
35
38_42
54
42_76
38
42
54
46
69
38_65
54
38_42
42
54
42
35_36
72
54
42
42
67_69_75
46_54_65
54
42_72
31
42
67_75
69
54
34_42
35
67_69
75
54
35_42
42
46_54
72
36_65
67_69_75
54
36_42
42
72
54
35_42
67
75
54
31
42
42
54
46
33
65
54
31
42
42
54
36_42
35
42_54
42
46
54
36
65
54
42
42
54
28
35_42
54
76_79_81
42
42
54_76_79_81
46
65
76_79_81
35_54
42
42
76
79_81
38
54
35_42
76_79_81
39
42_54
42
46_54
40
65
76_79_81_84
54
28
42
42
54
35
42
54
40
42
42
54
40_46_65_76
79_81
54
35
42
76_79_81
42
54
34
42
35
54
76
79_81_84
42
42
54
46
34_65
54
42
42
69
54
35
33_67_72
42_66
54
42
42
54
46_67_72
65
54_69
40_66
42
42
43_54_67_72
35
42
40_54
42
42
45_54_65_67_72
46
45_54
42
42
67_72
35_54
42
42_54
42
46_65_67_72
54
40_54
42
42
35_43_69_74
54
42
45_54
42
42
36_69_74
46_54_65
67
38
54
42
42
69
33_35_67_72
42_54_66
54
42
42
54_67_72
46_65
69
40_54
66
42
42
43_54_67_72
35
42
40
54
42
42
54
45_67_72
65
46
54
45
42
42
54
67_72
35
42
54
42
42
54
46_67_72
65
40_54
42
42
35_43_54_69_74
42
54
45
42
42
54
36_46_65_67_69_74
54
38
42
42
69
66
33_42_54_67_72
35
54
42
42
46
54_65_67_72
69
54
40_66
42
42
43_54_67_72
42
35
40_54
42
42
45_46_67_72
54_65
54
45
42
42
35_54_67_72
54
42
42
46
67_72
54_65
54
40
42
42
43_69_74
42_54
35
54
45
42
42
54
36_46_69_74
67
65
54
38
42
42
69
66
33_54_67_72
42
35
40
35_43
65
45
42
42
35
66_69
33_42_67_72
54
54
42
42
54
65
46_67_72
54
69
40_66
42
42
54
42
43_67_72
35
54
40
42
42
46
45_54_67_72
65
45_54
42
42
35_42_54_67_72
42_54
42
46_65_67_72
54
40_54
42
42
71_74
54
43_69_74
35_42
54
45
42
42
46_67
36_54_69_74
65
69
72
54
42
42
69
66
33_42_54_67_72
35
54
42
42
54
46_65_67_72
69
54
40_66
42
42
54
43_67_72
35_42
54
40_42
42
46
54_65
45_67_72
54
45
42
42
42
54
35
67_72
54
42
42
46
54
65
67_72
54
40_42
42
54_71_74
42
43_69_74
35
42
45_54
42
46
36_54_67_69_74
65
69
72
38_54
42
42
69
33_35_54_66_67_72
42
54
42
42
46
54_65_67_72
69
40_66
54
42
42
43_67_72
42_54
35
40_54
42
42
45_46_54_67_72
65
45_54
42
42
35_54_67_72
42
54
42
42
46_67_72
54_65
40
54
42
42
71
74
43_69_74
35_42_54
54
45
42
42
46
36_54_69_74
65_67
69
72
54
42
42
69
35_54_66
33_67_72
42
54
42
42
46_54_65
67_72
54_69
40_66
42
42
54
35_42_43_67_72
54
40_42
42
54_65
45_46_67_72
45_54
42
42
54
67_72
35_42
54
42
42
72
67
54
46_65
40_54
42
42
35_43_54
69
74
42
45_54
42
42
36_46_54_69_74
65_67
38_54
42
42
69
54
35_36
69
42_75
54
42
42
46_54_65
69_75
54
31_69
42
42
34_42_54_69_75
35
54
31
42
42
46_54
36_69
65_75
54
36
42
42
54
35
42_75
69
54
42
42
54_65_69_75
46
31_54
42
42
54_71_74
34_35_42_69_75
54
35
42
42
46
36_54_65_67_69_75
69
72
54
42
42
69
33_54
35_42
66
67_72
54
42
42
46_54_67_72
65
69
54
40
66
42
42
43_54_72
67
35
42
40_42_54
42
46
45_54_65_67_72
45_54
42
42
35_67_72
54
42
54
42
42
67
46_54_72
65
54
40
42
42
54_71_74
42_43_67_72
35
54
42
45
42
46
54_67_72
36
67
65
69
72
54
42
42
35_54
36_69_69_75
42
54
42
42
54
46
69_75
65
54
31_69
42
42
54
34
35_42_69_74
54
31
42
42
54
36_46_65_69_74
54
36
42
42
54
35_69_75
42
54
69_75
42
42
54_69_75
46
65
54
69
31_75
42
42
69
54_71_74_74
34_42
35
42_54
35
42
67_69_74
36_46
54_65
69
54_72
42
42
54
33_66_67
35_69_72
42
54
42
42
46
65
54
67_72
69
40
54_66
42
42
43
35_42_54_67_72
54
40
42
42
45_65
46_54_67_72
45_54
42
42
54
35
67_72
42
54
42
42
46
54_65
72
67
40_54
42
42
35_42_43_54
72
67
42_45_54
42
46
36_67
65
54_67_72
54
42
42
69
35_36_54
42_69_75
54
42
42
46
65_69_75
54
54
31
69
42
42
34_35_54_69_74
42
54
31
42
42
46_69_74
36_54_65
54
36
42
42
54
69_75
35_42
54_75
69
42
42
69_75
46_54_65
54_75
31
42
42
34_54_69_74
35
42
54
42
42
46
36_67_69_74_74
54_65_71
42
54
42
33
42_66_69
35_54_67_72_72
54
42
72
54_67
54
66_69
