45
48
33
52
69
35_54_57
76
35
42
54
42
57
52
54
59
42
36
54
42
35
57
52
37_40
54
42
40
42
54
52
57
59
42
42_54
45
35_35
42_52
57
54
42
54
36
57
42_52_54
35_35
37_59
42_54
48
54
40_42
35
45
54
40_42
42
52
57
45
48_54
42
54
45
35_35_42
33
42
52_54
57
54
45_69
42_59
35
36_54_57
52
42
54
42_72
37_40
48
40_42_52_54
57
42
54
42_52_59_76
52_57
42_54
35_35_45
42_54
50_74
42_54
57
35_36_52
35
59
42_54
37_48
72
48
40_54
42
45
35
40_54
42_52
57_69
31
45
48
54
42
61
35
33_35_45
42_54
45_64
69
67
52_54_57
42
40
54
42_64
67
36_57
42
54
52_57
37
42_54_64_67
35
40_57
42_54
52_57
42_64_67
42
40_54
42_45_54
35
52_57_57
54
35_42
60
64
54
42
52_57
35
36
54
48
42
40
37
54
45
42
40_62_66
54
35_52_57
42_42
54
42_45
48
35_45
35_54
42_60
33_66
67
54
52
42_57
54
66
60_64_67
59
42_67
57
54
36
42
52_57
35
37
67
54_60_64_67
40_42
40
57
54
42
52_57
42
64
54_59
67
42
45
57
35_35_54
42
57
60
48
64
67
54
42
47
42
35
54
35
45
59_69
54
42_45_59
43
62_66
42
54
35_57
40
42_59
54
72
42
48
55
40
54
42
33
35_35_54_69_73
76
42
55_79
81
42
54
52_57
59
54
42
36
42
35_54
52_57
37
42_54
40
40
42
54
52
57
42
42
54_59
42_45
35_54
35_52_57
42_54
42
36
54_57
52
35
35
37_42
48_54
59
45
40
42_54
35
42
42
52_57
40_54
45
42
48_54
33
35_35_42_45_54
42_52
57
54
59_69
42_45_54
42
35_36
52_54_57
40_72
37_42
48_54
42_54
40_52_57
76
59
42_54
42_52
35_52_57
35_42_54
45
74
50_54
42
54
36_42_52_57
35
35
54
48
37_59_72
42_48
45
54
40
42
35
40
69
31_52_54_57
42
45
48
42
54
54
33
61
35_64_69
35_45
42
45
54
42_52
57
54
40
42
64_67
36_42_54
52_57_57
37
35_42
54_67
64
40
42
52_57_57
54
42
42
40_64_67
54
42
59
35_45
54
52_57
35_42_54_60_64
36
42
54
35
57
52
37
42_54
40
48
40
42_45_54
62_66
42
35_52
42
57
54
45
48
42
54
42_45
35
33_35
54
42
52
57
54
42
59
54_64
67
57
42
35_36
52_57
54
42
37
40_64_67
54
57
40
42
52_57
54
42_64_67
42_59
54
57
42
35
35_45_54
52_57
64_67
42
54
42
54_62
36_66
35
57
35_52
37
42
48_59
54
40_64
45_60
42
54
35
42
31
52
54_57
40
48
42
54
76
64
33
45
42_54
35
52_57
54
54
36
52
54_57
37
40
54
40
52_57
54
42
54
45
35
52_57
54
54
52_57
36
54
35
48
37
54
40
45
54
52
57
40_42
54
48
54
33
45
54
35
52_54
57
54
36_52_54_57
37
40
54
40
52_57
54
42
54
45
35
54
52_57
54
57
52_54
36
35
37
48
54
40
45
54
52
31_57
40_54
48
54
33
45
54
35
52_54
57
54
36
54
52_57
37
54
40
40
54
52_57
42
54
45
35
54
52_57
54
36
54
52_57
35
37
48
54
40
45
54
52
40_42_57
54
48
54
33
45
35_54
52_54
57
54
36
54_57
52
37_54
40
40_54
52_57
42_54
54_57
59_60
45
35
54
54
36
35
54_59
37
57
54
40
54_59
55
31_40
57
54
54
33_52
35
57
52
54
54
36
54
52_57
37
40
54
52
40_54_57
42
54
54
45_52_57
35
54
54
52_57
36
35
48
54
37
40
45_54
42
52_54
57
40
45
54
48_50
54
35_45
33
47
54
52
57
54
54
36
52_57
54
37_40
40_54
52_57
42_54
45
35_52_57
54
54
54
36
57
35
52
37
54
48
40
45
54
31_52
54_57
40
48_54
33
45_54
35
52_57
54
54
52_57
36
54
37_40
54
52_57
54
40
42
54
57
35_52
54
45
54
52_54_57
35
36
48
54
37
54
45
40
54
52
42_57
40
54
45_48
54
33_45
35
54
52
57
55
54
36_54
57
52
37
54
40
40
54
52_57
42
54
45
35
54
52_57
54
36_54
52_57
35
48
37_54
40
45
54
31
52
40_54_57
48
54
33
45
54
35
52
54_57
54
36_54
57
52
37
40
54
40
54
52_57
42
54
35_57
45_52_54
54
54_57
35_36_52
37_48
54
40
45_54
42
52
40_54
57
66
45
48
54
45_54
33
35
67
52_54
57
54
36
52_57
54
37_54
40
54
40_52_57
42
54
35_45
52_54_57
54
36_57
52_54
35
37
48
54
40
45_54
31
40_52
54_57_66
48
54
33
35_45
54_64
52_54
57
54
36_52
57
54
37_40
54
52_54_57
40
42
54
35_45
52_57
54
54
57
36_52
35_54
48
54
37
54
40_45
66
52
57
54
31
40
48
54
33_54
35_45
67
52_54
57
54
54
52_57
36
40
37_54
40
52_54
57
42
54
35
54
45
55_59
60
54
36
54
35
37
59
54
57
40
54
59
31
40_54
66
54
55
33
52_54
35_64
57
52_54
59
54
54
36
52
57
54
37
40
40_54
57
52
42
54
45_54
35_57
52
54
36
54_57
35_52
37_48
54
40_54
45
40_66
52_54
40_57
48_54
33
35_54_67
45
54
52
57
54
36
52_57
54
37
40
54
40
52
54_57
42
54
45
35
52_57
54
54
36
35
52_54_57
37
54
48
40
54
45
66
42
54
40_52
57
45
48
54
45_54_64
33
35
52
54
57
54
36_52_57
54
37
40
54
40
52_54_57
42
54
54
45
52_57
35
54
35_54_57
52
36
48
54
37
45
40
54
66
42
52
57
54
40
48
45
54
64
33_45_54
35
52
54_57
54
36_52_57
54
37
54
40
40
54
52_57
42
54
45_54
52_57
35
55
54
57
57
36_52_54
35
59
37
48
60
54
40
54_62
45
40_52_54_57
40
64
48_54
60
42
72
64
55_76
35
60_63
36
60
64
40_54
54
31_62
35_54
64
54
40_60
54
55
54
36
63
35
54_60
64
54
40_63
60
54
64
54
38
35
54
54
40
40
54
54
64
60
72
76
53_57
57
41
35_54
54
40
54
74
77
54
36
35
54
54
72
40_76
64
54
54
65
74
41
35_69
54
65
54
40
64
54
54_62_69
65
64
36
35
54
60
54
40_62
54
64
54
74
55_62_71
59_62
43
35
54
54
54
40
54
35_54
38
54
40
54
59
60
54
35
43_59
54
54
55
40_54
54
38
35
54
54
40
54
54
74
77
43
35
54
54
40
54
76
72
54
35
38
54
54
72
67
40
54
54
64
35_60
72_76
36_76
54
72
54
67
54
40
54_72
31
74
35_54
71
54
62
40
35_54
54
64
76
54
35_36
72
54
40
54
54
74
31
35_67
54
54
40
54
72
67
54
36
62
35
54
64
54
40
54
67
54
35
31
64
54
54
62
72
76
60
40
54
54
53_57_57_76
72
35
41_54
54
40
54
74
77
54
36
35_54
54
72_76
40
54
54
65
74
71
35
41
54
54
55
40_54
69
65
54_57
35_36_54_59
57
54
40
59
54
60
54
62
55
59_71_74
35_62
43
54
54
40_54
54
74
71
38
54
35
54
76
40_72
54
54
74
77
67
35_43
54
60
54
40
62
54
54
64
74
77
35
38_65
54
65
54
54
40_62
60
54
74_77
35
43_54_59
54
40
54
76
72
54
35
38_54
54
67_72
40
54
54
60
35_64
54
36
67_72
45
40
69
48
72
52
76
69
33_76
54
35
52_57
64_67
54
57
33
52_57
54
64
67
36
40
54
57
37
52_57
54
64_67
40
54
57
45_54
52_57
35
60
64
54
54
36
35_52_57
37
54
48
40
62_66
45_54
42
40
52
57
54
45
48
54
33_45
35
54
52
57
54
45_64_67
69
54
57
52_57
36
54
72
37_40_48_54_64_67
57
40_52_54_57
42
52_64_67
54_76
57
54
45_52_57
35
64
50_74
59
54
57
52
36_54
35
54
37
48_72
48
40_54_62_66
45
42
52_54_57
40_45_69
48_54
33
45_61
54
64
35_45_69
67
68
52
54_57
64_67
54
54_57
36_52_57
54
37_40
64_67
57
52_57
40
54
42_64_67
54
57
35_45_52_57
54
59
54_64
57
52_54
36
35
48
37_54
40
54
45
62
66
31_52
57
40_54
48
54
33
45
35
54
52
57
54
64_67
54
54_57_57
36_52
37_40_67
64
54
57
40
57
52
54
64_67
42
54
57
45
52_57
35
54
67
64
54
54_62
35_66
36
52_57
54
37
48
40_54
45_60_64
42
40_52_54
57
48
45
54
35_45
54
33
54
52_57
64
67
54
57
54
36_52_57
54_67
37_64
40
57
52_57
40_54
42_67
64
54
35
57
52_54_57
45
64
54_60
54
35_36
52_57
37_54
48
40
62_66
45_54
42
52
40_57
54
45
48
54
45
33_35
54
52
57
54
64_67
54
57
52_57
54
36
64_67
37
40
54
57
52_57
40
54
64_67
42
54
57
35_52_57
45
54
59
64
54
54
36_57
52
35
54
37
48
54
40
45
62
66
54
52_57
31_40
48
54
33
45
35_54
52
57
54
54
64_67
54
52_57
57
36
54_64_67
40
37
52_57
57
54
40
67
64
42_54
54
35
52_57_57
45
54
60_64
54
35
36_52_57
48_54
37
45_62_66
40_54
52
40_54_57
31
48
54
45
33
54
35
52
57
54
64_67
54
57
54
36
52_57
54
64_67
40
37
57
54
40
52
57
64
42_54
67
54
45_55_57
59_60
35
54_64_67
54
62
36
66
35
54
37
59
54
40_57
64
60
31_54_59
40
55
54
33
54
52
35
54_57
54
64_67
54
57
36_52_57
54
37_40_64_67
40
52_54_57_57
42
64_67
54
57
54
45
35_52_57
54_60_64
36
52_57
35_54
54
48
37
54
40
45
62_66
54
40_52
57
40
48
54
45
33_54
35
52_54
57
54
64_67
54_57
36_52_57
54_67
37_64
40
40_57
52_54_57
42
67
54_64
45
59
52_57
54
35
54
60
64
54
52_57
36
35
37_54
48
50
54
40_45
62
66
42
52
40_57
54
45
48
54
45
33_54
35
52_57
54
64_67
54
52_54_57
57
36
37
54
40_64_67
52_57
40_54_57
42
54
64_67
57
52_54_57
45
35
54_60_64
57
52
54
36
35
48
37
54
40_45
54
62_66
42_52
57
40
54
48
45
54
45
33
35
54
52
57
54
64
54_67
57
54
52_57
36
37_40_54_64_67
57
40_52_54_57
64_67
54
42
57
54
45
52_55_57
35
54_64
67
57
54
62
66
59
35
36_57
52
54
48
60
37
54
45_60_64
62
40
40_64
42_54
52_57
60
45_54
63
54
60
35_72_76
64_64
36_55_60
54
40
54
62
31_35
54
64
54
40
54_60
54
55
35_54_63
36
60
64
54
63
60
40
54_64
54
38
54
35
54
40
40
54
54
64
60
53_60
72_76
57
54_57
41
35
54
40
54
77
74
54
36
35
54
54
76
64_72
40
54
65
54
41
74
35
54_69
54
65
54_64
40
54_62
65_69
36_54_64
35
54
60
40_62
54
64
54
71
74
43_55_59_62_62
35
54
54
40
54
54
38
35
54
54
40
59
54
54_60
43
35_59
54
54
40
54_55
54
38
35
54
54
40
54
54
74
77
43
35
54
54
40
54
54_76
72
54
35_38
54
54_67_72
40
54
72
60_64_76
35_54
36
76
54
72
40_54
67
54
72
54
31_74
35
54_71
35
62
54
40
54_64
36_72_76
35_54
54
40
54
54
31
74
35_54_67
54
40
54
54
67_72
36
62
35_54
64
54
40
54
54
67
31
64
54
35
54
62
54
40
60
54
57_72_76
53
54
35
57
41
54
54
40
54
74
77
54
35
36
54
76
54_72
40
65
54
74
69
41
54
35
54
55
40
54
57
54_69
65
36
59
54
35
57
54
40
59
54
54
60
55_62_71_74
43
54
35_62
59
54
40
54
54
71_74
35
38
54
54
76
72
40
54
54
74_77
43_54
35
67
60
54
40_62
54
64
54
38_74_77
65
35
54
65
54
62
40
54
60
54
74
43_77
35_59
54
54
40
54
72
76
54
38
35
54
54
72
67
40_54
54
55
60_64
54
35_67
36_72
40
45_69
48
72
52_76
54_69
76
52
33
35
54
52_57
54_64
67
57
36
54
52_57
67
64
37_54
40
40_57
54
52_57
42
64_67
54
45_57
54
35
52_57
54
60_64
36
54
52
57
35
37
48
54
40
45_62_66
54
42
52
40
57
54
45
48
54
45
33
35
54
52
57
54
64
45_69
67
54
57
52_57
36
54
72
64_67
37_48
40_54
57
40_52_54_57
64
42_52
67_76
54
57
45_54
52_59
35_57
54
50
60_64_74
54
36
57
52
35
37_54
48
48
72
40
54
45
62_66
42_54
40_52
69
45_57
48
54
33
45_54
35_45_61
64
67_69
68
52
57
54
64
67
54
57
52_57
54
36
37_64_67
40
54
52_57_57
40
54
42_64
67
54
59
35_45_52_57
54
54
60
64
54
52_57
36
35
48
37
54
40
45_54
62
66
52_54
31
40_57
48
54
33
35
45
54
52
54_57
64_67
54
57
54
52_57
36
64_67
40
37
54
57
40
52_54_57
64_67
42
54
57
35_54
45
52_57
64_67
54
62_66
54
36_57
52
35
47_54_71
37_48
60_64
40
54
45
40_54
52
50_74
40_57
48
42
54
45
54
35_35_54_71_78
56
54_59
66
69
54
60
54_56
38
60
59
66
69
39
40_54
42
61
54
59
54_55
54
44_66_69
54_61
47
35
54_59
54
62
66
54
38_59
54
35
51
54
39
42
54
47_64_68
44
54
54
59
40
47
51
54
35_47
35_54
54
59
54
66_69
54
47_71
61
54_59
38_54
69
66
39_50_54_74
40
42_59
54_59
54
44
54_66_69_78
54
59
54_59
35_47
54
54
52
61_76
64
54_59
54
38
35
54
51
74
39_50
42
47_54
62_66
44
71
54_54_59
40
47
51
54
35
63
35
47_47_54_66
69_71
54_54
59
69
66
54
54
59
38
54_59
54
39_66_69
40
59
42_54
54_59
54
44
66_69
59
54
35_47
59
54
54_62
66
38_54
59
35_54
39_54
51
42_54
64
68
47
44_54
40_54
59
47_51
54
35
47_54
35
54
54
59
54
66_69
54
38
54_59_59
54
39_40_66_69
42
59
54
54_59
44_66
54_69
59
54
54_59
47
35
54
66_69
64_68
59
54
54
35
69
45_54
51
62
66
54
47
40_48
54
54_59_72
54
33
52
35_64
54
52
57
54
67
64
54
57
36_54
52_57
64
67
37
54
40
57
40_54
52_57
42
64_67
54
45
57
52
57
35
54
54
64
36
57
54
52
35
37
54
48
54
40_62_66
45
42
52_66
40_54_57
45
48
54
33
45
35_54
67
52
57
54
64_67
54
52_54_57
36
57
54
37
64_67
40
40_52
57
54_57
42
64
54_67
57_57
45_52
54
35
60_64
54
54
36
57
35_52_55
48_54
37
40
45
54
62
66
52
31_54_57
40_66
48
48
54
33
45
35
54
64
52
57
54
64_67
54
57
36_52_54_57
40
37_54
64_67
57
52_57
40_54
42
64_67
54
54
52_57_57
45
35
54_64
60
57
52_54
36
35
48
54
37
45
40_54
62
66
52
57
31_54
40_66
48
54
33
45
54
35
67
52
57
54
64
54_67
57
36
52_54_57
64
67
40_54
37
57
54
40
52
57
64
42_67
54
57
45_55
35_54_59
60
64_67
54
54
62_66
35_36
37
54_59
40_54
64
57_60
40_59
31_54
66
57
54
33
54
35
64
54
52_57
67
64
54
57
54
36
52_57
64_67
54
37_40
57
40
54
64_67
42_54
57
54
52_57
45
54_60_64
35
57
52
54
36
37_54
48
40_54
62_66
45
52
54
40_57
40
66
48
54
33
54
35_45_67
54
52
57
54_64_67
57
54
36
52
57
54
64
40_67
37
57
54
40
57
52
42_54_64_67
54
57
35
52_57
45
54
60_64
54
35
57
52
33
48
54
36
54
62_66
45
40
54
52
42_57
40
66
48_54
45
54
35
33_45
64
54
52
57
67
64
54
54
36
57
52_57
37
54
64_67
40
40
54
52_57
57
42
67
64
54
45
52_57
54_57
35_60_64
54
36
52_57
54
48
37_54
45_62
40_66
54
52
42_66
54_57
40
48
45
54
45
35
33
54
64
52
54_57
64_67
54
54
52_57_57
36
64
37_54_67
40
40_54_57
57
52
42
54_64
67
54
35_45_57
52_55_57
54_57
64
67
54
36
66
59_62
35
54
37_60
54
40_62
60_64
42
40
64
45
60
63
35_55
36_60_60_64_72
76
64
40
54
54
35
62
31_54
54
64
54_60
40
54
55
54
36_63
35
60_64
54
54
63
40_60
64
54
38
35_54
54
40
72
40_76
54
54
64
60
72
76
53_57
41
35_54_57
54
54
40
54
74_77
54
35
36
54
54
64
72
40_76
54
65
74
41_69
35
54
54
65
54
64
40
65
69
62
54
36
64
35_54
54
60
40
54
62
64
54
74
55_59
62_71
43_62
35
54
54
40
54
54
35_38
54
54
40
59
54
60
54
59
35_43
54
54
40_54_55
54
38
35
54
54
40
54
54
74
77
35_43_54
54
54
40
54
76
72
38
35
54
54
40_67
72
54
54
72
76
76
36
35
54
72
54
40
67
54
53
72
60
54
57
31_35_74
54
71
54
62
54
40
35
54
64
72
54_76
35_36
64
54
40
54
55
54
31
74
54_67
35
54
40
54
54
67
72
36
62
54
35
64
54
40_54
54
67
31_64
54
35
62
54
40
76
54_60
54
57
53
35_41_54
57_72_76
54
40
54
54
77
74
54
35
36
54
72
76
40
54
54
65
74
69
35
41
54
54
40
54
55
54
57_69
65
54
35
36_59
57
54
59
54
40
60
54
59
55
62
74
62_69
54
35_43
54
40_54
54
54_71
35_38_74
54
76
40
54
54
74
43
77
35
54
67
54
60
40
54
62
54
64
38
74_77
35
54_65
54
65
40
54
62
54_60
77
74
54
43
35
59
54
40
54
76
54_72
35_54
38
54
72
67
40
54
54
35_60_64
36_54
67_72
60
54
31
40
54
54
33
54
35
54
35
40
54
54
36_63_72_76
54_60
35_64
54
40_54
54
31
35_62
54
54_64
40
54_60
54
55
36
54
35
63
60
64
54
40
54
63
60
64
54
38
54
35
54
40
40
54
54
64
60
72_76
53_57
41
54
35
57
54
40_54
54
74
77
54
35
36
54
72
76
64
40_54
54
65
74
35_69
41_54
65
54
54
40_64
54_62
69
65
54
64
35
36
54
60
54
40
62
54
64
71_74
55_59_62
54
35_62
43
54
40
54
54
38
35
54
54
40
54
59
54
60
35_43_54
59
54
40
54
55
54
38
54
35
54
40_54
54
54_74
77
43
35
54
54
40
54
76
72
54
35_38
54
54_67_72
40
54
60
64
72
54_76
35
76
36
72
54
54
67
40
72
54
54
74
35
31
71
54
35_62
40_54
54
64
72_76
54
36
35
54
54
40
54
67_74
54
31_35
54
40
54
54
72
67
36
54_62
35
64
54
40
54
54
67
36
38_64
54
35
54
62
40
40_54
60
54
54_76
41_57
53
35
57
54
54
40
54
74
77
54
35
36
54
54
40
76
72
54
54_74
41
35_65
69
54
54
40
55
69
57_65
54
35_54
38
59
54
57
54
40_41
59
54
60
55_59_62_71_74
54
43
35_62
54
40
54
54
71_74
35_38_54
54
72_76
40
54
54
74_77
35_54
43
67
54
60
54
62
40
64
54
77
74
65
38
35
54
65
54
40
54_62
54_60
77
43_74
35_54_59
54
54
40
76
72
54
38_54
35
54
67_72
40_54
54
64
36_54_60
35
67_72
60
54
40
54
54
54
36
35
54
54
40
41
54
54
71_74
59_62
43
35
62
54
40_54
54
54_71_74
38
35
54
72
76
54
40
54
54_74_77
35
43
67
54
60
54
40
62
54_64
74_77
54_65
38
35
65
54
40_54
62
54
60
54
59_74_77
35
43
54
54
40
54_76
72
54
35_38
54
67
54
40
60_64
67_72
35_36
40
69
45
36
72
48
40
76
52
54_69_73
76
33_52
35
52
57
54
54
36
54
37_40
52_57
54
40
42
54
54
35
45
52_57
54
54
36
52_57
35
54
37
48
40_54
45
42
54
40_52
57
45
48
54
33
45_54
35
54
52
57
45_54
69
54
52_57
36
54
40
72
37_48
52
54
40_57
42
52_76
54
35_52_54_57
45
54
50_74
54
36_52_57
35
37_54
48
72
48
40
45_54
31_52
54_69
57
45
40
48
54
33
45_45
54
63
35
66
71
69
52_54
57
54
36_52_57
54
37_40
54
54
40_52_57
42
54
35
54
52_57
45
54
54_57
35_36_52
54
48
37
40_54
45
42
52_54
57
40
45_48
54
64
45
33
35
54
52_54
57
54
54
36_52_57
37_54
40
40
52
57
54
42
54
57
35_45_59_60
54
48
54
47
35_54
45_59_69
45
54
57
43
54
42_59
72
48
40_54
40
57
54
69
73
33
76_79
35
55
54
57
52
54
54
57
52
54
35
54
37
40
52_57
40_54
42
54
35
52_57
45_54
54
54
35_57
52
36
48
54
37
40
45
54
52
31_54
40_57
48
54
33
45
35_54
52
54_57
45
69
54
54
36_57
52
54
48
37_72
40
52_57
54
40
42
52_76
54
54
35
45_57
52
54
50_74
36_54_57
35
52_53
37
48
54
72
48
40
54
45
31_52
57_69
40_54
45
48
50_54
33_45
54_61
35
45_64
69
67
52
57
54
54
36
52_57
54
37
40
54
40
52
57
42
54
45
35
52_57
54
54
36
35
57
52
37_48
54
40
45_54
40_52_54
31_57
48
54
33
45
35
52
57
54
54
52_57
36
54
40
37
52_54
40_57
54
42
54
35
45
52_57
54
54
36
35_57
52
54
48
37
40
45
54
40_52
57
31
48
54
54
35
33
45
40
96
40
84
43
84
96
40
84
96
35_84
96
45
84
96
96
35
40_84
96
84
43
96
84
96
84
96
84
43
40
96
84
45
96
84
96
35
33_84
96
84
45
96
84
96
84
96
40_84
96
84
43
40
96
40
91_94_95
35
45
96
40
35
88
43
40_43
88
93
87
45
84
35
33
85
45
40
40
43
40
35
45
35
40
43
40
43
45_76
72
67
35
33
73
45
67
66
67
40
40
45
40
35
45
35
40
43
40
43
45
35_96
33
84
96
84
45
96
84
84
96
84
40
40_45
95
83
95
83
95
83
40_95
35
84
45_96
84
96
84
35_40_96
84
43
95
83
83
95
40_43
83
95
83
45
95
35
33_84
96
84
45
96
84
96
40
40_81_88
45
87
91
40
35
45
87_88
81
40
35
84
43
85
79
40_43
83
45
79
35
33
45
76
40
40
45
78
40
35
45
74
40
35
71
72
43_73
66
67
40
43
71
45
74
35
33
78
45
77
75
40
76
40
45
71
73
40
69
45
35
67
66
40
35
64
43
40_43
45
33_35
45
64
63_69
40
64_69
45_63
40
35
63_64_69
45
59
35
40
60
43
57
52
40_43
51
45
50
33_35
45
63_64
69
40
45
69
63_64
40
40
35
63_69
64
45
35
40_59
43_60
62
55
43
45_54
35
52
33
45
63_64_69
40
40
45
63_64_69
40
63_69
35_64
45
40
59
35
43_60
57
43
40
55
45
54
52
35
33
63_64
69
45
40
69
64
63
40
45
40
63_64_69
35
45
64
35_40
43
69
68
40
43
69
45
35
33
45
69_81
40
84
83
72
45
40
69
81
40
45
35
88
76
88
76
88
40
35
43
75_87
74_86
43
72_84
40
45
35
33
45
69_81
40
72_84
40
45
74_86
40
35
45
75
87
76_88
35_40
77
89
43
78_90
40_43
91
79
45
35
33
45_69_81
84
40_72
40
45
69
81
40
75
87
35
45
76_88
79_91
35
40
80
43_92
81
40_93
43
96
45_84
35
33
81
93
45_91
84_96
40
40
45
85
97
84
96
40
45
85_97
35
85_97
40
35
85_97
43
85
97
85
97
43
40
97
45_85
97
85
33_97
85
97
85
45
97
85
97
97
40
97
45
86
98
40
85
97
45
84
96
40
43
43
45
33
45
40
45
40
45
40
43
43
45
