36
79
51
60
48
55
75
77
72
79
75
48
72
77
51
72
72
46
53
50
58
34
79
75
77
72
79
75
46
72
77
50_58
53
72
72
46
79
32
51
44
48
56
75
77
72
79
75
72
77
72
72
44
32
72
48
84
48_51
56
44_72
46
34
72
50
84
63
50
53
58
72
46_62
60
79
48
36_53
51
75
55
60
77
72
79
75
77
72
48
79
34_58
46
75
50
77
53
58
72
79
75
72
77
72
72
46
56
79
32_44
75
48
51
77
56
72
79
72
75
77
72
72
51
32
44
72
56
48
84
56
51
56
72
44
46
34
58
72
50
53
50
53
58
50_84
72
48
36
53_63_79
51
67
60
55
48
75
67
67
39
51_58
55
39
46
51
58
55
36
46_53
58
50
65
62
34
60
55
36
60
51
63
48
55
60
60
60
55
55
41_57
29
48
53_57_60
84_84
65
60
81_81
60
82_82
60
79_79
81_81
77_77
75_75
77_77
79
63_67
36
79_79
48_51
60
55
75
75
72
72
55_58
39_51
39
46
67
51
55_58
46
70
39
62_65
34
46
53_58
50
60
63
55_60
51
36_48
55
60
60
60
48
51
55
48
65
57
60
53
29
57
41_84_84
60
45
81_81
60
48
82_82
60
79_79
81_81
60
48
77_77
45
75_75
41
77_77
67
63
36
51_60
48
55
60
53_79_79
60
60
60
48
51
55
65
41
57
60
29_53
84_84
57
60
45
81_81
60
48
82_82
60
79_79
65
81_81
45
77_77
69
60
48
75_75
41
58
53_77_77
53
67
60
63
36
60
36_51_55
53_79_79
63
43
36
42
58
62
43
67
31_58
55_62_67
53
55
58
50
62
42
43
67
29_41_60
65_65_69
57
60
58
72
57
46
48_69
60
42
63
70
53
42
65
60
57
67
46
42
72
69
69
48
42
65
69
65
53
41
46
41
42
63
60_67
36_60
60
36_51
55
53
43_63
48
42
58
43_62
58_62_67
55
67
31
53
50
55
42
43
67
65
41
57_60
58
29
65
46
60_69_72
57
60
69
48
42
63
70
53
42
65
67
46
42
72
69
69
48
42
65
69
65
41_41
46
42
67
63
60
36_51_60
55
60
36_53
43
63
48
42
58
62
67
58_62
43_55
67
31
53
42
50
43
72
65
60_60_65
57_69
41_57
46
29
72
69
48
69
42
70
70
53
42
67
69
60_65
57
67
46
42
69
48_69
42
65
53
65
46
41
42
46_53_58_58_70_77_82
46_65_70_74
50_62_65
34
58
47_48
45_47
46
43_45
39_70
46_58
51_55_63_67
39_58
51_58_63_70
36_49_57
79_82
75
70
39
36
74
39
36
72
70
42
39
58_58_65
34_46_53_62_70
46
77_82
50_74
58_65_70
70
47_48
45_47
46
43_45
39_70
58_63
39_51_67
46_51
55_58_70
63_75
58
79
36_49_57_82
70
39
36_70
39
36
74
77
42
39
74
70
46_58_58_58_65_70
53
34_62_65_74_77_82
46_50
47_48
45_47
43_45
70
46_51
39_55_58_58_63_70
39_58_63
36_49_57
51_67_79
75
82
77
39
36
39
74
36
70
42
70
34_82
74_77
53_58_58_62_70
46_65
46_50
65_70
58
47_48
45_47_70
43_45
39
58_70_70_79
63_75_82
39_58_63
51_67
55_58
36_46_49_57
51
70
70
39
36
39
74
36
77
42
34_70
65
62_65_70_74
46_58_58
77_82
74
45_48_53_58
46
50
70
63
58_75_79
82
46_51_58
55
39_43_48
58_70
63
39_67
51
58
65_70
50_77_82
46_74
53_58
34
45_47
58_70
46_65
62
77
70
74
65
58
82
58
46
53
34_50
58
65
46
62_70
43_48
58
82
70
63_72_79
75
46_58
51
55
39
41_48
58
70
39_63
67
51
74
72
70
75_79
82
46
51_55_58_70
39
58_63
58_70
39_43_48_49_57_67
63
51
46
36_45_48
51
40_43_47
39
60_64_67
55
36
48
36_49_51_53_57_60_64_67
48_79
36
77
48
36_64_67
55_60_79
52_67_72
76
60_67_72
48
36_40_51_53
48_52
55
76
36
67_72
60
48
48
36
48
36_51_53
36
48
60_64_67
52
55
72
36
48_52_55
48_72
67_79
76
67
60_72
48
36_40_51_53
72
60
48
67_72
36
72
44
32
56_60
68
63_75
44_51
36_51_53
32_48
44
68
72_75
63
51
56
51
32
44_48
44
75
36_40_51_53
32_56_68
60_77
63
44
32
44
36_51_53
32
44
48
75
32_63
68
72
44
56
44_51
56_68
48
51_60_63
36_40_51_53
32
44
44_72
36
48
48_55_60_64_67
79
36_51_53
36_48
77
72
67_76
79
60_67_76
72
52
48_55
36_48
60
48_64
55
67
36_40_51_53
60
67_72
36_43
48
36
48_76
36_51_53
64
48_55_60_67
36_48
43
60_67_72
48
67_72_76
52_79
48_55
36
72
36_40_51_53
36
36_48
72
32
56_60
44
51_63
44
75
36_51_53
32
44
48
32
51_56
44
75
48_63_68_72
44_75
36_40_51_53
32
60_63
56
51
77
44
32
44
36_51_53
32
48
72
44
48
51
44_56
48
32_68
63_72_75
51_72
44
36_47
32
44
44
70
30
42_66
70
73
58
58_61_61_70
42_49_58_66_66_70
46_54
54
42_54
36_42_49_57
42
30
73_73
42_58_70
54
42_66_70
46_58_61_66
49
54
54_66
42_58_61_70
46
70
40_42
49
58
61_66_70_73
54
46
42
39
67
63
39_70_70
51
27_39_58
55
46_63
51_70
58_67
63
36_42
46
51
46
58_70
67
63
67
63
40_42
46
70
51
46
39
27
66
73
66_70
58_70
61
30_49_66
42
42_58
54_70
46_58
36_42_42_61_66
54
49
70
54
73
46
58_70
61_66
73
61
73
40_42
49
54
73
46
42
30
75
32
63
75
44_68_72
63
63_68
44_56_72
51_56_75
48_63_72
44_60_68
36_42
75
51
56
63
46
63_68
60
63
40_42
51
63
60_68
56
46_72
44
32
75
47_59_71
63_66_66
63
59_71
75
35_51_54_66_71
63
36_42_59
47
47
71
75
46
66
54_63
71
59
73
75
40_42
73
54
63
75
66
71
59
46
47
76
49
57_61
52
64
45
69_73
57_64
76
33_61_64_69_73
52_76
45_57_64_69
45
36_40
33
73
64_69
76
69
73_76
52_64_69
45_64
57
61
49
57
45_57_61
45_52
64
36_49_57
76
36
36
45_52
74
45
45
74
65
62
38_62
50_50_62
50_57
53
36_53
81
77
79
74
81
74
77
50
79
53
74
74
50
48
36
48_52_55_60
81
77
79
74
81
77
48_74
79
36_52
74
48
74
46
34
58_81
46_53
50
77
79
74
81
77
46
74
79
50
74
46_74
41
46
53
74
46
34
50
86
46
34
58
50_53
74
46
48
48
53
43
36_52
74
43
86
52
55
60
36
74
48
36
50
38
93
53_57_62
81
36_50_53
89
77
89
79
74
50
81
93
77
89
74
53
79
89
57
53
74
62
53
74
50
57
93
48
48
55
81
36_52_60
89
77
89
52
79
74
52_55
93
81
89
74
77
48
52
89
79
55
52
74
60
52_55_74
48
46
46_93
34
58_81
50_53
53
89
77
50_89
79
74
53_58
50
81
93
77
46
89
74
79
89
50
74
74
46
93
34
38
50
53
41
74_89
34
53
89
46
53
50
58
86
34
74
46
36
93
48
48
53
36
89
74
43
52
40
86
89
52_55_60
74
36
36
50
93
38
36_42_62_65_81
65
53
62
57
50
89
77
77
89
42
65
57_62
53
37_42
53
74
42
57
38
50
74
36
60
41
57_65
60_69
41
36_42
48
69
53
42
65
57_60
48
37_42
64
40
41
62
64
42_60
48_55
57
38_57
65
62_62
53_57
36_42
50
38
45
62
50
42
62
62
57
53
37_42
45
38_57
42
57
36
59
59
67
59_62
43_55
31
36_42_86_86
62
83_83
62
55
42_84_84
62
62
55
59
50_81_81
37_42_83_83
62
47
79_79
55
50_59_62
42_77_77
43
31
79_79
81
84
65
53_57_62_65
38
38
36_42_81_81
77
81
45
77
81
50
42
62
57_65
53
37_42
50
74
57
77
42
50_74
77
38
36
74
60
69
41
65
60
41_57
36_42
69
74
48
42
53
65
57_60
37_42
48
72
64
40
41
62
48
42_64
60
55
57
57
38
65
57
53_62_62
50
36_38_42
62
62
42
45
57_62_62
53
50
37_42
45
38
57
42
57
36
59
67
62
55
31_59
43
59
36_42_86_86
83_83
62
42_84_84
62
55_59
50
62
81_81
37_42_83_83
62
47
79_79
62
50
48
42_77_77
62
43
31
37_46_79_79
57_65
38
77
65
57_62
38
36_42_81_81
76
45
74
50
42
76
62_65
57
53
77
37_42
74
45
69
38
42
38
69
36_46
67
59
31
62
43_74
55_59
36_42_86_86
83_83
72
42_84_84
69
62
55
59
50
81_81
37_42_83_83
47
46_79_79
43
42_77_77
62
31
62
46_79_79
57_65
65
53_57_62
38
38
62
36_42_81_81
65
45
50
37_42
60
65_69
41_53_57_62
41
43
36_37_42
50
37_42
41
62
67_74
31_59
86
36_46
59_62_67
55
41
43
47
71_83
42
50
37_42
72
55_67
59_84
62
36_46
42
69
81
37_42
50
83
71
71
62
67
59
36_46
55
79
43_67
37_42
65
62
57
38
62
57
38
62
36_42
65
45
57
65
50
37_42
69
57_60_65
69
41
60
41
36_37_42
48
53
37_42
41
74
31
62_67_71
59_62_67_86
59
43
36_46
71_83
50
42
55
37_42
84
72
71
59_62_67
36_46
42
81
69
50
37_42
83
71
55
36_46
31
79
43
67
37_42
65
57
62
69
65
57_62
62
38
38_40
36_42
45
65
50
37_42
60_65
57_69
41_69
43
60
41
36_37_42
48
53
37_42
41
74
62_67_71
59_86
62
67
43
59
31
36_46
71
83
50
42
55
37_42
72
84
71
62_67
59
36_46
42
50
81
69
37_42
83
43
71
36_46
79
67
37_42
64
60_67_72
36
36
64
48_67_72
60
47_48
60
52
55
48
72
64
60_67
45_47
43_45
69
65_72
41_60_65_69
53
60_65
29_69
72
36_49_57_57_60
53
48
72
41
36
29
41
29
36
76
74
72
42
36
60
55_64_67_72
48_60_64_67_72
52
60
72
64_67
60_72
47_48
36_48
45_47
43_45
60_65_69_72
65
60_65_69_72_72
29_53
41_53_60_60_69
36_48_49_57_57
72
41
29
36
72
41
29
36
76
79
42
76
64
60_67_72
64_67_72_72
36_60_60_64_67
48
60
55
36_48_52
47_48
45_47
43_45
29_72
60_65_65_65_72
41_57_60_69_69_69_72
36_49_53_57_60
53_60
48
79
41
29
36
76
41
29
36
74
72
42
72
60
55
48_52
36
60
64_72
64_67_72
60_67
36_64_67_72
60
48
47_48
72
45_47
43_45
65_72
60_69
60
57_65
29_48_53_69_72
72
60
53_60_65_69
41
72
36_49_57_60
72
29
41_72
36
29
76
41
36
79
42
60
64
36_67
72
76
60_60_64_67_72
36
48_55
48
52_67_72
64
60
45_48
65_72
29_69
60
60
69
65
72
60_65
72
41_53_69
48_53
57
60
43_48
60
36
67
64_72
64_67_72
60_60
67_72
55_60_64
48_52
48
36
45_47
60
67_72
64
64_67
52_72
29_48
36_55_60_60
48_64_67
60
72
43_48
74
48_60
53
69_72
60_65
57
60
65_69_72
65
36_41_72
52
40_53_60
69_76
41_48
74
72
65_72
69
60
65
69_72
60
53
41_53_60_65
48_57_60_69
72
29
43_48_49_57
36
40
72
29
36_49_51_53_57_60_64_67
48_79
36
77
48
36_64_67
55_60_79
52_67_72
76
60_67_72
48
36_40_51_53
48_52
55
76
36
67_72
60
48
48
36
48
36_51_53
36
48
60_64_67
52
55
72
36
48_52_55
48_72
67_79
76
67
60_72
48
36_40_51_53
72
60
48
67_72
36
72
44
60
32
56_60
68
63_75
44_51
36_51_53
32_48
44
68
72_75
63
60
51
56
51
32
44_48
44
75
36_40_51_53
63
32_56_68
60_77
63
44
32
44
36_51_53
32_65
44
48
75
32_63
68
72
44
56
44_51
56_68
48
51_60_63
36_40_51_53
67
32
44
44_72
36
48
48_55_60_64_67
79
36_51_53
36_48
77
72
67_76
79
60_67_76
72
52
48_55
36_48
60
48_64
55
67
36_40_51_53
60
67_72
36_43
48
36
48_76
36_51_53
64
48_55_60_67
36_48
43
60_67_72
48
67_72_76
52_79
48_55
36
72
36_40_51_53
36
36_48
72
32
56_60
44
51_63
44
75
36_51_53
32
44
48
32
51_56
44
75
48_63_68_72
44_75
36_40_51_53
32
60_63
56
51
77
44
32
44
36_51_53
32
48
72
44
48
51
44_56
48
32_68
63_72_75
51_72
44
36_47
32
44
44
70
30
42_66
70
73
58
58_61_61_70
42_49_58_66_66_70
46_54
54
42_54
36_42_49_57
42
30
73_73
42_58_70
54
42_66_70
46_58_61_66
49
54
54_66
42_58_61_70
46
70
40_42
49
58
61_66_70_73
54
46
42
39
67
63
39_70_70
51
27_39_58
55
46_63
51_70
58_67
63
36_42
46
51
46
58_70
67
63
67
63
40_42
46
70
51
46
39
27
66
73
66_70
58_70
61
30_49_66
42
42_58
54_70
46_58
36_42_42_61_66
54
49
70
54
73
46
58_70
61_66
73
61
73
40_42
49
54
73
46
42
30
75
32
63
75
44_68_72
63
63_68
44_56_72
51_56_75
48_63_72
44_60_68
36_42
75
51
56
63
46
63_68
60
63
40_42
51
63
60_68
56
46_72
44
32
75
47_59_71
63_66_66
63
59_71
75
35_51_54_66_71
63
36_42_59
47
47
71
75
46
66
54_63
71
59
73
75
40_42
73
54
63
75
66
71
59
46
47
76
49
57_61
52
64
45
69_73
57_64
76
33_61_64_69_73
52_76
45_57_64_69
45
36_40_57
33
69
73_76
52_64_69
45_64
57
61
49
57
45_57_61
45_52
64
36_49_57
76
40_57
40
43_47
40_49
40
43_45
95
93
91
89
88
86
84
83
81
79
77
76
74
76
72
71
69
67
40_57
65
64
62
60
59
57
40
55
40
40
38
78
26
36_49_49_51_53_57_57
81
26
57_66
54_62
50
26_62
54_57
50
74
66_78
69
74_86
36_40_49_51_53
38
26
45
26
36_51_53
66
54
57
26_62
50
74
38
26_62
57
50
54
66_74_78
69
74
36_40_51_53_57
26
74
62
58
53_65
46
77
50
34
62
36_51_53
34
65_70_74_77
62
77
62
58
34_50_53
36_40_49_51_53
79
62_65
50_53_58_65
34
34
36_51_53
67
46
34
62_77
53_58_58_62_65_65_70_74
50
50
53
34
36_40_51_53_57
74
46
69
34
38
81
26
36_51_53
45
79
26
78
74_78
66_69
62
57
54_54
50_50_62_66
26_57
74_86
36_40_49_51_53
26
26
78
36_51_53
26
50
66
54
62
57
45
26
74
57_62
66_69_78
50_54_74
36_40_51_53_57
26
38
74
65
58_62
46_53
34_50
77
36_51_53
34
58_62_77
50_53
34
70
74
65
36_40_49_51_53
58_62_65
53
79
50
34
34
36_51_53_72_84
73_85
74
46
34
74_86
75_87
62
74
50_53
65
58_58
53_62
50
34_74
65_70
36_40_51_53_57_74_86
72
46
40_73_85
34
40_72_84
40_70_82
44
56
60
51_63
32_48_68_72
60
36_42_49_57_72_84
60_63_68_72
60
44_51
56_75
60
48_51_56
32
36_46_72_84
72
40_42
44
75
51
56
46
44
53
48_60
41
69
65_72
60
65_72
29_40
60
57
48
36_42
53
41
46
45
53_60
57
69
65
40_42
48
57
65_72
53
57_60
46
41
29
36
68
44
63
60
68_72
32
36_42
48
56_60
51
72
51
75
46
63_68_75
60
56
63
75
40_42
51
56
75
46
44
77
32
46
65_77
65_70
62_74
34
50_62
53_58
36_42
53
65
58
46
65
62_65_70
40_42
53
65
62
58
70
46
46
34
36
61
65_73
68
49
37
37
68
61_65_73
56_61
49
36_42_53
73
77
46
68
61_65
73_75
49
77
40_42
44
75
37
73
46
78
35_51
54_59
47
59_63_63_71_71
66_66
59
47
36_40
35
63_66_71_78
59
51_54_59_63
47_71
59_66
47
36_49_57
76
36
47
28
83
52
36_52_53_55_59_64
64
79
81
76
83
79
76
81
76
76
54
57_62
26
50
83
79
81
76
83
79
76
81
76
76
24
52
55_60
83
48_53
79
81
76
83
79
76
81
76
76
36
53
43_76
48
60
55
52
88
76
26
53
38
76
45
88
57_62
50_54
76
53
53
64
40_59
55
28
83
53
79
47
52
81
76
83
79
76
81
76
76
26
54
62
57
38
53_83
45
79
50
81
76
83
79
76
81
76
76
24_83
60
36_55
52
53
79
43
48
81
76
83
79
76
81
76
76
60
55
36_52
53
76
43
88
48
76
53
26
54
57
38_62
45
76
88
50
76
28
55
40
59_64
