36_69
36
36
36
69
69
38
38
69
60_69
36
36
69
36
36
60
38
38
36_69
36
36
36
69
69
38
38
69
60_69
36
36
69
36
36
60
38
38
36_69
36
36
36
69
69
38
38
69
60_69
36
36
69
36
36
60
38
38
36_69
36
36
36
69
69
38
38
69
60_69
36
36
69
36
36
60
38
38
42
42
42
42
33_36_42_67_69_84
42
42
33
42
36
69
33_42
42
42_69
33
42
33_36_38_42
42
84
38
69
42
36
42
42_60_69
33
42
33_42
42
36_42
33_42
69
33_42
36
42
42
33
42
33_42
60
42
33
33_36_38_42
42
38
42
33
36
42
33_42
42
33
33_42
42
33
31_36_42_62_69
67
42
36
42
31
42
69
31_42
42
42_69
31
42
31_36_38_42_64
62
42
38
69
42
36
42
42_60_60_69
64
31
42
29_42
42
36_42
69
42
29
36
29_42
42
42
29
42
60
29_42
42
29
29_36_38_42
42
38
42
36
29
42
29_42
42
29
29_42
42
29
60
33_36_42_67_69_84
42
42
33
42
36
69
33_42
42
42_69
33
42
33_36_38_42
42
84
38
69
42
36
42
42_60_69
33
42
33_42
42
36_42
33
42
69
33_42
36
42
42
33
42
33_42
60
33
42
33_36_38_42
42
38
42
33
36
42
33_42
33
42
33_42
42
33
67
31_36_42_62_69
42
36
42
31
42
69
31_42
42
42_69
31
42
31_36_38_42_64
62
42
69
42
36
38
42
42_60_60_69
64
31
42
29_42
42
36_42
69
42
29
36
29_42
42
42
29
42
60
29_38_42
42
38
29
29_36_38_42
42
38
42
29
36
42
29_38_42_67
67
38
42
29
60
29_38_42_67
42
67
38
29
33_36_42_69_84
69
42
42_69
33
42
36
69
33_42_67
42
42
67
33
42
33_36_38_42_69
42
84
38
69
42
36
42
42_67
33
42
67
33_42
42
36_42_71
33
42
33_42
71
36
42
42
33
42
33_42_69
33
42
33_36_38_42
69
42
38
42
33
36
42
33_42
33
42
33_42
42
33
31_36_42_71
42
36
42
31
42
31_42
42
42
31
42
31_36_38_42
42
38
42
36
42
42_72
31
42
71
29_42
42
36_42
29
42
36
29_42
42
42
29
42
29_42
42
29
29_36_38_42
42
38
42
36
29
42
29_42_67
67
29
42
29_42_67
72
42
67
29
33_36_42_69_84
42
69
42_69
33
42
36
69
33_42_67
42
67
42
33
42
33_36_38_42_69
42
84
38
42
69
36
42
42_67
33
42
67
33_42
42
36_42_71
33
42
33_42
71
36
42
42
33
42
33_42_69
33
42
33_36_38_42
69
42
38
42
33
36
42
33_42
33
42
33_42
42
33
31_36_42_71
42
36
42
31
42
31_42
42
42
31
42
31_36_38_42
42
38
42
36
42
42_69
31
42
71
29_42
42
36_42
42
29
36
29_42
42
42
29
42
29_42
42
29
29_36_38_42
42
38
42
29
36
42
29_42_67
67
29_42
29_42_67
42
67
29
69
33_36_42_69_84
69
42
42_69
33
42
36
69
33_42_67
42
42
67
33
42
33_36_38_42_69
42
84
38
69
42
36
42
42_67
33
42
67
33_42
42
36_42_71
33
42
33_42
71
36
42
42
33
42
33_42_69
33
42
33_36_38_42
69
42
38
42
33
36
42
33_42
33
42
33_42
42
33
31_36_42_71
42
36
42
31
42
31_42
42
42
31
42
31_36_38_42
42
38
42
36
42
42_72
31
42
71
29_42
42
36_42
29
42
36
29_42
42
42
29
42
29_42
42
29
29_36_38_42
42
38
42
36
29
42
29_42_67
67
29
42
29_42_67
72
42
67
29
33_36_42_67_69_84
42
69
42_69
33
42
36
69
33_42_67
42
67
42
33
42
33_36_38_42_69
42
84
38
42
69
36
42
42_67
33
42
67
33_42
42
36_42_71
33
42
33_42
71
36
42
42
33
42
33_42_69
33
42
33_36_38_42
69
42
38
42
33
36
42
33_42
33
42
33_42
42
33
67
31_36_42_46_62_71
46
42
36
42
31
42
31_42
42
42
31
42
31_36_38_42_64
62
42
38
42
36
42
42_60_69
31
64
42
71
29_42
42
36_42
42
29
36
29_42
42
42
29
42
29_42
42
29
29_36_38_42
42
38
42
29
36
42
29_42_46
29_42
60
29_42
42
29
69
33_36_46
42
46
36
46
42
33
42
36
42
36
42
42
42
45
42
42
38
45
38
42
33_57_64_69
57
33
64
36_57
36
57_76
69
57
57
57
36_57
57
36
57
69
76
69
38_64_69_72
38
64
57
69
57
33_46_57
33
57
72
57
33_36
42
57
46
36
42
42
36
33
42
36
42
42
42
45
42
42
38
45
38
42
33_57_64_67
57
64
36_57
33
36
57_67_69
57
57
57
36_57
57
69
36
57
69
69
38_64_69_76
38
64
57
69
57
33_46_57
33
76
57
57
33_36
42
57
46
36
42
33
36_42
42
36
42
42
42
45
42
42
38
45
38
42
33_57_64_69
57
36_57
64
33
36
57_76
69
57
57
57
57
36_57
36
76
69
57
69
38_64_69_72
38
69
64
57
57
33_46_57
33
52
72
57
52
42
28_36_46
46
46
42
36
42
36
28
42
42
36
42
42
40
42
42
38
40
38
42
28_52_59_64
52
59
28_36_52
36
52
52_71
64
52
52
52
36_52
71
36
52
64
64
38_59_64_74
59
38
64
52
52
28_46_52
74
28
52
52
52
28_36_46
42
46
36
46
42
42
36
28
42
36
42
42
42
40
42
42
38
40
38
42
28_52_59_64
52
59
36_52
28
52
36
52_74
64
52
52
52
36_52
74
36
52
64
64
38_59_64_71
38
64
59
52
52
28_46_52
28
50
71
52
50
26_36
42
46
36
42
42
36
26
42
36
42
42
42
38
42
42
38
38
38
42
26_50_57_62
50
57
36_50
26
36
50
50_69
62
50
50
50
36_50
69
36
50
62
62
38_57_62_72
38
57
62
50
50
26_46_50
72
26
50
50
50
26_36
42
46
36
42
36_42
26
42
36
42
42
42
38
42
42
38
38
38
42
26_50_57_62
50
57
36_50
26
36
50
50_72
62
50
50
50
36_50
36
72
50
62
62
38_57_62_69
38
57
62
50
50
26_46_50
69
26
50
45
45
42
21_36_46
46
46
42
36
42
36
21
42
42
36
42
42
33
42
42
38
33
38
42
21_45_52_69
45
52
36_45
21
36
45
45_76
69
45
45
36_45
45
76
36
45
57
57
38_52_57_72
52
38
57
45
45
21_45_46
72
21
45
45
45
21_36_46
46
46
36
42
21
36
42
42
36
42
42
33
42
42
38
33
38
42
21_45_52_67
45
52
36_45
21
36
45
45_69
67
45
45
36_45
45
69
36
45
57
57
38_52_57_76
52
38
57
45
45
21_45_46
76
45
21
45
45
28_36
42
46
36
42
28
42
36
42
36
42
42
42
40
42
42
38
40
38
42
28_52_59_64
52
59
28_36_52
36
52
52_74
64
52
52
74
52
36_52
36
52
64
64
38_59_64_71
59
38
64
52
71
52
28_46_52
28
52
52
52
33_36
42
46
36
42
36_42
33
42
36
42
42
42
45
42
42
38_45
38
42
33_57_64_69
57
36_57
33
64
36
69
57_79
57
57
57
57
36_57
79
36
69
57
69
38_64_69_76
38
69
64
57
57
33_46_57
76
33
52
57
52
42
28_36_46
46
46
42
36
42
28
36
42
42
36
42
42
40
42
42
38
40
38
42
28_52_59_64
52
59
28_36_52
36
52
52_74
64
52
52
52
36_52
74
36
52
64
64
38_59_64_71
59
38
64
52
52
28_46_52
71
28
52
52
52
33_36_46
46
46
36
42
36
33
42
42
36
42
42
45
42
42
38_45
38
42
33_57_64
57
36_57
33
64
36
57_69
57
57
57
57
36_57_76
69
36
69
57
69
76
38_64_69_81
38
69
64
57
57
81
33_46_57
33
52
57
52
36_36_42_76_84_84
46
42
42
36
42
36
84
42_79
76
42
36_42
42
79
36_38_42
36
42
84
38
42
36
42
36_42_74_83
42
42
42
36
31_36_42
42
42
36
42
31
42
42
31_42
42
36_38_42
31
42
38
42
36
42
31_42
74
42
83
42
42
31
29_36_42_72_77
42
36
42
29
42
42
77
42
72
29_42
42
36_38_42
29
42
38
42
36
42
29_42_72_76
42
42
42
29
33_36_42
42
36
42
33
42
42
42
33_42
42
36_38_42
42
33
38
42
36
42
33_42
42
72
42
76
42
33
36_36_42_76_84_84
42
42
36
42
36
42_79
84
76
42
36_42
42
79
36_38_42
36
42
84
38
42
36
42
36_42_74_83
42
42
42
36
31_36_42
42
42
31
36
42
42
42
31_42
42
36_38_42
31
42
38
42
36
42
31_42
42
74
42
83
42
31
29_36_42_72_77
42
36
42
42
29
42
77
72
42
29_42
42
36_38_42
42
38
29
42
36
42
29_42_74_81
42
42
42
29
36_38_42
42
36
42
42
38
42
42
29_42
42
74
36_38_42
42
29
38
42
36
42
38_42
81
42
42
42
38
36_36_42_76_84_84
42
42
36
42
36
84
42_79
76
42
36_42
42
79
36_38_42
36
42
84
38
42
36
42
36_42_74_83
42
42
42
36
31_36_42
42
42
36
42
31
42
42
31_42
42
36_38_42
31
42
38
42
36
42
31_42
74
42
83
42
42
31
29_36_42_72_77
42
36
42
29
42
42
77
42
72
29_42
42
36_38_42
29
42
38
42
36
42
29_42_72_76
42
42
42
29
33_36_42
42
36
42
33
42
42
42
33_42
42
36_38_42
42
33
38
42
36
42
33_42
42
72
42
76
42
33
36_36_42_76_84_84
42
42
36
42
36
42_79
84
76
42
36_42
42
79
36_38_42
36
42
84
38
42
36
42
36_42_74_83
42
42
42
36
31_36_42
42
42
31
36
42
42
42
31_42
42
36_38_42
31
42
38
42
36
42
31_42
42
74
42
83
42
31
29_36_42_72_77
42
36
42
42
29
42
77
72
42
29_42
42
36_38_42
42
38
29
42
36
42
29_42_74_81
42
42
42
29
36_38_42
42
36
42
42
38
42
42
29_42
42
74
36_38_42
42
29
38
42
36
42
38_42
81
42
42
42
38
33_36_42_84
42
42
33
42
36
33_42
42
42
33
42
33_36_38_42
42
84
38
42
36
42
42
33
42
33_42
42
36_42
33
42
33_42
36
42
42
33
42
33_42
33
42
33_36_38_42
42
38
42
33
36
42
33_42
33
42
33_42
42
33
31_36_42
42
36
42
31
42
31_42
42
42
31
42
31_36_38_42
42
38
42
36
42
42
31
42
29_42
42
36_42
29
42
36
29_42
42
42
29
42
29_42
42
29
29_36_38_42
42
38
42
36
29
42
29_42
29
42
29_42
42
29
36_38_42_62
42
42
62
42
42_62
38
36
62
42
42_62
42_62
38_42_62
42
38
42
62
42
38
36_42_62
62
42
36
42_62
42
62
38
36_42_53
29
42
42
36
53
42
42_53
29
42
53
42_53
42
53
38_42_53
42
38
53
42
42
29
36_42_53
53
42
36
42_53
42
53
36_42_55
29
31
42
42
55
36
42
42_55
55
31
42
42_55
42
55
38_42_55
42
38
42
55
42
31
36_42_55
55
42
36
42_55
42
55
31
32
36_42_56
42
42
56
36
42
42_56
42
56
32
42_56
42
56
38_42_56
42
38
42
56
42
32
42_56_67
67
56
42
42_56_67
42
56
67
32
33
33_36_42_69_84
69
42
42_69
33
33
42
36
69
33_42_67
42
42
67
33
42
33_36_38_42_69
42
84
38
69
42
36
42
42_67
33
42
67
33_42
42
36_42_71
33
42
33_42
71
36
42
42
33
42
33_42_69
33
42
33_36_38_42
69
42
38
42
33
36
42
33_42
33
42
33_42
42
33
31_36_42_71
42
36
42
31
42
31_42
42
42
31
42
31_36_38_42
42
38
42
36
42
42_72
31
42
71
29_42
42
36_42
42
29
36
29_42
42
42
29
42
29_42
42
29
29_36_38_42
42
38
42
29
36
42
29_42_67
67
29_42
29_42_67
72
42
67
29
33_36_42_69_84
42
69
42_69
33
42
36
69
33_42_67
42
67
42
33
42
33_36_38_42_69
42
84
38
42
69
36
42
42_67
33
42
67
33_42
42
36_42_71
33
42
33_42
71
36
42
42
33
42
33_42_69
33
42
33_36_38_42
69
42
38
42
33
36
42
33_42
33
42
33_42
42
33
31_36_42_71
42
36
42
31
42
31_42
42
42
31
42
31_36_38_42
42
38
42
36
42
42_69
31
42
71
29_42
42
36_42
42
29
36
29_42
42
42
29
42
29_42
42
29
29_36_38_42
42
38
42
29
36
42
29_42_67
67
29_42
29_42_67
42
67
29
69
33_36_42_69_84
69
42
42_69
33
42
36
69
33_42_67
42
42
67
33
42
33_36_38_42_69
42
84
38
69
42
36
42
42_67
33
42
67
33_42
42
36_42_71
33
42
33_42
71
36
42
42
33
42
33_42_69
33
42
33_36_38_42
69
42
38
42
33
36
42
33_42
33
42
33_42
42
33
31_36_42_71
42
36
42
31
42
31_42
42
42
31
42
31_36_38_42
42
38
42
36
42
42_72
31
42
71
29_42
42
36_42
29
42
36
29_42
42
42
29
42
29_42
42
29
29_36_38_42
42
38
42
36
29
42
29_42_67
67
29
42
29_42_67
72
42
67
29
33_36_42_67_69_84
42
69
42_69
33
42
36
69
33_42_67
42
67
42
33
42
33_36_38_42_69
42
84
38
42
69
36
42
42_67
33
42
67
33_42
42
36_42_71
33
42
33_42
71
36
42
42
33
42
33_42_69
33
42
33_36_38_42
69
42
38
42
33
36
42
33_42
33
42
33_42
42
33
67
31_36_42_62_71
42
36
42
31
42
31_42
42
42
31
42
31_36_38_42_64
62
42
38
42
36
42
42_60_69
31
64
42
71
29_42
42
36_42
42
29
36
29_42
42
42
29
42
29_42
42
29
29_36_38_42
42
38
42
29
36
42
29_42
29_42
60
29_42
42
29
69
33_36_46
42
36
46
42
33
42
36
42
36
42
42
42
45
42
42
38
45
38
42
33_57_64_69
57
33
64
36_57
36
57_76
69
57
57
57
36_57
57
36
57
69
76
69
38_64_69_72
38
64
57
69
57
33_46_57
33
57
72
57
33_36
42
57
46
36
42
42
36
33
42
36
42
42
42
45
42
42
38
45
38
42
33_57_64_67
57
64
36_57
33
36
57_67_69
57
57
57
36_57
57
69
36
57
69
69
38_64_69_76
38
64
57
69
57
33_46_57
33
76
57
57
33_36
42
57
46
36
42
33
36_42
42
36
42
42
42
45
42
42
38
45
38
42
33_57_64_69
57
36_57
64
33
36
57_76
69
57
57
57
57
36_57
36
76
69
57
69
38_64_69_72
38
69
64
57
57
33_46_57
33
52
72
57
52
42
28_36_46
46
46
42
36
42
36
28
42
42
36
42
42
40
42
42
38
40
38
42
28_52_59_64
52
59
28_36_52
36
52
52_64_67_71_71
64
52
52
52
36_52
71
36
52
64
64
38_59_64_74
59
38
64
52
52
28_46_52
74
28
52
52
67
71
64
52
28_36_46
42
46
36
46
42
42
36
28
42
36
42
42
42
40
42
42
38
40
38
42
28_52_59_64
52
59
36_52
28
52
36
52_74
64
52
52
52
36_52
74
36
52
64
64
38_59_64_71
38
64
59
52
52
28_46_52
28
50
71
52
50
26_36
42
46
36
42
42
36
26
42
36
42
42
42
38
42
42
38
38
38
42
26_50_57_62
50
57
36_50
26
36
50
50_69
62
50
50
50
36_50
69
36
50
62
62
38_57_62_72
38
57
62
50
50
26_46_50
72
26
50
50
50
26_36
42
46
36
42
36_42
26
42
36
42
42
42
38
42
42
38
38
38
42
26_50_57_62
50
57
36_50
26
36
50
50_72
62
50
50
50
36_50
36
72
50
62
62
38_57_62_69
38
57
62
50
50
26_46_50
69
26
50
45
45
42
21_36_46
46
46
42
36
42
36
21
42
42
36
42
42
33
42
42
38
33
38
42
21_45_52_69
45
52
36_45
21
36
45
45_60_64_69_76
69
45
45
36_45
45
76
36
45
57
57
38_52_57_72
52
38
57
45
45
21_45_46
72
21
45
45
64
60
69
45
21_36_46
46
46
36
42
21
36
42
42
36
42
42
33
42
42
38
33
38
42
21_45_52_67
45
52
36_45
21
36
45
45_69_72_76_81
67
45
45
36_45
45
69
36
45
57
57
38_52_57_76
52
38
57
45
45
76
21_45_46
72
81
76
45
21
45
45
28_36
42
46
36
42
28
42
36
42
36
42
42
42
40
42
42
38
40
38
42
28_52_59_64
52
59
28_36_52
36
52
52_74
64
52
52
74
52
36_52
36
52
64
64
38_59_64_71
59
38
64
52
71
52
28_46_52
28
52
52
52
33_36
42
46
36
42
36_42
33
42
36
42
42
42
45
42
42
38_45
38
42
33_57_64_69
57
36_57
33
64
36
69
57_79
57
57
57
57
36_57
79
36
69
57
69
38_64_69_76
38
69
64
57
57
33_46_57
76
33
52
57
52
42
28_36_46
46
46
42
36
42
28
36
42
42
36
42
42
40
42
42
38
40
38
42
28_52_59_64
52
59
28_36_52
36
52
52_74
64
52
52
52
36_52
74
36
52
64
64
38_59_64_71
59
38
64
52
52
28_46_52
71
28
52
52
52
33_36_46
46
46
36
42
36
33
42
42
36
42
42
45
42
42
38_45
38
42
33_57_64
57
36_57
33
64
36
57_69
57
57
57
57
36_57_76
69
36
69
57
69
76
38_64_69_81
38
69
64
57
57
81
33_46_57
33
52
57
52
36_36_42_76_84_84
46
42
42
36
42
36
84
42_79
76
42
36_42
42
79
36_38_42
36
42
84
38
42
36
42
36_42_74_83
42
42
42
36
31_36_42
42
42
36
42
31
42
42
31_42
42
36_38_42
31
42
38
42
36
42
31_42
74
42
83
42
42
31
29_36_42_72_77
42
36
42
29
42
42
77
42
72
29_42
42
36_38_42
29
42
38
42
36
42
29_42_72_76
42
42
42
29
33_36_42
42
36
42
33
42
42
42
33_42
42
36_38_42
42
33
38
42
36
42
33_42
42
72
42
76
42
33
36_36_42_76_84_84
42
42
36
42
36
42_79
84
76
42
36_42
42
79
36_38_42
36
42
84
38
42
36
42
36_42_74_83
42
42
42
36
31_36_42
42
42
31
36
42
42
42
31_42
42
36_38_42
31
42
38
42
36
42
31_42
42
74
42
83
42
31
29_36_42_72_77
42
36
42
42
29
42
77
72
42
29_42
42
36_38_42
42
38
29
42
36
42
29_42_74_81
42
42
42
29
36_38_42
42
36
42
42
38
42
42
29_42
42
74
36_38_42
42
29
38
42
36
42
38_42
81
42
42
42
38
36_36_42_76_84_84
42
42
36
42
36
84
42_79
76
42
36_42
42
79
36_38_42
36
42
84
38
42
36
42
36_42_74_83
42
42
42
36
31_36_42
42
42
36
42
31
42
42
31_42
42
36_38_42
31
42
38
42
36
42
31_42
74
42
83
42
42
31
29_36_42_72_77
42
36
42
29
42
42
77
42
72
29_42
42
36_38_42
29
42
38
42
36
42
29_42_72_76
42
42
42
29
33_36_42
42
36
42
33
42
42
42
33_42
42
36_38_42
42
33
38
42
36
42
33_42
42
72
42
76
42
33
36_36_42_76_84_84
42
42
36
42
36
42_79
84
76
42
36_42
42
79
36_38_42
36
42
84
38
42
36
42
36_42_74_83
42
42
42
36
31_36_42
42
42
31
36
42
42
42
31_42
42
36_38_42
31
42
38
42
36
42
31_42
42
74
42
83
42
31
29_36_42_72_77
42
36
42
42
29
42
77
72
42
29_42
42
36_38_42
42
38
29
42
36
42
29_42_74_81
42
42
42
29
36_38_42
42
36
42
42
38
42
42
29_42
42
74
36_38_42
42
29
38
42
36
42
38_42_67
67
81
42
42_67
42
38
67
33_36_42_69_69_84
69
42
42_69
33
42
36
69
33_42_67
42
42
67
33
42
33_36_38_42_69
42
84
38
69
42
36
42
42_67
33
42
67
33_42
42
36_42_71
33
42
33_42
71
36
42
42
33
42
33_42_69
33
42
33_36_38_42
69
42
38
42
33
36
42
33_42
33
42
33_42
42
33
69
31_36_42_62_71
42
36
42
31
42
31_42
42
42
31
42
31_36_38_42_64
62
42
38
42
36
42
42_60_69
31
64
42
71
29_42
42
36_42
29
42
36
29_42
42
42
29
42
29_42
42
29
29_36_38_42
42
38
42
36
29
42
29_42
29
42
60
29_42
42
29
69
36_38_42_62
42
42
62
42
42_62
38
36
62
42
42_62
42_62
38_42_62
42
38
42
62
42
38
36_42_62
62
42
36
42_62
42
62
38
36_42_53
29
42
42
36
53
42
42_53
29
42
53
42_53
42
53
38_42_53
42
38
53
42
42
29
36_42_53
53
42
36
42_53
42
53
36_42_55
29
31
42
42
55
36
42
42_55
55
31
42
42_55
42
55
38_42_55
42
38
42
55
42
31
36_42_55
55
42
36
42_55
42
55
31
32
36_42_56
42
42
56
36
42
42_56
42
56
32
42_56
42
56
38_42_56
42
38
42
56
42
32
42_56_67_67
67_67
56
42
42_56_67_67
42
67_67
56
32
33
36_69_69_84
36
36
69_69
36
69_69
33
69_69
69_69
69_69
38_69_69
84
38
69_69
33_69_69
36
69_69
33
36
36_72_72
72_72
36
36
36
72_72
38
72_72
38
36_72_72
72_72
36
36_43_71_71_84
36
36
71_71
36_43
71_71
71_71
71_71
71_71
38_71_71
84
38
71_71
43_71_71
71_71
36
36
43
41_69_69
69_69
41
36
36
69_69
38
69_69
38
41_69_69
69_69
41
36_38_42_62
42
42
62
42
42_62
38
36
62
42
42_62
42_62
38_42_62
42
38
42
62
42
38
36_42_62
62
42
36
42_62
42
62
38
36_42_53
29
42
42
36
53
42
42_53
29
42
53
42_53
42
53
38_42_53
42
38
53
42
42
29
36_42_53
53
42
36
42_53
42
53
36_42_55
29
31
42
42
55
36
42
42_55
55
31
42
42_55
42
55
38_42_55
42
38
42
55
42
31
36_42_55
55
42
36
42_55
42
55
31
32
36_42_56
42
42
56
36
42
42_56
42
56
32
42_56
42
56
38_42_56
42
38
42
56
42
32
42_56_67
67
56
42
42_56_67
42
56
67
32
33
33_36_42_67_69_84
69
42
42_69
33
42
36
69
33_42_67
33
42
42
67
33
42
33_36_38_42_69
42
84
38
69
42
36
42
42_67
33
42
67
33_42
42
36_42_71
33
42
33_42
71
36
42
42
33
42
33_42_69
33
42
33_36_38_42
69
42
38
42
33
36
42
33_42
33
42
33_42
42
33
67
31_36_42_62_71
42
36
42
31
42
31_42
42
42
31
42
31_36_38_42_64
62
42
38
42
36
42
42_60_69
31
64
42
71
29_42
42
36_42
29
42
36
29_42
42
42
29
42
29_42
42
29
29_36_38_42
42
38
42
36
29
42
29_42_74
29
42
29_42_60
42
29
69
36_36_42_76_76_84_84
42
74
42
36
42
36
84
42_79_79
76
76
42
36_42
42
79
79
36_38_42_76
36
42
84
38
42
36
42
36_42_74_74_83
76
42
42
42
36
31_36_42
42
42
36
42
31
42
42
31_42
42
36_38_42
31
42
38
42
36
42
31_42
74
74
42
83
42
42
31
29_36_42_72_74_77
42
36
42
74
29
42
42_74
77
42
72
29_42
42
36_38_42_76
74
29
42
38
42
36
42
29_42_72_72_76
76
42
42
42
29
33_36_42
42
36
42
33
42
42
42
33_42
42
36_38_42
42
33
38
42
36
42
33_42
42
72
42
76
42
33
36_36_42_76_76_84_84
72
42
42
36
42
36
42_79_79
84
76
76
42
36_42
42
79
79
36_38_42_76
36
42
84
38
42
36
42
76
36_42_74_77_83
42
42
42
36
31_36_42_74
77
42
42
31
36
42
42
42
31_42
42
36_38_42
31
42
38
42
36
42
31_42
42
74
74
42
83
42
31
29_36_42_72_74_77
42
36
42
42
29
42
77
72
42
29_42
42
36_38_42_76
74
42
38
29
42
36
42
76
29_42_65_74_81
42
42
42
29
36_38_42
42
36
42
42
38
42
42
29_42
42
74
65
36_38_42_72
42
29
38
42
36
42
38_42_67
67
81
42
42_67
42
38
67
33_36_42_67_69_84
69
42
42_69
33
42
36
69
33_42_67
42
42
67
33
42
33_36_38_42_69
42
84
38
69
42
36
42
42_67_69
33
72
42
67
33_42
42
36_42_71
33
42
33_42
71
36
42
42
33
42
33_42_69
33
42
33_36_38_42
69
42
38
42
33
36
42
33_42
33
42
33_42
42
33
67
31_36_42_62_71
69
42
36
42
31
42
31_42
42
42
31
42
31_36_38_42_64
62
42
38
42
36
42
42_60_72
31
64
42
71
29_42
42
36_42
29
42
36
29_42
42
42
29
42
29_42
42
29
29_36_38_42
42
38
42
36
29
42
29_42_67
67
29
42
29_42_67
72
42
67
29
60
33_36_42_67_69_84
42
69
42_69
33
42
36
69
33_42_67
42
67
42
33
42
33_36_38_42_69
42
84
38
42
69
36
42
42_67
33
42
67
33_42
42
36_42_71
33
42
33_42
71
36
42
42
33
42
33_42_69
33
42
33_36_38_42
69
42
38
42
33
36
42
33_42
33
42
33_42
42
33
67
31_36_42_62_71
42
36
42
31
42
31_42
42
42
31
42
31_36_38_42_64
62
42
38
42
36
42
42_60_69
31
64
42
71
29_42
42
36_42
42
29
36
29_42
42
42
29
42
29_42
42
29
29_36_38_42
42
38
42
29
36
42
29_42
60
29_42
29_42
42
29
69
36_36_42_76_84_84
42
42
36
42
36
84
42_79
76
42
36_42
42
79
36_38_42
36
42
84
38
42
36
42
74
36_42_83
42
42
42
36
31_36_42
42
42
36
42
31
42
42
31_42
42
36_38_42
31
42
38
42
36
42
31_42
42
83
42
74
42
31
72
29_36_42_77
42
36
42
29
42
42
77
42
72
29_42
42
36_38_42
29
42
38
42
36
42
72
29_42_76
42
42
42
29
33_36_42
42
36
42
33
42
42
42
33_42
42
36_38_42
42
33
38
42
36
42
33_42
42
72
42
76
42
72
33
36_38_42_77_84
42
42
42
36
38
77
42
72
42
38
42
42
36_38_42
38
42
84
38
42
36
42
38
72
42
76
42
42
42
38
29
36_42
42
42
36
42
29
42
42
29
42
42
36_38_42
42
29
38
42
36
42
29
42
42
76
42
42
74
72
36_42
71
29
31
42
36
42
42
42
31
74
42
71
42
31
42
36_38_42
42
38
31
42
36
42
74
42
80
31
42
42
42
36_42
32
31
42
36
42
42
42
32
42
42
32
42
36_38_42
42
38
32
42
36
42
32
42
74
42
80
42
32
42
36_36_42_76_84_84
42
42
36
42
36
84
42_79
76
42
36_42
42
79
36_38_42
36
42
84
38
42
36
42
74
36_42_83
42
42
42
36
31_36_42
42
42
36
42
31
42
42
31_42
42
36_38_42
31
42
38
42
36
42
31_42
42
83
42
74
42
31
72
29_36_42_77
42
36
42
29
42
42
77
42
72
29_42
42
36_38_42
29
42
38
42
36
42
72
29_42_76
42
42
42
29
33_36_42
42
36
42
33
42
42
42
33_42
42
36_38_42
42
33
38
42
36
42
33_42
42
72
42
76
42
72
33
36_38_42_77_84
42
42
42
36
38
77
42
72
42
38
42
42
36_38_42
38
42
84
38
42
36
42
38
72
42
76
42
42
42
38
29
36_42
42
42
36
42
29
42
42
29
42
42
36_38_42
42
29
38
42
36
42
29
42
42
76
42
42
74
72
36_42
71
29
31
42
36
42
42
42
31
74
42
71
42
31
42
36_38_42
42
38
31
42
36
42
74
42
80
31
42
42
42
36_42
32
31
42
36
42
42
42
32
42
42
32
42
36_38_42
42
38
32
42
36
42
32
42
74
42
80
42
32
42
36_36_42_67_72_76_84_84
42
72
42
36
42
36
84
42_72_79
76
72
42
36_42_72
42
72
79
36_38_42_72
36
42
84
38
72
42
36
42
74
36_42_72_83
42
72
42_72
42
72
36
31_36_42_67
42
67
42
36
42
31
42_67
67
42
31_42_67
42
67
36_38_42_67
31
42
38
42
67
36
42
31_42_67
67
42
83
42_67
74
42
67
31
72
67
29_36_42_65_65_77
42
36
42
65
29
42
42_65
77
65
42
72
29_42_65
42
65
36_38_42_65
29
42
38
42
36
65
42
72
29_42_65_76
42
65
42_65
42
65
29
33_36_42_64_69
65
42
36
69
42
33
42
42_69
69
42
33_42_69
69
42
36_38_42_69
42
33
38
69
42
36
42
33_42_69
69
42
72
42_69
76
42
69
72
33
36_38_42_62_65_77_84
64
42
62
42
42
36
38
77
42_62
72
62
42
38
42_62
42
62
36_38_42_62
38
42
84
38
62
42
36
42
38
72
42_62
76
62
42
42_62
42
62
38
29
36_42_64_65
65
42
42
65
36
42
29
42_65
42
65
29
42_65
65
42
36_38_42_65
42
29
38
65
42
36
42
29
42_65
65
42
76
42_65
42
65
74
72
36_42_62_67
71
29
64
31
42
36
42
67
42
42_67
31
74
67
42
71
42_67
31
42
67
36_38_42_67
42
38
31
42
36
67
42
74
42_67
80
31
42
67
42_67
42
67
62
36_42_68_68
32
31
42
36
42_68
42
42_68
32
68
42
42_68
32
42_68
36_38_42_68
42
38
68
32
42
36
42
32
42_68
74
68
42
80
42_68
68
32
42
68
36_36_42_67_72_76_84_84
42
72
42
36
42
36
84
42_72_79
76
72
42
36_42_72
42
72
79
36_38_42_72
36
42
84
38
72
42
36
42
74
36_42_72_83
42
72
42_72
42
72
36
31_36_42_67
42
67
42
36
42
31
42_67
67
42
31_42_67
42
67
36_38_42_67
31
42
38
42
67
36
42
31_42_67
67
42
83
42_67
74
42
67
31
72
29_36_42_65_65_77
67
42
36
42
65
29
42
42_65
77
65
42
72
29_42_65
42
65
36_38_42_65
29
42
38
42
36
65
42
72
29_42_65_76
42
65
42_65
42
65
29
33_36_42_64_69
65
42
36
69
42
33
42
42_69
69
42
33_42_69
69
42
36_38_42_69
42
33
38
69
42
36
42
33_42_69
69
42
72
42_69
76
42
69
72
33
36_38_42_62_65_77_84
64
42
62
42
42
36
38
77
42_62
72
62
42
38
42_62
42
62
36_38_42_62
38
42
84
38
62
42
36
42
38
72
42_62
76
62
42
42_62
42
62
38
29
36_42_64_65
65
42
42
65
36
42
29
42_65
42
65
29
42_65
65
42
36_38_42_65
42
29
38
65
42
36
42
29
42_65
65
42
76
42_65
42
65
74
72
36_42_62_67
71
29_64
31
42
36
42
67
42
42_67
31
74
67
42
71
42_67
31
42
67
36_38_42_67
42
38
31
42
36
67
42
74
42_67
80
31
42
67
42_67
42
67
36_42_68_68
32
31
62
42
36
42_68
42
42_68
32
68
42
42_68
32
42_68
36_38_42_68
42
38
68
32
42
36
42
32
42_68
74
68
42
80
42_68
68
32
42
68
36_36_42_67_72_76_84_84
42
72
42
36
42
36
84
42_72_79
76
72
42
36_42_72
42
72
79
36_38_42_72
36
42
84
38
72
42
36
42
74
36_42_72_83
42
72
42_72
42
72
36
31_36_42_67
42
67
42
36
42
31
42_67
67
42
31_42_67
42
67
36_38_42_67
31
42
38
42
67
36
42
31_42_67
67
42
83
42_67
74
42
67
31
72
67
29_36_42_65_65_77
42
36
42
65
29
42
42_65
77
65
42
72
29_42_65
42
65
36_38_42_65
29
42
38
42
36
65
42
72
29_42_65_76
42
65
42_65
42
65
29
33_36_42_64_69
65
42
36
69
42
33
42
42_69
69
42
33_42_69
69
42
36_38_42_69
42
33
38
69
42
36
42
33_42_69
69
42
72
42_69
76
42
69
72
33
36_38_42_62_65_77_84
64
42
62
42
42
36
38
77
42_62
72
62
42
38
42_62
42
62
36_38_42_62
38
42
84
38
62
42
36
42
38
72
42_62
76
62
42
42_62
42
62
38
29
36_42_64_65
65
42
42
65
36
42
29
42_65
42
65
29
42_65
65
42
36_38_42_65
42
29
38
65
42
36
42
29
42_65
65
42
76
42_65
42
65
74
72
36_42_62_67
71
29
64
31
42
36
42
67
42
42_67
31
74
67
42
71
42_67
31
42
67
36_38_42_67
42
38
31
42
36
67
42
74
42_67
80
31
42
67
42_67
42
67
62
36_42_68_68
32
31
42
36
42_68
42
42_68
32
68
42
42_68
32
42_68
36_38_42_68
42
38
68
32
42
36
42
32
42_68
74
68
42
80
42_68
68
32
42
68
36_36_42_67_72_76_84_84
42
72
42
36
42
36
84
42_72_79
76
72
42
36_42_72
42
72
79
36_38_42_72
36
42
84
38
72
42
36
42
74
36_42_72_83
42
72
42_72
42
72
36
31_36_42_67
42
67
42
36
42
31
42_67
67
42
31_42_67
42
67
36_38_42_67
31
42
38
42
67
36
42
31_42_67
67
42
83
42_67
74
42
67
31
72
29_36_42_65_65_77
67
42
36
42
65
29
42
42_65
77
65
42
72
29_42_65
42
65
36_38_42_65
29
42
38
42
36
65
42
72
29_42_65_76
42
65
42_65
42
65
29
33_36_42_64_69
65
42
36
69
42
33
42
42_69
69
42
33_42_69
69
42
36_38_42_69
42
33
38
69
42
36
42
33_42_69
69
42
72
42_69
76
42
69
72
33
36_38_42_62_65_77_84
64
42
62
42
42
36
38
77
42_62
72
62
42
38
42_62
42
62
36_38_42_62
38
42
84
38
62
42
36
42
38
72
42_62
76
62
42
42_62
42
62
38
29
36_42_64_65
65
42
42
65
36
42
29
42_65
42
65
29
42_65
65
42
36_38_42_65
42
29
38
65
42
36
42
29
42_65
65
42
76
42_65
42
65
74
72
36_42_62_67
71
29_64
31
42
36
42
67
42
42_67
31
74
67
42
71
42_67
31
42
67
36_38_42_67
42
38
31
42
36
67
42
74
42_67
80
31
42
67
42_67
42
67
36_42_68_68
32
31
62
42
36
42_68
42
42_68
32
68
42
42_68
32
42_68
36_38_42_68
42
38
68
32
42
36
42
32
42_68
74
68
42
80
42_68
68
32
42
68
