60
48
36
48
36
63
51
39
60
51
39
42
54_66
63
42
54
67
43_55
66
55
43
68
56
44
67
56
44
60
48
36
68
36
48
60
59
47
35
35
47
59
75
72
66
66
72
74
75
67
71
71
67
74
78
68
72
68
72
78
79
71
67
71
79
67
58
46
34
46
34
61
49
37
58
37
49
64
40_52
61
65
64
64
65
62
64
64
62
40
52
65
41
53
64
53
41
67
43
65
43
58
34
46
67
46
34
33_45
57
58
45
57
33
73
70
64
64
73
72
69
70
65
69
65
72
73_76
70
73
70
76
77
72
69
72
77
69
56
44
32
32
60
44
48
36
56
48
36
61
37_49
60
37
49
65
53
41
61
53
41
68
56
44
65
61
44
56_68
60
44
61
54
54
51
44
51
54
54
44
54
44
54
62
51
60
54
51
54
63
44
62
54
54
66
51
63
54
44
54
51
70
44
66
54
54
60
51
70
54
44
51
54
61
44
60
53
53
49
44
49
53
53
44
53
44
53
64
49
61
53
49
53
65
44
64
53
68
53
49
65
44
53
53
49
44_73
68
53
53
61
49
73
44
49
53
61
53
60
45
54
54
51
45
51
54
54
45
60
54
54
75
45
51
51
54
54
72
45
75
54
54
69
51
45
72
51
54
54
66
45
69
54
54
63
51
66
45
51
63
54
54
58
46
54
51
54
51
46
54
54
58
46
54
54
46
78
51
51
54
54
75
46
78
54
54
70
51
75
46
51
54
54
66
46
70
54
54
63
51
66
51
54
46
54
59
47
63
63_66
63
66
63
66
59
66
63
63
66
63
66
63
66
63
66
63
66
63
66
66
63
51
47
63
66
66
63
63
66
54
66
63
51
63
66
66
63
63
66
66
63
58
63
54
66
63
66
63
66
66
58
63
59
63
66
66
63
63
66
63
66
47
63
66
59
63_66
47
63
66
46
66
34
64
64
66
64
66
64
66
66
64
64
66
66
64
64
66
46
66
64
64
66
34
66
64
64
66
66
49
64
64
66
66
64
64
66
54
66
64
64
66
49
66
64
64
66
58
66
64
64
54
66
66
64
64
66
66
64
61
58
64
66
66
64
64
66
61
46
66
64
64
66
66
64
46
64
66
45_61
33
64_67
64
61
67
67
61
64
64
61
67
61_64
67
64
61
67
61
67
64
45
64
61
67
61
67
64
64
67
61
33
61_64
67
67
64
61
61
64
67
49
61
64
67
67
61
64
61
64
67
52
61_67
64
49
67
64
61
61
64
67
61
64
67
61
56
64
67
52
64
67
61
61
64
67
67
61_64
56
57
61
64
67
64_67
61
61
67
64
61
67
64
61
57
64
67
45
64
67
61
45
61
67
64
64
61
67
44
65
32
60
60
65
60
65
60
65
65
60
65
60
60
65
65
60
44
65
32
60
60
65
60
65
60
65
60
65
48
60
65
60
65
65
60
53
60
65
48
60
65
60
65
60
65
60
65
55
53
65
60
60
65
60
65
55
60
65
56
60
65
65
60
60
65
44
60
65
65
60
56
44
60
65
65
60
62_65
59
43
31
59_62
65
59_65
62
62
59
65
62
59_65
59
65
62
43
59_62
65
59
62
65
31
59
65
62
59_65
62
59
65
62
59
65
62
65
62
47
59
59
65
62
62_65
59
59
65
62
59
62
50
65
65
62
59
62
59
65
47
59
62
65
65
59
54
50
62
59
65
62
62
65
59
59
65
62
54
59
55
62
65
59
62
65
62
65
59
65
59
62
59
62
65
43
65
62
59
55
43
65
59
62
65
62
59
58
42
63
30
58
63
58
63
58
63
63
58
58
63
63
58
58
63
30
58
42
63
58
63
63
58
63
58
58
46_63
63
58
63
58
58
63
58
51
63
58
63
46
58
63
58
63
58
63
53
51
58
63
63
58
58
63
58
63
54
53
58
63
58
63
58_63
63
58
42
58
63
54
42
58
63
58
63
63
52
42
58
54
61
63
61
61
61
61
52
61
61
51
58
59
61
59
59
59
54
51
42
59
59
58
49_54
42_66
64
66
64
64
64
64
64
58
49_59
64
47
64
63
59
63
63
42
54
47
63
63
63
63
58
42_52_54
63
61
61
61
58
61
52
61
61
61
50
61
59
59
54
59
42
50
59
59
59
54_58
42
49
66
66
64
64
64
64
58
64
64
64
49
59
47
62
64
62
62
62
42
54
62
59
62
47
62
59
43
55
62
62
62
59
62
62
62
55
62
43
62
62
62
62
62
62
62
62
62
60
60
62
62
60
60
62
62
60
60
62
62
60
60
62
62
60
60
62
38_62
60
60
62
40
38
42
62
60
40
60_62
43
42
62
60
43
45
60
62
42
45
42
59_62
43
59
62
59
62
59_62
59_62
43_59
62
59_62
59
62
62
60
60
62
60
62
38
62
60
38
40
42
60
40
62
62
60
43
42
62
60
43
45
62
60
42
45
42
62
59
43
43
59
62
38_62
60
60
40
38
62
62
42
60
40
60
62
43
42
43
60
45_62
60
62
42
45
42
59
62
43
59
43
62
62
38
60
40_60
62
38
62
60
42
40
62
60
43
42
60
43
45
62
60
62
45
42
42
59
62
43
59
62
55
43
57
55
59
57
60
59
62
60
60
62
60
59
59
67
69
67
71
69
72
71
74
72
72
74
72
71
71
79
81
79
83
81
84
83
86
84
84
86
83
84
83
81
81
79
79
78
78
77
55
71
70
71
71
70
73
71
74
73
74
73
73_74
73
59
74
58
59
58
59
71
73
59
61
71
70
61
62
62
61
70
62
61
71
62
71
69
61
61
77
69
59
71
67
55
67
59
66
57
57
66
65
55
59
74
71
55
58_59
73
74
71
73
58_59
65
59
71
70
66
61
54
61
66
70
54
66_78
47
35_71
74
35
47
38_50
71
74
50
66
38
76
78
76
74
70
73
54_74
42
70
42
73
54
74
68
53_59
71
59
62
74
74
59
62
71
59
53
71_74
62
70
66
71
62
54
61
68
54_61
66
70
66
66
66
66
71
71
54
59
38_50
59
50
59
38
54
59
62
59
47
35
62
47
35
62
59
62
58
54
66
61
42
54
58
42
66
61
54
59
38
50
59
50
59
38
54
59
62
59
35_47
62
35
47
62
59
62
66
58
54
61
42
61
54
58
66
42
54
38_59
50
59
50
54
38
59
59
62
59
35_47
62
35
47
59
62
62
58_66
54_61
42
58
54
66
61
42
66
54
42
58_61
54
58
61
42
66
42
54_66
58_61
54
42
58
61
66
66
66
66
66
66
66
66
50
50
57
57
54
54
66
57
57
66
50
57
66
57
50
66
54
54
66
57
57
64
55
50
61_69
64
67
69
67
61
67
52
61
52
61
52
61
55
52
61
66
54
67
62
62
66
54
50
64
43
55
55
52
67
52
64
43
67
71
55
67
71
55
64
67
45
54
62
64
57
54
57
47
61
55
62
45
47
55
52
52
62
54
45
61
45
54
62
64
64
66
66
52
64
49
45
64
52
49
45
69
69
71
71
73
73
74
74
76
76
62
78
69
69
62
66
78
66
69
69
78
62
69
78
62
69
78
66
66
78
69
69
76
62
67
81
76
73
79
81
73
79
67
79
64
64
73
64
73
73
64
73
78
66
79
74
74
62
66
78
71
55
67
67
64
71
76
55
76
79
64
83
79
67
79
83
76
67
79
66
57
76
74
69
66
69
73
78
74
67
76
67_69
78
69
73
76
74
66
62
57
74
66
62
71
74
71
69
73
74
69
73
67
71
67
66
71
69
66
64
69
67
64
66_67
50
57
57
50
54
66
54
57
57
66
50
66
57
57
50
66
54
54
66
57
57
64
50
55
69
64
61
67
69
61
67
67
52
52
61
61
52
52
55
61
61
66
54
67
50
62
54
66
62
64
43
55
55
52
43
67
64
52
67
71
55
67
71
64
55
67
54
62
64
45
57
54
57
61
55
62
52
55
45
52
54
62
45
61
45
54
64
62
66
64
66
64
52
45
49
52
49
64
45
69
69
71
71
73
73
74
74
76
76
78
62
69
62
69
66
78
66
69
69
78
62
62
78
69
69
78
66
66
78
69
69
76
62
67
81
73
76
79
81
73
79
64
79
64
73
73
64
67
73
64
73
78
66
79
74
66
74_78
62
71
55
67
67
64
55
71_76
76
64
79
79
83
67
83
79
67
79
76
57
66_76
74
66
69
69
78
73_74
67
76
78
69
67
57
69
73
76
74
66
62
66
74
62
69
68
69
69
68
71
69
69
71
69
76
79
69
61
69
61
76
79
79
61
76
69
69
76
61
79
69
69
78
69
62
74
69
74
62
78
74_78
62
69
69
74
62
78
69
69
73
76
69
57
57
69_73
76
73
76
69
57
69
76
73
57
69
68
69
69
68
71
69
69_71
69
49
57_67
64
57
49
64_67
67
49
57
64
64
49
57
67
69
66
69
57
62
50
50
57
62
66
62
66
57
50
57
62
50
66
69
69
61
57
64
45
45
57
61
64
57
45
61_64
57
61
64
45
68
71
68
71
69
73
69
71
73
74
71
73
74
76
73
74
76
78
74
76
78
79
76
62
78
79
69
69
66
62
66
78
69
69
78
62
78
69
62
69
78
66
66
78
69
69
76
62
67
81
73
76
79
73_81
79
79
64
64
73
73
64
73
64
67
73
78
66
79
74
78
66_74
62
76
55
67
67
55
64
79
76
64
79
83
67
83
79
76
79
67
74
57
76
66
66
57
78
73
58
74
76
67
78
58
67
66
59
74
73
76
66
59
74
78
76_78
76
74
73
74
73
76
74
76
74
71
71
70
73
70
73
71
67
71
66
50
67
57
57
50
54
66
54
57
57
66
50
66
50
66
57
66
57
66
54
66
54
66
57
57_66
50
55
64
64
69
61
67
69
61
67
67
52
52_61
61
52
52
55
61
61
66
54
67
62
62
54
50
66
59
43
55
55
43
52
59
52
64
64
67
55_67
71
71
67
64
55
67
54
45
62
64
57
54
57
66
61
55
62
64
57
66
55
57
62
64
61
54
50
45
50_62
54
69
69
68
69
68
71
69
71
69
69
79
76
61_69
61_69
76
79
76
79
61_69
69
76
61
79
69
69
78
74
62
69
69
74
62
78
78
69
74
62
69
74
62
78
69
69
73_76
69
57
57
69
73
76
73
76
69
57
69
76
73
57
69
68
69
69
68
71
69
69
71
69
67
49
57
64
57
49
64
67
49_57
67
64
57
49_64
67
69
66_69
57
62
50
57
50_62
66
66
50
62
57
57
50_62
66
69
69
61
45
57
64
61
45
57
64
45_57
61
64
61
57
64
45
68
68
71
71
69
69_73
71
73
74
71
73
74
76
73
74
76
78
74
76
78
79
76
62
78
79
69
69
62
66
66
78
69
69
78
62
62
78
69
69
78
66
66
78
69
69
76
62
67
81
76
73
79
73
81
79
79
64
64
73
73
64
67
64
73
73
78
66
79
74
78
74
62
66
76
55
67
67
64
79
55
76
64
83
79
67
79
83
67
76
79
57
74
76
66
66
78
57
73
58_74
76
67
78
67
58
74
66
59_73
76
59
66
74
78
76
78
76
74
73
74
73
76
74
76
74
71
70
71
70
73
71
73
67
71
66
67
50
57
57
66
50
54
54
57
57
66
50
50
66
66
57
66
57
66
54
54
66
66
57
57
66
55
50
64
61
61
50
64
69
55
67
69
67
67
61
50
52
50
61
52
67
66
62
50
57
74
62
57
66
50
72
74
72
57
72
50_54
54
57
50
72
63
71
66
66
63
71
83
66
66
83
81
81
81
71
66
63
63
66
71
81
40_52
40
52
53
41
53
41
52
40
40
52
53
41
53
41
52
40
71
74
71
74
80
80
71
74
71_74
80
71
74
80
74
71_80
80
74
71
71
74
80
71
74
80
74
71
80
80
71_74
40
71
74
52
80
71_80
74
53
41
74
71
80
71
74
80
71
53
74
80
41
74
40_52
71
80
71
74
80
80
71
74
40
71
74
52
80
53_71_74
41_80
74
71
80
71
74
80
53
74
71
80
41
40_52
71
74
80
74
71
80
80
74
71
40
71_74
52
80
71
74
53
41
80
74
71
80
74
71
80
53
41
71
74
80
40_52
74
71
74
80
71
74
71
71
74
80_83
40
52
53
41
53
41
80
52
40
83
80
74
74
80
86
83
40
52
53
41
53
41
40_52
83
86
81_84
84
81
80_83
80
83
52
40
81
77
77
81
80
76
80
76
74_77
74
77
72
76
76
72
71
74
71
74
57
45
69_72
72
74
69
72
74
72
71
71
72
72
74
74
57
45
76
76
64_69
60
69
64
60
65
62
70
68
70
68
62
69
60
65
64
69
69
69
60
64
70
65
62
68
70
62_68
65
69
64
60
69
64
60
69
69
68
64
74
59
64
68
59
74
72
57_64
69
69
64
72
57
38
50
50
38
51
39
51
39
38
50
50
38
39
51
51
39
50
38_69_72
72
69
78
78
69
72
72
69
78
78
72
69
69_72
78
78
69
72
72
69
78
78
69
72
72
69
78
78
50
69
72
69
72
78
38_78
51
39
69_72
72
69
78
78
72
69
69_72
78
51
39
78
69
50_72
38
72
69
78
69
72_78
72
50
69
78
51
69
39_72
78
38
72
69
78
69
72
78
72
69
78
51
50
38
69
72
78
39
69
72
78
69
72
78
50
72
69
78
51
39
69
72
38
78
72
69
78
69
72
78
72
69
78
51
38_50
72
39_69
78
69
72
72
69
69
72
78
81
50
38
51
39
51
78
38_50
81
39
78
72
72
78
84
81
50
38
51
39
51
39
50
38
81
84
82
79
79
82
50
38
81
78
78
81
75_79
75
79
78
74
74
78
72_75
75
72
70
74
70
74
72
69
69
72
70
55_67
43
70
72
67
70
72
69_70
70
69
70
72
72
55
43
74
74
67
58
62
67
58
62
68
63
60
66
68
66
63
60
58_67
62
67
67
67
58
68
63
60_62
66
68
60
63_67
58_62
66
67
62
58
67
67
72
66
62
57
62
57
66
72
70
67
55
62
67
55_62
70
67
67
64
60
58
74
64
60
58
74
72
60
65
57
60
57
65
72
72
72
77
71
62
50
65
62
50
65
77
71
76
67_72
48_60
60
48_67
72
76
53
53
57
57
60
60
57
57
53
53
57
57
60
60
57
57
52
58
58
60
52
60
58
58
52
52
58
58
60
60
58
58
72
53
57
57
60
53
60
57
57
53
72
74
72_74
57
72
71
57
72
60
71
74
57
72
60
57
65
53
55
74
58
58
55
60
58_60
58
64
55
65
58
58
64
60
60
58
55
58
53
65
57
57
69
65
60
53
69
72
60
72
57
57
77
53
81
77
57
57
81
84
60
84
84
60
57
84
53
57
83
84
52
83
84
86
84
86
55
55
60
60
52
82
84
55
82
81
55
81
79
52
58
79
52
58
60
60
58
58
72
53
56
56
60
53
60
56
56
53
72
73
56
73
72
72
71
71
72
56
60
73
60
72
56
56
65
53
55
73
58
58
60
55
60
58
58
64
65
55
58
58
64
60
60
58
58
55
53
65
56
56
68
60
65
53
68
72
60
56
72
56
77
53
80
56
77
56
80_84
60
84
60
84
56
84
53
56
51
84
54
54
56
51
56
54
54
84
51
80
54
80
54
82
56
82
56
84
54
84
54
51
85
49
53
53
56
49
56
85
53
53
49
49_80
53
53
80
84
56
84
56
85
53
85
53
87
48
51
51
56
87
48
56
51
51
48
80
54
80
54
56
85
85
87
56
54
54
89
49
87
48
53
53
56
89
56
89
53
53
49
87
47
89
53
53
56_87
87
56
53
47
53
46
86
87
53
53
56
86
46
56
53
53
46
82
53
46
53
84
56
82
56
86
53
84
53_87
46
86
51
78
87
54
51
78
78
54
51
85
45
51
46
78
78
51
85
51
78
54
78
54
51
51
45
44
84
78
51_78
84
51
54
78
44
54
51
51
44
80
51
51
54
82
44
80
84
51
82
54
51
44_85
84
76
85
49
76
78
49
52
78
76
76
78
76
78
49
75
76
52
76
44
75
83
43
49
76
76
49
83
76
49
78
52
76_78
76
78
76
52
78
49
76
75
43
76
49
75
54
42
76
73
76
73
82
76
76
73
76
82
73
83
74
83
71
74
54
42_71
53
41
81
74
71
81
53
74
41
71
40_52
71
74
71
80
74
74
71
80
74
71
81
72
81
52
69
72
40
69
51
39
79
72
69
79
72
51
69
39
38_50
69
72
69
72
78
72
69
72
78
69
79
70
50
79
67
70
49
37
67
38_77
70
77
67
70
49
37
67
36_48_76
70
67
76
70
67
77
69
77
65
48
69
36
65
47
35
75
69
66
69
75
66
76
67
76
64
47
35
67
73
33
45
64
67
64
67
73
64
74
65
74
62
45
33
65
31_71
43
62
65
62
71
65
72
62
64
72
60
43
31
64
60
42
30
84
87
84
87
81
81
84
84
78
81
78
81
75
78
75
78
72
72
75
75
69
69
72
72
66
66
69
69
63
63
66
60
66
60
63
63
57
42
30
57
60
54
60
57
54
51
57
54
51
48
54
48
51
45
51
48
45
42
48
45
42
39
45
42
39
36
42
39
36
34
39
33
29
34
36
33
39
36
41
39
45
41
48
45
51
48
51
53
57
29
53
60
57
63
60
63
65
69
65
72
69
75
72
75
77
81
84
87
63
53
60
57
81
77
84
86
87
84
86
82
84
82
81
79
81
77
79
77
76
75
76
74
57
75
60
53_74
72
63
70
72
69
70
67
69
65
67
64
65
64
75
63
48
41
45
41
45
48
75
74
62
63
62
60
72
74
60
70
58
72
58
57_69
70
57
69
55
67
53
65
55
67
53
64
52
65
63
51
64
52
51
62
63
50
60
50
48_62
58
46
48
60
57
45
46
58
55
43
57
45
53
41
43
55
41
53
52
40
40
51
29
33_36
39
52
53
51
51
53
50
51
51
50
52
51
53
52
54
53
54
55
56
55
57
56
58
57
58
59
59
60
60
61
61
62
62
63
63
64
64
65
66
65
66
67
67
68
69
68
69_70
70
71
71
72
72
73
73
74
74
75
75
39
36
33
76
76
77
77
78
78
29
79
79
80
81
80
81
82
82
83
84
83
85
84
86
85
86
87
84
87
84
81
81
77
77
76
76
75
75
74
65
58
62
72
74
70
72
62
63
70
60
69
58
60
65
69
63
72
72
75
65
69
60
65
74
75
74
72
60
70_72
65
62
69
65
62
70
74
74
77
62_65_71
50
65
71
75
77
50_62
74
75
72
63_67
51
74
63
67
51
72
67_79
74
47_59
47
59
67
79
74
77
67
48
75
77
75
67
50
75
65
48
74
65
75
74
50
51
74
63
74
72
63
51
72
70
62
53
62
69
70
60
69
60
53
65
67
65
69
67
70
69
72
70
58
65
74
72
58
72
60
74
60
70
72
62
70
69
63
62
65
63
69
72
72
75
65
57
57
75
58
74
65
58
74
72
60
60
72
77
50
65
71
71
65
75
51
50
51_77
74
53
75
53
78
51
74
60
79
78
75
63
60
79
72
75
51
63
72
53
72
62
65
70
72
70
70
53
62
53_58
65
74
70
62
58
53
77
62
74
60
53
75
77
60
57
53
57
75
72
72
63
46_72
57
57
63
72
70
58
62
58
62
46
70
70
62
58
46
58
46
62
70
46_62
53
50
60
62
58_60
50
58
51
57
48
46
48
53
51
57
60
63
57
53
48_60
62
63
60
62
58
60
50
48
57
53
58
50
62
65
59
53
50
38
62
50
53
63
59
62
65
60
39_51
55
63
38
62
51
55
39_60
47
67
55
35
62
55
47
35
67
62
65
55
36
63
65
55
63
63
53
38
36
53
62
63
62
62
51
39
38
62
60
60
51
58
41_50
39
50
57
48
29
58
41
57
48
29
41
43
41
45
43
46
45
48
46
50
34
48
48
34
36
36
46
50
38
48
39
38
45
46
45
39
48
51
36
48
36
50
38
51
50
39
38
48
46
38_39
53
48
58
53
57
58
56
57
54
39
38
56
55
54
46
49
39
40
55
57
55
57
55
54
54_55
57
55
58
57
58
49
50
58
41
40
53
58
41
50
41
53
50
53
53
51
50
55
51
55
50
53
41
50
53
53
29_50
41
50
53
51
48
51
41
46
50
48
46
50
48
45
45
48
39
48
34
45
29
45
39
46
38
48
34
38
46
46
38
34
38
34
46
53_72
69
53
65
65
65
65
65
65
65
65
69_70
74
65_72
65
70
72
75
74
65
65
72
77
74
65
75
65
74
65
77
79
75
65
75
79
65
65
74_77
65
65
74
77
65
65
73
76
65
65
73
76
65
65
72_75
65
65
72
75
65
65
65
71
74
65
71
74
65
65
70
73
65
65
73
70
65
65
72
65
69
65
65
72
69
65
65
65
65
65
60
41_69
41
53
53
53
53
53
53
53
53
60
70
62
53
69
53
62
63
72
53
53_70
63
74
53
65
72
53
65
75
74
53
67
53
67
53
75
53
74
65
53
53
65
74
53
53
73
64
53
53
64
73
53
53
63
53_72
53
72
53
63
53
62
71
53
53
62_71
53
53
70
61
53
53
70
61
53
53
69
60
53
53
60
69
74
58
65
58
72
60
74
70
60
62
72
62
63
69
70
65
63
69
81
87
81
84
87
81
84
70
89
62
81
86
89
86
82
82
62
63
81
81
82
81
82
79
81
81
79
84
81
82
84
81
63
67
82
79
81
77
79
75
70
77
67
74
70
65
75
77
74
77
65_70
77
58
53
76
77
53
58
75
76
74
75
77
74
57
53
75
77
75
57
63_74
69
53
74
72
63
69
72
72
63
58
69
63
70
69
62
72
62
58
70
70
58
62
62
58
71
70
71
53
72
69
53
65
65
65
65
65
65
65
65
69
72
70
65
74
70
65
75
72
74
65
65
72
74
77
65
75
65
74
79
75
77
65
75
65
79
75
79
65
65
75
79
74
65
77
74
65
77
77
65
74
65
74
77
73
65
76
73
65
76
73
65
76
73
65
75
76
65
72
75
72
65
75
72
65
65
72
71_75
65
74
74
71
65
74
71
65
65
71
74
70
73
65
70
65
73
73
70
65
65
73
70
65
72
69
65
65
72
69
65
65
65
65
65
69
60
41
41
53
53
53
53
53
53
60
53
53
70
62
69
53
53
62
63_72
53
70
53
63
74
53_65
72
53
65
75
53_74
67
53
67
75
53
75
67
53
67
75
65
74
53
53
74
65
74
53
65
53
65
73
74
53
64
53
64
73
73
53
64
53
64
73
63
53_72
53
63
72
72
63
53
53
63
72
62
71
53
53
62
71
53
62
71
53
62
71
70
61
53
53
61
70
53
70
61
53
61
69_70
60
53
53
69
60
62
53
46
60
46
48
62
58
50
48
60
50
58
51
57
57
51
53
69
75
69
72
75
69
72
58
50_77
69
74
77
70
74
51
50
70
69
69
70
69
70
67_69
69
67
72
69
70
72
69
55
70
51
67
69
65
67
63
65
58
55
58_62
53
63
65
62
65
58
53
65
58
50
41
65
65
67
65
65
67
65
58
50
65
57
48
63
65
62
63
62
63
48
41
63
57
63
42
57
48
48
42
57
62
58
43
46
63
46
62
43
58
34
50
41
34
50
48
36
36
46
38
48
38
46
39
45
45
41
39
57
63
57
60
60
63
57
57
50
53
65
62
65
58
62
50
53
58
77
65
62
74
77
74
65
71
62
71
51
43
36
50
38
39
36
48
38
41
47
39
48
50
51
47
43
41
59
65
59
62
65
59
62
51
67
55
59
63
67
55
51
60
63
60
79
67
64
76
79
76
73
64
67
73
53
45
38
52
40
38
50
41
53
40
52
49
43
41
50
49
45
43
61
67
61
64
67
61
64
69
57
53
61
65
69
65
62
57
53
62
69_81
65
77
81
77
74
65
69
74
72
62
54
62
69
72
69
62
54
62
84
74
66
74
81
84
81
74
66
74
74
55
43
82
74
81
82
82
81
74
82
43
74
82
55
81
82
82
81
74
82
82
74
79
82
82
79
43_74
82
55
82
43
74
55
54
79
82
55
82
79
54
55
74
45
82
82
57
74
45
57
55
77
82
57
82
55
77
57
46
74
82
58
82
46_74
57
58
77
82
57
82
58
77
58
60_72
82
48
82
77
72
82
82
77
48
60
72
82
72_82
77
82
82
77
72
82
82
72
76
82
82
76
72
36
82
36
48
82
72
48
76
47
82
82
76
48
47
48
72
38
82
38_82
50
72
50
77
48
82
50_82
77
48
50
40
72
82
82
72
40_52
52
50
79
82
52
50
82
79
52
72
53
41
82
80
72
79
80
80
79
72
80
41
53
72
80
79
80
80
79
72
80
80
72
77
80
80
77
41_72
80
53
41_80
72
53
77
52
80
53
80
52
77
53
72
43
80
80
55
43
72
55
53
75
80
80
55
53
75
55
72
44
80
44
56
80
72
56
55
75
80
55
56
80
75
56
70
58
46
80
80
70
75
80
80
75
58
46
70
80
80
70
75
80
80
75
70
80
80
70
74
80
80
74
34
70
80
34
46_80
70
46
44
74
44
80
45
45
46
80
74
46
70
36
80
36
48
80
70
46
75
48
80
48
80
46
75
48
38
70
80
50
38
80
70
50
48
77
80
50
48
80
50_77
70
51
39
80
78
70
77_78
78
77
78
70
51
39
70
78
77
78
78
77
70
78
70_78
75
78
78
75
78
70
39
78
70
51
39
50
51
75
78
51
78
50
75
51
70
41
78
41
53
78
70
51
53
73
78
53
78
73
51
53
70
42
78
78
42
70
54
54
53
73
78
78
54
53
73
54
78
68
56
44
78
68
73
78
78
73
56
68
78
44
68
78
73
78
73
78
68
78
68
78
72
78
78
72
32_68
78
32_44
78
68
44
43
72
78
72
44
78
43
44
34_68
78
78
46
68
34
46
44
78
73
46
78
73
44
46
36
68
78
48
78
36
68
46
48
75_78
48
46
78
48
75
68
49
37
78
77
68
75
77
37
77
49
75
68
77
77
68
49
73
77
51
77
53
49_73
51_70
55_77
53
75
70
73
75
55
75
73
70
75
70
75
51
73
75
53
75
55
73
51
53
75
57
65
55
75
65
72
75
57
75
72
65_75
75
65
53
72_75
55
75
53
72
57
55
65
58_75
57
73
65
72
73
58
73
72
65
73
73
65
46
70
73
48
73
70
49
46
48
66
51
73
49
71
66
71
70
51
71
70
66
71
66
71
47
70
71
49
71
47
51
70
71
49
61
53
51
71
61
68
71
53
71
68
61
71
71
61
49_68
71
51
71
49_68
53
51
61
54
71
53
70
61
68
54
70
70
68
61
70
70
61
42
66
70
44
70
66
46
42
44_48
63
70
46
68
63
66
68
48
66
68
68
63
68
63
44
68
66
46
68
48
66
44
58
68
50
46
48
68
58
68
65
50
68
65
58
68
68
58
46
65
68
48
68
46
50
65
48
51
68
58
50
68
65_68
58
68
65
68
58
68
68
65
58
68
65
39
68
60
66
60
66
63
63
66
66
60
66
60
66
63
63
66
66
41
56
51
39
65
65
61
56
61
65
56
65
65
56
61
65
65
61
65
42
56
41
65
65
58
56
65
58
56
65
65
56
65
58
65
58
54
30
65
63
63
58
54
58
63
54
63
63
63
58
63
54
42
58
30
31
53
63
61
53
58
61
61
58
53
61
61
53
58
61
61
58
61
32
53
34
31
34
61
56
61
53
61
56
61
53
53
61
61
56
61
56
61
51
60
60
56
51
56
60
60
51
51
60
60
56
56
60
49
60
58
58
53
49
53
58
49
58
58
49
58
53
32
53_58
58
49
32
30
31
58
30
31
58
53
49
58
53
49
58
58
58
53
49
58
53
48
58
56
48
51
56
56
51
56
48
56
48
51_56
56
51
46
56
55
46
49
55
49
55
46
55
46
32_55
49
55
55
49
55
32_48
56
51
48
56
48
51
48
44
44_51
32
51
48
48
44
44
39
48
44
39
39
48
44
36
39
44
36
39
44
48
39
48
44
44
51
51
48
56
48
51
56
60
51
56
60
63
56
63
60
68
60
63
68
63
72
72
68
75
68
72
75
80
72
75
80
75
84
84
80
87
80
87
61
88
58
55
88
61
58
82
55
85
82
85
79
82
79
82
76
76
79
79
73
76
73
76
70
73
70
73
67
70
67
70
73
55_64_70
43
55
43
64
73
70
55_73
70
43
64
43_55
64
73
70
73
65_70
53
41
53
41
70
65
73
67_70
72
52
40
40
52
67
72
70
48
55
48
55
52
52
58
58
55
55
61
58
61
64
58
61
64
67
61
64
67
70
64
70
58
73
76
46_67
58
46
73
67
76
77
56_68
44
72
56
44
72
77
68
79
70
76
55
43
55
43
76
70
79
80
53_72
41_77
53
41
80
77
72
56
65
56
65
60
60
68
68
65
72
65
68_72
68
77
77
72
80
72
77
80
84
77
84
72
53
68
65
41
65
53
72
41
68
72
53_65_68
41
53_65
72
41
68
51_72
67
39
51
39
67
72
50_66_72
38
69
38
66
50
69
72
69
69
72
72
66
66
69
69
63
63
66
60
66
63
60
57
63
57
60
60
54
54
57
57
78
60_69_75
48
60_69
48_75
78
79
70
58
46_74
58
46
74
70
79
81
72
57
78
45
57
78
45_72
81
82
74
79
43_55
55
43
79
82
74
62
62
70
70
67
74
67
74
70
70
79
79
74
82
74
58
62
55
62
55
82
58
62
58
55
67
74
67
58
62
74
55
70
70
79
79
74
74
82
79
82
86
79
65
59
55
55_59
65
86
65
59
55
86
89
86
65
59
89
83
55
86
83
86
80
80
83
83
77
77
80
80
74
74
77
77
71
74
71
74
68
71
68
71
65
65
68
68
56
48
36_50
53
48
50
36
53
56
56
50
47_53
35
55
56
47
53
50
35
55
44
60
32
50
53
44
50
32
53
60
60
50
53
44
32
44
32
50
60
53
60
53
50
44
32
50
60
32
53
44
50_60
53
31
43
59
60
31
50
43
53
59
36
63
48
54
63
36
54
48
54
63
48
36
48_54
36
63
63
54
36_48
48
36
54
63
54
63
36_48
48
36
54
55
62
47
35
63
35
47
55
62
67
51_55
39
60
51
55
39_60
67
67
51
60
55
39
51
39
55
67
60
67
55
51
60
39
51
39
55
60_67
67
60
55
39_51
60
51
39
65
59
50
38
67
55
50_59
38
65
63
68
65
36
48
48
63
65
36
68
63
68
36
48
65
65
48_63
36
68
63
68
48
36_65
48
65
36
63
68
68
65
62
47
35
67
68
62
65
67
74
71
35
47
71
74
74
71
71
74
71
74
71
74
77
74
56
74
77
55
56
83
74
55
74
83
83
74
74
83
83
74
74
83
86
77
68
77
86
67
68
86
83
83
86
67
86
83
83
86
86
83
83
86
89
86
80
79
80
86
89
79
60
36_48
48
36
63
51
39
60
51
39
66
54
42
63
42
54
67
55
43
66
55
68
43_56
44
67
56
44
60
36
48
68
48
59
47
36
35
60
35
59
47
75
66
72
71
72
74
67
75
66
67_71
74
78
68
72
72
68
79
78
71
67
67
71
79
56
32
44
32
44
59
47
35
56
35
47
59
60
36
48
61
60
60
61
59
60
60
59
48
61
49
37
36
60
49
63
39
51
37
61
51
39
56
32
44
63
44
55
31
43
32
56
31
43
55
68
71
62
62
70
67
63
71
68
67
63_70
68_74
71
68
71
74
75
67
70
67
70
75
61
41
49
49
44
41
44
49
49
41
61
49
49
85
44
41
44
49
49
80
41
85
49
49
77
44
41
80
49
49
73
44
41
77
49
49
68
44
73
41
68
44
49
49
63
57
60
42
48
48
45
42
45_48
42
48
57
48_60
63
48
84
42
45
45
48
48
81
42
84
48
48
78
45
81
42
48
48
45
75
42
78
48
48
72
45
75
45
48
72
42
48
43
63
60
63
60
60
63
63
60
63
60
43
60
63
44
60_63
60
63
60_63
44
60
63
60
63
60
63
41
62
60
62
60
60
62
62
60
41
60
62
60_62
43
62
59
62
59
59
62
62
59
43
62
59
59
62
36
60
67
60
67
67
67
67
36
67
67
65
65
67
67
43
65
65
67
45
43
47
67
45
65
65
67
47
48
48
67
65
50
65
67
50
47
47
63
67
48
67
63
63
67
63
67
67
63
63
67
48
67
63
63
67
67
65
65
67
67
43
65
65
67
45
43
67
47
65
45
65
67
47
48
48
65
67
50
65
67
50
47
47
63
67
48
48
63
67
43_67
65
65
45
67
43
67
47
65
45
65
67
48
47
48
50
65
67
50
65
47
67
47
67
63
48
48
63
67
67
43
65
65
67
45
43
67
47_65
45
65
67
48
47
67
48
50
65
65
50
67
47
47
63
67
48
48
63
67
72
58
46_64
58
46
64
72
65
56_72
44
56
44
65
72
72
64
67
55
43
55
43
64
72
67
68_72
65
53
41
65
53
72
68
41
70
67
72
52
40
72
40
67
52
70
68
72
65
53
41
65
53
72
41
68
72
52
40
67
70
67
52
40
72
70
72
65_68
53
41
41
53
68
65
70
67
53
67
72
68
65
70
68
65
67
63
63
67
65
62
65
53
62
63
60
55
55
60
43
62
63
59
59
62
43
60
48
60
67
48_67
67
67
67
67
67
67
67
66
66
67
67
66
67
66
67
66
67
66
66
67
67
66
67
65
65
67
67
65
67
65
65_67
67
65
65
67
67
65
79
67
65
67
65
79
81
83
67
81
65
67
65
84
83
67
65_86
84
67
65
83
86
83
63
84
67
67
63
63
67
67
63
63
67
63
67
67
63
67
63
84
65
67
67
65
79
67
65
67
65
79
81
67
83
81
65
67
65
83_84
67
65
86
84
67
65
83
86
63
67
84
83
67
63
84
79
67
65
67
65
79
81
83
67
65
81
67
65
84
83
86
67
65_84
67
65
83
86
83
84
67
63
67
63
84
79
67
65
65
67
81
79
67
83
65
81
65
67
84
83
86
84
67
65
67
65
83
86
83
84
67
63
67
63
84
48
82
84
50
84
82
48
52
82
84
50
82
84
53
52
82
55
84
53
55
84
52
82
52
80_84
53
53
84
80
48
82
84
50
84
82
48
52_84
82
50
53
82
84
52
55
82
53_84
82
84
52
55
84
80
53
52
53
80
82
53_79
80
79_84
77
80
82
77
75
79
75
77
74
79
77
75
72
74
53
55
55
71
74
55
72
75
55
72
56
71
74
59
60
59
62
60
72
63
72
62
64
63
72
72
65
64
66
65
72
56_66
72
67
55
72_74
72
74
71
72
72
71
67
74
72
43_75
55
74
65
71
75
65
43
72
44
63
71
47
48
47
48
50
72
51
50_60
63
52
51
60
60
53
52
54
53
60
54
44
60
55
43
60
62
60
62
60
59
60
59
55
62
60
63
31
62
43
53
59
63
60
51
36
53
31
59
60
36
51
51
43
48
31
43
50
47
41
48
51
41
31
47
48
39
36
50
48
50
50
51
51
53
55
53
57
55
59
57
60
59
39_62
60
36
63
63
62
65
67
65
69
67
71
69
71
72
74
72
75
74
75
77
79
77
81
83
79
48_60
84
51
55
81
83
60
48
55
51
84
