53_65
65
65
65
53
57_67
67
65
65
67
67
65
57
65
67
67
65
65
67
67
65
65
53_67
67
65
65
67
67
65
53
65
64
64
65
65
52_67
52
48
67
48
69
69
70
70
53_69
53
69
58_74
74
72
72
70
58
70
60_69
60
69
48_69
69
67
67
69
69
67
48
67
65
65
64
64
53_65
53
65
48
48
41
41
55_67
67
77
77
77
77
74
55
74
53_74
74
71
71
53
52_72
72
52
76
76
79
79
55_67
67
77
77
77
77
74
55
74
53_74
74
71
71
53
52_72
72
52
76
76
79
79
53_81
81
77
77
74
53
74
55_79
79
76
55
76
72
72
43_77
77
74
43
74
71
71
48_71
71
72
48
43
43
36
36
72
53_65
65
65
65
53
57_67
67
65
65
67
67
65
57
65
67
67
65
65
67
67
65
65
53_67
67
65
65
67
67
65
53
65
64
64
65
65
52_67
52
48
67
48
69
69
70
70
53_69
53
69
58_74
74
72
72
70
58
70
60_69
60
69
48_69
69
67
67
69
69
67
48
67
65
65
64
64
53_65
53_65
48
48
41
41
55_67
67
77
77
77
77
74
55
74
53_74
74
71
71
53
52_72
72
52
76
76
79
79
55_67
67
77
77
77
77
74
55
74
53_74
74
71
71
53
52_72
72
52
76
76
79
79
53_81
81
77
77
74
53
74
55_79
79
76
55
76
72
72
43_77
77
74
43
74
71
71
48_71
71
72
48
43
43
36
36
72
53_65
65
65
53
65
57_67
67
65
65
67
67
65
57
65
67
67
65
65
64
64
65
65
53_72
72
53
75
75
58_74
74
70
70
58
60_69
69
60
72
72
62_70
62
70
55_67
67
67
67
55
59_69
69
67
67
69
69
67
59
67
69
69
67
67
65
65
67
67
55_74
74
55
77
77
60_76
76
72
72
60
62_71
71
62
74
74
64_72
64_72
53_53_65
65
65
53_53
65
57_57_67
67
65
65
67
67
65
57
65
67
67
65
65
67
57
67
65
65
53_67
67
65
65
67
67
65
53
65
64
64
65
65
52_67
52
48
67
48
69
69
70
70
53_69
53_69
41_53
53
53
53
41
45_55
55
53
53
55
55
53
45
53
55
55
53
53
55
55
53
53
41_55
55
53
53
55
55
53
41
53
52
52
53
53
40_55
40
36
55
36
57
57
58
58
41_57
41_57
48_60
60
70
70
70
70
67
48
67
46_67
67
64
64
46
45_65
65
45
69
69
72
72
60_72
72
82
82
82
82
79
60
79
58_79
79
76
76
58
57_77
77
81
81
84
57
84
58_74
74
70
70
67
58
67
60_72
72
69
60
69
65
65
48_70
70
67
48
67
64
64
53_64
64
65
53
48
48
41
41
65
53_65
65
65
65
53
57_67
67
65
65
67
67
65
57
65
67
67
65
65
64
64
65
65
53_72
72
53
75
75
58_74
74
70
70
58
60_69
69
60
72
72
62_70
62_70
55_67
67
67
67
55
59_69
69
67
67
69
69
67
59
67
69
69
67
67
65
65
67
67
55_74
74
55
77
77
60_76
76
72
72
60
62_71
71
62
74
74
64_72
64_72
53_53_65
65
65
65
53_53
57_57_67
67
65
65
67
67
65
57
65
67
67
65
65
67
57
67
65
65
53_67
67
65
65
67
67
65
53
65
64
64
65
65
52_67
52
48
67
48
69
69
70
70
53_69
53
69
41_53
53
53
41
53
45_55
55
53
53
55
55
53
45
53
55
55
53
53
55
55
53
53
41_55
55
53
53
55
55
53
41
53
52
52
53
53
40_55
40
36
55
36
57
57
58
58
41_57
41_57
48_60
60
70
70
70
70
67
48
67
46_67
67
64
64
46
45_65
65
69
69
72
45
72
60_72
72
82
82
82
82
79
60
79
58_79
79
76
76
58
57_77
77
81
81
84
57
84
58_74
74
70
70
67
58
67
60_72
72
69
60
69
65
65
48_70
70
67
48
67
64
64
53_64
64
65
53
48
48
41
41
65
