53_65
65
67
67
69
53
69
52_67
67
69
69
70
52
70
53_69
69
70
70
72
53
72
55_72
55_72
48_70
48_70
53_69
53_69
58_76
76
74
74
72
72
70
58
70
60_69
60_69
48_67
48_67
53_65
53
48
48
65
41
41
55
67
55
67
71
71
67
67
55
67
55
67
71
71
67
67
53
67
53
67
71
71
67
67
52
67
52
67
72
72
67
67
50
67
50
67
74
74
67
67
48
67
48
67
76
76
67
67
55
67
55
67
71
71
67
67
55
67
55
67
71
71
67
67
53
67
53
67
71
71
67
67
52
67
52
67
72
72
67
67
50
67
50
67
74
74
67
67
48
67
48
67
76
76
67
67
53
77
53
77
74
55
74
76
55
76
72
43
72
74
43
74
71
71
48_71
71
48
72
43
43
36
36
53_65_72
65
67
67
69
53
69
52_67
67
69
69
70
52
70
53_69
69
70
70
72
53
72
55_72
55_72
48_70
48_70
53_69
53_69
58_76
76
74
74
72
72
70
58
70
60_69
60
69
48_67
48
67
53_65
53
48
48
65
41
41
55
67
55
67
71
71
67
67
55
67
55
67
71
71
67
67
53
67
53
67
71
71
67
67
52
67
52
67
72
72
67
67
50
67
50
67
74
74
67
67
48
67
48
67
76
76
67
67
55
67
55
67
71
71
67
67
55
67
55
67
71
71
67
67
53
67
53
67
71
71
67
67
52
67
52
67
72
72
67
67
50
67
50
67
74
74
67
67
48
67
48
67
76
76
67
67
53
77
53
77
74
55
74
76
55
76
72
43
72
74
43
74
71
71
48_71
71
48
72
43
43
36
36
53_65_72
65
67
67
69
69
69
69
70
53_70
72
72
57_72
72
74
57
74
75
75
58_74
58_74
60_69
60_69
62_70
62_70
55_67
67
69
69
71
71
71
71
72
55_72
74
74
59_74
74
76
59
76
77
77
60_76
60_76
62_71
62_71
64_72
64_72
48
60
48
60
64
64
60
60
48
60
48
60
64
64
60
60
46
60
46
60
64
64
60
60
45
60
45
60
65
65
60
60
43
60
43
60
67
67
60
60
41
60
41
60
69
69
60
60
60
72
60
72
76
76
72
72
60
72
60
72
76
76
72
72
58
72
58
72
76
76
72
72
57
72
57
72
77
77
72
72
55
72
55
72
79
79
72
72
53
72
53
72
81
81
72
72
58
82
82
79
58
60
79
81
81
77
60
48
77
79
48
79
76
76
50_77
77
81
81
79
50
79
77
77
76
76
74
74
45_72
45_72
46
70
70
67
46
48
67
69
48
69
65
36
65
67
36
67
64
64
41_64
41
48
48
64
53_65
53_65
53_65
65
67
67
69
69
69
69
70
53_70
72
72
57_72
72
74
57
74
75
75
58_74
58_74
60_69
60_69
62_70
62_70
55_67
67
69
69
71
71
71
71
72
55_72
74
74
59_74
74
76
59
76
77
77
60_76
60_76
62_71
62_71
64_72
64_72
48
60
48
60
64
64
60
60
48
60
48
60
64
64
60
60
46
60
46
60
64
64
60
60
45
60
45
60
65
65
60
60
43
60
43
60
67
67
60
60
41
60
41
60
69
69
60
60
60
72
60
72
76
76
72
72
60
72
60
72
76
76
72
72
58
72
58
72
76
76
72
72
57
72
57
72
77
77
72
72
55
72
55
72
79
79
72
72
53
72
53
72
81
81
72
72
58
82
82
79
58
60
79
81
60
81
77
48
77
79
48
79
76
76
50_77
77
81
81
79
50
79
77
77
76
76
74
74
45_72
45_72
46
70
46
70
67
48
67
69
48
69
65
36
65
67
36
67
64
64
41_64
41
48
48
64
53_65
53
65
