72
53
53_53
69
65
69
65
69
65
53
53_53_69
65
69
65
69_77
65
69
65
55
79
55_55
77
70
60
76
70
60
70
60
48
48_48_64
55
64
55
70
67
64
67
64
53
72
53_53
70
67
64
69
65
65
65
65
45
65
45
45
60
65
60
65_69
60
65
60
46
69
46_46
67
62
58
65
62
58
62
58
48
48_48_60
57
60
57
58_64
55
58
55
65_69
53
57_65
53_53_65
53_53
67
70
58
55
72
69
60
57
70
62_74
58
72_75
63
60
62_70_74
58
75
72
63
60
69_72
60
57
70
74_74
70
62
58
77
77
62
58
62
58
41
41_41_62
58
62
58
76
62
58
74
62
58
53
71
53_53
59
56
72
60
57
60
57
41
60
41_41
57
60
57
72
60
57
60
57
50
77
50
50
69
65
62
69
65
62
65
62
50
65
50
50_62
65
62
65_71
62
65
62
48
74
48_48_60
48
65
59
72
64
60
64
60
48
76_79
48_64
48_60
67
58
79
67
58
67
58
48
77_81
81
48_65
48_57
69
60
77
69
60
69
60
48
83
69
48_48
65
65
62
65_71
62
65
62
72
76_84
60_60
73
61
61
74
62_62
64
52
52
60
65_65
53_53
69
60
53
69
60
65
60_69
65
69
60
53
53
65
60_69
65
65
69
60
65
69
60
65
67
55_55
65
70
60
55
64
60_70
55
70
60
55
64_67
48_48_60
67
64
60
58
64_67
60
67
64
60
60
53_53
58
67
64
60
57
69
65
60
65_69
60
72
65
45_45_57
72
65
57
57
72
65
57
65_69
57
57
46_46
55
67
62
58
53
65
62
58
62_65
58
60_65
48
48_57
65_69
60
52
64_67
49
49_58
64
58
55
53
50_50
53
62
65
57
57
62
74
65
58
74
65
58
74
67
52_52
74
70
60
60
72
69
60
58
70
67
60
57
69
53_65
53
60
67
62_77
65
64
65
64
74
58
62
61
62
60
70
55
58
57
58
60
45_45
62
72
65
57
60
59
60
72
65
57
62
74
65
46_46_58
53
65
57
48
48
60
65
57
60
52
55_64
48_48
58
64
55
58
53
65
53_53
57
60
69
54
54_54
60
60
55_55
55
59
67
52
52
58
58
55
41
57
53_53
53
60
57
53
69
65
60
65_69
60
65
69_74
53_53
65
74
69
65
74
69
65
62
74
69
65
60
53
53
59
71
67
62
71
67
62
60
71
67
62
62
60
72
52_67
52
60
67_72
60
72
67
60
67_72
60
55
47
47
67
67
62
65
77
74
67
74_77
67
77
47_74
47
67
77
74
67
64
76
48_72
48
67
76
72
67
65
74_77
43
43
67
76
72
64
74_77
76
72
65
77
74
64
76
72
65_74_77
76
72
64
74_77
62
76
72
71_74
64
72_76
62
67_71_74_79
55
79
67
79
67
62
67
77_79
55_55
64
79
62
77
60
76
59
74
67
59
74
59
74
43_43
59
74
60
76
55
62
77
64
79
48_48
65
81
64
79
62
77
60
76
48
60
76
60
76
60_60
64
79
62
77
60
60
76
67
65_74
77
55_62
55
64_67_76_79
65_74_77
62
76
60_64_72
62_71_74
59
67
62_71
74
59
62_71_74
59
43_43
71
59_62_74
64_76
72
60
55
62_65_74_77
79
64_67_76
48_48
69_77
81
65
67_76_79
64
77
65_74
62
72_76
64
60
60
64_76
60_72
72
60_64_76
60
60
67_76
79
64
65_74_77
62
48
72
64_76
60
57
48
53_53_60
65
69
60
72
69_72
72
69
65
72
77
53_69
53
65
69
60
72_81
69
69
60
55
48_48
60
67
64
72_72
67
72
67
64
72_76
67
48_48_60
67
64
72_79
67
67
64
53
55
55
59
62_65
71
71_74
74
71
62
74
74
43_71
43
65
62
77
71_74
65
62
52
64
76
48_48_60
60
55
67
67
67
69
53_60
53_53
65
64
62
60
67
64
55_55
55
60
60
60
60
67
53_62
53_59
59
57
55
55
52_52
55_67
55
59
79
67
64
60
79
67
64
79
67
53_53
64
77
65
62
67
64_76
61
65
74
65
62
72
64
55_55
60
72
64
60
63
72
64
60
64
64_72
60
72
64
53_53
60
71
62
59
60
69
60
57
59
67
59
55
67
60_67
52
52
55
55_60
52
60
55
52
60
55
52
48
60
58
52
52_55
46
48
46
48_60
58
55
46
48
46
48
60
58
55
46
48
46
60
58
55
45
46
45
60
57
53_53
53
60
57
53
60
57
53
60
57
53
69
60_62
54
54_57
60_62
57
62
60
57
62
60
57
55
64
55_60
55_55
76
72
55
67
76
72
55
76
72
55
72_76
72_76
55_55
67
76
72
67
65
76
72
67
64
62
72_76
67
60
64
74_74
67_72
43
43
67
62
64
74
72
67
62
64
62
74
64
72
67
62
64
62
64
74
72
62
67
64
62
64
62
74
71
43_71
43
64
65
62
64
62
64
74
71
65
62
64
62
64
62
74
71
65
64
62
64
62
60
74
71
65
62
60
72
60_67_72_72
48
48
64
67
64
79
64
60
64
60
55_64
55_60
64
60
62_77
59
62
59
79
57
57
77
62
59
76
60
60
60
60
53_69
53_60
69
60
74
69
60
69
60
76
55_55
74
65
59
72
64
60
64
60
64
43
43_60
67
64
71
65
62
67
65
72
48_64
48
60
68
56
56
69
57_57
70
58_58
71
51_51
51
72
67
51
51
72
67
63
72
67
63
72
51_67
51_63
72
67
63
60
72
67
63
57
67_72
63
55
50_50
69_72
62
54
72
69
62
72
69
62
69_72
50
50_62
72
69
66
69
72
69
66
72
69
66
50_50
66
69_72
66
72
69
66
63
72
69
66
72
69
50_50_66
62
69_72
66
72
69
66
60
72
69
66
60
43_43
59
71
67
62
59
67_71
62
71
67
62
71
67
55_55
62
71
68
62
58
67_70
62
70
65
62
76_82
48_48_60_67
64_70
60
36
64_70
55
70
64
67
70
67
48_48
64
70
67
64
67
70
67
64
67_70
64
48
48
64
70
67
64
60
70
67
64
58
70
67
64
57
77
65_69_69_81
48_48_65
65
60
69
65
60
65
65_69
60
57
69
65
60
60
65_69_81_84
48
48
69
65
60
69
65
60
57
77_81
65_69
60
55
67
60_64_76_79
67
60
64_67
60
67
64
60
72
67
60
72
60
60
73
61
61
74
62_62
64
52
52
65
65
53_53_53
72
60
57
69
65
69
65
69
53
53
65
69
65
77
69
65
69
65
79
55
55
77
70
60
76
70
60
70
60
67
48
48
64
67
64
70
67
64
67
64
60
70
53
53
67
64
69
69
65
69
65
69_72
53
53_65
72
69
65
65
69_72
65
72
69
65
67
55
55
65
70
60
55
64
60_70
55
60_70
55
64_67
48
48_60
67
64
60
58
67
64
60
67
64
60
60_60
53
53
58
67
64
60
57
65_69
60
65_69
60
65_72
45
45_57
72
65
57
57
65_72
57
69
65
57
57
46_46
55
67
62
58
53
65
62
58
65
62
58
60_65
48_48
57
69
65
60
52
64_67
58
64
58
55
53
65
53_65_65_69
57
53_53_53
58_67_70
55
69
60_72
57
70_74
62
58
63
72_75
60
70_74
62
58
63
75
72
60
69_72
60
57
74
70_74
70
62
58
77
62_77
58
62
58
62
53
53_58
62
58
76
62
58
74
62
58
71
53
53
59
56
60_72
57
60
57
60
53_53_57
60
57
65
60_77
57
60
72
65
57
60
72
48
48
58
70
67
64
58
67_70
64
70
67
64
67_70
48_48
64
67_70
64
57
65_69
49
49
57
55
67
64
57
53
50
50
62
65
57
57
62
74
65
58
74
65
58
67_74
52_52
74
70
60
60
72
69
60
58
70
67
60
57
69
65
53_53
60
67
77
62
65
64
65
64
74
58
62
61
62
60
70
55
58
57
58
60
45_45
62
72
65
57
60
59
60
65_72
57
62
65_74
46
46_58
53
57_65
48
48
60
65
57
60
52
64
55
48
48
58
64
55
58
53
65
57
53
53_57
60
69
54
54
60
60
55
55
59
67
52_52
58
58
55
41
57
53
53
60
57
53
69
65
60
69
65
60
65
74
69
53_53
65
74
69
65
69_74
65
62
74
69
65
59
53
53
67_71
62
67_71
62
60
71
67
62
62
60
72
67
52
52
64
67_72
64
73
67
69
73
67
69
38
65_74
50_50
69
65
62
57
65
62
57
65
62
57
62
65_70
50
50_62
65_70
62
70
65
62
58
70
65
62
56
50_50
68
64
59
68
64
59
57
64_68
59
59
57
69
64
48_48_60
69
64
60
69
63
65
69
63
65
34
70
62
46_46
65
62
58
53
58_62
53
62
58
53
58
62_67
46
46_58
67
62
58
67
62
58
55
62_67
58
52
46_46
64
60
55
64
60
55
53
60_64
55
55
53
65
45_45_60
53
65
60
53
65
60
53
65
60
53
48
52
52
60
60
55
58
70
67
60
70
67
60
70
67
52
52_60
70
67
60
57
69
53_53_65
60
65_69
60
58_70
48_67
48
60
65_69
57
70
67
58
69
65
57
70
67
69
65
58
70
67
57
69
65
67_70
55
69
65
67
64
57
69
65
55
67_72
84
64
48
84
72
72_84
55
84
70_72
60_60
57
72
55
70
53
69
52
67
60
52
67
52
67
48
48
52
67
53
69
48
55
70
57
72
41_41
58
74
57
72
55
70
53
69
53
53
69
53
69
53_53
57
72
55
70
65
53
69
60
79
70_82
60_67
60
81_84
72
69
79
70_82
67
69_81
65_77
67_79
64_76
60
67_79
64_76
76
64_67_79
48
48
67_76_79
64
69_81
65_77
48
82
70_79
67
72_81_84
69
41
41
82
70_74_86
81_84
69_72
82
67_70_79
69_77
81
65
65
69
65_77_81
69_77_81
53_53_65
69_72_81_84
70_79
67_82
53
77_81
65_69
46
58_58
70
65_74
77_77
74
77
74
62
82
74_77
58
58_70
74
65
77_86
74
74
65
60
53_53
65
72
69
77_77
72
72_77
45
77_81
72
53_53
65
72
69
84
72_77
72
69
48
82
76
48
48
64
70
67
79
70
60
79
70
79
67
48_48_70
60
58
60_70
67
58
60
58
70_70_79
60
58
60
58
70
57_67
58
57
69_77_81
53_65
53_65
65
65
60
57_60
69
41_41
53
57
72
53
48
76_82
48
48
64
70
67
79
60_70
79
70
60
79
67_70
48
48
58
60
70
67
58
60
58
60
79
70
58
70
60
58
57
70
67
58
57
69_77_81
65_69
53_53
65
48
60
60
60
67
46_46_62
58
58
57
55
53
65
48_60
48_57
53
53
53
53
64
60
46_46
55
52
50
48
48
45
45
72
60
60
52
84
72
69
53
72_84
69
84
46_72
46_69
82
70
67
60
69_81
66
58
70_79
67
77
69
48_48_65
77
65
57
56
77
65
57
57
65_77
57
77
65
46
46
57
76
64
55
53
74
62
53
52
72
60
52
60
72
60
45
45
53
65
60
53
60_65
53
60_65
53
46
65
45_45_63
60
45
46
65
63
60
45
46
45
46
45
65
63
60
46
45
43
65
63
60
45
46
65
62
46_46
58
65
62
58
65
62
58
65
62
58
62
67
47_65
47
62
67
65
62
67
65
62
65_67
62
48
48_48
69
65
60
69
65
60
65_69
60
57
67
46_64
46_60
55
57
67
64
60
55
57
55
57
55
64_67
60
57
55
53
67
64
60
55
53
45_45
57
65_65
60
60
60
65_72
57
65_72
57
65_72
57
57
57
65_72
57
61
73
65
57
73
65
57
62
74
65
58
58_58
62
58_74
64
76
60
65
77
62
60
60_60
69
65
60
69
65
60
69
65
60
65_69_77_81
60
60
60
62
69
65
60
60
58
65_69
60
57
55
65_69
60
53
57
67_79
60_65
48_48_60
55
57
67
65
60
55
57
55
67
65
60
57
55
57
55
57
65_67
60
55
57
55
57
55
64_67_76
48_48_58
57
55
57
55
67
64
57_58
55
57
55
57
64_67
58
55
57
55
53
67
64
58
55
53
53_65_77
53_65_65
53
57
65_77
77
65
77
65
77
65_65
46
46
58
74
62
74
62
62_74
62_74
45
45
57
72
60
72
60
72
60
72
50_60
50
50
58_70
70
58
70
58
53
57_60_69_69
48_48
48_48
65
64
65
64
65
64
65
64
65
64
65
64
62
64
65
57
65
77
53
53
81
77
84
69_69_72_81
72
60
72
69
72
69
60
60
72
69
70
67_79_82
67_70
64
70
67
79
67_70_82
53
53
65
69_69_77_77_81
65
77_81
65_69
60_69
48
69
60
69
60
48_48
69
60
58_67_76_79
60_67
52
67
58
65_77
57_65
53_57
53
73
61_61
74
62
62
64
52_52
65
53_53
65
41_41_57
65
41_57
41
