58_62
70
72
70
72
70
72
74
70
60_63
69
72
70
69
75
72
65
62
70
74
72
70
77
74
70
51_75
63
79
70
46_58_74
77
77
82
81
82
86
82
81
82
41
53
74_77
72_75
46
58
70_74
50
46
58
60
58
60
58
60
62
51_58
48
57
60
58
57
63
53_60
50
58
62
60
58
65
62
51
55
60_67
72
75
72
75
79
53_62_79
77
75
74
63
74
53
72
70
69
62
70
58
58_62
62
58
58_62
62
58
58_62_70
58_62
69
58_62_68
58_63
67
63
58_69
70
58_63_72
74
63_75
58
77
63
58
79
81
63_82
58
81
63
58_82
81
58
63
82
79
62
58_77
58_62
58_62
58_62
62
58
58_62
70
58_62_69
58_68
62
63
58
67
58_63_69
70
58_63
72
74
63_75
58
77
58_63_79
81
58_63
82
81
63
58_82
81
58_63_82
79
58_63
77
58
62
82
65
84
82
58
86
84
82
81
79
77
75
74
75
53
57
81
60_82
81
53
84
82
81
79
77
75
74
72
74
34_46
38
50
77
41
53_79
77
38_50
82
81
79
77
75
74
72
50
53_71
51_55_74
72
75
74
77
75
79
78
79
77
75
74
72
70
52_55_69
70
53
57_69
70
72
74
76
77
76
77
45
65
46
48
50
52
53
52
53
41
84
84
84
84
84
53_84
60
57
60_82
81
55
79
60_77
58_76
60
79
57_77
53
72
60
84
84
84
84
84
84
53
60
57
60
82
81
52_79
60_81
55_82
60_79
53_81
57
60
84
84
84
84
85
46_58_86
74
73
74
75
74
76
74
77
74
78
74
79
74
81
74
55_82
57
58
57
55
57
53
55
52
53
50
52
47_48
81
82
52
50_81
82
46_81
82
81
82
45_57_84
72
71
72
73
72
74
72
75
72
76
72
77
72
79
53
81
55
57
55
53
55
52
53
50
52
48
52
46
81
82
48_50_81
82
46
81
82
81
55
43_82
70
69
70
72
70
74
70
75
70
76
70
77
70
78
70
48
79
52
55
52
48
52
55_82
52
48_81
52
55
79
52
48
77
52
55_76
52
48
79
53
77
57
53
48
53
57
84
53
48_82
51
54
81
51
48_79
51
54
78
51
46_79
50
55
50
81
46_84
50
82
55_81
55_79
48_77
53
57
53
48
76
77
52
55_76
77
76
77
76
77
53_65
77
76
77
48_60
72
71
72
45
57
69
68
69
41
53
65
64
65
48_72
55
58
55
48
55
58_82
55
48
81
55
58_79
55
48_77
55
58_76
55
48
79
54
53
77
57
53
48
53
57_84
53
48_82
51
48_54_81
51
48_79
51
54_78
51
46_79
50
55
50
46_81
50
82
55
84
86
48_86
53
77
57
53
48
79
52_55
81
79
81
79
81
79
77
53_57
84
81
77
72
69
65
60
63
41_53
45
57
41_53
46_58
62
55
70_74
60
72
69
48
58
64
53_57
84
81
77
72
69
65
60
63
53
41
45_57
41_53
46
58
62
55
70_74
60
72
69
48
64
41_57_65
53
52
53
41
53
52
69
65
53
41
64_67
53
52
64_67
53
41
53
52_70
67
53
41_69
65
53
52
65
69
53
41
53
52_77_81
53
41_79
76
53
52_76_79
53
41
53
52_76
79_82
41_53_79_82
77_81
62
58
70
72
70
72
70
72
74
60_63_70
69
72
70
69
75
72
65
62
70
74
72
70
77
74
70
75
63
51_79
70
46_58_74
77
77
82
81
82
86
82
81
82
41_53
74_77
72_75
58
46_70_74
46_50
58
60
58
60
58
60
62
58
48_51
57
60
58
57
63
53_60
50
58
62
60
58
65
62
51
55
60
67
72
75
72
75
79
53_79
62
77
75
74
53_63
74
72
70
69
62_70
58
58_62
58_62
58_62
58_62
58_62_70
58_62
69
58_68
62
58_63
67
58_63
69
70
58_63
72
74
63_75
58
77
63
58_79
81
63
58_82
81
63_82
58
81
63
58_82
79
62
77
58_62
58_62
58_62
58_62
62_70
58
62
58_69
58_62_68
58_63
67
58_63
69
70
58_63
72
74
75
63
58
77
58_63_79
81
58_63_82
81
63
58_82
81
63_82
58
79
58_63
77
58
62
82
65_84
82
58
86
84
82
81
79
77
75
74
75
53
57
81
60
82
81
53_84
82
81
79
77
75
74
72
74
34_46
38
50
77
41_53
79
77
38_50
82
81
79
77
75
74
72
50_53_55
71
51_55_74
72
75
74
77
75
79
78
79
77
75
74
72
70
52_55_69
70
53_57
69
70
72
74
76
77
76
77
45
65
46
48
50
52
53
52
53
41
84
84
84
84
84
53_84
60
57
60_82
81
55_79
60_77
58_76
60
79
57
77
53
60_72
84
84
84
84
84
53_84
60
57
60
82
81
52_79
60_81
55_82
60
79
53_81
57
60
84
84
84
84
85
46_58_86
74
73
74
75
74
76
74
77
74
78
74
79
74
81
74
55
82
57
58
57
55
57
53
55
52
53
50
52
53
48
81
82
52
81
82
46
81
82
57
45_84
72
71
72
73
72
74
72
75
72
76
72
77
72
79
72
53_81
55
57
55
53
55
52
53
50
52
48
50_52
46
81
82
52
81
46
82
81
82
43_55_82
70
69
70
72
70
74
70
75
70
76
70
77
70
78
70
48
79
52
55
52
48
52
55
82
52
48
81
52
55_79
52
48
77
52
55_76
52
48
79
53
77
57
53
48
53
57
84
53
48_82
51
54_81
51
48_79
51
54_78
51
46
79
50
55
50_81
46_84
50
82
55_81
55_79
48_77
53
57
53
48
76
77
52_55
76
77
76
77
76
53_65
77
76
77
48_60
72
71
72
45_57
69
68
69
41
53
65
64
65
48
72
55
58
55
48
55
58
82
55
48
81
55
58_79
55
48
77
55
58
76
55
48
79
53
77
57
53
48
53
57
84
53
82
48
51
54_81
51
48
79
51
54_78
51
46_79
50
55
50
46
81
50
82
84
55
86
48_86
53
77
57
52_53
48_79
52
55_81
79
81
79
81
79
53_57_77
84
81
77
72
69
65
60
63
41_53
45_57
41
53
46
58
62
55
70
74
60
69_72
48
58_64
53_57
84
81
77
72
69
65
60_63
41
53
45
57
41
53
46
58
62
55
70_74
60
69_72
48
58_64
41
65
57
53
52
53
41
53
52_65
69
53
41
64_67
53
52_64
67
53
41
53
52
70
67
53
41_65
69
53
52_69
65
53
41
53
52
77_81
53
41_76_79
53
52
76_79
53
41
53
52
76_79
82
41_53
76_79_82
77_81
53
71
72
74
65_72
69
68
69
65
69
68
69
65
69
68_77
69
65
76
69
68
74
69
64_74
76
67
74
66_72
67
64
67
66
72
67
64
71
67
66_72
67
64
74
67
66
72
67
62
72
74
65
72
64_70
62
70
65
64_70
65
60_70
72
64
70
62
69
64
60
69
64
62
69
64
58_69
70
62
67
60
58
70
62
67
60
62
57
64
60
57_65
60
57
60
57
57
57
60
65
67
65
67
65
67
69
58
60_65
64
67
65
64
70
57_60_67
65
69
67
65
72
69
46
50
55
67
70
74
79
82
86
48_86
57
84
82
81
48_58
49_81
79
77
76
41_77
43
45
46
48
50
51
50
48
46
45
43
42
81
82
84
78
79
81
72
74
75
69
72
43
70
46
48
50
53
55
56
55
53
51
50
48
47
74
75
77
71
72
74
65
67
68
62
65
48_64
50
52
53
55
57
58
57
55
53
52
50
49
79_82
81
82
81
82
61
67_70
69
70
69
70
62
66_69
60_66
69_75
48
47
46_58
74
79
78
79
81
79
78
79
82
79
78
79
48
60_81
79
78
79
46
58
74
79
78
79
81
79
78
79
82
79
78
79
51_63_72
79
78
79
62
70
67
66_82
67
62_71
67
66
83
67
72
60
67
66_75
60
66
74
67
72
60_75
77
67
75
77
66_75
77
60_75
66
74
72
62_70
67
66
62
69
70
66
69
70
69
62_70
66
67
62_71
66
67
60
72
67
66
75
60
66
74
72
62
75
66
74
72
74
74
75
62
66_74
72
62_70
67
66
67
62
69
70
66
67_69
70
69
69
67
55
58_62
67
70
55
58
55
70
75
55
58_63
75
79
55
63
58
79
53
56
58_62
80
82
80
79
77
79
77
75
74
75
74
72
70
72
70
68
55
67
68
67
58
70
72
70
63
75
77
75
67
79
80
79
56
58
53_62
56
80
82
80
79
77
79
77
75
74
75
74
72
70
72
70
68
51_55_58_63_67
69
70
69
70
71
72
71
72
74
75
74
75
78
79
78
79
81
82
81
82
81
82
81
82
81
82
81
82
70
67_76
41_55_72
53
41_69_72_77
82
58_60
79
76
60
57_77
82
58
60_79
76
57_60
77
78
79
76
77
74
75
73
74
71
72
69
58_62
70
72
70
72
70
72
74
63
60_70
69
72
70
69
75
65
62_72
70
74
72
70
77
74
70
51_63_75
79
70
46_58_74
77
77
82
81
82
86
82
81
82
41_53_74
77
72_75
58_70
46_74
46_50
58
60
58
60
58
60
62
51
58
48
57
60
58
57
63
53
50_60
58
62
60
58
65
62
51
55
60
67
72
75
72
75
79
53
62_79
77
75
74
63
74
52_53
72
70
69
62
58_70
58_62
62
58
58_62
62
58
62_70
58
62
58_69
58_62_68
58_63
67
63_69
58
70
58_63
72
74
63_75
58
77
63
58
79
81
63
58_82
81
58_63
82
81
63
58_82
79
58_62_77
58_62
58_62
58_62
58_62
58_62
70
58_62
69
58_62_68
63
58
67
58_63
69
70
63
72
58
74
58_63_75
77
58_63_79
81
63
58_82
81
58_63_82
81
58_63
82
79
63
58_77
58
62
82
65
84
82
58_86
84
82
81
79
77
75
74
75
53
57
81
60_82
81
53_84
82
81
79
77
75
74
72
74
34_46
38_50
77
41_53
79
77
38_50
82
81
79
77
75
74
72
50_53
71
51_55
74
72
75
74
77
75
79
78
79
77
75
74
72
70
52_55
69
70
53_57_69
70
72
74
76
77
76
77
45
65
46
48
50
52
53
52
53
41
84
84
84
84
84
84
53
60
57
60
82
81
55_79
60_77
58_76
60
79
57_77
53
60_72
84
84
84
84
84
53
84
60
57
60
82
81
52_79
60
81
55_82
60_79
53
81
57
60
84
84
84
84
85
46_58_86
74
73
74
75
74
76
74
77
74
78
74
79
74
81
74
82
55
57
58
57
55
57
53
55
52
53
50
52
48_81
82
50_52
81
82
46
81
82
81
82
57
45_84
72
71
72
73
72
74
72
75
72
76
72
77
72
79
72
53_81
55
57
55
53
55
52
53
53_55
50
52
48
50_52
46
81
82
81
82
44
81
82
43
55
82
70
69
70
72
70
74
70
75
70
76
70
77
70
78
70
48_79
52
55
52
48
52
55_82
52
48
81
52
79
55
52
48_77
52
55
76
52
48
79
53
77
57
53
48
53
57
84
53
48
82
51
54
81
51
48_79
51
54_78
51
46_79
50
55
50
81
46_84
50_82
55_81
79
48
77
53
57
53
48
76
52
77
55
76
77
76
77
76
53_65
77
76
77
48_60
72
71
72
45
57
69
68
69
41
53
65
64
65
48
72
55
58
55
48
55
58
82
55
48_81
55
58
79
55
48
77
55
58
76
55
48
79
53
77
57
53
48
53
57
84
53
48_82
51
54_81
51
48_79
51
54_78
51
46_79
50
55
50
46
81
50
82
55
84
86
86
48
53
77
57
48
52
48_55_79
81
79
81
79
81
79
53_77
57
84
81
77
72
69
65
60_63
41_53
45_57
41_53
46_58
62
55
70
74
60
69
72
48
58_64
53_57
84
81
77
72
69
65
60
63
41_53
45_57
40
41_53
58
46
62
55
70_74
60
69_72
48
58_64
41
57_65
53
52
53
41
53
52_65_69
53
41
64_67
53
52_64_67
53
41
53
52_67_70
53
41
65_69
53
52
65_69
53
41
53
52_77_81
53
41
76_79
53
52
76_79
53
41
53
52
76_79_82
41_53_76_79_82
77_81
71
72
74
72
65
69
68
69
65
69
68
69
65
69
77
68
69
65
76
69
68
74
69
64_74
76
67
74
72
66
67
64
67
66_72
67
64
71
67
72
66
67
64_74
67
66_72
67
62_72
74
72
65
64_70
65
62_70
65
64_70
65
60
70
72
70
64
69
62
60
69
64
62
69
64
58_69
70
62
67
60
58
70
62
60_67
57
64
60
57_65
60
57
57
60
64_65
67
65
67
65
67
69
58_60_65
64
67
65
64
70
57_60_67
65
69
67
65
72
69
46
50
55
67
70
74
79
82
86
48_57_86
84
82
81
58
48
81
79
77
76
41
77
43
45
46
48
50
51
50
48
46
45
43
42
81
82
84
78
79
81
72
74
75
69
72
43
70
46
48
50
53
55
56
55
53
51
50
48
47
74
75
77
71
72
74
65
67
68
62
65
48_64
50
52
53
55
57
58
57
55
53
52
50
49
79_82
81
82
81
82
61
67_70
69
70
69
70
69
62_66
48_60_66_69_75
46_58_74
79
78
79
81
79
78
79
82
79
78
79
48
60
81
79
78
79
46_58
74
79
78
79
81
79
78
79
82
79
78
79
51_63
72
79
78
79
62
70
67
66
82
67
62
71
67
66_83
67
72
60
67
75
66
67
60
66
74
67
72
60
75
77
66
75
77
75
67
77
75
60
66
74
72
62
70
66
67
62
69
66
70
69
70
62_70
67
66
67
62
71
67
66
67
60_72
67
66
75
67
60
66
74
67
72
60
75
77
67
75
66
77
75
60
66
74
72
62
70
67
66
67
62
69
67_70
66_69
70
67
69
67
55
58_62
67
70
55
58_62
70
75
55
63
58
75
79
55
63
58
79
53
56
62
58
80
82
80
79
77
79
77
75
74
75
74
72
70
72
70
68
55
67
68
67
58
70
72
70
61_63
75
77
75
67
79
80
79
53
56
58
62
80
82
80
79
77
79
77
75
74
75
74
72
70
72
70
68
51_55_58_67
69
70
69
70
71
72
71
72
74
75
74
75
78
79
78
79
81
82
81
82
81
82
81
82
81
82
55
67_70
72_76
53
69
72_77
82
60
58_79
76
57_60_77
82
60
58_79
76
57_60_77
78
79
76
77
74
75
73
74
71
72
69
62
58
70
72
70
72
70
72
74
60_63
70
69
72
70
69
75
62_65_72
70
74
72
70
77
74
70
63_75
51_79
70
58
46_77
77
82
81
82
86
82
81
82
41
53
74
77
72_75
58
46_70
74
46_50
58
60
58
60
58
60
62
51_58
48
57
60
58
57
63
53
50
60
57_58
62
60
58
65
62
51
55
60
67
72
75
72
75
79
53_62_79
77
75
74
63_74
53
72
70
69
58_62_70
58_62
58_62
62
58
62
58
58_62
70
62_69
58
58_62
68
58_63
67
58_63_69
70
63
58_72
74
58_63_75
77
63
58
79
81
63_82
58
81
58_63_82
81
58_63_82
79
58
77
62
62
58
58_62
62
58
58_62
62
58_70
58_62_69
62
58
68
58_63
67
58_63
69
70
58_63_72
74
58_63_75
77
63
58
79
81
63_82
58
81
58_63_82
81
58_63
82
79
63
58_77
58
62
82
65_84
82
58_86
84
82
81
79
77
75
74
75
53
57
81
82
60
81
53_84
82
81
79
77
75
74
72
74
34_46
38
50
77
41_53_79
77
38_50
82
81
79
77
75
74
72
50_53_71
51_55_74
72
75
74
77
75
79
78
77
79
77
75
74
72
70
52_55_69
70
53_57_69
70
72
74
76
77
76
77
45
65
46
48
50
52
53
52
53
41
84
84
84
84
84
53_84
60
57
60_82
81
55_79
60_77
58_76
60_79
77
57
53
60
72
84
84
84
84
84
84
53
60
57
60_82
81
79
52
60_81
55
82
60_79
53_81
57
60
84
84
84
84
85
86
46_58
74
73
74
75
74
76
74
77
74
78
74
79
74
81
74
55_82
57
58
57
55
57
53
55
52
53
50
52
48_81
82
81
50
82
46
81
82
81
82
45_57_84
72
71
72
73
72
74
72
75
72
76
72
77
72
79
72
53_81
55
57
55
53
55
52
53
50
52
48
50
46_81
82
81
82
81
82
43
55
82
70
43_55
69
70
72
70
74
70
75
70
76
70
77
70
78
70
79
48
52
55
52
48
52
55
82
52
48
81
52
55_79
52
48
77
52
55
76
52
48
79
53
57_77
53
48
53
57
84
53
48
82
51
54
81
48
51
79
54
51
78
46
79
50
55
50
81
46
84
50
82
55_81
79
48_77
53
57
48_52
55_76
77
76
77
76
77
76
53_65
77
76
77
48_60
72
71
72
45_57
69
68
69
41
53
65
64
65
48
72
55
58
55
48
55
58
82
55
48
81
55
58
79
55
48
77
55
58
76
55
48
79
53
77
57
53
48
53
57
84
48
82
51
54_81
51
48_79
51
54
78
46
79
50
55
50
46_81
50
82
84
86
48_86
53
77
57
48
52_79
55
81
79
81
79
81
79
53_77
57
84
81
77
72
69
65
60
63
41_53
45_57
41_53
46
58
62
55
70_74
60
69
72
48
58_64
53
57
84
81
77
72
69
65
60
63
41
53
57
45
41_53
46
58
62
55
70_74
60
69_72
48
58
64
41_57_65
53
52
53
41
53
65
52_69
53
41
64
67
53
64_67
52
53
41
53
52
70
67
53
41
65_69
53
52
65_69
53
41
53
77
52_81
41
79
76
53
76_79
52
53
41
53
52_76
79_82
41_53_76_79_82
77_81
