46_70
58
62
58
72
53
57
53
74
58
57
58
55_75
58
50_77
58
51_79
51
51
51_77
75
74
72
51_70
69
50_70
51_72
53
74
75
46_75
74
58
53
50
46_72
70
72
70
72
70
72
70
58_72
70
72
70
72
70
72
70
62_72
70
72
70
72
70
72
70
58_69
70
74
72
74
72
74
72
74
72
53_74
72
74
72
74
72
74
72
57_74
72
74
72
74
72
74
72
53_70
72
75
74
75
74
75
74
75
74
58_75
74
75
74
75
74
75
74
57_75
74
75
74
75
74
75
74
58_72
74
55_77
75
77
75
77
75
77
75
58_77
75
77
75
74
75
50_79
77
79
77
79
77
79
77
58_79
77
79
77
75
77
51_79
51
51
51_77
75
74
72
51_81
48
50_84
82
51_81
79
53_77
53
53
53_77
75
77
75
77
75
77
75
46_74
58
53
50
46_77
58_74
62
58_74
77
57_75
60
57_72
58_74
77
46_82
81
50_79
77
55_75
74
53_77
53
74
41_72
74
75
76
77
58_74
62
74
58_75
74
72
74
77
76
57_75
60
72
57_74
72
71
72
58_74
77
46_82
81
50_79
77
55_75
74
53_77
79
77
75
74
75
77
79
81
82
81
79
77
79
81
82
84
86
74
75
76
79
77
75
74
72
75
74
53_72
41
45
48
53_72
53
57_65
53
55_64
60
55
52
48_82
79
76
70
70
69
57_74
72
53_72
48
45_72
74
72
57_77
57
57_75
58_75
74
58
58
58_74
46_74
75
74
58_79
58
59_77
60_79
77
79
77
79
77
79
77
48_79
77
79
77
79
77
79
77
60_76
58
57
53
52_72
48_72
57_72
77
81
79
77
76
53_74
72
55_70
76
79
77
48_76
74
72
70
53_69
77
79
81
81
79
77
77
76
53_74
74
72
55_70
76
77
79
79
77
48_76
76
74
72
72
70
53_69
77
79
81
82
79
81
77
79
76
77
53_74
76
72
74
55_70
76
77
79
81
77
79
76
77
74
76
52_72
74
70
72
53_69
41_77
45
41_75
73
46_74
50
46_74
45_72
74
72
71
72
46_74
70
48_69
48_67
45_77
41
51
48
50
46
62
58
57
77
52_79
79
53_81
81
50_82
82
45_84
81
48_77
72
53_81
77
57_72
69
60_69
67
69
67
69
67
69
67
48_69
67
69
67
69
67
69
67
48_69
67
69
67
69
67
69
67
48_65
67
53_65
41_72
53
57
53_77
46_75
73
58_73
53
49
46_79
58
61
58_73
52_73
55_72
60
76
48_77
79
53_81
49
71
48_72
73
74
44_75
56
60
56_77
75
53
58_73
56
55_73
75
51_77
75
58_79
77
55_75
73
71
51
72
56_72
53
50_70
46
56
53
55_70
58
55
72
74
51_75
77
79
46_80
77
74
68
68
67
51_72
70
55_70
51
50_58
46
56
53
55_82
58
55
51
46_80
79
79
77
79
77
75
75
74
75
74
72
72
70
72
70
68
67
51_79
51
51_77
75
51_74
73
73
73
50_74
48_75
54
45_75
46_74
75
74
72
74
48_75
74
50_70
50_69
43_67
55
58
55
51_79
73
73
50_74
54
50
51_82
73
50_74
75
74
73
74
77
75
45_75
76
77
74
75
72
46_70
58
62
58
72
53
57
53
74
58
57
58
55_75
58
50_77
58
51_79
51
51
51_77
75
74
72
51_70
69
50_70
51_72
53
74
75
46_75
74
58
53
50
46_72
70
72
70
72
70
72
70
58_72
70
72
70
72
70
72
70
62_72
70
72
70
72
70
72
70
58_69
70
74
72
74
72
74
72
74
72
53_74
72
74
72
74
72
74
72
57_74
72
74
72
74
72
74
72
53_70
72
75
74
75
74
75
74
75
74
58_75
74
75
74
75
74
75
74
57_75
74
75
74
75
74
75
74
58_72
74
55_77
75
77
75
77
75
77
75
58_77
75
77
75
74
75
50_79
77
79
77
79
77
79
77
58_79
77
79
77
75
77
51_79
51
51
51_77
75
74
72
51_81
48
50_84
82
51_81
79
53_77
53
53
53_77
75
77
75
77
75
77
75
46_74
58
53
50
46_77
58_74
62
58_74
77
57_75
60
57_72
58_74
77
46_82
81
50_79
77
55_75
74
53_77
53
74
41_72
74
75
76
77
58_74
62
74
58_75
74
72
74
77
76
57_75
60
72
57_74
72
71
72
58_74
77
46_82
81
50_79
77
55_75
74
53_77
79
77
75
74
75
77
79
81
82
81
79
77
79
81
82
84
86
74
75
76
79
77
75
74
72
75
74
53_72
41
45
48
53_72
53
57_65
53
55_64
60
55
65
67
52_69
70
72
74
76
77
79
81
48_82
79
76
70
70
69
53_74
72
57_72
74
53_75
76
50_77
46
50_70
46
48_69
53
48
70
72
45_74
76
77
79
81
82
84
86
41_84
81
77
75
75
74
62_79
77
58_77
53
50_77
74
75
72
50_70
50
50_70
51_70
51
72
51_70
51
52_79
76
77
74
52_72
52
52_72
53_72
53
74
53_72
53
57
53
48_77
45_77
46_77
74
58_70
70
62
70
58_72
74
75
72
53_69
69
57
72
53_74
75
50_77
74
46_82
82
50
70
46_72
74
75
72
53_84
84
57
72
53_74
75
58_74
50_82
50
50_80
51_78
51_79
51
51_79
50_77
79
77
76
77
51_79
75
53_74
53_72
46_70
58
62
58
55
51
55
51
50_82
46
56
53
55
51
55
51
46
80
79
78
79
51
81
78
81
51_79
51
81
78
81
51_79
81
78
81
51_79
81
78
81
51_79
81
78
81
51_79
81
78
81
51_79
81
82
81
79
77
75
74
72
74
75
74
51_72
70
69
67
53_65
67
69
70
72
74
76
77
76
77
76
77
76
77
76
77
70
72
74
75
77
79
81
82
81
82
81
82
81
82
81
82
53
77
79
81
82
53
77
79
81
82
77
58
74
62_77
74
58
70
53_74
72
74
72
74
72
74
72
53_74
72
74
72
74
72
74
72
53_74
72
74
72
74
72
74
72
53_74
72
74
72
70
72
46_70
