58
70
53_65
62
50
53
65
58
70
74
62
65_77
82
74
53_60_63
77
75
74
72
70
69
67
65
64
65
67
69
62
58_70
72
70
69
70
72
74
75
76
77
79
77
82
74
53_63
60_77
75
74
72
70
69
67
65
64
65
67
69
70
58_62
70
58_62
74
58_65
58_62
70
70
72
70
69
70
79
51
55_58
70
72
70
69
70
77
50_53_58
70
72
70
69
70
72
57_65
77
75
58
73
74
70
72
70
69
70
79
51_55_58
70
72
70
69
70
77
50_53_58
70
72
70
69
70
72
53_57
60_75
63_69
58_62_70
55
70_74_79
43
67
66_69_74
50
38
62
51_55
63
58
55
58
55
65
63
58
62
63
50_56_72
70
58
56_70
58
56_70
58
55
51
70
58
75
55_74
58
73
55
72
58
71
56
50_70
58
56
58
56
58
51_55
63
58
55
58
55_65
63
58
62
63
50_53
72
56_71
53_71
56
53
71
56
51_55
72
60
79
55
75
60
74
55_72
60
70
51_53_69
60
53
60
53
60
50_53_70
58_86
53_82
58_81
53_79
58
77
55
48_76
58
55
58
55
58
53_77
50
57
81
53
77
57
76
53
74
57
72
62
55_71
65
62
65
62
65
60_64
72
71
72
74
72
71
72
70
72
76
72
69
72
77
72
64
72
82
72
65
72
81
72
60_79
76
74
72
71
72
74
72
70
72
75
72
69
72
77
72
64
72
82
72
65
72
81
72
60
79
84
79
76
72
79
76
72
67
60_72
67
55
64
52
60
48
36_64_67_72
53
48
45
48
53
84
84
84
84
57
84
86
60
84
82
81
79
77
79
58
77
79
77
76
76
55
52
55
58
82
82
82
64_82
82
67_84
82
81
79
77
76
69_77
72
69
72_81
69_79
72_77
70_76
72
70
72_86
84
70
72_76
69_77
72
69
72
81
69_79
72_77
70_76
72
70
72_86
70_84
72_76
69_77
72
69
72_84
69_81
72_79
62_69_78
72
69
72_87
69_86
72_78
67_70_81
79
64_72_84
83
65_82
81
58_70_79
81
60_69
77
67
77
76
77
76
77
76
74
76
65_77
72
71
72
74
72
57_71
72
70
55
72
53_69
72
67
52
72
71
72
74
72
62
71
72
82
60
72
52_82
72
53_81
72
71
72
74
72
57
71
72
55_70
72
53
69
72
67
52
72
71
72
74
72
62
71
72
60
82
72
52_82
72
81
53
72
71
72
74
72
60_71
72
57_75
72
55_70
72
54_69
74
73
74
76
74
63_73
74
62_84
74
54_84
74
55_83
62
58
62
82
52
61
55
61
53_81
57
60
57
79
46_58
86
82
79
57
48_77
84
81
77
55_76
46
82
79
76
77
45_53
81
84
82
81
79
77
76
74
57_60
72
70
69
58_67
62
70
74
72
70
69
67
65
50_53_55_64
62
60
59
48
60
57
53_72
57
48_77
57
53
81
57
48
84
57
53_89
57
81
48
79
81
58
79
52_81
79
81
58
79
48
81
79
58_81
79
52
81
79
58
81
79
48_81
79
58
81
79
52
77
58
79
53
77
57
60
65
64
63
82
62
65
84
60
65
58_86
65
57
84
65
64
65
86
84
58_82
81
67
79
77
60_81
69
65
69_82
60
79
70
69
77
65
64
63
62
61
62
70
65
82
60_72
64
84
59
74
68
86
60
84
69
86
88
65
89
88
69_86
84
60
82
81
69_79
77
60
81
72
69
72
82
60
79
70
77
53
57
60
65
84
86
84
60_64_82
81
82
79
77
41
45
48
53
72
74
72
48_52_70
69
70
67
53_65
69_72_77
41
51_66
78
39_68_72
49_53
61
56
53
56
53
63
61
56
60
61
70
48_54
56_68
68
54
56
68
54
56
49_53_68
56
73
53_72
56
71
53_70
56
69
48_54_68
56
54
56
54
56
49
53
61
56
53
56
53
63
61
56
60
61
48_51_70
54
69
51_69
54
69
51
54
49
53_70
77
58
53
73
58
72
53_70
58_68
52_58_67
61
58
61
58
61
53
56
68
60
80
56
77
60
75
56
74
60
72
55
62_71
65
62
65
62
65
56
60_72
63
87
60_84
63
82
60_80
63_79
57_60
78
62
60
62
60
62
58_62
79
67
82
62
79
67
77
62
75
67
74
63_67
73
69
67
69
67
69
62_66
62_66
74
73
74
76
74
73
74
72
74
78
74
70
74
79
74
66
74
84
74
67
74
82
74
81
62
78
76
74
73
74
76
74
72
74
78
74
70
74
79
74
66
74
84
74
67
74
82
74
62_81
86
81
78
74
81
78
74
69
62_74
57_69
54_66
50
62
38
66_69_74
55
50
47
50
55
86
86
86
59
86
86
62_87
86
84
83
80
79
55_80
79
80
79
77
77
50
47
50
55
77
77
77
59_77
77
62_79
77
75
74
72
71
72
67
63
67
72
55
55
55
55
75
55
56_79
55
53
51
50
48
48
76
46
46
72
67
72
76
58
58
58
58
79
58
60
82
58
56
55
53
52
53
80
80
80
80
80
58_62_65
82
80
63_67
79
77
65_68
75
74
63_67
79
79
79
79
79
56_60_63
80
79
62_65
77
75
63
67
74
72
62
65
77
77
77
77
77
55_59_62_79
77
60_63_75
74
62_65_72
71
77
60_63
75
74
72
53_63_70
69
55_62_84
82
81
79
70
67
77
76
77
65
65
65
65
69_75
65
66_70_73
65
63
61
74_82
60
58
72_81
53
53
53
53
63_69
53
54
61_70
53
51
49
48
61
58
46
41
57_60
65
65
65
65
65
53_57_63_64
65
67
65
70
69
74
72
75
74
79
77
77
76
75
72
58_70
65
53
50
62
65
53
58
70
62_74
65
77
82
74
53_60_63
77
75
74
72
70
69
67
65
64
65
67
69
58_62_70
72
70
69
70
72
74
75
76
77
79
77
82
74
53_60_63
77
75
74
72
70
69
67
65
64
65
67
69
58_62_70
58_62
70
74
58_65
58_62_70
70
72
70
69
70
79
51_55_58
70
72
70
69
70
77
50_53_58
70
72
70
69
70
57_65
72
77
75
58
73
74
70
72
70
69
70
79
51_58
55
70
72
70
69
70
77
50_53_58
70
72
70
69
70
53_57_72
75
60
63
69
58_62
70
55
70_74_79
43_67
50
66_69_74
38
62
51_55
63
58
55
58
55
65
63
58_62
63
50_56_72
58_70
56
70
58
56
70
58
51
55_70
58
75
55
74
58
73
55
72
58_71
50_56
70
58
56
58
56
58
51_55
63
58
55
58
55
65
63
58
62
63
72
50_53
56_71
53_71
56
53
71
56
51_55
72
60
79
55
75
60
74
55
72
60
70
54_60
69
63
60
63
60
63
55_58
70
62
86
58
82
62
81
58
79
62
77
60
67_76
70
67
70
67
70
65_69
77
76
77
79
77
76
77
75
77
81
77
74
77
82
77
69
77
87
77
70
77
86
77
65_84
81
79
77
76
77
79
77
75
77
81
77
74
77
82
77
69
77
87
77
70
77
86
77
65_84
89
84
81
77
84
81
77
72
65
77
60_72
57_69
53
65
41
69_72_77
58
53
50
53
58
77
77
77
62_77
77
65
79
77
75
74
72
70
51
72
70
72
70
69
69
48
45
48
51
75
75
75
57
75
75
60
77
75
74
72
70
69
62
70
65
62
65_74
62
72
65
70
63
69
65
63
65_79
63_77
65_69
62
70
65
62
65
74
62
72
65
70
63
69
65
63
65
78
77
63
65
69
61
70
65
61
65
77
61
73
65
72
55_62
71
65
62
65_80
62
79
65
70
60_63
74
72
57_65
77
76
75
58
74
51_63
72
74
70
53
62
60
70
69
70
69
70
69
67
69
58
70
65
64
65
67
65
50
64
65
63
48
65
62
46
65
45_60
65
64
65
67
65
55
64
65
53_75
65
45_75
65
73
46_74
74
77
76
77
79
77
76
62
77
75
60
77
58
74
77
57_72
77
76
77
79
77
76
67
77
87
65
77
57_87
77
86
58
58
77
76
77
79
77
76
65
77
62_80
77
60_75
77
59_74
74
79
78
79
81
79
78
68
79
67
89
79
89
59
79
60_88
67
64
67
57
87
66
60
66
58
86
65
62
65
86
86
51_63
84
87
84
53_62_84
82
86
82
51_60_82
81
84
81
50_58_82
86
89
87
86
84
82
81
62_65_79
77
75
74
63_72
67
75
79
77
75
74
72
70
58_60_69
55
67
65
64
53
65
62
58_70
62
53
74
62
77
58
62
82
53
62
58
86
62
53
74
72
63
74
72
57
74
72
63
74
72
53
74
72
63
74
72
57
74
72
63
74
72
53
74
72
63
74
72
57
70
72
63
70
58
62
65
70
69
68
76
67
70
65
77
70
63
79
70
62
77
70
69
70
79
77
55_75
74
63_72
70
53
74
62
58
75
62
53_72
63
62
70
58
57
56
55
54
63
55
75
58
53_65
57_77
52_67
61
79
53
77
62
79
81
58
82
81
62
79
77
53
75
74
62_72
70
53_74
65
62
65_75
53_72
63
70
58
62
65
70
77
79
77
53_57_75
74
75
72
70
46
50
53
58
65
67
65
41_45_63
62
63
60
46
58
34
74_77_82
