52
45
35
46
33
52
52
45
46
52
35
33
40
46
45
52
35
52
33_46
45
35
46_52
45
57
52
46
35
52
39
40
46
51
38
36
50
46
45
35
33
45
52
52
46
35
35
46
52
52
45
33
40
52
46
35
52
46
45
33
52
35
52
46
33
45
52
52
46
35
45
52
57
46
40
39
52
38
46
35
51
36
50
45
33
52
52
46
35
45
33
35
52
46
52
33
45
40
46
52
35
46
33
45
52
52
33
46
35
45
52
35
46
52
45
40_57
52
39_46
38_52
45
36
46
35
51
33
50
45
52
33
45
52
46
35
52
46
33
35
45
52
40
46
52
46
35
33
45
52
52
35
46
45
33
52
35_46
52
45
57
45
52
46
40
39
52
38
60
51
52
36
46
50
35
45
33
60
52
45
46
52
35
33
60
52
35
46
33
52
45
40
46_60
52
33
46
35
45_60
52
60
46
35
60
52
33
45_52
60
52
46
35
45
57
60
45
40
52
46
39
52
38
36
60
51
52
46
35
50
33_60
45
52
46
52
35
33
60
52
33
35
46
45_52
52
40
46
60
33
35
46
52
45
60
60
35_46_60
52
45
33
52
60
35
46
52
45
57
45
60
52
40
39
46
52
38
36
60
51
45
52
46
35
50
33
60
45
60
33_52
46
52
35
45
60
46
52
35
45
52
33
52_60
40
46
46
60
35
33_45
52
60
45
46
35
52
33_52
60
60
45
46
52
35
57
45
40
39
52_60
46
52
38
60
36
51
35
46
52
50
45
33
52_52
46
45
33
35
60
52
35
46_52
33_45
60
46
40
45
52
33
46
35
52
60
60
45
60
33_52
35
46
52
60
45_57
35
46
52
52
39
52
60
46
40
38
51
36
50
60
52
35
45_46
33
50
57
38
46
52
40
38
50
57
38_52
46
40
69
52
67
64
52
40
52
40
57
50
69
38
50
57
52
40
38
67
64
52
62
64
52
57
40
51
62
50
45
60
52
45
52
33
35
46
45
52
46
33
35
52
46
40
45
52
35
33
46
33
45
35
46
52
33
45
46
35
57
52
39_40
46
51
38
36
50
35
46
45
33
46
35
52
46
35
52
45
33
40
52
46
46
35_45
52
33
33_52
45
40
52
35
45
46_57
39
52
40
52
38
51
36
50
46
35
45
33
52
40
45
52
38
40
69
57
50
45
52
38_40
67
52
64
52
40
38
69
52
57
50
38_67
52
57
50
64
52
67
52
40
45
39
38
36
35
62
52
45_46
52
33
64
46
35
52
45
33
52
40
35_45
46
52
33
35
45_46
52
33
35
57
46
52
33
40
51
50
46
35
45
36
67
46_47
53
35
48
35
55
46
36
52
40
35
48
55
46
36
52
46
35
48
52
36
46
48
40
55
46
52
36
55
38
45
52
48
46_55
35
38
66
36_50
57
46
35
52
46
50
35
36
52
40
46
38
50
46
35
38
46
35
57
50
38
35
57
46
50
38
50
52
40
38
50
46
35
31
43_46
50
35
35
43
46
50
40
52
30_50
43_46
35
42_49
52
42
40
46
42
31
40
42
46
46
35
42
49
33
45
46
35
64
46
35
69
40
46
62
60
35
46
69
64
45
69
35_45
46
35
46
45
46
40
36
45
46
35
45
46
35
45
45
81
46
35
57_64
81
62
35
46
57
60
40
46
81
57_64
35
46
36_57
46
35
38
57
46
35
57
43
40
46
38
35
57
46
36
69
38
45
46
35
64
69
45
46
35
62
40
69
46
45
60
35
46
64
45
35
46
45
45
46
35
40
46
45
57
45
81
46
57
35
55
31
46
35_81
57
46_67
35
81
57
40
46
30
35
57
65
57
40
52
62_62
31
57
57
35
46
60_60
33
52
40
45
62_62
52
57
45
46
33
35
65_65
46
35
46
40
52
64_64
35
46
46
35
35
46
40
52
36
48
46_55
62
35
36
62_62
55
62
62
55
46_60_60
35
36
35
60
46
40
52
46
35
52
35
46
46
35
36
40
46
52
38
41
50
62
57
35
43_46
52
57
62
50
38
57
62
46
50
35
52
36
38
35
46
40
46
52
35
46
35
46
35
46
36
40
52
43
50
43
46
35_50
55
31
50
43
46
35
35
46
40
52
30
46
35
42
54
49
43
50
55
57
31
45_52
35
35
45_52
40
52
35
52
45
45
52
35
52
57
40
52
51
40
50
50
48
40
48
47
45
35
52
45
35
35
52
45
40_52
35
52
45
52
35_45
35
57
52
57
52
40
69
51
69
50
50
40
48
67
48
47
65
35
33
45
64
45
33_64
52
35
64
46
45
33
35
64
33_45
35
46
57
64
35
46
45
69
40
51
39
52
50
38
48_69
46
35
38
36
67
45
65
36
46
35
45
33
64
35
46
45
64
33
40
52
35
64
45_55
46
33
64
40
52
45_55
33
48
45
57
46
35
47
39
40
52
51
38
43
50
45
48
36
47
33_35
46
45
48
38
40
50_52
57
46
69
38_52
40
46
57
50
67
52
64
52
40
35
46_57_69
52
50
38
35
52
46_57
50
38
67
72
52
69
40
52
39
38
46
35
52
43
36
33
67
35
45
52
46
52
40
33
45
52
46
35
52
33_45
35
46
57
35
45
52
46
52
40
37
51
50_50
38
48
45_47
36
40
52
33
46
35
35
46
45
52
33
52
40
52
45
46
35
33
33_35
45
52
46
57
45
46
35
52
40
52
51
38
36
50
50
48
40
36
47
45
38
35
46
52
52
40
50
57
69
38
46
52
40
52
67
64
40
52
69
38
57
50
52
40
67
38
50
57
52
62
52
40
64
52
40
45
39
38
36
46
35
52
45
33
35
46
52
45
33
52
40
46
52
45
35
33
35
33
46
52
45
46
52
45
40
45
39
52
38
45
36_50
48
40
33
47
67
55
48
46
35
36
48
55
46
35
52
40
48
46
55
35
35
46
48
35
46
48
55
36
52
40
38
55
48
41
46
43
35
50
57
66
38
46
35
50
57
46
35
52
40
50
57
46
35
46
35
57
50
35
46
50
52
40
50
46
35
31
43_46
50
35
35
46
43
50
40
52
30
46
35
42
49
40
52
46
35
42
49
40
52
31
49
35_42
46
46
33
35
69
64
35
46
45
40
62
46
45
69
60
35
46
64
45
69
35
46
45
69
35
33
46
45
69
46
40
45
69
46
45
35
69
36
46
69
35
57
79
64
35
46
40
57
46_62
79
60
46
35
57
81
67
65
46
35
57
81
35
46
81
46
40
62
57
36
81
60
46
38
35
81
57
43
46
35
69
38
45
46
64
35
45_69
46
62
40
46
60
45
69
35
46
64
69
45
35
46
45
69
35
46
45
38
57
69
46
40
38
45
46
69
55
35
45
69
31
57
46
35_81
67
46
57
35_81
46
40
64
46
30
57
35
81
62
57
46
40
60
81
57
35
62
46
81
57
64
40
81
46
31
57
81
35
40
46
57
81
46
35
45_69
33
64
35
46
69
45
40_62
46
60
69
45
35
46
64
45
35
46
69
45
46
35
45
40_69
46
46
35
45
69
69
35_45
36
46
81
64
35
45
46_81
40
64
46
67
35
46
45_81
67
35
45_81
46
46
45
35
40
36
45
81
46
38
35
41_46
81
45
43
81
38
35
69
46
45
64
45
35
46
69
40
46
64
67
35
46
45
69
67
45_46
35
69
45
35
69
46
45
60
46
40
69
62
45
46
35
69
45
69
45
31
46
35
81
69
67
35
45
46
81
69
40
46
69
30
35
45
46_81
62
45
52
40
81
81
35_45
46
81
45
40
31
52
64
81
46
40
52
46
45
81
35
33
81
35
46
52
45
40
81
52
79
76
46
35
52
45
33_86
52
46
35
86
33
46
35
84
33
45
52
40
46
52
81
77
46
35
81
46_52
48
36
55
35
81
35
46
81
52
36
79
40
46
76
86
46
35
36
86
46
52
35
86
46
52_84
35
81
36_40
46_52
81
38
46
52
35
41
50
57
43
81
52
46
35
38
81
79
35
76
46
52
38
86
52
46
40
86
38
52
46
35
86
38
46
52
35
52
46
35
38
40
46
52
38
43
50
69
46
35
31
76
52
46
35
67
72
71
35
46
52
64
65
49
40_42
69
46
30
67
35
46
52
40
64
60
59
35
46
52
40_67
46
43
50
35
31
46
52
59_62
33
45
52
46
52
35
67
35
46
64
52
33_40
67
46
64
52
35
46
33
67
35
46_52
33
60
35
46
52
57
33
60
46
52
40
57
36
38
52
46
35
47
53
52
46
36
64
35
67
48
55
35
64
46
52
36
40
67
52
46
35
36
46
64
67
35
46
36
52
60
57
52
46
35
60
38
40
46
50
57
41
57
50
43
52
46
35
50
57
38
57
52
46
35
57
38
46
59
52
35
50
57
40
46
64
62
38
60
46
35
64
65
62
67
38
64
35
46
52
67
65
65
35
38
67
46
52
65
52
40
46
72
71
69
52
35
46
72
71
31
76
46
52
35
43
50
77
35
52
46
40
46_79
42
49
52
30
35_46
52
79
46
35
35
52
46
77
76
40
52
46
50
43
74
31
72
71
46
69
35
45_72
52
33
52
46
35
64
35
46
52
69
71
33
52_62
40
46
71
33
35
46
52
60
64
35
46
52
33
71
35
46
52
71
40
33_46
69
45
52
65
64
35
46
45
62
36
46
52
79
35
48
55
64
35
46
52
36
62
46
40
36
60
52
46
35
64
36
35
46_52
76
46
52
35
77
52
57
36_46
40
76
38
71
72
55
46_48
35
41
69
43
67
52
46
50
35_57
65
38
64
64
35
52
46
38
67
52_62
46
40
60
35
52
46
67
38
64
35
46
38_52
67
35
50
38
57
69
57
46
52
67
40
38
57
50
55
46
35
31
62
46
52
50
43
35
67
67
35
46_52_69
52
46
40
64
42
49
67
30
46
35
52
62
69
60
35_46
52
62
35
46
71
52
64
40
46
43
50
31
52
35
46
45
33
52
52
46
35_67
67
71
64
35_46
52
71
33
52
62
46
40_69
60
71
35
69
46
52
64
33
71
69
46
52
35
33_69
35
46
52
67
40
46
33_69
67
52
35
46
36
71
46
48
52
35_55
74
72
71
64
46
35
72
52
71
36_62
52
40
46
60
72
71
52
35
46
36
64
72
71
52
46
35
69
67
46
52
35
67
36
52
40_46
69
38
41
67
35
46
52
43
38_50
57
46
52
35
57
59
62
60
64
57
63
35_38
46
52
60
46
52
64
40
64
62
64
67
38
65
46
52
35
64
71
69
67
67
38
46
35
71
52
65
69
76
74
46
38
71
35
46
40
77
52
60
69
38
72
52
43
46
50_76
72
35
62
31
79
46
52
35
69
46
77
35
40
30
76
52
42
49
74
72
69_71
69
46
35
64
40
62
46
52
35
46
43
50
31
40
52
46_62
46
35
60
64
59
57
46
35
35
35
46
52
40
35
35
46
52
38
46
35
52
52
46
40
33
50
40
48
50
40
43
46
35
35
46
35
52
40
35
46
35
35
46
52
40
35
35
46
38
40
52
46
38_46
40
52
35
35
46
35
35
46
35
52
38_40
46
35
35
35
52
46
35
38
46
35
38
46
40
52
38
50
48
40
38
38
46
35
35
46
35
35
52
40
38
46
35
35
52
35
46
35
46
38
35
40
46
52
60
46
52
40
40
46
52
38
40
46
60
35_35
60
35
35
46
46
52
40
40
60
38
46
35
60
52
35
60
35
46
52
60
35
60
46
35
35
40
46_60
40_52
40
40
50
60
48
38
60
35
46
35
52
45
60
35
46
52
35
40
40
46
52
60
35
46
35
52
57
60
60
35
46_60
52
35
46
60
35
35
40
46
52
40
60
40
46
60
35
38
60
35
46
60
35
60
35
46
35
40
46
40_52
60
46
35
35
52
60
60
35
46_60
52
35
60
46
35
35
60
40
46
52
40
35
60
46
35
52
60
46
35_52
60
35
52
46
35
60
52
46
40
40
52
46
35
60
60
40
38
40
46
40
38
60
46
40
38
46
38
60
40
40
46
38
40
48
62
38
52_64
46
38
50
40
52
52
46
53
40
38_55
40
57
46
46
52
38_40
