59
64_76
62_74
60_72
36_38_42_49_57_62_74
62
66
57
62
66
42
40_42_54_57_60_72
62
66
57
62
66
38_42_57_57_69
62
66
57
62
66
33_36_42_57
62
66
57
62
66
42_64_76
36_40_42_54_57_62_66_69_74_74
62
66
57
62
66
33_42_60_72
36_38_42_57_62_74
62
66
57
62
66
42
40_42_54_57_60_72
62
66
57
62
66
38_42_57_57_69
62
66
57
62
66
26_36_42_57
62
66
57
62
66
42_57_69
30_40_42_54_57_66_69_74
62
66
57
62
66
42_55_67
31_36_42_55_59_67
62
67
59
62
67
42_55_67
40_42_54_59_62_74
62
67
59
62
67
31_42_55_59_67
62
67
59
62
67
26_36_42_59_60_72
62
67
59
62
67
42_55_67
40_42_54_57_59_67_69_71_74
62
67
59
62
67
42_62_74
31_36_42_59
62
67
59
62
67
42
40_42_54_59
62
67
59
62
67
31_40_42_59
62
67
59
62
67
35_36_42_59
62
67
59
62
67
42_64_76
36_40_42_54_59_62_67_71_74_74
62
67
59
62
67
42_60_72
36_38_42_57_62_74
62
66
57
62
66
42
40_42_54_57_60_72
62
66
57
62
66
38_42_57_57_69
62
66
57
62
66
33_36_42_57
62
66
57
62
66
42_64_76
36_40_42_54_57_62_66_69_74_74
62
66
57
62
66
33_42_60_72
36_38_42_57_62_74
62
66
57
62
66
42
40_42_54_57_60_72
62
66
57
62
66
38_42_57_57_69
62
66
57
62
66
26_36_42_57
62
66
57
62
66
42_57_69
30_40_42_54_57_66_69_74
62
66
57
62
66
42_55_67
31_36_42_55_59_67
62
67
59
62
67
42_55_67
40_42_54_59_62_74
62
67
59
62
67
31_42_55_59_67
62
67
59
62
67
26_36_42_59_60_72
62
67
59
62
67
42_55_67
40_42_54_57_59_67_69_71_74
62
67
59
62
67
42_62_74
31_36_42_59
62
67
59
62
67
42
40_42_54_59
62
67
59
62
67
26_42_59_64_76
62
67
59
62
67
29_36_42_57_59_69
62
67
59
62
67
40_42
30_40_42_54_55_59_67_67_71_74
62
67
59
62
67
40_42
31_36_42_59_67
62
67
74
59
62
67
42_67
40_42_54_59_74
62
67_74
59
62
67
42_59_67
62
67
59
62
67
31_36_42_59_72
76
62
67
59
62
67
42_67
35_40_42_54_59_67_71_71_74
62_74
67
59
62
67
42_67
71
36_38_42_57_66
62
66_74
57
62
66
42_66
40_42_54_57_74
62
74
66
57
62
66
42_57_66
62
66
57
62
66
33_36_42_57_72
62
66
66
57
62
66
42_66
40_42_54_57_66_69_69_74
62
66
57
62
66
42_66
36_38_42_57_66
62
66
57
62
66
42_66
40_42_54_57_74
62
62
66
57
62
66
62
42_57_66
62
66
57
62
66
66
36_38_42_57_72
62
66
57
62
66
42_66
40_42_54_57_66_69_69_74
76
62
66
57
62
66
42_66
31_36_42_59_67
74
62
67
59
62
67
42_67
40_42_54_59_74
62
67
59
62
67
42_59_67
62
67
59
62
67
36_38_42_59_72
62
67
59
62
67
42_67
40_42_54_59_67_71_71_74
62
67
59
62
67
42_67
31_36_42_59_67
62
67
59
62
67
42_67
40_42_54_59_74
62
74
67
59
62
67
42_59_67
62
74
67
59
62
67
31_36_42_59_72
62
78
67
59
62
67
42_67
35_40_42_54_59_67_71_71_74
62
76
67
59
62
67
42_67
36_38_42_57_66
62
66
57
74
62
66
42_66
40_42_54_57_74
74
62
66
57
62
66
42_57_66
62
66
57
62
66
33_36_42_57_72
66
62
66
57
62
66
42_66
40_42_54_57_66_69_69_74
62
66
57
62
66
42_66
36_38_42_57_66
62
62
66
57
62
66
42_66
40_42_54_57_74
62
66
66
57
62
66
42_57_66
62
72
66
57
62
66
26_36_42_57_72
62
66
57
71
62
66
42_66
30_40_42_54_57_66_69_69_74
62
66
57
69
62
66
42_66
31_36_42_59_67
62
67
67
59
62
67
67
42_67
40_42_54_59_74
62_64
67
59
62
67
42_59_67
62
62
67
59
62
67
26_36_42_59_72
57
62
67
59
62
67
42_67
40_42_54_59_67_71_71_74
62
67
55
59
62
67
42_67
31_36_42_59_67
62
67
74
59
62
67
42_67
40_42_54_59_74
62
67_74
59
62
67
42_59_67
62
67
59
62
67
31_36_42_59_72
76
62
67
59
62
67
42_67
35_40_42_54_59_67_71_71_74
62_74
67
59
62
67
42_67
71
36_38_42_57_66
62
66_74
57
62
66
42_66
40_42_54_57_74
62
74
66
57
62
66
42_57_66
62
66
57
62
66
33_36_42_57_72
62
66
66
57
62
66
42_66
40_42_54_57_66_69_69_74
62
66
57
62
66
42_66
36_38_42_57_66
62
66
57
62
66
42_66
40_42_54_57_74
62
62
66
57
62
66
62
42_57_66
62
66
57
62
66
66
36_38_42_57_72
62
66
57
62
66
42_66
40_42_54_57_66_69_69_74
76
62
66
57
62
66
42_66
31_36_42_59_67
74
62
67
59
62
67
42_67
40_42_54_59_74
62
67
59
62
67
42_59_67
62
67
59
62
67
36_38_42_59_72
62
67
59
62
67
42_67
40_42_54_59_67_71_71_74
62
67
59
62
67
42_67
31_36_42_59_67
62
67
59
62
67
42_67
40_42_54_59_74
62
74
67
59
62
67
42_59_67
62
74
67
59
62
67
31_36_42_59_72
62
78
67
59
62
67
42_67
35_40_42_54_59_67_71_71_74
62
76
67
59
62
67
42_67
36_38_42_57_66
62
66
57
74
62
66
42_66
40_42_54_57_74
74
62
66
57
62
66
42_57_66
62
66
57
62
66
33_36_42_57_72
66
62
66
57
62
66
42_66
40_42_54_57_66_69_69_74
62
66
57
62
66
42_66
36_38_42_57_66
62
62
66
57
62
66
42_66
40_42_54_57_74
62
66
66
57
62
66
42_57_66
62
72
66
57
62
66
26_36_42_57_72
62
66
57
71
62
66
42_66
30_40_42_54_57_66_69_69_74
62
66
57
69
62
66
42_66
36_42_43_59_79
62
67
59
62
67
67
42
40_41_42_54_59_77
62
67
59
62
67
40_42_59_76
62
67
40
59
62
67
40
40
38_40_42_59_74
62
67
59
62
67
40_40_42_76
34_42_47_54_59_70
62
67
59
62
67
35_42_47_71
31_36_40_59_67
62
67
59
62
67
67
59
67
76
36
40
79
76
31_36_42_57_59_67
62
67
79
59
62
67
42_67
40_42_54_59_74
62
67
59
62
67
42_59_67
62
67
59
62
67
26_36_42_59_72
62
67
59
62
67
42_67
61
40_42_54_59_67_71_71_74
62
67
59
62
67
42_67
70
31_36_42_59_67
62
67
59
62
67
42_67
40_42_54_59_74
79
62
67
59
62
67
79
31_42_59_67
62
67
59
62
67
33_36_42_59_72
81
62
67
59
62
67
42_67
84
35_40_42_54_59_67_71_71_74
62
81
67
59
62
67
42_67
84
36_36_42_60_67
64
67
60
64
67
42_67
40_42_54_60_76
64
67
60
64
67
42_60_67
64
67
60
64
67
31_36_42_60_74
64
67
60
64
67
42_67
63
40_42_54_60_67_72_72_76
64
67
60
64
67
42_67
71
36_36_42_60_67
64
67
60
64
67
42_67
40_42_54_60_76
81
64
67
60
64
67
81
36_42_60_67
64
67
60
64
67
31_36_42_60_74
83
64
67
60
64
67
42_67
86
36_40_42_54_60_67_72_72_76
83
64
67
60
64
67
42_67
86
36_38_42_57_66
62
66
57
62
66
42_66
40_42_54_57_74
62
66
57
62
66
38_42_57_66
62
66
57
62
66
33_36_42_57_72
62
66
57
62
66
42_66
65
40_42_54_57_66_69_69_74
62
66
57
62
66
42_66
73
36_38_42_57_66
62
66
57
62
66
42_66
40_42_54_57_74
62
74
66
57
62
66
42_57_66
62_74
66
57
62
66
36_38_42_57_72
62
66
76
57
62
66
42_66
79
40_42_54_57_66_69_69_74
62
66
76
57
62
66
42_66
79
31_36_42_59_67
62
67
59
62
67
42_67
40_42_54_59_74
62
67
59
62
67
31_42_59_67
62
67
59
62
67
36_38_42_59_72
62
67
59
62
67
42_67
61
40_42_54_59_67_71_71_74
62
67
59
62
67
42_67
70
36_42_43_59_67
62
67
59
62
67
42_67
40_42_54_59_74
62
74
67
59
62
67
42_43_45_59_67
74
62
67
59
62
67
36_38_42_59_72
76
62
67
59
62
67
36_42_67
40_42_54_59_67_71_71_74
79
62
67
59
62
67
42_67
76
31_36_42_49_59_67
62
67
79
59
62
67
42_67
40_42_54_59_74
62
67
59
62
67
42_59_67
62
67
59
62
67
26_36_42_59_72
62
67
59
62
67
42_67
61
40_42_54_59_67_71_71_74
62
67
59
62
67
42_67
70
31_36_42_59_67
62
67
59
62
67
42_67
40_42_54_59_74
79
62
67
59
62
67
79
31_42_59_67
62
67
59
62
67
33_36_42_59_72
81
62
67
59
62
67
42_67
84
35_40_42_54_59_67_71_71_74
62
81
67
59
62
67
42_67
84
36_36_42_60_67
64
67
60
64
67
42_67
40_42_54_60_76
64
67
60
64
67
42_60_67
64
67
60
64
67
31_36_42_60_74
64
67
60
64
67
42_67
63
40_42_54_60_67_72_72_76
64
67
60
64
67
42_67
71
36_36_42_60_67
64
67
60
64
67
42_67
40_42_54_60_76
81
64
67
60
64
67
81
36_42_60_67
64
67
60
64
67
31_36_42_60_74
83
64
67
60
64
67
42_67
86
36_40_42_54_60_67_72_72_76
83
64
67
60
64
67
42_67
86
36_38_42_57_66
62
66
57
62
66
42_66
40_42_54_57_74
62
66
57
62
66
38_42_57_66
62
66
57
62
66
33_36_42_57_72
62
66
57
62
66
42_66
65
40_42_54_57_66_69_69_74
62
66
57
62
66
42_66
73
36_38_42_57_66
62
66
57
62
66
42_66
40_42_54_57_74
62
74
66
57
62
66
38_42_57_66
62_74
66
57
62
66
26_36_42_57_72
62
66
76
57
62
66
42_66
79
30_40_42_54_57_66_69_69_74
62
66
76
57
62
66
42_66
79
31_36_42_59_67
62
67
59
62
67
42_67
40_42_54_59_74
62
67
59
62
67
42_59_67
62
67
59
62
67
26_36_42_59_72
62
67
59
62
67
42_67
61
40_42_54_59_67_71_71_74
62
67
59
62
67
42_67
70
31_36_42_59_67
62
67
59
62
67
42_67
40_42_54_59_74
62
67
59
62
67
26_42_59_67
62
67
40
59
62
67
40
40
29_40_42_59_72
62
67
59
62
67
40_42_67
30_40_42_54_59_67_71_71_74
62
67
59
62
67
40_42_67
31_36_42_57_59_67
62
78
67
59
62
67
42_67
40_42_54_59_74
62
67
78
59
62
67
42_59_67
62
67
59
62
67
31_36_42_59_72
62
67
59
74
62
67
42_67
71
35_40_42_54_59_67_71_71_74
62
67
69
59
62
67
42_67
67
36_38_42_57_66
62
66
57
62
65_66
42_66
40_42_54_57_74
62
66
57
74
62
66
42_57_66
62
66
57
65
62
66
33_36_42_57_72
62
66
57
62
66
42_66
74
40_42_54_57_66_69_69_74
62
65
66
57
62
66
42_66
36_38_42_57_66
62
66
74
57
62
66
42_66
65
40_42_54_57_74
62
66
57
62
66
42_57_66
62
74
66
57
62
66
36_38_42_57_72
72
62
66
57
62
66
42_66
40_42_54_57_66_69_69_70_74
62
66
57
62
66
42_66
31_36_42_59_67
62
67
67
59
62
67
42_67
40_42_54_59_74
62
67
59
62
67
42_59_67
62
67
59
62
67
36_38_42_59_72
62
67
59
62
67
42_67
40_42_54_59_67_71_71_74
62
67
59
62
67
42_67
31_36_42_49_59_64
62
67
59
62
67
42_67
40_42_54_59_72
62
67
59
62
67
42_59_67
62
67
59
62
67
31_36_42_59_69
62
67
59
62
67
42
35_40_42_54_59_67_67_71_74
62
67
59
62
67
42
36_38_42_57_72
62
66
57
62
66
42_72
40_42_54_57_72
62
66
57
62
66
42_57_72
62
66
57
62
66
33_36_42_57_72
62
66
57
62
66
42_69
40_42_54_57_66_66_69_74
62
66
57
62
66
42_62
36_38_42_57_64
62
66
57
62
66
42_66
40_42_54_57_69
62
66
57
62
66
42_57_74
62
66
57
62
66
26_36_42_57_72
62
66
57
62
66
71
42_69
30_40_42_54_57_66_66_69_74
62
66
57
62
66
42_62
31_36_42_59_62
62
67
59
62
67
42_64
40_42_54_59_69
62
67
59
62
67
42_59
62
67
59
62
67
26_36_42_59_67
62
67
59
62
67
42_43_64
40_42_54_59_62_67_71_74
62
67
59
62
67
40_42_59
31_36_42_55_59_67
62
67
74
59
62
67
42_67
40_42_54_59_74
62
67_74
59
62
67
42_59_67
62
67
59
62
67
31_36_42_59_72
76
62
67
59
62
67
42_67
35_40_42_54_59_67_71_71_74
62_74
67
59
62
67
42_67
71
36_38_42_57_66
62
66_74
57
62
66
42_66
40_42_54_57_74
62
74
66
57
62
66
42_57_66
62
66
57
62
66
33_36_42_57_72
62
66
66
57
62
66
42_66
40_42_54_57_66_69_69_74
62
66
57
62
66
42_66
36_38_42_57_66
62
66
57
62
66
42_66
40_42_54_57_74
62
62
66
57
62
66
62
42_57_66
62
66
57
62
66
66
36_38_42_57_72
62
66
57
62
66
42_66
40_42_54_57_66_69_69_74
76
62
66
57
62
66
42_66
31_36_42_59_67
74
62
67
59
62
67
42_67
40_42_54_59_74
62
67
59
62
67
42_59_67
62
67
59
62
67
36_38_42_59_72
62
67
59
62
67
42_67
40_42_54_59_67_71_71_74
62
67
59
62
67
42_67
31_36_42_59_67
62
67
59
62
67
42_67
40_42_54_59_74
62
74
67
59
62
67
42_59_67
62
74
67
59
62
67
31_36_42_59_72
62
78
67
59
62
67
42_67
35_40_42_54_59_67_71_71_74
62
76
67
59
62
67
42_67
36_38_42_57_66
62
66
57
74
62
66
42_66
40_42_54_57_74
74
62
66
57
62
66
42_57_66
62
66
57
62
66
33_36_42_57_72
66
62
66
57
62
66
42_66
40_42_54_57_66_69_69_74
62
66
57
62
66
42_66
36_38_42_57_66
62
62
66
57
62
66
42_66
40_42_54_57_74
62
66
66
57
62
66
42_57_66
62
72
66
57
62
66
26_36_42_57_72
62
66
57
71
62
66
42_66
30_40_42_54_57_66_69_69_74
62
66
57
69
62
66
42_66
36_42_43_59_79
62
67
59
62
67
67
42
40_41_42_54_59_77
62
67
59
62
67
40_42_59_76
62
67
40
59
62
67
40
40
38_40_42_59_74
62
67
59
62
67
40_40_42_76
34_42_47_54_59_70
62
67
59
62
67
35_42_47_71
31_36_40_59_67
62
67
59
62
67
67
59
67
76
36
40
79
76
31_36_42_57_59_67
62
67
79
59
62
67
42_67
40_42_54_59_74
62
67
59
62
67
42_59_67
62
67
59
62
67
26_36_42_59_72
62
67
59
62
67
42_67
61
40_42_54_59_67_71_71_74
62
67
59
62
67
42_67
70
31_36_42_59_67
62
67
59
62
67
42_67
40_42_54_59_74
79
62
67
59
62
67
79
31_42_59_67
62
67
59
62
67
33_36_42_59_72
81
62
67
59
62
67
42_67
84
35_40_42_54_59_67_71_71_74
62
81
67
59
62
67
42_67
84
36_36_42_60_67
64
67
60
64
67
42_67
40_42_54_60_76
64
67
60
64
67
42_60_67
64
67
60
64
67
31_36_42_60_74
64
67
60
64
67
42_67
63
40_42_54_60_67_72_72_76
64
67
60
64
67
42_67
71
36_36_42_60_67
64
67
60
64
67
42_67
40_42_54_60_76
81
64
67
60
64
67
81
36_42_60_67
64
67
60
64
67
31_36_42_60_74
83
64
67
60
64
67
42_67
86
36_40_42_54_60_67_72_72_76
83
64
67
60
64
67
42_67
86
36_38_42_57_66
62
66
57
62
66
42_66
40_42_54_57_74
62
66
57
62
66
38_42_57_66
62
66
57
62
66
33_36_42_57_72
62
66
57
62
66
42_66
65
40_42_54_57_66_69_69_74
62
66
57
62
66
42_66
73
36_38_42_57_66
62
66
57
62
66
42_66
40_42_54_57_74
62
74
66
57
62
66
42_57_66
62_74
66
57
62
66
36_38_42_57_72
62
66
76
57
62
66
42_66
79
40_42_54_57_66_69_69_74
62
66
76
57
62
66
42_66
79
31_36_42_59_67
62
67
59
62
67
42_67
40_42_54_59_74
62
67
59
62
67
31_42_59_67
62
67
59
62
67
36_38_42_59_72
62
67
59
62
67
42_67
61
40_42_54_59_67_71_71_74
62
67
59
62
67
42_67
70
36_42_43_59_67
62
67
59
62
67
42_67
40_42_54_59_74
62
74
67
59
62
67
42_43_45_59_67
74
62
67
59
62
67
36_38_42_59_72
76
62
67
59
62
67
36_42_67
40_42_54_59_67_71_71_74
79
62
67
59
62
67
42_67
76
31_36_42_49_59_67
62
67
79
59
62
67
42_67
40_42_54_59_74
62
67
59
62
67
42_59_67
62
67
59
62
67
26_36_42_59_72
62
67
59
62
67
42_67
61
40_42_54_59_67_71_71_74
62
67
59
62
67
42_67
70
31_36_42_59_67
62
67
59
62
67
42_67
40_42_54_59_74
79
62
67
59
62
67
79
31_42_59_67
62
67
59
62
67
33_36_42_59_72
81
62
67
59
62
67
42_67
84
35_40_42_54_59_67_71_71_74
62
81
67
59
62
67
42_67
84
36_36_42_60_67
64
67
60
64
67
42_67
40_42_54_60_76
64
67
60
64
67
42_60_67
64
67
60
64
67
31_36_42_60_74
64
67
60
64
67
42_67
63
40_42_54_60_67_72_72_76
64
67
60
64
67
42_67
71
36_36_42_60_67
64
67
60
64
67
42_67
40_42_54_60_76
81
64
67
60
64
67
81
36_42_60_67
64
67
60
64
67
31_36_42_60_74
83
64
67
60
64
67
42_67
86
36_40_42_54_60_67_72_72_76
83
64
67
60
64
67
42_67
86
36_38_42_57_66
62
66
57
62
66
42_66
40_42_54_57_74
62
66
57
62
66
38_42_57_66
62
66
57
62
66
33_36_42_57_72
62
66
57
62
66
42_66
65
40_42_54_57_66_69_69_74
62
66
57
62
66
42_66
73
36_38_42_57_66
62
66
57
62
66
42_66
40_42_54_57_74
62
74
66
57
62
66
38_42_57_66
62_74
66
57
62
66
26_36_42_57_72
62
66
76
57
62
66
42_66
79
30_40_42_54_57_66_69_69_74
62
66
76
57
62
66
42_66
79
31_36_42_59_67
62
67
59
62
67
42_67
40_42_54_59_74
62
67
59
62
67
42_59_67
62
67
59
62
67
26_36_42_59_72
62
67
59
62
67
42_67
61
40_42_54_59_67_71_71_74
62
67
59
62
67
42_67
70
31_36_42_59_67
62
67
59
62
67
42_67
40_42_54_59_74
62
67
59
62
67
31_42_59_67
62
67
40
59
62
67
40
40
31_40_42_59_72
62
67
40_42_64_76
35_40_42_54_59_62_67_71_74_74
62
67
40_42_60_72
36_38_42_57_57_62_74
62
66
57
62
66
42
40_42_54_57_60_72
62
66
57
62
66
38_42_57_57_69
62
66
57
62
66
33_36_42_57
62
66
57
62
66
42_64_76
36_40_42_54_57_62_66_69_74_74
62
66
57
62
66
33_42_60_72
36_38_42_57_62_74
62
66
57
62
66
42
40_42_54_57_60_72
62
66
57
62
66
38_42_57_57_69
62
66
57
62
66
26_36_42_57
62
66
57
62
66
42_57_69
30_40_42_54_57_66_69_74
62
66
57
62
66
42_55_67
31_36_42_55_59_67
62
67
59
62
67
42_55_67
40_42_54_59_62_74
62
67
59
62
67
31_42_55_59_67
62
67
59
62
67
26_36_42_59_60_72
62
67
59
62
67
42_55_67
40_42_54_57_59_67_69_71_74
62
67
59
62
67
42_62_74
31_36_42_59
62
67
59
62
67
42
40_42_54_59
62
67
59
62
67
31_42_59
62
67
59
62
67
35_36_42_59
62
67
59
62
67
42_64_76
36_40_42_54_59_62_67_71_74_74
62
67
59
62
67
42_60_72
36_38_42_57_62_74
62
66
57
62
66
42
40_42_54_57_60_72
62
66
57
62
66
38_42_57_57_69
62
66
57
62
66
33_36_42_57
62
66
57
62
66
42_64_76
36_40_42_54_57_62_66_69_74_74
62
66
57
62
66
33_42_60_72
36_38_42_57_62_74
62
66
57
62
66
42
40_42_54_57_60_72
62
66
57
62
66
38_42_57_57_69
62
66
57
62
66
26_36_42_57
62
66
57
62
66
42_57_69
30_40_42_54_57_66_69_74
62
66
57
62
66
42_55_67
31_36_42_55_59_67
62
67
59
62
67
42_55_67
40_42_54_59_62_74
62
67
59
62
67
31_42_55_59_67
62
67
59
62
67
26_36_42_59_60_72
62
67
59
62
67
42_55_67
40_42_54_57_59_67_69_71_74
62
67
59
62
67
42_62_74
31_36_42_59
62
67
59
62
67
42
40_42_54_59
62
67
67
59
62
67
26_42_59_64_76
67
62
67
59
62
67
29_36_42_57_59_69
76
62
67
59
62
67
42_43
30_40_42_54_55_59_67_67_71_74
79
62
67
59
62
67
40_42
76
31_36_57_59_67_69_81
62
67
79
59
62
67
67_69
59_74_80_82
62
67
59
62
67
59_67_80_82
62
67
59
62
67
36_59_69_72
62
67
59
62
67
67_69_81
61
59_71_82
62
67
59
62
67
67_81_82
70
59_67_69
62
67
59
62
67
67_69_80
59_74_80_82
79
62
67
59
62
67
79
59_67_82
62
67
59
62
67
36_59_69_72
81
62
67
59
62
67
67_69
84
59_71_80_82
62
81
67
59
62
67
67_82
84
60_67_69
64
67
60
64
67
67_69_80
60_76_81_82
64
67
60
64
67
60_67_82
64
67
60
64
67
36_60_69_74
64
67
60
64
67
67_69_81
63
60_72_80_82
64
67
60
64
67
67_82
71
60_67_69_81
64
67
60
64
67
67_69
60_76_82
81
64
67
60
64
67
81
36_60_67_81_82
64
67
60
64
67
36_60_69_74
83
64
67
60
64
67
67_69_81
86
60_72_80_82
83
64
67
60
64
67
67_81_82
86
57_66_69
62
66
57
62
66
66_69_81
57_74_80_82
62
66
57
62
66
57_66_82
62
66
57
62
66
36_57_69_72
62
66
57
62
66
66_69_80
65
57_69_81_82
62
66
57
62
66
66_82
73
57_66_69_81
62
66
57
62
66
66_69
57_74_82
62
74
66
57
62
66
36_57_66_80_82
62_74
66
57
62
66
36_57_69_72
62
66
76
57
62
66
66_69_80
79
57_69_81_82
62
66
76
57
62
66
66_82
79
59_67_69_81
62
67
59
62
67
67_69
59_74_80_82
62
67
59
62
67
59_67_80_82
62
67
59
62
67
36_59_69_72_81
62
67
59
62
67
67_69
61
59_71_80_82
62
67
59
62
67
67_81_82
70
59_67_69
62
67
59
62
67
67_69_81
59_74_80_82
62
74
67
59
62
67
36_59_67_82
74
62
67
59
62
67
36_59_69_72
76
62
67
59
62
67
67_69_80
59_71_81_82
79
62
67
59
62
67
67_82
76
59_67_69_81
62
67
79
59
62
67
67_69
31_43_55_59_74_80_82
62
67
59
62
67
36_59_67_80_82
62
67
59
62
67
36_59_69_72
62
67
59
62
67
67_69_81
61
59_71_82
62
67
59
62
67
67_81_82
70
59_67_69
62
67
59
62
67
67_69_80
59_74_80_82
79
62
67
59
62
67
79
36_59_67_82
62
67
59
62
67
36_59_69_72
81
62
67
59
62
67
67_69
84
59_71_80_82
62
81
67
59
62
67
67_82
84
60_67_69
64
67
60
64
67
67_69_80
24_36_48_60_76_81_82
64
67
60
64
67
36_60_67_82
64
67
60
64
67
36_60_69_74
64
67
60
64
67
67_69_81
63
60_72_80_82
64
67
60
64
67
67_82
71
60_67_69_81
64
67
60
64
67
67_69
60_76_82
81
64
67
60
64
67
81
36_60_67_81_82
64
67
60
64
67
36_60_69_74
83
64
67
60
64
67
67_69_81
86
60_72_80_82
83
64
67
60
64
67
67_81_82
86
57_66_69
62
66
57
62
66
66_69_81
26_38_50_57_74_80_82
62
66
57
62
66
36_57_66_82
62
66
57
62
66
36_57_69_72
62
66
57
62
66
66_69_80
65
57_69_81_82
62
66
57
62
66
66_82
73
57_66_69_81
62
66
57
62
66
66_69
57_74_82
62
74
66
57
62
66
36_57_66_80_82
62_74
66
57
62
66
36_57_69_72
62
66
76
57
62
66
66_69_80
79
40_57_69_81_82
62
66
76
57
62
66
66_82
79
31_36_42_59_67_81
62
67
59
62
67
42_67
40_42_54_59_74_80
62
67
59
62
67
31_42_59_67_80
62
67
59
62
67
36_38_42_59_72_81
62
67
59
62
67
42_67
61
40_42_54_59_71_80
62
67
59
62
67
42_67_81
70
36_40_42_43_59_67
62
67
59
62
67
40_42_67_81
74
40_42_54_59_74_80
62
67_76
59
62
67
38_40_42_59_59_67
62
74
67
59
62
67
36_40_42_42_59_72
62
67
81
59
62
67
40_42_67_80
40_40_42_54_59_71_81
62
67
59
78
62
67
40_42_67
76
36_38_42_49_57_66
62
74
66
57
62
66
42_66
40_42_54_57_74
62
66
57
62
66
38_42_57_66
62
66
57
62
66
33_36_42_57_72
62
66
57
62
66
42_66
36_40_42_54_57_66_69_69_74
62
66
57
62
66
33_42_66
36_38_42_57_66
62
66
57
62
66
42_66
74
40_42_54_57_74
62
74
66
57
62
66
38_42_57_66
62
74
66
57
62
66
26_36_42_57_72
62
76
66
57
62
66
42_66
70
30_40_42_54_57_66_69_69_74
62
69
66
57
62
66
42_66
67
31_36_42_59_67
62
67
59
62
67
42_67
40_42_54_59_74
62
67
59
62
67
31_42_59_67
62
67
59
62
67
26_36_42_59_72
62
67
59
62
67
42_67
40_42_54_59_67_71_71_74
62
67
59
62
67
42_67
31_36_42_59_67
62
67
59
62
67
42_67
40_42_54_59_74
62
67
59
62
67
31_42_59_67
62
67
59
62
67
30_36_42_59_72
62
67
59
62
67
42_64_76
28_40_42_54_59_62_67_71_74_74
62
67
59
62
67
42_60_72
26_36_42_49_57_62_74
62
66
57
62
66
42
40_42_54_57_60_72
62
66
57
62
66
26_42_57_57_69
62
66
57
62
66
33_36_42_57
62
66
57
62
66
42_64_76
36_40_42_54_57_62_66_69_74_74
62
66
57
62
66
33_42_60_72
36_38_42_57_62_74
62
66
57
62
66
42
40_42_54_57_60_72
62
66
57
62
66
38_42_57_57_69
62
66
57
62
66
26_36_42_57
62
66
57
62
66
42_57_69
30_40_42_54_57_66_69_74
62
66
57
62
66
42_55_67
31_36_42_55_59_67
62
67
59
62
67
42_55_67
40_42_54_59_62_74
62
67
59
62
67
31_42_55_59_67
62
67
59
62
67
26_36_42_59_60_72
62
67
59
62
67
42_55_67
40_42_54_57_59_67_69_71_74
62
67
59
62
67
42_62_74
31_36_42_59
62
67
59
62
67
42
40_42_54_59
62
67
59
62
67
31_42_59
62
67
59
62
67
30_36_42_59
62
67
59
62
67
42_64_76
28_40_42_54_59_62_67_71_74_74
62
67
59
62
67
42_60_72
26_36_42_57_62_74
62
66
57
62
66
42
40_42_54_57_60_72
62
66
57
62
66
26_42_57_57_69
62
66
57
62
66
33_36_42_57
62
66
57
62
66
42_64_76
36_40_42_54_57_62_66_69_74_74
62
66
57
62
66
33_42_60_72
36_38_42_57_62_74
62
66
57
62
66
42
40_42_54_57_60_72
62
66
57
62
66
38_42_57_57_69
62
66
57
62
66
26_36_42_57
62
66
57
62
66
42_57_69
30_40_42_54_57_66_69_74
62
66
57
62
66
42_55_67
31_36_42_55_59_67
62
67
59
62
67
42_55_67
40_42_54_59_62_74
62
67
59
62
67
31_42_55_59_67
62
67
59
62
67
26_40_42_59_60_72
62
67
59
62
67
40_42_55_67
42_45_54_57_59_67_69_71_74
62
67
59
62
67
42_43_62_74
31_36_49_59
62
67
59
62
67
64_76
57_69
55_67
36_40
40
40
40
36_40
40
40
40
36_40
40
40
40_59
36_40
40
40
40
36_38_42_49_57
62
71
66
57
62
66
42
72
40_42_54_57_57
62_71
66
57
62
66
38_42_57
62
72
66
57
62
66
33_36_42_57
62
71
66
57
62
66
42
72
40_42_54_57_66_69_74
71
62
66
57
62
66
42_69
36_38_42_57
65
62
66
57
62
66
42
40_42_54_57
62
74
66
57
62
66
38_42_57
62
66
57
62
66
33_36_42_57
62
66
57
62
66
42
38_40_42_54_57_66_69_74
72
62
66
57
62
66
40_42
69
36_42_43_59
62
67
59
62
67
42
40_42_54_59
62
70
67
59
62
67
42_43_59
62
67
59
62
67
36_38_42_59
74
62
67
59
62
67
42
40_42_54_59_67_71_74
62
67
59
62
67
42
76
31_36_42_59
62
69
67
59
62
67
42
40_42_54_59
67
62
67
59
62
67
31_42_59
62
67
59
62
67
35_36_42_59
62
67
59
62
67
42
36_40_42_54_59_67_71_74
62
67
59
62
67
42
36_38_42_49_57_66
77
62
66
57
62
66
42_66
40_42_54_57_74
62
66
74
57
62
66
38_42_57_66
62
71
66
57
62
66
33_36_42_57_72
62
66
57
62
66
42_66
69
36_40_42_54_57_66_69_69_74
62
66
57
62
66
65
33_42_66
36_38_42_57_66
62
66
57
62
66
42_66
69
40_42_54_57_74
62
66_66
57
62
66
38_42_57_66
62_62
66
57
62
66
26_36_42_57_72
62
66
57
62
66
42_66
30_40_42_54_57_66_69_69_74
62
66
57
62
66
42_66
31_36_42_59_67
62
67
59
61
62
67
42_67
40_42_54_59_74
62
71
67
59
62
67
31_42_59_67
62
61_67
59
62
67
26_36_42_59_72
62
67
59
62
67
42_67
69
40_42_54_59_67_71_71_74
62
61
67
59
62
67
42_67
31_36_42_59_67
62
67
67
59
62
67
42_67
40_42_54_59_74
62
67
59
62
67
31_42_59_67
62
62
67
59
62
67
30_36_42_59_72
62
58
67
59
62
67
42_67
28_40_42_54_59_67_71_71_74
55
62
67
59
62
67
42_67
26_36_42_57_57
74
62
66
57
62
66
42
40_42_54_57
72
62
66
57
62
66
26_42_57
62
66
57
62
66
68
33_36_42_57
62
66
57
62
66
42
40_42_54_57_66_69_74
71
62
66
57
62
66
42
26_36_42_57
62
66_68
57
62
66
42
40_42_54_57
71
62
66
57
62
66
26_42_57
62
66
57
62
66
26_36_42_57
64
62
66
57
62
66
42
30_40_42_54_57_66_69_74
62
62
66
57
62
66
42
31_36_42_59
62
62
67
59
62
67
42
40_42_54_59
67
62
67
59
62
67
31_42_59
62
62
67
59
62
67
26_36_42_59
62
67
59
62
67
67
42
40_42_54_59_67_71_74
62
62
67
59
62
67
42
31_36_42_59
62
67
67
59
62
67
42
62
40_42_54_59
62
67
59
62
67
31_42_59
62
67
67
59
62
67
35_36_42_59
62
62
67
59
62
67
42
36_40_42_54_59_67_71_74
67
62
67
59
62
67
42
36_38_42_49_57_62_74
62
66
57
62
66
42
40_42_54_57_60_72
62
66
57
62
66
38_42_57_57_69
62
66
57
62
66
33_36_42_57
62
66
57
62
66
42_64_76
36_40_42_54_57_62_66_69_74_74
62
66
57
62
66
33_42_60_72
36_38_42_57_62_74
62
66
57
62
66
42
40_42_54_57_60_72
62
66
57
62
66
38_42_57_57_69
62
66
57
62
66
26_36_42_57
62
66
57
62
66
42_57_69
30_40_42_54_57_66_69_74
62
66
57
62
66
42_55_67
31_36_42_55_59_67
62
67
59
62
67
42_55_67
40_42_54_59_62_74
62
67
59
62
67
31_42_55_59_67
62
67
59
62
67
26_36_42_59_60_72
62
67
59
62
67
42_55_67
40_42_54_57_59_67_69_71_74
62
67
59
62
67
42_62_74
31_36_42_59
62
67
59
62
67
42
40_42_54_59
62
67
59
62
67
31_40_42_59
62
67
59
62
67
35_36_42_59
62
67
59
62
67
42_64_76
36_40_42_54_59_62_67_71_74_74
62
67
59
62
67
42_60_72
36_38_42_57_62_74
62
66
57
62
66
42
40_42_54_57_60_72
62
66
57
62
66
38_42_57_57_69
62
66
57
62
66
33_36_42_57
62
66
57
62
66
42_64_76
36_40_42_54_57_62_66_69_74_74
62
66
57
62
66
33_42_60_72
36_38_42_57_62_74
62
66
57
62
66
42
40_42_54_57_60_72
62
66
57
62
66
38_42_57_57_69
62
66
57
62
66
26_36_42_57
62
66
57
62
66
42_57_69
30_40_42_54_57_66_69_74
62
66
57
62
66
42_55_67
31_36_42_55_59_67
62
67
59
62
67
42_55_67
40_42_54_59_62_74
62
67
59
62
67
31_42_55_59_67
62
67
59
62
67
26_36_42_59_60_72
62
67
59
62
67
42_55_67
40_42_54_57_59_67_69_71_74
62
67
59
62
67
42_62_74
31_36_42_59
62
67
59
62
67
42
40_42_54_59
62
67
59
62
67
26_42_59_64_76
62
67
59
62
67
29_36_42_57_59_69
62
67
59
62
67
40_42
31_36_49_55_59_67
62
67
59
62
67
