66
37
37
68
66
66
68
65
59
49
66
59
66
49
65
49
68
59
66
53
59
53
49
68
62
62
61
42
42
61
66
66
69
61
54
61
54
69
69
61
66
54
61
54
40
71
69
40
69
71
68
64
69
52_59
66
69
52
68
64
59_71
62
52
69
71
66
45
64
66
62
64
69
73
57
61
69
45
61
52
57
73
64
57
73
57
64
66
57_63
75
73
73
75
72
56
73
57
72
63
68
66
71
61
65
68
65
64
55
56
73
71
71
73
70
71
54
55
64
70
61
66
63_69
66
60
60
63
59
62
54
53
71
69
69
71
53
68
69
52
62
59
68
64
64
67
61
58
58
61
52
60
51
57
67
69
67
69
67
66
50
51
60
62
66
57
62
66
56
59
59
50
56
37
49
37
49
68
66
66
68
66
65
56
59
49
59
49
66
65
56
68
49
59_66
53
59
53
49
68
62
62
61
42
42
61
66
66
69
61
54
69
54
61
69
66
61
54
54
61
40
40
71
69
69
71
52
68
64
69
59
66
69
52
64_68
52_71
62
69
59
71
66
64
45
66
62_64
69
73
57_61
69
61
45
52
57
73
73
64
57
64
73
76
65
50
74
65
76
57
50
73
74
50
65_71
57
73
57
65
50
71
73
64
57
45
64
76
45
65
50
73
57
50_74
65
76
73
74
71
57
50
65
73
57
65
50
73
57
64
45
71
45
64
57
73
76
66
57
50
74
76
73
74
71
57
56
73
50
56
66
73
65
61
49
56
71
49
56
65
61
73
71
54
66
62
62
69
71
61
68
66
69
61
59
59
66
57
68
57
73
54
66
73
73_85
49
37
73
37
49
85
73
56
68
61
73
63_72
68
63
66
61
74
72
66
73
65
74
73
65
72
63
72
71
62
63
71
62
71
59
59
71
56
85
49_73
37
37
49
85
73
73
56
68
61
73
68
72
63
61
63
66
74
72
66
73
65
74
73
65
72
63
80
63
71
62
72
62
56
71
59
59
80
78
78
73_85
49_77
37
37
85
49
77
73
73
56
68
61
73
72
68
63
61
66
63
74
72
66_73
65
74
65
73
63
72
63
71
62
72
56
71
62
71
56
56
71
85
73
49
37
37
49
85
73
73
56
61
68
73
68
72
63
61
63
66
74
72
66
73
65
74
73
65
72
63
72
63
71
62
71
62
61
69
56
61
59
68
69
59
66
57
68
68
66
66
68
65
56
66
57
66
65
56
68
66
59
49
53
53
59
49
68
62
61
62
42
42
61
66
66
61
54_69
54
61
69
66_69
61
54
61
54
40
40
69
71
69
71
68
69
64
59
52
66
52
69
64
68
59
52
71
62
69
71
66
64
45
66
62
64
69
73
57
61_69
61
45
52
57
73
64
57
73
57
64
66
63
57
57
75
57
73
73
75
56
57
72
73
72
63
68
66
68
65
71
61
61
65
56
64
61
55
73
71
71
73
55
70
71
54
70
64
61
66
66
63
69
60
60
63
54_62
59
53
69
71
69
71
52
53_68
69
68
62
59
64
64
67
61
58
58
61
52
60
57
51
69
67
69
67
67
66
50
51
60
57
62
66
56
59
62
66
59
56
50
37
49
37
49
68
66
66
68
65
66
59
56
49
59
66
49
65
56
68
53
49_66
59
59
53
49
68
62
42
61
62
42
66
61
66
69
61
54
61
69
54
66
69
61
54
61
54
40
40
69
71
69
71
68
59
69
64
52
66
69
52
64
68
62_71
52
69
59
71
66
66
45
64
62
64_69
69
73
61
57
45
52
61
57
73
73
64
57
57
64
65
76
57
50
73
57
74
65
50
76
73
74
71
57
65
50
73
57
65
50
73
64
57
45
71
64
45
73
76
65
50
50
74
76
65
57
73
74
65
57
71
50
73
57
65
50
71
73
57
64
45
64
45
73
76
66
50
74
76
73
74
73
56
71
57
66
73
61
65
49
71
50
56
49
73
61
62
71
54_65_66
69
62
71
61
69
68
66
61
59
59
66
68
57
66
57
80
54_85
78
80
78
85
80
86
78
42
78
80
86
78
80
54
85
42
54
78_80
85
78_80_83
62
78
80
86
80
78
71
83
78
80
71
62
86
85
80
78
61
69
78
80
69
61
85
80
86
68
78
59
68_78
86
80
59
78_85
80
69
61
69
61
78
80
85
80
80
90
78
54
90
78
54
80
86
78
42
80
78
86
42
80
85
54
78
54
78
80
85
80
83
78
66
62
78
80
83
86
78
71_80
80
78
86
66
62
71
78
85
85
78
61_69
97
97
69
61
68
59
68
73
59_69
61
69
61
49
73
49
74
80
37
73
73_74
80
74
37
49
73
83
49
73
74
83
81
74
73
61
59
74
73
81
80
73
74
68
74
59
73
61
68_80
78
74
73
66
57
61
74
73
57
61
66
78
74_80
65_73
56
61
74
65
56
73
80
61
74
66
78
73
61
57
66
57_61
73
74
78
85
49_73
85
73
49
74
37
80
73
74
73
80
49_74_83
37
73
49
83
73
74
74_81
61
73
59
73
74
81
73
68_80
73
59
80
68
61
78
66
57
90
78
90
57
66
65
56
65
56
66
57
42
57
66
42
54
54
80
30
78
86
30
80
78
86
80
78
85
54
54
78
80
85
80_83
78
66
62
78
80
83
86
78
80
71
80
78
86
71
62
85
69
78
80
61
78
80
69
85
66
61_80
86
78
68
66
59
78
66
86
80
59
68
80_85
78
69
61
66
66_69
78
61
80
85
80
80
90
78
54
90
78
54
80
86
78
42
78
86
80
54_78_80_85
42
54
78_80
85
83
80
78
66
62
78
80
83
86
80
71
78
62
66
78
80_86
71
78
85
85
78
69
61
97
97
69
61
68
59_60
59
60
68
73
69
61
69
61
73
49
49
74
80
73
37
74
73
80
74_75
49
37_83
73
49
83
75
73
74
81
73
61_74
59
74
73
81
80
73
74
68
74
73
80
61
68
59
78
73
74
66
57
61
73_74
57
66
78
65_80
73
56
74
74
73_80
65
56
78
66_73
74
57
66
57
61
73
74
78
73_85
49
73_85
49
74
80
37
73
74
73
80
49
74
73
83
37
49
83
73
74
81
73
74
61
73
74
81
73_80
68
74
74
73
80
68
61
80
73
72
66
56
63
73
72
80
80
72
73
73
63
72
80
66
73
80
61
65
71
56
73
80
69
71
69
73
68
65
61
68
66
73
37
37
68
66
66
68
49_65
59
66
59
66
49
65
49
68
66
59
53
53
59
49
68
62
62
61
42
42
61
66
61
66
69
54
61
54
69
69
61_66
54
61
54
40
40_71
69
69
71
52
68
64
59
69
66
69
52
64
68
52_62_71
69
59
71
66
64
45
66
62
69
64
73
61
69
57
45
61
52
57
73
64
57
73
57
64
66
57
63
75
73
73
75
73
72
56
57
72
63
66
68
68
61_65_71
61
65
61
64
56
55
73
71
71
73
70
54
71
55
70
64
61
66
63
66
69
60
60
63
59_62
53
54
71
69
69
71
68
53
52
69
68
62
59
64
61
58
67
64
58
61
52
60
57
51
69
67
67
69
66
67
50
51
62
66
57
60
66
62
56
59
59
56
50
49
37
68
37
66
49
66
68
65
49
56
59_66
59
49
66
65
56
68
59
53
49
66
59
53
49
68
62
62
61
42
42
61
66
69
61
66
54
61
69
54
69
61
66
54
61
54
40
40
71
69
69
71
52
59
68
69
64
66
69
52
68
64
71
62
52
69
59
66
71
64
45
66
62
69
64
73
61
57
69
45
52
61
57
73
73
64
57
64
76
65
50
73
74
65
57
50
73
76
74
65
71
57
50
73
57
65
50
73
64
45
57
71
64
73
45
76
65
50
74
76
57
65
50
73
74
71
65
50
73
57
57
65
73
50
64
45
57
71
64
45
73
76
66
50
74
76
74
73
73
56
71
57
66
56
73
61
49_65
71
50
49
73
61
65
54
62
71
66
62
69
61
71
69
68
61
59
66
59
66
68
57
57
66
54
