55
55
62
62
62
62
62
62
63
63
62
62
60
60
62
62
62
62
62
62
58
58
62
62
55
55
62
62
62
62
62
62
63
63
62
62
60
60
62
62
62
62
62
62
58
58
62
62
55
55
62
62
62
62
62
62
63
63
62
62
60
60
62
62
62
62
62
62
58
58
62
62
60
60
62
62
57
57
62
62
58
58
62
62
60
60
62
62
57
57
62
62
58
58
62
62
55
55
62
62
62
62
62
62
63
63
62
62
60
60
62
62
62
62
62
58
62
58
62
62
55
55
62
62
62
62
62
62
63
63
62
62
60
60
62
62
62
62
62
62
58
58
62
62
55
55
62
62
62
62
62
62
63
63
62
62
60
60
62
62
62
62
62
62
58
58
62
62
60
60
62
62
57
57
62
62
58
58
62
62
55
55
62
62
53
53
62
62
51
51
62
62
50
50
62
62
62
62
62
62
63
63
62
62
60
60
62
62
62
62
62
62
57
57
62
62
50
50
62
62
62
62
62
62
63
63
62
62
60
60
62
62
62
62
62
62
57
57
62
62
50
50
62
62
57
57
62
62
60
60
62
62
62
62
62
62
63
63
62
62
65
65
62
62
62
62
62
62
63
63
62
62
60
60
62
62
62
62
62
62
58
58
62
62
57
57
62
62
50
50
62
62
62
62
62
62
63
63
62
62
60
60
62
62
62
62
62
62
57
57
62
62
50
50
62
62
62
62
62
62
63
63
62
62
60
60
62
62
62
62
62
62
57
57
62
62
50
50
62
62
60
60
62
62
62
62
62
62
63
63
62
62
65
65
62
62
62
62
62
62
63
63
62
62
60
60
62
62
62
62
62
62
58
58
62
62
60
60
62
62
57
57
62
62
55
55
62
74
74
62
62
62
62_74
62
74
63
63
62
74
62_74
60
60
62
74
62
74
62
62
62_74
74
62
58
58
74
62
74
62
55
55
62_74
74
62
62
62
74
62
74
62
63
63
62
74
62
74
60
60
74
62
74
62
62
62
62_74
62_74
58
58
62
74
62
74
55
55
62_74
74
62
62
62
62_74
62
74
63
63
74
62
74
62
60
60
62_74
62_74
62
62
62
74
74
62
58
58
62_74
74
62
60
60
62
74
62
74
57
57
62_74
74
62
58
58
74
62
62
74
60
60
74
62
74
62
57
57
62_74
62
74
58
58
74
62
74
62
55
55
74
62
74
62
62
62
62_74
62
74
63
63
74
62
74
62
60
60
62_74
74
62
62
62
62
74
62_74
58
58
62_74
62
74
55
55
62
74
62
74
62
62
62_74
74
62
63
63
62_74
62
74
60
60
62
74
62
74
62
62
74
62
74
62
58
58
62_74
62
74
55
55
62_74
62
74
62
62
62
74
62
74
63
63
74
62
62_74
60
60
74
62
62
74
62
62
62
74
62
74
58
58
62_74
74
62
60
60
62_74
62_74
57
57
62
74
62_74
58
58
74
62
62
74
55
55
74
62
74
62
53
53
62_74
62
74
51
51
62
74
62
74
38_50
74_78_81_86
86
50
38
81
74
78
62
62
62_74
62
74
63
63
62_74
74
62
60
60
62_74
62
74
62
62
62_74
74
62
57
57
62_74
62
74
38_50
74_78_81_86
86
81
74
78
62
50
38
62
62_74
62
74
63
63
62_74
74
62
60
60
62_74
62
74
62
62
62_74
74
62
57
57
62_74
62
74
38_50
74_78_81_86
86
81
78
74
57
38
50
57
62_74
62
74
60
60
62_74
74
62
62
62
62_74
62
74
63
63
62_74
62
74
65
65
62_74
62
74
62
62
62_74
62
74
63
63
62_74
62
74
60
60
62_74
74
62
62
62
62_74
74
62
58
58
62_74
62
74
57
57
62_74
62
74
38_50
74_78_81_86
86
81
78
74
62
62
50
38
62_74
74
62
63
63
62_74
62
74
60
60
62_74
74
62
62
62
62_74
74
62
57
57
62_74
62
74
38_50
74_78_81_86
86
81
74
78
38
62
50
62
62_74
74
62
63
63
62_74
74
62
60
60
62_74
62
74
62
62
62_74
74
62
57
57
62_74
62
74
38_50
38
50
86
78
81
74
86
81
74
78
57
57
62_74
74
62
60
60
62_74
62
74
62
62
74
62
62_74
63
63
74
62
62
74
65
65
62_74
74
62
62
62
62
74
62
74
63
63
62
74
62_74
60
60
62_74
62_74
62
62
62
74
62
74
58
58
62_74
62
74
62
62
62
74
62
74
43
31
31
43
82
79_91
86
91
86
82
79
62
62
62
76
74
62
76
74
63
63
74
62
74
62
60
60
62_74
62_74
62
62
74
62
62_74
58
58
62
74
62
74
43
31
31
43
79_82_91
86
91
86
82
79
62
62
62_74
62
74
63
63
62
74
62
74
60
60
74
62
62
74
62
62
62_74
62
74
58
58
62_74
62
74
43
31
31
43
79_82
91
86
82_91
86
79
62
62
62
74
62
74
63
63
74
62
62
74
60
60
62
74
62
74
62
62
62_74
74
62
58
58
62
74
62
74
60
60
62_74
62
74
57
57
62
74
62_74
58
58
62
74
62_74
60
60
62_74
62
74
57
57
62_74
62
74
58
58
62_74
62
74
49
37
37
49
82_91
79_87
91
87
79
82
63
63
75
63
75
63
65
65
75
63
63
75
62
62
63
75
63
75
63
63
63_75
63
75
58
58
63
75
63
75
49
37
37
49
82_91
79_87
79
91
82
87
63
63
63
75
75
63
65
65
63
75
63
75
62
62
63
75
63
75
63
63
63
75
63
75
58
58
63
75
63
75
49
37
37
49
79
91
82
87
79
91
82
87
63
63
63_75
63
75
65
65
63
75
63
75
62
62
63
75
63
75
63
63
63
75
63
75
58
58
63
75
63_75
60
60
63
75
63
75
57
57
63_75
63_75
58
58
63
75
63
75
60
60
63
75
63
75
55
55
63
75
63
75
57
57
63
75
63
75
38_50
50
38
86_98
90
93
93
98
86
90
62
62
74
62
62_74
63
63
62_74
62_74
61
61
62_74
62
74
62
62
62_74
62_74
57
57
62_74
62
74
49
37
37
49
99
91
94
87
99
94
91
87
63
63
63
75
63
75
65
65
63_75
63
75
62
62
63_75
63
75
63
63
63_75
63
75
58
58
63
75
63
75
38_50
38
50
98
86_90
93
86
98
93
90
62
62
74
62
62
74
63
63
74
62
62
74
61
61
62_74
74
62
62
62
74
62
62_74
57
57
62_74
62
74
37_49
37
49
87_99
91
94
99
91
94
87
63
63
63
75
63
75
65
65
75
63
63
75
62
62
63_75
63
75
63
63
63
75
63
75
58
58
63_75
63
75
50
38
38
50
98
86
90
93
98
86
93
90
62
62
74
62
62_74
63
63
62
74
62
74
60
60
74
62
74
62
62
62
62
74
62
74
58
58
62_74
62
74
60
60
62_74
62
74
57
57
62
74
62
74
58
58
62_74
74
62
60
60
62
74
62
74
57
57
62_74
62
74
58
58
74
62
62
74
55
55
74
62
62_74
57
57
74
62
74
62
58
58
62
74
74
62
60
60
62
74
74
62
57
57
62
74
62
74
58
58
62
74
62
74
55
55
62_74
62_74
57
57
74
62
62_74
58
58
62_74
62_74
55
55
62_74
62
74
53
53
62
74
62
74
51
51
74
62
62_74
50
38
38
50
62
62
62
62
62
62
63
63
62
62
60
60
62
62
62
62
62
62
58
58
62
62
60
60
62
62
57
57
62
62
58
58
62
62
60
60
62
62
57
57
62
62
58
58
62
62
55
55
62
62
57
57
62
62
58
58
62
62
60
60
62
62
57
57
62
62
58
58
62
62
55
55
62
62
57
57
62
62
58
58
62
62
55
55
62
62
53
53
62
62
51
51
62
62
38
57
54
57
54
45
45
54
57
54
57
50
50
54
57
54
57
51
51
57
54
57
54
49
49
57
54
54_57
50
50
54
57
54
57
38
38
58
55
55
58
45
45
55
58
55
58
51
51
58
55
55_58
53
53
58
55
58
55
50
50
55_58
55_58
51
51
58
55
38
58
55
38
57
54
57
54
45
45
57
54
54
57
50
50
57
54
54
57
51
51
57
54
54
57
49
49
57
54
54
57
50
50
57
54
38
57
54
38
58
55
58
55
45
45
58
55
58
55
51
51
55_58
58
55
53
53
55
58
55_58
50
50
55_58
58
55
51
51
55
58
55_58
38
38
57
54
54_57
45
45
57
54
54
57
50
50
57
54
54
57
51
51
57
54
54
57
49
49
57
54
54
57
50
50
57
54
54
57
51
51
54_57
54
57
49
49
57
57
51
51
54_57
54
57
50
50
54_57
54
57
45
45
54_57
38
54
57
38
38
54_57
54
57
38
38
54
54
54
54
57
57
57
57
62
62
62
62
66
66
66
66
69
69
69
69
74
74
74_74
74
74
78
78
78
78
81
81
81
81
86
86
86
86
90
90
90
90
93
93
93
93
98
98
74_81_86_90_98
74_81_86_90_98
62
86
62
86
60_84
62
86
60_84
62
89
65
86
65
62
89
86
63
62
86
87
62
63
86
87
60
84
62
86
62
86
84
60
86
62
50
66
62
57
38
69
57
50
38
62
66
69
86
62
62
60
84
86
62
86
84
60
89
62_65
86
65
89
86
63
62
87
86
63
86
87
60
84
62
86
84
62
86
60
62
86
58
62
34
53
46
65
34
53
62
58
46
65
86
62
86
62
85
61
61
85
58
82
82
58
60_84
82
58
60
84
81
58
57
82
57
55
81
79
58_82
79
55
81
58
57
82
81
57
66
62
50
57
38
69
57
62
38
66
50
69
86
62
62
86
87
63
63
86_87
62
62
86
85
61
81
57
85
61
57
81
58
82
60_82
84
82
84
60
81
57
58
82
79
55
57
81
82
58
79
55
58
81
57
82
81
57
51
61
57
67
67
51
61
62
66
50
50
57
62
66
58
65
62
58
65
62
57
63
59
66
68
66
66
68
65
66
65
66
57
75
66
59
63
75
58
62_65
74
58
57
74
65
62
73
74
62
57
73
72
54
54
74
62
72
55
62
70
74
70
74
53
62
55
62_69
53
74
69
74
62
58
51
62
67
74
58
74
62
67
57
61
67
61
67
51
57
50
57
62
66
66
62
57
50
60
62
60
63
69
67
62
67
69
63
65
63
65
62
63
69
67
69
67
60
62
60
50
57
62_66
66
57
62
50
60
62
60
62
63
67_69
67
69
65
63
63
65
62
63
69
67
69
67
60
62
60
50
57
62
66
50
57
66
62
84
60
62_86
60
84
63
87
62
86
63
87
65_89
63
87
65
89
86
87
62
63
84
60
86
62
60
62
84
86
61
85
86
62
85
81
61
57
60_84
81
57
83
59
84
60
59
79
55
83
79_82
58
55
57_81
58
82
57
81
54
78
56
54
80
78
80
55
56
79
51
79
75
55
50_51
75
57
62_66
66
62
50
57
62
63
62
72
65
68
63
65
67
65
68
72
67
63
72
65
68
62
68
63
72
62
55
62
71
67
55
71
67
62
62
63
62
65
72
68
63
65
67
68
72
65
67
63
72
68
65
68
72
62
63
62
55
62
67
71
55
67
62
71
60_67_75
78
67
75
58
67
79
60
78
74
74_79
75
67
72
66
75
57
58
72_74
74
70
55
57
62
66
74
70
55
62
69
74
62
54
69_74
62
54
70
74
62
55
70
74
74
55
62
79
63_70
81
70
79
62_70
82
63
81
77
82
79
77
70
75
60_69
62
79
77
60
75
69
77
74
58
65
77
74
65
58
65
77
73
57
77
65
73
58
77
65
74
57
77
74
65
58
77
56_80
58_82
56_80
58_82
60_84
63_87
60_84
63_87
61_85
61_85
63_87
61_85
63_87
60_84
61_85
63_87
60_84
63_87
60_84
60_84
58_82
60_84
58_82
58_82
60_84
58_82
57_81
60_84
57_81
63_87
60_84
63_87
57
48
63
63
65
67
65
67
69
67
69
65
49_55
58
67
48
57
63
65
55
58
49
63
50
57
66
62
66
62
63
50
57
65
63
72
69
67
65
67
69
69
72
67
69
65
67
72
69
63
65
72
69
50
63
57
66
62
62_63
66
50_57
65
63
69_72
67
65
72
69
67
69
69
67
72
69
65
67
63_65
72
69
50
63
57
62_66
62
50
57_66
58
58
65
62
65
62
61
61
62
65
65
62
62
62
62
65
65
62
65
65
62
65
65
62
61
61
62
65
65
62
62
62
62_65
65
62
53
53
57
60
65
60
65
57
56
56
60_65
57
57
60
65
57
57
57_60_65
60
65
57
60
60
60_65
57
60
57
65
56
56
65
60
57
60
57_65
57
57
65
60
57
57
65
60
51
58
61
51_67
58
61
67
57
57
58_61
67
61
58
67
58
58
58_61
67
61
58
67
55
58
61
67
55
61
67
58
53
53
58_61
67
61
58
67
51
51
58
61
67
58
61
67
62
86
62
86
60_84
62
86
60_84
62
89
65
86
65
62
89
86
63
62
86
87
62
63
86
87
60
84
62
86
62
86
84
60
86
62
50
66
62
57
38
69
57
38
62
50
66
69
62
86
62
86
60_84
62
86
60_84
62
89
65
86
65
62
89
86
63
62
86
87
62
63
86
87
60
84
62
86
62
86
84
60
86
62
51
67
61
57
51
61
67
62_66
50
57
50
62_66
55
55
62
62
62
62
62
62
63
63
62
62
60
60
62
62
62
62
62
62
58
58
62
62
55
55
62
62
62
62
62
62
63
63
62
62
60
60
62
62
62
62
62
62
58
58
62
62
55
55
62
62
62
62
62
62
63
63
62
62
60
60
62
62
62
62
62
62
58
58
62
62
60
60
62
62
57
57
62
62
58
58
62
62
60
60
62
62
57
57
62
62
58
58
62
62
55
55
62
62
62
62
62
62
63
63
62
62
60
60
62
62
62
62
62
58
62
58
62
62
55
55
62
62
62
62
62
62
63
63
62
62
60
60
62
62
62
62
62
62
58
58
62
62
55
55
62
62
62
62
62
62
63
63
62
62
60
60
62
62
62
62
62
62
58
58
62
62
60
60
62
62
57
57
62
62
58
58
62
62
55
55
62
62
53
53
62
62
51
51
62
62
50
50
62
62
62
62
62
62
63
63
62
62
60
60
62
62
62
62
62
62
57
57
62
62
50
50
62
62
62
62
62
62
63
63
62
62
60
60
62
62
62
62
62
62
57
57
62
62
50
50
62
62
57
57
62
62
60
60
62
62
62
62
62
62
63
63
62
62
65
65
62
62
62
62
62
62
63
63
62
62
60
60
62
62
62
62
62
62
58
58
62
62
57
57
62
62
50
50
62
62
62
62
62
62
63
63
62
62
60
60
62
62
62
62
62
62
57
57
62
62
50
50
62
62
62
62
62
62
63
63
62
62
60
60
62
62
62
62
62
62
57
57
62
62
50
50
62
62
60
60
62
62
62
62
62
62
63
63
62
62
65
65
62
62
62
62
62
62
63
63
62
62
60
60
62
62
62
62
62
62
58
58
62
62
60
60
62
62
57
57
62
62
55
55
62
74
74
62
62
62
62_74
62
74
63
63
62
74
62_74
60
60
62
74
62
74
62
62
62_74
74
62
58
58
74
62
74
62
55
55
62_74
74
62
62
62
74
62
74
62
63
63
62
74
62
74
60
60
74
62
74
62
62
62
62_74
62_74
58
58
62
74
62
74
55
55
62_74
74
62
62
62
62_74
62
74
63
63
74
62
74
62
60
60
62_74
62_74
62
62
62
74
74
62
58
58
62_74
74
62
60
60
62
74
62
74
57
57
62_74
74
62
58
58
74
62
62
74
60
60
74
62
74
62
57
57
62_74
62
74
58
58
74
62
74
62
55
55
74
62
74
62
62
62
62_74
62
74
63
63
74
62
74
62
60
60
62_74
74
62
62
62
62
74
62_74
58
58
62_74
62
74
55
55
62
74
62
74
62
62
62_74
74
62
63
63
62_74
62
74
60
60
62
74
62
74
62
62
74
62
74
62
58
58
62_74
62
74
55
55
62_74
62
74
62
62
62
74
62
74
63
63
74
62
62_74
60
60
74
62
62
74
62
62
62
74
62
74
58
58
62_74
74
62
60
60
62_74
62_74
57
57
62
74
62_74
58
58
74
62
62
74
55
55
74
62
74
62
53
53
62_74
62
74
51
51
62
74
62
74
38_50
74_78_81_86
86
50
38
81
74
78
62
62
62_74
62
74
63
63
62_74
74
62
60
60
62_74
62
74
62
62
62_74
74
62
57
57
62_74
62
74
38_50
74_78_81_86
86
81
74
78
62
50
38
62
62_74
62
74
63
63
62_74
74
62
60
60
62_74
62
74
62
62
62_74
74
62
57
57
62_74
62
74
38_50
74_78_81_86
86
81
78
74
57
38
50
57
62_74
62
74
60
60
62_74
74
62
62
62
62_74
62
74
63
63
62_74
62
74
65
65
62_74
62
74
62
62
62_74
62
74
63
63
62_74
62
74
60
60
62_74
74
62
62
62
62_74
74
62
58
58
62_74
62
74
57
57
62_74
62
74
38_50
74_78_81_86
86
81
78
74
62
62
50
38
62_74
74
62
63
63
62_74
62
74
60
60
62_74
74
62
62
62
62_74
74
62
57
57
62_74
62
74
38_50
74_78_81_86
86
81
74
78
38
62
50
62
62_74
74
62
63
63
62_74
74
62
60
60
62_74
62
74
62
62
62_74
74
62
57
57
62_74
62
74
38_50
38
50
86
78
81
74
86
81
74
78
57
57
62_74
74
62
60
60
62_74
62
74
62
62
74
62
62_74
63
63
74
62
62
74
65
65
62_74
74
62
62
62
62
74
62
74
63
63
62
74
62_74
60
60
62_74
62_74
62
62
62
74
62
74
58
58
62_74
62
74
62
62
62
74
62
74
43
31
31
43
82
79_91
86
91
86
82
79
62
62
62
76
74
62
76
74
63
63
74
62
74
62
60
60
62_74
62_74
62
62
74
62
62_74
58
58
62
74
62
74
43
31
31
43
79_82_91
86
91
86
82
79
62
62
62_74
62
74
63
63
62
74
62
74
60
60
74
62
62
74
62
62
62_74
62
74
58
58
62_74
62
74
43
31
31
43
79_82
91
86
82_91
86
79
62
62
62
74
62
74
63
63
74
62
62
74
60
60
62
74
62
74
62
62
62_74
74
62
58
58
62
74
62
74
60
60
62_74
62
74
57
57
62
74
62_74
58
58
62
74
62_74
60
60
62_74
62
74
57
57
62_74
62
74
58
58
62_74
62
74
49
37
37
49
82_91
79_87
91
87
79
82
63
63
75
63
75
63
65
65
75
63
63
75
62
62
63
75
63
75
63
63
63_75
63
75
58
58
63
75
63
75
49
37
37
49
82_91
79_87
79
91
82
87
63
63
63
75
75
63
65
65
63
75
63
75
62
62
63
75
63
75
63
63
63
75
63
75
58
58
63
75
63
75
49
37
37
49
79
91
82
87
79
91
82
87
63
63
63_75
63
75
65
65
63
75
63
75
62
62
63
75
63
75
63
63
63
75
63
75
58
58
63
75
63_75
60
60
63
75
63
75
57
57
63_75
63_75
58
58
63
75
63
75
60
60
63
75
63
75
55
55
63
75
63
75
57
57
63
75
63
75
38_50
50
38
86_98
90
93
93
98
86
90
62
62
74
62
62_74
63
63
62_74
62_74
61
61
62_74
62
74
62
62
62_74
62_74
57
57
62_74
62
74
49
37
37
49
99
91
94
87
99
94
91
87
63
63
63
75
63
75
65
65
63_75
63
75
62
62
63_75
63
75
63
63
63_75
63
75
58
58
63
75
63
75
38_50
38
50
98
86_90
93
86
98
93
90
62
62
74
62
62
74
63
63
74
62
62
74
61
61
62_74
74
62
62
62
74
62
62_74
57
57
62_74
62
74
37_49
37
49
87_99
91
94
99
91
94
87
63
63
63
75
63
75
65
65
75
63
63
75
62
62
63_75
63
75
63
63
63
75
63
75
58
58
63_75
63
75
50
38
38
50
98
86
90
93
98
86
93
90
62
62
74
62
62_74
63
63
62
74
62
74
60
60
74
62
74
62
62
62
62
74
62
74
58
58
62_74
62
74
60
60
62_74
62
74
57
57
62
74
62
74
58
58
62_74
74
62
60
60
62
74
62
74
57
57
62_74
62
74
58
58
74
62
62
74
55
55
74
62
62_74
57
57
74
62
74
62
58
58
62
74
74
62
60
60
62
74
74
62
57
57
62
74
62
74
58
58
62
74
62
74
55
55
62_74
62_74
57
57
74
62
62_74
58
58
62_74
62_74
55
55
62_74
62
74
53
53
62
74
62
74
51
51
74
62
62_74
50
38
38
50
62
62
62
62
62
62
63
63
62
62
60
60
62
62
62
62
62
62
58
58
62
62
60
60
62
62
57
57
62
62
58
58
62
62
60
60
62
62
57
57
62
62
58
58
62
62
55
55
62
62
57
57
62
62
58
58
62
62
60
60
62
62
57
57
62
62
58
58
62
62
55
55
62
62
57
57
62
62
58
58
62
62
55
55
62
62
53
53
62
62
51
51
62
62
38
57
54
57
54
45
45
54
57
54
57
50
50
54
57
54
57
51
51
57
54
57
54
49
49
57
54
54_57
50
50
54
57
54
57
38
38
58
55
55
58
45
45
55
58
55
58
51
51
58
55
55_58
53
53
58
55
58
55
50
50
55_58
55_58
51
51
58
55
38
58
55
38
57
54
57
54
45
45
57
54
54
57
50
50
57
54
54
57
51
51
57
54
54
57
49
49
57
54
54
57
50
50
57
54
38
57
54
38
58
55
58
55
45
45
58
55
58
55
51
51
55_58
58
55
53
53
55
58
55_58
50
50
55_58
58
55
51
51
55
58
55_58
38
38
57
54
54_57
45
45
57
54
54
57
50
50
57
54
54
57
51
51
57
54
54
57
49
49
57
54
54
57
50
50
57
54
54
57
51
51
54_57
54
57
49
49
57
57
51
51
54_57
54
57
50
50
54_57
54
57
45
45
54_57
38
54
57
38
38
54_57
54
57
38
38
54
54
54
54
57
57
57
57
62
62
62
62
66
66
66
66
69
69
69
69
74
74
74_74
74
74
78
78
78
78
81
81
81
81
86
86
86
86
90
90
90
90
93
93
93
93
98
98
74_81_86_90_98
74_81_86_90_98
62
62
51
55
58
67
58
55
67
60
51_60
58
46_62
53
53
62
58
46
63
48_55
63
55
57
57
48
43
58
50
55
55
43_58
50
63
68
60
63
60
64
61
61
64
68
60_68
63
68
63
67
60
67
67
60_63
50
66
67
60
58_62
63
58_62
66
60
57
60
57
50
55
55
62
62
62
62
62
62
63
63
62
62
60
60
62
62
62
62
62
62
58
58
62
62
55
55
62
62
62
62
62
62
63
63
62
62
60
60
62
62
62
62
62
62
58
58
62
62
55
55
62
67
67
62
70
63
70
63
62
67
67
62
70
61
70
61
62
67
67
62
70
63
70
63
62
67
67
62
70
61
70
61
67
62
62_67
70
63
70
63
62_67
62_67
70
61
70
61
62
67
67
62
63_70
70
63
62_67
62
67
70
61
70
61
62
67
67
62
63_70
70
63
62
67
62
67
61_70
70
61
62
67
62
67
63
70
70
63
67
62
62
67
58
50
43
79_86
91
43
50
58
79
91
86
31_34
31
34
