42
42
42
42
42
42
42_45
42_45
36_42_49_49_49_49_49_56_56_61_61_61_65
36_42_49
49
56
42_49_56
42
56
61
49
49
38_42_49_51_53_56_61_65_65
49_61
38_42_51
61
56
65
49
42_49_56
42_61
65
56
49
49
49
36_42_49_51_51_56_61_61_63_65
53_65
36_42_51
56
61
65
61
56
49
49
51_63
42_49_49_53_61_65_65
42
49
49
38_42_49_49_51_56_56_61
38_42_51
56
61
56_61
49
65
49
53_65
42_49_49_56_61_68
42
49
61
49
36_42_46_46_46_51
36_42_51
46
42_46_58
46
42
58
46
46
46
38_42_46_51_53_58_58_61_61_65_65
56_68
38_42_51
58
61
46
42_46_46_53_53
42
65
61
58
46
53
53
46
53_65
36_42_46_51_51_58_58_61_63
36_42_51
58
61
58
46
51_63
36_42_46_46_53_53_58_61_65
36_42
53
46
46
38_42_46_51_53_58_61
38_42_51
58
61
58
46
53
61
53_65
36_42_46_46_49_53_56_58_61_68
36_42
46
46
53
58
49_61
46
36_42_44_44_44_51_51
36_42_51
44
42_44
42
51
44
44
38_42_44_51_51_56_60_60_63_63_63_70
38_42_51
56_68
63
70
60
44
42_44_51_60_63
42
56
51
63
63
60
60
44
36_42_44_51_53_56_60_63_65_68
36_42_51
51_63
63
60
68
56
44
53_65
42_44_51_56_60_60_63_63_63_68
42
60
63
68
44
38_42_44_51_51
38_42_51
56
44
51
51_63
42_44_56_56_60_63_68_68
60
42
63
60
63
44
68
56
44
36_42_42_42_51_54_61
36_42_51
42
61
54
42_42_54_66_70
42
66
70
42
61
54
61
38_42_42_51_54_54_58_61_66_66_70
38_42_51
56_68
66
42
70
58
54
61
54_66
42_42_53_54_54_58_61_61_65
42
61
54
42
38_42_42_49_51_70
38_42_51
70
58
61
54
53_65
36_42_51_54_54_56_61_63_70_90
42
36_42
49
70
38_42_42_49_49_51_61_61_68_92
54
38_42_51
90
51_63
68
56
54
61
61
49_61
36_42_42_48_54_54_60_66_90
36_42
92
49
66
48_60
54
42
54
90
36_42_49_49_49_49_49_56_56_61_61_61_65_97
36_42_49
49
56
42_49_56
42
56
61
49
49
38_42_49_51_53_56_61_65_65
49_61
38_42_51
61
56
65
49
42_49_56
42_61
65
56
49
49
49
36_42_49_51_51_56_61_61_63_65
53_65
36_42_51
56
61
65
61
56
49
49
51_63
42_49_49_53_61_65_65
42
49
49
38_42_49_49_51_56_56_61
38_42_51
56
61
56_61
49
65
49
53_65
42_49_49_56_61_68
42
49
61
49
36_42_46_46_46_51
36_42_51
46
42_46_58
46
42
58
46
46
46
38_42_46_51_53_58_58_61_61_65_65
56_68
38_42_51
58
61
46
42_46_46_53_53
42
65
61
58
46
53
53
46
53_65
36_42_46_51_51_58_58_61_63
36_42_51
58
61
58
46
51_63
36_42_46_46_53_53_58_61_65
36_42
53
97
46
46
38_42_46_51_53_58_61
38_42_51
58
61
58
46
53
61
53_65
36_42_46_46_49_53_56_58_61_68
36_42
46
46
53
58
49_61
46
36_42_44_44_44_51_51
36_42_51
44
42_44
42
51
44
44
38_42_44_51_51_56_60_60_63_63_63_70
38_42_51
56_68
63
70
60
44
42_44_51_60_63
42
56
51
63
63
60
60
44
36_42_44_51_53_56_60_63_65_68
36_42_51
51_63
63
60
68
56
44
53_65
42_44_48_51_56_60_60_63_63_63_68
42_48
60
63
68
44
38_42_44_45_51_77
38_42_45_51
56
44
51_63
77
36_42_42_42_42_46_49_49_49_54_54_56_56_56_58_61_61_68_68_80_85
60
36_42_46_49
63
44
56_68
42
42
42
42
45
45
38_42
38_42
54
49
54
49
58
56
36_53
56_68
36
61
61
42
80_85
42
42
36_42_42_42_49_49_54_54_54_56_58_61_61_66
53
36_42_49
42
42_42
42
42_58
66
61
38_42_42_58_61_66_70
38_42
58
42
66
61
70
42_42_58_73
54
42
73
58
42
54
54
36_42_42_58_61_66_73
36_42
58
66
61
42
42_42_54
42
54
42
38_42_42_58_61_66_70
38_42
73
58
61
66
42
42_70
49
42_42_60_63_68_75
42
60
63
68
42
54
56
36_42_44_44_51_56
54
36_42_61
44
75
42_44_60_63_68_77
42
44
38_42_44
38_42
60_68
63
44
56
42_44_60_63_68
42
63
60
68
44
77
36_42_44_60_63_68
36_42
63
60
68
36_42_56_56
36_42
44
56
44
38_42_44_60_63_65_68_70
38_42
65
56
63
60
68
51
70
36_42_56_73
36_42
44
73
36_42_42_42_49_54_58_61_66_73
36_42
56
42
42_42
42
58
61
66
42
54
73
38_42_42_54_58_61_66_75
38_42
58
61
54
66
42
75
42_42_58_61_66_73
42
66
61
58
42
73
54
54
36_42_42_58_61_66_73
36_42
58
61
66
42
73
42_42_54_58_61_66_70
42
58
61
42
66
54
38_42_42_58_61_66
70
38_42
58
61
66
42
49
42_42_58_61_66_70
42
42
58
61
66
42
36_42_44_44_51_56_56
36_42
44
56
42_44_60_63_68_68
70
42
63
60
44
68
56
56
38_42_44_60_63_68
38_42
60_63
68
44
42_44_60_63_68
42
60
63
68
44
36_42_44_60_61_63_68
36_42
60
63
68
44
61
42_44_60_60_63_68
68
42
63
60
68
44
38_42_44_56_58
38_42
60
44
51
44
56
56
42_44_56_60_63_68
42
58
63
68
60
44
36_42_42_42_54_54_58_58_61_66
56
36_42
42
42_42
42
42
66
58
61
38_42_42_58_61_66_70
38_42
42
70
36_42_42_73
36_42
54
66
58
61
73
42
36_42_42_54_58_61_66_73
36_42
58
61_66
42
73
42_42_58_61_66_70
58
42
54
42
70
38_42_42_54_73
58
61_66
38_42
73
42
54
54
42_42_58_61_66_77
42
42
42
58
61
66
36_42_44_44_56_56
36_42
44
42_44_60_63_68
42
56
60
44
63
68
77
38_42_44_60_63_68_75
38_42
63
60
44
68
75
42_44_56_60_63_68_73
42
60
63
44
68
56
73
36_42_44_60_63_75
36_42
63
60
75
44
36_42_56_60_63_68_70
36_42
60_63
68
56
70
56
38_42_44_60_63_68
38_42
56
60
63
44
68
36_42_44_56
36_42
56
44
56
44
36_42_42_42_54_54_58_61_66_70
36_42
70
42
42_42_73
42
58
66
61
42
54
38_42_42_58_61_66
38_42
58
61
42
66
73
42_42_54_73
42
54
42
36_42_42_58_61_66
36_42
58_61_66
42
42_42_58_61_66
42
61
66
58
42
54
73
54
38_42_42_58_61_66_75
38_42
75
58_61
42
66
54
42_42_75
42
42
42
36_42_44_44_56_56_60_63_68
36_42
63
60
68
44
42_44_60_63_68
42
63
60
44
56
68
38_42_44
38_42
75
44
42_44_48_60_61_63_68
42_48
63
60
44
68
61
36_42_44_56_63
36_42
44
56
42_44_45_60_61_63_68_89
42_45
56
44
63
44
63
60
68
38_41_42_44_56_63_85
61
38_41_42
44
56
36_42_44_60_63_65_68_82
63
36_42
63
60
44
85
68
89
82
65
36_42_46_46_46_46_49_53_58_61_65_94
36_42_49
46
46
42_46_58_89
42
58
46
46
46
38_42_46_58_61_70_85
38_42
46
53
70
58
46
58
61
65
61
42_46_46_58_70
42
46
94
46
89
70
46_85
36_42_48_48_48_48_60_63_72_87
58
36_42
48
48
42_48_60
42
60
48
72
48
48
38_42_48_60_60_73
38_42
73
60
63
48
60
48
48
42_48_75
42
48
60
87
36_42_49_49_49_56_56_61_65_85
36_42
49
56
49_75
42_49_61_65_65_77
42
65
61
49
38_42_49_49_56_63
38_42
65
56
49
49
42_49_61_61_65
42
63
65
61
49
36_42_49
36_42
61_65
77
56
49
49
36_42_49_49_49_56
36_42
61
56
49
49
38_42_49_61_65_77
38_42
61
65
49
77
36_42_49_58_61_80
49
36_42
61
80
85
49
36_42_42_42_42_49_49_54_56_58_58_61_78
36_42
78
42
42
42_42_49_54_54_78
42
56
54
78
42_42_49
54
58
42
61
49
49
42
38_42_42_54_58_61_77
38_42
54
58
61
42
42_42_54_58_61
42
61
58
54
77
36_42_49_49_49_56_56_61_65_68_75
36_42
42
75
49
56
42_49_54_61_65_68_75
42_49
65
61
68
49
75
56
38_42_49_61_65_68_73
38_42
49
65
61
68
61_65
49
68
73
42_49_61_65_68_75
42
65
68
61
36_42_44_44_51_60_60_63_63_68_68
49
36_42
44
63
60
68
42_44_44_60_63_68
42
68
63
60
44
38_42_44_44_56
38_42
44
56
75
42_44_56_58_60
42
44
36_42_44_51
36_42
56
60
51
58
42_56_56_60_60
44
42
60
56
60
51_63
56
38_42_51_51_58_77
38_42
60
51
68
44
44
58
51
42_44_56_56_60
42
44
56
60
56
44
77
36_39_42_51_51_51_54_58_58_63_63_66_66_75
36_42
63
39
75
58
51
66
54
58
39_42_58_63_73
63
51
66
42
63
73
58
51_54_58
51
54
58
39
38_42_51_63_63_73
38_42
63
63
36_39_42_51_54_58_58_70
73
36_42
51_58
54
51
58
39
51
70
36_41_42_53_53_53_56_56_60_60_73
36_42
73
42_53_65
42
56
60
53
41
65
38_41_42_53_56_60_68
38_42
53
56
60
53
53
56
53
42_53_63_65_77
41
60
42
68
63
65
53
36_42_42_42_54_58_61
36_42
42
42
77
42_42_54_54_58_75
42
54
58
75
61
58
38_42_54_56_66_75
42
38_42
54
56
54
66
75
42_54_54_73
42
54
73
54
54
36_42_46_46_46_58_58_61_65_77
36_42
46
77
36_42_46_53_75
36_42
75
58
53
46
38_42_58_58_58_73
38_42
65
61
58
73
58
46
36_42_46_61_77
36_42
46
58
77
46_61
58
36_42_44_44_44_44_56_60_63_78
36_42
44
42_56_56
42
56
78
56
38_42_44_51_51_56_77
38_42
56
51
44
51
42_44_56_56_56_60
42
60
56
44_60
56
77
36_42_44_44_51_51_68_75
36_42
63
51
44
75
56
51
44
42_56_56_58_63_73
42
68
56
63
73
38_42_44_44_51_51_70_73
38_42
56
51
44_58
51
73
44
42_44_51_56_60_63_70_77
42
44
51
44
56
60
36_42_44_44_44_51_68
36_42
51
44
44
77
38_42_44_48_51_56_56_75
38_42
44
51
44_56
48
38_42_44_51_51_56_60
38_42
56
51
56
44
60
63
51
68
42_44_45_51_53_56_63
42_45
75
51
56
44_56
53
63
36_41_44_51_56_56_68
36_41
68
56
56
51
44
73
73
42_75
42
75
38_77
38
77
38
38
36_42_49_49_49_49_56_56_61_61_61_65_80_85
36_42_49
49
56
42_49_56_65
42
56
80
61
49
49
65
38_42_49_51_56_61_65_73_80_87
38_42_51
61
56
65
73
49
42_49_56_65
42_61
65
56
65
80
49
49
49
36_42_49_51_56_61_61_65_68_82
36_42_51
56
61
65
68
61
56
49
49
82
42_49_49_61_65_70_77
42
70
49
77
49
87
38_42_49_49_51_56_56_61_65_77_89
38_42_51
56
61
65
61
56_61
49
65_77
49
42_49_49_61_68_78
42
85
49
61
78
68
49
36_42_46_46_46_51_58_80_82
36_42_51
46
42_46_58_70
46
42
80
58
70
46
46
46
38_42_46_51_58_58_61_61_65_65_80
38_42_51
58
61
65
46
42_46_46_53_53_68
42
65
61
58
80
46
53_68
53
46
36_42_46_51_58_58_61_65_82
36_42_51
58
61
65
58
46
58
82
36_42_46_46_53_58_61_68
36_42
82
53
68
46
46
89
38_42_46_51_53_58_58_61_80
38_42_51
58
61
58
46
58
53
61
36_42_46_46_53_58_68_77
36_42
46
46
53
77
68
58
46
36_42_44_44_44_51_51_56_80
36_42_51
80
44
42_44_68_80
42
80
51
44
68
44
38_42_44_51_56_60_60_63_63_68_70_80
38_42_51
63
70
60
68
44
42_44_51_60_63_63
42
56
51
63
63
60
63
60
44
80
36_42_44_51_56_60_63_68_68_82
36_42_51
63
60
68
82
68
56
44
42_44_56_60_60_63_63_63_68_75
42
60
63
63
68
44
56
38_42_44_51_51_68
38_42_51
75
56
68
44
51
42_44_56_60_63_68_77
60
42
80
63
60
63
44
68
56
77
44
36_42_42_42_51_54_54_61_66_75
36_42_51
66
42
61
54_75
42_42_54_66_68_70_73_78
42
66
70
42
61
54
61_68
38_42_42_51_54_58_61_61_66_70_80
38_42_51
78
61
66
42
70
58
54
61
42_42_54_54_58_61_61_70_78
42
80
73
61
54
42
70
38_42_42_49_51_61_70_82
38_42_51
78
70
61
58
61
54
36_42_54_54_56_61_68_70_73_80
42
36_42
82
49
70
73
38_42_42_49_51_61_61_68_77_78
54
38_42_51
80
54
61
68
56
54
61
61
77
68
78
36_42_42_54_54_66_66_80_80
36_42
49
66_66
80
54
80
42
54
36_42_49_49_49_49_56_56_61_61_61_65_80_85
36_42_49
49
56
42_49_56_65
42
56
80
61
49
49
65
38_42_49_51_56_61_65_73_80_87
38_42_51
61
56
65
73
49
42_49_56_65
42_61
65
56
65
80
49
49
49
36_42_49_51_56_61_61_65_68_82
36_42_51
56
61
65
68
61
56
49
49
82
42_49_49_61_65_70_77
42
70
49
77
49
87
38_42_49_49_51_56_56_61_65_77_89
38_42_51
56
61
65
61
56_61
49
65_77
49
42_49_49_61_68_78
42
85
49
61
78
68
49
36_42_46_46_46_51_58_80_82
36_42_51
46
42_46_58_70
46
42
80
58
70
46
46
46
38_42_46_51_58_58_61_61_65_65_80
38_42_51
58
61
65
46
42_46_46_53_53_68
42
65
61
58
80
46
53_68
53
46
36_42_46_51_58_58_61_65_82
36_42_51
58
61
65
58
46
58
82
36_42_46_46_53_58_61_68
36_42
82
53
68
46
46
89
38_42_46_51_53_58_58_61_80
38_42_51
58
61
58
46
58
53
61
36_42_46_46_53_58_68_77
36_42
46
46
53
77
68
58
46
36_42_44_44_44_51_51_56_80
36_42_51
80
44
42_44_68_80
42
80
51
44
68
44
38_42_44_51_56_60_60_63_63_68_70_80
38_42_51
63
70
60
68
44
42_44_51_60_63_63
42
56
51
63
63
60
63
60
44
80
36_42_44_51_56_60_63_68_68_82
36_42_51
63
60
68
82
68
56
44
42_44_56_60_60_63_63_63_68_75
42
60
63
63
68
44
56
38_42_44_51_51_68
38_42_51
75
56
68
44
51
42_44_56_60_63_68_77
60
42
80
63
60
63
44
68
56
77
44
36_42_42_42_51_54_54_61_66_75
36_42_51
66
42
61
54_75
42_42_54_66_68_70_73_78
42
66
70
42
61
54
61_68
38_42_42_51_54_58_61_61_66_70_80
38_42_51
78
61
66
42
70
58
54
61
38_42_42_48_54_54_58_61_61_70_78
38_42_48
80
73
61
54
42_45
45
70
38_42_42_48_49_51_61_70_82
38_42_48_51
78
70
61
58
61
54
36_42_54_54_56_61_68_70_73_80
42
36_42
82
49
70
73
38_42_42_49_51_61_61_68_75_78
54
38_42_51
80
54
61
68
56
54
75
61
61
68
78
36_38_42_42_45_54_54_66_66_77_80
36_38_42_45
49
77
66_66
41
54
41
80
42
54
36_42_42_42_49_54_54_54_58_58_61_61_66_70_78
36_42_49
42_58
42
61
58
54
66
78
38_42_49_51_54_54_58_61_61_66_77
38_42_51
42
54
66
42
54
58
77
49
61
58
58
70
61
54
42_42_54_66_66_75
42
54
66
61
42
54
54_58_61
66
54
58
61
36_42_46_46_51_58_66_70
36_42_51
66
46
70
42_46_54_58_58_61_61_61_65
42
58
61
54
38_42_51_58_65_66_70_73
75
46
38_42_51
70
66
65
65
73
58
61
46
61
42_46_54_58_61_73_75
58
42
58
54
61
73
46
36_42_44_44_51_56_56_60
58
36_42_51
75
42_56_60_63_75_75
42
56
56
60
60_63
75
38_42_51_56_60_63_63
38_42_51
44
63
60
63
75
42_44_56_56_60_60_63_63_72
42
56
60
56
63
36_42_51_63_77
36_42_51
72
63
77
44
60
56
63
36_42_44_58_63_68_68_70_80
36_42
56
80
68
44
38_42_51_56_56_56_60_63_70_80
68
38_42_51
44
58
56_63
60
63
80
56
70
36_38_42_44_58_68_68_77
36_38_42
68
77
44
68
38_58
38
56_70
36_39_42_49_51_51_51_70_78_80_82_85
36_42_49_51
42_54_65_66
42
82
80
38_42_51_51_51_58_58_80_82
38_42_51
39
51
80
58
65
54
51
58
39_42_63_63_66_77
66
42
51
70
77
39
51
63_66
78
36_41_42_51_53_53_53_75_80
82
36_42_51
63
75
42_53_56_56_65_77
42
41
38_42_51_60_60_60_82
38_42_51
80
60
60
65
77
53
53
56
41_42_53_63_65_65_75_80
60
56
42
82
53
65
41
65
63
85
36_42_42_51_54_54_54_78
36_42_51
80
75
42_54_58_58_66_73
42
42
66
38_42_51_61_61_61_80
38_42_51
78
61
61
61
73
54
58
42_42_66_66_70_70_73
54
42
70
66
73
66
70
38_42_51_54_54_58_61_61_61_82
38_42_51
42
54
58
61
80
54
54
61_61
36_42_54_66_66_68_70_70_73
36_42
82
70
73
66
66
70
68
38_42_42_51_54_54_58_61_61_75_85
38_42_51
54
75
61
58
54
54
61
36_42_54_66_66_70_77
36_42
42
77
58
85
54
66
66_70
54
36_42_42_42_42_49_54_54_58_58_61_61_66_66_78_78
36_42_49
42
42
66
58
54_61
54
42
58
78
38_42_49_51_54_54_58_61_66_77_80
38_42_51
42
61
58
54
77
66
49
61
42_42_42_54_58_75
42
54
42
58
66
54
36_42_46_46_46_46_51_56_58_61_65_82
80
36_42_51
78
75
56
46
58
42_46_58_58_58_61_65_73_80
42
61
82
65
46
73
58
58
61_65
46
46
38_42_46_51_58_58_61_65_68
38_42_51
65
61
58
46
46
80
58
58
36_42_44_44_44_44_49_56_56_56_60_60_63_63_75_84
36_42_49
42_51
42_51
56
56
63
44
60
44
42_44_56_56
42
60
44
56
56
63
75
38_42_44_51_56_56
44
38_42_51
56
44
44
42_44_56_56_63_63_68
42
68
63
56
56
44_44
68
44
56
44
44
36_42_46_51_56_56_58_60_63_68_72_75_75
36_42_51
63
60_75
75
68_72
51
56
56
63
51_84
36_42_44_44_44_46_56_70_75_77_80
58
36_42
77
44
38_42_51_56_56_63_63_73
38_42_51
44
63
56
75
63
56
56
44
56
36_38_42_44_46_58_60_63_68
70
36_38_42
60
68
63
38_46
58
38
44
80
36_42_49_49_49_49_49_56_56_61_61_61_65_97
36_42_49
49
56
42_49_56
42
56
61
49
49
38_42_49_51_53_56_61_65_65
49_61
38_42_51
61
56
65
49
42_49_56
42_61
65
56
49
49
49
36_42_49_51_51_56_61_61_63_65
53_65
36_42_51
73
56
61
65
61
56
49
49
51_63
42_49_49_53_61_65_65
42
49
49
38_42_49_49_51_56_56_61
38_42_51
56
61
56_61
49
65
49
53_65
42_49_49_56_61_68
42
49
61
49
36_42_46_46_46_51
36_42_51
46
42_46_58
46
42
58
46
46
46
38_42_46_51_53_58_58_61_61_65_65
56_68
38_42_51
58
61
46
42_46_46_53_53
42
65
61
58
46
53
53
46
53_65
36_42_46_51_51_58_58_61_63
36_42_51
58
61
58
46
51_63
36_42_46_46_53_53_58_61_65
36_42
53
97
46
46
38_42_46_51_53_58_61
38_42_51
58
61
58
46
53
61
53_65
36_42_46_46_49_53_56_58_61_68
36_42
46
46
53
58
49_61
46
36_42_44_44_44_51_51
36_42_51
44
42_44
42
51
44
44
38_42_44_51_51_56_60_60_63_63_63_70
38_42_51
56_68
63
70
60
44
42_44_51_60_63
42
56
51
63
63
60
60
44
36_42_44_51_53_56_60_63_65_68
36_42_51
51_63
63
60
68
56
44
53_65
42_44_48_51_56_60_60_63_63_63_68
42_48
60
63
68
44
38_42_44_45_51_77
38_42_45_51
56
44
51_63
77
36_42_42_42_42_46_49_49_49_54_54_56_56_56_58_61_61_68_68_80_85
60
36_42_46_49
63
44
56_68
42
42
38
38
42
42
36_41_48_49_53_53_53_56_60_65_72_77
36_48_49
42
42
42
54
49
60
54
49
58
56
45
56_68
45
61
56
61
53
42_65
80_85
42
53
72
53
41
77
36_42_42_42_49_49_54_54_54_56_58_61_61_66
36_42_49
42
42_42
42
42_58
66
61
38_42_42_58_61_66_70
38_42
58
42
66
61
70
42_42_58_73
54
42
73
58
42
54
54
36_42_42_58_61_66_73
36_42
58
66
61
42
42_42_54
42
54
42
38_42_42_58_61_66_70
38_42
73
58
61
66
42
42_70
49
42_42_60_63_68_75
42
60
63
68
42
54
56
36_42_44_44_51_56
54
36_42_61
44
75
42_44_60_63_68_77
42
44
38_42_44
38_42
60_68
63
44
56
42_44_60_63_68
42
63
60
68
44
77
36_42_44_60_63_68
36_42
63
60
68
36_42_56_56
36_42
44
56
44
38_42_44_60_63_65_68_70
38_42
65
56
63
60
68
51
70
36_42_56_73
36_42
44
73
36_42_42_42_49_54_58_61_66_73
36_42
56
42
42_42
42
58
61
66
42
54
73
38_42_42_54_58_61_66_75
38_42
58
61
54
66
42
75
42_42_58_61_66_73
42
66
61
58
42
73
54
54
36_42_42_58_61_66_73
36_42
58
61
66
42
73
42_42_54_58_61_66_70
42
58
61
42
66
54
38_42_42_58_61_66
70
38_42
58
61
66
42
49
42_42_58_61_66_70
42
42
58
61
66
42
36_42_44_44_51_56_56
36_42
44
56
42_44_60_63_68_68
70
42
63
60
44
68
56
56
38_42_44_60_63_68
38_42
60_63
68
44
42_44_60_63_68
42
60
63
68
44
36_42_44_60_61_63_68
36_42
60
63
68
44
61
42_44_60_60_63_68
68
42
63
60
68
44
38_42_44_56_58
38_42
60
44
51
44
56
56
42_44_56_60_63_68
42
58
63
68
60
44
36_42_42_42_54_54_58_58_61_66
56
36_42
42
42_42
42
42
66
58
61
38_42_42_58_61_66_70
38_42
42
70
36_42_42_73
36_42
54
66
58
61
73
42
36_42_42_54_58_61_66_73
36_42
58
61_66
42
73
42_42_58_61_66_70
58
42
54
42
70
38_42_42_54_73
58
61_66
38_42
73
42
54
54
42_42_58_61_66_77
42
42
42
58
61
66
36_42_44_44_56_56
36_42
44
42_44_60_63_68
42
56
60
44
63
68
77
38_42_44_60_63_68_75
38_42
63
60
44
68
75
42_44_56_60_63_68_73
42
60
63
44
68
56
73
36_42_44_60_63_75
36_42
63
60
75
44
36_42_56_60_63_68_70
36_42
60_63
68
56
70
56
38_42_44_60_63_68
38_42
56
60
63
44
68
36_42_44_56
36_42
56
44
56
44
36_42_42_42_54_54_58_61_66_70
36_42
70
42
42_42_73
42
58
66
61
42
54
38_42_42_58_61_66
38_42
58
61
42
66
73
42_42_54_73
42
54
42
36_42_42_58_61_66
36_42
58_61_66
42
42_42_58_61_66
42
61
66
58
42
54
73
54
38_42_42_58_61_66_75
38_42
75
58_61
42
66
54
42_42_75
42
42
42
36_42_44_44_56_56_60_63_68
36_42
63
60
68
44
42_44_60_63_68
42
63
60
44
56
68
38_42_44
38_42
75
44
42_44_48_60_61_63_68
42_48
63
60
44
68
61
36_42_44_56_63
36_42
44
56
42_44_45_60_61_63_68_89
42_45
56
44
63
44
63
60
68
38_41_42_44_56_63_85
61
38_41_42
44
56
36_42_44_60_63_65_68_82
63
36_42
63
60
44
85
68
89
82
65
36_42_46_46_46_46_49_53_58_61_65_94
36_42_49
46
46
42_46_58_89
42
58
46
46
46
38_42_46_58_61_70_85
38_42
46
53
70
58
46
58
61
65
61
42_46_46_58_70
42
46
94
46
89
70
46_85
36_42_48_48_48_48_60_63_72_87
58
36_42
48
48
42_48_60
42
60
48
72
48
48
38_42_48_60_60_73
38_42
73
60
63
48
60
48
48
42_48_75
42
48
60
87
36_42_49_49_49_56_56_61_65_85
36_42
49
56
49_75
42_49_61_65_65_77
42
65
61
49
38_42_49_49_56_63
38_42
65
56
49
49
42_49_61_61_65
42
63
65
61
49
36_42_49
36_42
61_65
77
56
49
49
36_42_49_49_49_56
36_42
61
56
49
49
38_42_49_61_65_77
38_42
61
65
49
77
36_42_49_58_61_80
49
36_42
61
80
85
49
36_42_42_42_42_49_49_54_56_58_58_61_78
36_42
78
42
42
42_42_49_54_54_78
42
56
54
78
42_42_49
54
58
42
61
49
49
42
38_42_42_54_58_61_77
38_42
54
58
61
42
42_42_54_58_61
42
61
58
54
77
36_42_49_49_49_56_56_61_65_68_75
36_42
42
75
49
56
42_49_54_61_65_68_75
42_49
65
61
68
49
75
56
38_42_49_61_65_68_73
38_42
49
65
61
68
61_65
49
68
73
42_49_61_65_68_75
42
65
68
61
36_42_44_44_51_60_60_63_63_68_68
49
36_42
44
63
60
68
42_44_44_60_63_68
42
68
63
60
44
38_42_44_44_56
38_42
44
56
75
42_44_56_58_60
42
44
36_42_44_51
36_42
56
60
51
58
42_56_56_60_60
44
42
60
56
60
51_63
56
38_42_51_51_58_77
38_42
60
51
68
44
44
58
51
42_44_56_56_60
42
44
56
60
56
44
77
36_39_42_51_51_51_54_58_58_63_63_66_66_75
36_42
63
39
75
58
51
66
54
58
39_42_58_63_73
63
51
66
42
63
73
58
51_54_58
51
54
58
39
38_42_51_63_63_73
38_42
63
63
36_39_42_51_54_58_58_70
73
36_42
51_58
54
51
58
39
51
70
36_41_42_53_53_53_56_56_60_60_73
36_42
73
42_53_65
42
56
60
53
41
65
38_41_42_53_56_60_68
38_42
53
56
60
53
53
56
53
42_53_63_65_77
41
60
42
68
63
65
53
36_42_42_42_54_58_61
36_42
42
42
77
42_42_54_54_58_75
42
54
58
75
61
58
38_42_54_56_66_75
42
38_42
54
56
54
66
75
42_54_54_73
42
54
73
54
54
36_42_46_46_46_58_58_61_65_77
36_42
46
77
36_42_46_53_75
36_42
75
58
53
46
38_42_58_58_58_73
38_42
65
61
58
73
58
46
36_42_46_61_77
36_42
46
58
77
46_61
58
36_42_44_44_44_44_56_60_63_78
36_42
44
42_56_56
42
56
78
56
38_42_44_51_51_56_77
38_42
56
51
44
51
42_44_56_56_56_60
42
60
56
44_60
56
77
36_42_44_44_51_51_68_75
36_42
63
51
44
75
56
51
44
42_56_56_58_63_73
42
68
56
63
73
38_42_44_44_51_51_70_73
38_42
56
51
44_58
51
73
44
42_44_51_56_60_63_70_77
42
44
51
44
56
60
36_42_44_44_44_51_68
36_42
51
44
44
77
38_42_44_48_51_56_56_75
38_42
44
51
44_56
48
38_42_44_51_51_56_60
38_42
56
51
56
44
60
63
51
68
42_44_45_51_53_56_63
42_45
75
51
56
44_56
53
63
36_41_44_51_56_56_68
36_41
68
56
56
51
44
73
73
42_75
42
75
38_77
38
77
38
38
36_42_49_49_49_49_56_56_61_61_61_65_80_85
36_42_49
49
56
42_49_56_65
42
56
80
61
49
49
65
38_42_49_51_56_61_65_73_80_87
38_42_51
61
56
65
73
49
42_49_56_65
42_61
65
56
65
80
49
49
49
36_42_49_51_56_61_61_65_68_82
36_42_51
56
61
65
68
61
56
49
49
82
42_49_49_61_65_70_77
42
70
49
77
49
87
38_42_49_49_51_56_56_61_65_77_89
38_42_51
56
61
65
61
56_61
49
65_77
49
42_49_49_61_68_78
42
85
49
61
78
68
49
36_42_46_46_46_51_58_80_82
36_42_51
46
42_46_58_70
46
42
80
58
70
46
46
46
38_42_46_51_58_58_61_61_65_65_80
38_42_51
58
61
65
46
42_46_46_53_53_68
42
65
61
58
80
46
53_68
53
46
36_42_46_51_58_58_61_65_82
36_42_51
58
61
65
58
46
58
82
36_42_46_46_53_58_61_68
36_42
82
53
68
46
46
89
38_42_46_51_53_58_58_61_80
38_42_51
58
61
58
46
58
53
61
36_42_46_46_53_58_68_77
36_42
46
46
53
77
68
58
46
36_42_44_44_44_51_51_56_80
36_42_51
80
44
42_44_68_80
42
80
51
44
68
44
38_42_44_51_56_60_60_63_63_68_70_80
38_42_51
63
70
60
68
44
42_44_51_60_63_63
42
56
51
63
63
60
63
60
44
80
36_42_44_51_56_60_63_68_68_82
36_42_51
63
60
68
82
68
56
44
42_44_56_60_60_63_63_63_68_75
42
60
63
63
68
44
56
38_42_44_51_51_68
38_42_51
75
56
68
44
51
42_44_56_60_63_68_77
60
42
80
63
60
63
44
68
56
77
44
36_42_42_42_51_54_54_61_66_75
36_42_51
66
42
61
54_75
42_42_54_66_68_70_73_78
42
66
70
42
61
54
61_68
38_42_42_51_54_58_61_61_66_70_80
38_42_51
78
61
66
42
70
58
54
61
42_42_54_54_58_61_61_70_78
42
80
73
61
54
42
70
38_42_42_49_51_61_70_82
38_42_51
78
70
61
58
61
54
36_42_54_54_56_61_68_70_73_80
42
36_42
82
49
70
73
38_42_42_49_51_61_61_68_77_78
54
38_42_51
80
54
61
68
56
54
61
61
77
68
78
36_42_42_54_54_66_66_80_80
36_42
49
66_66
80
54
80
42
54
36_42_49_49_49_49_56_56_61_61_61_65_80_85
36_42_49
49
56
42_49_56_65
42
56
80
61
49
49
65
38_42_49_51_56_61_65_73_80_87
38_42_51
61
56
65
73
49
42_49_56_65
42_61
65
56
65
80
49
49
49
36_42_49_51_56_61_61_65_68_82
36_42_51
56
61
65
68
61
56
49
49
82
42_49_49_61_65_70_77
42
70
49
77
49
87
38_42_49_49_51_56_56_61_65_77_89
38_42_51
56
61
65
61
56_61
49
65_77
49
42_49_49_61_68_78
42
85
49
61
78
68
49
36_42_46_46_46_51_58_80_82
36_42_51
46
42_46_58_70
46
42
80
58
70
46
46
46
38_42_46_51_58_58_61_61_65_65_80
38_42_51
58
61
65
46
42_46_46_53_53_68
42
65
61
58
80
46
53_68
53
46
36_42_46_51_58_58_61_65_82
36_42_51
58
61
65
58
46
58
82
36_42_46_46_53_58_61_68
36_42
82
53
68
46
46
89
38_42_46_51_53_58_58_61_80
38_42_51
58
61
58
46
58
53
61
36_42_46_46_53_58_68_77
36_42
46
46
53
77
68
58
46
36_42_44_44_44_51_51_56_80
36_42_51
80
44
42_44_68_80
42
80
51
44
68
44
38_42_44_51_56_60_60_63_63_68_70_80
38_42_51
63
70
60
68
44
42_44_51_60_63_63
42
56
51
63
63
60
63
60
44
80
36_42_44_51_56_60_63_68_68_82
36_42_51
63
60
68
82
68
56
44
42_44_56_60_60_63_63_63_68_75
42
60
63
63
68
44
56
38_42_44_51_51_68
38_42_51
75
56
68
44
51
42_44_56_60_63_68_77
60
42
80
63
60
63
44
68
56
77
44
36_42_42_42_51_54_54_61_66_75
36_42_51
66
42
61
54_75
42_42_54_66_68_70_73_78
42
66
70
42
61
54
61_68
38_42_42_51_54_58_61_61_66_70_80
38_42_51
78
61
66
42
70
58
54
61
38_42_42_48_54_54_58_61_61_70_78
38_42_48
80
73
61
54
42_45
45
70
38_42_42_48_49_51_61_70_82
38_42_48_51
78
70
61
58
61
54
36_42_54_54_56_61_68_70_73_80
42
36_42
82
49
70
73
38_42_42_49_51_61_61_68_75_78
54
38_42_51
80
54
61
68
56
54
75
61
61
68
78
36_38_42_42_45_54_54_66_66_77_80
36_38_42_45
49
77
66_66
41
54
41
80
42
54
36_42_42_42_49_54_54_54_58_58_61_61_66_70_78
36_42_49
42_58
42
61
58
54
66
78
38_42_49_51_54_54_58_61_61_66_77
38_42_51
42
54
66
42
54
58
77
49
61
58
58
70
61
54
42_42_54_66_66_75
42
54
66
61
42
54
54_58_61
66
54
58
61
36_42_46_46_51_58_66_70
36_42_51
66
46
70
42_46_54_58_58_61_61_61_65
42
58
61
54
38_42_51_58_65_66_70_73
75
46
38_42_51
70
66
65
65
73
58
61
46
61
42_46_54_58_61_73_75
58
42
58
54
61
73
46
36_42_44_44_51_56_56_60
58
36_42_51
75
42_56_60_63_75_75
42
56
56
60
60_63
75
38_42_51_56_60_63_63
38_42_51
44
63
60
63
75
42_44_56_56_60_60_63_63_72
42
56
60
56
63
36_42_51_63_77
36_42_51
72
63
77
44
60
56
63
36_42_44_58_63_68_68_70_80
36_42
56
80
68
44
38_42_51_56_56_56_60_63_70_80
68
38_42_51
44
58
56_63
60
63
80
56
70
36_38_42_44_58_68_68_77
36_38_42
68
77
44
68
38_58
38
56_70
36_39_42_49_51_51_51_70_78_80_82_85
36_42_49_51
42_54_65_66
42
82
80
38_42_51_51_51_58_58_80_82
38_42_51
39
51
80
58
65
54
51
58
39_42_63_63_66_77
66
42
51
70
77
39
51
63_66
78
36_41_42_51_53_53_53_75_80
82
36_42_51
63
75
42_53_56_56_65_77
42
41
38_42_51_60_60_60_82
38_42_51
80
60
60
65
77
53
53
56
41_42_53_63_65_65_75_80
60
56
42
82
53
65
41
65
63
85
36_42_42_51_54_54_54_78
36_42_51
80
75
42_54_58_58_66_73
42
42
66
38_42_51_61_61_61_80
38_42_51
78
61
61
61
73
54
58
42_42_66_66_70_70_73
54
42
70
66
73
66
70
38_42_51_54_54_58_61_61_61_82
38_42_51
42
54
58
61
80
54
54
61_61
36_42_54_66_66_68_70_70_73
36_42
82
70
73
66
66
70
68
38_42_42_51_54_54_58_61_61_75_85
38_42_51
54
75
61
58
54
54
61
36_42_54_66_66_70_77
36_42
42
77
58
85
54
66
66_70
54
36_42_42_42_42_49_54_54_58_58_61_61_66_66_78_78
36_42_49
42
42
66
58
54_61
54
42
58
78
38_42_49_51_54_54_58_61_66_77_80
38_42_51
42
61
58
54
77
66
49
61
42_42_42_54_58_75
42
54
42
58
66
54
36_42_46_46_46_46_51_56_58_61_65_82
80
36_42_51
78
75
56
46
58
42_46_58_58_58_61_65_73_80
42
61
82
65
46
73
58
58
61_65
46
46
38_42_46_51_58_58_61_65_68
38_42_51
65
61
58
46
46
80
58
58
36_42_44_44_44_44_49_56_56_56_60_60_63_63_75_84
36_42_49
42_51
42_51
56
56
63
44
60
44
42_44_56_56
42
60
44
56
56
63
75
38_42_44_51_56_56
44
38_42_51
56
44
44
42_44_56_56_63_63_68
42
68
63
56
56
44_44
68
44
56
44
44
36_42_46_51_56_56_58_60_63_68_72_75_75
36_42_51
63
60_75
75
68_72
51
56
56
63
51_84
36_42_44_44_44_46_56_70_75_77_80
58
36_42
77
44
38_42_51_56_56_63_63_75
38_42_51
44
63
56
75
63
56
75
56
44
56
36_38_42_44_46_58_60_63_68_73
70
36_38_42
60
68
63
38_46
58
38
44
80
36_42_49_49_49_49_49_53_56_56_61_61_65_68
36_42_49
42_56
42
61
61
68
65
56
53
49
38_42_51_61_61_63_68_87
38_42_51
56
49
56
61
49
68
61
42_49_49_56_61_65
63
42
61
49
56
49
49_53_56
53
49
56
36_42_49_51_61
36_42_51
61
49
42_49_49_49_53_56_56_61_63_63_68
42
65
53
56
49
61
63_68
56
49
73
38_42_51_61_61_85
87
38_42_51_63
61
49
42_44_49_53_56_56_61_63_68
42
53
61
56
49_63
68
61
44
36_42_49_49_49_51_53_56_61_61_65_66_68
36_42_51
56
61
53
56
49
66
65_68
61
38_42_56_61_61_68
38_42
61
61
49_53_56
68
53
56
49
38_42_51_56_61_61_65_89
38_42_51
61
65
49_56
61
56
42_48_49_49_53_56_61_61_65_68_68
42_48
49
53
56
49
45
61
45
61
68
65
36_42_48_49_51_56_56_61_92
36_42_48_51
68
49
61
56
56
49
36_42_49_49_53_56_61_63_68_68_73
36_42
53_56
49
73
61
68
38_42_49_51_56_61_65_75
38_42_51
75
61
65
89
85
68
56
63
36_38_42_44_45_49_53_56_56_61_77
49
36_38_42_45
92
77
49
53
56
44_61
49
49_56
38_41
38_41
36_42_47_47_47_49_54_54_59_59_59_63_63_66_71_71_75_78
36_42_49
47
78
42_47
42
54
63
54
59
47
38_42_47_51_54_54_59_63_78
47
38_42_51
54
63
59
59
54_63
78
47
47
42_47_54_54_59_63_78
42
78
54
66
71
47
47
47
36_42_47_51_54_59_63_78
36_42_51
63
59
54
59
47
42_47_47_47_66_71
42
66
71
54
47
63
59
47
38_42_51_54_59_59_59_63_63
38_42_51
78
54
47
63
59
59
71
63
75
59
42_47_54_59_78
42
78
54
59
36_42_46_51_51_51_63_66_70_75_78_78
36_42_51
47
78
51
42_51_58_63_66_70_78
46
42
51
63
78
66
70
63
51
58
66
70
38_42_51_51_61_80
38_42_51
61_75
78
80
51
42_49_49_49_51_61_61_65_68_68_73_73_77_77_77
42
51
36_42_51
36_42_51
49
77
68
36_42_49_56_56_61_65_75
36_42
61
65
61
68
65
56
56
75
38_42_51_61_63_68_68_73
38_42_49_51
68
73
77
73
63
68
61
61
36_42_56_61_61_65_68_73_77
36_42
77
49_68
73
65_77
61
49
61
73
56
36_42_47_47_47_47_51_54_59_59_63_63_63_78_83
36_42_51
47
42_47_59
42
63
78
54_63
59
59
47
63
47
59
38_42_51_54_59_59_59_63_63_78_82
38_42_51
47
47
83
63
59
54
78
59
42_47_47_54_77
42
63
77
59
54
47
47
47
47
82
36_42_42_51_54_54_54_58_58_61_78_78
36_42_51
78
54
61
58
42
54
42_42_54_54_58_61_61_78
42
58
78
54
54
61
42_54
38_42_51_54_58_58_66_80
61
38_42_51
80
58
66
54
42_49_49_49_61_61_65_77
42
78
36_42_51_56_75
36_42_51
56
49
77
42_49_56_73_75
42
61
61
65
49
73
56
49_75
38_42_49_51_61_61_65_68_68_73
38_42_51
49_68
61_65
68
61
42_49_56_68_75
42
56
68
49
73
75
49
38_42_49_49_51_61_61_68
38_42_51
49
68
49
61
36_42_49_49_68_68_73_73_73
61
36_42
49
73
68
68
73
73
49
38_42_49_49_51_61_61_68_75_75
38_42_51
68
75
49
49_75
61
61
36_38_42_49_49_68_68_68_73_77_77_77
36_38_42
77_77
68
73
68_68
49_77
75
38
49
38
36_42_47_47_47_49_54_54_59_59_59_63_63_66_71_71_75_78
36_42_49
47
78
42_47
42
54
63
54
59
47
38_42_47_51_54_54_59_63_78
47
38_42_51
54
63
59
59
54_63
47
47
78
42_47_54_54_59_63
42
54
66
71
47
47
47
36_42_47_51_54_59_63_78
36_42_51
63
78
59
54
59
47
42_47_47_47_66_71_78
42
66
71
54
47
63
59
47
38_42_51_54_59_59_59_63_63
78
38_42_51
54
47
63
59
59
71
63
75
59
42_47_54_59_78
42
78
54
59
36_42_46_51_51_51_63_66_70_75_78_82
36_42_51
47
51
82
42_51_58_63_66_70_80
46
42
51
63
66
70
63
51
58
66
70
38_42_51_51_61
38_42_51
80
61_75
78
51
42_49_49_49_51_61_61_65_68_68_73_73_77_77_77
42
51
36_42_51
36_42_51
49
77
68
36_42_49_56_56_61_65_75
36_42
61
65
61
68
65
56
75
56
38_42_51_61_63_68_68_73
38_42_49_51
68
73
77
73
63
68
61
61
36_42_56_61_61_65_68_73_80
36_42
49_68
73
80
65_77
61
49
61
73
56
36_42_44_44_49_51_56_56_56_60_60_63_63_68_80_92
36_42_49_51
44
80
42_44_60
42
60
56
68
63
63
60
44
56
38_42_44_51_56_60_60_63_63_63_68_80_89
38_42_51
44
60
63
68
44
80
56
60
63
63
42_44_44_60_68_77
42
60
77
44
56
68
56
36_42_44_51_56_60_60_63_63_68_70_80_87
36_42_51
89
63
68
60
56
44_63
60
70
80
42_44_56_56_60_63_72_77
42
56
44
77
92
56
60_63
38_42_44_51_51_60_63_63_68_80_84
38_42_51
87
63
60
44_80
68
72
51
42_44_56_58_63_68_82
63
42
44
56
44
60_68
56
58
63
36_42_44_44_44_44_51_56_63_68
36_42
84
51
44
44
82
38_42_44_48_51_56_56_80_80
38_42
44
44
51
44_56
48
80
38_42_44_51_51_56_60_82
80
38_42
56
51
56
44
60
63
51
68
42_44_45_51_53_56_63_84
82
42_45
51
56
44_56
53
63
84
36_41_44_51_56_56_68_75_80
36_41
75
68
56
80
56
51
44
75
75
42_79
42
79
38_82
38
82
38
38
36_42_49_51_51_51_58_58_63_63_63_67_82_87
36_42_49
51
58
42_51_58_67
42
58
82
63
51
51
67
38_42_51_51_58_63_67_75_82_89
38_42_51
63
58
67
75
51
42_51_58_67
42_63
67
58
67
82
51
51
51
36_42_51_51_58_63_63_67_70_84
36_42_51
58
63
67
70
63
58
51
51
84
42_51_51_63_67_72_79
42
72
51
79
51
89
38_42_51_51_51_58_58_63_67_79_91
38_42_51
58
63
67
63
58_63
51
67_79
51
42_51_51_63_70_80
42
87
51
63
80
70
51
36_42_48_48_48_51_60_82_84
36_42_51
48
42_48_60_72
48
42
82
60
72
48
48
48
38_42_48_51_60_60_63_63_67_67_82
38_42_51
60
63
67
48
42_48_48_55_55_70
42
67
63
60
82
48
55_70
55
48
36_42_48_51_60_60_63_67_84
36_42_51
60
63
67
60
48
60
84
36_42_48_48_55_60_63_70
36_42
84
55
70
48
48
91
38_42_48_51_55_60_60_63_82
38_42_51
60
63
60
48
60
55
63
36_42_48_48_55_60_70_79
36_42
48
48
55
79
70
60
48
36_42_46_46_46_51_53_58_82
36_42_51
82
46
42_46_70_82
42
82
53
46
70
46
38_42_46_51_58_62_62_65_65_70_72_82
38_42_51
65
72
62
70
46
42_46_53_62_65_65
42
58
53
65
65
62
65
62
46
82
36_42_46_51_58_62_65_70_70_84
36_42_51
65
62
70
84
70
58
46
42_46_58_62_62_65_65_65_70_77
42
62
65
65
70
46
58
38_42_46_51_53_70
38_42_51
77
58
70
46
53
42_46_58_62_65_70_79
62
42
82
65
62
65
46
70
58
79
46
36_42_44_44_51_56_56_63_68_77
36_42_51
68
44
63
56_77
42_44_56_68_70_72_75_80
42
68
72
44
63
56
63_70
38_42_44_51_56_60_63_63_68_72_82
38_42_51
80
63
68
44
72
60
56
63
42_44_56_56_60_63_63_72_80
42
82
75
63
56
44
72
38_42_44_51_51_63_72_84
38_42_51
80
72
63
60
63
56
36_42_56_56_58_63_70_72_75_82
44
36_42
84
51
72
75
38_42_44_51_51_63_63_70_79_80
56
38_42_51
82
56
63
70
58
56
63
63
79
70
80
36_42_44_56_56_68_68_82_82
36_42
51
68_68
82
56
82
44
56
36_42_49_51_51_51_58_58_63_63_63_67_82_87
36_42_49
51
58
42_51_58_67
42
58
82
63
51
51
67
38_42_51_51_58_63_67_75_82_89
38_42_51
63
58
67
75
51
42_51_58_67
42_63
67
58
67
82
51
51
51
36_42_51_51_58_63_63_67_70_84
36_42_51
58
63
67
70
63
58
51
51
84
42_51_51_63_67_72_79
42
72
51
79
51
89
38_42_51_51_51_58_58_63_67_79_91
38_42_51
58
63
67
63
58_63
51
67_79
51
42_51_51_63_70_80
42
87
51
63
80
70
51
36_42_48_48_48_51_60_82_84
36_42_51
48
42_48_60_72
48
42
82
60
72
48
48
48
38_42_48_51_60_60_63_63_67_67_82
38_42_51
60
63
67
48
42_48_48_55_55_70
42
67
63
60
82
48
55_70
55
48
36_42_48_51_60_60_63_67_84
36_42_51
60
63
67
60
48
60
84
36_42_48_48_55_60_63_70
36_42
84
55
70
48
48
91
38_42_48_51_55_60_60_63_82
38_42_51
60
63
60
48
60
55
63
36_42_48_48_55_60_70_79
36_42
48
48
55
79
70
60
48
36_42_46_46_46_51_53_58_82
36_42_51
82
46
42_46_70_82
42
82
53
46
70
46
38_42_46_51_58_62_62_65_65_70_72_82
38_42_51
65
72
62
70
46
42_46_53_62_65_65
42
58
53
65
65
62
65
62
46
82
36_42_46_51_58_62_65_70_70_84
36_42_51
65
62
70
84
70
58
46
42_46_58_62_62_65_65_65_70_77
42
62
65
65
70
46
58
38_42_46_51_53_70
38_42_51
77
58
70
46
53
42_46_58_62_65_70_79
62
42
82
65
62
65
46
70
58
79
46
36_42_44_44_51_56_56_63_68_77
36_42_51
68
44
63
56_77
42_44_56_68_70_72_75_80
42
68
72
44
63
56
63_70
38_42_44_51_56_60_63_63_68_72_82
38_42_51
80
63
68
44
72
60
56
63
38_42_44_48_56_56_60_63_63_72_80
38_42_48
82
75
63
56
44_45
45
72
38_42_44_48_51_51_63_72_84
38_42_48_51
80
72
63
60
63
56
36_42_56_56_58_63_70_72_75_82
44
36_42
84
51
72
75
38_42_44_51_51_63_63_70_77_80
56
38_42_51
82
56
63
70
58
56
77
63
63
70
80
36_38_42_44_45_56_56_68_68_79_82
36_38_42_45
51
79
68_68
41
56
41
82
44
56
36_42_49_51_51_51_58_58_63_63_63_67_82_87
36_42_49
51
58
42_51_58_67
42
58
82
63
51
51
67
38_42_51_51_58_63_67_75_82_89
38_42_51
63
58
67
75
51
42_51_58_67
42_63
67
58
67
82
51
51
51
36_42_51_51_58_63_63_67_70_84
36_42_51
58
63
67
70
63
58
51
51
84
42_51_51_63_67_72_79
42
72
51
79
51
89
38_42_51_51_51_58_58_63_67_79_91
38_42_51
58
63
67
63
58_63
51
67_79
51
42_51_51_63_70_80
42
87
51
63
80
70
51
36_42_48_48_48_51_60_82_84
36_42_51
48
42_48_60_72
48
42
82
60
72
48
48
48
38_42_48_51_60_60_63_63_67_67_82
38_42_51
60
63
67
48
42_48_48_55_55_70
42
67
63
60
82
48
55_70
55
48
36_42_48_51_60_60_63_67_84
36_42_51
60
63
67
60
48
60
84
36_42_48_48_55_60_63_70
36_42
84
55
70
48
48
91
38_42_48_51_55_60_60_63_82
38_42_51
60
63
60
48
60
55
63
36_42_48_48_55_60_70_79
36_42
48
48
55
79
70
60
48
36_42_46_46_46_51_53_58_82
36_42_51
82
46
42_46_70_82
42
82
53
46
70
46
38_42_46_51_58_62_62_65_65_70_72_82
38_42_51
65
72
62
70
46
42_46_53_62_65_65
42
58
53
65
65
62
65
62
46
82
36_42_46_51_58_62_65_70_70_84
36_42_51
65
62
70
84
70
58
46
42_46_58_62_62_65_65_65_70_77
42
62
65
65
70
46
58
38_42_46_51_53_70
38_42_51
77
58
70
46
53
42_46_58_62_65_70_79
62
42
82
65
62
65
46
70
58
79
46
36_42_44_44_51_56_56_63_68_77
36_42_51
68
44
63
56_77
42_44_56_68_70_72_75_80
42
68
72
44
63
56
63_70
38_42_44_51_56_60_63_63_68_72_82
38_42_51
80
63
68
44
72
60
56
63
42_44_56_56_60_63_63_72_80
42
82
75
63
56
44
72
38_42_44_51_51_63_72_84
38_42_51
80
72
63
60
63
56
36_42_56_56_58_63_70_72_75_82
44
36_42
84
51
72
75
38_42_44_51_51_63_63_70_79_80
56
38_42_51
82
56
63
70
58
56
63
63
79
70
80
36_42_44_56_56_68_68_82_82
36_42
51
68_68
82
56
82
44
56
36_42_49_51_51_51_58_58_63_63_63_67_82_87
36_42_49
51
58
42_51_58_67
42
58
82
63
51
51
67
38_42_51_51_58_63_67_75_82_89
38_42_51
63
58
67
75
51
42_51_58_67
42_63
67
58
67
82
51
51
51
36_42_51_51_58_63_63_67_70_84
36_42_51
58
63
67
70
63
58
51
51
84
42_51_51_63_67_72_79
42
72
51
79
51
89
38_42_51_51_51_58_58_63_67_79_91
38_42_51
58
63
67
63
58_63
51
67_79
51
42_51_51_63_70_80
42
87
51
63
80
70
51
36_42_48_48_48_51_60_82_84
36_42_51
48
42_48_60_72
48
42
82
60
72
48
48
48
38_42_48_51_60_60_63_63_67_67_82
38_42_51
60
63
67
48
42_48_48_55_55_70
42
67
63
60
82
48
55_70
55
48
36_42_48_51_60_60_63_67_84
36_42_51
60
63
67
60
48
60
84
36_42_48_48_55_60_63_70
36_42
84
55
70
48
48
91
38_42_48_51_55_60_60_63_82
38_42_51
60
63
60
48
60
55
63
36_42_48_48_55_60_70_79
36_42
48
48
55
79
70
60
48
36_42_46_46_46_51_53_58_82
36_42_51
82
46
42_46_70_82
42
82
53
46
70
46
38_42_46_51_58_62_62_65_65_70_72_82
38_42_51
65
72
62
70
46
42_46_53_62_65_65
42
58
53
65
65
62
65
62
46
82
36_42_46_51_58_62_65_70_70_84
36_42_51
65
62
70
84
70
58
46
42_46_58_62_62_65_65_65_70_77
42
62
65
65
70
46
58
38_42_46_51_53_70
38_42_51
77
58
70
46
53
42_46_58_62_65_70_79
62
42
82
65
62
65
46
70
58
79
46
36_42_44_44_51_56_56_63_68_77
36_42_51
68
44
63
56_77
42_44_56_68_70_72_75_80
42
68
72
44
63
56
63_70
38_42_44_51_56_60_63_63_68_72_82
38_42_51
80
63
68
44
72
60
56
63
38_42_44_48_56_56_60_63_63_72_80
38_42_48
82
75
63
56
44_45
45
72
38_42_44_48_51_51_63_72_84
38_42_48_51
80
72
63
60
63
56
36_42_56_56_58_63_70_72_75_82
44
36_42
84
51
72
75
38_42_44_51_51_63_63_70_77_80
56
38_42_51
82
56
63
70
58
56
77
63
63
70
80
36_38_42_44_45_56_56_68_68_79_82
36_38_42_45
51
79
68_68
41
56
41
82
44
56
36_42_49_51_51_51_51_58_58_63_63_63_67_67_79_82_87
36_42_49
51
58
42_51_58
42
58
63
51
51
38_42_51_51_58_58_63_67_70_89
38_42_51
67_79
63
58
67
51
58_70
42_51_58_65_77
42_63
67
58
65_77
51
51
51
36_42_51_51_58_58_63_63_67_70
36_42_51
58
63
67
63
58
51
58_70
51
42_51_51_63_63_67_75
42
51_63
51
63_75
51
89
38_42_51_51_51_58_58_58_63_70_91
38_42_51
58
63
58_63
51
58_70
67
51
42_51_51_63_63_75
42
87
51
63
63_75
82
51
36_42_48_48_48_51_67_79_84
36_42_51
48
67_79
42_48_58_60_70
48
42
60
48
48_58_70
48
38_42_48_51_60_60_63_63_67
38_42_51
60
63
48
42_48_48_55_55_65_77
42
67
63
60
48
55
65_77
55
48
36_42_48_51_60_60_63
36_42_51
60
63
60
48
36_42_48_48_55_60_63_63_75
36_42
84
55_63_75
48
48
91
38_42_48_51_55_60_63_82
38_42_51
60
63
60
48
55
63
36_42_48_48_55_60
36_42
48
48
55
60
48
36_42_46_46_46_51_53_67_79
36_42_51
46
42_46
42
53
46
46
67_79
38_42_46_51_58_62_62_65_65_72
38_42_51
65
72
62
46
42_46_53_62_65_68_80
42
58
53
65
65
62
62
46
36_42_46_51_58_62_65_70
36_42_51
65
62
70
58
46
68_80
42_46_58_62_62_65_65_67_70_79
42
62
65
70
46
67_79
38_42_46_51_53
38_42_51
58
46
53
42_46_58_62_65_65_70_77
62
42
82
65
62
65
46
70
58
46
36_42_44_44_51_56_63
36_42_51
44
65_77
63
56
42_44_56_63_68_72_75_80
42
68
72
44
63
56
63
38_42_44_51_56_60_63_68_72_82
38_42_51
80
63_75
68
44
72
60
56
63
42_44_56_56_60_62_63_63_74_80
42
82
63
56
44
38_42_44_51_51_72_84
38_42_51
80
72
62_74
60
63
56
36_42_56_56_58_60_63_72_72_82
44
36_42
84
51
72
60_72
38_42_44_51_51_63_63_70_75_80
56
38_42_51
82
70
58
56
63
63_63_75
80
36_42_44_56_56_60_68_72_82
36_42
51
60_72
68
56
82
44
56
36_42_49_51_51_51_58_58_63_63_67_67_79_87
36_42_49
51
58
42_51_58
42
58
63
51
51
38_42_51_51_58_63_67_89
38_42_51
63
58
67
51
67_79
42_51_58_65_77
42_63
67
58
51
51
51
36_42_51_51_58_63_63_67
36_42_51
58
63
67
63
58
51
51
42_51_51_63_63_67_75
65_77
42
51
51
89
38_42_51_51_51_58_58_63_70_82_91
63_75
38_42_51
58
63
58_63
51
67
51
42_51_51_63_63_75
42
87
51
63
70_82
51
36_42_48_48_48_51_84
36_42_51
48
42_48_60_70_82
48
42
63_75
60
48
48
48
38_42_48_51_60_60_63_63_67
38_42_51
60
63
48
70_82
42_48_48_55_55_63_75
42
67
63
60
48
55
55
48
63_75
36_42_48_51_60_60_63_70_82
36_42_51
60
63
60
48
36_42_48_48_55_60_63_63_75
36_42
84
70_82
55
63_75
48
48
91
38_42_48_51_55_60_63_70_82_82
38_42_51
60
63
60
70_82
48
55
63
36_42_48_48_55_60_70_82
36_42
48
48
55
70_82
60
48
36_42_46_46_46_51_53_70_82
36_42_51
46
42_46
42
53
46
46
38_42_46_51_58_62_62_63_65_65_72_75
70_82
38_42_51
65
72
62_63_75
46
42_46_53_62_65_70_82
42
58
53
65
65
62
70_82
62
46
36_42_46_51_58_62_65_70
36_42_51
65
62
70
58
46
42_46_58_62_62_65_65_70_70_82
42
62
65
70
70_82
46
38_42_46_51_53
38_42_51
58
46
53
42_46_58_62_65_70_70_82
62
42
82
65
62
65_70_82
46
70
58
46
36_42_44_44_51_56_63
36_42_51
44
63
56
38_42_44_56_68_68_72_80_80
38_42
68
72
44
63
56
63
38_42_44_51_56_60_63_68_72_82
38_42_51
80
68_80
68
44
72
60
56
63
38_42_44_48_56_56_60_63_63_67_79_80
38_42_48
82
63
56
44_45
45
67_79
38_42_44_48_51_51_65_72_77_84
38_42_48_51
80
72
60
63
56
65_77
36_38_42_56_56_58_63_63_72_75_82
44
36_38_42
84
51
72
63_75
96
38_42_44_51_51_63_65_70_77_80
56
38_42_51
95
82
93
96
70
58
91
56
95
63
63
89
93
88
91
65_77
86
89
80
36_38_42_44_45_56_56_63_68_75_82
84
88
36_38_42_45
83
86
51_81
84
68
79
63_75
83
38_41
56
77
38_41
81
82
76
79
44
56
77
74
74
76
36_39_49
51
55
51
36_49_63
51_55_58_87
79
77
94
75
63
58
55_58
51
46
46
55
55
63
55
46
51
46
55
51
63
58
55
51
51
46
55
67
67
51
46_63
51
39
55
63
51
55_67
51
46
51
46
63
55_63_67
58
77
51
51
58
63
67
58
55
63
46
46
67_77
55
39
51
51
51
51_58
46
55
46
55
55
51
51
67
51
51
58
46_55
46
55
67
75
51
77
51
63
55
51
58_67
63
46
63
67
46
51
55
51
51
51
55
63_67
58_63
75
46
51
46_58
67
55
63
39
74
58
55
55
39
58
74
46
46
55
58
63
51
55
63
51
51
55
58
55
72
46
63
46
55
51
63
51
58
51
51
51
63
55
46_51
55
58
46_63
51
55
70
72
55
51
67
51
58
51
55
58
46
51
46
55
63
51
58
51
51
67
58
55
70
51
68
51
63
51
55
39
58
58
39
55
46_51
58
46
51
58
55
55_58
55
51
51
51
58
55
51_55
58
63
51
51
58
51
55
63
46
55
51
46
58
58
58
51
51_51
67
58
55
67
58
55
67
51
67
58
67
67
68
87
51
79
94
75
39
