42_70
49
70
49
42_70
61
70
61
46
70
68
70
68
42
70
70
61
42_70
61
70
42
70
68
70
68
46_70
70
46
70
49
70
49
49
42_70
49
70
42
70
61
70
61
68
46
70
68
70
61
42
70
61
70
72
42
70
72
42_70
68
42_70
68
70
61
46_70
61
70
61
46
70
61
70
49
42_70
49
70
61
42
70
61
70
68
46_70
68
70
42
70
70
42_70
61
42_70
61
42_70
68
70
68
46
70
70
42_70
49
70
49
42
70
49
70
49
42
61_70
61_70
46
68_70
68_70
42
61_70
61_70
42
70
72
42
70
72
42_77
70
68
70
68
46
61_70
80
61_70
46_61
70
61
70
80
42
49_70
49_70
42
70
61
70
77
61
46
70
68
70
68
42
70
70
42
70
61
70
61
42_82
70
68
70
68
46_70
70
80
42
70
49
70
49
49
42_70
80
49
70
42
70
61
70
61
77
46_68
70
68
70
42_61_70
61_70
42
70
72
70
72
42_70
68
77
70
68
46_70
61
80
70
61
46
70
61
70
61
80
42
70
49
70
49
42
70
61
42
70
61
77
46_68_70
68_70
42_70
70
42
70
61
70
61
42
70_82
68
70
68
46_70
80
70
42_70
49
70
49
42
70
49_77
70
49
42
70
61
70
61
46_68
70
68
70
42
61_70
61_70
77
42_70
72
70
72
42
70
68
75
70
68
70
61
70
61
73
46
70
70
42_70
54_75
70
54
42
70
61
42
70
61
46
70
68
70
68
73
42
70
70
42
70
61
73
70
61
42
70
68
70
68
46
70
70
42_54
70
54
70
42_54_70
54_70
61
42
70
61
70
46_68_70
68_70
42
70
61
70
61
77
42
70
72
42_70
72
42_70
68
75
70
68
46_70
61
70
61
73
46_61_70
61_70
75
42_70
49
70
49
42
70
61
70
61
46
70
68
70
68
73
42
70
70
42_70
61
73
70
61
42
70
68
70
68
46
70
70
42_70
49
70
49
42_49
70
42_49
70
42_70
61
70
61
46
70
68
70
68
42_70
61
70
61
42
70
72
42
70
72
77
42
70
68
70
68
46_61_70
80
61_70
46
61_70
61_70
80
42_49_70
49_70
42
70
61
77
42
70
61
46
70
68
70
68
42
70
70
42
70
61
70
61
42
70_82
68
70
68
46
70
70
80
42
70
49
70
49
42_49
70
77
49
70
42
70
61
70
61
46_68
70
68
70
42
61_70
61_70
42
70
72
42
70
72
42
70
68
77
70
68
46
70
61
70
61_80
46
70
61
70
61
80
42
70
49
70
49
42
70
61
42
70
61_77
46_68_70
68_70
42_70
70
42_70
61
70
61
42_70
68_82
70
68
46_70
70
80
42_70
49
77
70
49
42_70
49
75
70
49
42_70
61
73
70
61
68
46_70
68
70
42_61_70
61_70
42_70
72
70
72
42_70_82
68
42
70
68
46
70
61
70
61
80
46
70
77
70
42_70
54
75
70
54
42
70
61
70
61
46_70
73
68
70
68
42
70
70
42_70
61
70
61
42_70
68
70
68
46_70
70
54
42_70
54
70
42_54_70
54_70
61
42_70
61
70
46
68_70
68_70
42_70
61
70
61
77
42_70
72
42_70
72
42_70
68
75
70
68
46_70
61
70
61
73
46
61_70
61_70
42_70
49_75
70
49
42
70
61
70
61
46_70
68
70
68
73
42
70
70
42
70
61
73
70
61
42
70
68
70
68
46
70
70
42
70
49
70
49
49
42_70
49
70
42_70
61
70
61
46_70
68
70
68
42
70
61
70
61
42_70
72
42
70
72
56_61
42
70_73
68
70
68
46_56_61
61_70
73
61_70
56
46_60_63
61_70_80
61_70
42
70
56
70
56
42
63_70
63_70
46_70
68
70
68
56
42
70
56
70
42_63
70
63
70
56_68
42_61_66_78
70
68
70
46_56_61_77
70
56
70
42_65_73
70
68
70
68
42
54_70
58
54_70
42
63_70
63_70
68
46_70
68
70
42_63_70
63_70
63
42
70
63
63
70
63
70
42_58_61_66_70
68
70
68
46_58_61_66
70_70
54
70
54
58_61_70
46_61_66
70
61
70
56_65
42_70
73
49
70
49
56_61_65
42_61
70_73
61
70
46_68_70
68_70
42_70
49
70
49
42_70
61
70
61
42_70
68
70
68
46
70
49
70
49
42
61_70
61_70
42
70
49
70
49
42
70
61
70
61
46_70
68
70
68
42
70
49
70
49
42
70
61
42
70
61
42_56_61_68
70_73
68
70
56_61_73
46_70
49
70
49
80
60
56_63
46_70
61
70
61
42_70
56
70
56
42_63_70
63_70
46_70
68
70
68
56
42_70
56
70
63
42_70
63
70
56_61_66_68
78
42_70
68
70
56_61_66
56_77
46_70
56
70
56_61_65
42_70_73
68
70
68
58
42_54_70
54_70
42
63_70
63_70
46_68
70
68
70
42
63_70
63_70
63
42
70
63
63
42_70
63
66
42_58_61_70
70
68
70
68
46_70
70
58_61_66
54
70
54
58_61_61_66_70
46_70
61
70
56_65
42_70
73
49
70
49
42_61_65
56_61_70
73
61
70
46_68_70
68_70
42
70
49
70
49
42_70
61
42_70
61
42
70
68
70
68
46
70
49
70
49
42_61_70
61_70
42
70
49
42_70
49
42
70
61
70
61
46
70
68
70
68
46_70
49
70
49
42_70
61
70
61
46_68
70
77
68
70
70
49
80
70
49
46
70
61
70
61
80
42_49_70
49_70
42
70
61
77
70
61
46
70
68
70
68
42
70
70
42
70
61
70
61
42_82
70
68
70
68
46_70
70
80
42
70
49
70
49
80
49
42_70
49
70
42
70
61
70_77
61
68
46_70
68
70
42_61_70
61_70
42_70
72
70
72
42_70_77
68
70
68
46
70
61
80
70
61
46
70
61
70
61
80
42_70
49
70
49
42
70
61
77
70
61
46_68_70
68_70
75
42
70
73
70
42_70
61
70
61
42_70
68
82
70
68
46_70
70
80
42_70
49
70
49
77
42_70
49
42_70
49
42_70
61
70
61
46_68
70
68
70
42
61_70
73
61_70
42
70
72_82
70
72
42
70
68
70
68
46
70
61
70
61
80
46
70
70
42_70
54
70
54
42
70
61
75
70
61
46
70
68
70
68
42
70_73
70
42
70
61
70
61
42
70
68
70
68
46
70
70
54
42_70
54
70
42_54_70
54_70
61
42
70
61
42
70
46_68_70
68_70
73
42_70
61
70
61
42_70
72
82
70
72
42
70
68
80
70
68
46_70
61
70
61
80
46_61_70
77
61_70
42_70
49
80
70
49
42_70
61
70
61
46
70
68
70
68
42
70_77
70
42
70
61
70
61
42
70
68
70
68
46
70
70
42
70
49
70
49
42_49
70
49
70
42
70
61
70
61
46
70
68
70
68
42
70
61
70
61
42
70
72
70
72
42
70_77
68
70
68
46
61_70
80
61_70
46
61_70
61_70
80
42
49_70
49_70
42
70
77
61
70
61
46_70
68
70
68
75
42
70
73
70
42
70
61
42_70
61
42_82
70
68
70
68
46
70
70
80
70
49
77
70
49
80
49
42_70
49
70
42
70_77
61
70
61
68
46_70
68
70
42
61_70
73
61_70
42
70
72
70
72
42_77
70
68
70
68
46
70
61
70_80
61
70
61
70
61
80
42_70
49
70
49
42_70
61
77
70
61
46
68_70
68_70
42_73
70
70
42
70
61
42_70
61
42_70_82
68
70
68
46
70
70
80
46
70
49
77
70
49
80
42_70
49
70
49
42
70
61
77
70
61
46_68
70
68
70
73
42
61_70
61_70_73
42
70
72_82
70
72
42
70
68
70
68
46
70
61
70
61
46
70
80
70
42
70
77
54
70
54
42
70
61
75
70
61
46
70
68
70
68
42
70
73
70
42
70
61
42
70
61
42
70
68
70
68
46
70
70
54
70
54
70
42
54_70
54_70
61
42
70
61
70
46
68_70
68_70
73
42
70
61
73
70
61
42
70
72
82
42
70
72
42
70
68
70
68
46
70
61
70
61_80
46
61_70
77
61_70
42
70
49
70
49
75
42
70
61
70
61
73
46
70
68
70
68
42
70
70
42
70
61
70
61
42
70
68
70
68
46_70
70
42_70
49
70
49
49
42_70
49
70
75
42_70
61
70
61
46_70
68_73
70
68
42_70
61
70
61
42_70
72
70
72
56_61
73
42_70
68
70
68
56_61
46_61_70_73
61_70
56
60_63
46_61_70
80
61_70
42_70
56
70
56
42_63_70
63_70
46
70
68
70
68
56
42
70
56
70
42_63
70
63
70
78
56_68
42_61_66
70
68
70
77
46_56_61
70
56
70
65
70
68
73
70
68
42
54_70
58
54_70
42
63_70
63_70
46_68
70
68
70
42
63_70
63_70
63
42
70
63
63
42
70
63
42
58_61_66_70_70
68
70
68
46_58_61_66
70
54_70
70
54
58_61
46_61_66_70
70
61
70
42_56_65
70_73
49
70
49
73
56_61_65
42_61
70
61
70
46
68_70
68_70
42
70
49
70
49
42
70
61
70
61
42
70
68
70
68
46
70
49
70
49
42
61_70
61_70
42
70
49
42
70
49
42
70
61
70
61
46
70
68
70
68
46
70
49
70
49
42
70
61
70
61
42_56_61_68_73
70
68
70
73
46_56_61
70
49
70
49
80
60
56_63
70
61
70
61
42
70
56
70
56
42
63_70
63_70
46
70
68
70
68
56
42
70
56
70
42_63
70
63
70
78
56_61_66_68
42
70
68
70
77
56_61_66
46_56
70
56
70
73
42_56_61_65
70
68
70
68
58
42_54_70
54_70
42
63_70
63_70
68
46_70
68
70
42_63_70
63_70
63
42_70
63
63
42_70
63
66
58_61
42_70
70
68
70
68
46_70
58_61_66_70
54
70
54
70
58_61_61_66
46_70
61
70
56_65
42_70
73
49
70
49
42_61_65
56_61_70
73
61
70
46_68_70
68_70
42
70
49
70
49
42
70
61
70
61
42
70
68
70
68
46
70
49
70
49
42
61_70
61_70
42
70
49
61
70
49
42
70
61
49
70
61
46
70
68
61
70
68
46
70
49
68
70
49
70
61
49
70
61
46_68
70
61
68
70
38
46
36_70
44_49_56_57
68
70
56
70
56_70
51
36
70
37_42_56
61
51
70
42
70
37
51
49
70
42
49
36_42
70
33
70
34
49
49
42
70
37
49
42
70
49
42_70
36
49
49
70
42
70
49
49
42
70
49
42
36_70
49
70
49_49
34_42
49_70
42
49_49_70
36_42
37_49_70
49
49_70
42
70
37
42_49
70
49
32_36
42_70
49
34_42
70
42_49
37_70
49
49
42_70
36
49_70
42
49
49_70
36_58_58_61_61_66
61_66_70
42_66
49
42_49_61
70
66
49
46_61_66
36_38_58_61_66_70
49
61
66
61_66
70
49
49
56
46_70
34_56_61_61_61_65_65
49_65
61_66
70
49_61
49_65
36
37_70
42
49
61
65
70
49
49
42
70
37
42
70
49_49
36
42_70
32
44_49
70
34
44
42
49_70
37_49
42
49_70
44
42
70
36_49
49
70
49
42_70
49_70
42
70
36_42_49
70
49
70
34_36_42_49
42
49_70
49
70
36_37_42
49
42
49_70
49
37_70
42
70
42_49
49
36_42_70
32
49
34_70
42
37_70
49_49
38_70
42_49
42_70
36
49
49_70
49
61_65
36_42_56_56_65
61_65_70
61
42
61_65_70
49
46_56
49_57_61_70
36_38_61_65
49
61_65
61_70
49
58_61_66
70
29_46_61
58_61_66
66
61
70
49_61
66
42_70
30_36
54
61
66
70
54
42_70
42_70
54
54
42
70
36
54
70
42_70
54_54
42_70
54
42
36_70
54
70
54_54
42
70
54
42
54_70
54
36_42_70
37_54
54_70
54
70
42
54
42
54_70
54
36_42_70
42_54
70
54_54
70
42_42
54_70
42
54
36
70
42_42
54
70
54
70
42_54
54
70
42
36_54
70
42
54
54
70
58_66
36_58_61_61_66
42_70
61_66
54
42_70
61_66
42
58_70
36_38_61_61_66_66
54
61_66
42
70
61_66
54
56
61_65
46
70
56_61_61_65
65
61_66
70
54_61
65
37
70
36_42
49
61
65
70
49
37_42
70
42
70
49
49
32_42
46_70
36
49
34
46_70
37_42
70
49
49
46
42_70
49
36_42
49_70
49_70
49
42_49
70
42_49_49
70
36
42_49_70
49
49_70
42
70
34
49
49
42_70
49
36_42
70
37
70
49
42
70
37
42
70
49
36_46
46_70
32
49
34_46_70
46_70
37_38
49
49
46
70
38
49
36
38_70
49
70
49_49
77
38
36_70
49_70
38
49_57_70
36_44
49
80
70
49
70
70
49
80
56_61
36_46
49_70
37
49_70
46
46
70
61
77
70
61
70
36_37_46
68
70
68
46_70
75
46
70
73
36_46
70
37
61
70
61
46
70_82
68
46
70
32
68
34_36_46
70
70
80
37_70
49
46
70
49
80
46_49
36_70
37
49
70
46
70
61
77
46
70
61
36_68
46_70
37
68
70
46
61_70
61_70
46
36
46_70
37
72
70
46
72
77
46_70
36_68
70
32_68
77
46
34_70
36_38_61
70
46_61
80
46
70
37
61
46
70
61
80
46
70
36_37
49
70
49
70
61
77
70
46
61
36_46
68_70
37
68_70
46
70
75
46
70
36_46
70
37
61
70
61
46_82
70
68
46
38_70
32_68
36_46
70
34
46
70
80
46
70
37_49
77
70
49
46
70
36_37_49
75
70
49
46
70
61
73
46
70
61
46_68
36_70
37
68
70
46
61_70
82
46
61_70
46
70
36_37
72
46
70
72
46
70
36
68
70
32
68
46
70
34_36_38_61
70
61
80
46_70
37
70
46
77
46_54_56_61_70
30_36
54
70
54
75
70
46
61
46
70
61
30_46_70
36
68
70
68
73
46
70
46
70
30
36_46_70
61
70
61
46_70
68
32_46_70
68
34
36_70
46
70
54
37_70
46
54
70
46
30
54_70
36_46
54_70
61
70
61
46
70
46
36_68_70
30
46
68_70
46
70
61
73
70
61
36_46_82
70
30_72
46
70
72
46
70
36
68
80
46
70
32
68
34_46
70
36_38_61
70
61
80
37_46
61_70
77
46
61_70
37_46
70
36_49
80
70
49
46_70
61
46
70
61
37_46
70
36_68
70
68
46
70
77
46
70
46
36_70
37
61
70
61
46
70
68
46
70
32_68
36
34_70
46
70
46
70
37_49
70
49
36_46_49
70
37
49
70
46
70
61
46
70
61
46
70
36_37_68
70
68
46_70
61
38_46_70
61
77
36_70
37_46
72
70
72
80
36
46_70
68
46_70
32_68
77
34
61_70
36_38_46
61_70
80
37
61_70
61_70
46
56
37_49_61_70
36_46
75
49_70
77
46_70
61
70
46
61
75
36
37_70
46
68
70
68
70
46
73
70
46
36_37_46_70
61
70
61
46
70
68
82
70
32_46
68
36
70
34_46
80
70
46_70
37
49
46_70
49
77
49
36_70
37_46
49
70
70
46_61
70
46_61
75
68
36_70
37_46
68
70
73
61_70
46
61_70
46
36
70
37_46
72
70
72
77
36_70
46_68
70
32_46_68
80
34
70
36_38_46_61
70
61
77
37_46
70
61
80
70
46
61
70
36_37_46
49
70
49
75
46_70_77
61
70
46
61
36
37_46_68_70
68_70
46
70
46
70
36_46
70
37
61
70
61
46
70_82
68
46
70
32_68
34_36_46
70
46
70
37_46_80
70
49
46
70
49
36_46
37_70
49
70
49
46_77
70
61
46
70
61
46_68
37_70
36
68
70
46
61_70
46
61_70
38
46
70
36_37
72
70
82
72
46
70
36
68
46_70
32
68
70
34_36_38_46_49_57_61
70
46_61
80
46_70
37
70
46
54
70
30_36_46
54
70
54
75
70
46
61
70
46
61
36
30_70
46
68
70
68
73
46_70
46
70
36_46
30_70
61
70
61
46
70
68
46
32_70
68
34_46
70
36
70
37_46_54
70
54
46_70
36
30_46_54_70
54_70
61
46_70
61
46
70
36_46
68_70
30
68_70
46
70
61
73
46
70
61
82
46
70
30_36_72
70
72
36_46
70
68
80
46
70
32
68
46
70
34_36_38_61
70
61
77
46
61_70
37
46
61_70
46
36_70_80
37_49
70
49
70
46
61
70
46
61
46_70
36_37_68
70
68
75
70
70
46
46
37_70
36
61
70
61
70
46_68
46
32_70
68
34_46
70
36
46
70
46
70
37_49
70
46_49
49
70
36_37_46
49
70
46_70
61
70
46_61
36_46_70
37_68
70
68
46
70
61
46_70
61
36
46_70
37
72
70
72
56_61_73
46
36_70
68
46
70
32_68
46_56_61
34_61_70
36_38_73
61_70
56
46_60_63
37_61_70
80
61_70
46
36_63_68
70
32_46_49_56_57_61
70
56
46_63_70
46_63_70
29_36_46
70
68
70
68
56
46
32_70
56
70
46_63
36_70
63
46_70
78
56_68
34_46_61_66
70
68
46
70
77
46_56_61
36_38_70
36
56
70
73
37_46_65
70
68
70
46_68
54_70
30_36_46_58
54_70
63_70
46
63_70
46
29_68
70
36_46
68
70
46
30
63_70
46
63_70
63
70
36_46_63
63
70
46
63
70
32
58_61_66_70
36_46
68
70
46
68
34_58_61_66
70_70
36_38_46
54
70
54
58_61
36_61_66_70
46_70
46_61
70
37_56_56_61_65
70
36_46
49
73
70
49
56_61_65
46_61
70
73
46_61
70
36_46
68_70
37
68_70
46
70
49
46
70
49
36_46
37_70
61
70
61
70
68
32_46
70
68
34_36_46
70
49
46
70
49
37_46
61_70
46
61_70
36_37_46
70
49
70
49
46
70
61
46
70
61
36_37_46
70
68
70
68
46
70
49
46
70
38_49
37
70
36
61
46
70
61
73
46_56_61_68
70
36
46_68
70
32
73
34_46_56_61
70
36_38
49
70
49
60
37_46_56_63
70_80
61
46_70
61
61_63_68
32_36_70
46_56
70
56
63_70
46
63_70
46
29_36
70
46_68
70
46_68
56
32
70
46
56
70
63
70
36
63
70
46
78
56_61_66_68
34
70
46
68
70
46
56_61_66_77
56
36_38_46_70
36
56
70
37_46_56_61_65_73
70
68
46
70
68
30_58
46_54_70
36
54_70
46
63_70
63_70
46
29_68
70
36_46
68
70
46
30_46
63_70
63_70
63
46_70
36_63
63
70
46
63
66_70
32_58_61
46_70
36
68
46
70
68
34_46
70
36_38_58_61_66_70
54
70
54
36_46_58_61_61_66_70
70
46_61
70
56_61
36_37_46_56_65
70
49_73
70
46
49
46_61_65
56_61_70
73
46_61
70
36_46
37_68_70
68_70
46
70
49
46
70
49
36_46
70
37
61
70
61
46
70
68
32_46
70
68
34_36_46
70
49
70
49
37
61_70
46
61_70
46
37_70
36_49
70
49
46
70
61
46
38_70
61
46
70
36_37
68
70
68
46
70
49
46
70
38_49
46
70
36_37
61
46
70
61
46_68
36_70_77
32_46_68
70
34
38_46_70
36_55
49
80
70
49
37
70
46
61
46
70
61
80
70
37_49
56
70
49
56
42
70
77
49
49_56_70
56
49
46
56_70
70
49
49
56_70
49
56_70
42_49
70
56
49
49_56
70
56
42_82
70
49
56
49
56_70
46
70
49
56
70
49
56
80
42
49_70
56
49_49_70
56_56
80
49_70
56
49
49_70
56
42
70
49_77
70
56
49
56
46
70
49
56
70
42_49
70
49_56
56
49
70
56
49_70
56
49
49_70
56
42_77
70
49
56
49
70
49
46
70
49
56
80
70
49
56
46
70
49
56
70
49
49
56
80
42
70
49
56
70
49
49
56
42
70
77
70
49_49
56
46
70
44_49
51_56
70
44
42
49_70
49
56
56
49_70
44
56
42
70
49
56
49
70
49
56
42
70
82
49_70
46
70
49
56
70
49
80
42
70
49
56
49_70
49
56
42
70
77
49
56
42
49_70
49
56
42
70
70
49
49
56
46
70
49
56
70
70
42_49_49
56_56
70
49
56
77
70
49
56
49_70
49
56
42
70
75
70
49
46
70
49
56
70
49
56_73
46
70
70
49
56
70
42
75
54
61
70
54
61
42
70
70
54
54
61
61
46
70
54
61
70
73
42_70
54_54
61_61
70
54
61
42
70
54
61_73
70
54_54
61_61
42
70
54
61
54_70
54
46_70
54
61
54_70
54
61
70
42
54
61
54_70
54_61
42_70
54
61
70
54_54
61
42
70
54_70
54
61
46_70
54
61
70
54
46_70
54_61
61
54
70
61
77
42_54
70
61
54
54
70
42_61
42
70
75
54
70
46
70
54
61
70
54
61
73
46
70
70
54
61
70
42
49
75
56
70
49
56
42
70
70
49
49
56
46
46_70
53
49
56
46_70
53
42_73
70
49
49_56
56
46
70
49
56
42
49_70
73
56
49_70
49
56
42_49
70
56
49_49
70
46
49_70
56
49
49_70
56
70
49
56
49
70
49
56
42
70
70
49
42
70
70
49
56
46
46_70
53
49
56
46_70
46
70
49
49
56
56
46
70
49
56
42_70
49
56
70
49_49
56
42
70
77
49_70
56
46_70
49
56
70
49
80
56
46
70
70
49
56
80
42_49_70
56
49_70
56
42
70
49
49
56_70
56
77
49
46
56_70
70
49
49
42
56_70
49
56_70
49
70
56
49
49_56
70
56
42
70_82
49
56
49
56_70
46
70
49
56
70_80
49
56
42
49_70
56
49_49_70
56_56
42
49_70
56
77
49
49_70
56
42
70
49
70
56
49
56
46_70
49
56
70
49
70
42_49_56
56
49
70
56
42_49_70
56
49
49_70
56
42_70_77
49
56
49
70
49
70
46
49
56
70
80
49
56
46_70
49
56
70
49
49
56
80
70
42
49
56
70
49
49
56
42
70
77
70
49_49
56
46_70
44_49
51_56
70
44
42
49_70
49
56
56
49_70
44
56
42_70
49
56
49
70
42_49
56
82
70
42
49_70
46
70
49
56
70_80
49
42_70
49
56
77
49_70
49
56
42_70
49
75
56
49_70
49
56
42
70
73
70
49
49
56
46
70
49
56
70
46
70
49_49
56_56
70
49
56
42
70
49
56
49_70
49
56
42
70
82
70
49
46
70
49
56
70
49
56
80
46
70
70
49
56
77
70
42
54
61
70
54
61
75
42
70
70
54
54
61
61
46
70
54
61
70
73
42
70
54_54
61_61
70
54
61
42
70
54
61
70
54_54
61_61
42
70
54
61
54_70
54
46
70
54
61
54_70
54
61
42
70
54
61
54_70
54_61
42
70
54
61
70
54_54
61
42
70
54_70
54
61
46
70
54
61
70
42_54
70
54_61
61
54
70
61
54
42_70
61
77
54
54
70
61
46
70
54_75
70
70
54
61
70
54
61_73
46
70
70
54
61
70
42
49
56
75
70
49
56
42
70
70
49
49
56
46
46_70
53
49
56
46_70
53
73
70
49
49_56
56
46
70
49
56
42_49_70
56
73
49_70
49
56
42_49
70
56
49_49
70
46_49_70
56
49
49_70
56
42
70
49
56
49
70
49
56
70
42
70
49
70
42
70
49
56
46
46_70
53
49
56
46_70
46
70
49
49
56
56
46
70
49
56
70
49
56
70
49_49
56
56_61
38
70
73
38
49_70
56
38_56_61
70_73
49
56
38
70
49
56
56
38_60_63
70
80
70
49
56
36_61_63
70
32_46_49_56_57_68
70
56
63_70
63_70
46
36
30_70
46_68
70
68
56
46_70
32
56
70
63
36_70
46_63
70
78
56_68
34_46_61_66
70
68
70
77
46_56_61
70
36_36_38
56
70
37_65
70
68
73
46_70
68
36_46
54_70
30_58
54_70
46
63_70
46
63_70
29_68
36_70
46_68
70
30_46
63_70
63_70
63
36_46
70
63
63
46
70
63
70
46
36_58_61_66_70
32
68
46
70
68
70
46_58_61_66
70
34_36_38
54
70
54
70
58_61
36_61_66
46_70
46_61
70
37_56_56_61_65
36_70
46_73
49
70
49
56_61_65
61_73
70
61
46_70
46
37_68_70
36
68_70
46
70
49
70
49
37_46
36_70
61
46
70
61
46
70
68
46
32_70
68
46
34_70
36
49
70
49
37_46
61_70
46
61_70
46
36_70
37_49
70
49
46
70
61
46
70
38_61
46
70
36_37
68
70
68
46
70
49
46
70
38_49
37_46
36_70
61
70
61
73
46_56_61_68
70
36
32_46_68
70
73
46_56_61
34_55_70
36_38
49
46
70
49
80
60
37_46_56_63
70
61
46
70
61
61_63_68
32_46
70
36_49_56_57
70
56
63_70
46
63_70
29_46
70
36_68
70
46_68
56
32_46_70
56
70
63
70
36
46_63
70
56_61_66_68
34
70_78
68
46
70
56_61_66
36_56
70
36_38_46_77
56
70
37_56_61_65
70
46_68
73
46
70
68
58
46_54_70
30_36
54_70
63_70
46
46_63_70
46_68
29_36_70
46_68
70
46_63_70
30
63_70
63
36_46_70
63
63
46
70
63
70
66
36_46_58_61
70
32
68
46
70
68
70
34_46
70
36_38_58_61_66
54
70
54
70
58_61_61_66
46_70
36
46_61
70
73
56
36_46_56_61_65
70
37
49
70
49
61_65
56_61_70
73
46_61
70
46
36_68_70
37
68_70
46
70
49
46
70
49
46
37_70
36
61
46
70
61
46
70
68
70
32
68
46
36_70
34
49
70
49
46
61_70
37
46
61_70
46
70
36_37_49
70
49
46_70
61
70
46_61
37_70
36
68
46_70
68
46_70
49
70
38_49
37
70
36_46
61
46_70
61
75
56_61
68
46_70
36
32_68
70
75
57
34_56_61
38_70
36_46
49
70
49
56
37_60_63_75
70
46
61
46_70
61
61_63_68
32_46_70
36_49_56
70
56
63_70
46
46_63_70
29_46
70
36_68
46
70
68
56
32_46
70
56
70
46_63
70
36
46_63
70
56_68_77
34_46_61_66
70
68
46_70
36_56_61_75
70
36_38_46
56
70
73
37_65
70
46_68
46
70
68
46_54_70
30_36_58
54_70
46
63_70
46
63_70
29_68
36_70
46_68
70
30_46
63_70
63_70
63
70
36_46_63
63
46
70
63
70
58_61_66_70
32_36
68
46_70
68
70
58_61_66
46_70
34_36_38
54
70
54
58_61
61_66_70
46_70
36
46_61
70
56
46_56_61_65
70
36_37_49_57
68
49
70
49
56_61_65
46_61
70
68
46_61
70
46
68_70
36_37
68_70
46
70
49
46
70
49
37_46
70
36
61
70
61
46
70
68
32
46_70
68
34_46_70
36
49
46_70
49
37_46
61_70
46_61_70
37
70
36_46_49
70
49
70
46_61
46_70
38_61
37
70
36_46
68
70
68
70
49
46
70
38_49
37_46
70
36
61
46
70
61
73
46_56_61_68
70
36
32_68
70
73
34_46_56_61
70
36_38_49_57
49
46
70
49
60_75
37_46_56_63
70
61
46
70
61
63
32_46_61_68
55_70
36_56
70
56
63_70
46
63_70
29
36_70
68
46
70
68
56
32_46
70
56
70
63
70
36
46_63
70
56_61_66_68
34_46
70
77
68
46_70
56_61_66
36_36_38_56_75
70
46
56
70
73
37_46_56_61_65
70
68
46
70
68
30_36_46_58
54_70
54_70
46
63_70
46
63_70
29_46_68
70
36
46_68
70
30_46
63_70
63_70
63
46
36_70
63
63
46
70
63
66
32_46_58_61
70_70
36
68
46_70
68
34_38_70_70
36_46_58_61_66
54
70
54
70
36_58_61_61_66
46_70
46_61
70
56_61
56_65
36_37_46_68_70
49
70
49
61_65
56_61_70
68
61
46_70
46
68_70
36_37
68_70
46
70
49
46
70
49
70
36_37
61
46
70
61
46
70
68
46
70
32
68
34
38_46_70
36
49
70
49
37_46
61_70
46
61_70
36_37_46_70
49
61
70
49
46
70
61
49
46
70
61
37_46
70
36
68
61
46
70
68
46
70
49
68
70
49
46
70
36_37
61
49
46
70
61
46_68
70
61
32_46_68
70
34_46
70
36
49
68
70
49
46
70
37
61
49
46
70
61
63_68
25_36_46_49
56
61
68
61
49
56
61
68
49
56
61
68
