57
62_66
38_69_69
69
38_38_50_62_66
50_62_66
69
26
50
38
66_69
62
50
38_50_66_69
62
38
69
50
57
26
38
50
62_69
69
69
43
67
62
71
55
31_69
55
43
67
59
67
66
64
31
55
43
69
66
62
62
67
38_50_57_66_74
38_50_66
62_66_69
38_50
50
64
62
38
62
54
62
78
66
69
69
50
57
81
72_74
66
38
50
38_62
59
81
50
62
43
31_62
43_59_62_79
67
43
43
31
62
62
62
67
62
79
62
59
62
45_57
33
33_61
33_61_69_81
45_61
33
45
61
59
69
33
61_81
45
57
57
62
74
38_38_50_62
62
38_50
38
50_57
62
64
69
74
78
66_66
54
81
69
74
81
69
57
78
59
62
62
38_50_54_57
55_62_67_71
62
31_55_67_67_71_79
71
31
50
55_59
67
71
67
71
71
62
71
67
50_55_59
69
57_64
69
57
69
61_73_81
64
33_45_69
57
57
66
69
64_73
74
62
38
50_54
57_66_74
50_50_66
57
50
66
67
74
69
69
74
50_62
55
59
67
55_79
59
31_43_50
55_59
62
55
67
50
55_59
67
52_59_67
40
52
55
76
64_64
52
52_59
55
64
67
67
59
67
67
67
66
40
59
71
64_64
62
52
76
67
64
71
57
69
45
57
69
64
57_57
61_69
64
45
57
45
73
73
33
69
76
76
57
57
50_69
50_62_69
69
38_38_66
57
50_57
59
74
62
69
50
57
50_69
74
62
69
43
31_43_50
50_67_79
55_55_62_71
55_59_59_67_67
69
67
62
67
64
66
50_66
74
62
78
38
50
54_62_66
50_50_54_57_66
57_69
64
62
62
57
54
69
50
81
74
50
62
50
59
59
67
43_55
71
74
59
43
31_50
55_62
43_47_55
31_50_59_62
62
31
47_50
59
55_62
59
62
64
57_69
73
33_45
57
33
33_45_45
61
33_49_57_61
45
61
59
57
33_45_49
33_57_57_61
45
38_62_62_74_78
50
38
50_69
57
38_50
38
62
66
62
66_69
54
69
74
69
57
74
62
55_67_79
62_83
71
55_71
62_71
55
67
62_71
55
31_59
43
71
67_79
71_83
71
55_62_71
73
57
69
64
57
69
64
33
45
57_61_73_81_85
69
69_73
55_57
69_73
57
62
66_74
38_50_50_54_57_62
66_78
50_62_66
57
50_66
66
62_66_74_78
67
55_67
50_62_66
69
57
69
50
62
55_59_62_67
43_50_79
55_55_67_74
71_83
62
59
64_64
76
52
64
66_66
78
54
66
52_67
59_67
52_79
64
52
59_71
55_67
40
67
67
67
67
67
66
64
55
57
57
64
33_61_64
57
57_69
61
76
73
64
73
73
45
61
69
64_69
45
81
45_69
69
81
38
45_66_69
50
50_62_69
38_54_57_57_62
50_66_69
62
71_83
55_67
50_55_62_71
31_59
55_59_67
43_55_74
59_62
81
69
73
69
76
57_61_69
57_69
61_64_81
69
81
69
81
67_79
62
57_66_69
50
66
50_62
66_78
50_54_57
69_81
62_66
69
54
50
69
57
69
62_66
50
38_62_81
66_69
50_54
66
69
62
57
62_66_69
62
69_81
55_59
55
62_71
67
50
31_43
55_55_59
62
71
83
74
62
66
50_59
52
40
64
52_67
59
52
59_67
79
52_59
67
64
78
66
64
76
64
64_74
62
76
45
45
33
61
45_57
57_69
61_64
81
64
61
69
83
43
43
31_43_67_71
55_71
62
43
67_86
73
33_45
73
85
33_45_73
69
69
57
73
64
61
78
66
62
62_66
66
50_57
81
69
38
50_57
62_69
66_69
50_57_62
66
62_69
81
69
69
62_62_66
81
50
71_71
54
71
83
31_43_55_62
50_50
62
55_59
59
55
62_74
50
55_59
62
59_71
59
55
55
59
67_67
67
55
79
66_66
66
78
67_67
67
79
66
66
66
78
74
62_62
62
31_43
59
71
62
59
52_59
64_67
55
28_67_79
40_52_52
59
40_67
79
67
67
67
79
28
59
40_52
55_67
64
67
67
57
66_78
57_69
33_57
57
64_69
61
66
78
64
78
64
33_73
57
57_61
64
69
62
74
74
50
38_38_50_50
57_62
62
66_69_74
62
57
38_38
50_69
50
69
69
69
55
62_69
43
62_67
67
66
64
66
38_66_69
50
50
57_66
64
62
74
38
78
59
62
43
67
31_71
43
62
62
62
45_69
33
73
33_61
45
61
59
57
38
74
78
38
50_57
50
57
62
66
69_81
62
55_67
62_71
55
62
71
71
71
69
69
73
57_57
64_64_69
57
66
64
57
50_66
57_66
50
66
67
67
69
62
50
55
59
50
55_59_62
59
52_67
52
59
55_67
67
67
67
67
66
64
64
62
62
64
64
57_61_64
57
64
61
69
33
45
76
33
45
57
57
38_50_57_62_66_69
50_62_66_69
69
62_66
69
50
55_59_62
67
71
55
59_62_69
67
64
64
66
66
66
50
50_57
57_66
64
64
62
62
62
74
69
59
59
43_55_62
43
50_55_62
62_62
62
62
64
64
57
61
33
45
61
61
59
57
38_50_57
57
50
57
74
78
66
81
69
57
59
67
55_71
62
55
62_67
59_71
67
71
67
71
73
57
57
61_64_64
69
73
69
57
74_78
62_69
66
50_57_62_66
66
62
67
69
74
62_79
67_71
50
55_59
62
64
64
66
66
67
52
59
52
59
67
67
67
67
66
64
66
45_57_61_64
33_64
45
57
57
61
64
69_73
76
64
69
50_57
66
62_69
50
57_62_66_69
71
50_55_62_67_71
59
50
55
59
62
69
69_73
57_64
61_69
69
69
67
50
57_66
62_66
50
69
69
50
57
69
57
62
66
66
62_69
66
62_69
50
55_59_62_67
71
62_66_69
55
59
71
62
66
52_59
64_67
52_59
67
66
64
62
57
61_61
45_57_64_64
69
55
71
62
59
57
55
73
57_69_73
57
64_73
62
66
66
50_57_69
50
57
66
62_69
62_66_69
69
62
69
62_62
66_69
71
71
55_62
59
50
55_59_62
59
55
59
62
67
67
66
66
67
67
66
66
62
62
59
59
52_59_67
52
55_59_67
67
67
67
67
67
57_64_69
61
66
57
64
61
66
66
61_69
64
57
64
69
62
62
57_62
50_69
66_74
66
54
38
74
50_57_62
66_69
50_57
62_66_69
71
50
55_59_62_67
50
62
55
59
62
57
62_69
54_66
50
50_62_66
57_69
62_66
69
66
62_69
71
50_67
62
50_59
55_55_62
59
57
50_62_66_69
69
62
66
48_50
71
59_62
55_71
67
62
50_55
59
66_69
50_57
50_69
69
69
57
71
26
38
38_62
69
67
43
71
62_71
67
55_59
74
33_69
73
57
64
73
50_69
74
62
57
62
71
43
55_62
55
59
66
64
67
52_59
66
52
59_64
55_67
50
57
62_66
50
57
54
66
59_62
50_55
50
55_59
62
61
57
38_50_62_69
66
50
38
62
74
