42
42
42
42
42
42
42
42
42_57
42
42_60
57
42
64
60
62
64
60_62
60
55
57
55
57
60
38_43_64
60
38
43
38_43_62
64
60
43
38
62
36_36_36_42_48_48_49_60_67_69
48_60
42_69
36
42_48_55_69
42
48
69
48
55
60
38_42_60_60_60_64_64_67_67_67
60
64_67
60_67
64
42
60
38
36_36
42_48_60_64_67_72_72_76_79
72
79
76
49
42
48_67
60
64
72
31_31_36_42_69
42
69
36
42_48_69_72
42
69
48
31_31
38_42_60_60_64_67
72
42_67
60
38_64
60
42_48_60_64_67_67
67
60
42_64
48
36_36_36_42_69
42
69
36
67
42_48_60_60_64_64_67_67_69
67
42
60
64
60
67
64
69
48
36_36
38_42_55_67_69
42
38
69
55
42_60_64_67_69_69
67
67
60_64
42
69
69
29_29_36_42_53_60_65_65_69_69_69_70_72
72
65
42_69
36
69
60
65
69
70
42_69_69
42
69
69
29_29
38_42_60_65_65_67_69_69_72
72
65
42
38_69
67
42
53
42
69
60
65
36_36_36_42_48_67_69
42_69
48
36
42_48_48_69
42
67
69
48
48
38_42_60_60_60_64_64_67_67
64_67
60
60_67
42_64
38
60
36_36
42_48_60_64_67_72_72_76_79
79
72
76
60
42
67
64
72
48
31_31_36_42_69
42
69
36
42_48_69_72
42
69
48
72
38_42_60_64_67
67
42
60
64
38
31_31
42_60_67
42
60
36_36_36_42_48_69
42
69
36_48
42_48_60_60_64_64_67_67_69
67
67
42
64
60
60
67
64
69
48
38_42_60_67_69
42
38
69
60
36_36
42_60_64_67_69_69
67
60
67
64
42
69
69
31_31_36_42_53_60_65_65_69_69_69_70
65_69
42
36
60
69
69_72
65
72
70
42_69_69
42
69
69
48
31_31
38_42_60_65_65_67_69_69_72
72
42
38
48
65_69
48
42_46
42
53
69
65
60
52
36_36_36_42_48_48_69
42_69
48
46
36
42_48_60_64_67_69
42
67
60_64
69
48
36_36_55
38_42_60_60_64_67
52
67
60
42_64
38_60
55
42_48_55_60_64_67
42
60
67
55
64
48
31_31_36_42_60_64_67_69
55
67
60
64
42
69
36
42_48_69
42
69
48_55
31_31
38_42_60_60_64_67
55
42_67
60
64
38
60_67
55
42_48
55
42
48
57
36_36_36_42_69
55
42
69
36
42_48_60_60_64_64_67_67_69
67
42
64
60
60
67
64
69
48
55
36_36
38_42_55_69
57
42
55
38
69
42_60_64_69
52
55
60
64
42
69
31_31_36_42_53_60_65_65_69_69_69_72
69
72
65
42
36
65
69
60_69
42_69
50
42
52
69
48
50
31_31
38_42_53_55_60_65_65_69_69_72
72
65
69
42
38_55
42
42
69
60
65
36_36_36_42_48_67_69
42_69
48
36
42_48_60_63_64_69
64
63
60
42
64_67
69
48_67
64
36_36
38_42_60_60_64_67_67
67
42
60
60
48_64
38
48
42_60_64_67_72
42_60
67
64
72
31_31_36_42_60_64_67_69
67
60
64
42
69
36
42_48_69_72
42
69
48
72
31_31
38_42_60_60_64_67
48
60
42
67
64
38
60
42_48_60_64_67_67
67
64
42_60
48
36_36_36_42_69
42
69
36
42_48_60_60_64_64_67_67_69
67
67
42
60
60
67
64
64
69
48
36_36
38_42_55_67_69
42
67
38_55
69
42_60_64_64_67_69_69
64_67
60_64
42
69
69
31_31_36_42_53_60_65_65_69_69_69_70_72
72
65_69
42
36
69
60_65
69
70
42_69_69
42
69
69
48
31_31
38_42_55_60_65_65_67_69_69_72
53
42_55
38
42
42
72
65
69
69
65
60
36_36_36_42_48_69
48
52
42_69
48
36
42_48_60_63_69
60_63
42
60_64_67
69
48
67
36_36
38_42_55_60_60_64_67_67
60
52
60
67
64
42
38_60_64
55
42_48_60_64_67
55
42
60
67
64
48
31_31_36_42_60_64_67_69
67
60_64
42
69
55
36
42_48_69
55
42
69
55
48
31_31
38_42_60_60_64_67
55
67
60
42
64
55
38
60
55
42_48_60_64_67
42_67
60
64
48
57
36_36_36_42_69
55
42
69
36
42_48_60_60_64_64_67_67_69
60
42
67
60
64_67
64
69
48
36_36
38_42_55_69
60
42
38
57_69
55
42_60_64_69
60_64
60
64
42
69
31_31_36_42_53_60_65_65_69_69_69_72
72
65
69
42_65
69
36
60
69
62
42_69
64
42
69
60
31_31
36_36_38_42_57_60_65_65_69_69_72
62
53
72
65
42
38
57_69
42
42
69
60
65
36_36
29_29_36_41_42_53_57_57_60_60_60_65_69_69_72
42_69
36
42_69
42
69
38_42_65
72
69
65
60
42
38
29_29
42_65_69_69_72
65
42
69
36_36_36_42_69
42
69
36_72
65_69
42_65_69_69_69_72
42
41
69
65
72
69
69
38_42
57
60
57
42
60
38
60
36_36
42_65_69_69_72
53_72
42
65_69
69
29_29_36_42_53_58_58_62_62_65_65_69_70_74
42
69
36
62
42_69
53
58
74
70
65
42
69
65
29_29
38_42_53_55_58_62_65_69_69_70_74
42
38
69
55
53_62
58
42_55_69
74
65
70
62
58
42
69
55
57_69
29_29_36_41_42_53_57_57_60_60_60_65_69_69_72
42
41
36
69
42_69
42
72
65_69
69
55
29_29
38_42
57
42
38
53
57
60
52
42
55
42_60
57
60
36_36_36_42_48_48_60_63_64_67_67_69
63
42_69
48
67
36
50
42_48_55_69
52
60
64
48
42
55
69
48
67
36_36
38_42_60_60_64_67
48
50
67
60
64
42
38
60
42_48_60_64_67_72_72_76_79
79
72
76
60
42
67
64
48
72
31_31_36_42_69
42
69
36
42_48_69_72
42
69
48
31_31
38_42_60_60_64_67
72
42_67
60
64
38
48_60
42_48_60_64_67_67
67
64
60
42
48
36_36_36_42_65_69_69_72
72
65
69
42
69
36
42_48_60_64_67_69
67
42
67
60
69
64
48
36_36
38_42_60_65_67_69_69_72
65
72
42
69
38
69
60
42_48_60_64_69_69
67
64
60
42
69
48
69
36_36_36_38_42_60_60_64_65_67_69_69_70
42
38
36
69
69
65
60
70
36_36
34_34_38_42_48_69_69
42
38
38
48
69
38
69
48
34_34
33_33_38_42_60_60_65_67_69
38
67
60
64
42
48
48_60
33_33
29_29_38_42
42
38
69
65
60
29_29_52
36_36_36_42_48_48_49_60_63_69
36_42_49_69
60
63
48
67
67
42_48_69
42
69
48
36_36_55
38_42_60_60_64_67
67
52
60_67
64
42
38_60
55
42_48_55_60_64_67_72_76_79
79
72
60_76
67
42
64
55
48
31_31_36_42_69
55
42
69
48
36
42_69
48
42
69
55
31_31
38_42_60_60_64_67
55
67
60
42_64
38_60
55
42_48_60_64
55
64
60
42
48
57
36_36_36_42_65_69_69_72
55
65_72
69
42
69
36
42_48_60_64_67_69
42_64
67
60
69
48
55
36_36
38_42_55_65_69_69_72
57
72
65
42
69
38
69
55
42_60_64_67_69
52
67
55
60
64
42
69
31_31_36_42_53_60_60_64_65_67_69_69
60_69
42_65
36
69
42_69
50
42
52
69
48
67
50
31_31
38_42_55_60_60_65_69
64
53
42
38
55
42
42
69
60
65
36_36_36_42_48_67_69
42_69
48
36
42_48_60_64_67_69
42
60
64_67
48_69
36_36
38_42_60_60_64_67
67
60
64_67
42
60
38
42_48_60_64_67_72
64_67
60
42
48
72
31_31_36_42_69_72_76_79
76_79
72
42
69
36
42_48_69_72
42
48
69
31_31
38_42_60_60_64_67_72
48
67
60
64
42
38
60
42_48_60_64_67
64
60
42
48
36_36_36_42_65_69_69_72
69_72
65
42
69
36
42_48_60_64_67_69
67
42_60
67
64
48_69
36_36
38_42_55_65_67_69_69_72
72
65
42
69
38
55_69
42_60_64_69_69
67
60_64
42
69
69
31_31_36_42_53_60_60_64_65_67_69_69_70
69
42_65
60
36
69
42_69_69
70
42
69
69
48
31_31
38_42_55_60_65_67_69
53
42
38
60_67
64
42_57
69
55
60
65
42
57
36_36_36_42_48_48_60_63_69
48
52
63
67
42_69
64_67
48
36
42_48_69
60
67
42
48
55
69
48
64
36_36
38_42_55_60_60_64_67
52
67
60
64
55
42
60
38
55
42_48_60_64_67_72_76_79
55
79
72
76
67
42
60
64
48
31_31_36_42_69
42
69
55
36
42_48_60_64_67_69
55
60
67
42
64
69
55
48
31_31
38_42_60_60_64_67
55
67
42
60
64
55_60
38
55
42_48_60_64
64
60
42
48
57
36_36_36_42_65_69_69_72
55
72
65
42
69
69
36
42_48_60_64_67_69
42
67
60
64
69
48
38_42_55_65_69_69_72
60
42_72
65
38_69
57_69
55
36_36
42_60_64_67_69
60_64
67
42
69
64
60
31_31_36_42_53_60_60_64_65_67_69_69
42
36
69
65_69
60
62
42_69
67
64
60_64
42
69
53
60
31_31
36_36_38_42_60_65_69
62
42
38
69
60_65
36_36
42
42
29_29_36_41_42_53_57_60_60_69_69_72
42_69
53_57_60
36
42_69
42
69
41
38_42_65
60
53_57
42
60
38
65
29_29
42_53_57_60_69
42
69
60
36_36_36_42_69
57
53
42
69
36
42_53_57_60_69_69
42
69
60_69
38_42
53_69
57
72
42
38
57
60
60
36_36
42_53_57_60_69
60
57
42
53
53
69
29_29_36_42_53_53_58_58_62_62_65_69_70_74
42
53_62
69
36
58
42_58_69
70
74
42
58
53
58
62
69
38_42_53_53_55_58_58_62_62_65_69_69_70_74
42
38
69
55
62
58
70
53
58_62_74
53
29_29
42_55_69
42
69
55
69
57
29_29_36_42_53_53_57_57_60_60_60_69_69_72
42
36
69
42_69
53
60
42
57
69
55
29_29
38_42
57
42
38
53
57_60
72
52
69
42
55
42
60
36_36_36_42_48_48_60_63_64_65_67_67_69
67
65
64
42_63_69
48
67
60
36
50
42_48_64_67_69
52
67
42
55
48_64
69
48
36_36
38_42_60_60_64_67
48
50
60
55_64
67
42
38
60
42_48_60_60_64_64_67_67_72
42
60
67
60
48_64_64_67
72
31_31_36_42_69
42
69
36
42_48_60_64_67_69
42
67
72
69
60_64
48
31_31
38_42_60_60_64_67
72
60_67
42
64
38
48
60
42_48_60_64_67_67
67
60
64
42
48
36_36_36_42_65_69_69_72
67
72
42
65
69
69
36
42_48_60_64_67_69
42
67
60
64
69
48
38_42_60_65_69_69_72
72
65
42_69
38
69
60
36_36
42_60_64_67_67_69
67
64
60
42
67
69
36_36_36_42_48_60_60_64_65_67_67_69_69
42
36
69
65_69
60
36_36
33_33_42_69
42
69
67
64
60
33_33
29_29_38_42_60_65_69
48
42
38
67
29_29
30_30_38_42
60
42_69
65
38
38
38
30_30
31_31_36_42_43_49_55_55_59_62_62_65_67_67_69_71_71_74
65
62
59
42_69
62
36
42_69
62
59
62
42
50
69
55
38_42_55_59_62
50
59
62
42
43_55
38
62
31_31_62
42_55_59_62
49
42
36_38_38_42_69
42
69
74
71
36
55_67
59
62
42_69
42
62
69
62
38_42_67_72_76
42
38
42_67
76
72
42
67
62_62
38_38
31_31_36_42_67_69_71_74
64
42
69
36
42_67_69_71_74
74
71
62
42
67
64
69
74
71
67
31_31
38_42_67_69_72_76
42
38
69
76
72
67
42_67_67_69_71_72_74_74
59
62
67
72
74
42
69
31_31_36_42_67_69_71_74
42
36
69
42_69
42
69
31_31
38_42
67
59
55_55
67_74
59_71
71
67
42
38
74
67
55
71
55
42
42
57
29_29_36_41_42_53_57_60_65_65_65_69_69_69_69_72_72
55
42_69
36
42_69
42
69
60
38_42
57
42
38
42
42_60
29_29
36_36_36_42_69
60
42
69
36_69
72
65
42_69
42
60
69
72
69
65
38_42_60_65_65_69_70_72_74
41_42
38
74
42_72
65
69_70
65
42
60
36_36
29_29_36_42_62_65_65_69_69_69_72_72
42
69
36
42_69
69
72
65
42
60
69
62
38_42_65_69_70_74
42
38
69
74
70
65
42_65_69_69_72
57
60
42
69
57
53_60
29_29
36_36_36_42_53_57_60_69
42
36
69
53
57
42_69
60
42
65
65
69
69_72
36_36
38_42_53_57_60
69
42
38
72
69
42
53
42
57
60
36_41_41_49_53_53_57_57_60_60_63_63_65_69_72_72_75_75
57
36
65
36
49
36
68
68
68
68
36_67
53
63
57
60
67
38_53_57_60_63
53_60
63
57
38
36
38_53_57_60_63
63
53
60
57
38
38_53_57_60_63
53_63
60
38_57
36_38_53_57_60_63
53
38_63
60
57
38_53_57_60_63
55
36
53
38
63
60
57
38_53_57_60_63
57
65_75
72
69_72_75
38
53
57
63
60
38_60
55
63
53
60
57
38
60
41_41
36_36_36_42_48_48_49_69
57
64
42_69
48
36
42_48_69
42
69
48
38_42_60_60_60_64_64_67_67
62
64
67
60
64
42
38_48
60
42_48_60_64_67
60_67
64
49
42
60
67
64
48
36_36_60
31_31_36_42_60_64_67_69
62
42
69
60
67
64
36
42_48_69
42
69
48
55
38_42_60_60_60_64_64_67_67
60
67
60
67
60_64
64
42
38
60
42
42
31_31
36_41_41_41_42_53_53_53_57_57_57_60_69
42_55
60
69
53_60
36_57
57
53
42_60_69
41
42
69
60
38_42_53_57_57_60_60_60_69
53
57_60
53
42_60
57_57
38
69
60
41_41
42_60_69
64
42
69
36_36_36_42_48_48_60_60_64_64_67_67_69
42
36
69
42_69
62
64
42
69
48
60
38_42_60
62
42
38
60
42_48
42
48
36_36
31_31_36_42_52_69
67
60
64
42_69
67
64
60
36
42_48_55_69
48
42
52
69
48
55
60
38_42_60_60_60_64_64_67_67
67
64
67
64
60
42
60
38
60
42_55_60_60_64_64_67_67
60
42
67
64
48
67
64
60
31_31
36_36_36_42_48_58_69
55
42
69
48
36_58
48
36_36
36_36_42_48_52_55_69
42
69
48
36_36
38_42_55_60_60_64_67
60
67
64
42
55
38
60
52_60
33_33_42_48_55_60_60_64_64_67_67
60
60
42
67
64
67
48
33_33
31_31_36_42_48_69
64
42_69
36
55
42_48_52_69
60
42
69
48
57
31_31
33_33_38_42_55_60_60_60_64_64_67_67
52
67
60
48
42
60_64
38_60_67
64
60
42_58
55
57
55
42
60
33_33
36_36_36_42_48_48_60_64_67_69
64
42
69
48
36
42_58_60_69
67
60
42
64
69
64
62
36_36_48
33_33_38_42_48_60_60_60_64_64_67_67
67
64
60
42
60
38
42_48_60_60_64_67
60
42
60
64
67_67
64
62
48
60
33_33
31_31_36_42_60_64_67_69
42_69
36
60
42_48_69
64_67
42
48
60
69
48
60
31_31
36_36_38_42_60_60_60_64_64_67_67
67
60
67
60
64
42_64
38
60
42
42
60
59
36_36
31_31_36_42_43_55_55_59_59_62_62_69
42
69
62
55
59
36
55
59
42_69
62
42
43
69
60
38_42_55_55_59_59_59_62_62
42
38_62
55
59
55_62
59
57
60
42
42
31_31
36_41_41_41_42_53_53_53_57_57_57_60_60_69
42_69
36
42_69
42
69
38_42
42
38
57
53
41_41_57_60
42
42
36_36_36_41_42_48_53_57_69
53
57
60
48
42
69
36
42_69
42
69
38_42_60_60_60_64_64_67_67
67
64
60
60_67
42
60
38_64
36_36
42_60_60_60_64_64_67_67
42
60
67
64
60
67
31_31_36_42_69
42_69
64
60
36
42_48_48_69
42
69
48
48
31_31
38_42_60_60_60_64_64_67_67
60_67
42_64
38_64_67
60
60
42_55
42
55
36_36_36_42_60_65_69_69
42
69_69
65
60
36
36_36
36_36_42_48_69
42
69
48
38_42_60_60_60_64_65_67_69
67
60
42_64
38
69
60
65
36_36
33_33_42_60_64_67
42
60
60
67
64
33_33
31_31_36_42_48_60_64_67_69
42_69
67
60
64
36
42_69
42
48
69
31_31
33_33_38_42_60_64_67
42
38
67
60
64
42
42
55
33_33
36_41_41_41_42_53_53_53_57_57_60_60_60_65_69_69
57
55
42
69
60
36
53
42_69
42
69
60
57
38_42_53_57_60
53
42
57
60
38
42
42
60
60
57
53
60
41_41
29_29_36_42_48_60_69
41
42_69
48
36
42_57_65_69_69_72
60
42
57
60
60
53
57
69
60
69
65
29_29
36_36_38_41_42_53
72
69
42
65
38
42_48_65_69_72
69
72
53
65
42
48
41
60
36_36
34_34_36_42_53_53_58_58_62_62_65_69_70_70_74_74
62
42
69
36
74
70
53
42_69
53
58
62_62
65
74
58_70
42
69
60
38_42_53_53_58_58_62_62_62_65_65_70_70_74_74
65
42
60
38
74
53_62
58
74
70
62
42_53
58
60_70
65
42
34_34
29_29_36_42_53_53_57_57_60_60_65_65_69_69_69_72
42_69
36
42_69
57
42
60
69
38_42
42
38
42
65
69
72
69
42
65
29_29
36_36_36_42_60_69
57
53
42
69
36
42_60_69
42
69
38_42_57_65_70_74
60
74
42
65
57
38
57
70
42_53
42
53
36_36
29_29_36_42_60_65_69_69_72
42_69
36
42_57_69
42_60
57
69
57_60
53
38_42_53_53_57_57_60
57
53
60
42
38_57
72
53
69
29_29
42_53_57_60_65_69
69
65
42
57
60
53
29_29_36_42_65_69_69_72
42
69
72
65
36_69
42_69
55
42
69
57
29_29
33_33_38_42_53_57_60_65_69_72
42
65
72
38_69
53
57_60
60
33_33
34_34_42
65
55
42
57
60
34_34_64
36_36_36_42_48_48_49_60_67_69
48_60
42_69
36
42_48_55_69
42
48
69
48
55_64
62
38_42_60_60_60_64_64_67_67_67
60
64_67
60_67
64
42
60
38
36_36
42_48_60_64_67_72_72_76_79
72
79
76
49
42
48_67
60
64
72
60
31_31_36_42_69
62
42
69
36
42_48_69_72
42
69
48
55
31_31
38_42_60_60_64_67
60_72
42_67
60
38_64
60
42_48_60_64_67_67
67
60
42_64
55
48
36_36_36_42_57_69
42
69
36
67
42_48_60_60_64_64_67_67_69
67
42
60
64
60
67
64
69
48
60
36_36
38_42_55_67_69
57
42
38
69
55
42_60_64_67_69_69
67
67
60_64
42
69
69
62
29_29_36_42_53_60_65_65_69_69_69_70_72
60
72
65
42_69
36
69
60
65
69
70
42_69_69
42
69
69
29_29
38_42_60_65_65_67_69_69_72
60
62
72
65
42
38_69
67
42
53
42
69
60
65
36_36_36_42_48_67_69
42_69
48
36
42_48_48_69
42
67
69
48
48
38_42_60_60_60_64_64_67_67
64_67
60
60_67
42_64
38
60
36_36
42_48_60_64_67_72_72_76_79
79
72
76
60
60
42
67
64
72
48
31_31_36_42_69
42
69
36
42_48_69_72
42
69
48
72
38_42_60_64_67
67
42
60
64
38
31_31
42_60_67
42
60
36_36_36_42_48_69
42
69
36_48
42_48_60_60_64_64_67_67_69
67
67
42
64
60
60
67
64
69
48
38_42_60_67_69
42
38
69
60
36_36
42_60_64_67_69_69
67
60
67
64
42
69
69
31_31_36_42_53_60_65_65_69_69_69_70
65_69
42
36
60
69
69_72
65
72
70
42_69_69
42
69
69
48
31_31
38_42_49_60_65_65_67_69_69_72
72
42
38
48
65_69
48
42_46
42
53
69
65
60
52
36_36_36_42_46_48_48_49_49_67_69
42_69
48
36
42_48_60_64_67_69
42
67
60_64
69
48
36_36_55
38_42_60_60_64_67
52
67
60
42_64
38_60
55
42_48_49_55_60_64_67
42
60
67
55
64
48
31_31_36_42_60_64_67_69
55
67
60
64
42
69
36
42_48_69
42
69
48_55
31_31
38_42_60_60_64_67
55
42_67
60
64
38
60
55
42_48
55
42
48
57
36_36_36_42_69
55
42
69
36
42_48_60_60_64_64_67_67_69
67
42
64
60
60
67
64
69
48
55
36_36
38_42_55_69
57
42
55
38
69
42_60_64_69
52
55
60
64
42
69
31_31_36_42_53_60_65_65_69_69_69_72
69
72
65
42
36
65
69
60_69
42_69
50
42
52
69
48
50
31_31
38_42_53_55_60_65_65_69_69_72
38
72
65
69
42
55
38_42
42
38
69
60
65
36_36_36_42_48_69
42_69
48
36
42_48_60_63_64_69
64
63
60
42
64_67
69
48_67
64
36_36
38_42_60_60_64_67
67
42
60
60
48_64
38
48
42_60_64_67
42_60
67
64
31_31_36_42_60_64_67_69
67
60
64
42
69
36
42_48_69
42
69
48
31_31
38_42_60_60_64_67
48
60
42
67
64
38
60
42_48_60_64_67
67
64
42_60
48
36_36_36_42_69
42
69
36
42_48_60_60_64_64_67_67_69
67
42
60
60
67
64
64
69
48
36_36
38_42_55_69
42
38_55
69
42_60_64_64_67_69
64_67
60_64
42
69
31_31_36_42_53_60_65_65_69_69_69_72
72
65_69
42
36
69
60_65
69
42_69
42
69
48
31_31
38_42_55_60_65_65_69_69_72
53
42_55
38
38_42
42
72
65
69
69
38
65
60
36_36_36_42_48_69
48
52
42_69
48
36
42_48_60_63_69
60_63
42
60_64_67
69
48
36_36
38_42_55_60_60_64_67_67
60
52
60
67
64
42
38_60_64
55
42_48_60_64_67
55
42
60
67
64
48
31_31_36_42_60_64_67_69
67
60_64
42
69
55
36
42_48_69
55
42
69
55
48
31_31
38_42_60_60_64_67
55
67
60
42
64
55
38
60
55
42_48_60_64_67
42_67
60
64
48
57
36_36_36_42_69
55
42
69
36
42_48_60_60_64_64_67_67_69
60
42
67
60
64_67
64
69
48
36_36
38_42_55_69
60
42
38
57_69
55
42_60_64_69
60_64
60
64
42
69
31_31_36_42_53_60_65_65_69_69_69_72
72
65
69
42_65
69
36
60
69
62
42_69
64
42
69
60
31_31
36_36_38_42_57_60_65_65_69_69_72
62
53
72
65
42
38
57_69
38_42
42
69
60
38_65
36_36
29_29_36_42_57_60_60_65_69
42_69
36
42_69
42
69
38_42
42
38
29_29
42
42
36_36_36_42_69
42
69
36
42_69
42
69
38_42
42
38
60
36_36
42
42
29_29_36_42_69
42
69
36
42_69
42
69
29_29
38_42_55_69
42
38
69
55
42_55_69
42
69
55
57
29_29_36_42_69
42
36
69
42_69
42
69
55
29_29
38_42
57
42
38
60
52
57
60
38_42
65
55
42
38
36_36_36_42_48_69
42_69
48
36
50
42_48_69
52
42
69
48
36_36
38_42_60_60_64_67
48
50
67
60
64
42
38
60
42_48_60_64_67
60
42
67
64
48
31_31_36_42_69
42
69
36
42_48_69
42
69
48
31_31
38_42_60_60_64_67
42_67
60
64
38
48_60
42_48
42
48
36_36_36_42_65_69_69_72
72
65
69
42
69
36
42_48_60_64_67_69
42
67
60
69
64
48
36_36
38_42_55_60_65_69_69_72
65
72
42
69
38
69
60
42_48_57_60_64_69
64
55
60
42
69
48
57
36_36_36_38_42_58_60_60_64_65_67_69_69
42
38
36
69
69
65
60
36_36
34_34_38_42_48_57_69
42
38
58
38
48
69
38
48_57
34_34
33_33_38_42_55_60_60_65_69
38
67
60
64
42
48
48_60
33_33
29_29_38_42
42
38
69
65
60
55
29_29_52
36_36_36_42_48_48_49_60_63_69
36_42_49_69
60
63
48
67
67
42_48_69
42
69
48
36_36_55
38_42_60_60_64_67
67
52
60
64
42
38_60
55
42_48_55_60_64_67_72_76_79
79
72
60_76
67
42
64
55
48
31_31_36_42_69
55
42
69
48
36
42_69
48
42
69
55
31_31
38_42_60_60_64_67
55
67
60
42_64
38_60
55
42_48_60_64
55
64
60
42
48
57
36_36_36_42_65_69_69_72
55
65_72
69
42
69
36
42_48_60_64_67_69
42_64
67
60
69
48
55
36_36
38_42_55_65_69_69_72
57
72
65
42
69
38
69
55
42_60_64_67_69
52
67
55
60
64
42
69
31_31_36_42_53_60_60_64_65_67_69_69
60_69
42_65
36
69
42_69
50
42
52
69
48
67
50
31_31
38_42_55_60_60_65_69
64
53
42
38
55
38_42
42
69
60
65
38
36_36_36_42_48_69
42_69
48
36
42_48_60_64_67_69
42
60
64_67
48_69
36_36
38_42_60_60_64_67
60
64_67
42
60
38
42_48_60_64_67
64_67
60
42
48
31_31_36_42_69_72_76_79
76_79
72
42
69
36
42_48_69
42
48
69
31_31
38_42_60_60_64_67
48
67
60
64
42
38
60
42_48_60_64_75
64
60
42
48
36_36_36_42_65_69_69_72_76
75
69_72
65
76
42
69
36
42_48_60_64_67_69_70
42_60
67
64
48_69
36_36
38_42_55_65_69_69_72_72
70
72
65
72
42
69
38
55_69
42_60_64_66_69
60_64
42
69
66
31_31_36_42_60_60_64_65_67_67_69_69
69
42_65
60
36
69
42_69
42
69
48
31_31
38_42_55_60_65_69
42
38
60_67
64
38_42_57
69
55
60
65
42
57
67
38
36_36_36_42_48_48_60_63_69
48
52
63
42_69
64_67
48
36
42_48_69
60
67
42
48
55
69
48
64
36_36
38_42_55_60_60_64_67
52
67
60
64
55
42
60
38
55
42_48_60_64_67_72_76_79
55
79
72
76
67
42
60
64
48
31_31_36_42_69
42
69
55
36
42_48_60_64_67_69
55
60
67
42
64
69
55
48
31_31
38_42_60_60_64_67
55
67
42
60
64
55_60
38
55
42_48_60_64
64
60
42
48
57
36_36_36_42_65_69_69_72
55
72
65
42
69
69
36
42_48_60_64_67_69
42
67
60
64
69
48
38_42_55_65_69_69_72
60
42_72
65
38_69
57_69
55
36_36
42_60_64_67_69
60_64
67
42
69
64
60
31_31_36_42_53_60_60_64_65_67_69_69
42
36
69
65_69
60
62
42_69
67
64
60_64
42
69
53
60
31_31
36_36_38_42_60_65_69
62
42
38
69
60_65
36_36
42
42
29_29_36_41_42_53_53_57_60_69_69_72
42_69
53_57_60
36
42_69
42
69
41
38_42
60
53_57
42
38
29_29_53
38_42_53_57_60_60
42
60
38
60
36_36_36_42_69
57
53
42
69
36
42_53_57_60_60_69
42
69
60
60
38_42
53_69
57
72
42
38
57
60
60
36_36
42_53_57_60_60
60
57
42
53
53
60
29_29_36_42_53_53_58_58_62_62_69_70_74
42
53_62
69
36
58
42_58_69
70
74
42
58
53
58
62
69
38_42_53_53_53_55_58_58_62_62_69_70_74
42
38
69
55
62
58
70
53
58_62_74
53
53
29_29
42_55_69
42
69
55
57
29_29_36_42_53_53_53_57_57_60_60_69_69_72
42
36
69
42_69
53
60
42
57
69
55
29_29
38_42
57
42
38
53
57_60
72
52
53
69
42
55
42
36_36_36_42_48_60_63_64_67_69_77
64
42_63_69
67
60
36
50
42_64_67_69_79
52
77
67
42
55
64
69
48
36_36
38_42_60_64_67_77
48
79
50
60
55_64
67
42
38
77
38_42_60_60_64_64_67_67_72
42
60
67
60
38_64_64_67
72
31_31_36_42_69_75
42
69
36
75
42_60_64_67_69_72
42
67
69
60_64
31_31
38_42_60_64_67
60_67
42
64
38
48
42_60_64_67
67
60
64
42
72
36_36_36_42_65_69_69_70_72
72
42
65
69
69
36
42_60_64_67_69_70_72
42
67
60
64
69
72
38_42_65_67_69_69_72
72
65
42_69
38
69
36_36
42_60_64_65_67_69
67
67
64
60
42
69
65
36_36_36_42_60_60_64_64_65_67_69_69
42
36
69
65_69
60
64
36_36
33_33_42_69_72
42
69
67
64
60
33_33
29_29_38_42_60_65_69
42
38
29_29
30_30_38_42
60
42_69
65
38
38
38
30_30
31_31_36_42_43_49_55_55_59_62_62_67_69_71
72
62
59
42_69
62
36
42_69
62
59
62
42
50
69
55
38_42_55_59_62
50
59
62
42
43_55
38
62
31_31_62
42_55_59_62
49
42
36_38_38_42_69
42
69
36
55
59
62
42_69
42
62
69
62
38_42
42
38
42_67
42
62_62
38_38
31_31_36_42_69
64
42
69
36
42_62_67_69_71_74
62
42
64
69
74
71
67
31_31
38_42_59_69
62
42
38
69
42_55_59_67_69_72_74
59
62
67
72
74
42
69
31_31_36_42_67_69_71_74
42
36
69
42_69
42
69
31_31
38_42
67
59
55_55
67_74
59_71
71
67
42
38
55
55
55
42
42
57
29_29_36_41_42_53_57_60_65_65_69_69_69_72
55
42_69
36
42_69
42
69
60
38_42
57
42
38
42
42_60
29_29
36_36_36_42_69
60
42
69
36
42_69
42
60
69
72
69
65
38_42_60_65_69_72
41_42
38
42_72
65
69
42
60
36_36
29_29_36_42_60_62_65_69_69_72
42
69
36
42_69
42
60
69
62
38_42_57_69
42
38
69
60
42_69
57
60
42
69
57
53_60
29_29
36_36_36_42_53_53_57_60_69
57
42
36
69
53
57
42_69
60
42
65
65
69
69_72
36_36
38_42_53_57_60
53
69
42
38
42
53
42
57
60
36_41_41_49_53_57_60_63_63_65_69_72_72_75_75
57
36
36
49
36
68
68
68
68
36_67
67
38
38
36
38
38
38
38
36_38
38
38
55
36
38
38_63
57
65_75
72
69_72_75
38
53
57
63
60
38_60
55
38
60
41_41
36_36_36_42_48_48_49_69
57
64
42_69
48
36
42_48_69
42
69
48
38_42_60_60_60_64_64_67_67
62
64
67
60
64
42
38_48
60
42_48_60_64_67
60_67
64
49
42
60
67
64
48
36_36_60
31_31_36_42_60_64_67_69
62
42
69
60
67
64
36
42_48_69
42
69
48
55
38_42_60_60_60_64_64_67_67
60
67
60
67
60_64
64
42
38
60
42
42
31_31
36_41_41_41_42_53_53_53_57_57_57_60_69
42_55
60
69
53_60
36_57
57
53
42_60_69
41
42
69
60
38_42_53_57_57_60_60_60_69
53
57_60
53
42_60
57_57
38
69
60
41_41
42_60_69
64
42
69
36_36_36_42_48_48_60_60_64_64_67_67_69
42
36
69
42_69
62
64
42
69
48
60
38_42_60
62
42
38
60
42_48
42
48
36_36
31_31_36_42_69
67
60
64
42_69
67
64
60
36
42_48_69
48
42
69
48
60
38_42_60_60_64_64_67_67
67
64
67
64
60
42
60
38
42_60_60_64_64_67_67
60
42
67
64
48
67
64
60
31_31
36_36_36_42_48_69
42
69
48
36
48
36_36
36_36_42_48_55_69
42
69
48
36_36
38_42_60_60_64_67
60
67
64
42
55
38
60
60
33_33_42_48_60_64_64_67_67
60
60
42
67
64
67
48
33_33
31_31_36_42_48_69
64
42_69
36
55
42_48_69
42
69
48
57
31_31
33_33_38_42_60_60_60_64_64_67_67
67
60
48
42
60_64
38_60_67
64
60
42
55
57
42
60
33_33
36_36_36_42_48_48_60_64_67_69
64
42
69
48
36
42_69
67
60
42
64
69
64
62
36_36_48
33_33_38_42_48_60_60_60_64_64_67_67
67
64
60
42
60
38
42_48_60_60_64_67
42
60
64
67_67
64
62
48
60
33_33
31_31_36_42_60_64_67_69
42_69
36
60
42_48_69
64_67
42
48
60
69
48
60
31_31
36_36_38_42_60_60_60_64_64_67_67
67
60
67
60
64
42_64
38
60
42
42
60
59
36_36
31_31_36_42_43_55_55_59_59_62_62_69
42
69
62
55
59
36
55
59
42_69
62
42
43
69
60
38_42_55_55_59_59_59_62_62
42
38_62
55
59
55_62
59
57
60
42
42
31_31
36_41_41_41_42_53_53_53_57_57_57_60_60_69
42_69
36
42_69
42
69
38_42
42
38
57
53
41_41_57_60
42
42
36_36_36_41_42_48_53_57_69
53
57
60
48
42
69
36
42_69
42
69
38_42_60_60_60_64_64_67_67
67
64
60
60_67
42
60
38_64
36_36
42_60_60_60_64_64_67_67
42
60
67
64
60
67
31_31_36_42_69
42_69
64
60
36
42_48_48_69
42
69
48
48
31_31
38_42_60_60_60_64_64_67_67
60_67
42_64
38_64_67
60
60
42_55
42
55
36_36_36_42_60_65_69_69
42
69_69
65
60
36
36_36
36_36_42_48_69
42
69
48
38_42_60_60_60_64_65_67_69
67
60
42_64
38
69
60
65
36_36
33_33_42_60_64_67
42
60
60
67
64
33_33
31_31_36_42_48_60_64_67_69
42_69
67
60
64
36
42_69
42
48
69
31_31
33_33_38_42_60_64_67
42
38
67
60
64
42
42
55
33_33
36_41_41_41_42_53_53_57_60_60_65_69_69
57
55
42
69
60
36
53
42_69
42
69
60
57
38_42_53_57_60
53
42
57
60
38
42
42
60
60
41_41
29_29_36_42_48_69
41
42_69
48
36
42_65_69_69_72
60
42
57
60
53
69
60
69
65
29_29
36_36_38_41_42
72
69
42
65
38
42_48_65_69_72
69
72
65
42
48
41
60
36_36
34_34_36_42_53_58_62_65_69_70_70_74_74
62
42
69
36
74
70
53
42_69
62
65
74
58_70
42
69
60
38_42_53_58_62_62_65_65_70_70_74_74
65
42
60
38
74
53_62
58
74
70
42
60_70
65
42
34_34
29_29_36_42_53_57_60_65_65_69_69_69_72
42_69
36
42_69
57
42
60
69
38_42
42
38
42
65
69
72
69
42
65
29_29
36_36_36_42_69
42
69
36
42_69
42
69
38_42_65_70_74
74
42
65
57
38
70
42
42
36_36
29_29_36_42_65_69_69_72
42_69
36
42_69
42
69
57_60
53
38_42_53_57_60
57
53
60
42
38
72
69
29_29
42_53_57_60
65
42
57
60
53
29_29_36_42_65_69_69_72
42
69
72
65
36_69
42_69
55
42
69
57
29_29
33_33_38_42_53_57_60_65_69_72
42
65
72
38_69
53
57_60
60
33_33
34_34_42
55
42
57
60
34_34_64
36_36_36_42_48_48_49_60_69
48_60
42_69
36
42_48_55_69
42
48
69
48
55_64
62
38_42_60_60_60_64_64_67_67
60
64_67
60_67
64
42
60
38
36_36
42_48_60_64_67_72_76_79
72
79
76
49
42
48_67
60
64
60
31_31_36_42_69
62
42
69
36
42_48_69
42
69
48
55
31_31
38_42_60_60_64_67
60
42_67
60
38_64
60
42_48_60_64_67
67
60
42_64
55
48
36_36_36_42_57_69
42
69
36
42_48_60_60_64_64_67_67_69
67
42
60
64
60
67
64
69
48
60
36_36
38_42_55_69
57
42
38
69
55
38_42_60_64_67_69
67
38
60_64
42
69
38
38
62
29_29_36_38_42_60_65_65_67_69_69_69_72
60
72
38_65
42_69
36
69
60
65
69_71
38_42_69_69_72
67
42
38
71
69
29_29
38_42_60_65_65_69_69_71_72_74
38
69
72
60
62
72
65
42
69
74
42_72
42_71
69
60
65
72
31_31_36_42_43_49_55_55_59_62_69_74
67_71_74
42_69
74
71
67
36
42_67_69_71
42
67
71
43
74
69
38_42_67_67_71_74_74
74
71
67
42
74
38
67
42_62_71_74_74
67
49_60
74
42_71
67
55
74
31_31
36_38_38_42_65_69_71_72
67_74
42
62_69
36
72
42_69_71
42
69
71
74
67
38_42_67_69
71
65
42
38
69
42_67_67_71_74
42
74
67
71
38_38
31_31_36_42_55_69_69
67
67
42
69
36
42_67_69_71_71_74
69
42
74
67
71
69
71
38_42_67_69_74
42
38
69
55
74
42_62_67_69_71_74_79
67
74
67
71
42
69
79
31_31
36_38_38_42_65_67_69_71_74_74
42
36
62
69
42_69
42
69
38_38
38_42_43_43_67
65
42
38
43_43_74
42_74
42
71
67
31_31_36_42_55_69_71_71_74
71
67
42_69
36
42_69
42_71
71_74
69
38_42_67_71_74
55
74
42
38
42_62_71_74
67
71
42
74
31_31
36_38_38_42_65_67_69_71_72_74
74
62
67_71
42
69
36
42_69_71
72
42
69
71
38_42_67_69
65
42
38
42_55_59_62_74
69
62
55
42
59
74
38_38
31_31_36_42_55_56_69_71
56
67
42
69
36
42_69
42
69
71
38_42_67_69_69_83
55
77_79
83
42_77
55
59
62
38
69
79
31_31
42_62_67_69
67
69
42
69
31_31_36_38_42_43_45_55_59_62_65_69
42
62
36
69
59
55_67_71
62
43_45
31_31
42_69
38
67_71
42
69
31_31_38_42_43_45_55_59_62_67
38
65
42
62
55_59
31_31
42_46
67
42
43
45
67
29_29_36_42_46_49_53_53_57_60_69_69_72
53_57
42_69
53_57
57
36
41_42_53_60_69
57
60
42
53
72
69
69
38_42_65_72
57
42
57_72
38
53
42_53_57_60_60_72
65
60
49_53
57
42
72
29_29
36_36_36_42_53_57_60_63_69_70
41
60
53_60
42
69
57
36
70
42_69_69
42
69
38_42_65_67
69
63
42
38
67
42_53_57_60_65
53
42
60
57
65
36_36
29_29_36_42_53_67_69
65
42
69
36
67
42_69_69
42
69
69
38_42_65_69_70_81
77_81
53
42
38_77
69
70
42_60_69_69
65
42
69
29_29
36_36_36_42_63_67_69
69
60
42
36
69
42_53_57_65_69
67
42
53_57
69
38_42_65
63
42
38
53
57_60
36_36
42
65
42
31_31_36_42_55_55_55_59_59_62_62_69_74
65
62
55
59
42_69
36
42_69
42_59
74
59
69
38_42_55_59_62_67_74
55
62
55
59
42_74
38
42_59_62_74
67
59
42
74
31_31
36_38_38_42_59_62_65_69_72
55_62
62
42
59_69
55
36
72
42_43_69_71
42
69
38_42_67_69
65_71
50
42
38
50
69
42_67
42
43
67
38_38
31_31_36_42_55_69_74_79
43
67
42
69
36
42_69
50
42
74
69
43
38_42_67_69_74_79_79
55
42
38
69
67
42_47_59_62_69
50
55_62
79
42
69
47
62
74
31_31
36_38_38_42_45_65_69_79_83
62
55
59
42
36
69
45
42_55_59_62_69
62
42
55
59
69
38_38
35_35_38_42_43_55_59_62_67
38
55
62_65
59
62
59
55
42
42_46
43
42
79
67
83
35_35
36_36_36_46_48_48_49_52_52_55_55_60_64_67
64
36_36
42
55
48_55_60
52_67
64
48
52
42
36_49
64
42_62
42
42
42
60
38_42
62
42
42
42
38
55
60
42
42
42
42
57
38_42
55
42
42
42
60
42
38
42
42
60
57_64
42
38_42
42
38
62
38_42
64
42
38
60
42
62
42
42_50_50
42
36_38_42_60
42
38
42
42
50_50
42_50_50
42
36
50_50
42
42
38_42_48_48
42
48_48
42
38
42
42_45_45
42
45_45
42_48_48
42
48_48
38_42
42
42
38
42
42_43_43
42
43_43
42_45_45
42
45_45
38_42_46_46
42
38
46_46_55
38_42_45_45
42
38
57
45_45
42_43_43
42
42_60
55
42
57
60
64
43_43
36_36_36_38_42
42
38
36_36
42
42
62
42
64
42
36
42
42
60
62
38_42
42
42
38
42
60
60
42
42
42
42
60
59
38_42
42
42
38
42
60
59
42
42
60
42_57
42
38_42
42
38
38_42
42
38
42
42
42
42
57
36_38_42
42
38
38_43_48_48_60_67_72
72
67
43_60
38
48_48
38_43_48_48_60_67_72
60_72
67
38_43
36
48_48
38_43_48_48_60_67_72
38
43
60_67
72
48_48
38_43_48_48_60_67_72
38_67
43_72
60
48_48
38_43_48_48_60_67_72
67
43
60_72
38
48_48
38_43_48_48_60_67_72
43
72
38_67
60
48_48
38_43_48_48_60_67_72
43
38
60
67
72
48_48
48_48_60_67_72
48_48
60
67
72
55
47_57
55
47
57
45_58
45
57
58
57
43_55
43
55
55
57
29_29_36_41_49_65_68_69_69
55
68
69
36
57
60
41
53
46_48_69
69
60_65
46
57
53
69
60
38_46_65_69_72
57
48
46
72
38
46
65
46
69
49
60
57
53_60
29_29
36_36_36_46_48_69
60
46
69
57
53_60
36
48
46_65_69_69_72
46
72
69
60
69
57
53_60
60
38_46
65
46
57_60
38
53
46_65
46
65
60
58
53_62
36_36
34_34_36_46_65_70_74
46
62
70_74
53
46
58_65
62
36_46
58
60
38_46_62_65_70_74
53
62
46
74
38
65_70
62
46
58
57
46
53
60
53_57
60
34_34
29_29_36_46_65_69_72
46
36
46_55
57
46
72
38_46
53
69
65
55
46
38
60
57
53
29_29
46
46
29_29_36_46
46
36
46
46
57
38_46_53_57_57_60_60
53
60_65
46
60
57
53
60
38
53_57
60
65
29_29
46
57
46
53
29_29_36_46
46
36
46
46
58
38_46_53_53_58_58_63_63
55_63
46
38
29_29
58
63
53
29_29_36_46
46
58
63
36
53
46
46
57
60
53_58
65
38_46_53_57_60_60
57
63
55
46
38
29_29
46
46
29_29_36_46
57
46
53
57
60
36
29_29
29_29
29_29_60
33_33_38
38_38
36
65
57
57
53
57
60
60
33_33
34_34
38
36
34_34_64_64
36_36_60_60_64_67_67
60
36_38
46
60_67
64
46
38
36
60_67
64
36_36
62
64
44
60_62
44
55
60
44_57
55
44
60
57
60
64
45
47
47
45
62
64
43
45
60
62
43_45
36_36_36_42_48_48_49_60_67_69
48_60
42_69
60
36
42_48_55_69
42
48
69
48
55
38_42_60_60_60_64_64_67_67_67
60
64_67
60_67
64
42
60
38
36_36
42_48_60_64_67_72_72_76_79
72
79
76
49
42
48_67
60
64
72
31_31_36_42_69
42
69
36
42_48_69_72
42
69
48
31_31
38_42_60_60_64_67
72
42_67
60
38_64
60
42_48_60_64_67_67
67
60
42_64
48
36_36_36_42_69
42
69
36
67
42_48_60_60_64_64_67_67_69
67
42
60
64
60
67
64
69
48
36_36
38_42_55_67_69
42
38
69
55
42_60_64_67_69_69
67
67
60_64
42
69
69
29_29_36_42_53_60_65_65_69_69_69_70_72
72
65
42_69
36
69
60
65
69
70
42_69_69
55
42
69
69
29_29
38_42_60_65_65_67_69_69_72
57
72
65
42
38_69
67
42_60
53
42
69
55
60
65
60
36_36_36_42_48_48_49_69
57
64
42_69
48
36
42_48_69
42
69
48
38_42_60_60_60_64_64_67_67
62
64
67
60
64
42
38_48
60
42_48_60_64_67
60_67
64
49
42
60
67
64
48
36_36_60
31_31_36_42_60_64_67_69
62
42
69
60
67
64
36
42_48_69
42
69
48
55
38_42_60_60_60_64_64_67_67
60
67
60
67
60_64
64
42
38
60
42
42
31_31
36_41_41_41_42_53_53_53_57_57_57_60_69
42_55
60
69
53_60
36_57
57
53
42_60_69
41
42
69
60
38_42_53_57_57_60_60_60_69
53
57_60
53
42_60
57_57
38
69
60
41_41
42_60_69
64
42
69
36_36_36_42_48_48_60_60_64_64_67_67_69
42
36
69
42_69
62
64
42
69
48
60
38_42_60
62
42
38
60
42_48
42
48
36_36
31_31_36_42_69
67
60
64
42_69
67
64
60
36
42_48_69
48
42
69
48
60
38_42_60_60_64_64_67_67
67
64
67
64
60
42
60
38
42_60_60_64_64_67_67
60
42
67
64
48
67
64
60
31_31
36_36_36_42_48_69
42
69
48
36
48
36_36
36_36_42_48_55_69
42
69
48
36_36
38_42_60_60_64_67
60
67
64
42
55
38
60
60
33_33_42_48_60_64_64_67_67
60
60
42
67
64
67
48
33_33
31_31_36_42_48_69
64
42_69
36
55
42_48_69
42
69
48
57
31_31
33_33_38_42_60_60_60_64_64_67_67
67
60
48
42
60_64
38_60_67
64
60
42
55
57
42
60
33_33
36_36_36_42_48_48_60_64_67_69
64
42
69
48
36
42_69
67
60
42
64
69
64
62
36_36_48
33_33_38_42_48_60_60_60_64_64_67_67
67
64
60
42
60
38
42_48_60_60_64_67
42
60
64
67_67
64
62
48
60
33_33
31_31_36_42_60_64_67_69
42_69
36
60
42_48_69
64_67
42
48
60
69
48
60
31_31
36_36_38_42_60_60_60_64_64_67_67
67
60
67
60
64
42_64
38
60
42
42
60
59
36_36
31_31_36_42_43_55_55_59_59_62_62_69
42
69
62
55
59
36
55
59
42_69
62
42
43
69
60
38_42_55_55_59_59_59_62_62
42
38_62
55
59
55_62
59
57
60
42
42
31_31
36_41_41_41_42_53_53_53_57_57_57_57_60_60_69
42_69
36
42_69
42
69
38_42
42
38
53
41_41_57_60
42
42
36_36_36_41_42_48_53_57_69
53
57
60
48
42
69
36
42_69
42
69
38_42_60_60_60_64_64_67_67
67
64
60
60_67
42
60
38_64
36_36
42_60_60_60_64_64_67_67
42
60
67
64
60
67
31_31_36_42_69
42_69
64
60
36
42_48_48_69
42
69
48
48
31_31
38_42_60_60_60_64_64_67_67
60_67
42_64
38_64_67
60
60
42_55
42
55
36_36_36_42_60_65_69_69
42
69_69
65
60
36
36_36
36_36_42_48_69
42
69
48
38_42_60_60_60_64_65_67_69
67
60
42_64
38
69
60
65
36_36
33_33_42_60_64_67
42
60
60
67
64
33_33
31_31_36_42_48_60_64_67_69
45_47
42_69
67
60
45_64
47
36
42_69
55
42
48
69
57
31_31
33_33_38_42_60_64_67
43_45
42
55
38
43_45
67
60
60_64
42
57
42
60
33_33
36_36_36_42_48_48_49_64_69
42_69
48
36
42_48_69
42
69
48
62
38_42_60_60_60_64_64_67_67
64
67
60
64
42
38_48
60
42_48_60_64_67
60_67
64
49
42
60
67
64
48
36_36_62
31_31_36_42_60_60_64_67_69
42
69
60
67
64
36
42_48_69
42
69
48
60
55
38_42_60_60_60_64_64_67_67
67
60
67
60_64
64
42
38
60
42
42
31_31
36_41_41_41_42_53_53_53_57_57_60_69
57
55
42
60
69
53_60
36_57
57
53
42_60_69
41
42
69
60
38_42_53_57_57_60_60_60_69
53_57
57_60
53
42_60
57
38
69
60
60
41_41
42_64_69
42
69
36_36_36_42_48_48_60_60_64_64_67_67_69
42
36
69
42_62_69
42
64
69
48_60
38_42_60_62
42
38
60
42_48
42
48
36_36
31_31_36_42_69
67
60
64
42_69
67
64
60
36
42_48_69
48
42
69
48
38_42_60_60_64_64_67_67
67
64
67
64
60
42
60
38
60
42_60_60_64_64_67_67
60
42
67
64
48
67
64
60
31_31
36_36_36_42_48_69
42
69
48
36
48
36_36
36_36_42_48_55_69
42
69
48
36_36
38_42_60_60_64_67
60
67
64
42
55
38
60
60
33_33_42_48_60_64_64_67_67
60
60
42
67
64
67
48
33_33
31_31_36_42_48_69
64
42_69
36
42_48_69
55
42
69
48
31_31
33_33_38_42_57_60_60_60_64_64_67_67
55
67
60
48
42
60_64
38_60_67
64
60
42
42
57
60
33_33
36_36_36_42_48_48_60_64_67_69
64
42
69
48
36
42_69
67
60
42
64
69
36_36_48_62
33_33_38_42_48_60_60_60_64_64_67_67
64
67
64
60
42
60
38
42_48_60_60_64_67
42
60
64
67_67
64
48
33_33
31_31_36_42_60_64_67_69
60
62
42_69
36
60
42_48_69
64_67
42
48
69
60
48
31_31
36_36_38_42_60_60_60_64_64_67_67
60
67
60
67
60
64
42_64
38
60
42
42
60
36_36
31_31_36_42_43_55_55_59_59_62_62_69
59
42
69
62
55
59
36
55
59
42_69
62
42
43
69
60
38_42_55_55_59_59_59_62_62
42
38_62
55
59
55_62
59
60
42
57
42
31_31
36_41_41_41_42_53_53_53_57_57_57_60_60_69
42_69
36
42_69
42
69
38_42
42
38
53
57
41_41_57_60
42
42
36_36_36_41_42_48_53_57_69
53
57
60
48
42
69
36
42_69
42
69
38_42_60_60_60_64_64_67_67
67
64
60
60_67
42
60
38_64
36_36
42_60_60_60_64_64_67_67
42
60
67
64
60
67
31_31_36_42_69
42_69
64
60
36
42_48_48_69
42
69
48
48
31_31
38_42_60_60_60_64_64_67_67
60_67
42_64
38_64_67
60
60
42_55
42
55
36_36_36_42_60_65_69_69
42
69_69
65
60
36
36_36
36_36_42_48_69
42
69
48
38_42_60_60_60_64_65_67_69
67
60
42_64
38
69
60
65
36_36
33_33_42_60_64_67
42
60
60
67
64
33_33
31_31_36_42_48_60_64_67_69
42_69
67
60
64
36
42_69
42
48
69
31_31
33_33_38_42_60_64_67
42
38
67
60
64
42
42
33_33
31_31_36_42_43_49_55_55_59_62_69_74
67_71_74
42_69
74
71
67
36
42_67_69_71
42
67
71
43
74
69
38_42_67_67_71_74_74
74
71
67
42
74
38
67
42_62_71_74_74
67
49
74
42_71
67
55
74
31_31
36_38_38_42_65_69_71_72
67_74
42
62_69
36
72
42_69_71
42
69
71
74
67
38_42_67_69
71
65
42
38
69
42_67_67_71_74
42
74
67
71
38_38
31_31_36_42_55_69_69
67
67
42
69
36
42_67_69_71_71_74
69
42
74
67
71
69
71
38_42_67_69_74
42
38
69
55
74
42_62_67_69_71_74_79
67
74
67
71
42
69
79
31_31
36_38_38_42_65_67_69_71_74_74
42
36
62
69
42_69
42
69
38_38
38_42_43_43_67
65
42
38
43_43_74
42_74
42
71
67
31_31_36_42_55_69_71_71_74
71
67
42_69
36
42_69
42_71
71_74
69
38_42_67_71_74
55
74
42
38
42_62_71_74
67
71
42
74
31_31
36_38_38_42_65_67_69_71_72_74
74
62
67_71
42
69
36
42_69_71
72
42
69
71
38_42_67_69
65
42
38
42_55_59_62_74
69
62
55
42
59
74
38_38
31_31_36_42_55_56_69_71
56
67
42
69
36
42_69
42
69
71
38_42_67_69_69_83
55
77_79
83
42_77
55
59
62
38
69
79
31_31
42_62_67_69
67
69
42
69
31_31_36_38_42_43_45_55_59_62_65_69
42
62
36
69
59
55_67_71
62
43_45
31_31
42_69
38
67_71
42
69
31_31_38_42_43_45_55_59_62_67
38
65
42
62
55_59
31_31
42_46
67
42
43
45
67
29_29_36_42_46_49_53_53_57_60_69_69_72
53_57
42_69
53_57
57
36
41_42_53_60_69
57
60
42
53
72
69
69
38_42_65_72
57
42
57_72
38
53
42_53_57_60_60_72
65
60
49_53
57
42
72
29_29
36_36_36_42_53_57_60_63_69_70
41
60
53_60
42
69
57
36
70
42_69_69
42
69
38_42_65_67
69
63
42
38
67
42_53_57_60_65
53
42
60
57
65
36_36
29_29_36_42_53_67_69
65
42
69
36
67
42_69_69
42
69
69
38_42_65_69_70_81
77_81
53
42
38_77
69
70
42_60_69_69
65
42
69
29_29
36_36_36_42_63_67_69
69
60
42
36
69
42_53_57_65_69
67
42
53_57
69
38_42_65
63
42
38
53
57_60
36_36
42
65
42
31_31_36_42_55_55_55_59_59_62_62_69_74
65
62
55
59
42_69
36
42_69
42_59
74
59
69
38_42_55_59_62_67_74
55
62
55
59
42_74
38
42_59_62_74
67
59
42
74
31_31
36_38_38_42_59_62_65_69_72
55_62
62
42
59_69
55
36
72
42_43_69_71
42
69
38_42_67_69
65_71
50
42
38
50
69
42_67
42
43
67
38_38
31_31_36_42_55_69_74_79
43
67
42
69
36
42_69
50
42
74
69
43
38_42_67_69_74_79_79
55
42
38
69
67
42_47_59_62_69
50
55_62
79
42
69
47
62
74
31_31
36_38_38_42_45_65_69_79_83
62
55
59
42
36
69
45
42_55_59_62_69
62
42
55
59
69
38_38
35_35_38_42_43_55_59_62_67
38
55
62_65
59
62
59
55
42
42_46
43
42
79
67
83
35_35
36_36_36_46_48_48_49_52_52_55_55_60_64_67
84
88
36_36
88
84
55
48_55_60
52_67
64
48
52
36_49
