36_42_43_43_43_43_67_67_67_67_71_71_71_71_74_74_74_74
43
43_55
42
59
42_62_62_62_62
62
37_42_67_67_67_67_71_71_71_71_74_74_74_74
67
42
62
43
36_42_43_43_43_43_62_62_62_62
59
43
36_42_43_43_43_43_67_67_67_67_71_71_71_71_74_74_74_74
43
55
42
59
42_62_62_62_62
62
37_42_67_67_67_67_71_71_71_71_74_74_74_74
67
42
62
42_62_62_62_62
43
59
36_42_43_43_43_43_54_55_67_67_67_67_71_71_71_71_74_74_74_74
43
42
59
42_62_62_62_62
62
37_42_54_67_67_67_67_71_71_71_71_74_74_74_74
67
42
62
43
36_42_43_43_43_43_62_62_62_62
59
36_42_43_43_43_43_67_67_67_67_71_71_71_71_74_74_74_74
43
43_55
42
59
38_42_62_62_62_62
62
37_38_42_67_67_67_67_71_71_71_71_74_74_74_74
67
42
62
38_42_62_62_62_62
43
59
36_42_55
43
42
59
42
62
37_42
67
59
42
62
60
43
36_42
59
36_42
43
43_55
62
42
59
42
62
37_42
67
42
62
60
59
42
43
59
36_38_38_42_57
59
42
62
42
66
37_42
69
42
66
57
38
36_42
57
38
36_42
62_69
57_66
38
38
42
42
37_42
39
66
39
42
63
60
42
57
36_40_42
40
59
42
64
42
67
37_42
71
42_55
67
36_42_57
64
40
36_42_43
43
55
59
42
59
42
62
57
37_42
67
42
62
55
42
59
43
36_36_42_54
36
55
54
42
60
52
42
64
37_42_54
67
42
64
36_42
60
36
36_42
48
60
36
42
64
38_42
67
50
37_38_42
38
69
38
42
66
62
38_42
57
36_42
43
43_55
42
59
42
62
37_42
67
59
42_60
62
43
36_42
59
43
36_42
43
55
62
42
59
42
62
37_42
67
42
60
62
42
43
59
36_38_42
38
57
59
42
62
59
42
66
37_42
69
42
66
36_42
62
38
57
36_42
50
62
38
42
66
42
69
37_42
60_66
57_63
39
39
42
42
36_40_42
40
59
42
64
42
67
37_42
71
42
67
55
36_42
64
40
57
36_42_43
43
55
42_59
59
42
62
37_42
67
57
42
62
55
42
59
43
36_42_54_57
33
42
61
54
42
64
37_42_54
69
52
42
64
33
36_42
61
36_42
45
33_57
42
61
38_42
64
37_38_42
69
42
64
38_42
33
61
36_42_55
36
42
60
42
64
37_42
67
42
64
36
36_42
60
64
36_42
36
36_55
64
42
60
42
64
64
37_42
67
42
64
64
42
36
60
64
36_42_55
43
42
59
60
42
62
37_42
67
42
62
62
43
36_42
59
62
36_42
43
43_55
42
59
59
42
62
37_42
67
42
62
42
43
59
36_36_42
36
55
42
60
42
64
57
37_42
67
59
42
64
36_42
60
36
36_42_43_43_55
60
42
59
59
42
62
37_42
67
42
62
57
43
42
55
43
55
33_36_42
45
57
59
42
60
42
64
37_42
69
42
60
64
36_42
59_60
33
36_42
60_67
55_64
36
36
42
57
42
37_42
36
67
36
42
64
60
42
55
36_38_38_42_57
42
62
42
66
37_42
69
42
66
57
38
36_42
57
38
57
36_42
43
67
43
59
42
62
59
42
55
59
37_42
50
62
38
42
66
60
42
69
62
36_42_43_43_55
42
59
62
42
62
37_42
67
42
62
43
36_42
55
43
36_42
50
62
38
42
66
42
69
37_42
43
65
43
42
62
59
42
55
36_36_36_42_55
42
60
42
64
37_42
67
42
64
36
36_42
55
36
57
36_38_42
38
57
57
42
60
42
62
60
37_42
66
60
42
62
42
59_60
38
36_42_43_43_54_55
59
42
59
42
62
55
37_42_54
67
42
62
43
36_42
55
43
36_42
36
67
36
42
64
60
38_42
55
37_38_42
38
69
38
42
66
62
38_42
57
36_42_55
43
42
59
42
62
37_42
67
42
62
43
36_42
59
59
36_42
43
43_55
42
60
59
42
62
62
37_42
67
42
62
60
42
43
59
59
36_38_42
38
57
59
42
62
42
66
37_42
69
42
66
36_42
62
38
57
36_42
50
62
38
42
66
42
69
37_42
60_66
57_63
39
39
42
42
36_40_40_42_59
42
64
42
67
37_42
71
42
67
55
40
36_42
59
40
57
36_42_43_43_55
42_59
59
42
62
57
37_42
67
42
62
55
43
42
55
43
36_36_42_54
36
55
54
42
60
42
64
37_42_54
67
52
42
64
36_42
60
36
36_42
36
67
36
42
64
60
38_42
55
37_38_42
50
62
38
42
66
38_42
69
36_42_55
43
42
59
42
62
37_42
67
42
62
50
43
36_42
59
36_42_59
43
43_55
42
59
42
62
60
37_42
67
62
42
62
42
43
59
60
36_38_38_42_57
42
62
59
42
66
59
37_42
69
42
66
38
57
36_42
57
38
36_42
50
62
38
42
66
42
69
37_42
60_66
57_63
39
39
42
42
36_40_42
40
59
42
64
42
67
37_42
71
42
67
55
36_42
64
40_57
36_42_43
43
55
59
42
59
42
62
57
37_42
67
42
62
55
42
59
43
36_42_54_57
33
42
61
54
42
64
37_42_54
69
52
42
64
33
36_42
61
36_42
45
33_57
42
61
38_42
64
37_38_42
69
42
64
38_42
33
61
36_42_55
36
42
60
42
64
37_42
67
42
64
64
36
36_42
60
64
36_42
36
36_55
42
64
60
42
64
64
37_42
67
42
64
64
42
36
60
36_42_55
43
42
59
60
42
62
37_42
67
62
42
62
43
36_42
59
62
36_42
43
43_55
59
42
59
42
62
37_42
67
42
62
42
43
59
36_36_42
36
55
42
60
42
64
37_42
67
42_57
64
59
36_42
60
36
36_42_43
43
55
60
42
59
42
62
59
37_42
67
42
62
57
42
59
43
55
33_36_42
45
57
59
42
60
42
64
37_42
69
42
64
60
36_42
60
33
59
36_42
36
67
36
42
64
57
60
42
55
37_42
60_67
55_64
36
36
42
42
36_38_42
38
57
42
62
42
66
37_42
69
42
66
57
36_42
62
38
57
36_42
43
55
43
59
42
59
42
62
59
37_42
38
66
38
42
62
60
60
42
57
62
36_42_43_43_55
42
59
62
42
62
37_42
67
42
62
43
36_42
55
43
36_42
50
62
38
42
66
42
69
37_42
43
65
43
42
62
59
42
55
36_36_36_42_55
42
60
42
64
37_42
67
57
42
64
36
36_42_57
55
36
36_38_42
38
57
60
42
60
42
62
60
37_42
66
42
62
59
42
60
38
59
36_42_43_54
43
55
42_55
59
42
62
37_42_54
67
42
62
36_42
59
43
36_42
60_67
55_64
36
36
42
38_42
37_38_42
62_69
57_66
38
38
42
38_42
36_43_54_55_59_62_67
43
54
54
38_54
55
54
59
43
36_54
43
62
59
62
36_54
38_57
38
54
62
54
66
38_54
69
54
66
54
38_62
55
36_40_54_59_64_67_71
40
54
54
38_54
59
54
64
40
36_54
40
67
64
36_43_54_55_59_62_67
43
54
54
38_54
55
54
59
57
43
54
43
62
59
59
36_36_54_55_60_64_67
36
60
54
54
59
38_54
55
54
60
36
57
36_54
36
64
60
36_54
43
55
43
54
59
55
54
62
38_54
67
60
54
62
54
34_59
57
36_54
33
57
45
55
54
60
54
64
38_54
69
59
54
64
36_54
31_60
57
36_45_54_57_60_64_67
33
54
54
38_54
57
54
60
45
50
54
45
64
60
36_54
43
55
43
62
54
59
54
62
38_54
67
54
62
36_54
40_59
36_38_54_57_62_66_69
38
54
64
54
38_54
57
54
62
62
38
54
38
66
62
36_54
40_59
40
54
64
54
67
55
38_54
71
54
67
36_54
40_64
36_43_54_55_59_62_67
43
54
54
38_54
55
54
57
59
43
59
54
43
62
59
36_54
36_55
36
60
54
60
54
64
59
38_54
67
54
64
57
36_54
36_60
36_43_54_55_59_62_67
43
55
54
54
38_54
55
60
54
59
59
43
57
54
43
62
59
55
36_54
33_57
45
54
60
54
64
59
38_54
69
54
57
64
36_54
33_60
36_38_54_57_60_62_66
38
54
59
54
38_54
57
60
54
60
38
59
54
38
62
60
36_42_54_55
43
55
42
59
42
62
37_42_54
67
42
62
36_42_43
59
36_42
43
55
43
42
59
38_42
62
37_38_42
67
42
62
38
38_42
40
59
36_42_55
43
42
59
42
62
37_42_59
67
42
62
43
36_42_60
59
36_42
43
43_55
62
42
59
42
62
37_42
67
42
62
60
59
42
43
59
36_38_38_42_57
59
42
62
42
66
37_42
69
42
66
57
38
36_42
57
38
36_42
38
69
38
42
66
62
42
57
37_42
39
66
39
42
63
60
42
57
36_40_42
40
59
42
64
42
67
37_42
71
42_55
67
36_42_57
64
40
36_42_43
43
55
59
42
59
42
62
57
37_42
67
42
62
55
42
59
43
36_36_42_54
36
55
54
42
60
52
42
64
37_42_54
67
42
64
36_42
60
36
36_42
60_67
55_64
36
36
42
38_42
50
37_38_42
38
69
38
42
66
62
38_42
57
36_42_55
43
42
59
42
62
37_42
67
59
42_60
62
43
36_42
59
36_42
43
43_55
62
42
59
42
62
37_42
67
42
60
62
42
43
59
36_38_38_42_57
59
42
62
59
42
66
37_42
69
42
66
38
36_42
57
38
57
36_42
38
69
38
42
66
62
42
57
37_42
60_66
57_63
39
39
42
42
36_40_42
40
59
42
64
42
67
37_42
71
42
67
55
36_42
64
40
57
36_42_43_43_55
42_59
59
42
62
37_42
67
57
42
62
43
55
42
55
43
36_42_54
33
45_57
42
61
54
42
64
37_42_54
69
52
42
64
33
36_42
61
45
36_42
33
57
42
61
38_42
64
37_38_42
69
42
64
38_42
33
61
36_42
36
36_55
42
60
42
64
37_42
67
42
64
36
36_42
60
64
36
36_42
36
55
64
42
60
42
64
64
37_42
67
42
64
64
42
36
60
64
36_42_55
43
42
59
60
42
62
37_42
67
42
62
62
43
36_42
59
62
36_42
43
43_55
42
59
59
42
62
37_42
67
42
62
42
43
59
36_36_36_42_55
42
60
42
64
57
37_42
67
59
42
64
36
36_42
55
36
36_42_43_43_55
60
42
59
59
42
62
37_42
67
42
62
57
43
42
55
43
55
33_36_42
45
57
59
42
60
42
64
37_42
69
42
60
64
36_42
59_60
33
36_42
48
60
36
42
64
57
42
67
37_42
36
67
36
42
64
60
42
55
36_38_38_42_57
42
62
42
66
37_42
69
42
66
57
38
36_42
57
38
57
36_42
59_67
55_62
43
43
59
42
42
59
37_42
38
66
38
42
62
60
60
42
57
62
36_42_43
43
55
42
59
62
42
62
37_42
67
42
62
36_42
59
43
36_42
38
69
38
42
66
62
42
57
37_42
43
55
43
42
59
42
62
36_36_42
36
55
42
60
42
64
37_42
67
42
64
36_42
60
36
57
36_38_42
38
57
57
42
60
42
62
60
37_42
66
60
42
62
42
59_60
38
36_42_43_54
43
55
55
42
59
42
62
37_42_54
67
42
62
36_42
59
43
36_38_42
38
57
42
62
38_42
66
37_38_42
69
42
66
38_42
62
38
36_40_42
40
59
42
64
42
67
37_42
71
42
67
36_42
64
40
36_42_43
43
55
42
59
42
62
37_42
67
42
62
42
59
43
36_36_42
36
55
42
60
42
64
37_42
67
42
64
36_42
60
36
36_42_43_43_55
42
59
42
62
37_42
67
42
62
43
42
55
43
33_36_42
45
57
42
60
42
64
57
37_42
69
42
64
57
36_42
60
33
60
36_38_42
38
57
42
60
60
42
62
37_42
66
42
62
59
42
60
38
59
36_42_43
43
55
55
42
59
42
62
37_42
67
42
62
36_42
59
43
36_42_43
43
55
42
59
42
62
37_42
67
42
62
42
59
43
36_42_43_54
43
55
42
59
42
62
37_42_54
67
42
62
36_42
59
43
36_42_43
43
55
42
59
38_42
62
37_38_42
67
42
62
38_42
59
43
36_54_55
43
54
59
54
62
38_54
67
59
54
62
60
36_43_54
59
36_54
43
55
43
62
54
59
54
62
38_54
67
54
62
38
60
59
54
40
59
36_38_54_57_62_66_69
38
59
54
54
38_54
57
54
62
57
38
36_54
38
66
62
36_54
50
62
38
54
66
54
69
38_54
60_66
57_63
39
39
54
54
36_54
40_59
40
54
64
54
67
38_54
71
54_55
67
36_54_57
40_64
36_43_54_55_59_62_67
43
59
54
54
57
38_54
55
54
59
55
43
54
43
62
59
36_42_54
36
55
36
54
42
60
52
42
64
37_42_54
67
42
64
36_42
36_60
36_42
60_67
55_64
36
36
42
38_42
50
37_38_42
62_69
57_66
38
38
42
38_42
36_54
43_43_55
54
59
54
62
38_54
67
59
54_60
62
36_54
43
59
43
36_54
43
55
62
54
59
54
62
38_54
67
54
60
62
43
54
43
59
36_54
38_57
38
59
54
62
59
54
66
38_54
69
54
66
36_54
38_62
57
36_54
50
62
38
54
66
54
69
38_54
51
63
39
54
66
54
69
36_40_54_59_64_67_71
40
54
54
38_54
59
54
64
55
40
36_54
40
67
64
57
36_43_54_55_59_62_67
43
54_59
54
38_54
55
57
54
59
43
55
54
31
62
59
36_42_54
45_57
33
42
61
54
42
64
37_42_54
69
52
42
64
33_36_42
61
45
36_42
33
57
42
61
38_42
64
37_38_42
69
42
64
28
38_42
30_61
36_54_55
36
54
60
54
64
38_54
67
54
64
36_54
36_60
64
36_54
36
36_55
64
54
60
54
64
64
38_54
67
54
64
36
64
54
36
60
64
36_54
43_43_55
54
59
60
54
62
38_54
67
54
62
62
36_54
43
59
43
62
36_54
43
55
54
59
59
54
62
38_54
67
54
62
35
54
31
59
36_36_54_55_60_64_67
36
54
54
57
38_54
55
59
54
60
36
36_54
36
64
60
36_54
43
55
43
60
54
59
59
54
62
38_54
67
54
62
57
54
43_59
55
36_45_54_57_60_64_69
33
59
54
54
38_54
57
54
60
60
45
36_54
33
59_64
60
36_54
48
60
36
54
64
57
54
67
38_54
48
60
36
54
64
54
67
36_54
38
57
38
54
62
54
66
38_54
69
54
66
57
36_54
38_62
57
36_54
59_67
55_62
43
43
59
54
54
59
38_54
60_66
57_62
38
38
54
60
54
62
36_54
43
55
43
54
59
62
54
62
38_54
67
54
62
36_54
43_59
36_54
50
62
38
54
66
54
69
38_54
43
55
43
54
59
54
62
36_36_54_55_60_64_67
36
54
54
38_54
55
59
54
60
36
36_54
36
64
60
57
36_54
38_57
38
57
54
60
54
62
60
38_54
66
60
54
62
54
38_60
59
36_42_54
43
55
43
42
59
42
62
37_42_54
67
42
62
36_42
43_59
36_42
60_67
55_64
36
36
42
38_42
37_38_42
50
62
38
42
66
38_42
69
