75
71
63
54
51
56
73
64
75
51
63
71
54
56
73
64
51
63
75
54
73
71
56
73
64
73
64
75
51
58
66
58
51
75
66
75
58
66
51
68
59
77
75
58
51
66
59_77
68
78
51
58
66
77
75
59
77
68
78
66
49
54
58
64
78
66_73
47
54
56
80
63
68
75
49
54
58
64
78
66
73
47
54
56
80
68_75
63
49
54
58
64
82
78
70
80
78
47
54
56
80
68
75
63
80
68
75
49
54
58
78
64
73
66
49
54
58
78
73
64
66
75
70
63
58
54
47
46
52
56
68_76
61
64
75
58
54
70
63
47
46
52
56
68
76
61
64
47
51
56
63
68
75
59
73
71
58
51_70
61
67
68
68
59
44_51
56
58
62
52
52
58
62
58_62
52
55
54
63
59
63
51
59
63
51
59
55
56
52
58
62
58
52
58
52
55
54
63
51
51
63
59
63
51
59
53
52
48_54_58
58
54
48
54
58
48
51
50
49
55
58
55
49
55
49
51
54
50
60
56
60
56
50
50
56_60
53
52
51
60
57
51
57
60
51
60
57
53
51
54
75
63
71
73
56
64
54
63
75
51
71
56
73
64
54
75
63
51
73
71
56
73
64
73
64
58
51
75
66
75
58
70
66
63
58_70
63
66
58
70
66
63
58_70
63
66
58
70
63_66
70
58
66
63
70
58
63
66
70
58
66
63
70
58
66
63
75
58
66
51
59_68
77
75
58
51
66
77
59
68
58
78
51
66
77
75
77
68
59
78
66
49
54
58
64
78
66
73
47
54
56
80
68
63
75
49
54
58
78
66
73
64
47
54
56
80
68
75
63
49
54
58
82
64
70
78
80
78
47
54
56
80
68
75
63
80
68
75
49
54
58
78
66
73
64
58
73
66
64
58
73
66
64
73
58
66
64
73
58
66
64
73
58
66
64
73
58
66
64
73
58
66
58
73
66
64
58
73
66
64
58
75
54
70
63
47
46
52
56
76
68
64
61
75
58
54
70
63
47
46
52
56
68
76
64
61
47
51
56
75
59
63_68
73
71
58
70
61
51
67
68
68
51
44
59
63
51
59
56
51_63
59
56
63
51
56
59
63
51
56
59
63
51
56
59
63
51
56
59
63
51
56
59
51
63
56
59
51
63
56
59
56
52
62
58
62
58
52
52
62
58
55
54
59
51
63
63
51
59
63
59
51
55
56
52
58
62
58
52
58
52
55
54
51
59_63
51
63
59
63
59
51
53
52
54
58
48
58
54
48
58
48_54
51
50
49
55
58
55
49
55
49
51
52
48
54
58
54
48
54
48
51
50
49
58
55
49
58
55
49
58
55
51
44
51
59
56
56_59
51
59
51
56
44
51
59
56
51
59
56
59
56
51
44
59
51
56
51
59
56
