76
60_64_67
48
55
76
48
64
60_67
55
76
64_67
48
55
60
74
59
57
72
71
55
64
52
69
54
71
55
72
52_57
60
45
69
64
43
50
55
74
59
62
71
67
36_43
52
76
64
67
60
72
59
74
57
72
71
56
64
52
69
57
69
57
64
65
67
65
64
53
69
55
62
62
57
59
60
59
62
53
55
64
52
65
50
52
64
53
62
67
52_59
60
67
59_60
52
53
52
55
59
57
59
52
60
45_53
62
47
64
48
62
47
60
45
65
45
38
53
58
46
60
48
50
62
64
52
55
67
53
65
64
48_52
57
40
64
52_57
40_48
64
52_57
48
40
62
47
60
45
59
50
40
44
57
52
60
45
60
52
57
45
72
60
73
61
75
63
73
61
72
60
49
65
77
58
70
56
70
55
53
55_70
49
63
56
72
58
73
72
56
70
55
60
75
63
48_55
68
75
55
68
48
61
63
65
67
68
53
61
48
55
70
72
56
70
55
68
53
46
53
61
73
66
54
68
56
70
58
72
60
63
75
61
73
72
48
60
36
60
48
60
48
34
32
31
30
30
50
51
50
48
50
69
70
72
74
50
62
38
50
62
50
62
36
34
33
62
74
32
74
86
86
98
98
86
86
74
74
62
52
53
52
50
52
71
59
72
60
74
62
76
64
60
60
66
70
75
78
82
89
87
85
56
62
66
71
74
78
83
81
55
58
63
67
70
75
79
62
74
59
67
72
57
74
59
75
60_72
67
63
77
65
58
62
74
70
79
67
63_75
70
51_58
77
65
50
75
63
48
55
46_74
62
67
43
72
63
60
56
44
51
72
63
56
44_60
51
70
58
63
51
39_43
68
56_60
41_48
68
56
48
41
60
50
36
67
55
60
52
36_52
24
43_48
52
36
24_43
48
