74
74
74
74
74
74
74
74
74
70
70
74
74
72
72
70
70
72
69
69
70
70
67
67
66
66
67
67
69
69
67
67
70
70
69
69
67
69
69
67
67
69
69
70
70
69
69
72
72
70
70
69
69
70
67
67
67
67_70
67_70
70
67
70
67
67_72
67
72
65_74
74
65
69_73
69
67
65_74
65
67
67
74
64
76
64
65
65
76
62_77
62
61
61
62
62
64
64
62
62
65
64
64
62
62
64_79
64
62
62
64
64
65
65
79
64_73
64
67
67
65
65
64
64
65_74
65
62
62
58
74
77
58
70
75_77
74_75
74
72
70
70
69
69
67
67
69
75
75
74
74
72
72
70
69
69
69
67
66
66
67
74
74
72
72
70
70
69
62
62
62
62
62
62
67
62_66
62
62
58_67_70
67_70
58
62_66_69
62
60
60
69
66
58_67_70
58
60
60_67_70
57_66
72
58
58
55_67_70
55
54
54
55
55
57
57
55
55
58
58
57
57
55
55
70
67
72
57_65
55
55
57
57
58
58
57_63
57
60
60
58
58
57
57
63
58_62
72
65
65
67
69
69
70
70
72
72
74
74
70
70
62
60
75
75
72
72
74
74
75
75
57
58_77
79
79
75
75
77
77
58_74
60
74
72
72
60
62
70
70
72
58
72
58
70
70
69
69
58
63_67
63
65
65
63
63
67
62_69
62
63
63
62
62
60
60
69
62_70
55
55
55
55
55
55_62
55_64
55
55
70
64
55
65
53_69
57
57
55
55
53_62
53
55
62
55
52_61_67
52
53
53_61
67
50_62
65
50
49
49
50
50
52
62
52
50
62
50
53
53
52
52
50
50
52_67
52
50
50
52
52
53
53
52_62
61
52
55
53
53
52
52
53
62
62
57
67
57
65
62
53
53
53
52
52
50
55_64
55
52
52
53
53
55
55
57_61_62
57
58
58
55
55
57
57
61
62
54_64
52
52
54
69
54
69
50_67
67
69
69
50
55_70
62
55
43
55
70
55_70
53_69
69
70
70
53
52
72
52
54
54
52
52
54
54
72
55
70
70
72
70
70
72
72
62_69
62
62
62
62
62
55
54
62
62
62
69
55_58_67
58
62
62
60
60
58
58
60
60
55
53
57
57
58
58
53
51_55
55
67
54
55
55
57
57
46
55
55
58
58
57
57
55
55
46
48_57
57
55
55
57
57
58
58
50_57
57
60
60
58
58
57
57
43_50
58
58
60
60
62
62
63
43
55
55
53
53
55
55
57
65
57_65
53_63
63
65
53_65
58_62
58
50
52
79
79
79
79
79
79
61_62
79
79
79
61
52
79
50_62_77
81
81
79
79
77
77
79
79
57_76
61
76
77
61
57
77
62
58_74
74
73
58
73
74
76
76
53
74
74
77
77
53
62
76
76
74
74
55
76
76
74
55
62_74
62_76
76
77
77
57
76
79
79
61_77
77
61
76
76
50_62_77
77
76
62
76
62_77
50
79
79
62
77
77
79
62
79
60_77
77
75
75
60
58
74
74
72
58
72
70
74
74
75
70
75
74
70
75
75
69_74
74
72
69_72
67_70
70
69
69
70
70
67
69_72
69
70
70
64
67
67
66
66
62
72
62
67_70
70
69
50
50
50
50
50
50
67
50_66
50
50
50
66
67_70
46_69
70
67
46
50_66_69
50
48
48
66
69
46_62_67
46
48
48_62_67
60_66
45
45
46
66
60
46
58_67
43
43
42
42
43
43
45
43
43
46
46
45
45
43
58_67
43
45_60_65
45
43
43
45
45
46
46
45
45
48
65
46
63
46
45
45_60
63
46_53
62
62
60
60
62
62
64
64
62
62
65
65
64
64
62
53
46
43
55_57_64
57
64
62
62
64
64
65
65
43
48_64
64
70
70
69
69
67
67
48_55
41
69
69
77
53_76
76
77
77
53
55_76
55
52
76
74
74
52
73
57_69
69
73
57
53_74
69
69
69
69_76
49
69
49
45_69
76
45_69
50_65_74
65
69
69
67
67
50
65
65
67
74
64_73
57
64
65
65_73
57
58_74
62
62
61
61
62
62
64
64
62
62
65
65
64
64
62
58
64
55
64
62
62
64
64
65
65
55
74
57_64_72
64
67
67
65
65
64
64
57
50_65
72
74
74
69
69
72
72
70
53
53
51
51
50
50
51_60
70
51_72
72
48_67
67
70
70
53
69
60
65
53
65
41_63
63
65
65
69
41
46_62_70
46
53
53
55
55
57
57
58
62
62
62
46
60
60
62
46
62
70
48
64
48
55
55
57
57
58
58
60
64
64
60
64
48
62
64
64
50
65
53
53
58
58
57
50
57
55
52_65
55
60
60
60
60
58
58
52
54_57
62
62
62
62
60
60
55_58
58
60
60
58
58
57_74
74
74
74
74
54
55_74
74
74
74
54
57
55
70
70
74
74
72
72
70
72
72
53
69
69
70
53
70
51_67
67
66
66
67
67
69
55
69
55_67
67
70
51
70
51_69
67
67
48_69
69
67
55_67
55
69
69
70
70
48
50
69
69
72
55
72
70
53
70
69
69
50
43
70
72
53
72
53
69
69
70
70
48_67
67
70
53
70
52
69
69
67
52
48
67
41_53_69
69
72
72
70
72
72
69
69
72
72
74
74
76
41
53
76
77
65
65
64
64
65
62
62
65
65
67
67
69
69
70
77
77
77
76
76
77
70_77
67
79
79
77
76
76
74
74
73
57
67
57
73
57_65_74
57
57
57
65
57
64
57
73_74
57
64_73
57
53
65_74
65
74
53
57
64_73
57
55
64
55_73
53
65_74
53
55
65
74
55
67_76
52
52
53
67
53_76
50_69_77
50
49
50
50
52
52
50
50
53
53
52
52
50
69
77
50
67_79
52
52
50
50
52
52
53
79
52_72
52
55
55
53
53
52
52
67
54_69
72
70
70
72
54
72
50_74
74
72
70
69
70
69
70
55
62
62
69
64
64
66
67
55
46
46
67
48_64
48
55
55
57
57
58
58
60
70
70
48_69
69
72
72
48
50
66
64
57
57
58
58
60
60
58
66
62
62
67
58
55
57
69
69
64
64
67
67
66
66
67
67
66
66
67
57
50
43_67
58
67
67
58
43
