44
44
44
44
72
74
60
75
67
70
77
62
44
65
70
79
51
58
63
67
70_79
44
63
67
68
62
65
77
63
60
75
67
58
62
74
65
56
60
80
84
77
53
63_72
60
63
70
80
86
53
77
44_46
53
62
63
55
51
87
82
79
39
46
56
56
59
59
55
55
58
67
51
58
67
63
67
67
67
58
44
63
65
67
63
70
63
55
58
58
70
65
65
70
44
67
58
58_62
67
44
60
51
67
55
58_67
60
44
65
63
63
65
63
60
70
44
68
63
58
58
51
65
67
58
67
53
55
67
44
65
58
63
63
51
58
53
55
58
44
63
65
67
58
70
46
63
65
53
56
58
65
44
63
65
65
65
62
46
60
53
58
56
58
44
62
58
63
63
46
65
65
63
65
67
70
59
36_39_51_55_58_63
39_67
58
67
63
67
44
67
58
44
63
65
67
63
70
63
55
58
58
70
65
59
65
70
59
44
67
70
58
62
70
68
59
70
59
72
59
75
56
63
60
44
59
44
36_44
60
51
68
55_68
58
68
60
44
67
67
67
65
63
70
59
72
77
70
59
44
68
56
63
58
68
63
58_65
55
39
36_39_59
39
67
67
51
53
55
58
67
44
58
63
65
63
63
67
65
58
59
59
44
58
63
67
58
63
58
59
59
59
62
56
53
46
63
68
58
46
63
53_65
34_36_59
65
67
62
44
62
65
63
63
51
51
51
39_63
39
58
55
39
36_39
51
58
46
63
51
65
58
63
44
63
58
58
56
63
56_59
34
63
56
63
70
75
77
82
55
63
51_55
58
27
55
67
48
67
45
70
41
70
63
60
44_63
56
60
42_44_44
32_36_44_44
51
51
68
58
67
56
60
60_63
51_67
58_63
37
58_60_63
70
65
58_72
51
56_63
42
60_63
60
70
58
42
58
56_63
32
61
65
62
65
46
42_46_46
34_36
65
62
46
46_58
53
53
60
42_58
65
42
62_65
53
42
58_62
37_65
62_65
60
62
65
53
65_68
29
42_62
42_58_62
58_68
62
67
63
63
58
51
51_55
42_51_51
27_36
51
67
58
58
65
42_63
63
65
63_67
67
53
58_63_63
53_55_58
37
42
63
58
42
63
58
63
58_70
67
63
34_36
42_51
51
36_39
51
53
63
58
42_65
63
42
67
58_63_63
42
58_63
37_55_58_67
63
67
58_58
63_70
42_63_67
31_36
70
42_58_63
58
58
44
63
60_63
56
44_44_60
44
42_44
32_36
51
51
51
68
58
56
42
72
60
68
63
60
42
63
58_58_63
37
42
58
56
67
70
42
60_63
60
65
63
58_63
56_67
42
32
65
62
58
65
62
46
46_46_46
42_46
34_36
53
65
53
60
42
58
65
65
62
42
53
42
53_58_58_62
37
58
63
62
42_65
65
62
60
42
58_67
62
48
55
60
63
63
60
67_67
63
42_48_55_60_60_63
48
36_36_48_75
60
67
67
70
55_58
42
77
50
58_67
62
65
65
62
62
65
50
50_58_62_62
42_53_58
37_38
50
65
70
70
42
79
70
58
51
58
63
67
63
39_51
63
67
58
67
51_63
51_55_58
42
36_39
51
72
51
53
42
67
55
42
55
58_67
63
37
58
42
63
42_67
75
46_70
31_63
58
55
43
58
70
74
73
56
63_72
56_60
60
63
42_44_51_56_60
44_56
32_36_44
44_44
60
51
68
58
44
42
56
63
63
60
68
42
51
42_58_63
37
60
67
58
42
56
60
67
42_58_63
32_36
58
65
58_62
46_62
65
42_46
46_46_46_58_62_62
34_36_53_58
53
65
46
42
60
65
65
65
58
53
62
72
58
37
42
46
62
70
42
29_58
60
62
46
46_58
53
63
67_70
58_63
51
39_39_39_67
27_36_63
42_58
55
65
67
55
63
46
58_63
58
39
70
55
63
58
55_58
43_63
55
43
51_55_58
42_43_43
31_37
63
55
65
67
58_63
46
67
55
63
56
44
60
63
56
58_60
44
44
32_36
42_44
65
60
63
58
58
63
42
63
63
58
60
51
42
58_63
58_63
37
42
60
58
39
84
80
82
85
46
58_63
84
87
44_51
44
36_44
51
59
60
58_63
63
51_67
43
43
36_43
65
56
60
41
41
41_41
42_65
36_41
48
63
60
42
48_51
56
42
80
68
60
56_60
42_53_56_60
37
67
79
77
65
42
42
43
63
56
60
44
63
42_56_60_63_63
44_44_56_60_63_67
56
36_44
60
44
67
67
42
42
67
74
65
58
42_46_62_65
46_56
37_46_63
44_46_46_60
62
58
58_65
62_65
65
46
75
63
67
58
51
39
36_39
39_42_63
51
58
63
42
46
75
46_63
70
75
58
68
56
56_58
56_63
34
58
75
70
55
67
58_63
55_55
27_36
63
42
42
42_42
34
46
70
58_82
51_58
36_39_63
42_51
55_65
51_77
79
58_67
42
42
53_67
53
42
58
58_63_63
37
65
63
42
63
42
53_58_63
42
51_51
36_39
58
58
42
77
51
42_82
53
37
58_58_63
42_63
86
87
42
75
42
63
58
80
56_63
56
44
60
65
44
42_44
32_36
82
51_67
63
68
67
42
72
42_67
51
42_58_60_63
37
65
42_63
42
58_63_63
65
67
63
63
44
42_44
32_36
60
46_51_68
32
65
70
67
42
60
65
42
60
37_58
42_63
42
36
42_58_58_63
61
63
58
55
39
39
51_51
42_65
36_39
51
67
58
67
42
67
63
42_67
55
53
58_63
42
37
65
63
42
58_63
42_63
51
36_39
42_51
53
58
42
82
80
42
79
37
58_63
42
77
75
42
70
58_58_63
36_41
58
42_63
67
46
63
56
53
46_46
46
34_36_42
65
68
75
65
53
42
65
56
42_65
63
53_53
42_53
56_63
37
56_63
65
42
67
42
63_68
56
67
42_46
56
46_62_65
46
34_36_53
53
53
70
56
42
62
42
56
53
42_62
56
37
46
58
42_63_63_65
46_65
56_62
39
42
65
51
27_36_55_58_63
39_51
67
42
67
51
63
58
53
55
42_67
53
58_63
42
37
65
42
63
42_58_63
63
34
42
58
51
36_39
63
51
55
51
53_58
42
58
63
42_55
53
70
75
42
58_63
37
51
42_70
53
70
42_53_58_63
51
72
68
56
63
60
44
44
42
44
32_36_44
51
51
68
68
42
56
63
60
42_68
51
42
37
58_63
67
42_67
42
58_63_67
55
65
44
42_44
32_36
44_63
67
46
51
32_36
68
51
70
42
36_42
51
65
55
82
63
42_58
37_60_63
42
42
36
63
58_63_63
58
65
55
63
58
55
39_51
39_42_51
36_39_67
46
67
67
42
51
67
63
58
55
42
53_67
55
58_63
37
58_63
42
65
42_63
55
42_55_63
58_58_63_63
39
42
51
36_39
51
58
46
42
51
58
42
55
53
53
42
58_63
37
51
58
42
55
58_58
46_53
39
53
62
56
53
46
46
46
42_65
34_36
46
65
53
42_65
56
42
63_67
53
53
42_58_62
56
37
53
65
62
56
42
63
46_53_63
38
53
39
63
39
58
55
39
51
36_39
42_51
58
51
63
56
42
58
65
53
42_55
63
63
58
63
34_37
42_58
63
58
58
42_55
56
63
56
63
56
46
56_58_63
63
70
75
77
82
55
63
58_63
55
49_51_55
55
27_36_55_58
48
67
27_48
67
29_45
70
31_43
70
63
60
44_63
56
60
44
49
32_36_44_44
51
42_51
68
58
42_67
56
60
42_60_63
51_67
58_63
38_42
70
65
58_72
42_51
56_63
42
60_63
60
70
58
58
42_56_63
32_36
61
65
62
65
46
42_46
34_36
65
62
46
46_58
53
42_53
60
42
58
65
42_62_65
53
58_62
38_65
42
62
65
42
53
65_68
42
29
62
46_58_62
58_68
62
67
63
63
58
51
51_55
51
27_36
42
51
42
67
58
58
42
65
63
63
65
42
63_67
67
53
42_58_63
38
63
58
42
42
63
58
63
42_58_70
67
63
27_36
42_51
51
27_36
42_53
63
58
42_65
63
42
67
58_63_63
42
38_58_67
63
42_67
58_58
42_63_70
63_67
31_36
70
58_63
46_58
58
44
63
60_63
56
44_60
44
42_44
32_36
51
51
51
42
68
42
58
56
72
60
68
42_63
60
58_63
38
42
58
42_56
67
70
42
36
60_63
60
65
63
58_63
42_56_67
36
65
62
58
65
62
46
46_46
46
42
34_36
53
42
65
53
60
42
58
65
42_65
62
53
42
58_62
38
42_58
63
62
42
65
65
62
60
46_58_67
34_36
62
48
55
60
63
63
60
67_67
63
60
42_48
36_36_48_75
60
42_67
67
70
55_58
46
77
50
58_67
62
65
65
62
62
65
50
62
58
38_38
50
42
65
70
42
70
46
79
70
58
36
51
58
63
67
63
39_51
63
67
58
67
51
36_39
51
72
51
53
38
67
55
55
58_67
63
48
58
63
67
45
75
70
43_63
58
55
43
58
70
74
73
56
63_72
56_60
60
63
44_56
32_36_44
44_44_49
60
51
42
68
58
42_44
56
63
63
60
42_68
51
42_58_63
38
60
67
42
58
42
32
56
60
67
58_63
42
36_36
58
65
58_62
46_62
65
46
42_46_46_62
34_36_58
53
65
42
46
42
60
65
65
42
65
58
53
62
72
42
58
38
46
62
42
70
42
31_58
60
62
46
46
58
29
53
63
67_70
58_63
51
39_39_67
42
27_36_63
58
55
65
67
42
55
63
42_58_63
58
39
70
42
55
63
58
55_58
43_63
55
43
42_43
31_38
63
42
55
65
67
58_63
42
67
55
46
63
56
44
60
63
56
58_60
44
32
42_44
65
60
63
42
58
58
63
42
63
63
58
60
42
51
42_58_63
38
60
42
58
46
84
80
82
85
46
58_63
27
84
87
44
42
32_36
42
46
45
51
45_60
58_63
63
67
43
41
65
56
60
41
41
41
65
49
29_36
48
63
60
42
48_51
56
42
80
68
60
56_60
38
42
67
79
42
77
65
42
31_36_42
63
56
60
44
63
63
44_56_60_63_67
42_56
32_36
60
44
67
42
67
42
42
67
36
74
65
58
42_46_62_65
46
34_38
44_46
62
58
42_58_65
62_65
46_65
75
63
67
58
51
39
27_36
63
42
51
42
58
42
63
42
46
75
42
38
63
70
75
42
58
68
42_56
56
34
42_58
36
75
70
55
67
46
55
36_39
63
41
38
48
45
43
70
41
70
48
55
60
63
55
60
48
72
63
63
36_36_48_49
55_60
67
63
60_63
48_48
63
51
48
72
51_63
67
63
55
58_63
38_51
70
48
36_51
63
67
70
58_63
51
36
50
60
53
58
53
58
62
50
65
62_74
58
62
53
50_50
51
36_38_65
50_70
53
63
51
50
63
51
65_70
58
51
38_58
62
70
50
65
70
38_51
62
70
51
36
58_62
51
55
58
55
63
58
51
70
58_63_67
63_75
51_67
51_55_63
51
36_39_51
68
55
58
51_51
70
75
67
67
58_63
51
38
51
65
63
51
80
75
70
58
51
51
34
63
55_67
75
51_63
55
51
39_55
51_79
63_75
36_39_70
49_55
51
48
45
65
56
53
41_53
65
56
53_56
77
57_77
53_65
36_41_68_80
56
47
45
67
70
58
79
55_58
55
67_70
36_43
49_67
58_82
58_79
43
55
55
70
48
55
60
36_36
57_63
63
48
60
63
48_48
60
63_67
55_55_63
48_60_60
55_63
59
60
51
63_63
60
55
51
38
48
55
70
67
63
60_63
51
60
51_55
34_36
70
50
53
36_36
58
65
58_62
58
50_62
50_53
58_62
50_62_62
53
65
50
51
36_38
53
63
58
51
50
62
65
51
58_62
63
38
51
50
36
53
70
58_62
34
51
58
51
36
53_72
44
51
56
58
60
63
67
60
55
60_63
44_63
63_68
44_56
60
51_63
32_36
44
44
70
51
51
58_63
67
51
38
65
44
56
63
60
51
58
63
32_36
46
46
53
46
53
36
56
63
56
53
46
58
65
56_63
65
46_63
56_65_70
63
51_53
34_36
63
46
75
51
45
75
59
41
47_77
41_82
87
46
48
62
56
62
53
74
53_56
46_62_89
46
59
62
62
67
67
70
70
68
72
68
75
67
67_80
82
44
65
63_84
82
87
70
86
82
77
75
44
74
65
65
68
84
68
63
70
67
75
65
77
67
44
79
82
79
87
82
79
51
77
50
75
46
44
67
79
79
67
70
79
70
77
68
44
72
68
75
68
80
82
44
80
67
84
87
67
86
70
46
82
65
77
75
74
44
70
41
63
84
65
34
82
67
48
63
55_58_63
60
67
63
36_36_36_60
48
48
55
48_49_51_66
48_48_51
36_36
67
67
65
62
62
58
50_65
53
50
62
57_58
38_38_50_50_53
46_50
36_38
53
50
38
70
70
63
51_67
67
46_47
55
58_63
51
39_39
51
50
49_58
51_55
54_55
36_39_39_51
63
51
72
45
48
43
47
57
67
36
67
70
45
41
70
44
56
58
60
44
63
56
60_68
44_63_72
56_63
60_63
44_56
60
44_49
32_36
68
51
63
60
68
51
51
51
58_63
38
67
44
51
32_56
67
63
51_58
36_36
44_46
58
60
62
62
70
46_56_74
53_65_65
58
62
65
46_51_58
46
62
34_36
46
65
51
65
65
51
58
53
62
72
51_58_62
38
46
70
65
29
51_58
62
51_58
36
58_75
63_70
55
51
58
63
55
58_58
63
63
51_63_67
51_55
27_36_51_55
51
67
51
70
51
36
58
63
67
43
63
58
55
43
58_67
63
63
55_58
43
58_63
55
31_38_51
67
51
67
36
51
63
68
60
63
56
56_60
44_63
63
44_60
56_56
32_36
44_58
51
60
44
65
58
63
60
51
51_58
51
63
51_58_63
38
60
84
80
58
51
36_39_45
86
82
56
51_58
63
60
87
63
84
58
44
49
36_44
60
63
43
67
43_43
53
56
56
41
53_65
56_60
41
65
56
60_60
41_60
41_65
36_41
49
48
63
60
51
51
41
60
53
51
80
68
56
60
38
51
56
79
67
77
53
65
51
36_43_51
56
44
58
56
60
63
63
44
56_60
60
63
63
44_56
60
67
51_63
36_44
44_44_56_60
63
67
67
48
51
51_67
48
58
58
62
46
53
65
58_65
46_58_62
46_62
46
51_62_65
45_46_58
46
62
65
65
41_45
74
65
34_43_51
51
82
63
51_75
67_79
58
75
67
63
58
55
63
67
58
39
36_39
39_51_51_63
57
63
67
51
58
55
58_63
51
51
58_74
62
53
82_86
65_77
50_58_65_65
62
50_62
38_58
50
50
51
38_38_65
62
58
50
38
53
51_58_62
51
36
63_63
60
60
55
55
63_82
63_67_87
48_67
36_48_60
60
36_79
48_48_48
57
36_36
72
63
55
60_63
51
51
38_72
51
70
55
51
31_36
67
86
51
55
56
63
60
60
68_80
41_84
77
67
56
53
60
60
56
53_56
53
41
41
41_49_58
41
29_36
65
63
48
51_53
56
51
41_56
60
51
38
56
51
36
51
68
63
60
63
56
60
44
63
56
60
44
68
60
56_63
63
44_56_60
44_56_63_87
44_60_84
32_36
57
80
68
51
68
51
56
46_77
58
80
46
53_56
60
56
63
46_46_60_87
53
55_70
34_36
56
46_55_63
56_63
63_65
53_63
63_68
65
67
68
70
67
75
65
77
82
41
87
62
62_62_86
46
62
89
63
72
74
75
60
67
70
77
50_50
70
79
79
58
51
58_63
39
55
59
51
59
53
59
55
59
58
27_59_63
