53
57
42_60
59
60
42_53
55
52
55
42_60
59
60
42
50
53
42_60
59
60
42_50
55
52
55
42_60
59
60
42
72
53
57
42_60
59
60
42_53
55
52
55
42_60
59
60
42
79
50
53
42_60
59
60
42_50
55
52
55
42_60
59
60
42
53
57
72_72
42_60
59
71_71
72_72
60
42_53
55
67_67
52
55
72_72
42_60
59
71_71
72_72
60
42
65_65
50
53
42_60
59
60
42_50
55
52
55
42_60
59
60
42
53
57
72_72
42_60
59
71_71
72_72
60
42_53
64
76_76
52
55
72_72
42_60
62
74_74
72_72
60
42_52
72_72
50
53
42_60
59
60
42_50
55
52
55
42_60
59
60
42
53
55_57
42_60
67
79_79
65
77_77
42
64
76_76
52
55
72_72
42_60
62
74_74
64_76_76
42
50
57
42_60
72_72
79_79
67
77_77
65
42
76_76
64
50
55_57
60
42
72_72
62_74_74
64
76_76
52
42
53
69_69
57
72_72
42_60
59
71_71
72_72
60
42_53
55
67_67
52
55
72_72
42_60
59
71_71
72_72
60
42_52
50
65_65
53
72_72
42_60
59
71_71
72_72
60
42_50
55
52_67_67
55
42_60
59
60
42
53
57
42_60
59
60
42_53
64
52
55
42_60
62
60
42_52
50
53
42_60
59
60
42_50
52
67
42_60
62
60
42_52
53_65_69
57
72_72
42_60
59
71_71
72_72
60
42_53
55
67_67
52_64_67
55
72_72
42_60
59
71_71
72_72
60
42_52
53
65_65
50_62_65
53
42_60
59
60
42_50
55
52_64_67
55
42_60
59
60
42_52
53_65_69
57
72_72
42_60
59
71_71
72_72
60
42_53
64
76_76
52_64_67_72
55
72_72
42_60
62
74_74
60_72_72
42_52
60
72_72
50_62_65
53
42_60
59
60
42_50
52_64_67_67
42_60
62
60
42_52
53_65_69
57
42_60
67
79_79
77_77
65
42_53
64
76_76
52_64_67
55
72_72
42_60
62
74_74
64
76_76
42_52
50_62_65
57
42_60
67
79_79
77_77
65
42
76_76
64
50
55_57
42_60
72_72
62
74_74
64
76_76
42_52
69_69
53_65_69
57
72_72
42_60
59
71_71
72_72
60
42_53
55
67_67
52_64_67
55
72_72
42_60
59_71_71
72_72
60
42_52
53
50_62_65_72
65_65
42_60
59
60
42_50
55
52_64_67
55
42_60
59
60
42_52
53_65_69
57
42_60
72
59
71
60
72
42_53
64
75
52_64_67
76
55
72
42_60
62
74
72
60
42_52
60
50_62_65
72
42_60
59
60
42_50
52_64_67_67
42_60
62
60
42
58
62
65_70_74
53_65
42
77
77_77
42
76
76_76
57
60
77_77_77
53
65
65_69_72
72_72
72
42
42
55
60
64
52
64_67_72
42
76
76
76
74
74_74
72_72_72
42
74_74
74
53
58
50
62
65_70
42
42
58
62
65
46
65_70_74
42
77_77
77
76
76_76
42
77_77
77
57
60
65_69_72
65
41
77_77
77
77
77_77
42
76
76_76
77
77_77
42
60
62
67_74
43_67_79_79
79
42
42
42
45
45
45
43
43
53
57
60_69
42
71
59
72
60
42_53
74
55
72
52
55
67
42_60
59
60
42
72
74
50
76
72
53
69
72
42_60
71
59
72
60
73
42_50
74
55
72
52
55
42_60
59
60
42
79
53
53
57
42
60
59
60
42
53
55
52_79
78
79
55
42
60
59
60
42
50
53
42
60
74_74
59
76_76
74_74
72_72
60
69_69
42
50
72_72
55
52
55
42
60
59
60
42
53
67
57
42
60
59
60
42
53
55
78
67
52
79
55
42
60
59
60
42
50
53
42
60
59
60
42
50
55
52
55
42
60
59
60
42
53_65_69
53
57
72_72
60
42
59
71_71
60_72_72
53
42
55
67_67
52_64_67
55
72_72
60
42
59
71_71
72_72
60
52
42
53
65_65
50_62_65
53
60
42
59
60
50
42
55
52_64_67
55
60
42
59
60
52
42
53_65_69
57
72_72
60
42
59
71_71
72_72
60
53
42
64
76_76
52_64_67_72
55
72_72
60
42
62
74_74
72_72
60
52
42
60
72_72
50_62_65
60
42
59
60
50
42
67
52_64_67
55
60
42
62
60
52
42
53_65_69
57
60
42
67
79_79
77_77
65
53
42
64
52_64_67
76_76
72_72
60
42
62
74_74
76_76
64
42
50_62_65
57
60
42
67_79_79
77_77
65
42
64_76_76
50
55
60
42
72_72
62
74_74
64
76_76
52
42
69_69
53_65_69
57
72_72
60
42
59
71_71
72_72
60
53
42
55
67_67
52_64_67
55
72_72
60
42
59
71_71
72_72
60
52
42
53
50_62_65_72
65_65
53
60
42
59
60
50
42
55
52_64_67
55
60
42
59
60
52
42
67_67
69_69
53_65_69
57
72_72
60
42
71_71
59
72_72
60
53
42
64
67_67
52_64_67
55
72_72
60
42
62
71_71
72_72
60
52
42
72_72
50
53
60
42
59
60
50
42
52
55
60
42
59
60
52
42
53
57
60
42_69
59_71
72
60
53
42_74
55
72
52
55
67
60
42
59
64
60
67
52
42
65
50
64
53
62
60
42
59
60
50
42
60
55
64
52
55
60
42
59
60
52
42
53
57
69
60
42
71
59
72
60
53
42_74
64
72
52
55
79
60
42
62
76
60
72
52
42
60
50_74
53
60
42
59
60
50
42
55
52_72
55
60
42
59
60
52
42
53
57
69
60
42
59
71
72
60
74
53
42
55_72
52
55
67
60
42
59
60
52
42
53
50
53
69
60
42
71
59
72
60
74
50
42
72
55
52
55
60
42
59
60
52
42
53
78
79
57
60
42
59
60
53
42
55
78
52
79
55
60
42
59
60
72
52
42
53
74
50
53
76
60
42
72
59
60
50
42
55
52
55
60
42
59
60
52
42
53
57
60
42
59
60
53
42
55
52_64
55
60
42
59
60
52
42
53
50
53
60
42
59
60
50
42
55
52
67
55
60
42
59
60
52
42
53
57
60
42
59
60
53
42
55
52
55
60
42
59
60
52
42
50
53
57
60
