57
55
62
53
52
53
57
55
64
65
64
62
52
64
65
50
53
69
64
52
48
74
65
46
50
45
74
65
50
73
64
43
74
65
50
76
67
41
77
69
50
73
64
45
57
58
74
65
57
73
64
41
74
65
53
67_76
40
77
69
52
73
64
45
57
55
69
52
71
73
74
66
50
48
79
74
67_70
46
45
46
50
69_81
74
46
45
70_82
43
46
86
70
81
43
41
82_91
79
39
51
38
50
94
82
91
37
52
89_93
81
38
53
88_91
79
40
55
89
86
77
41
57
88
85
76
43
58
86
77
44
88
86
85
59
86
85
76
45
61
57
45
61
49
64
52
69
57
57
57
45
67
55
65
62
53
55
43
64
52
65
69
53
57
53
41
69
57
67
65
67
55
55_64
52
40
65
64
64
62
52
64
65
62
65
50
53
50
38
65
53
64_69
64
52
52
48
36
60
48
74
58
62
46
50
46
34
62
50
57
45
45
33
74
62
65
50
55_73
64
43
50_62
50_62
43
31
62_74
65
50
53_76
67
41
50_62
50_62
41
29
62_77
69
50
73
57
64
45_45_57
57
45
33
69
57
70
58
69_74
65
57
57
73
64
45_57_69
69
53
41
69
74
65
57
76
57
67
45
57_69
69
50
38
77
69
69
57
57
73
64
45_57
45
57
57
45
69
57
67
55
57_64
52
59
61
62_62
74
50_74
62
50
60
48
58_67
79
46_67_79
60
48
57
45
58
74
46
62
58
58_62
46
62
50
60
70
82
72
70
48
60_69
57_81
69
57_60
45
70
82
70
69
81
69
57_67
79
45_67
69
81
69
55_70
82
70
43_70
58
55
55_58
43
58
46
74
57_86
69
45_74
57
53
53_57
41
53
41
79
55_91
67
39
79
55
51
51_55
39
67
51
53
65
38
53
50
50_53
38
65
50
82
52_91_94
64
37_79_82
52
49
49_52
37
64
49
53
81
89_93
65
77_81
38
53
50
50_53
38
65
50
79
55_88_91
67
40
76_79
55
52
52_55
40
67
52
57
77
86_89
69
41_74_77
57
53
53_57
41
69
53
58_76
85_88
70
73_76
43
58
55
55_58
43
70
55
59_76
82
71
70
44
59_74
56_86
74
56_59
44
76
88
76
74
86
74
71
73
85
56
73
74
86
74
73
61_81_85
69
45_69_73
57
57
57_61
45
73
57
69
70
69
68
69
82
79
49
57
81
77
50
57
79
76
52
57
77
74
53
57
76
73
55
57
69
53
74
76
74
73
57
74
73
52
64
76
57
61
64
56
59
64
52
74
76
74
73
64
74
73
57
61
64
76
55
59
64
54
58
64
59
74
59
76
74
73
64
76
73
58
61
64
76
55
67
56
66
68
60
75
76
75
73
68
75
73
61
64
68
76
56
68
61
73
68
76
56
68
61
73
68
76
56
68
61
73
68
76
56
68
73
61
76
64
73
61
76
64
68
56
73
61
68
56
73
61
64
52
68
56
64
52
68
56
61
49
64
52
61
49
64
52
56
44
61
49
57
45
61
49
56
44
61
49
55
43
61
49
56
44
61
49
57
45
61
49
56
44
61
49
55
43
61
49
56
44
61
49
57
45
61
49
61
49
64
52
64
52
67
55
67
55
73
61
73
61
76
64
76
64
79
67
79
67
85
73
85
73
88
76
88
76
91
79
89
77
88
76
86
74
85
73
82
70
81
69
79
67
77
65
76
64
74
62
73
61
70
58
69
57
67
55
65
53
64
52
62
50
61
49
58
46
57
45
55
43
53
41
52
40
50
38
49
37
46
34
57
45
33
57
45
33
55
62
53
52
53_57
57
53
41
57
57
55
55
52_64
40
65
64
62
52
64
65
50_57
53
50
38
53
69
64
57
52
52
48
36
48
74
65
46_62
50
46
34
50
45
45
33
74
65
50
73
64
50_62
43
62
43
31
74
65
50
76
67
50_62
41
62
41
29
77
69
50
73
64
45
45_57
57
45
33
57
58
74
65
57
73
64
41
57_69
69
41
29
74
65
53
76
67
40_57_69
69
38
26
77
69
52
73
64
45_45_57
57
45
33
57
55
57_69
57
69
57
69
52
69
59
71
57_59
71
71
61
73
59_61
73
73
62
74
61_62
62_74
50_62_74
50
74
57_68
62
62
50
50
60
60
48
67
79
67
67_79
67_74
58_62
58
58
46
57
57
45
62_74
58
58
46
50
50
62
62
50
70
82
70
62_74
70_82
70_79
62_69
60_81
69
69_81
60
48_69_78
50_70
82
70
70_82
70_79
69
81
69
69_81
69_78
67
79
67
67_79
70_79
50
57
58
45_69_78
69
81
69
69_81
70_79
69_78
70
82
70
62_74
70_82
70_79
62
55
55
43
50
58
58
46
74
86
74
62_74
74
74_81
50
57
57
45
50
53
53
41
79
91
79
79
67_70_79
70_79
51
51
39
50
51
55
55
43
55
50
50
38
77
89
65
70_77
70_77
50
55
55
43
76
82_88
64
70_76
70_76
49
49
49
37
64
49
77
89
64
77
77
49
64
49
79
91
73
79
79
61
45
61_64
33
73
61
81
81_93
73
69_81
69_81
61
73
61
74
86
74
74
74
62
46
62
34
74
62
76
88
74
76
76
62
74
62
77
89
70
77
77
58
43
55_58
31
70
58
79
82_91
70
70_79
70_79
58
70
58
72
84
64
57_69
57_64_72
72
52
45
57_64
33
45
64
52
74
86
64
74
74
52
64
52
76
88
72
76
76
60
72
60
77
84_89
72
57_69
57_64_72_77
72_77
60
45
57_60
33
45
72
60
70
82_86
62
62_74
62_70_74
70_74
50
46
58
34
50
62
50
64
52
64
52
65
53
65
53
74
86
67
70_74
70_74
55
67
55
72
84
60
72
72
52
45
45_57
33
60
52
74
86
60
74
74
52
60
52
76
88
69
76
76
57
41
57_60
29
69
57
77
81_89
69
69_77
69_77
57
69
57
70
82
70
70
70
58
43
55_58
31
70
58
72
84
70
72
72
58
70
58
74
86
67
74
74
55
40
55
28
67
55
76
79_88
67
67_76
67_76
55
67
55
69
81
60
69
53_60_69
48
41
53_60
29
45
60
48
70
82
60
70
70
48
60
48
72
84
69
72
72
57
69
57
74
81_86
69
69_74
53_60_69_74
57
41
53_57
29
45
69
57
67
79_82
58
67_70
50_58_67_70
58
43
55_58
31
50
58
58
60
60
60
60
62
62
62
62
70
64
65
62
31
64
65
70
67
64
60
36
60
60
69
69
65
60
72
67
64
60
60
60
65
65
62
60
72
67
64
60
60
60
69
69
65
60
72
67
64
60
60
60
65
65
62
60
72
67
64
60
60
60
68
65
65
60
72
67
64
60
60
60
65
65
62
60
72
67
64
60
60
60
65
65
62
60
72
67
64
60
60
60
65
65
62
60
72
67
64
60
36
48
60
72
60
36
48
60
72
60
36
48
60
72
72
60
72
36
48
60
72
72
60
36
48
61
73
73
48
60
62
74
74
70
48
60
70
82_82
70_79
64
48
60
69
81
81
69_77
65
48
60
60
72
60
36
48
60
72
60
36
48
60
72_72
60
72
36
48
60
72
72
60
36
48
60
72
72
48
60
61
73
73
70
48
60
70
82
82
79_88
67
48
60
68
80
80_80_89
65
48
60
60
72
72
60
36
48
60
72
72
60
36
48
60
72_72
60
72
60
36
48
60
72
72
60
60
48
36
48
61
73
73
61
73
48
60
65
77
77
77
65
59
59
47
47
59
73
83_85
85
71
56
44
56_59
44
60
73
82_85
78
70
58
54
42
54_58
42
58
73
85
46
42
58
73
80_85
56
49
53_56
41
56
73
85
53
41
56
73
85
82
55
55
52_55
40
55
73
85
58
40
55
73
84
61
40
55
73
82
40
55
73
80
41
56
73
78
42
58
73
77
44
61
67
76
46
61
65
77
60
44
60
65
71
53_65
53
49
61
65
72
60
48
48
60
58
64
48
36
36
57
48
65
41
53
53
41
57
53
48
67
60
45
57
69
65
53
48
60
72
67
40
60
55
52
67
64
48
60
72
64_67
55
52
74
65_69_72
38
62
57
53
74
65_67_71
43
62
76
65_67_71
59
77
65_67_71
55
77
65_67_71
36
62
59
55
76
64_72
48
60
55
52
69
62_65
38
50
57
53
50
74
65_69
48
48
62
77
69_74
57
53
81
69_74_77
47
47
62
57
53
72
45
45
60
81
69_77
57
53
83
71_79
43
43
59
55
84
53
83
81
41
41
62
83
71_79
55
50
84
72_79
40
40
64
79
67_72
60
55
82
70_73
52
40
67
61
58
72
41
41
65
81
69
60
57
76
62_70_73
43
43
61
58
55
64
44
44
60
77
65_72
57
53
66
46
46
61
58
53
45
45
60
77
65_72
57
53
67
46
46
62
58
53
48
48
60
69
65
57
53
72
70
48
36
60
67
64
58
55
66
57_63
48
36
36
70
75
69
48
48
57
66
54
74
67
46
46
55
82
70_74
62
50
55
43
43
67
83
71_74
65
84
72_79
52
52
64
72
60
77
71
50
50
59
68
56
76
69
48
48
57
84
72_81
52_64
53
45
45
65
89
77_84
63
89
77_82
46
46
62
82
70_77
58
53
85
73_76_82
43
43
64
58
55
44
44
65
84
72_77_80
60
56
79
70_73
40
40
67
61
58
41
41
65
80
68_72
60
56
71
65_68
38
38
59
56
53
36
36
60
72
65_67
55
50
70
52
36
48
67
64
55
48
64
60
58
48
81
69_72
79
72
34_46
46
67
76
72
72
33_45
45
65
41_53
53
69
74
62
72
42_54
54
69
70
67
43_55
55
82
81
74
36_48
48
69
78
74
79
34_46
46
67
43_55
55
70
76
64
44_56
56
74
71
69_72
45_57
57
72_75_84
41_53
41_53
53
53
57
65
57_65
57_65
41
57
72_75_84
41_53
41_53
53
53
57
63
65
53_65
65
65
63
41
57
72_75_84
41_53
41_53
53
53
57
63
57_65
57_63
41
57
72_75_84
41_53
41_53
53
53
57
62_74_86
58_65
53_65
65
65
58_62
41
58
74_82_86
41_53
41_53
53
53
41
58
64_76_88
55_65
53_65
65
65
55_58
55
76_82_88
41_53
41_53
53
53
41
55
65_77_81_89
60_65
53_65
65
65
53_57
53
77_81_89
41
53_65
65
53
41
53
67_79_84_91
64_65
60
64
52
52_55
40
53
79_84_91
41
60
64
52
40
53
65_69_81_89_93
62_65
62_65
62
50
50_53
38
53
81_89_93
41
62
50
38
53
65
38_50
53
81_89_93
41
62
50
38
53
64_72_84_88_96
60_60
64
60
60
48
36_48
36
48
84_88_96
36
48
36
48
60
60
36_48
48
84_88_96
36
48
36
48
64_72
60_60
64_67
48_60
36
48_60
82_94
79_91
76_88
84
72
82
70
79
67
76
64
72
60
70
58
67
55
64
52
60
48
58
46
55
43
52
40
48
36
36
69
60
53
69
60
53
36
61
69
61
53
36
62
54
69
62
69
54
36
54_60
70
70
55
55_58
70
62
55
36
71
67
53
71
67
71
53
36
53_62
72
72
52
52_60
72
67
52
36
70
64
55
70
64
64_70
55
36
55_58
69
60
65_69
53
53_57
69
60
53
36
77
69
60
77
69
60
36
61
77
69
61
36
78
72
62
78
72_78
72
69
62
36
79
71_79
71
74
65
79
71
65
36
72
70
64
72
67_72
70
70
64
36
77
72_77
69
69
63
77
69
63
36
70
65
62
70
65
65_70
62
36
62
69
69
60
60
69
65
60
36
67
59
67
65
65_67
59
36
59
74
74
58
58
74
65
58
36
72
64
55
72
64_72
64
55_58
36
48_58
65
65
65
53_57
53_57
65
57
53
36
60
51
60
57
51
36
65
58
50
65
58
50
36
60
55
52
60
55
60
52
36
52
65
57
53
53
53
65
57
53
36
60
51
60
57
51
36
65
58
50
65
58
50
36
60
55
52
60
55
60
52
36
57
53
53
60
57
53
36
55
52
60
55
52
36
57
53
60
57
53
36
55
52
55
52
36
57
53
36
55
52
36
57
53
36
55
52
36
55
50
34
53
50
34
53
48
33
52
48
33
58
52
43
31
64
43
58
43
58
31
43
64
52
43
31
58
43
58
43
64
31
43
58
52
43
31
64
43
58
43
58
31
43
64
52
43
31
58
43
58
43
64
31
43
57
64
57
52
42
30
45
69
57
42
45
57
42
57
64
30
45
42
45_69
57
62
52
42
30
45
57
64
42
45
57
42
69
57
30
45
42
45
57
64
52
42
30
45
69
57
42
45
57
42
57
64
30
45
42
45
69
57
64
52
42
30
45
57
64
42
45
57
42
69
57
30
45
42
45
62
69
69
50
41
29
45
74
62
41
45
62
41
62
69
29
45
41
45_74
62
50
41
29
45
62
69
41
45
62
41
74
62
29
45
41
45_62
69
50
41
29
45
74
62
41
45
62
41
62
69
29
45
41
45_74
62
50
41
29
45
62
69
41
45
62
41
74
62
29
45
41
69
45
74
69
57
40
28
45
81
69
40
45
62
40
69
74
28
45
40
81
45
69
74
57
40
28
45
69
74
40
45
62
40
81
69
28
45
40
69
45
74
57
40
28
45
81
69
40
45
62
40
69
74
28
45
40
45
81
69
76
57
40
28
45
69
74
40
45
62
40
81
69
28
45
40
45
69
81
81
69
57
39
39
45
81
72
39
45
66
39
69
81
45
39
45
81
72
57
39
45
69
81
39
45
66
39
81
72
45
39
45
51_69
81
57
60
57_69
39
81_84_93
45
81
72
39
45
66
39
69
81
45
39
45
81
72
57
39
45
69
81
39
45
66
39
81
72
45
39
52_76
81
57_76
64
59
59_69
40
81_83_93
40
45
83
71
40
69
40
76
81
40
83
71
59
40
76
81
40
69
40
83
71
40
52_76
80
56_76
64
59
59_68
40
80_83_92
28
83
71
40
68
40
76
80
40
83
71
59
40
76
80
40
68
40
83
71
40
45_64_73_81
69_81
52_69
57_69
57_61_69
45
81_85_93
33
45
57_69_81_93
50
38
68_92
67_91
65_66_74_81_90
62_65_69
62_69
50_62
50
65_89
64_88
63_87
53
41
62_86
61_85
60_64_73_81_84
57_64_69
57_69
57_64
57
57
45
45
59_83
58_82
45_57_69_81
62
62
56_80
55_79
54_65_74_78_81
62_65_69
62_69
50_62
33
50
53_77
52_76
51_75
65
65
50_74
49_73
48_64_72_73_81
69
57_69
57_64
57
69
45
47_71
46_70
33_45_57_69
74
62
44_68
43_67
42_65_66_74_81
86_93
62_69
50_62_77_81
65_74
53_62
53_62
45
50
41_65
40_64
39_63
77
65
38_62
37_61
36_60_64_73_81
85_93
69_81
57_69
45_57_76_81
64_73
61_69
52_61
52_61
45
45
35_59
35_59
33_57
33_57
32_56
33_57_64_73_81
85_93
69_81
57_69
45_57_76_81
64_73
61_69
52_61
52_61
45
45
32_56
33_57
32_56
33_57
32_56
33_64_73_81
57_85_93
69_81
57_69
57_76_81
69_73
57_61
45_52_61
45_61
33
45
56
57
56
57
56
57
56
57
56
57
56
57
86_92
62_80
68_74
59_62
47_62
56
57
56
57
56
57
56
57
56
57
56
57_88_91
64_79
67_76
61_64
49_64
56
57
56
57
56
57
56
57
56
57
56
57
86_89
69_77
74_77
62_65
50_65
56
57
56
57
56
57
56
57
56
57
56
57
85_88
76
73_76
61_64
57_64
61
64
61
64
67
64
67
70
67
70
76
70
76
79
76
79
82
81
79
77
76
79
82
81
79
77
76
79
82
79
82
88
82
88
91
88
91
94
93
91
89
88
91
94
93
91
89
79_87
94
88
76_84
91
85
73_81
88
82
70_78
85
79
67_75
82
76
64_72
79
73
61_69
76
70
58_66
73
67
55_63
70
64
63
70
64
52_60
67
61
60
67
61
49_57
64
58
57
64
58
46_54
62
55
54
62
55
45_54
61
55
54
61
55
33_51
61
52
51
61
52
51
61
52
53
61
52
55
61
53
57
61
55
58
61
57
58
61
57
58
61
57
58
61
57
58
61
56
58
61
56
58
61
56
58
61
56
57
45_57
57
45
55
62
53
52
57
53
57
53
57
55
57
55_64
52
65
64
62
52
64
65
50
57
53
50
53
69
64
52_57
52
48
48
74
65
62
46
50
46
50
45
45
74
65
50
73
64
43_50_62
50
43
74
65
50
76
67
41
50_62
50
41
77
69
50
73
64
45_57
45
57
45
57
58
74
65
57
73
64
41_57_69
53
41
74
65
53
67_76
40
57_69
50
38
77
69
52
73
64
45_57
45
57
45
57
55
69
52
71
73
74
66
50_62
50
50
48
79
74
67_70
46
48
45
46
62
46
50
69_81
74
46
60
45
45
70_82
43
58
43
46
86
70
81
43
57
41
41
82_91
79
39_67
55
39
51
38
53
38
50
94
82
91
37
67
52
37
52
89_93
81
38
65
53
38
53
88_91
79
40_64
55
40
55
89
86
77
62
41
57
41
57
88
85
76
43_64
58
43
58
77
44
65
59_86
44
88
86
85
59
86
85
76
45
64
60
45
61
69
70
69
70
69
70
82
79
49
37
57
81
77
50
38
57
79
76
52
40
57
77
74
53
41
57
76
73
55
43
57
69
53
74
41
76
74
73
57
74
73
52
40
64
76
57_69_73
61
57
57
64
64
56_64_71
59
56
56
64
52
74
52
76
74
73
64
74
73
57
69_73
57
57
57
64
76
55
43
64
54_64
42
64
59
74
47
76
74
73
64
76
73
58
46
64
76
73
61
55
61
55
55
67
72
60
66
56
66
56
56
68
75
63
60
75
60
60
76
75
73
68
75
73
68
64
64
61
64
61
61
68
76
64
56
44
68
61
49
49
73
68
76
56
56
68
61
61
61
73
68
76
56
44
68
61
49
49
73
68
76
56
56
68
68
56
68
73
61
76
64
73
61
76
64
68
56
73
61
68
56
73
61
64
52
68
56
64
52
68
56
61
49
64
52
61
49
64
52
56
44
61
49
57
45
61
49
56
44
61
49
55
43
61
49
56
44
61
49
57
45
61
49
56
44
61
49
55
43
61
49
56
44
61
49
57
45
61
49_57
61
49
64
52
64
52
67
55
67
55
73
61
73
61
76
64
76
64
79
67
79
67
85
73
85
73
88
76
88
76
91
79
89
77
88
76
86
74
85
73
82
70
81
69
79
67
77
65
76
64
74
62
73
61
70
58
69
57
67
55
65
53
64
52
62
50
61
49
58
46
57
45
55
43
53
41
52
40
50
38
49
37
46
34
45_57
57
33
45_57
57
57
45
55
55
43
62
62
53
53
41
52
52
40
57
53
53
41
57
57
45
65
65
57
55_64
55
64
43
65
65
64
64
62
62
52
52
40
64
64
65
65
57
50
50
38
53
53
41
69
69
57
52
52
40
48
48
36
74
74
62
58
46
34
50
50
38
57
45
33
74
74
50
50
38
73
73
50_62
55
43
31
74
74
50
50
76
76
50_62
53
41
29
77
77
50
50
73
73
45_57
57
45
33
57
57
58
58
74
74
57
57
73
73
57_69
57
41
41
74
74
53
53
76
76
57_69
57
38
38
77
77
50
50
73
73
45_57
57
45
45
57
57
55
69
69
69
69
67
52
71
71
71
71
73
73
73
73
74
74
74
50_62_74
50_62_74
57_66
62
62
50
60
60
48
79
79
67
67
79
58_62
58
58
46
57
57
45
50_62
58
58
46
50
62
62
50
82
82
67
70
50_62_70_79
62_81
60_81
66
69
60
48_69_78
82
82
67
70
70_79
81
81
66
69
69_78
79
79
64
67
67_76
50
57
57
45
81
81
66
69
69_78
82
82
67
70
50_62_70_79
62
55
55
43
58
58
46
86
81_86
69
74
50_62_69_74
50
57
57
45
53
53
41
91
82_91
70
67_79
58_70_79
55
51
51
39
51
55
55
43
58
53
53
41
53
50
50
38
82
91_94
79
79_82
76_79
52
49
49_52
37
61
52
81
89_93
77
77_81
69_77
53
50
50_53
38
62
53
79
88_91
76
76_79
69_76
55
52
52_55
40
64
55
77
86_89
74
74_77
69_74
57
53
53_57
41
65
57
76
88
70
76
67_76
58
55
55_58
43
67
58
74
64
57_69
64_76
57_73
57_85
73
57
45
45_74
86
74
73
85
73
71
83
71
64
61
73
85
73
74
86
69
62_69
74
69_74
57
53
53_57
41
50
62
62
76
85_88
73
73_76
67_69
55
52
52_55
40
77
86_89
74
74_77
79
88_91
76
76_79
65_69
53
50
50_53
38
81
89_93
77
77_81
82
91_94
79
79_82
79_82
52
49
49_52
37
61
52
81
89_93
77
77_81
69_77
52
50
50_53
38
62
53
79
88_91
76
76_79
69_76
55
52
52_55
40
64
55
77
86_89
74
74_77
69_74
57
53
53_57
41
65
57
76
88
64_74
76
67_76
58
55
55_58
43
67
58
74
64_73
57_69
64_76
57_73
57_85
73
55_57
45
45_74
86
74
73
85
73
71
83
71
64
61
73
85
73
74
86
62_74
62_69
74
69_74
57
54
54_57
42
50
62
62
76
84_88
72
62_74
62_76
72_76
69
50
50
38
50_78
86_90
74
78
74_78
79
88_91
76
62_74
62_79
76_79
66
48
48
36
50_81
90_93
78
81
78_81
86
86_94
79
62_74
67_82_86
79_86
62
46
46
34
50
82
86_94
74
62_74
79_82
74_82
67
50
50
38
50
79
86_91
70
62_74
74_79
70_79
58
43
43_55
43
50
74
86
67
62_74
70_74
67_74
62
46
46_58
46
50
82
82
67
62_74
67_70
67_70
67
50
50_62
50
50
79
79
62_70
62_74
67_74_79
70_79
70
55
55
43
50
76
76
64_74
57_69
57_64_74_76
69_76
69
57
57
45
45
81
81
64_73
69_76
57_69_73_81
69_81
57_64
45
45_57
33
45
74
74
62_74
62_74
50_62_74
65_74
57_65
50
50_53
38
50
62
62
62
50_62
50_62
53_57
50
50
38
50
53
53
53
41
62
62
53_62
46
46
46
65
65
70
70
74
74
77
72
60
53
45
45
57
60
72
72
65
75
75
58
70
51
43
43
55
74
74
58
72
72
63
58
63
70
70
63_67
63
67
41
41
69
69
62_65
62
65
60_63
60
63
60_63
60
63
43_55
43
70
70
74
74
50_62
55_58_58_62
58
62
79
79
82
82
58
55
41_53
41
58_62
62
58
62_67
67
62
70
70
67_70
74
67
81
81
60
60_70_72
72
70
40_52
40
79
79
70
60
77
77
57_69
69
77
77
53_57_60
57_60_69_72
69
60
41
41_53
41
57
45
60
48
63
53
46
50
46
74
62
53
58
58
77
65
62
57
48
65
45
72
60
53
56
56
44
77
65
60
55
63
46
43
70
58
50
54
54
42
75
63
58
53
48
57
41
74
62
53
57
72
60
63
55
58
62
50
43
70
58
55
53
58
41
82
70
62
52
52
67
40
70
58
55
50
58
38
81
69
65
48
64
48
36
70
58
55
58
48
79
67
58
64
41
57
57
60
41
45
77
65
48
52
53
41
57
75
60
64
65
57
74
58
66
67
59
60
72
51
39
70
79
69
72
77
50
38
70
69
70
67
75
51
39
63
72
60
69
65
58
70
50
38
65
72
57
48
36
65
74
34
53
82
52
50
52
81
53
41
57
60
65
56_68
73_80
37_52_61_65
65_73
56
56
49_53
38
53
64
61
61
65
37_52
65
65
53
64
68
68
65
61_70
82
34_52_61_65
70
70
46_58
34
53
64
58
58
65
34_48
49
60
60
60
61
58_66_70
73_82
30_48_61
66_70
61
61
42_58
30
49
60
66
66
61
30_45_70
70
46
57
73
73
58
58_66_70
75
30_45_75
63
75
54
42
46
57
63
63
58
30
42
42
57
77
29_65
65
65
53
41
58
41
27_58_62_66_70
78
66
66
66
51
39
63
39_46_54_65
66
41_53_69
70
72
77
70
65
73
74
78
63
75
51_58_66_77
78
53_65_81
82
81
77
70
65
82
82
76
66
73
66_83
82
83
82
54_61_64
83
82
83
83
59_63
85
83
85
83
75
71
71
85
83
85
76
85
73
73
54
87
85
87
85
54_58_64
87
85
87
87
59_63
88
87
88
87
75
71
71
88
87
88
89
74
71
68
42
90
42
89
90
89
54_56_59_62
90
89
90
89
90
42
89
90
89
90
68
89
90
89
90
92
71
42
94
42
92
94
92
54_59_62_65
94
92
94
92
94
42
92
94
92
94
77_92
94
92
94
95
80
42
97
42
95
97
95
97
54_59_62_65
95
97
95
97
42
95
97
95
97
95
74
97
95
97
95
77_95
42
42
97
95
97
95
54_62_65_68
97
95
97
95
97
42
95
97
95
97
83
95
97
95
94
73
70_85
70
54_82
76
64
42
30
95
94
95
94
54_61_64_66
95
94
88
82
42
90
88
90
88
90
88
76_85
87
85
87
85
87
85
87
85
82
73
83
82
83
82
83
82
76
70
42
30
78
76
78
76
54_58_61_64_66
78
76
78
76
42_70
73
75
73
75
73
75
73
75
73
70
64
71
70
71
70
71
70
71
70
64
61
66
64
66
64
66
64
63
64
66
58
63
64
67
63
64
66
63
64
67
66
67
69
66
67
70
69
70
72
69
70
73
69
70
73
74
69
70
73
74
69
70
73
61
41
46
41
74
62
76
64
62
77
65
81
69
58
82
70
85
73
65
86
74
91
79
57
89
77
88
76
60
89
77
84
72
56
80
68
77
65
65
72
60
89
77
55
87
75
86
74
58
87
75
82
70
54
78
66
75
63
63
74
62
87
75
62
53
86
74
85
73
86
74
84
72
60
51
81
69
77
65
72
60
69
57
50_58
50
41
70
58
76
64
62
77
65
81
69
53
38
82
70
88
76
65
89
77
94
82
56_62
46_53
34
92
80
91
79
58
92
80
91
79
89
77
88
76
70
89
77
89
77
55_63
39_51
39
87
75
86
74
67
87
75
86
74
84
72
83
71
63
84
72
87
75
60
57
41
41
84
72
81
69
79
67
77
65
53
75
63
72
60
69
57
73
61
46
58_62
46
34
74
62
70
58
65
53
69
57
70
58
65
53
62
50
69
57
70
58
65
53
62
50
64
52
65
53
62
50
58
46
61
49
62
50
58
53
57
45
58
46
53
50
52
40
53
41
50
46
52
40
53
41
46
41
34_61
65
70
73
77
70
69
75
73
73
72
68
67
70
68
65
64
67
65
61
60
44
48
53
72
56
68
60
53
67
52
72
58
66
57
65
54
70
53
49
48
68
51
49
66
46
44
65
48
46
63
43
41
65
45
48
48
78
57
58
49
37
77
75
66
53
41
72
73
58
46
65
77
61
61
49
60
73
58
65
53
61
58
46
72
65
57
45
77
63
51
72
53
61
49
58
70
61
49
68
60
60
48
61
60
77
58
56
44
60
61
55
43
75
58
46
65
56
44
73
53
41
67
51
39
72
55
43
53
41
71
65
49
37
65
48
36
72
55
43
64
67
60
48
70
72
68
64
52
67
68
68
65
53
74
72
76
56
77
77
79
60
80
80
68
53
84
52
77
67
49
76
48
82
67
52
55
80
56
56
48
60
65
65
41
41
68
68
72
80
65
79
70
64
43
43
44
44
43
73
43
70
41
44
43_43
72
72
44
68
44
44
77
73
73
55
46
46
70
68
77
56
48
48
72
70
76
60
67
65
77
41_53
45
33
75
73
41_53
61
46
34
70
69
65
48
36
72
70
41_53
64
67
77
72
41_53
65
45
33
76
77
69
41_53
53
48
36
75
73
65
41_53
57
53
41
72
73
63
65
57
45
72
78
61
53_65
58
46
34
77
75
65
53_65
58
46
73
70
81
63
48
36
78
77
69
53_65
60
48
75
72
82
70
53_65
53
49
37
77
75
69
58
73
70
73
65
53
41
72
70
60
61
60
69
58
60
70
65
61
58
46
70
65
70
61
49
72
73
72
70
72
73
65
53
70
77
68
65
82
63
58
46
66
65
77
61
75
60
57
45
78
63
77
61
75
60
73
58
63
51
72
57
73
58
75
60
61
77
58
61
49
65
70
73
77
70
65_70
61
69
65_69
60
75
65_72
57
73
65_70
49
58
53
58
61
65
73
65
65
58
72
65
63
57
69
65
60
63
70
77
65
58
62
82
86
89
92
89
70_77
68_70
87
70_75
66_70
86
70_74
65_70
87
70_75
66_70
42
46
51
54
58
72
63
58
63
54
72
65
58
61
53
72
67
58
60
52
60_70
65
65
65
60
53
70
72
77
84
60_70
65
65
60_70
65
65
60_70
65
65
60_69
65
65
48
53
57
60
65
60_69
65
60
60_69
65
60
60_69
65
60
60_68
65
60_60
65
68
72
77
60_68
65
60
60_68
65
60
60_68
65
60
60_67
65
60
48
53
55
59
60
60_67
64
60
60_67
64
60
60_67
64
60
60_67
63
60
60
55_63
43
31
63
67
72
75
60_67
63
60
60_67
63
60
60_67
63
60
60_67
62
60
55_62
43
43
31
48
50
55
59_67
67
62
55_62
43
31
71
74
79
60_67
36
36
40
40
43
43
48
48
48
52
52
52
55
48
48
60
64
48
60
52
72
72
64
60
55
76
76
67
60
79
79
72
64
84
84
76
88
88
79
60
72
60
41
29
69
77
60
53
60
70
60
79
81
79
53
81
79
81
60
72
84
60
53
89
60
69
60
53
60
89
67
88
60
84
53
82
60
86
65
82
60
79
53
81
60
84
64
82
60
79
53
81
60
84
63
81
60
77
53
62
65
82
62
50
63
69
63
84
86
84
53
86
84
86
58
70
89
58
53
76
85
61
94
67
61
53
75
84
60
87
94
65
93
60
87
53
86
59
91
65
89
59
80
53
81
60
89
65
87
60
77
53
80
59
87
65
86
59
74
53
75
77
60
41
53
29
82
65
81
81
53
57
72
65
74
84
53
45
60
33
75
65
82
81
89
53
65
75
65
72
74
93
54
48
69
36
75
66
82
81
87
54
63
75
66
72
74
86
54
54
62
42
75
66
82
81
84
54
60
75
66
72
74
82
55
55
70
58
55
43
58
43
79
67
84
82
55
74
62
79
67
75
74
58
55
79
67
46
79
67
84
82
55
82
70
79
67
74
77
62
56
83
71
56
50
44
83
68_88
86
56
77
74
83
77
68
74
77
68
56
76
73
56
83
86
68
91
89
56
74
70
86
83
68_77
74
61_64_73
69
57_69
73
69
57
57
45
76
81
86
85
81
76
73
69
73
76
82
81
76
73
69
64
69
73
77
76
73
69
64
61
64
69
74
73
69
64
61
57
61
64
70
69
64
61
57
57
61
64
69
68
64
61
57
57
61
64
68
68
64
61
57
57
60
64
67
65
61
58
57
61
65
64
61
58
57
61
65
64
61
58
57
61
65
64
61
58
57
61
65
64
61
58
57
91
79
91
103
88
76
88
100
85
73
85
97
82
70
82
94
79
67
79
91
76
64
76
88
73
61
73
85
70
58
70
82
67
55
67
79
64
52
64
76
61
49
61
73
58
46
58
70
55
43
55
67
52
40
52
64
49
37
49
61
57
57
45_57_69
45_57_69
33
57
45
33
45
45
57
62
62
55
74
43
58
55
43
55
67
53
41
57
53
41
53
65
65
65
52
77
40
55_64
52
64
76
40
65
65
77
52
64
64
76
62
62
74
64
64
64
76
65
65
50
77
38
53
50
38
50
62
69
69
48
81
36
52
48
36
48
60
74
74
46
86
34
50
46
34
46
58
62
50
74
62
50
50
62
74
77_86
74
65_74
74
73
76_85
73
57
64_73
45
69
57
45
45
57
74
77_86
74
65_74
69
76
79_88
76
50_62_74
50_62_67_76
38
62
50
38
50
77
81_89
77
69_77
62
73
76_85
73
45_57_69
57_64_73
33
57
45
33
45
57
62
50
74
62
50
50
62
74
77_86
74
65_74
74
73
76_85
73
57
64_73
45
69
57
45
45
57
74
77_86
74
65_74
69
76
79_88
76
50_62_74
50_62_67_76
38
62
50
38
50
77
81_89
77
69_77
62
73
76_85
73
45_57_69
57_64_73
33
57
45
33
45
57
57
45
57
57
45
45
57
69
69_73
69
69
69_73
69_71
71_74
57_61_71
71
45
71_74
73
73_76
59_62_73
73
73_76
74
74_78
61_64_74
62_62
50_74
50_74_78
66
66
62_66
50
50
62
74
79
79
79
60
67_79
48_72_75
75
63
60_63
48
60
72
58
46_70_74
74
62
58_62
46
58
70
82
79_82
79
57
70_79
45_69_72
72_81
60_78_81
78
69_78
57_60
45
82
79_82
79
70_79
57
81
78_81
78
69_78
79
76_79
76
67_76
69
81
78_81
78
69_78
82
79_82
79
55
70_79
43_67_70
70
58
55_58
43
55
67
86
81_86
81
53
74_81
41_65_69
69
57
53_57
41
53
65
91
82_91
79
51
79_82
39_63_67
67
55
51_55
39
51
63
50
38_62_67
67
50
50_62
38
50
50
89
86_89
77
74
62
88
79_88
76
49
67_76
37_64_67
57_67
49
49_64
37
45
49
89
81_89
77
69
61
91
83_91
79
45_57_69
57_71_79
33_67_76
57_69
45
45_57
33
45
93
85_93
81
73_81
57
89
86_89
77
50_62_74
50_62_74_77
38_65_69
57_69
50
50_65
38
50
62
53
41_69_74
57_69
53
53_57
41
50
53
86
86
74
74
65
52_83
76_83
71
40
64_71
69_71
59_69
52
52_59
40
50
52
85
81_85
73
69_73
64
40_86
83_86
74
28
64_71_74
68_71
59_68
40
52_59
28
52
88
80_88
76
68_76
64
45_57_85
81_85
73
33_57_69
57_69_69_73
69_73
57_69
45
57_61
33
45
69
70
69
70
69
70
82
79
49
37
57
81
77
50
38
57
79
76
52
40
57
77
74
53
41
57
76
73
55
43
57
69
53
74
41
76
74
73
57
74
73
52
40
64
76
57_69_73
61
57
57
64
64
56_64_71
59
56
56
64
52
74
52
76
74
73
64
74
73
57
69_73
57
57
57
64
76
55
43
64
54_64
42
64
59
74
47
76
74
73
64
76
73
58
46
64
76
73
61
55
61
55
55
67
72
60
65
56
66
56
56
68
75
63
60
75
60
60
76
75
73
68
75
73
68
64
64
61
64
61
61
68
76
64
56
44
68
61
49
49
73
68
76
56
56
68
61
61
61
73
68
76
56
44
68
61
49
49
73
68
76
56
56
68
61
68
72
61
76
88
64
72
61
76
88
64
68
56
73
85
61
68
56
73
85
61
64
52
67
56_80
64
52
67
80
56
61
49
64
52_76
61
49
64
76
52
56
44
61
73
49
57
45
61
49
73
56
44
61
73
49
55
43
61
73
49
56
44
61
73
49
57
45
61
73
49
56
44
61
73
49
55
43
61
73
49
56
44
61
73
49
57
45
61
73
49
57_64
61
49
64
76
52
64
52
67
79
55
67
55
73
85
61
73
61
76
64
88
76
64
79
67
91
79
67
85
97
73
85
73
88
100
76
88
76
91
103
79
101
77
100
76
98
74
97
73
94
70
93
69
91
67
89
65
88
64
86
62
85
61
82
58
81
57
79
55
77
53
76
52
74
50
73
49
70
46
69
45
67
43
65
41
64
40
62
38
61
37
58
34
57
57
57
57
33_45_57
57
57
45
45
55
55
43
62
62
53
53
41
52
52
40
57
53
53
41
45
57
57
45
65
65
57
55_64
55
64
43
45_65
65
64
64
62
62
52
52
40
64
64
65
65
57
50
50
38
45
53
53
41
69
69
57
52
52
40
45
48
48
36
74
74
62
58
46
34
50
50
50
38
57
45
33
74
74
50
50
38
73
73
62
55
43
31
50
74
74
50
50
76
76
62
53
41
29
50
77
77
50
50
73
73
57
57
45
33
45
57
57
58
58
74
74
57
57
73
73
57_69
57
41
41
50
74
74
53
53
76
76
57_69
57
38
38
50
77
77
50
50
73
73
57
57
45
45
45
57
57
67
55
69
57
71
52
59
73
61
74
66
62
50_62_74
50_62
57_66
50
38
50
48
60
74
67_79
58
70
46
57
45
58
46
50_62
62
50
81
69
74
48
50_60_62
45
57
82
43_70
55
50_62
58
46
81_86
74
57
45
50_62
41
53
91
79_82
51
39
67
55
43
50
38
89
41_53_77_82
88
82
76
37_49_57_69
57
45
89
40_52_77
91
79
33
45
57_69
57
45
93
49
81
37
89
77
81
38_62_74
62
50
50
41
86
74_81
53
83
80
40_64_71
64
52
73_85
52
86
64_74
28
64
52
76_88
40
73_81_85
33_45
57_69
57_69
57
72
60
60
48
48_60
36
76
84_88
72
72_76
74
83_86
71
76
64_71_74
64
52
52_64
40
76
84_88
72
72_76
78
86_90
74
74_78
52
40
40_52
28
80
83_92
71
71_80
81
84_93
72
72_81
57
45
45_57
33
72
60
60
48
48_60
36
76
84_88
72
72_76
74
83_86
71
76
64_71_74
64
52
52_64
40
76
84_88
72
72_76
78
86_90
74
74_78
52
40
40_52
28
80
83_92
71
71_80
81
84_93
72
72_81
57
45
45_57
33
45
57
57
81
72
79
70
48_60
60
81
72
74_82
48
36
84
76
81
77
53
41
57
45_57
81
72
79
70
60
48
60
72
81
82
74
48
36
84
76
81
77
41
53
53
65
53
41
80
84
77
65_68
72
53_56
79
84
76
64_67
60_72
72
60
52_55
48
80
77
65_68
53_56
82
79
67_70
60
48
55_58
36
79
84
76
64_67
72
52_55
80
84
77
65_68
72
77
65
53_56
53
82
79
67_70
55_58
84
80
68_72
60
65
53
56_60
41
80
84
77
65_68
72
53_56
82
87
79
67_70
63_75
75
63
55_58
51
84
80
68_72
56_60
85
82
70_73
63
51
58_61
39
82
91
79
67_70
79
55_58
84
87
80
68_72
75
68
56
56_60
44
85
82
70_73
58_61
87
84
72
60_72_75
56
44
60_63
32
84
91
80
68_72
79
56_60
79_91
83_91
71
79
67_67_71
79
67
55
55_59
43
71
67
79_91
84
72
69_72
69
57_60
72
69
79_91
86
74
71_74
71
43
59_62
31
74
71
79_91
89_91
77
74_77
79
74
62_65
77
74
79_91
88_91
76
72_76
79
72
55
60_64
43
76
72
79_91
86
74
71_74
71
59_62
74
71
79_91
84
72
69_72
69
43
57_60
31
72
69
79_91
84_91
72
69_72
79
69
57_60
72
69
79_91
86_91
74
71_74
79
71
55
59_62
43
74
71
79_91
84
72
69_72
69
57_60
72
69
79_91
83
71
67_71
67
43
55_59
31
71
67
79_91
83_91
71
67_71
79
67
55_59
71
67
79_90
84_90
72
69_72
78
69
55
57_60
43
72
69
79_90
83
71
67_71
67
55_59
71
67
79_90
84
72
72
60_69_72
69
43
57_60
31
72
69
79_90
86_90
74
69_74
78
69
57_62
74
69
79_91
83_91
71
79
67_67_71
79
67
55
55_59
43
79
67
55
81
69
57
83
71
59
84
43
72
31
60
86
74
62
88
76
64
89
77
65
79_91
89_91
74_77
79
67_77_86
62_65_74_77
62_65
55
62_65
43
50
74_77
62_65
79_91
88
72_76
76_84
50_60_64_72_76
60_64
60_64
72_76
60_64
50
79_91
86
71_74
74_83
50_62_71_74
59_62
43
59_62
31
50
71_74
59_62
79_91
86_91
71_74
79
67_74_83
50_50_62_71_74
59_62
59_62
71_74
59_62
50
79_91
88_91
72_76
79
67_76_84
60_64_72_76
60_64
55
60_64
43
50
72_76
60_64
79_91
86
71_74
74_83
50_59_62_71_74
59_62
59_62
71_74
59_62
50
79_91
84
69_72
72_81
60_69_72
57_60
43
57_60
31
50
69_72
57_60
79_91
84_91
69_72
79
50_67_72_81
60_69_72
57_60
57_60
69_72
57_60
50
79_90
84_90
69_72
78
66_72_81
60_69_72
57_60
55
57_60
43
50
69_72
57_60
79_90
83
67_71
50_71_79
59_67_71
55_59
55_59
67_71
55_59
50
79_90
84
69_72
72_81
60_69_72
57_60
43
57_60
31
50
69_72
57_60
74
62
79_90
86_90
69_74
78
66_74_81
50
62_69_74_76
57_62
64
57_62
78
66_69_74
57_62
50
71
79
59
67
79_91
83_91
67_71
79
67_71_79
62_67_71
55_59
55
55_59
43
50
50
38
48
36
47
35
45
33
43
31
74
62
76
64
78
66
79
67
81
69
74_79_79_83_83
62_67
67_71_71_74
62_71
55_62
62
50
38
60
48
36
59
47
35
57
45
33
55
43
31
74
62
76
64
78
66
79
67
81
69
83
71
84
72
86
83_86
74
67_74_79
71_74
55_59
74
62
76
64
78
66
79
67
81
69
83
71
84
72
86
74
62
50
65
53
71
59
74
62
77
65
83
71
86
74
89
62
71_74
59_62
62
50
38
59
47
35
57
45
33
56
44
32
88
85
73
76
73_76
61_64
86
83
74
71
74_77
62_65
85
81
85_88
73
64_69_73_76
73_76
57
45
61_64
33
88
76
90
78
91
88
85_91
79
64_67_73_76_79
73_76
61_64
64
52
40
61
49
37
59
47
35
58
46
34
90
87
75_78
75_78
63_66
76_88
85
73
76_79
64_67
83_87
87_90
71_75
66_75_78
75_78
59
47
63_66
35
90
78
92
80
93
87_90_93
69_81
66_69_75_78_81
75_78
63_66
87
75
59
47
35
90
78
92
80
93
87_90_93
81
66_69_69_75_78_81
75_78
60
48
63_66
36
87
75
60
48
36
90
78
92
80
93
88
88_93
76
57_64_76_81_81
76_79
61
49
64_67
37
91
88
81
69_79
76
69_76
49
37
57_64
89
81
86
69_74_77
74_77
50
38
62_65
88
79_85
73_76
67
67_73
52
40
55_61
86
77_81
69
65_74
65_74
53
41
53_62
83_88
76
71
64
64_71
56
44
52_59
85
81
76
69
73
69_73
57
45
57_61
76
80_88
68
64_68_76
71_76
64
52
52_64
40
73
81_85
69
57_69
57_64_69_76
69_73
69
57
57_61
45
45
68
76_80
64
64_71_80
68_71
64
52
52_59
40
69
76_81
64
57_69
57_64_73_81
69_73
69
57
45_57
45
45
69
57
57_69
57
45
45_57
45
53_62_62
62
38
62
50
38
38_50
38
53
50
45
57_64
41
50
53
62_65
50
45
64_69
36
36
57
52
48
60_64
45
48
57
60_64_69
52
48
74
65_69
35
47
62
57
53
74
68_71
40
40
62
76
68_71
56
77
68_71
52
77
69_74
45
45
65
57
47
47
76
69
49
49
61
57
52
62_65
50
50
62
57
53
74
65_69
48
48
65
77
69_74
62
57
81
69_74_77
47
47
65
62
57
72
45
45
65
81
69_77
60
57
83
71_79
44
44
64
59
84
56
83
81
64
40
64
40
64
83
71_76
59
55
84
72_72_76_81
69
33
45
33
64
60
57
82
70_70_76_79
67
33
48
36
64
60
57
81
69_69_72_77
65
41
64
53
41
65
60
57
79
67_67_69_73_76
64
45
65
57
45
64
61
57
78
66_66_69_76
38
57
50
38
64
57
54
77
65_65_69_74
62
41
41
29
62
57
53
75
63_63_67_70
58
43
55
43
31
58
55
51
74
62_62_65_71
59
44
56
44
32
59
53
50
61_61_64_69_73
57
45
57
45
33
57
52
49
45
57
33_45
69
67_67
64
43_55
61
57
79
64
40_52
76
61
37_49
73
57
33_45
69
65_69
65
45_57
62
57
81
65
41_53
77
62
38_50
74
57
33_45
69
65_71
62
47_59
62
57
83
65
41_53
77
62
38_50
74
57
33_45
69
64_69_73
64
49_61
57
57
85
57
33_45
69
76_76
73
52_64
64
45
88
57
33_45
69
76_79
73
55_67
67
45
91
57
33_45
69
74_80
71
56_68
65
45
92
57
33_45
69
73_81
69
57_69
64
45
93
57
33
69
45
82
58
94
70
79
55
91
67
76
52
88
64
73
49
85
61
70
46
82
58
67
43
79
55
65
44
77
56
62
41
74
53
59
38
71
50
56
35
68
47
57
37
69
49
52
33
64
45
49
28
61
40
45
25
57
37
63
57
49
37
45
69
45
51
49
63
37
45
69
57
49
37
45
63
45
51
49
69
37
45
63
57
49
37
45
69
45
51
49
63
37
45
69
57
49
37
45
63
45
51
49
69
37
45
62
69
50
50
48
50
36
50
74
62
50
48
62
69
36
50
74
62
55
48
55
36
50
62
69
50
48
74
62
36
50
62
69
48
36
50
74
62
50
48
62
69
36
50
74
62
57
48
57
36
50
62
69
50
48
74
62
36
50
74
74
62
50_62
46
62
34
50
81
69
50
50_62
46
74
74
34
50
81
69
50_62
46
34
50
74
74
50
50_62
46
81
69
34
50
74
74
50_62
46
34
50
81
69
50
50_62
46
74
74
34
50
81
69
50_62
46
34
50
74
74
50
50_62
46
81
69
34
50
74
74
81
62
62_62_74
74
62
45
33
50
86
74
50
67
45
74
81
33
50
86
79
74
67_67_79
62
45
33
50
74
81
50
67
45
86
74
33
50
74
81
62
45
33
50
86
74
50
67
45
74
81
33
50
86
81
74
69_69_81
62
45
33
50
74
81
50
67
45
86
74
33
50
74_86
86
74_77
62_74
62_74_74_86
74_77
59_65
44
62_65
32
50
77_89
89
62_71_77
74_77
62_65_71_74
56_65
44_56
50
47
35
62_74_80
77_80
74_77
62_74
62_77_80
62_65_68_74
59_65
47_59
50
65_74_81
77_81
62_69_81
57_69
45_57_69_77_81
62_65_69_74
57_65
45_45
45
45_57
33
45
45
45
45
45
45
45
45
45
45
45
45
45
45
45
45
45
45
45
45
45
45
45
45
45
45
45
45
45
45
45
45
33
45
50
53
50
53
57
45_53
57
62
57
62
65
53_62
65
69
65
69
74
69
74
77
74
77
81
79
77
76
74
77
81
79
77
76
74
77
81
45
33
50
53
50
53
59
53
45
59
62
59
62
65
56_62
65
71
65
71
74
71
74
77
74
77
83
79
77
76
74
77
83
79
77
76
74
77
83
49
33
52
55
52
55
61
45_55
61
64
61
64
67
61_64
67
70
67
70
76
70
57
76
79
76
79
82
81
73
79
77
76
79
82
81
79
77
76
79
82
72
75
78
82
75
78
82
74
78
71
82
74
78
82
74
78
79
73
70
76
79
73
74
69
78
73
74
77
68
71
74
77
70
67
73
76
69
73
66
76
69
73
74
65
68
71
74
64
69
74
73
62
68
73
71
61
64
71
69
71
69
71
69
74
73
74
73
74
73
77
76
77
76
77
76
77
76
81
79
81
79
81
79
81
79
81
80
81
80
81
80
81
80
33_83
81
45_83
81
49_83
81
52_83
81
55_83
81
61
83
64
81
67_83
81
73
83
76
81
79_83
81
83
81
44_56_83
81
83
81
45_57_83
81
83
81
48_60_83
81
83
81
49_61_83
81
83
81
51_63_83
81
83
81
45_79
52
64
81
79
81
56_68_79
81
79
81
57_69_79
81
79
81
49_61_79
81
79
45_78
50
62
79
78
79
57_69_78
79
78
79
59_71_78
79
78
79
51_63_78
79
78
43_76
52
64
78
76
78
61_73_76
78
76
42_54_83
84
83
84
61_73_83
84
83
64_76_81
83
81
83
62_74_81
83
81
83
61_73_81
83
81
83
62_74_81
83
81
43_55_59_71_79
78
81
55_67
79
76
45
54
57
66
69
74
76
73
74
76
78
79
80
81
83
80
81
45
53
57
65
69
83
85
86
88
89
91
92
93
94
92
93
45
52
57
64
90
69
91
88
85
81
79
76
73
69
67
64
61
57
55
52
49
45
43
40
38
50_54
50
38
50
50
50
50
50
57
50
50
50
50
50
50
62
50
50
50
50
50
50
66
50
50
50
50
50
50
54
69
50
48
54
36
50
50
50
50
50
57
50
57
50
50
50
50
50
62
50
62
50
50
50
50
50
66
62
50
66
50
50
50
50
50
74
67
47
69
35
50
50
50
50
50
50
50
50
50
50
50
66
50
50
50
50
50
50
74
64_74
50
69
50
50
50
50
50
64_74
57_64_79
45
64
33
45
45
45
45
45
45
45
45
45
45
45
69_73
69_78
45
43
57
31
45
45
45
45
45
45_76
45
45
45
45
45
69_74
69
81
45
42
54_62
30
45
45
45
45
45
74
45
45
45
45
45
45
78
45
45
45
45
45
45
81
45
45
45
45
45
45
83
62_69
45
41
53
29
45
45
45
45
45
74
45
45
45
45
45
45
62
77
45
45
45
45
45
45
83
81
45
45
45
45
45
45
64_74
83
62_64_80
45
40
52
28
50
50
50
50
50
68
50
50
50
50
50
50
69
85
50_64_76
50
50
50
50
50
71
83_86
50
50
50
50
50
50
69_73
81_88
50_57_64_79
45
57_61
33
45
45
45
45
45
76
73
45
45
45
45
45
45
78
90
69_78
45
45
45
45
45
45
79
91
67_76
45
45
45
45
45
45
66_81
81_93
50_62_66_74
45
48
50_62
36
50
48
50
50
48
50
48
50
50
48
50
48
50
54
50
48
50_62
48
50
69_78_81
50_78_81
47
35
66
50
47
50
74
50
47
81
50
47
50
78
50
45
33
50_86
45
50
93
50
45
50
45
50
50
48
36
50
48
50
50
48
50
48
50
50
48
50
48
50
54
50
48
50_62
48
50
69
50
47
35
66
50
47
50
74
50
47
50
81
47
50
78
50
45
33
86
50
45
50
93
50
45
50
45
50
63
50
51_63
48
51_63
36
51_63
48
51_63
48
51_63
48
51_63
48
51_63
48
54
51_63
48
63
51_63
48
69
72
51_63
47
35
66
51_63
47
75
51_63
47
81
51_63
47
78
51_63
45
33
87
51_63
45
93
51_63
45
51_63
45
79_83
64_71_83
52_64
43
52_64
31
52_64
43
52_64
43
52_64
43
52_64
43
52_64
43
55
52_64
43
64
52_64
43
71
71
66_79
54_66
42
54_66
30
67
54_66
42
79
54_66
42
83
54_66
42
79
67
55_67
40
55_67
28
91
55_67
40
95
55_67
40
55_67
40
93
66_69
57_78_81
69
57_62
45_69_78_81
57_69
45
57_69
33
45_90
57_69
45
45
81
45
57_69
45
45_90
57_69
45
45
81
45
57_69
45
45
78
57_69
45
45
69
45
57_69
45
45
78
57_69
45
45
65_68_92
77_80
62
45_77_80
65_68
47
59
45_89
65_68
47
45
81
45
65_68
47
45
89
65_68
47
45
80
65_68
45_47
45
77
65_68
47
45
69
65_68
45_47
45
77
65_68
47
45
64_67_91
76_79
69
76_79
45_64_67
49
64
45
88
64_67
49
45
81
45
64_67
49
45
88
64_67
49
45
79
45
64_67
49
45
76
64_67
49
45
69
45
64_67
49
45_76
64_67
49
45
90
62_66
74_78
45_74_78
62_66
50
66
86
45
62_66
50
45
81
45
62_66
50
45_86
62_66
50
45
78
62_66
45_50
45
74
62_66
50
45
69
62_66
45_50
45
74
62_66
50
45
85
64_73
81_85
45_69_73
45_61_64
55
67
81
45
61_64
55
45
76
45
61_64
55
45
81
61_64
55
45
73
45
61_64
55
45
69
61_64
55
45
64
45
61_64
55
45_69
61_64
55
45
86
62_74
81_86
45_69_74
62
54
66
81
45
62
54
45
74
45
62
54
45
81
62
54
45
74
62
45_54
45
69
62
54
45
62
62
45_54
45
69
62
54
45
86
80_86
68_74
45_56_62
53
65
45
80
56_62
53
45
74
45
56_62
53
45
80
56_62
53
45
74
45
56_62
53
45
67
56_62
53
45
62
45
56_62
53
45
67
56_62
53
45
64_73
81_85_85
45_67_73
55_61
52
64
79
45
55_61
52
45
73
45
55_61
52
45
79
55_61
52
45
73
55_61
45_52
45
67
55_61
52
45
61
55_61
45_52
45
64
55_61
52
45
66_74_86
74_78_81_86
62_69
45_54_66_74
45_62
50
62
33
45
62
50
45
45
62
50
45
62
50
45
57
45
62
50
45
62
50
45
45
62
50
45
62
50
45
45_62
62
50
45
62
50
45
45
62
50
45
62
50
45
66
62
45_50
45
62
50
45
62
45_50
45
62
50
45
54
69
45_60
48
50_54
45
60
48
45
45
60
48
45
60
48
45
57
45
60
48
57
45
60
48
45
45
60
48
45
60
48
45
62
45
60
48
62
45
60
48
45
45
60
48
45
60
48
45
66
62
60
45_48
66
45
60
48
45
60
45_48
45
60
48
45
74
62_67
45_59
47
69
45
59
47
45
45
59
47
45
59
47
45
67
45
59
47
45
59
47
45
45
59
47
45
59
47
45
45_66_71
59
47
45
59
47
45
45
59
47
45
59
47
45
74
64_74
59
45_47
69
45
59
47
45
59
45_47
45
59
47
45
64_74
64_79
45_57
45
52_67
45
57
45
45
45
57
45
45
57
45
45
67
45
57
45
45
57
45
45
45
57
45
45
57
45
45
69
73
69
45_69_69_78
57
43
43_57
31
45
57
43
45
45
57
43
45
57
43
45
73
76
57
43_45
45
57
43
45
57
43_45
45
57
43
45
69_74_81
69_69_81_81
62
57_74
45_57
42
42_62
30
45
57
42
45
45
57
42
45
57
42
45
74
62
45
57
42
45
57
42
45
45
57
42
45
57
42
45
69
78
45_66
57
42
45
57
42
45
45
57
42
45
57
42
45
81
69_78
57
42_45
45
57
42
45
57
42_45
45
57
42
45
62_74_83_83
69_83
62
69_69_81_81
45_57
41
41
29
45
57
41
45
45
57
41
45
57
41
45
74
45
57
41
45
57
41
45
45
57
41
45
57
41
45
62
45_50_62_77
57
41
45
57
41
45
45
57
41
45
57
41
45
83
81
57
41_45
45
57
41
45
57
41_45
45
57
41
45
83
64_64_74_80
62_74_83
74
64_80
45_56
40
40
28
50
56
40
50
50
56
40
50
56
40
50
68
50
56
40
50
56
40
50
50
56
40
50
56
40
50
69
85
50_76
56
40
50
56
40
50
50
56
40
50
56
40
50
71
86
56
40_50
50
56
40
50
56
40_50
50
56
40
50
64_69_73_73
81_88
73_81
64
57_64_79
50_57
45
45_61
33
45
57
45
45
45
57
45
45
57
45
45
76
73
45
57
45
45
57
45
45
45
57
45
45
57
45
45
78
90
45_69_78
57
45
45
57
45
45
45
57
45
45
57
45
45
79
91
67_76
57
45_45
45
57
45
45
57
45_45
45
57
45
45
66
69_81
74_93
78_81
50_62_62_66_69_74
45
48
50_62
36
50
48
50
50
48
50
48
50
50
48
50
48
50
54
50
48
50_62
48
50
81
66
62_69_74_78_81
78
69
50_78_81
48
47
60
35
66
50
47
50
74
50
47
50_81
47
50
78
45_50
33
86
50
45
50
93
45_50
50
45
50
50
48
36
50
48
50
50
48
50
48
50
50
48
50
48
50
54
50
48
50
62
48
50
69_74
81
62_66_69
78
50
48_60
47
35
66
50
47
50
74
50
47
50_81
47
50
78
45_50
33
86
50
45
50
93
45_50
50
45
50
63
50
48
51_63
36
48
48
48
48
48
54
48
63
48
81
75
69
66
69_72_78
63
47
48_60
35
66
47
75
47
81
47
78
45
33
87
45
93
45
45
76_79
60_64_76_79
48
52_64
36
48
48
48
43
31
43
55
43
64
43
64_67_72
67_72_76
84
72_79
48_60
42
30
67
42
79
42
84
42
79
40
28
91
40
96
40
40
74
69_72_72_81
81_84_84
38_84
62_62
50_66_81_84
54
38
54
38
78
50
54
38
50
69
50
54
38
50_78
54
38
50
72
50
54
38
50
66
54
38
50
57
50
54
38
50_66
54
38
50
67_71_74
71_79_83_83
83
62_79
50_67_79_83
55
38
55
79
50
55
38
50
71
50
55
38
79
50
55
38
50
71
55
38_50
50
67
55
38
50
59
55
38_50
50_67
55
38
50
91
71_79
91
62
59
50_59
38
59
50_50_83
59
38
50
79
50
59
38
83
59
38
50
74
50
59
38
50
71
59
38
50
62
50
59
38
50
71
59
38
50
74
69_78_90
69_81_90
81
50_62_62_78_78_81
62
38
62
81
50
62
38
50
78
50
62
38
50_81
62
38
50
74
62
38_50
50
69
62
38
50
62
62
38_50
50
69
62
38
50
67_76
83_88_88
67_76_79
50_67
43
67
31
50_50
79
67
43
50
76
50
67
43
79
67
43
50
76
50
67
43
50
67
67
43
50
64
50
67
43
50_67
67
43
50
71
64_71_71
55_83_83
79
50_64_76
67
43
50_76
67
43
50
71
50
67
43
50_76
67
43
50
67
67
43_50
50
64
67
43
50
55
67
43_50
50
64
67
43
50
69_76
86
66_69
81_86
57_57_66_66_74_74_78
50_66
45
66
33
45_81
66
45
74
45
66
45
45_81
66
45
69
45
66
45
45
66
66
45
57
45
66
45
45
66
66
45
64_67_76
64_67_73_79_85_85
45_57_64_73_79
64
45
64
81
45
64
45
73
45
64
45
45
81
64
45
69
64
45_45
45
64
64
45
57
64
45_45
45
64
64
45
81
62_66_66_74_74_86
62_66_66_78_86
74
57_74_78
45_62
38_45
45
38
50
50
38_45
50
52
54
52
50
52
38_45
54
50
57
38_45
62
50
66_74
38_45
64_73
38_45
50
66_74
67_76
69_78
38_45
71_79
38_45
50
67_76
66_74
64_73
38_45
66_74
38_45
50
69_76
74_78
76_79
38_45
78_81
38_45
50
74_78
69_76
57_62_66_74
38_45
54
57_61_69_81
38_45
52
50
62
54
64
55
57_66
38_45
57
57_67
38_45
59
50
64
55
62
54
57_61
38_45
52
54_62
38_45
57
50
57_64
62_66
64_67
38_45
66_69
38_45
50
62_66_78
57_64_76
66_74
81
54_62
54_62_69_74
50_57
38_45
73
64_83
61
52_57_64
50_57
38_81
50
83
81
76
67_83
64
55
81
83
81
78
69_83
66
57
81
83
81
71_79
83
67
59
50_57
38_81
83
81
83
74_83
71
62
50_57
38_81
50
83
81
71
79_83
59_67
81
83
81
78
69_83
57
57_66
81
83
81
67_76
83
64
55
50_57
38_81
83
81
66_74_83
50_54_57_62
50_57
38_81
50
83
81
69_76_83
57
64
81
83
81
78
74_83
62
66
81
83
81
76_81_83
69
64
50_57
38_81
83
81
78_83_86
66_74
50_57
38_81
50
83
81
78
81_83
66
69
81
83
81
76
79_83
64_67
81
83
81
74_78
83
62_66
50_57
38_81
83
81
68_76_88
56_64
52
40_47_86
88
86
74
78_88
62_66
86
88
86
76
80_88
64_68
86
88
86
78_81_88
66_69
52
40_47_86
88
86
83
80_88
71
68
52
40_47_86
88
86
81
85_88
73
69
86
88
86
86
83_88
71_74
86
88
86
83
86_88
71
74
52
40_47_86
88
86
83_88
86
52_56
71_74
52
40
86
88
54_57_86
88
86
56_59
88
86
88
57_61
52
40
86
88
59_62_86
40
40
88
86
61_64
88
86
88
62_66
86
78
80
62_66
40
40
78
83
28
40
85
62_66
83
85
83
85
83
76
78
76
81
61_64_83
81
83
81
83
81
74
76
74
80
59_62_81
80
81
80
81
80
73
74
73
78
57_61_80
78
80
78
80
78
71
73
71
76
78
56_59
76
78
76
78
76
69
71
69
75
54_57_76
75
76
75
76
75
69
71
69
74
76
52_56
74
76
74
76
74
76
74
64
66
64
71
73
71
73
71
73
71
73
71
64
66
64
74
76
74
76
74
76
74
76
74
64
66
64
71
73
71
73
71
73
71
73
71
64
66
64
71
33_45
45_73
52_55
71
73
71
73
71
73
71
64
66
64
69
71
69
71
69
71
69
71
69
64
66
64
71
73
71
73
71
73
71
73
71
64
66
64
69
71
69
71
69
71
69
71
69
64
66
45
64
67
55
45_57
69
67
66
67
69
71
73
74
45
76
78
79
52
52_55_78
76
74
73
71
69
67
45
69
71
61_64_73
55
74
76
78
79
81
83
45_85
86
88
69_76
52
86
85
83
81
79
78
76
78
79
45
81
83
85
57
69_73
86
88
90
91
93
95
97
98
45
100
102
103
57
73_76
102
100
98
97
95
93
91
90
33_45
88
86
67_69_85
78
45_57
57_69_76_79
83
45_57
81
79
78
76
74
73
71
69
33_45
67
66
64
45_57
79_85
62
61
59
57
55
54
52
50
49
33_45
47
45
57_66
74
57
50_57_78_86
26_38
38
50
55
54
62
52
54
57
55
64
66
52
64
62
64
50
66
54
50
69
49
47
74
50
49
74
45
47_62
74
26_38
38
50
55_67
57
59
62
61_71
69
57_71
69
55_71
59
57_74
74
54
52_79
73
55
54_79
71
50
49_79
69
26_38
38
52
55
73
61
64
67
66
76
74
62
76
74
61
76
64
62_79
79
59
57_78
84
60
59_76
84
55
54_74
84
26_38
38
57
60_79
66
69
72
71_81
79
67_81
79
66_81
69
67_84
84
64
62_93
83
74
62
66
64_93
81
60
59_93
81
71
26_38
38_50
59
62
71_91
79
74
86
74
71_91
79
62
57_91
79
69
26_38
38_50
57
62
69_90
78
74
86
74
69_90
78
62
56_90
78
74_83
26_38
38_50
56_59
62
68_88
76
74
86
74
68_88
76
62
55_90
78
73_81
26_38
38_50
55_64
61
67_88
76
73
85
73
67_88
76
61
54_88
69
76_81
26_38
38_50
54_57
57
66_81
69
81_86
74_81
53_62_65
38_50
53_62
69
65_81
57
52_86
74_79
26_38
38_50
52_64
55
64_79
67
79_85
73_76
52_61_64
38_50
55_64
73
67_76
61
54_86
74_78
26_38
38_50
54_62
57
66_74
69
83_83
71_74
43_50_59
43
55_62
74
71_74
62
81_81
69_74
45_54_57
45
57_66
74
69_69
62
81_81
69_73
45_52_61
45
57_64
73
69_73
61
57_69
57
26_38
50
57
38
55
54
62
52
54
54_57
57
55
66
52_55
64
52
66
64
50
66
50_54
54
52
69
36
48
48_52
36
48
47
74
35
47
47_50
35
50
45
74
33
45
45_48
33
50
47_62
74
31
43
43_47
31
50
35
55_67
38
59
43
62
47
59_62
74
59
71_72
45
57_60
69
60_71
57
69
59_71
43
55_59
71
55
69_74
74
41
53
53_57
41
57
53
55_79
72
40
52
52_55
40
67
52
65_79
71
38
50
50_53
38
53
50
52_79
69
36
48
48_52
36
55
40
60
72
43
64
48
67_76_79
52
64_67
79
64
74_77_77
76
50
62_65
74
65
76
62
74
64_72_76
76
48
60_64
76
60
71_74_74_79
79
47
59
59_62
47
62
59
60_69_72_84
81
45
57
57_60
45
72
57
71_74_74_86
83
43
55
55_62
43
62
55
52_72_76_88
84
36
48
48_64
36
55
40
60_72
72
43
64
48
67_72_79
91
79
52
52
64_67
79
64
74_76_77_77
89
72
79
50
50
62_65
74
71
65_76
72
62
74
71
64_67_76_76
88
72
79
48
48
60_64
76
60
67_74_74_79
86
74
79
47
67
47
59_62
47
62
59
60_69_72_84
84
76
79
45
72
45
57_60
45
72
57
71_74_74_86
86
79
79
43
71
43
55_62
43
62
55
64_72_72_76_76_88
84_88
84
64_72_76
36_48
64_72
36_48
60_64
36
64_72_76_88
84_88
72_84
64_72_76
64_72
36_48
48_60
36
64_72_76_88
84_88
72_84
64_72_76
64_72
36_48
48_60
36
64_72_76_88
84_88
72_84
64_72_76
64_72
36_48
48_60
36
64_72_76_88
84_88
72_84
64_72_76
64_72
36_48
48_60
36
64_72_76_88
84_88
72_84
64_72_76
64_72
36_48
48_60
36
64_72_76_88
84_88
72_84
72
64_72_76
64_72
36_48
48_60
36
52
36
60
40
64
48
64
48
72
52
76
60
76
60
84
64
88
72
76_84_88
60_64_72
64_72_76_88
84_88
72_84
64_72_76
64
48
48_60
36
64_72_76_88
84_88
72_84
64_72_76
64
48
48_60
36
64_73_76_88
85_88
73_85
69_76
45_69_73_76
57_69
45
45_57
33
45
52
33
61
40
64
45
64
45
73
52
76
57
76
57
85
64
88
69
76_85_88
57_64_69
64_73_76_88
85_88
73_85
57_69_69_76
69
45
45_57
33
64_73_76_88
85_88
73_85
57_69_69_76
69
45
45_57
33
65_72_77_89
84_89
69_81
69_72
57_69_69_77
60_72
41
41_53
29
45
53
30
57
33
65
41
65
41
69
45
77
53
77
53
81
57
89
65
77_81_89
53_57_65
65_72_77_89
84_89
69_81
57_69_69_77
72
53
41_53
41
65_72_77_89
84_89
69_81
57_69_69_77
72
53
41_53
41
66_74_78_90
86_90
69_81
62_74
57_62_69_78
62_74
50
38_50
38
45
57
26
66
33
69
38
69
38
78
45
81
50
81
50
90
57
93
62
93
81_90
50_57_62
66_74_78_90
86_90
74_81
62_66_69_78
62_69
50
38_50
38
66_74_78_90
86_90
74_81
62_66_69_78
62_69
50
38_50
38
67_71_79_91
86_91
74_83
62_74
62_67_71_79
62_71
43
43_55
31
50
91
79_83_86
31_35_38_43
66_74_78_90
86_90
74_81
62_74
50_66_69_78
62_69
50
38_50
38
50
90
78_81_86
38_42_45_50
67_71_79_91
86_91
74_83
62_74
62_67_71_79
62_71
43
43_55
31
50
91
79_83_86
31_35_38_43
66_74_78_90
86_90
74_81
62_74
50_66_69_78
62_69
50
38_50
38
50
90
78_81_86
38_42_45_50
88
64_73_76_76_81_85_88
85_88
73_81
33_37_40_45_57_69
57_64_69_76
62_69
45
45_57
33
45
49
33
52
37
57
40
61
45
64
49
69
52
64_73_76
45_57
61
45
64
49
69
52
73
57
76
61
81
64
76_85_88
57_69
52
33
55
37
61
40
64
45
67
49
73
52
67_76_79
45_57
61
57
64
52
67
49
73
45
76
40
79
37
85_91
33
85
79
91
45
35
33
78
90
45_86
33_37
76_81
45
88
33
38
74_81
86
45
40
33
85
73
45
80
68
33
41
83
71
45
33_40
73_85
45
68_80
33_41
83
71
45
40
33
45_73
85
68
47
80
71
83
50
33_45
69
81
48
76
64
49
67
79
52
33
45
66
78
50
73
61
52
76
64
55
45
33
62_74
53
65
56
74
62
59
45
33
74
62
53
65
56
62
74
59
45
33
74
62
53
65
56
62
74
59
33_45
62
64
50_76
69
52
64
57_76
62
33
45
62_76
64
50
69
52
64_76
62
57
33
45
64
76
62
50
69
52
62
64_76
57
33_45
38_50
40_52
45_57
50_62
52_64
57_69
62_74
76
64
78
66
76
64
78
66
76
64
78
66
76
64
78
66
76
64
78
66
76
64
78
66
76
64
78
66
76
64
78
66
76
64
78
66
76
64
78
66
76
64
78
66
76
64
78
66
76
64
78
66
76
64
78
66
76
64
78
66
76
64
78
66
76
57
64
78
66
76
64
78
66
76
62_64
78
66
76
64
78
66
76
64
78
66
76
64
78
66
76
64
64
78
66
76
64
78
66
76
57_64
78
66
76
64
78
66
76
64
64
78
66
76
64
78
66
76
64
78
66
76
64
78
66
76
69
64
78
66
76
64
78
66
76
57
64
57
78
66
76
64
78
66
76
62
64
62
78
66
76
64
78
66
76
64
78
66
76
64
78
66
76
64
64
64
78
66
76
64
78
66
76
57_64
45_57
78
66
76
64
78
66
76
64
64
52_64
78
66
76
64
78
66
76
64
78
66
76
64
78
66
76
64
69
57_69
78
66
76
64
78
66
79
76
57_64
67
57
45
45_57
33
78
81
69
66
76
79
64_67
78
81
69
66
79
76
64_64_67
64
52
81
78
66
69
79
76
67
64
78
81
69
66
79
76
64_67
78_81
69
66
76_79
67
64
81
78
66
69
79
76
69
67
64
69
57
81
78
66_69
76
79
67
64
78_81
66
69
79
57_64
76
69
57_69
64_67
57
45
33
81
78
69
66
76
79
64
67
81
78
69
66
79
76
76
64_64_76
67
64
52
81
78
66
69
79
76
67
64
78_81
69
66
76_79
67
64
78
81
69
66
76
79
67
64
81
78
69
66
76_79
67_81
69_81
64
69
57
78
81
66_69
76
79
64
67
78
81
66_69
79
85
76
64_69_76
57_69_76
67_73
57
45
33
45_78
86
81
69
74
66
45
85
76_79
64_67
64_73
45
64
52
78
45_81_86
69
66
74
45
79
85
76
69_76
64_67
64_73
45
64
52
45_81_86
78
66
69_74
45
76
79_85
45_69_73
64
67
69
57
81
45
78_86
66_69_74
45
85
76_79
69_76
57
67
45_64_73
57
45
33
86
78
45
81
66_69
74
45
76_85
79
67
45_64
64
73
64
52
78_81
45
86
74
66_69
45
76_85
79
69_73_76
64_64
45_67
64
52
78_81
45
86
69
74
66
45
76_79
85
45_69_73
64_67
69
57
78_81
45
86
69
66_74
45
76
57_67_73
79_81_85
57_85
57_67_69_73
45_57_64_76_79
45
57
45
33
78
45
86
81
69_74
66
45
64_76
85
64_79
73
64
45
64_67
64
52
40
86
81
45
78
69
66
74
45
85
64
76_79
64
57_67_69
64
45_64_73
64
52
40
81_86
45_78
74
69
66
45
69_85
76
69_79
64_67
69_73
45
69
57
45
78
45
81_86
66
69
74
45
79
69_76
57_85
57_69
57
73
45_64_67
57
45
33
78
45_81
86
69
66
74
45
76_79_85
76
64
67
64_64_73
45
64
52
40
78
45
81_86
69_74
66
45
79_85
76_76
64
57_69_73
45_64
67
64
64
52
40
78
45_74_83
62_71
66
45
81
69
76_79
69_85
45
69
57
67
64_73
45
45
45
66_74_74_78_86
86
62
62
50_62_62_66_69_74_74_78
45
62
50
50
38
50
50
50
50
50
45
38
45
54
54
54
54
50
42
50
57
57
57
57
52
45
45
62
62
62
62
54
50
50
69
62
50_57
45
74
66
54_62
50
76
69
57_64
45
78
74
62_66
50
81
76
64_69
45
86
78
66_74
50
88
81
69_76
45
90
86
74_78
50
93
64_73_81_85_88
76_85
57_57_61_64_69_69_73_81
57
45_57
45
45
90
66_74_78_86
78_86
62_62_66_66_69_74_74_78
62
50
50
50
50
50
50
50
45
38
45
54
54
54
54
50
42
50
57
57
57
57
52
45
45
62
62
62
62
54
50
50
69
62
50_57
45
74
66
54_62
50
76
69
57_64
45
78
74
62_66
50
81
76
64_69
45
86
78
66_74
50
88
81
69_76
45
90
86
74_78
50
93
64_73_81_85_88
76_85
57_57_61_64_69_69_73_81
45
45_57
33
45
90
66_74_78_86
78_86
62_62_66_66_69_74_74_78
50
50_62
38
50
69_69_73_81
81
64_73
57_64_73
57_69
57
45_57
45
45
57_69
69_69_74_78
78
66_74
50_62_66_74
50
57_69
62
50_57
50
50
57_69
69_69_73_81
81
64_73
57_64_73
57_69
57
45_57
45
45
57_69
69_69_74_78
78
66_74
50_62_66_74
50
57_69
62
50_57
50
50
57_69
69_69_73_81
81
64_73
69
57_64_73
57_69
57
45_57
45
45
57_69
69_69_74_86
86
66_74
66_74
50_62_66_74
50
57_69
62
50_57
50
50
57_69
69_69_73_88
88
73_76
69_76
57_64_73_76
57_69
57
45_57
45
45
57_69
69_69_74_90
90
74_78
74_78
62_66_74_78
50
57_69
50
50_57
38
50
69_69_73_93
93
73_81
69_81
57_64_73_81
57_64_69
45
45_57
33
45
69_69_74_90
90
74_78
74_78
62_66_74_78
50
62_69
50
50_57
38
50
69_69_73_93
93
73_81
69_81
57_64_73_81
57_64_69
45
45_57
33
45
69_74_74_86
86
74_78
66_74
50_62_74_78
50
50_62
62_69
50
50
38_50
38
50
50
50
50
50
50
50
50
50
50
50
50
50
50
50
50
50
50
50
50
50
50
50
50
50
50
50
50
50
50
50
50
50
50
50
50
50
50
50
50
50
50
50
50
50
