60
62
63
63_67
63
48
36
55
63
67
67
63
60
67
75
60
58
67
55
75
80
62_68_72
53
67
41_53
29
68
56
72
65
65
60
62
60
62
63
67_75
63
48
36
55
63
67
67
63
60
67
75
60
58
72
55
75
84
68_74_74
53
70
41_53
29
72
56
74
68
65
60
62
62
63
62
65_68
53
65
47
35
56
56
62
65
68_74_77
62
65
68
74
68
67
60
63_67
51
63
48
36
55
55
60
63
67_72_75
60
63
67
72
67
65
60
60_65
48
60
44_56
44
56
53
60
65
65
56
60
62
65
60
66
66_72_72
59
60
67
67_71_71
50
62
43_55
43
62
55
67
63
67_72
55
63
48_60
48
67
60
72
72
64
60
64
46_58
46
67
72
65
72
53
65
44_56
44
65
60
77
74
70_74_74
70
41_53
41
65
53
74
72
65_72_72
60
44_56
44
65
53
68
77
74
74
53
62
46_58
46
65
58
74
70
67_70_70
67
39_51
39
62
51
70
68
62_68_68
56
41_53
41
62
50
65
68
63
63
51
60
44_56
44
62
60
60
60
63
59
60
60
55
63
43_55
43
60
60
63
62
69_72
57
62
42_54
42
60
60
62
59_67_71
55
67
41_53
41
60_69_72
57
39_51
39
72
65_71_77
59
38_50
38
74
75
63_72_75
60
36_48
36
55
63_67
65
63
67
67
63
63
63_67
62
67
75
63
60
48
67
51
63_67
58
75
55
79
80
72
62_68
56
41_60
29
62
56
72
77
53
74
68
72
68
74
75
63
48
36
55
67_75
67
63
67
67
63
63
67_75
62
67
75
63
60
51
72
55
72_75
55
75
60
82
84
74
74
53
41_62
29
62
60
74
80
53
74
68
74
75
77
56
62
47_53
35
53
56
65_68
56
62
68
62
53
65
68_74
68
80
74
74_77
79
75
55
60
48_51
36
51
55
63_67
55
60
67
60
51
63
67_72
67
79
72
72_75
77
72
60
53
44_48
32
56
53
60
56
65
65
60_65
65
60
74
65
72
71
72
66
66_72
66
72
74
71
67
62_71
67
43_55
31
62
67
75
72
63
63_72
48
36
67
72
76
64
72
64_67
60
46_58
46
67
72
77
72
65
44_56
44
65
65_77
77
82
56
65
41_53
41
74
65
70_74
65
60
44_56
44
72
65
80
68_72
65
74
65
62
58
46_58
46
62
65
62_74
74
79
62
39_51
39
70
67
67_70
62
60
56
41_53
41
68
65
77
65_68
60
60
72
66
60
63
44_56
44
74
72
71
72
75
67
60_63
67
43_55
43
74
59
62
62_67
65
43_55
31
72
48
48_55
36
55
48
60
55
60_64
64
64
60
64
67
72
48
48_53
36
53
68
48
59
56
59_62
65
56
62
64
59
62
62
72
48
65
48_55
36
55
48
60
55
60_64
64
64
60
76
64
67
48
48_53
36
53
77
68
48
74
59
56
62_71
65
56
65
72
64
59
71
65
62
74
48
65
48_55
36
55
48
72
64
55
64_72
64
72
64
79
72
60
52
40
53
53_57
41
57
81
57
53
77
69
57
62
76
60
74
69
62_74
65
47
35
67
52
71
52_55
40
55
79
55
52
76
55
60
74
59
72
67
60_72
64
45
33
65
50
69
50_53
38
53
77
53
50
74
53
59
59
72
62
57
71
62
57
62
53_57
41
63
63
57
52
64_68
56
52_59
40
59
72
57
52
71
64
59
56
68
72
57
64
71
68
56
35
52
64_68
52_59
40
59
69
54
52
68
64
59
52
68
69
54
64
71
68
56
35
52
64_68
52_59
40
59
72
57
52
71
64
59
56
68
76
60
64
72
63
54
63_66
57
57_60
33
40
69
54
68
60
52
69
54
71
68
59
64_68
56
52_59
35
64
56
40
72
57
71
56
72
57
74
59
76
60
77
62
76
60
75
59
74
56
72
57
57
74
59
75
60
42
45
72
57
48
51
54
57
60
69
60
57
62
71
55
63
72
54
54
57
60
69
60
63
66
69
60
57
72
69
62
59
67
63
60
66
69
60
57
72
75
78
63
60
81
60
84
60_72
84
57
56
86
62_74
87
63_75
55
36
48_55
36
51
43
63_67
53
55
51
67
63
63
48
51
63
55
63_67
50
67
63
75
67
48
67
63
67_75
46
75
67
80
72_91
67_79
50
68
41
41_44
29
72
68
53
74
51
80
72
89
65_77
72
68_86
62_74
62
72
53
68
84
60_72
65
62
86
62_74
87
63_75
55
36
48_63
36
51
43
63_67
62
55
51
67
63
63
48
60
63
55
63_67
55
67
63
75
67
51
67
63
67_75
48
75
67
84
74_94
70_82
56
68
41
41_53
29
72
72
65
74
44
84
74
92
68_80
74
72_86
62_74
68
77
53
74
86
62_74
68
65
87
63_75
89
65_77
56
68
47
47_65
35
53
50
56
53
67
63
68
65
62
65
56
62
65
62
74
53
68
65
74
68_92
68_80
68
65
68
59
74
68
91
67_79
87
63_75
55
67
36
48_63
36
51
48
55
51
65
62
67
63
60
63
55
60
63
60
72
51
67
63
72
67_91
67_79
67
63
67
60
72
67
89
65_77
84
60_72
48
60
44
44
32
53
48
72
65
60
72
56
53
65
60
86
62_74
72
65
84
60_72
66
60_83
59_71
66
54
72
66
84
60_72
66
60
71
67_86
62_74
50
59_67
43
43_55
31
67
62
55
71
67
72
67_87
63_75
55
60
48
48
36
67
63
60
72
67
72
67_88
64_76
60
58
46
67
64
72
67
72
65_89
65_77
56
56
44
65
60
60
65_77
53_65
77
68
94
70_82
53
41
74
70
53
70_74
58_62
65
62
53
56
44
72
65
92
68_80
60
68_72
56_60
65
68
70
62_86
62_74
53
58
46
62
65
58
62_74
50_62
74
70
91
67_79
51
39
70
67
51
67_70
55_62
67
58
50
53
41
68
62
89
65_77
56
65_68
56_60
65
60
84
60_72
48
63_66
56
56_60
44
86
62_74
72
63
84
60_72
51
83
59_71
63
60
84
60_72
87
63_75
55
67
55
55
43
86
62_74
55
62_67
43
55_59
31
65
62
62
59
63
60_84
60_72
55
63_67
48
48_60
36
63
59_75_83
63_68_80
51_51
68_71
56
56_59
44
75_83
63_68_80
51
63_71
68
68
80_84
68_72
63
63
80_84
68_72
63
63
75_83
63_68_80
51
63_71
56
56
80_84
68_72
51
51
80_84
68_72
51
51
80_85
68_73
68_73
52
52
76_82
64_82
49
37
76_82
64_82
49
37
77_80
68_70
65_80
50
38
70_73
67_73
67_73
51
39
70_73
67_73
51
39
68_70
68_76
49_64
37
70
49
67_70
67_70
49_63
49
68_70
68_76
61_64
49
70
61
67_70
67_70
61_63
61
68
59_63
59
75
52_59
52
68_75
52_59
52
68_73
46_64
46
67_70
51_63
51
67_70
51_63
51
75_83
63_68_80
51
63_71
51_59
80
80_84
68_72
56_60
75
72
80_84
68_72
56_60
68
80_83
63_68_80
51
68_71
56_59
39
75_84
63_72
51_60
44
75_84
63_72
48
51_60
51
80_85
68_73
68_73
52_61
80
64
82_88
68_82
49_58
76
61
73
82_88
58
68_82
49_58
68
52
80_89
68_70
65_80
50_68
53
38
82_85
67_73
67_73
51_61
51
39
82_85
55
67_73
46
51_61
58
51
80_88
68_76
61_64
49
82
70
52
79_82
67_70
58
61_63
61
80_88
68_76
49_64
37
82
70
40
79_82
67_70
46
49_63
49
75_80
63_68
47_56
47
80_87
68_75
52_56
52
80_87
68_75
56
52_59
59
80_85
68_73
46_64
46
79_82
67_70
51_63
51
79_82
67_70
55
51_63
58
68
68
63
59
75
59
52
67
73
68
59
53
70
54
54
65
61
71
66
59
51
78
71
44
70
58
76
71
59
43
74
42
70
58
75
71
59
47
35
82
78
70
40
28
80
76
68
78
75
66
42
30
77
74
65
44
32
76
73
64
46
34
75
71
63
47
35
74
68
62
41
29
71
68
59
40
28
71
68
63
39
27
70
67
75_83
63_68_80
51
63_71
51_59
80
68
75
80_84
63
68_72
56_60
72
60
68
80_84
56
68_72
56_60
63
51
80_83
63_68_80
51
68_71
51_59
51
39
75_84
56
63_72
44
56_60
60
48
75_84
63
63_72
51
56_60
68
56
80_85
64_68_80
68_73
52_61
80
64
76
76_82
76
61
68_82
49_58
73
58
68
76_82
52
68_82
49_58
64
49
77_80
65_68_77
65_80
50_68
53
38
70_73
58_67_70
55
67_73
39
51_61
58
43
70_73
61
67_73
46
51_61
67
51
64_68_68
64
76
49
49
52
70
58
61
70
64
88
68_68_80
64
49_64
76
37
73
82
40
58
68
46
64
82
49
58
61
52
65_68_68
65
77
50
50
53
70
58
62
70
65
89
68_68_80
65
50_65
77
38
74
82
41
58
68
46
65
82
50
58
62
53
65
65
56
56
72
50
64
70
65
58
67
49
62
68
63
56
48
75
68
41
67
73
68
56
40
71
39
67
72
68
68
44
79
75
67
36
77
73
65
37
75
72
63
39
74
71
62
40
68
56
70
58
68
71
41
59
73
61
76
73
64
42
70
58
72
60
70
73
43
61
75
63
78
75
66
44
84
72
60
86
74
62
72_87
60_75
48
63
60
62
63
63
36
36
55
63_67
43
63
67
67
51
63
63_67
60
67
75
60
58
67
63_67
55
75
80
62_68_72
67
53
41
29
68
56
48
72
65
65
62
60
56
60
62
63
63
36
36
55
67_75
43
63
67
67
51
63
67_75
60
67
75
60
58
72
67_75
55
75
84
72_74_74
70
53
41
29
72
56
48
74
68
65
62
60
56
62
63
62
65
53
47
35
56
65_68
56
50
62
65
68
62
56
65
74_77
68
74
68
67
60
63
51
48
36
55
63_67
55
51
60
63
67
60
55
63
72_75
67
72
67
65
60
60
48
44
44
56
53
48
60
65
60_65_65
56
53
60
62
65
60
66
66_72_72
59
60
67
67_71_71
62
50
55
43
62
55
67
63
67_72
63
55
60
48
67
60
72
72
64
64
60
58
46
67
72
65
72
65
53
56
44
65
65_77
60
77
74
74
70
53
41
65
70_74
53
74
72
72
60
56
44
65
68_72
68
53
77
74
74
62
53
58
46
65
62_74
58
74
70
70
67
51
39
62
67_70
51
70
68
68
56
53
41
62
65_68
65
50
68
63
63
60
51
56
44
62
60
60
60
59
63
60
72
60_60_63
63
55
55
43
63
60
72
62
62_69_72
62
57
54
42
60
60
62
67
59_67_71
67
55
53
67
41
59
67
60
60_69_72
57
51
39
67
72
65
65_71_74
59
50
38
67
74
63
63_72_75
75
60
36
36
55
63_67
43
65
63
67
67
51
63
63
48
63_67
62
67
75
60
51
60
67
55
63_67
58
75
80
72
79
60
62_68
41
56
29
62
56
48
72
77
68
74
53
56
72
68
74
63
75
36
36
55
63_67
43
67
63
67
67
51
63
63
51
63_67
62
67
75
60
55
60
67
60
72_75
55
75
84
74
82
62
74
41
53
29
62
60
48
74
80
68
74
53
56
74
75
62
77
53
47
62
35
56
56
65_68
50
62
68
65
62
56
53
65
68_74
68
74
80
74_77
79
60
75
51
48
60
36
55
55
63_67
51
60
67
63
60
55
51
63
67_72
67
72
79
72_75
77
60
72
48
44
53
44
56
53
48
60
65
65
56
60_65
53
65
60
74
65
72
72
66
71
66_72
56
66
72
71
67
74
55
62_71
55
67
43
62
67
72
63
75
60
63_72
60
48
67
72
64
72
76
58
64_67
58
60
46
67
72
72
65
77
56
56
44
65
65_77
77
56
82
53
53
65
41
74
65
70_74
65
60
56
56
44
72
65
80
68_72
65
65
62
74
58
58
58
46
62
65
62_74
74
62
79
51
51
39
70
67
67_70
62
60
53
53
56
41
68
67
77
65_68
60
60
66
60
72
56
56
63
44
74
72
71
72
67
75
55
60_63
55
67
43
59
62
74
62_67
43
65
31
72
48
48
36
55
48
64
60
64
55_60
64
72
64
64
60
72
64
67
72
48
48
36
53
68
48
62
59
62
56_59
65
71
62
64
62
59
71
62
62
72
48
48
65
36
55
48
64
60
64
55_60
64
72
64
64
60
72
64
76
67
48
48
36
53
77
68
48
65
59
65
56_62
74
65
74
65
72
64
65
59
74
65
71
62
48
74
48
65
36
55
48
64
60
64
55_60
72
64
72
64
64
60
72
64
79
52
60
40
53
53
41
57
81
57
53
69
69
57
77
62
76
60
74
69
74
47
65
35
71
67
52
52
40
55
79
55
52
55
76
60
74
59
72
67
72
45
64
33
69
65
50
50
50
38
53
77
53_62
50
53
65_74
59_62
62
72
57_60
69
63
59
69_71
53
57_59
41
64_68
59
52_52
68
52
56
40
59
69_72
57_60
52
68
64
59
68_71
56_59
64
68
69_72
57_60
68
64
64
68
68_71
47
56_59
35
52
52
40
59
66_69
54_57
52
68
64
59
64_68
52_56
64
68
66_69
54_57
68
64
64
68
68_71
47
56_59
35
52
52
40
59
69_72
57_60
52
68
64
59
68_71
56_59
64
68
64_76
52_64
68
64
69
63_63_66
60
54_57
69_72
45
57_60
33
52
40
66_69
54_57
60
64_68
52_56
66_69
54_57
68
64_64_68
59
52_59
68_71
47
56_59
35
52
40
69_72
57_60
68_71
56_59
69_72
57_60
71_74
59_62
72_76
60_64
74_77
62_65
72_76
60_64
71_75
59_63
68_74
56_62
69_72
57_60
71_74
59_62
72_75
42
60_63
45
69_72
57_60
48
51
54
57
60
69
60
57
62
71
55
63
54
72
54
57
60
69
60
63
66
69
60
72
57
69
62
59
67
66
63
66
60
69
60
57
72
75
78
60
81
72_84
84
63
60
57
60
56
74_86
62
75_87
51_55
63
48_55
36
55_60
67
63
53
60_63
67
63
63_67
51
63
55
67
63
50
67
63
75
67
48
67
63
87
67_75
63
46
75
67
79_91
80
68
62_72
53_56
67
41_44
29
72
68
56_60
86
74
80
72
60_65
77_89
65
74_86
72_84
72
68
65_68
62
80
68
72_84
77
65
60
74
62
74_86
62
75_87
51_55
63
48_63
36
55_60
67
63
62
60_63
67
63
63_67
60
63
55
63
60
55
67
63
75
67
51
67
63
87
72_75
62
48
75
67
82_94
84
74
53_56
70
41_53
29
74
72
56_62
86
74
84
74
62_65
80_92
68
74_86
74_89
77
72
65_68
62
86
74
74_86
80
68
62
77
65
75_87
63
77_89
68
65
53_56
65
47
35
56_62
62_65
67
63
68
65
62_65
65_68
65
62
86
74
53
68
65
80_92
74
68
68
68
65
80
68
62
74
68
79_91
67
75_87
67
63
51_55
63
48
36
55_60
60_63
65
62
67
63
60_63
63_67
63
60
84
72
51
67
63
79_91
72
67
67
67
63
79
67
60
72
67
77_89
65
72_84
65
60
60
44
32
72_84
72
65
56_60
53
65
60
53_56
74_86
62
72
65
56_60
72_84
60
71_83
66_78
66_66
48_60
60_66
59
54
72
66
72_84
60
66
60
74_86
71_79
67_67
55_67
59_67
62
43_53
31
67
62
71
67
75_87
72
67
60
63
48
36
67
63
72
67
76_88
72
67
64
46
46
67
64
72
67
77_89
72
65
65
44
44
65
60
77_89
65
65_77
53
77
68
82_94
70
41
41
74
70
82_86
62
70_74
58
65
62
44
44
72
65
80_92
80_84
60
68_72
68
56
65
68
74_86
70
62
62
46
46
62
65
74_86
62
62_74
50
74
70
79_91
67
39
39
70
67
79_82
67
67_70
58
62
58
41
41
68
62
77_89
77_80
65
65_68
65
56
60
65
72_84
75_78
63
60
63_66
60
44_54
44
74_86
62
72
63
72_84
60
71_83
63
59
60
72_84
60
75_87
79
67
63
43_55
43
74_86
74_79
62
55
62_67
62
43
31
65
62
62
59
72_84
63_72
60
48_60
60_63
60
48
36
71_83
68_71
62_68_71
52_62
62_68
52
56_59
40
71
63_68_71
51
63_68
56_59
72
60_66_72
48
51_66
44_60
74
74
62
75
60_67_75
48
51_67
43_63
55
74
62_71_74
55
59_65
55_62
72
63_72
60
60_63
48_60
71_83
68_80_80_83
62_68_71
62_62_74
59_68
64
52_56
52
71_83
68_80_80_83
62_68_71
62_62_74
59_68
65
53_56
53
72_84
68_80_80_84
60_68_72
60_68_72
60_68
63
51_56
51
74_86
70_82_82_86
62_70_74
58
62_70
75_87
72_84_84_87
63_72_75
60_60_68
63_72
60
48_56
48
77_89
74_86_86_89
65_74_77
62
65_74
79_91
75_87_87_91
67_75_79
56_60_63
67_75
56
44_48
44
80_92
77_89_89_92
68_77_80
65
68_77
82_94
79_91_91_94
70_79_82
48_60_67
70_79
41
41_48
29
80_92
77_89_89_92
68_77_80
65
68_77
79_91
75_87_87_91
67_75_79
48_60_63
67_75
43
43_48
31
75_87
72_84_84_87
63_72_75
55_60_63
63_72
55
55_60
43
74_86
62_71_77_86
62_74_77
55_55_65
65_71
55
55_67
43
72_84
63_72_75_84
60_72_75
48_55_63
63_67
60
55_63
48
60
55_60
36_43_63
51
36
60
60
48
36
36
