89
93
94
96
89
94
98
62_70
62
70
60_69
60_69
65
65
57
57
89
93
94
96
93
88
91
57
60
53
69
65
93
53_57
89
58
70
94
60
96
72
53
89
53
58_98
62
94
58
62
70
62
58
70
62
62
69
69
60
60
53_60
57
57
53
57
65_65
57
53
57
93
65
69
89
94
70
58
72
60
96
69
93
57
55
55_64
67
60
48
53
91
88
48_64
55_67
57
60
53
65
48
77
60_77
65
53
57
77
48
79
57
53
60
65
77
48
76
48
53
57
60_74
76
57
45_52
60
64
76
76
60
52_57
64
77
76
60
64
57
52
52
57
60
64
58
55
50_62
43
74
58
50
62
55
74
74
76
50
62
58
55
74
50
72
55
70
58
62
53
46
73
61
58
73
53
61_73
58
46
75
48
52
60_72
55
52_60
55
36
48
52
57
45_48
60
48
52
41
69
69
69
41
69
55
55
48
57
43
48_69_69
39
60
45
69
70
72
39
69
45
60
54
57
48
48_54
42
38
54
67
67
66
57
67
69
38_54
38_57
54
69
70
57
60
69
67
38_54
55
58
50_55_62
46
50
43
55
62
50_55
58
67
55
65
61_70
49
53_58_58
53
34
69
60
48_52_52
57
57
36_64
60
41_48_53_53_57
45
44
65
65
44
48
53
57
60
65
44_58_62
34_53
45
36
43
45
64
45
44_60_67
36
55
36
43
43
45
45
43
44
60
41_57_65
36_49_57_65
53
44_48
77
57
44
60
65
77
38_53
44
41
36
48
77
79
53
44_60
36_41
65
57
48
77
44
76
38_57_65
53
60
44
36
48
41
44
74
44
45
76
60_81
36_45
64
52_57
76
76
44
76
72
76
64
38
44_57_72
60
52
69
36
44
69
77
45
64
76
44
45
52
57_60_64_64
36
60
44_60
57
38
64
52_57
52
57
44
60
52
45
36
44
52
43
62
55_62
58
43_50
36
44
55
74
44
38
50_55
58_62_74
44
44
36
43
74
76
50
36
55
58
43_62
44
44
74
55
44
58
38
62
72
50
36
70
43_44
36
53
58
46_58
46_53
61
44
61
73
58
61
53
58
44_53_73
61
53
61
58
61
53
73
53
44
38
58
61
58
36
44_46
75
46
60
48
73
44_52
55
52
55
48
36
60
55
72
52
60
44_55
52
60
60
52
55
38
55
60
52
52
44_55
60
36
36_44
48
36
44
52_57_60
48_52
60
36
41_45_48
69
69
44
38
69
44
69
41
44
36
69
43
39_67
48_60_69
36
55_57
55
48_69
44
45
44
69
38_70
44
72
44
36
39
69
42
57
48
54
44_45
66
38_60
36_48_54
44
67
54
67
66
57
38
44
67
38
36_44_54_69
36
44
38
57
54
69
44
70
44
38_60
57
69
36_38_54
44
67
43
58
67
44_58
55
62
36_50
55
46
50
44
55
38
44
55
62
58
50
44
36
67
55
65
58
44_61
70_70
36
61
53
34
49
58
53
44
44
36
57
52_60_60_64
38_69
69
48_52
57
38
36
44
57
41
65
53
44_57_60_65
36
65
48_53
45
44
65
89
53
44_57_93
38
69
58
70
94
44
36_41
60_72
96
89
53
98
41
94
36_44_62
70
58
65
44
53
38_62_70
58_62
44
62
70
69
60
36
60_69
44_53
36
53_57_69
65
41
44
65
57
44
65
57
44
38_57_65_69_89
93
53
58
70
94
96
41
36
44
60
72
69
93
57
67
41_64
36_44
60
91
55_67
45
48
64
41
88
45
44
41
36
67
41_48_55
64
38
45
48
44
50
41_45
38
52
45
44
40
41
36
45_48
41
36
49_53
48
36_53_53_60_60_65_69_72
44_69
41_57_72
41
65
44
48_53
41_65_69
44
38
41
41
44_48
36
53_77
65_77
60
53_57
60
45
44_57_65_77
65
48_53_77
41
36_53
60
44
69_72_77
60
44
65
53_69_72_77
38_41
48
57
45
36_60
44
53
44
74
62
77
36_46_58_77
53_58
62_65
46_53
65
44
76
60
76
64
53
58_72
44
38
46
72
58
70
46_74
65_70
53_53
62_62
46
44
74
36_58
72
60_65_70_72
48
55
44
36_55
48_53_60
58_69_74
60
44
36
55_70
60
38_44_48_55_67_72
58_64
52
64
38
70
44
36
40
70
36
65
53
60
60
65
36_69
41_41_44_48_65
57
60_69
57_69
53
60
44
53_65
41
38
44_60
48_60_65
60_65
41
74
53_57_62_74
36
60
44
44_63
45
60_72
45_60
63_67_72
52_52_55
63
57_67
60_60
55
36
60
44
67_74
74
74
38_63
67
44_60_63_67_72
67
63
60_72
67
60_72
45
36
44
74
58_62
46_53_62
36_53
50_58_70
70_74
62
62_62
46
44
58
44
72
72
60
69
69
72
69
46_58
53
44
38
67
70
53
67
46_58
44_46_50
58_62
53
70
67
70
36_62_62
70
58
61
61
36
69
53_58_65_65_69
44_46_46_65
53_69
69
61
65
69
61
44
58
38_65
46_65
53
44_46_61_61_67
61
65
61
45
53_61
46
44
58
36
43
60_65
41_69
44_60_60_60_65_65
53_69
48
57_69
36_53
41
69
44
72
48
53
38_60
44_72
41
60
57
53_57_60
65
36_44_53_62_65_65
57_62
41
57
48
41_65
62
57
62
53
38
50
36_57
44_50
44
62
44_57_57
38
50_57
62_62
36_44_50_57
65
53
38_65
69
69
58
62
58
44
65
46_65_70
53_53
70
34
70
62
62_65
36
70
62
44
53
69
65
58
38_46
65
44_62
62_69
65_69
69
62
36
44_58_58_62_67_67
53
34_67
53
46
67
36
60
55_60_65
55_58
58
44_48_52_65
36_60_60
58_65
58
65
58
64
44
64
58_60
64_64
60
58
60
44_55
48
38_60
58
57
52_65
57_60
55_65
44
36_65
36_57
60
60
65
60
44
41_53_57
48
41
36_53
44
65
57
44
69
65
53_65_93
41_48_69_89
38
53
65_69
69
94
70
58
69
69
41
69
41_44
36_48_53_53_60
96
57_69
60_72
53
69
89
69
58
62_94_98
36
62
70
41_53_58_65
44_53_58
62
69
65
46
69
65
70_74
70_74
74
44
74
74
74
46
53
70
62
44
38_70
62
53_58_74
58
62
74
74
74
69
62
36
53_58_60
53_60
44_69
57
53
48
53
36_41_57
41_53_60_69
44
69
65
65
65
44
65
57_57
69
69
44
65
69_89
41_53
48_93
53_65
38
69
57
58
70
69
94
69
53
44
48
57
53_60_72
41
60_96
69
36
41
69
93
69
57
69
69
88
41
48_60
55_64_69
55
67
60_64
52_60_64_67_91
44
48_60
64_69
55
36
60
67
67
44
67
67
67
67
44
67
67
55_60
64
38_55
48
48
67
48
67
67
52
36_44
48
55
60
38
41
60_65
60
57
36_41_53_60
53_65
44
57
48
53
44_48
77
57
53
41_48
44
38_53_65
60
77
53_77
57_60
41
36
44
41_48
48_53
79
57
44_65
36_53
41
60
48
60
53
57
77
44
76
53_53
44
60
41
48
38
65
57
41_44
36_48_57_60
53
74
60
52
52_57
76
45_69
36_52_57_57
57_60
64
45_64
52
44
45
44
76
76
44
60
38
45
57_64
52
57
52
60
52
44_74
45
36_52_57
45
57
76
44
36
52_60_64
45_57
44
57
60
52
64
69
52
60
38_45_67
57_57
52
44_52
64
72
60
36_57
44_64_69
52
45
50_62
43
44
36_55
55
62_62
50_67
55_70
43
43_50_55_58_58
58
44_74
55
50
62
43_74
55
58
44
38
50
55
43_55_74
36_43
44
50
62
58
76
36_55_58
44
50
43
62
58_62
44_55
70
62
74
50
65
77
38
43_44_58
50
55
72
62
55
62
70
44
43
36
58
62
70
55
61
53
73
58
46_65
53
53
58_58_70
46_73
44_58
53
61
36
46
73
70
65
70
44
65
73
73
70
73
65
73
58_58
38_61_73
65
70
53
46_53
44
61
46_53
58
44_46_53_58_75
36
46
48
52
60
55
44_67
52
55
48_55_60_72
64
60
36_72
55_72
48
64
60
52
64
67_72
64
72
64
44_64
67
64
64_67_72
55
67
60
48
38_64_72
52
64
55
44
60
36
36_44
48
36
52
45_48
57
41
41_60
36_52_52_57
44
48
48
60
53
60
44
69
69
70
53
69
72
38
44
48
41
69
36
57
52
41_44_69
41
53
48_60
69
55
48
45
55
57_60
39_43_48_60
48_55_55_57
60_69
69
36
51
44
72
44
69
74
55
38
44_48
75
70
60
74
72
72
39
51_55_57
60
36
44
45
48_54
36_50
44_60
57
60
48
38_62
54
42
54_57_57
69
54
44
69
70
67
38
57
44_50_57_66_72
62
70
67
60
62
50_69
54_57
36_38_54
57
69
44
67
36
44
57
38
66
57
54_60
54
44
69
70
38
60
57
44
62
50
57
69
38
54_67
44
36
58
62
67
55
46
50
55
43
36
58
43_58
62
62
55
50
55
44
50
44
55
50
58
58
62
55
43_44_55
38
62
50
50
55_67
67
36_43_58_62
55
44_55
49
58
53
65
36
44_61
61_65
53
53_58_58_61_70
46
58
34
70
53
44
48_52
57
48
69
57
60
38_64
36_55_55
44_52_69
60_60
60
52_64
44
36
48_53
45
57
53
44_60
36
41_53
57_60_60_65_65
57
48_65
41
53
44
48
41
69_69
53_89
38_65
93
65
53_57
44
94
58
70
69
60
41
96
57_72
48_53_60
36_41
53_69
44
69
89
53
44
94
41
53
46_58
62
36
50_58
53_98
69
65
58
70
74
74
44
74
53
53
44
38_58_62_74
58
46
74
50
53
53
36
44_58
41
36_65
41
60
57
44_53_57
48_53_53_69
44
44
53_89
48
57_65_69
38
53
69_93
41
70
94
58
69
53_60
60
96
41_69
53
41
44
36
72
57
48
69
69
57
93
52
41
41
36
48_64_67_88
44_45_91
60
60_64
55
48_60
55
55
69
67
44
45
67
41
67
60
45
41_60
52_67
36_48_55_67
48_55
55
38
44_48_64
45
50_67
41
38
45
36
41
44
52
40
41
36_45
48
44
41_69
69
72
41_57
36_48_53_53_60_65
53_60
49_72
65
44
44
38_41_53_65
69
48
41_77
60
44
53
65
77
36_41
57
53
48
45
65
53
48
77
41_44
53_57
60
65
60_77
36
69_72_77
44
69_72_77
48
41_44
38_53_60
65
36
57
53
44
60
45
62
65
36
46_74
44
65_77
53_53_62_77
58
58
46
44
76
76
60
64
46
72
44
58
38
53
72
46
62_70
70
36
46_74
58
65
58
44
53
53_74
62
65_72
70
60_72
69_74
48_60
36_44_48_55_58
60
53
55
44
67_72
52
44
64
70
36_48
58
38
55_60_64
55
38
36
70
44
40
70
36
65
57
60
65_69
69
41_60
36_60_65
41
53_53_60
48_69
57
44
44
60_65
53
38
41
60_65
48
44_60
65
57
74
53
60
36
62
41_44
74
63
55
60
44
45
55_67
36_63
57_60_72_72
45
67
60_63
52_60
60
52
67_74
74
44
74
67_72
63
67
60_72
60
67
67
63
72
44
38_63
60
36
44
45
62
62
58
44
53
50
46_74
62
36_62_74
70
46
53
58
58_62
70
44
72
69
72
60
72
69
69
44
53
46
38
58
67
62
70
36
67_70
46_53
44_70
46
58
62
53
67
58_70
50_62
65_69
65
69
61
53_58
36
65
61
44_46_46_53_61_65
69
61
69
69
58
44
61_67
65
61
46_58
65
46_61
44
61_65
53
38
45
46
36_44
58
53
61
43
60_65
69
60
57
65
60_69
36
41_48_65
69
60
53
41_53_69
44
44
60
60
72
44_48
41
38
72
53
57
65
62
65
44_57_65
48_57
41_41_60_62
53
53
36_57_65
62
50
44
38
50
36
57
53_57_62
44
57
62
38_44_57
57
50
62
62
57
65
38
36_44_50
53
65
69
69
65
70
62
77
62
58_58_65
34_53
53_65
36_46_62_70_70
44
62
44
69
65
62
46
53
44_62_65
58_69
38_65
62
69
74
67
67
67
34
36
44_53
70
58
62
60
58
65
55
69
58_58
55
36
48
36_60
44_60_60
52
60
65_65
64
58
60
44
64
58
64
58_60
60
72
69
38
44
57
60
65
44
65_65
57
60
60
36
57
36
60
41
36
48_60
44_65
57
41_53
53
44
65
69
48
38
89
65_69
44_69
69
53_65_93
57_65
41
53
69
94
70
58
69
69
96
36_41
53
41
44_53_57_60
72
48_60
69
69
69
89
53
69
65
44
98
58
69
41_46_53_58
58_65_65_94
62_62
36
53_62
70
70_74
70
74
74
44
74
74
74
74
53
62_70
44
58
74
46_53_58_62_70
38
62
74
74
62
69
36_44_60
60
53
58
53
69
69
65
60
53
69
48
53_57_65
53_57
41_44
41
36
65
65
57
44_57
69
53
69
48_69
38_65_65_69_89
53
57_93
41
44
69
58
70
69_94
69
60
44
36_57_69
60
48_53_53
96
41_41
72
69
69_93
57
69
60
64_69
69_88
60
44_64
60_91
41_48_64
55_60_67
55
60_67
36_52_55_64
48
67
67
67
44
67
67
67
67
48_67
67
55
60
44_55
38_48
64
48
67
67
36_48_55
52
60
44
81
77
41
48
69
44
53_81
57_60_60_60_65_72
53
36_57
41_65
53
72
81
81
77
69
44
81
72
81
77
69
48
72
81
69
81
77
44
60
41
38
48_65_69_77_81
57
53_72_81
53
77
36
44
41_48_81
48
53_72_81
69
57
60
41
53
77
81_81
72
69
36_41
69
81
44_65_77
60
72
57
53
81
69
81
72_81
77
81_81
53_72
69
57_60
44
48_77
81
72
77
69
81
41
57
60
48_53
53
44
57
38
65
60
65_77
57
48
60
44
41_69
36
81_81
72
53
69_81
72
81
77
67
76
44_60_72
45_52_52_57_57_57_60_69_81
36
57_64
45_45_81
64
52
81
76
72_81
69
44
72_76
81
69_81
72
52_52_57_60_69_76_81
45_64
44_81
38
57
44
84_84
45_72
45_57_60
36
52
52_57
72_76
69
81
81
60
36
52
57
44
45_64
60
57
52
44
38
52
52
45_57_64
57_60
44_52_57
60
36
57
45_62
44_60
52
64
43
43
44
50_62
43_50_62_82
36
55_58_79
58_82
70
55_74
62
55
55
70_79
74_82_82
44
70_82
82
74
79
79_82
74
70_82
55
74
79
38_43_58_62_82_82
50_50_55_70
44
36_43_70
55_82
58
62
74
43_79
44_55
82
50
82
79
70
74
82
44
62
58_70
55
43_82
50_74
79
36_82
81
72
69
81
67
74
79
79
44_55_58
62_70
74_79_79
70
67
44_50
55
55_58
50
43
62
38_43_50
36
43_58_62
44
55
73
58
58
53_53_61
44_61
36_46_53_58_61
49
70
46
58
46
73
82
70_82
73
49
58_77
58_70
82
49_73
77_82
44
77
58
73
82_82
70
49
53
61
38_53_58
46_58
44
58
49
36_44_46
58
46
61
53
52_70
55
60
55_60_76
48
48_48
55_72_82_82
36_52_55
60
48
44_48
76
81
48_81
48
55
69
72
79
48
44_48_55
76
79
72
67
48
55
67
72_76_79
79
48
38_44_48_48_48_55
52_60
55
60
36
48_52
36
44_55
52
41
41
48_48
60
44_52_52
36_57
60
53
45_48_57
60
69
44
69
70
72
81
76
81
72
81
41_81
72
38_44_69_76
48
53
41_69
69
52_60_81_81
41_53_57_72
36
44_76
48
72
81
69_76
81
57
48
60
36
48_55
60_60
39
43_51
55
55_55
48
44
45
72
44
74
79
69_81
72
81
75
38
44
60
70
55_79
48
72
82_82
72
84
84
74
72
79
39
51_72
36_44_55
60
81
78
72
81
69
54
60
62
57
42
60
36
57
38_44_48_50_54
45
57
48_54
44
69
54
70
62
57
50
50
57
72
38
44
70
36_57
38
44_54_62_69
54
57_60
50
67
36
57
38_44
66
44
54
72_74
54_57
78
66
60_78
67
72
79
74
79
60
38
50
57_62
44
57
81
81
78
69
72
54
44
54
57
36
60
38
79
82
74
70
82
43
55
36_43_62
50_55_62
58
44
50
55_58
55
46
50
79
44_55
74
58
55
55
38_43
50_50
50
44_62
70
62
58
55
62
36_43_55_55_70_74
50
43
44_74
77
53
58
61
58
61_65
46_70_73
82
36_65
70
58
44_61
70_82
49_53_53
46_58
53
44
44_55
69
48
60
60_69
38
60_72_76
52_52_60_64_69_81
81
64
55
57
48
48_52
57
36
44
57_65_77
60
41
77
36_60
41_44_53_60_69_72
53_65_65
57_57
48
53_57
65
65
48_53_60
45
44
69
57
93
89
69
53_53
65_65
41_44_65
48
38_69
69
58_70
94
41
36
44_48_60_72
41_53_60_96
57
53_69
69
89
53
58
44_46_65
36_65_98
41_53
62_69
62_70_94
58_58
74
53
74
70
74
44
74
44_58
38_46_62_62_74
53_58
53
62
70
70
74
69
53_60
44_53_69
36
58
60_62
44
48
60
53_57
36
57
41_53_53
41
69
65
57
44
65
65
57
41
69
38
53_57
93
44_53_65_65_69_89
48
69
70
58
69_94
48
53
44
72
36
41_60_69
53
41_96
60
57
69_93
57
69
60_60
64
44
52_55_64
36_45_55_67
41_48_48_55_60_60_64_88
69
41
67
91
67
41
45
67
44
67
41_45
45_55
52
36_41
44
38_48_48_64_67
60
55_67
55
48
60
67
50
38
41_45
41
44
52
40
45
36
48
36
57
65_72
36
72
41_53_60
69
48_53_53_69
49_65_72
44
41
44
38
65
44
41
53_69
48
77
53
36
60
41_41
48
44
53
57_77
53
45
41
60_65_77_77
36_53
44_57_77
72
48
69_72_77
44
72
65
48_69_72_77
38
53
44
41
45
44
36
53
44
50
46
46_65_74
58_74_77_77
77
36
53
58
44
76
76
72
76
44
38
53
46_72
58
72
74
53
58
36_58_65
46
74
46
53
44_50_70
74
70
72
72
65
72
70
60
48
55
36_48
55_69_74
53
44_58
60
44
58_60
52
55
36
67_70_72
64
44
48
38_55
64
38
36_40_44
70
70
36
53
44
60_60
60_69_69
41_48_53_65_65
41
69
57_65
36_57
60
44
65
60
65
41
38_53_60
48
44
60_65
53_60
41
36_74
74
44_57
74
52
72
55
67
45_63
44_60_67_72
57_60_63
60
63
52
45
36
55
72
60
67_74
74
44
74
72
60
38_67_67_72
60_63_67
44_63
63_67
60_72
55
52
45
36
44
60
53
46
62
58
44_62_74
58_62
70
70
62
46_62
36_74_74
53
58
44
72
72
72
72
69_69
69
53
38
46
44_58
46
58_62_70
67
36_44_53_62
67_70
62
67
62_70
70
53_65_69
58
65
58_61_69
65_69
46_61
44
69
46
53
36_61
65
69
61
44
65
61_65
44_46_61_61_67
38
65
61
45
58
44
53
61
36
67
46
43
60
44
69
36_57
41
53_53_60_65_65
41_48
60
60_69
69
65
69
44
48
41_44_72
72
53
38
60
72
65
57
57
41_60_62
36_65
44_62_65
57_57
65
53_62
44
38
57
36
50_53_57
62
62
44
38
57
57
44
62
62
57_65
53
36
62
65
38
44
69
69
34
65
65
58
44_50_53_62_70_77
58
70_77
46
36_53_74
65
70
62
44
65
53
58_69
38_65_74
44_62_70
46
69
65
74
62
46
67
53
70
34
58_70
44_50
53_58
36
67
69
60
65
58
48_55_64_69
36_52_60
36_44_60_60
58
65
60
55
44_60
58_64
64
58
60
72
72
64
44
55
60_69
38_48
69
77
55
60_65
57_60
36
36_52_76
44
60
60
57
60
65
77
58
36_60
41_57
44
60_65
48_53
65
57
41_53
62
65
44
70
38_41
72
41
48
44_53_65_69
65
69
69
67
69
57
69
36_53_60
53
41_44
41
69
64
48
69
60
69
58
50
49
46
34_36_53_65_74
72
62
44_53
69
70
58_65_77
69
65
74
70
76
70_74
77
44
79
74
81
82
74
83
67
52
44
49_84
60
38
52
55_55
76
60_64
48
36
72
74
81
79
74
77
36
44
74
72
69
48
72
69
53_53
36_41_44_49_53_60_65_65_72
41_72
69
57
44
65
69
48
38
44
41
53
77
53_57
36_41
41_53
44
48
77
60
60
36_45_57_65_77_77
48_72
41
53
44_53
77
44
69_72_77
41
72
38_44_48_53_65_69_72_77
36
44_45
46_58
36_74
46_77
44_53_53_65
50_74
58_77
77
44
76
76
72
76
72
58
38_44
53
46
72
74
53
74
53
50
44_46_70
36
46_74
58_65
58_70
72
70
72
65
72
60
58
36
44
48
55_69_74
53_55
48
60
44
64
55
36_64
48
60
44
67_72
52_55
58
38
70
38
40
70
70
36
44
36
60
48_53
53
41
44
41_57_60_65_65_69_69
65
36
57
69
60
60
44
44
38
41
53_60
48_65
60_65
60_65
36_74
41_53
44_57
60
74_74
44_60
67
36
60
55
63_72_72
52_52_67_72
45
45_63
60_63
57
55
60
74
67_74
44
74
60
38
63
60_67_67_67_72
63
63
67
72
44
60_72
44_45_55
52
36_60
74
74
36
46
58
46_53_62_70
62_70
58_62
62
44_62
53
74
58
44
69
72
72
69
72
69
72
38
44
58
46
53
62
46_58
67
36_44_53
62_70_70
62
70
67_67
62
70
58
46
61
36_61_65_69_69
53_61
69
65
69
44_65
46_53_58
65
69
61
44
65
61_65
44_46_61_67
38
65
61
61
45
44
36
53
46
61_67
58
43
60
69
53
57
41_41_48_53_60_60_60_65_69
65
44_69
36
65
69
44
72
53
38
48
72
41_72
60
44
36
57_57_65
62_62_65_65
44_57
60
57
53
65
41_62
38
36
57
62
44_50_53_57
62
44
38
57
44
57
62_62
44
36_53
65
38
57
62_65
69
69
44
70
36
53
58
34_46_58_62_65_70
70
62
65
53
65
50
70
62
44
46_69
65
58
62
62
38_44_53
69
65_69
65
69
62
67
53
53_67
36_46_58_58_67
34
50
44_67
65
65
60
36_52_55
58_60
44_58_58_60
36_60_65
58
48
65
55
44_60
60
58
58_64
64
64
58_64
60
60
48
38
55
44
60
55
58_65
36_52_65
44_57_65
57
36_57
60_60
65
36_44
53
41_41_53_57
48
60
44
48
41_44_48_53
65
38
69
65
69
69
69
69
60
41_44
36
69
53_57
69
69
65
44_65
62_70
49_58
34_46_69
58
46
74
53
77
36
53
69
65
70
74
70_74
74
44
74
74
74
49
76
38
60_60
55_67
64
74
36
44
48
72
48
52_55
74
74
74
36
44
69
48
57
41_60
36_41_53_65_65_72_72
49_53
53
69
44
72
69
65
44
44
41_48
53
65
38
69
69
69
36
57
77
60
53
41_41_77
53
44_48
69
69
60_77
44
72
41
48_65_77
57
45_77
60
53_64_69
53
36
67
69_72_77
44
67
67
65
38_44_48_69_72_72_77
41
53_67
67
44
45
36
77
58_58
44_46_65_74_77
46_53_53_77
74
36_50
44
76
76
72_76
53_58
38
46
72
44
72
74
36
53_74
46
65
46_50_58_70_70
44
53_74
58
70
72
65
72
58
48
44
60_69_74_74
55
53
60
55
48
36
75
74
72
44
70
44
38_60_64
55
64
67_72
58
55
48
52
36
38
40
70
36
70
44
36
69
53_57_60
65
48
41_44_60_65_65_69_69
53
60
41_57
36
60
44
38
41
65
48_53
44_60_65
60
60_65
74
36_41_53_57
74
60
44
74
63
60
45_72
44
57
36_45_52_60_72
55_63_67
52
63
55
60_67_72
60
67_74_74
44
74
63
60
38
67_67_67_72_72
63
44_63
60
67
60_72
55
60
36
44_45
52
46_74
46
62
74
53_74
53_62_70
44_58_70
36
58
62
62
62
58
44
72
69
72_72
69_72
69
38_46_53_58
44
58_62
62_62_67_70
46_53_70_70
36
67
67
44_62
70
46
53
61_69
53_58_58_65_65_69
61_69
36
61
69
44
46_65_65
69
61
44
65
44
65
38
61
61_61_67
46_65
61
45
44_61
46
53
36
67
58
43
65
48
36
41_69
53
53_60_60_65
44_65
41
60_69
60
69
57
69
44
48
72
53
44_72
38_41
72
60
65
62
36_41_53_57
57_62
44
57
57
60_65_65
65
62
38_50
57
44
57
36
62
53_62
44
38
44_57
57
62
62
44
53
38
62
57
65
36_65
69
69
44_53_65_77
58
58_62
50
65_70
36
70
34_53
46_65
62
70
62
44
69
62
74
62_65
69
38_69
65
44
46_53_58_65
62
34
44
53_58
46
50
36_70
67
53
67
58_67
36
60_65
55_55_60
36_58_65
44_48_60_60
52
69
58_58
58
65
58
60
64
44_58_64_72
64
58_60
60
69
60
44
38_48_55
62
60
60
36_52_65
55_57
44
57
65
36_57
60
58_65
65
41
44
36
44
