49
35
37_51_65_68_69_70
51
51
56_68
56_68
42
44_51_69
51
51
53_65
56_68
35
41_51_69
51
51
53_65
42
37_51_69
51
51
65
68
61_72
36_68
65
61
73
35
37_51_69
64
64_67
61
67_70
51
51
55_67
55_67
42
43_51_69
51
51
52_64
35
40_51_69
55
67
51
51
52_64
42
37_51_69
51
51
64_72
61_67
37
67
64_73
61
66
63
35
39_51_69
70
61
66
58
51
51
54_66
42
41_51_69
51
51
72
73
35
42_51_69
61_70_73
51
51
61
42
39_51_66_69
51
51
72
73
73
35
43_51_69
60_72
68
71
74
51
51
58_70
70
42_75
51_69
44
72
51
63
56_60
51
57
69
35
51_69
43
51
51
68
68
56
42
51_69
43_56_60_64
68_72_76
51
51
35
32_37_51_69
68_77
75
51
51
63_75
42
51_69
36
63
75
51
51
75
75
63
35
51_69
34
73
73
61
51
51
56_68
56_68
42
51_69
32
51
51
78
36_80
73
35_68
37_51_69
77
51
51
61
73
42
51_69
44
61_73
51
51
61
73
35
51_69
32_72
60_72
51
51
65
53
65
42
51_69
44
51
51
78
80
35
37_51_69
77
68
72
51
51
60_72
42
51_69
37
51
51
78
80
71
35
51_69
44
71
59
77
51
51
42
51_69
41
51
51
37
78
33
80
74
77
70
58_70
34_35_51_69
82
51
51
59_71
42_74
51_69
34_65_68
51
51
70
58
35
51_69
34
51
51
42
51_69
30_66_75
70
54_66
51
51
36
35
37_51_69_73_80
56_77
68
51
51
42_72
51_69
44_65
68
51
51
35
51_69
41
51
51
73
42
51_69
37_70
51
51
35
39_51_69_78
66_70
51
51
41
69
42
51_69
42
63_66
51
51
35
51_69
42
51
51
37
42
51_69
33_70
66
63
51
51
35
32_51_56_69
60
53_65
51
51
42_53_65
51_69
32
51
51
53_65
35_54_56_68
51_69
44_64
51
51
42
51_69
44_56
68
51
51
41
39
35
37_51_61
53
65
51
51
51
58
42
51_69
34
65
51
51
62
51
59
56
35
33_51
65
57
51
51
61
51
58
55
42
46_69
32_51_56_60
65
51
51
51
61
35_58
37_51_69_70
65_68
51
51
56_68
56_68
42
51_69
44
51
51
53_65
56_68
35_69
41_51
51
51
53
65
42
51_69
37
51
51
65
68
61_72
36_68
65
61
73
35
37_51_64_69
67
64
61_67_70
51
51
55_67
55_67
42_55_67
51_69
43
51
51
52_64
35
51_69
40
55
67
51
51
52_64
52_64
42
51_69
37
51
51
64_72
67
61
37
67
64_73
61
66
63
35
39_51_69
70
61
66
58
51
51
54_66
42
51_69
41
51
51
72
73
35
51_69
42
61_73
70
51
51
61
42
51_69
39_66
51
51
72
73
73
35
43_51_69
60_72
68
71_74
51
51
58_70
70
42_75
51_69
44
72
51
63
56_60
51
57_69
35
51_69
43
51
51
56
56
68
42
51_69
43_56_60_64
68_72_76
51
51
35
32_37_51_69
68_77
75
51
51
63_75
42
51_69
36
63_75
51
51
63
75
35
51_69
34_73
61
73
51
51
56_68
56_68
42
51_69
32
51
51
78
36_80
73
35_68
37_51_69
77
51
51
61_73
42
51_69
44
61
73
51
51
61_73
35
51_69
32
72
60_72
51
51
65
53
65
42
51_69
44
51
51
78
80
35
37_51_69
77
68
72
51
51
60
72
42
51_69
37
51
51
78
80
71
35
51_69
44
59
71
77
51
51
42
51_69
41
51
51
37
78
33
80
74
77
35_58_70
34_51_69
82
51
51
59_71
42_74
51_69
34_65_68
51
51
58
70
35
51_69
30
51
51
42
51_69
30_75
66
70
54_66
51
51
36
35
37_51_69_73_80
56_77
68
51
51
42_72
51_69
44_65
68
51
51
35
51_69
41
51
51
73
42
51_69
37_70
51
51
38
35
51_69_78
39_66_70
51
51
41
42_69
51_69
42
63
66
51
51
66
35
51_69
42
51
51
37
58
42
51_69
33_70
66
63
51
51
35
51_68_69
65_77
56_60_72
32_53
51
51
53
42
51_69
32_77
51
51
53
77
80
56_76
35_69
51_72
44_54_69
60_64
51
51
56
42
51_69
32
76
80
51
51
32
35
51
37_73
53_77
68
51
51
51
42
51_69
37
51
51
51
71
82
35
32_51
58
61
51
51
65
51
68
69
71
69
37_42
46_69
51_73
51
51
77
51
80
82
35
51_69
53
42_70_73
51
51
53
37
42
51_69
53
51
51
68
58
35_65
51_69
61
34
51
51
42
51_69
30
51
51
51
30
64
63
35
42_51_56_69
69
61
57
51
51
56
37
42
51_69
56
51
51
57
61
35
51_69
68
33
51
51
42
51_69
30_54
51
51
35
51
65
41
53_72
69
51
51
51
42
51_69
29
51
51
51
29
72
63
48
69
49
65
73
70
51_75
66
72
35
51
32
71
75
68
53_77
65
51
51
51
53
42
51_69
34
56
53
56
51_59
51
59
51
62
35_51
65
74
35
56
59
53
51
68
51
51
71
74
32_42
46_51_69
68_74
77
59
56
53
51
51
51
78
69
75
33
35_79
51_69
34_70
76
51
51
48
79
76
70
52
79
34_42
51_69
76
70
55
51
51
60
35
51_69
36
51
51
48
36
42
51_69
72
51
51
84
35
31_51_68_69
51
51
48
52
84
31
42_84
51_69
56
51
51
48
70
35_67
51_69
36_55
51
51
46
42
51_69
36_82
52
51
51
55
35
51_69
80
29
72
75
51
51
56_80
72_75
42
51_69
29
51
51
80
75
72
53
35
51_69
71
68
34_74
51
51
56
42
51_69
34
51
51
50
34
53
35_39_73
51_69_70
78
51
51
70_73
78
39
42
51_69
54
51
51
73
70
78
63
66
69_72
44
35
51_69
51
51
64
42
51_69
32
51
51
60
57
35
37_46_51_69
58_68
65
51
51
56
68
56_68
42
51_69
44
51
51
53_65
56
68
35_69
51
41
51
51
53_65
42
51_69
37
51
51
65
68
60
48_61
36_68
65
61_61
49
35
37_51_64_69
67
64
61
58_67
46
51
51
55_67
55_67
42_55_67
51_69
43
51
51
52
64
35
51_69
40
55_67
51
51
52_64
52_64
42
51_69
37
51
51
48_60_64
67
61
37_67
61_64
49_61
66
63
35
39_51_69
58
46_61
58_66
51
51
54_54_66
42
51_69
41
51
51
60
48
61
49
35
51_69
42
61
46_58_61_73
51
51
61
42
51_69
39_66
51
51
48_60
73
49_61
35
43_51_69
60_72
68
62_71
50
51
51
58_70
70
42_51_63
51_69
44
72
51
63
60
56
51
57_69
35
51_69
43
51
51
56
56
68
42
51_69
43_56_60_64
64_68_72
52
51
51
35
32_37_51_69
65
53_68
75
51
51
63_75
42
51_69
36
63_75
51
51
63
75
35
51_69
34_73
61
73
51
51
56_68
56_68
42
51_69
32
51
51
54_66
36_68
56
73
35_68
37_51_69
65
53
51
51
61
73
42
51_69
44
61_73
51
51
61
73
35
51_69
32
72
60_72
51
51
65
53
65
42
51_69
44
51
51
54_66
56_68
35
37_51_69
65
53
68_72
51
51
60
60_72
42
51_69
37
51
51
66
54
56_68
71
35
51_69
44
59
59_71
53_65
51
51
42
51_69
41
51
51
37
54_66
33
56_68
74
77
35_58_70
34_51_69
58_70
51
51
59_71
42_50_62
51_69
34
65_68
51
51
58
58_70
35
51_69
30
51
51
42
51_69
30_51_63
66
66_70
54
66
51
51
36
35
37_51_68_69_73
56
77
56
56_68
51
51
42_48_60
51_69
44
65
68
51
51
35
51_69
41
51
51
49_61
42
51_69
37_70
51
51
38
35
39_51_69
54_66_70
51
51
41
42_45_57
51_69
42
63
66
51
51
66
35
51_69
42
51
51
37
58
42_69
51_58
33_46
66
63
51
51
35
51_56_68_69
65_77
56_60_60_72
32_53
51
51
53
42
51_69
32_77
51
51
53
77
80
56_76
35_69
51_60_72
44_54_57_69
60_64
51
51
56
42
51_69
32
76
80
51
51
32
35
51
37_61_73
53_65_77
56_68
51
51
51
42
51_69
37
51
51
51
79
80
81
59_71
70_73_77_82
35
32_51
58
82
61
51
51
65
51
68
71
37_42
46_69
51_73
51
51
77
51
80
82
35_58
51_69
53
42_61_65_73
58_70
51
51
65
53
37
42
51_69
65
53
51
51
68
58
35_65
51_69
61
34
51
51
63
65
42
51_69
63
30
51
51
65
51
63
61
30
63
35
42_51_56_69
57_69
68
61
57
51
51
56
68
37
42
51_69
56
68
51
51
57
61
35
51_69
68
33
51
51
42
51_69
30
54_66
51
51
35
51_65
41
53_65
53_60_72
57_69
51
51
51
42
51_69
29
51
51
51
35
49_69
29_63_72
48
69
35
49_69
29
49
65
73
70
35
49_69
29
51_75
66
72
35_49
32_51
59_71
63_75
56_68
53_65_77
53_65
51
51
51
42
51_69
32
53
56
59
51
51
51
35
69
32
56
59
53
53
56
59
62
65
66
67
35
51_69
70
34
76
51
51
48
76
70
52_67
34_42
51_69
76
70
67
55
51
51
60
35
51_69
36
51
51
60
48
61
60
36
42
51_69
59
51
51
60
64
67
35
31_51_68_69
51
72
51
48
52
31
42
51_69
56
51
51
48
70
35_67
51_69
36_55
51
51
46
42
51_69
36
52_70
51
51
55
35
51_69
68
29
72
75
51
51
68
56
72_75
42
51_69
29
51
51
68
75
72
53
35
51_69
71
68
34
62
51
51
56
42
51_69
34
51
51
50
34
53
39_66
35_51_70_73
51
51
51
66_70
73
39
42
51_69
54
51
51
73
70
51_66
63
66
69
44
35_51
60
51
51
51
64
69
69
42_46
51_69
32
51
51
60
51
57
35
37_51_69_70
68
65
51
51
56_68
56
68
42
51_69
44
51
51
53_65
56_68
35_69
41_51
51
51
53
65
42
51_69
37
51
51
65
68
61_72
36_68
65
61
73
35
37_51_64_69
67
64
61_67_70
51
51
55_67
67
42_55_67
51_69
43
51
51
52_64
35
51_69
40
55
67
51
51
52_64
52_64
42
51_69
37
51
51
64_72
67
61
37
67
64_73
61
66
63
35
39_51_69_70
61
66
58
51
51
54
54_66
42
51_69
41
51
51
72
73
35
51_69
42
61
61_70_73
51
51
61
42
51_69
39_66
51
51
72
73
73
35
43_51_69
60_72
68
71_74
51
51
58_70
70
42_75
51_69
44
72
51
63
56_60
51
57_69
35
51_69
43
51
51
56
68
42
51_69
43_60
56_64_68_76
72
51
51
35
32_37_51_69
68_77
75
51
51
63_75
42
51_69
36
63_75
51
51
63
63_75
35
51_69
34_73
61
73
51
51
56_68
56_68
42
51_69
32
51
51
78
36_80
73
35_68
37_51_69
77
51
51
61
73
42
51_69
44
61
73
51
51
61_73
35
51_69
32_72
60_72
51
51
65
53
65
42
51_69
44
51
51
78
80
35
37_51_69
77
68
72
51
51
60_60_72
42
51_69
37
51
51
78
80
71
35
51_69
44
59
59_71
77
51
51
42
51_69
41
51
51
37
78
33
80
74
77
35_58_70
34_51_69
82
51
51
59_71
42_74
51_69
34_65_68
51
51
58
58_70
35
51_69
30
51
51
42
51_69
30_66_75
70
54_66
51
51
36
35
37_51_69_73_80
56_77
56_68
51
51
42_72
51_69
44
65
68
51
51
35
51_69
41
51
51
73
42
51_69
37_70
51
51
38
35
39_51_69_78
66_70
51
51
41
42_69
51_69
42
63_66
51
51
66
35
51_69
42
51
51
37
58
42
51_69
33_70
66
63
51
51
35
32_56_68_69
65
56_60_60_72_77
53
53
77
53
77
80
56_76
32_49_60_72
54_57_69
60_64
56
76
80
58
70
56_58_68_68_70
44_56
60
61
58
70
60
61
60_72
63
72
65
66
63
72
65
66
75_75
68
75
70
49_68
37_70
56_58_61_68_70_73
49
37_49_65_77
