37
37
37
37
44
56
56
60
60
48
63
63
51
56
68
68
68
56_68
56
68
68
68
68
56
68
68
56
55
67
67
56_68_68
63
63
51
60
60
48
51
63_63
62
50_62
61_61
49
60_60
48
47
59
59
46
58
58
56
56
44
72
60
75
63
80
68
63
75
72
60
56
68
70
65
62
56
58
53
46_70
35
38
34
62_68
70
34
72
60
70
58
56
68
53
65
34
53_62
68
70_70
65
35_62
38_56
46_58_70
34
60
72
58
70
56
68
53
65
65
53
46
56
65
67
34
35_62
56_60_72
72
38_62
53
70
65
34
62
56
53
46
65
56
70
51
35_58
58_63
38_67
39_70
67_70
61
51
39
72
60
70
58
67
55
65
53
58
67
58_61
51
51
70_70
39_39
61
67
35
70
38
60
72
58
70
55
67
53
65
53
65
37
65
68
61_68
70
37
35_44_53_61
38
70
65
61
49
58
56
38
60_68
44
51
65
51
48
32
32_35_53
46
44
60
56
51
68
63
53
51
56
56
60
35_60
38
51
32_42_44
65
60
36_63
63
48_51
53
42
56
46_51
51_56
63
53
35
39
32
56
60
63
48
51_56_63
35_38_41_65
51
53_60_68
42_63
32
56
56
53
51
42
63
46
56
32
68
44
35_63
60
60
53
51
48
56
56
35_63
42
38_51_63
68
41_51
44_60
65
53
63
56
32
60
42
51
46
68
39
35
60
60
68
63
65
68
51_60
44
65
35
32
38
42
36
68
65
60
51
44
68
65
60
42
53
51
46
32
48
32
35
51
68
53
56
51
35
60
63_65
63
38
36_44_65
42_68
60
56
53
48
51
42
56
39
46
35
60
32
44
51_53
60
63
56
51
65
35
41
38_60
63
42_53_68
60
65
48
53_56
42
51
46
60
63
35
32
44_51
65
56_60
48
53
51
56
35
51
53
38
41
60
42_68
63
60
65_68
65
63
60
32
56
42
46
35
68
60
51
39
60
68
65
63
68
63
60
44
54
32
35
68
38
42_63
32
54
51
44
49
53
61
58
68
42
70
53_56
61
46
35
49
49
37
65
56
37
44
58
56
53
56
61
35
38
58
42
70
56
65
49
61
61_68
41
65
56
49
53
42
58
53
56
46
61
49
37
65
35
44
44
49
61
56
58
56
56
70
49_61
65
53_68
38_46
35
42
58
53_56
42
61
49
35_56
70
46_61
65
56
58
37
49
53
49
56
56
56
70
61
65
49
35
46
38
53
61
42
58_65
70
68
58
37
56
61
42
46
56
49
70
35_65
44
61
68
58
61
65_70
68
49
61
53
35
38
56
70
42
37_65
61
41
44
42
65
44
68
60
51
49
46
35_53_56
48
63
51
32
32
68
51
60
44
53
56
51
44
35
38
51
56_60
56_60
42
36_63
32
65
60
63
53
51
42_48
46
51_51
68
35_65
53_56_60
39
32
63
56
60
35
38
51
42
68
53
60
44
41_48_65
63
65
51
60_68
32
56
42_51
53
46
35
65
60
51
56
63
44
60
32
53
48
51
56
35
38_51
65
42
41
51
44
60
60
68
63
53
32
63
56
42
60
46
51
35
68
60
39
37
65
44_63_68
60
68
51
60
35
38
60
32_42
68
65
36
51
44
50
51
42
61_70
55
65
46
58
46
35
70
67
61
39
51_55
39_51
58
58
61
55
35
38
58
67
42
43_61
46_63
61
67
61
58_63
55
51
42_58
46_55
70
67
35
61
61
46
58
39
58
63
61
58
67
61
51
35
43
38
42
55
61
58
63
67
55
61
58
42
46_51
35
67
61
58
58
61
39
39_63
51_58
55
51
67
55
35_61
38
58
37
42_61
63
61
67
39
61
58
42
63
58
67
46_61
51
46
35
34
68
65
61
61
58_68
51
65
70
34_53
65
61
56
35
38
39
42
65
44
51_63
60_68
42
51
68
63
32
53
46_56
35
32
44
51
51
44
60
68
65
56
63
60
35_44
63
38
68
32_51
42
60
32
65
60
68
65
44_51_68
42_60
49
49
56
46
53_61
70
61_65
49_53_56_68
58
37_37
35
58
49_53_68
61
65
61
53_68
49
35_37_37_38_58_60_63_68
42
61
50
58
49
53_68
61
42
68
52
47
59
73
46_52_64
40
52
68
62
35
40_56
52
59
59
62
68
52
59
52
73
35_68
64
38
40_40
52_62_68
42_62
68
71
59
52
59
42
62_68
46
70
53
51
39
51_65
61
56
68
58_61
35
34
46_53
65
65_68
61
53
61_68
46
38
53
38_42_70
39_65
61
56
60_65_68
44
63
51
48
32_44
32
68
51
46_53
60
35_63
56
51
53
56
51
56
35_63
60_68
38
60_60
36_42_63
51
63
51
53
48
42
56
44_53
51
68
46
65
51
60
39
32
35
60
63
56
48
65
51
35_60
53
38
41_44_63
68
60
42
56
53
51
42
63
60
46_56_65
51
32_44
44
35
53
51
48
56
35_41
53
51
68
38
63
60
60
42
44
51
63
56_60
42
32
60
68
46
65
44
39
35
68
60
65
44_51
60
63
68
35
65
60
51
36
38
42
32
68
60
51
44
65
42
48_53
46_60
51_65
32
35
32
44
51
55
51
53
56
56
60
63
35
60_60_65
63
68
51
44
42
36_38
53
48
51
42
56
51
53
32_68
46
60
35_39
51
44
65
60
63
56
35
60
38_63
41_51_68
68
48_60
53
42_65
44
56
53
51
42
60
46
35
44
68
56
63
51
32
44
51
53
48
56
53
35_60
51_68
41
42_63
38
68
65
60
51
63
60
56
32
42
35_46
39
68
51
68
63
66
60
36
60_68
44
54
32
38
32_35
42
63
59
54
51
61
68
58
42
53
66
49
53
49
37_56
46
37
70
65
35
61
51
56
56
53
58
56
35
61
56
58
41_61
65
42
38_68
61
65
56
49_53
42
56
53
58
70
56
44
46
65
37
35_61
49
58
61
56
56
49
44
46_56
70
70
42_53
35_61_65
68
38
61
65
49
56
58
53
42
56
46
56
58
37
49
35
61
53
56
49
56
56
65
61
58
53
35
38
46
42_70
61
65
68
58
61
37_56
42
56
61
70
65
46
35
44
53_68
61
65
49_58
68
70
61
70
56
65
61
41
38
42
35
37
65
42_60
51
44_68
51
44
53
46
63
68
51
35
56
32
32
48
53
56
51
60
35
60
68
38
65
56_63
63
42_60
36
68
51_53
48
42
46
53
51
51
56
65
35
60
39
32_44
63
60
56
53_60
51
56
35_41
42
48_68
63
38
60
65
56
53
42
51
46
44
35
63_68
60
65
32
44_60
51
56
53
51
48
56
53
51
63
51_65
68
60
65
35_41
38
42
63
32_56
60
42
46
35
65
39_44
60
65
68
60
63
60
68
65
51
44
35
38
36
42
32_51
60
65
51
70
61
55
42
63
68
60
65
46
39
35
51
51_55
46
39_58_58
67
61
70
55
58
61
35
38
42_58
58
43_67
61
61
63
63
61
70
67
51
55
42
58
55
46
35_46_58
51
61
70
61
58
39
58
63
61
58
43
35
67
51
38
61
55_58_63
42
67
61
58
42
55
61
39
46_58
35_46
67
58
61
51
63
39
51
58
51
55
37
51
35
61
46
38_55
58_70
67
42_61
63_67
61
58
42
39
63
61
46
35
67
34_61
58
46
68
61_68
61
65
51_58
65
34_35
38
42
56
53
39
70
65
61
68
61
44
51
68
60_65
42
68
32
46
35
32
44_63
53
51_51
60
44
44_51
68
60_65
38_60_65
35
32
42
68
51
63
44_68
32
68
44
51
60
56
63
65
60
68
44
42_51
49
46_53
35_37_49
53_58_68
61
37
61
56
49
70
65
56
53_68
61
49
58
35
37_49_53
38
61
42
37
68
56_58
70
65
61
58
49
42_61
68
53
40
56
35
46
40
47
52_59
52
62
52_52_68
59
73
68
64
56
62
65
51
53_68
53_65
39
34_61
51
65
68
61
70
35
38
42
68
65
32
32
53
42_68
44_44_51
63
51
60
56_60
51
44
46
35
38
38
42
63
68
60
46
35
63
36
44_51
51
38
34
58
35
46
51
75_82
79
72
63
42
49_60_70
56
35
38
51
81
80
75
68
72
35
79
38_51
63
67
60
42_56
63_68_75
60_65_72
38_56
53
51
68
63_63_65
60_72
35_56
53
42_51
68_75
65_72
56
35_53_63
60
51
70
67_74
77
58_62
65
55
38
35
51
42
68
72_75_79
56
63
60
67
38
51
49
35
34
64_73_80
61_68_76
69
51
57
51
42
72
75
68
60_79
56_63
67
68
72_75
65
63
60
53_56
51
38
35
65_72
63_63_68
56
60
53
51
35_38
61_64_68
71
42
57_61_64
49
35_51
38
60_63
56
70
63
60_67
58
58
34
51
35
34
63
63
42
38
68
51_68
51
70
70
68
68
34
34
35
38_51
67
42_67
63
51
63
58
58
51
35
63
34_34
63
42
38
68
68
51
70
70
51
68
68
34
51
34
67
35
38
42
67
51
58
58
63
34_63
34
51
35
42
68
68
51
38
70
70
51
68
68
34
34
51
35
42
67
67
51
63
63
58
58
34_63
35
63
34_51
42
38_68
51_68
70
70
68
68
34
67
34
51
35
38
67
42
63
63
58_58
51
63
60_67_70
63
46
34_51_56_60
35
38
42
51
38
75
67
72
70
63
56_60
46
51
38
46_56_62
59
68
71_74_77
42
38
51
39
51
70
38
67_74_77
39_49
35_55_60
65
43
51
42
70_75
39_72_79
55_60_67
38
44
51
45
51
42
70
82
51
55
60
65_74
77
46
51
63_70
60_67
38
39
55
51_60
44_65
42
51
55_60
75
65_70
39
72
67
43
51
60
38_55_63
70
67_77
74
39
42
51
41
58
66
61
38
39
78
70
35_75
73
51
39
51
41
42
70
51_73_80
54_65
61
58
51
42
51
35
78
43
42_51
75
54_70
65
60
51
44
51
58_61
54
44
68
58
61
65
38
39
42
51
51
44
38
51
73
58_63_70
66
61
44_54
36
66_75
38_42_54_60_69_72
57
51
44
51
51
38
68
75
37_65_72
37
63
58
53
42
51
41
35
68_70
73_77
38_51
58
53_65
37
46
63
68
58_72_77
53
42
51
45
51
51
44
63_77
68
72
58
53
60_63_68
65
37
58
53_63
46
51
42
38
51
58
37_63
53
51
70
65_68_73
48
58
68
65_75
53_61
72
37
35
38
51
48
42
58
38
56
37_59_64_68_73
71
51_76
35
49
51
51
47
52
75
68_71
42
59_64
44
51
43
51
42
73
58
52
63_68
51
42
51
42_54
40
51
44
42
56
46_58
51
37
61
49
58
38
51
46
35
51
34
59
42
47
61
49
51
51
35
49
63
35
51
82
73
63_68
58
61
51
47
42
51
63
51
51
46
78
51
63
63
51
42
51
42
51_51
63
41
51
63
68
75_80
56
71
59
47
51
42
63
51
51
65
53
46
51
56
62
71_74
67
51
63
38
53
65
51
42
66
54
51
39
51
41
51
42
38
51
42
51
66_70_75
63
54
58
46
51
42
51
54
63
66_70_75
58
51
51
38
46
58
50
51
51
42
63
54
66
51
51
53
51
65
63
51
46
53
65
51
42
67
55
51
51
58
55_70
62
65
77
39
51
42
51
41
51
68
63_75
60_72
53
56
51
51
41
42
55_70
62_74
58
65
43
51
58_62_65
55
53
38
51
35
43
42
51
37
53_55
59_63_67
44
63_68
56
51_59_65
42
65
62_67
70
38
58
51
43
51
43
42
70
62_65
67
38_58
42
51
38
58_70
63_64_68
51
63
38_64_68_70
58
42
42
38
56
63
60_67_70
51
41
46
50
53
55
46
50_53_55
46
50
55
53
38_46_50_53_55
44
42
55_58_62_65
44
44
39
42
58_63
60_67
44
44
41
46
37_42
55_58_60_63
67
50_53
41
46
44
50
53_55
44
34
46
55
50
53
42
55_58_62_65
34_44
44
46_53_55
50
38
37_42
58
55_62_65
44
44
39
58
60_63_67
42
44
44
41
58
63
46_60_67
53
50_55
37_42
44
46
53_55
50
41
44
34
46
50_55
53
55_58_62_65
42
34
44
44
46_53_55
38_50
58
55
62
65
37_42
44
38
44
39
60
67
58
63
42
39
44
44
40
58
61_64_67
37_42
40
44
34
46
34
44
58
55_62_65
42
34
44
44
46
34_38
58
55
62
65
37_42
38
44
44
39
34_46
58_63
60_67
42
46
34
40
44
44
53
41
55
58_63
60_67
37_42
50_55
53
43
46
44
46
50_53_55
44
35
34
58
55
53
46
50
55_58
62_65
34
35_37_42
72
44
73
44
46
50_53_55
35
38
74
77
58
55_58_62
65
38
35_37_42
61_65
44
44
39
35
58_63
60_67
58
39
35_37_42
53
44
44
41
35
53
46
55
58_63
60
67
53
55
50
41
35_37_42
46
50
53_55
44
34
44
58
35
46
53_55
50
58
55_62_65
34
35_37_42
72
44
73
44
46
50_53_55
38
35
74
77
38
55
58
58_62_65
35_37_42
44
61
65
44
35
39
58_63
60_67
58
39
35_37_42
53
44
41
44
35
53
55
46_58_63
60
67
50
41
55
53
35_37_42
46
50
53_55
44
44
34
35_58
46
55
50
53
55_58_62
65
34
35_37_42
72
44
73
44
38
46
50_53_55
35
74
77
38
55_58_62_65
58
35_37_42
70
61
44
39
44
35
58
58
63
39_60_67
35_37_42
67
44
40
44
35
58
58_61_64_67
40
70
35_37_42
61
73
44
44
41
34_35_46
41_58
55_58_62_65
70
35_37_42
65
44
77
44
34_46
41
35
58
55
62_65
58
41
35_37_42
70
44
58
70
44
34_35_46
46
46
55_58_62_65
35_37_42
41
46
34
44
44
34
35
61
73
46
60
35_37_42_72
43
41
70
39_67
61_65
35_51_70
61_65
67
61_65_70
67
39
35_37_42_51
58
67
65
61
34
61_70
65
35_51_67
70
61_65_70
34
67
35_37_42_51
68
67
63_66
66
60_70
39
35_51
63
60
60_63_66_70
39
35_37_42_51
58
60_63_66_70
42
35_51
61
73
60_63_66_70
72
39_60
35_37_42_51
65
62
58
67
55_65
34
62
35_51_70
62
65
70
67
35_37_42_51
58
34_55_62_65
61
64
69
63
60
68
65
41
58_62
35_51
55_62_65
58
67
58
35_37_42_51
58
55_62
65
41
60
62
67
58
55
62_65
46
35_51
62
58
55_62_65
41
35_37_42_51
65
58
55
65
62
34
35_51
73
61
38_58
55_62_65
72
35_37_42_51
60
70
61
67
65
65
39
61
70
35_51
67
39
61_65_70
67
35_37_42_51
61
58_65_67
70
61
34_65
67
35_51
73
38
61_70
65_67
35_37_42_51
69
68
39
60_63_66_70
67
35_51
70
41
60_63_66_70
66
35_37_42_51
63
60
42
63_70
60_66
35_51
61
73
60
39
63_72
60_66_70
35_37_42_51
62
65
67
70
58
46
55
62_65
35_51
57
58
57
58
46_55_62_65
58
35_37_42_51
57
58
65
67_70
74
57
43
63
58
60
35_51_67
58
57
58
57
58_63
60_67
43
35_37_42_51
58
57
58
72
67
70
75
61
36
35_51
62
60
65
62
36
35_37_42_51
60
67
69_72
63
77
58
41
57
35_51
65
67
41
35_37_42_51
29
46_50_53_55
86
51
58
55
51
34_82
62
65
46
50
53_55
79
55_58_62_65
46
38
42
51
46
58
46_53_55_55_74
62_65
50
49
38
77
35_35_82
79
51
46
58
38
55_62
42
65
51
46
82
73
77_79
35_42
51
39
49
38
51
39
73
79
77
82
49
35_41
53
51
46
50
53_55
55
38
42
41
51
46
50_53_55
51
34
58
51
46
50
53_55
38
42
34
51
46_50_53_55
82
79
74
35_35
77
38
49
51
38_58
42
38
51
61
77
35
82
73
79
51
39
49
58
42
38
51
39
53
79
82
77
73
49
35
41
53
51
46
38_42_55
50_55
53
51
41
46
50_53_55
51
51
34
58
46_50_55
53
38
35_42
51
34
46
50_53_55
51
49
35
82
38
74
77_79
51
58
38
42
38
61
79
77
73_82
51
39
35
49
58
51
38
35_42
39
73
53
79_82
77
49
41
51
53
51
55
41
51
38
42
51
46
34
77
34
49
51
35
77
77
42_51
77
79
81
82
51
77
77
77
42
51
77
75
74
51
70
74
75
42
51
72
75
76
51
73
76
51
77
42
79
81
48
82
45
43
35
41_48_57_63
49
38
80
72
75
29
69
51
35
70
49
38
67
55_58
53_62
74
77
34
51
35
51
44
51
44
58
51
44
51
44
51
61
44
51
44
51
44
51
44
51
44
51
44
58
51
44
51
44
51
44
51
44
69
53
51
44
51
44
51
44
51
44
51
44
51
44
51
44
51
44
51
89
77
44
51
91
79
44
51
44
51
94
82
44
51
44
51
48
45
34
38
35_42
43
49
