29_41_41_57_65_69
69
72
41
57
72
69
65_69
41
60
60
53_57_60_65_65
57_69
41_72
41_69_72
57
57
29
60
53
65
65
65_69
36_36
41
69
57
72
72
41
57
69
65_69
60
60
53_57_60_64_65
69
72
57
41
72
41_69
57
57
36_60
36
53_65
64
65_69
29_36_37_41_46
41_69
57_72
36_37_46
72
69
41
57
42
65_69
42
69_72
37
37
80
37_38_42_53_57_60_65
81
69_72
57
41
37_38_42
80
69
41_72
41
57_57
60
29
53
65
37
37
36_36_36_37_42
41_69_72
57
36_37_42
72
69
41_57
37_81
72
37
80
37_38_42_53_57_60_65
41_57_69_72
36
72
37_38_42
41_72
69
57
36
57
53_60
65
80
69_72
37
81
37
29_36_37_41_41_42_65_69_81
57
72
36_37_42
41
57_69_72
65
60_65
37
41
37
37_38_42_53_57_60_65
72
57_69
41
37_38_42
29
41_69
57
72
57_60_65
60
53
65
65_69
37
37
29_36_36_37_42_57
41_69
72
36_37_42
72
41
69
57
65_69
67
37
37
37_38_42_53_57_60_65
57
72
69
29_41
37_38_42
41_57
72
36_60
57_69
53_65
37
67
37
29_36_37_41_42_69_75
41
63
53_69
36_37_42
69
41
53
63
72
37
41
37
72
37_38_42_51_53_57_60
75
41
53_63
69
37_38_42
41
29
53_69
63
53
57
51
60
75
65
37
63
69
37
63
69
29_36_36_37_41_42
72
53
63_65_69
36_37_42
69
63
41_72
53
63
37
37
41
37_38_42_51_53_57_60
53_63_65
69
41
29_63
37_38_42
69_75
69
53
63
53
36_57
51_60
37
63
65
69
37_63
69
34_34_36_37_42_46_53_70_74
65
70
46
36_37_42
53
70
65
70_74
37_79
34
65
37
65
37_38_42_50_53_58_62_69
53_65
46_70
37_38_42
46_65_70
53
53
34
58
79
50
62
69
70_74
37_77
37
77
36_37_41_41_42_79
46
65
53
70
36_37_42
70
46
53
65
70_74
37_77
79
65
37
65
37_38_42_50_53_58_62_69_74
65
70
53
46
77
37_38_42
70
46_65
53
53
41_58
41
50_62
69
70_74
74
37_70
37
34_34_36_37_42_70_74
46_65
53_70
36_37_42
70
65
46
53
70_74
74_77
37_70_74
37
37_38_42_50_53_58_62_65
65_70
70
53
46
37_38_42
65
46_70
34
53_53
58
34
50
62
65
37_62
37
36_37_41_41_42_62_65
46_65_70
53
36_37_42
70
65
46_53
65
37_62
37
37_38_42_50_53_58_62
62
46_53_65_70
41
37_38_42
46_70
65
53
41
53
50_58
62
74_77
37
37
29_36_37_41_46_72_77
41
69
57_72
36_37_46
42
72
41
57
69
42
29
37
41
72_77
37
29_37_38_41_42_71_74
41
62
53_68
37_38_42
68
41
53
62
29
37
41
71_74
37
31_36_37_42_43_43_65_70
55
70
36_37_42
43
55
70
65
70
68
31
37
43
37
68
36_36_37_38_42_69
48
64
55_70
37_38_42
69
70
48
55
64
65
36
37
36
37
36_37_41_41_41_46_69
57
72
36_37_46
42
41
57_69_72
42
37_65
41
37
65
37_38_42_53_57_60_65
74
72
57_69
41
37_38_42
41
41_69
57
72
57
60
53
65
74
72
37
37
68
36_36_36_37_42_57
41_69
72
72
36_37_42
72
41
69
57
68
69
37
37
69
65
37_38_42_53_57_60_65
57
72
69
41
37_38_42
65
41_57
72
36_60
57_69
36
53_65
62_65
37
37
36_37_41_41_41_42_62_65_69_69
57
72
41
36_37_42
57
69
72
77
65_69
37
41
60
37
77
60
37_38_42_53_57_60_65_65
81
57_69_72
41
37_38_42_69
41
72
57
57
41_60
53
65
65
65_69
77_81
37
37
77
36_36_36_37_41_42_57
69_75
72
36_37_42
41
57
69_72
72
65_69
75
37
60
37
60
37_38_42_53_57_60_64_65
69
69
57
41_72_72
37_38_41_42_69
57_72
36
57
36_60
53_65
64
65_69
65
69
37
37
36_37_41_41_41_42
57_69
65_72
36_37_42
57_72
69
41
65_69
69_72
37
37
37_38_42_53_57_60_65
57_69_72
41
41_69_72
37_38_42
57
41
57
60
41
53
65
37
37
41
36_36_36_37_42
57
69
72
36_37_42
41
72
57
69
37
37
37_38_42_53_57_60_65
57_69
72
41
36
37_38_42_72
69
36
41
57
57
53_60
65
69_72
37
37
29_36_37_41_41_42_57_65
69
72
41
36_37_42
57
72
69
65
60_65
37
41
37
37_38_42_53_57_60_65
57_69
41_72
37_38_42
41_69_72
29
57
57
60_65
60
53
65
65_69
37
37
29_36_36_37_42
41
69
57
72
36_37_42
72
41
57
69
65_69
67
37
37
37_38_42_53_57_60_65
69
72
57
29
41
37_38_42
72
41_69
57
57
36_60
53_65
37
67
37
29_36_37_41_42_69_75
41
63
53_69
36_37_42
69
41
53
63
72
37
41
37
72
37_38_42_51_53_57_60
75
41
53_63
69
37_38_42
41
29
53_69
63
53
57
51
60
75
65
37
63
69
37
63
69
29_36_36_37_41_42
72
53
63_65_69
36_37_42
69
63
41_72
53
63
37
37
41
37_38_42_51_53_57_60
53_63_65
69
41
29_63
37_38_42
69_75
69
53
63
53
36_57
51_60
37
63
65
69
37_63
69
34_34_36_37_42_46_65_70_74
53
70
46
36_37_42
53
65
70
70_74
37
34
65
37
65
37_38_42_50_53_58_62_69
53_65_70
46
37_38_42_65
46
70
53
53
58
50
62
69
34
70_74
37
37
36_37_41_41_42_46_53
65
70
36_37_42
46
53
65_70
70_74
37
65
37
65
37_38_42_50_53_58_62_69
65
53
46_70
37_38_42_46_65
53_70
53
41
41_58
50_62
69
70_74
37
37
34_36_37_42_46_46
53_65
70
36_37_42
53_70
65
46
70_74
74_77
37
58
37
37_38_42_50_53_58_62
62
53_65_70
46
58
46_65_70
37_38_42
53
34
53
58
50
62
46
37
62
65
37
46
36_37_41_41_42
53
65
70
70
65
36_37_42
46
70
53
65
41
37
70
37
34_37_38_42_50_53_58_62
53_65_65
70
46
41
37_38_42_70
65
46
53
53
50_58
62
34
65
74_77
62
37
37
29_36_37_41_41_46_62_69_72_77
57
72
36_37_46
42
41
57_69_72
42
29
37
41
72_77
37
28_37_38_40_40_42_61_71_73
52
67
37_38_42
40
52_61_67
28
37
40
71_73
37
31_36_37_42_43_70
43
65
55
70
36_37_42
70
43
55
68
70
65
31
37
43
37
68
36_36_37_38_42_48_64_69
55
70
48
37_38_42
55
64
70
69
65
36
37
36
37
36_37_41_41_46
41
69
57_72
36_37_46
42
72
41
57
69
42
68
37
41
37
37_38_42_53_57_60_65
69
41
57_69
72
68
37_38_42
41
41
57_72
69
57
60
53
65
72
37
69
69
72
37
69
72
36_36_36_37_41_42
74
57
69_72
36_37_42_72
72
69
74
41
57
37
77
37
41
37_38_42_53_57_60_65
57_69_77
74
72
41
37_38_42
65
72
57
69
57
36_60
36
53_65
74_77
74
37
69
77
72
37_69
74
72
36_36_36_37_42_67
48
67
55_72
36_37_42
67
72
48
55
67
65
37
36
37
37_38_42_51_55_60_63
48
55_67
72
37_38_42
36
48
55_72
67
55
65
60
51
63
67_72
37
67
72
37
67
72
29_36_37_41_41_42_63
53
69
41
36_37_42
53
63
69
67_72
65_69
37
41
37
37_38_42_51_53_57_60
53_63_69
41
37_38_42_63
41
29
69
53
53
57
51
60
37
65_69
37
36_36_36_37_46_74_79
48
63
55_70
36_37_46
42
70
48
55
63
42
37
36
37
37_38_42_51_55_58_60
48
55_63
70
37_38_42
36
74_79
48
55_70
63
55
58
51
60
72_75
37
63
70
37
63
70
29_36_37_41_41_42_63
53
69
75
41
36_37_42
53
63
69
37
72_75
41
37
37_38_42_51_53_57_60
53_63_69
41
65
72
37_38_42_63
41
29
69
53
53
57
51
60
72_75
37
63
65
37
34_34_36_37_42_46_63_65_67_70
53
70
36_37_42
46
53_65_70
37
34
67_70
37
37_38_42_50_53_58_62_65_70
70
53_65
46
37_38_42
34
46_65
53
70
53
58
50
62
37
65_70
37
29_36_37_41_42_69
41
69
57_73
36_37_42
69
73
41
57
69
65_69
37
41
37
37_38_42_53_57_61_65
41
57_69
73
37_38_42
29
41
57_73
69
57
65_69
61
53
65
67
37
69
73
37
69
73
34_34_36_37_42_46_65
53
70
36_37_42
46
53_65_70
37_77
34
37
37_38_42_50_53_58_62
70
53_65
46
37_38_42
46_65
53
70
53
58
76
50
62
34_77
37_75_76
37
36_37_41_41_42_53_74
46_65
75
70
36_37_42
70
46
65
53
74
37_70
37
37_38_42_50_53_58_62_67
53
70
65
46
70
37_38_42
67
46_53
70
41_58
53_65
41
50_62
37_65_67
37
36_37_38_38_42_50_65_65_69
57
72
36_37_42
50
57_65_72
69
67
37
38
37
37_38_42_53_57_60_62
72
57_65
50
37_38_42
38
50_65
57
72
57_67
60
53
62
69_72
37
37
72
31_36_37_42_43_43_65
55
71
43
36_37_42
55
65
71
69
67_71
37
43
37
37_38_42_53_55_59_62
55_65_71
43
37_38_42_65
43
31
71
55
55
67_71
59
53
62
37
37
36_37_38_38_46_76_81
50
65
57_72
36_37_46
42
72
50
57
65
42
37
38
37
37_38_42_53_57_60_62
50
57_65
72
37_38_42
38
76_81
50
57_72
65
57
60
53
62
74_77
37
65
72
37
65
72
31_36_37_42_43_43_65_74
55
71
43
36_37_42
55
65
71
73
74
37_72
73
43
37
37_38_42_53_55_59_62_71
55_65_71
43
72
37_38_42_65
43
31
71
55
55
59
53
62
71_74_77
37
37
36_36_36_37_46_48_64_72
55
70
48
36_37_46
55
64
70
42
72
42
72_76
37
36
37
37_38_42_52_55_58_60
55_64_70
48
37_38_42_64
48
36
70
55
55
58
52
60
37
72_76
37
31_36_37_42_43_43_65_70_74
55
70
43
36_37_42
55
65
70
37
43
70_74
37
37_38_42_53_55_58_62_70
55_65_70
43
37_38_42_65
43
31
70
55
55
58
53
62
70
67_70
37
37
36_36_36_37_46_48_64
55
70
36_37_46
48
55
70
64
42
42
37
60
36
37
60
37_38_42_52_55_58_60
70
55_64_64
48
37_38_42
70
48
55
64
55
58
52
60
36
64
70
37
37
70
36_37_42_43_43
48_55
64
70
69
36_37_42
64_70
48_55
69
37
67
37
37_38_42_52_55_58_60
55_64
67
48
63_70
37_38_42
48_55_64
67_70
55
70
43_58
43
52_60
63
64
37
67
37
36_37_41_41_41_42_64_65_67_69_69
57
72
41
36_37_42
57
69
72
65_69
37
41
60
37
60
37_38_42_53_57_60_65_65
57_69_72
41
37_38_42_69
41
72
57
57
41_60
53
65
65
65_69
37
37
36_36_36_37_41_42_57
69
72
36_37_42
41
57
69_72
65_69
37
60
37
60
37_38_42_53_57_60_64_65
69
57
41_72
37_38_41_42_69
57_72
36
57
36_60
53_65
64
65_69
37
37
36_37_41_41_41_42
57_69
72
36_37_42
57_72
69
41
65_69
69_72
37
37
80
37_38_42_53_57_60_65
57_69_72
41
81
41_69_72
37_38_42
57_80
41
57
60
41
53
65
37
37
41
36_36_36_37_42
57
69
72
36_37_42
41
72
57
69
37_81
72
37
80
37_38_42_53_57_60_65
57_69
72
41
36
72
37_38_42_72
69
36
41
57
57
53_60
65
80
69_72
37
81
37
29_36_37_41_42_65_81
41
69
57_72
36_37_42
65
72
41
57
69
60_65
37
41
37
37_38_42_53_57_60_65
41
57_69
72
37_38_42
41
29
57_72
69
57
60_65
60
53
65
65_69
37
69
72
37
69
72
29_36_36_37_41_42
57
69_72
36_37_42
65_69
72
69
67
41
57
37
37
41
37_38_42_53_57_60_65
57_69
72
41
29
37_38_42
72
57
69
57
36_60
53_65
37
67
69
72
37_69
72
36_37_41_41_41_46_63_69_75
53
69
36_37_46
41
53
69
63
42
42
37_65
41
37
37_38_42_51_53_57_60_69
69
53_63_65
41
37_38_42
69
41_41
53
63
53
57
51
60
69
37_72
37
36_36_36_37_42_81
41_53
63
69
72
36_37_42
63_69
41_53
37_77
81
37
37_38_42_51_53_57_60_72
53_63
41
69
77
37_38_42
41_53_63
69_75
53
69
36_57
36
51_60
37_69
65
72
37
34_34_36_37_46_46_65_65_69_70_74
53
70
36_37_46
46
53
70
65
42
42
70_74
37
34
65
37
65
37_38_42_50_53_58_62_69
70
53_65
46
37_38_42
70
46
53
65
53
58
50
62
69
34
70_74
37
37
36_37_41_41_42
46_53
65
70
36_37_42
65_70
46_53
70_74
37
65
37
65
37_38_42_50_53_58_62_69
53_65
46
70
37_38_42
46_53_65
53
41
70
41_58
50_62
69
70_74
37
65
37
34_36_37_42_46_65
53
46
70
36_37_42
70
53
46
70_74
74_77
74
37
37
74
37_38_42_50_53_58_62
77
53
70
46_65
37_38_42_46_65
53
34
53
70
58
50
62
77
46
37_74
37
74
36_37_41_41_42
74
70
46_53_65
36_37_42
46_65_70
53
74
41
37
65
65
37
65
65
34_37_38_42_50_53_58_62
46_74
53
70
41
65
37_38_42
65
46
70
53
53
50_58
62
74
34
74_77
62
37
65
37
65
29_36_37_41_41_42_62_69_72_77
57
72
41
36_37_42
57
69
72
29
37
41
72_77
37
29_37_38_41_41_42_62_71_74
53
68
41
37_38_42
53
62
68
29
37
41
71_74
37
31_36_37_42_43_43_55_70
65
70
43
36_37_42
55
70
65
70
68
31
37
43
37
68
36_36_37_38_42_48_64_69
55
70
37_38_42
48
55
70
64
69
65
36
37
36
37
36_37_41_41_41_42_69_77
57
72
41
36_37_42
57
69
72
77
37_72
41
37
72
37_38_42_53_57_60_65_81
57_69_72
41
37_38_42_69
41
72
41_57
57
60
53
65
37_77
81
37
36_36_36_37_41_42_57
69_72_77
72
36_37_42
41
57
69_72
65
72
37_77
37
37_38_42_53_57_60_65_72_77
69
57
41_72
37_38_41_42_69
57_72
57
36_60
36
53_65
72
37_69
37
36_37_41_41_41_42_69_69
57
72
60
36_37_42
41
57_69_72
60
37_86
41
37
37_38_42_53_57_60_65
72
57_69
41
60
37_38_42
41_69
57
72
57
41_60
86
53
65
60
37_84
37
84
36_36_36_37_42_57_86
41_69
72
60
36_37_42
72
41
69
57
60
37_84
86
37
37_38_42_53_57_60_65_81
57
72
69
41
60
84
37_38_42
36
41_57
72
36_60
57_69
53_65
81
60
37_77
37
36_37_41_41_42_77_81
41
57
69
72
60
36_37_42
72
69
41
57
60
37_77_81
37
37_38_42_53_57_60_65_72
57
72
41_69
77
60
37_38_42
41
57
41
72
60
69
41_57
53
65
60
72
37_69
61
37
41
36_36_36_37_42_69_72
69
57
72
61
36_37_42
62
41
69
72
57
72
62
37_69
61
37
69
37_38_42_53_57_60_65
57_69
41_72
61
36
60
37_38_42
36
69
41_57_72
57
53_60
65
60
37
57
37
36_37_41_41_41_42_57
69
72
41_57
36_37_42
55
57
72
69
55
37
41
37
37_38_42_53_57_60_65
57_69
41_72
57
37_38_42
41
41_69_72
57
57
60
53
65
57
37
37
36_36_36_37_42
41
69
57
72
53
36_37_42
72
41
57
69
53
37
37
37_38_42_53_57_60_65
69
72
57
41
37_38_42
72
41_69
57
57
36_60
36
53_65
37
37
29_36_37_41_41_46_75
63
53_69
51
36_37_46
69
75
41
42_53
63
42
51
75
63_69
37
53
41_63
37
69
53
37_38_42_51_53_57_60_74
75
63_69
53_53
37_38_42
29
53
57
63
51_53
69
60
74
75
53
53
69
63
37
37
63_69
74
53
75
29_36_36_37_42
69
63
53
36_37_42_51
53
63
69
53_74
69
72
63
37
51
37
69
53
63
37_38_42_51_53_57_60
53
69
63
29
53
37_38_42
53
36_53_57
69
63
51_60_72
69
53
63
53
37
69
37_53_63
34_34_36_37_46_46_53
65
70
49
46
36_37_46
53
50_70
65
49
42
42
70
37
34
37
70
37_38_42_50_53_58_62
74
53_65
46_70
37_38_42
46_65_70
53
53
34
58
50
62
70_74
37
37
70
36_37_41_41_42
68
46
65
53
70
36_37_42
53
70
50
46
53
65
53
65
68
37
37
37_38_42_50_53_58_62
62
65
65
70
50_53
46
37_38_42
70
46_65
53
53
41_58
41
50_62
58
62
37
50
37
34_34_36_37_42_46
58
46_65
53_70
36_37_42
70
65
46
53
37
37
37_38_42_50_53_58_62
65_70
53
46
37_38_42
65
46_70
34
53_53
58
34
50
62
37
37
36_37_41_41_42
46_65_70
53
36_37_42
70
65
46_53
37
37
46
37_38_42_50_53_58_62
46_53_65_70
41
37_38_42
46_70
65
53
41
53
50_58
62
37
37
29_36_37_41_41_42_69
57
72
48
36_37_42
41
57
72
69
48
29
37
50
41
37
50
29_37_38_41_41_42_62
53
68
52
37_38_42
41
53_62_68
52
29
37
53
41
37
31_36_37_42_43_43_65
53
55
70
52
36_37_42
43
55_65_70
52
31
37
43
55
37
36_36_37_38_42_48_55_64
55
70
58
37_38_42
58
48
55_64_70
36
37
36
62
37
29_36_37_41_41_42_69
57_62
72
57
36_37_42
41
57
72
69
57
37_57
41_60
37
37_38_42_53_57_60_65
57_60
60
72
57_69
41
37_38_42
62_72
41
57
29_69
57
60
53_60
65
65
62
37_69
65_65
37
65
69
29_36_36_37_42
69
41_57
69
72
67
36_37_42
69_72
41_57
69
67
37
68
72
37
68
37_38_42_53_57_60_65
57_69
41
72
29
69
37_38_42
41_57_69
57
72
36_60
53_65
72
69
37
69_72
37
29_36_37_41_41_42_57_69
69
72
72
41
36_37_42
57
72
69
37
65
41
37
37_38_42_53_57_60_65
65
57_69
41_72
69
37_38_42
41_69_72
57
57
29
60
53
65
69
37
62
37
36_36_36_37_42
41
69
57
72
65
36_37_42_62
72
41
57
69
65
37
60
37
37_38_42_53_57_60_65
69
72
57
41
60
62
37_38_42
72
41_69
57
57
36_60
36
53_65
37
62
37
29_41_57
41_69
57_57_72
60
72
69
41
57
60
77
77
53_57_60_65
81
69_72
57
41
62
69
41_72
41
57_57
60
29
53
65
81
62_77
57
77
36_36
77
41_69_72
57
57
60
72
69
41_57
77
60
69
53_57_60_65
77
41_57_69_72
36
62_69
41_72
69
57
36
57
53_60
65
77
65
62
29_36_37_41_41_46_60_65_69
57
72
60
62
36_37_46
42
41
57_69_72
62
42
37
41
60
37
37_38_42_53_57_60_65
72
57_60_69
41
57
37_38_42
41_69
57
72
57
60
53
65
29
57
37
53
37
36_36_36_37_42_57
41_69
53
72
50
36_37_42
72
41
69
57
37
50
37
37_38_42_53_57_60_65
57
72
69
41
37_38_42
41_57
72
36_60
57_69
36
53_65
37
37
29_36_37_41_41_42_55_63
55
53
69
56
36_37_42
41
53_63_69
56
57
37
41
37
57
37_38_42_51_53_57_60
69
53_63
41
67
37_38_42
29
41_63
53
69
53
57
51
60
67
65
37
37
29_36_36_37_42_53
41_63
69
36_37_42_65
69
41
63
53
65
37
37
37_38_42_51_53_57_60
53
69
63
29_41
63
37_38_42
41_53
69
36_57
53_63
51_60
63
37
37
65
34_34_36_37_42_46_65
53
70
62
36_37_42
46
53
70
65
37
34
37
62
63
37_38_42_50_53_58_62
64_70
53_65
46
37_38_42
65
70
46
53
65
53
58
63
64
50
62
34
65
37
37
36_37_41_41_42
46_53
65
70
58
36_37_42
65_70
46_53
58
37
37
37_38_42_50_53_58_62
53_65
46
70
62
37_38_42
46_53_65
53
41
70
41_58
50_62
62
37
65
37
34_36_37_42_46_65
53
46
70
36_37_42
53
70
53
46
74
37
37
74
53
37_38_42_50_53_58_62
77
53
70
46_65
55
37_38_42_46_65
53
34
53
70
58
50
62
77
46
37_74
55
57
37
74
36_37_41_41_42
74
70
46_53_65
57
36_37_42
46_65_70
53
74
41
37
65
65
37
65
65
34_37_38_42_50_53_58_62
46_74
53
70
41
65
37_38_42
65
46
70
53
53
50_58
62
74
34
62
37
65
37
65
29_36_37_41_41_42_62_69
57
72
52
36_37_42
41
57
72
69
52
29
37
41
37
28_37_38_40_40_42_52
61
67
55
40
37_38_42
52
67
61
55
28
37
40_52
37
31_36_37_42_43_43_55
65
70
52
43_53
36_37_42
55
70
65
31
37
53
43
55
37
36_36_37_38_42_48_55
55
64
70
57
48
37_38_42
55
70
64
36
57
37
36
37
29_36_37_41_41_42_57
69
72
60
41
36_37_42
57
72
69
72
60
37
41
37
80
37_38_42_53_57_60_65
57_69
41_57_72
72
37_38_42
41_69_72
29
57
57
60
53
65
80
57
81
37
37
29_36_36_37_42
41
69
57
64_72
36_37_42
72
81
41
57
69
64_77
37
37
37_38_42_53_57_60_65
74
69
72_77
57
29
41
60
37_38_42
72
41_69
57
57
36_60
53_65
60
72
37
74
37
36_36_36_37_46_48_67_72
55
72
36_37_46
42
48
55_67_72
42
37
36
63
37
37_38_42_51_55_60_63
72
55_67
63
48
62
37_38_42
36
48_67
55
72
55
60
51
63
62
37
60
37
29_36_37_41_41_42_63
53
69
60
65
36_37_42
41
53_63_69
65
37
41
63
37
37_38_42_51_53_57_60
69
53_63_63
41
58
37_38_42
29
41_63
53
69
53
57
51
60
37
58
37
36_36_36_37_42_48_55_63
55
70
55
53
36_37_42
48
55
70
63
53
37
50
36
37
37_38_42_51_55_58_60
70
55_63
48
50
37_38_42_48
36
70
48
55
63
55
58
51
60
48
37
37
46
29_36_37_41_41_42_63
53
46
69
49
36_37_42
41
53
69
63
50
49
37
41
37
50
37_38_42_51_53_57_60
69
53_63
41
53
37_38_42
29
69
41
53
63
53
57
51
60
53
37
37
36_37_41_41_41_42_69
57
72
41
36_37_42
57
69
72
37_86
41
37
37_38_42_53_57_60_65
57_69_72
41
37_38_42_69
41
72
57
57
41_60
86
53
65
37_84
37
84
36_36_36_37_41_42_57_86
69
72
36_37_42
41
57
69_72
37_84
86
75
37
37_38_42_53_57_60_65_81
69
57
41_72
74
75
84
37_38_41_42_69
57_72
36
57
36_60
53_65
74
81
37_77
37
36_37_41_41_41_42_72_77_81
57_69
72
72
36_37_42
57_72
69
41
37_77_81
68
37
37_38_42_53_57_60_65_72
68
57_69_72
41
69
77
41_69_72
37_38_42
57
41
57
60
41
53
65
72
37_69
69
37
41
36_36_36_37_42_69_72
57
69
72
65
36_37_42
41
72
57
69
72
65
37_69
37
37_38_42_53_57_60_65
62_69
57_69
72
41
36
37_38_42_72
69
36
41
57
57
53_60
65
62
37
37
36_37_41_41_41_42_69
57
72
60
36_37_42
41
57
72
69
60
37
41
37
37_38_42_53_57_60_65
72
57_69
41
62
37_38_42
72
41_41
57
69
57
60
53
65
37
62
37
60
36_36_36_37_42
41_57
69
72
60
65
36_37_42
69_72
41_57
65
37
67
37
37_38_42_53_57_60_65
57_69
41
72
65
37_38_42
41_57_69
67
57
72
36_60
36
53_65
65
37
69
62
37
36_37_41_41_41_42_62_63_69
53
69
63
41
36_37_42
53
63
69
63
37
67
41
37
37_38_42_51_53_57_60
53_63_69
41
66
67
37_38_42_63
41
69
41_53
53
57
51
60
66
37
64
37
36_36_36_37_41_42_53
63
64
69
65
36_37_42
41
53
63_69
65
37
37
37_38_42_51_53_57_60
63_63
53
41_69
37_38_41_42_63
53_69
53
36_57
36
51_60
63
37
37
34_34_36_37_46_46_53
65
61
70
46
36_37_46
62
53
61
70
65
42
42
37
34
62
37
65
37_38_42_50_53_58_62
53_65
46_70
65_67
34
37_38_42
46_65_70
53
53
58
50
62
37
67
37
36_37_41_41_42
46
65
53
70
70
36_37_42
70
46
53
65
70
37
37
37_38_42_50_53_58_62
65
70
53
46
58
37_38_42
70
46_65
53
53
41
41_58
50_62
58
37
37
34_36_37_46_46
61
46_65
53_70
36_37_46
70
65
46_62
53
61
42
42
74
37
62
37_65
74
37_38_42_50_53_58_62
77
67
65_65_70
53
46
37_38_42
65
46_70
34
53_53
58
50
46
62
77
67
37_74
70
37
74
36_37_41_41_42
74
46_65_70
53
36_37_42
70_70
65
46_53
74
37
65
37
37_38_42_50_53_58_62
74
46_53_65_70
41
65
37_38_42
46_70
65
53
41
53
50_58
62
74
62
37
37
29_41_41_62_69
57
72
41
57_69_72
29
76
41
29_41_41_53
76
62_74
68
41
53
68
62
74
29
41
31_43_43_65
55
70
77
43
55
70
65
31
77
43
79
36_36_48_64
79
55
70
81
48
55_64_70
36
81
36
29_36_37_41_41_42_69
57
72
77
36_37_42
41
57
72
69
77
37
41
37
37_38_42_53_57_60_65
72
57_69
41
74
37_38_42
72
41
57
69
57
60
53
65
29
37_74
72
37
36_36_36_37_42
41_57
69
72
72
36_37_42
69_72
41_57
37
65
37
37_38_42_53_57_60_65
57_69
41
72
65
37_38_42
41_57_69
57
72
36_60
36
53_65
37
69
68
37
68
36_37_41_41_41_42_69_69
57
69_72
36_37_42
41
57_69_72
37
69
72
41
37
37_38_42_53_57_60_65
72
72_74
57_69
41
37_38_42
41_69
57
72
57
41_60
53
65
74
37
69
37
36_36_36_37_42_57
69
41_69
72_72
36_37_42
72
41
69
57
72
37
74
37
37_38_42_53_57_60_65
57
72_74
69_69
41
37_38_42
36
41_57
72
36_60
57_69
53_65
37
69
37
36_37_41_41_42_72
41
57
69
72_74
72
36_37_42
72
69
41
57
74
37
69
37
37_38_42_53_57_60_65
57_86
72
41_69_69
72
37_38_42
41
57
41
72
60
69
41_57
53
65
72
37
74
37
41
36_36_36_37_42
69
57
72
36_37_42
41
69
72
57
37
87
86
37
86
69
37_38_42_53_57_60_65_87
57
41_72
36
37_38_42_84
36
86
69_74
41_57_72
57
53_60
65
84
37
76
37
29_36_37_41_41_42_69
57
72
76
36_37_42
77
41
57_69_72
77
37
41
77
37
37_38_42_53_57_60_65
72
57_69
41
77
37_38_42
29
41_69
57
72
57
60
53
65
37
74
37
29_36_36_37_42_57
41_69
74
72
36_37_42
72
72
41
69
57
72
37
72
37
37_38_42_53_57_60_65
57
72
69_72
29_41
37_38_42
41_57
72
36_60
57_69
53_65
37
37
29_36_37_41_41_42_63_67
53
69
67
69
36_37_42
41
53
69
63
69
37_57
41
37
37_38_42_51_53_57_60
57_60
69
53_63
41
69
37_38_42
69
41
53
63
53
57
51_60
63
60
29
69
37_65
63_69
37
65
36_36_36_37_42
69
41_53
63
69
69
67
36_37_42
63_69
41_53
67
69
37
72
67
37
37_38_42_51_53_57_60
53_63
67
41
69
66
37_38_42
41_53_63
53
69
36_57
36
51_60
72
66
37
65
37
34_34_36_37_46_46_53_65
65
70
65
46
36_37_46
53
70
65
65
42
42
67
37
34
65_67
37
37_38_42_50_53_58_62
53_65
46_70
62
65
34
37_38_42
46_65_70
53
53
58
50
62
62
58
37
37
36_37_41_41_42_58
46
65
53
70
55
36_37_42
70
55
46
53
65
37
58
37
58
37_38_42_50_53_58_62
65
62
70
53
46
37_38_42
70
46_65
53
53
41
41_58
50_62
62
37
37
34_36_37_46_46
65
46_65
53_70
36_37_46
70
65
46
53
42
65
42
67
37
58
65
37
67
37_38_42_50_53_58_62
62
62
65_70
65
53_58
46
37_38_42
65
46_70
34
53_53
58
50
46
62
62
37
62
65
58
37
36_37_41_41_42
46_65_70
53
70
58
65
36_37_42
70
65
46_53
37
70
37
37_38_42_50_53_58_62
65
46_53_65_70
41
37_38_42
46_70
65
53
41
53
50_58
62
65
62
37
37
29_36_37_41_42_62_72_72_77
41
69
57_72
36_37_42
72
41
57
69
72
29
37
41
72
72_77
37
72
28_37_38_40_42_71_71_71_73
40
61
52_67
37_38_42
67
40
52
61
28
37
40
71_71_71_73
37
31_36_37_42_43_43_55_70_70
65
70
43
36_37_42
55
70
65
70_70
68_68
31
37
43
37
68_68
36_36_37_38_42_48_64_69_69
55
70
37_38_42
48
55
70
64
69_69
65_65
36
37
36
37
29_36_37_41_41_46_65_65_69
57
72
36_37_46
41
57
72
69
42
42
37
41
37
65
37_38_42_53_57_60_65
72
57_69
41
37_38_42
72
41
57
29_69
57
60_69
65
53
65
65
72
37
69
37
72
29_36_36_37_42
77
41_57
69
72
36_37_42
69_72
41_57_79
77
77
79
77_79
37
77
79
37
79
77
37_38_42_53_57_60_65
57_69
41
72
29
77
79
37_38_42
41_57_69
65
57
72
36_60
77
79
53_65
77
79
79
77
37
69
77
79
37
77
36_37_41_41_41_42_65_69_69_69
57
72
36_37_42
41
57_69_72
77
65_69
37
41
60
37
77
60
37_38_42_53_57_60_65_65
81
72
57_69
41
37_38_42
41_69
57
72
57
41_60
53
65
65
65_69
77_81
37
37
77
36_36_36_37_42_57
75
41_69
72
36_37_42
72
41
69
57
72
65_69
75
37
60
37
60
37_38_42_53_57_60_64_65
69
57
72
72
69
41
37_38_42
36
41_57
72
36_60
57_69
53_65
64
65_69
65
69
37
37
36_37_41_41_42
41
57
69
65
72
36_37_42
72
69
41
57
65_69
69_72
37
37
37_38_42_53_57_60_65
57
72
41_69
37_38_42
41
57
41
72
60
69
41_57
53
65
37
37
41
36_36_36_37_42
69
57
72
36_37_42
41
69
72
57
37
37
69
37_38_42_53_57_60_65
57
41_72
36
37_38_42
36
69
41_57_72
57
53_60
65
69_72
37
37
29_36_37_41_42_65
41
69
57_72
36_37_42
65
72
41
57
69
60_65
37
41
37
37_38_42_53_57_60_65
41
57_69
72
37_38_42
41
57_72
69
57
60_65
60
53
65
29
65_69
37
69
72
37
69
72
36_36_36_37_41_42
57
69_72
36_37_42
65_69
72
69
67
41
57
37
37
41
37_38_42_53_57_60_65
57_69
72
41
37_38_42
72
57
69
57
36_60
36
53_65
37
67
69
72
37_69
72
29_36_37_41_46_69_75
41
63
53
69
36_37_46
42
41
53
42
69
63
37
41
37
37_38_42_51_53_53_57_60
63
69
37_38_42
53
69
53
57_63
51
60
29
37
53
63
69
37
53
63
69
41
36_36_36_37_42
53_63
69
36_37_42
41
53
69
63
37
37
53_63
37_38_42_51_53_57_60
69
37_38_42
69_75
53
69
53
63
36_57
36
51_60
37
53
69
63
37
53
69
63
34_34_36_37_46_46_65_70_74
53
70
36_37_46
42
46
53_65_70
42
70_74
37
34
65
37
65
37_38_42_50_53_58_62_69
70
53_65
46
37_38_42
46_65
53
70
53
58
50
62
69
34
70_74
37
37
36_37_41_41_42_53
46_65
70
36_37_42
70
46
65
53
70_74
37
65
37
65
37_38_42_50_53_58_62_69
53
70
65
46
37_38_42
46_53
41
70
41_58
53_65
50_62
69
70_74
37
37
34_36_37_46_46
46
53
65
70
36_37_46
70
65
42
46
53
70_74
42
74_77
37
37
73
37_38_42_50_53_58_62
53
70
74
46_65
37_38_42
73
34
53
46
70
58
65
53
50
62
46
37
37
46
36_37_41_41_42
65
53
70
36_37_42
46
65
70
53
41
37_74
65
37
65_73
34_37_38_42_50_53_58_62
53
46_70
41
65
37_38_42
65
46_53_70
53
50_58
62
34
73
74_77
37
74
37
29_36_37_41_41_42_57_72_74_77
69
72
41
36_37_42
57
72
69
29
37
41
72_77
37
29_37_38_41_41_42_53_71_74
62
68
41
37_38_42
53
68
62
29
37
41
71_74
37
31_36_37_42_43_70
43
65
55_70
36_37_42
70
70
43
55
65
68
31
37
43
37
68
36_36_37_38_42_48_64_69
55
70
48
37_38_42
55
64
70
69
65
36
37
36
37
29_36_37_41_41_42_57
69
72
41
36_37_42
57
72
69
37
41
37
37_38_42_53_57_60_65
57_69
41_72
37_38_42
41_69_72
57
57
60
53
65
29
69
37
37
36_36_36_37_42
41
69
57
72
36_37_42
72
41
57
69
65
37
37
37_38_42_53_57_60_65
69
72
57
41
37_38_42
72
41_69
57
57
36_60
36
53_65
37
37
69
36_37_41_41_41_42_69
57
72
36_37_42
41
57_69_72
68
37
41
37
37_38_42_53_57_60_65
69_72
57_69
41
68
37_38_42
41
41_69
57
72
57
60
53
65
72
37
69
37
36_36_36_37_42_57
41_69_74
72
36_37_42_72
72
41
69
57
74
37
77
37
37_38_42_53_57_60_65
77
57
74
72
69
41
37_38_42
41_57
72
36_60
57_69
36
53_65
74_77
74
37
77
37
74
29_36_37_41_46_53
69
60
77
36_37_46
77
42_69
53
60
42
37
72
37
37_38_42_57_60_65
69
53_60
77
77
72
37_38_41_42_60_65_69
60_77
53_57
29
77
37_69
37
36_36_37_42_48
69
53
60
69_72
77
36_37_42
69
77
53
60
72
37
65
37
37_38_42_57_60_65
36_69
53_60
77
60
65_69
57_65
37_38_42
69
77
53
60
69
36_37
60
48
37
36
41_41_69_72_77
53_60_69
77
65
69
41_53
60_77
41
60
72
69_77
41_47
71
41
71
36
47_48
72
36
72
48
29_41_81_84_89
77
29_84
81
89
41
65
77
