59_64_68_71_71
40_52
40
52
56
52
73
52
56
45_69
64
76
33
73
33
45
49_52
57
64
69
49
52_78
57
76
78
71
68
40
80
28_68_71
28
40
47_56
52
52
47
66
78
56
68_80
71
64
66
56
59
52
76
78
52
59
56
64
61
64
73
52_57
45
76
57
45_52
61
64
56
44
59
64
58
71
58
73
56
44
56
59
59
73
64
71
59
56
68
64_76
37
49
73
49
37
49
58
73
76
49
58
68
64
47
71
73
68
71
47
66
49_57
68
49
57
59
51
68
51
59
66
71
49_57
68
68
71
49
57
64
52
40_68
66
64
52
40
64
66
56
52_59
56
59
52
44_56
52
52
56
66
64
44
68
62
56
59
66
71
68
59
56
62
73
61
57
71
75
73
61
57
45_57
64_69
73
75
45
57
44_56
75
73
64
56
69
44
65_71
73
56_59_61
75
56_59
61
64_70
65
71
42
54
75
73
54
42
76
75
64
54_58
70
64
73
54_58_76
64
71
73
59_64
56
59
56
64
80
71
60
57_64
57
64
60
61_64
58
78
80
76
58_64
61
78
73
58_76
54_64
76
73
54
58
64
78
63
75
59
71_78
76
71
75
78
59
63
80
73_80_85
78
80
85
73
80
71_83
35_47
80_83
35
71
78
54_63
57
78
69_81
80
54
57_63
81
78
69
76_80
68
76
56_64
59
78
76
80
56
59_64
68
66
75_78
75
40
52
76
75
78
66
40
52
73
45
73
64_76
75
33_64_73_76
33
45
73
64
49
52_57
76
64
75
73
76
75
49
52
57
61
64
45_52_57
73
57_76
52
45
64
59
44_56
61
71
73
44
56
59
59
44_64
32
68
44
32
71
59
49_59
66
37
68
49
64
66
37
58
66
42
30_59
64
42
30
59_63
47_58
35
47
68
35
66
47
54_57
71
59_63
68
68
54
47
71
57
49_56
64
68
49
66
56_64
64
37_49
66
49
37
62
66
64
52_68
66
71
68
61
73
71
52
64_69
45
75
73
59
73
69
45
64
61_75
65_71
49
75
73
75_76
58
65_71
49_59
42_64_70
78
76
70
58
64
42
80
68
80
78
54
63
58
58
54_63
55_59_65
55
59
65
78
80
80
68
76
66
56_60
78
56_60
66
78
76
76
78
61
67
57
57
61
67
73
76
71
58_62
68
73
58_62
68
83
71
69
59_63
68_80
80
83
69
59_63
80
68
64_68_76
71
76_80
59
56
52
56
59
52
76
68
71
64_76
76
71_80_83
83
40_52
71
76
80
83
56_64
59
73
85
85
83
59_64
56
85
76
85
73
88
45
33
85
49_57
52
45
33
90
78
76
88
85
52
57
49
78
83
80
92
40
90
28
47_52
56_59
40
28
47
52
56_59
90
83
78
80
92
76_78_80
88
90
52
56_59_64
56
64
59
52
80
85
73
45_57_76
88
45_57
71_73_76
83
44_56
85
52
56
44_52
56
59_64
85
83
56
76
59_64
71
80
76
37_49
88
85
37
49
49
54_58
73_85
85
76
88
80
49
80
80
54
85
58
73
71_83_83
85
47
35
80
80
83
35
83
71
47
78
78
80
80
63_69
59
59
63
69
63_69
59
63
59_69
78
59_71
61
80
61
71
59
78
83
69
80
59_63
80
69
59_63
83
76
40_52
80
78
76
76
56
52_59
78
56
59
52
56
44
56
78
44
76
80
62
56
59_64
78
59
56
62_64
83
80
64_85
57_61_85
73
83
73_85
75
87
73
87
85
85
61
57
64
85
73
87
85
75
57
45
87
57
45
56
44
56
75
87
87
73
85
44
85
73_85
85
87
75
87
65
56_59_61
56_59
61
65
54
57_61
64
54
75
87
73_87
61
64
85
57
85
76_88
75_87_88
42_54_87
76
85
85
88
88
54
42
83
83
85
85
56
44
56
83
44
83_92
56_92
59_64
83
59
56
64
83
90
92
83_90
54
59_61_64
92
88
90
88
83
90
59_61
54_64
88
88
85
85
88
42
54
88
90
88
85
54
85
42
90
85
90
90
59
47
88
59
47
85
90
92
80
83_92
90
63_71
63
71
70
61
83
92
80
61
70
78_90
60_69
82
90
92
90
60_69
82
78
68
59
76_88
80
88
90
88
80
76
74_78
87
87
87_88
87
74
59_68
78
87
56_66
66
56
76_85_85
73
64
87
57
57_64
73
76
85
76
45
52_57
85
76
87
85
85
85
88
88
87
45
52
57
88
85
73
66
54_61
73
85
54_61
85
66
88
85
83
83
56
68
85
68
56
83
44_56
76
44
80
56
83
71
49_61_76_78
80
49
61
76
78
42_54_78
70
71
76
54
42
59
47
70
69
71
69
71
80
59
47
78
59_63_69
83
80
80
83
63
61
68
64
59
69
76
80
78
76
76
78
64_68
61
49_61
49
61
64
66
64
64
64
68
76
66
40_47_52
71
68
40_47_52
61
69
73
71
33
40_45
75
73
65_71
59
61_69
73
33
40_45
75
37
49
75
73
59
58
75
70
76
64
65
71
49
37
42
30
78
64_70
76
58
80
30
42
78
76_84
63_69
59
59
69
63
78
80
76
76
64_85
61_68
76
78
84
68
64
61
78
76
76
76
82
76_85
78
64
54
58
54
58
64
73
76
82
76
61_68_71
59
73
61_71
59
68
83
59_63_69
71_85
63_69
59
80
83
71
76_88
85
76
52_80
59_68
88
76
76
68
59
52
28_40_71_71_80_83
83
28
40
47
56
47_56
71
68_80
68_80
52_59
83
52
59
56_59_64
56_59
64
37_49
37
49
73
85
76
73_85
71
49
68
80
56
80
68
56
49
85
73_75
52_61
87
56
87
75
73_85
52
61
56
73_85
73
85
64
56
61
75
76
87
75_87
56
61
64
71_83
83
73_85
71_73_75
56_63_85
68
80
80
75
83
68
71_83
63
71
56
56_63_68
71
71
80
63
68
56
57_61
73
64
73
80
57
61
64
71_73
73
71
73
78
71
59_63_71_78
75
69
59
63
71
69
75
78
73
71
76_78
64_68_71_76
68_71
64
52
59
59
52
71_76
68
64
68
64
71
76
59_64
71
59
64_71
44_56
44_56
71
59
64
59
64
71
43
49
55_58_61_61
70
58
70
49
55
43
58
70
61
58
61
70
58
63
42_61
57_57
54_69
47
58_69
61
54
42_47
69
57
57_69
63
28_71_71_76_80_83_83
40
40
28
47
56
47
56
68_80
76_80
59_68
52
52
59
56_64
59
64
56_59
37
49
76
80
68
68_80
37
49
73
80_85
49
56
73
85
49
56
87
56_61_75_80
52_75_87
73_85
73
85
52
56_61
87
76
75_76_88_88
64
75
56
61
87
56
61
64
87
75
63
87
59_68
75
76_88
76
88
59
63
68
75
71
75_83
71_83_87
75_87
59_63_68
63
59
68
83
75
71
61
70
64_68
76
80
70_80
71
83
61
64_68
76
70
61_64
68
71
76
76
80
70
80
71
61_64
68
61
70
61_61_70
70
63
70
61
70
63
59_68
63_68
59
63
44
63
68
59
44
51
63
68
59
58_67
58_67
51
58
67
58
67
59_68
63
63_68
59
56
63
68
59
59
63
68
63
57_63
71
71
56
43
55
55
43
42_54
71
63
57
68
56_68
56
62
63
42_54
71
62
41_53
41_53
40_52
52
56
40
62_64
56
40
28
40
62
28
64_68
56
64_69
62
30_42_57_69
56
68
57
42
30
69
62
64
57
59_71
62_64
32_44_57_59_69_71
71
32_44
59
62
64
61_73
64
33_45_59_61_71_73
64
73
33_45
61
46
76
64_68
34_46_61_73_73
64_76
68
76
73
64
64
76
46
34
88
76_88
68
76
68
59
75
76
76_87
75
87
88_88
73_75_85
59
73
66_85
87
75_87
85
66
73
83
71_80
71
64_83
73_85
80
71
83
100
71_104
83
64
104
100
99_103
40_47
40
47
102
98
103
99
102
98
101
97
59_68
61_64
64
100
59_61_96
68
101
97
58_63_67
63
58
67
59
64_68
96_99
95
100
59_64
68
62_68_71
94_95
98
99
62
68
71
66
68_74
71
97
93
94
98
92_96
93_97
68_71
66
74
91_95
73
64_69_92
66
96
69
73
64_66
61
64_66_69
90_94
91
95
66_69
64
61
47
89
93
90
94
47_52_56_59_88_92
61
89
93
90
87
88
92
61
56
59
52
53_56_62
59
90
86
87_90
56
53_59
62
90
86
85_89
88
84
54_61_63
57
57
54
61
63
84
59_61_64_83_87
88
59
61
64
83
47_54_57
71_75
75
78
69_78_83
83_87
71
71
69
75
57
54
83
78
47
78
71_75
83
64_68_71
76
40_52_76
64
52
40
52_56_59
64_76
68
71
64
85
56
59
52
76
88_88
76_81
33
45
85
45
33
49_52_57
81
76
88
78
78
90
90
76_88
52
49
57
90
83
80_92
78
92
80
28
40
90
78
40
28
47_52_56_59
47
52
59
78
90_90
56
78
80
92
83
80
92
90
76_88
78
76_80
78
88
52_56_59_64
90
80
88
76
52
56_59
64
73
85
85
73_76
45_52_57
88
45
57
52
73
71
83
71_73_83_85
76
44_52_56
85
44_52_56
56_59_64
83
71
85
76
73
85
71
83
59
56
64
85
76_80
88
76_88
73
37_49
85
49
37
49_54_58
73_85
85
73
76
54
88
88
49
58
76
80
85
71_73
71_83
83_85
47
73
71_80
80
71
83
83
47
78
78
80
59_63_69_80
63
59
69
59_63_69
63
69
59
59_61_71
78
80
78
61
71
59
83
59_63_69_80
80
83
63
59_69
76
80
40_52_76
78
76
40
52
76
78
52_56_59
44_56
64
76
66
64
44
56
68
56_59_62
66
71
68
56
62
59
71
69_73
73
64
57_61
75
73
57
61
73
64_69
64
73
45_57
75
69
45
57
69_71
64_65_73
44_56
73
75
73
44
56
65
71
73
71
65
56_59_61
75
59
56
61
64
70
65
71
42_54
75
73
54
42
76
75
54_58_64
70
64
73
54
76
58
64
71
73
56_59_64
59
56
64
80
72_80
71
60
57_64
64
57
60
80
72
78
58_61_64
80
76
78
61
64
58
73
76
54_58_64
76
58
73
54
64
78
71_75_78
76
59_63
75
71_78
78
59
63
80_92
76_80_88
35
37
35
80
88
76
92
80
39
37
39
40
78_90
78
92
81
40
42
92
44
42
78_81
44
45
76_88
78
76
90
80
88
45
47
88
47
76_80
49
51
49
75
87
76
88
75
87
78
51
52
54
52
87
78
75
56
54
73_85
76
85
73
75
87
56
45_52
57
45
52
57
73
76
57
64_69_76
87
87
85
85
73
76
87
85_88
88
85
87
57
69
64
57_64_69
76
88
85
85
69
85
64
85
76
57
88
85
71
76_83
56_61
64
83
85
64
61
56
76
71
44_56
71
76
83
80
44
56
83
71
76
71
78
49
61
80
61
76
78
49
71
70
78
42
54
76
42
54
70
47_59
69_71
47
71
80
59
69
78
63
59
83
80
80
63
83
59
61
64_68
76
80
78
76
76
78
49_61
64
61
68
61
49
74
62
76
64
62_74
40
28
66
64
28
56
40
52_59
66
71
56
52_59
61_73
69
61
71
73
69
33_45
33_45
49_52_57
61
69_73
75
63
61_73
63
75
63
52_57
49
75
61_73
75
61
73
63
69
49
61
73
49
53
49
59
63
75
61
73
53
49
59
73_76
64
64
63_76
69_75
30_42
30_42
58
49_54
64
69
73
76
54
49_58
66_78
66
64
78
76
66
68_80
78
68_80
78
66
54
58_64
58
54_64
55
59_65
68
78
78
80
55_59
80
65
68
76
56_66
78
60
76
78
78
76
78
56_60
66_76
76
57
61_76
78
67
78
73
76
73
57
76
61
67
73
73
71
68
58_62
71
71
83
83
62
71
58
68
59
63_69
83
69
63
59
80
68
83
52_59
64
68
64_76
76
68_71
80
52
59
68_71_76
64
76
64
80_92
49
83_95
80_92
56
64
49
64
56
78_90
83
95
78
90
78_90
87
49
75
56
78
90
66
56
66
49
73
75_85
87
76_88
73
49
85
56
64
49
56
64
83
71
88
76
49
56
66
56
49
66
83
68
71
71
68
49
76_80
56
49
75
56
76
57
71
78
80
57
78
76
49_56
80
75
56
49
76
80
80
76
49_56
56
49
76
80
68
64
68
64
81
84
45_52
52
45
83
80
81_84
60
60
81_84
80_83
45
52
45_52
84
81
84
81
45
52
45
52
84
81
68
56_64
80
64
56
92
68
49_92
83_95
49
90
56
83
66
95
78
66
56
75_87
49
78_90
49
73
87
56_64
75
85
73
64
56
88
49
85
76
88
49
56_66
71_76
71_83
56
66
49
83
49
49
56
68
68
68
64
61
68
68
61
68
71
61_67
63
64
70
67
71
64
68
61
70
61
63
56
61_68
49
64
64
64_66
37
48_52_58
58
48_52
66
68
37
59_63_71
47
68
35
35
47
63
59_68
71
56_64
68
40_47
52
40
47
52
56
64
59
61
40_52
49
40_49
52
59
61
59_64
56
40_47
52
40
47
52
56
64
59
59
61
59
63
64
61
63
66
47
35
64
47
35
68
66
71
63
59
68
47_54_57
57
54
47
40_52
59
63
71
40
52
73
62
68_71
76
73
70
61_66
71
78
62_68
76
80
78
60_64_70
61_69
66
60
52_64
69
78
80
52
76
78
62
52
68_73
67
68_71
51_52
61_73
62
73
76
66
50_62_67_71
51
73
61
61
62
65
49_59_66
50
61
68
71
49
59
65
66
69
69
71
68
61
57
61
57
69
66
65_71
68
61
56_59_69
61
59
56
68
65
70
73
54_71
58_61
54_58
76
61
73
70
42_54
42
54
68
76
71
47
68
59
71
47_56
61
59
66
52
47
56
55_60
61
57
61
51_52_55
60
51
47
64
57_60
40_55_66
46
61
56_61
55
47
60
46
62
61
46
47
40
46
61
55
56_63
62
39
45
64
39
45_63
61
55
80
61_66_75
69
83
76
80
69
73
78
63
83
76
71
73
62
63
70
75
61
62
71
78
60
61
73
69
75
70
60
64
59
59_64
68
58_63_69
76
73
58_63
61
57
66
71
76
68
66
71
57_61
80
87_92
63
56_60
56_60
63
59_80
56_61_64
83_87_88_95
61
59_64
56
55
52_61
59
64
67
55
59_61
52
64
67
52_55
67
59_61_64_71
64_67
71
52_59
55
61
73
64_67_71
52
55_61
59
67
64
71_73
52
55_59
61
56
61_64
80_83_87_88_92
95
56
61_64
57_60_64
76_80_85_88_92
87
60_64
57
72
69
52_54_60
45
54
45
60
52
72
69
45_72_76
52_54_60_69
69
72_76
45
54
52
60
72
78
69
45_54
52_60
72
78
69
45
52_54
60
92
58
87
53
73_76_78_85_88_92
92
58
53
92
87
92
92
87
88_95
95
80
87
92
92
90
75_85
88
90
95
80
95
74
83
75
85
82
73_87
87
83
90
74
90
72
73
87
82
81
85
87
71
85
72
71
71
85
80_88
81
88
70
71
85
83
78_88
83
80
69
88
70
69
69
69
69
83
78
69
83
49_56
56
56
56
68
56_61
64_68
56
56
56
68
63
67
59_67
68
64
59
59
59
58
58
49
68
68
49_56
64
67
67
63
56
49
68
61
64
68
64
76
49_54_58
64
64
76
64
64
76
75
66
64
76
64
73
66
75
66
64
54
49
58
64
68
66
71
73
47_56
52
68
63_64
71
68
71
73
62_63
66
71
68
61
52_56
47
66
62
76
45_52
73
52
75
76
54
52
73
75
52
54
54
52
54
71
59_64
44_73
61
52
56
59_68
71
44
42
49
52
66
59_61
68
56
58
59
64
66
49
42_61
64
47_52_57_64_76
64
58
56
76
76
63
75
76
74
62
63
75
56
74
61
61
45
62_69
69
73
45
52
55
52
55
69
61_73
43
59
61
50
53
68
69
59
68
71
50
53
43
45
68
59
68
49
71
42
59
58
52
64
58
70
64
58
30_42
49
52_70
42
58
30_42
52
54
52
56
35
54
47
35
47
59
56
52
52
56
59
57
61
53
56
56
35_61
47
57
52
53
35
47
59
56
52
52
52
56
59
61
53_57
56
53
57
57
47
35_52_54_61
35
47
61
57
61
61
61
66
52_54
54
52
49
49
66
52
56
66
48
51_57
48_52
47
56
47
51
57
66
52_59
56
59
47
40
40
47
61
59_64
57
61
52
56
52
45
52
45
66
64
57
68
66
59
40
47
40
47
66
68
56
64
64
59
66
56
45
52_57
61
61
64
64
57
45_52
59
61
59
44
61
44
52_56
59
61
56
59
52
49
64
61
49
54_58
61
64
54
58
47
59
61
56
59
47
49_57
54
56
49
57
51_59
56
59
51
54
59
49
57
56
57
49
56
59
40
52
56
54
52
40
56
52
54
56
44
44
54
52
62
56
54
59
56
62
52
61
59
63
52
61
61
45
63
45
53
61
59
63
53
59
61
44
63
44
42
58
61
63
58
42
56
64
63
61
64
56
59
54
61
54
68
44
52
59
44
52
42
49_66
68
64
66
42
49
61
64_64
73
64
61
73
64
63_72
66
64
72
63
71
62
68
66
71
62
61_70
70
61
60_69
66
68
69
60
68
59
64
66
68
59
67
58
63
64
67
58
61
66
57
63
66
57
56_65
63
61
56_65
45
64
63
45
57_66
61
57
64
66
66
56
59
61
66
56
56_64
56
59
64
56
49
54
56
52
54
49
58
64
54
52
64
58
57
63
56
54
63
57
59
47
56
56
59
47
52
56
49
54
52
49
52_56_64
54
64
56
62
54
52
56
28_40
54
59
56
28_40
59
61
61
33_45
63
61
33_45
61
53_59
61
63
37_49
63
61
37_49
64
53
63
52_58_59
30_42
58
52
66
64
30_42
68
66
60
60
60
44
54
66
68
54
44
49_56
64
66
66
64
49
56
60
58
64
42_54
66
61
64
42
54
59
58
59
56
47
61
71
59
59
47
56
57
47_51
68
71
51
47
57
64
68
56
52
76_88
78_81_85
64
52
56
66
78
88
85
81
76
75_78
81_83_87
68
71
68
81
75
78_87
83
75_78_81_85
73
71
75_78
81
78_81
76
73
83
74_79
78
76
78_81_85
83
74
79
73_80
78_82
78
82
78
73
72_81
78
76
80
76
78
76
72
80_81
71_76
73
80
76
71
76
75
69_78
71
73
75
69
78
71
73_76
68
71
73
71
76
66
71_76
73
68
64
66
73
71
76
73
70_76
61
64
64
61
76
73
70
71
75
66
64
75
63_66
66
71
47
54_59
66
63
59
54
47
69
64
52_61
45
71
69
61
45
52
73
71
64
61
42
52_57
76
73
61
42_57
52
71
76
59
44
51_56
68
71
44_56
66
51
59
68
64
66
61
45_52
57
64
64
61
69
64
69
45
57
69
52
71
69
73
54_57_64
71
57
54
64
68
56_59_64
69
68
59
56
75
64
73
76
57_60_64
75
60
57
64
68
58_66
78
58
68
66
76
64
80
61
78
64
81
80
64
61
83
59_63_66_81
64
85
83
63
66
59
87
47_59
85
88
87
59
47
88
66_69_73_76_78_90
66_69_71_75
80
92
83
95
80_92
71
69
75
66
63_66_69_73
95
85
83
88
85
69
73
66
63
62_65_68_71
62
90
88
68
65
71
92
61_68_70
90
68
70
61
60_64_66_69
90
66
64
69
60
92
88
90
61_64_68
64
68
61
58_64_67
85
58_67
64
88
83
57_62_64_68
85
64
68
62
57
56_59_61_64
80
83
61
59
56_64
54_59_64
78_90
80
88
58_85
59
88
64
88
85
63
90
59
78
88
71_75_78
58
54
63
59
75
78
71
63_71
78
66
83
47_54_59_90
71
66
63
47_59
54
69_73
81
83
45_52_61
69
71
83
73
81
45
52_61
73
73
71
85
83
42
76
52
73
57
88
76
73_85
42
75
71
71
57
83
52_76
76
44
51
59
80_88
83
71
71_75
78
44
80
51
59
76
78
45
73
52
61
76
73_76
45
81
61
52
76
81
83
54
58_64
85
83
54
64
58
55
59
64
80
81
80
87
85
55_59
64
60
56_64
88
87
64
56_60
64_78
57_61
78
80_88
80
90
61_64
57
78
92
65
58_62
90
88
92
65
62
58
90
59_78
66
88
63
83
90
63
59_66
95
83
95
66
63
66
60
48
60
48
47_59
66
63
61
68
65
66_68
59
66
47
66
65
61
68
61
45_66
69
57
68
57
45
73
56
44
70
66
64
69
61_70
71
56
44
73
64
68_71
68
80
61
69
64
68
42
30
30
42
61
64_69
78
66
68
80
47
35
69
57_63
35
47
63
69
57
68
68
73
40_47
56
78
66
64
76
68
73
44
52_64_68
56
59
73
76
66
66
78
52
59
64
44
73
64
75
71
66
66
71
78
47
54
63
71
47_54
63
71
73
73
75
69
76
73
64
73
73
73
76
69
69
61
73
57
69
78
73
63
64
61
69
57_63
56_60
66
72
72_76
78
69
56
56
44
60
66
78
76
72
44
56
80
61_65
71_74
71_75
78
72
61
83
49
80
61
74
71
65
71
75
49
70_75
58
54_64_70
82
61
54_58_64_83
58
54
64
42_54
75
70
83
82
54
42_59_63_69
73
80
73_85
83
70
59
78
78_87
73
47_59
85
73
80
63
69
47
59
76_88
76
78_87
78
52_56_62
65
76
85
88
64
61
57
83
85
76
65
81
83
73
66
81
64
61
76
73
69_71
64
76
59
78
57
69_71
66
71
63
69
64
69_71_78
59
71
68_76
59_68_71
52_64
63
68
71
71
68
76
52
64
59
76
71_80
40_52
71_83
56_64
59
71
71
76
73
80
85
73
83
76
81
73
76_88
59_64
73_85
45
33
56
49
45_57
52
33
90
78
88
76
76
81
83
80
80
40
92
52_57
49
28
78
90
47_56
52_59
40
28
80
47
52
56_59
83
90
78
78
80_92
52
56_64
59
76
80
78
88
76_78
90
64
59
52_56
85
73
73_80
45_52_57
76
76_88
45
52
57
44
71
76_83
52_56
71
73
73
85
71_83
52
56
44
56_59_64
73
85
71
83
71
59
56
64
76
76_88
73_76_80
85
37_49
49
37
49_54_58
73
85
73
80
88
76
76
54
49
58
71
47
73
83
71
85
35
73
80
71
71
83
47
78
63_69
59
35
80
63
59_69
63_69
59
69
59_63
61
59_71
80
78
71
61
59
63
59_69
83
80
80
83
59
63
69
76
80
40_52
78
76
76
78
56
52_59
56
59
52
44
56
76
66
56
44
68
59
56_62
66
68_71
56
62
59
73
61
57
71
75
73
57_61
64
69
73
45_57
75
45
57
56
44
65
71
64
69
75
73
44
56
65
71
56_59_61
73
65
71
75
56
59
61
64_65
70
42
71
54
75
73
54
42
75_76
54_58_64
54
58
73
64
76
64
56_59_64_71
71
70
73
59
56
64
80
71_72
60_64_71
57
60
57
64
72
78
61
58_64
80
78
76
78
64
58
61
73
54
64
76
58
76
73
58
64
54
71
75
59_63
78
76
78
75
71
76
92
80
80
59
63
35
37
35
39
37
39
40
81
78
76
80
78
90
80
92
40
42
44
42
44
45
76
76_80
88
78
90
81
78
45
47
47
49
80
76
51
49
78
75
75_87
76
88
52
51
54
52
56
54
75
73_78_85
76
73
75_87
56
45_52_57
76
73
76
57_69
64
87
85
73
88
85
87
69
64
57
64_69
57
73
76
88
85
85
64_69
57
56
68
64
71_76
73_85
83
56
76
71
64
68
44
56_71
76
80
83
44
56
71
76
71
78
49
61
80
76
78
49
61
70_78
42_54
71
76
54
42
71
69_70_75
59
47
59
47
69
75
71
80
78
63
59_66
69
83
66
59_63_69
80
66
63_80
69
66
59_63
59
83
69
61
64
68
68
61_64
76
80
68
64
61
78
76
49
61_76
78
61
68
64
61
49
62
74
64
76
66
68
40_47
52
66
71
68
61_73
62_69_73
71
40_47
52
74
33
45
40
75
73
40
45
65_71
69
61
73
33
73
75
37
49
75
73
75_76
64
70
65
37_49
71
42
30
78
76
80
68
64
30
70
78
42
40
44
50
40_44
50
68
43_51
41
78
80
41
43
51
42_46_52_76
78
78
76
46
42
52
76
78
43_47
53
73
76
43
47
53
71
73
44_54
48
83
71
48
44
54
45_49
55
68
45
80
49
83
55
68
64_68_71_76
76
46
80
50_56
50
46
56
71_76
68
64
76
47_51_57
47
51
57
52_56_59
59
52
56
59
40_47
92
80
83
80
56_90
78_80
78
83
92
80
76
76_88
78
78_90
47
40
52
49_75_80
75_76_87
56
76
88
75
87
61
85
73
73
75
80
73
80
68
68
73
63
85
61
70_70_82
82
80
68
68
61
63
49
44
52
51
83
71
70_82
59
75
71_82
61
70
51
44
56
59
71
75
71
83
71
71_83
70
47
70_82
71
83
71
54
69_75_81
82
69
70
70
56
52
68_80
47
68
69
76
69_75
81
54
40
68_76
80
68
68_80
68
47_66
66
78
68
68
80
64
66
56
66
78
64
40_47_52
56
59_76_76_80_80
71
71
83
76
40
47
83
71
71
83
71
83
76
71_76
56
76
76_80
47
40
83
49_52
83
80
83
76
76
83_88
56
61
88
76
76
76
76
88
78
78
90
63
76
88
76
61
64
80
80
92
63
78
49
90
78
52
80
94
63_82
47_56_82
87
80_92
64
80
82_87
59_92
80
63
82
94
56
49_52
47_56
78_85
80
90
78
59
80_92
78
76_88
76_85
90
78
56
49
76
52
75
82
88
71_83
61
63_76
73
71
80
83
63
82
61
75
71
63
59
73
75
80
83
76
80
63
76
58_59_70_83
75
79
63
71
79
80
75
80
79
58
71
59
70
79_83
75
83
75
63
59_71_80
75
81_81_88
54
59
63
69
71
87
69
71
63
59
54
63
71
80
83
86
87
92
86
59
52
71
63
80
92
90
83
90
88
80
80
68
80_88
78
87
87
78
80
80
88
68
69
59
87
77
78_86
77_86
71
78_87
59
69
77
71
86
59
52_57
85
64_73_80_88
76_76
77
86
88
73
80
85
76
76
64
59
57
64_68
76
78_87
75
87
78
68
75
76
68
73
85
64_76
59
76_85
73
71
75_83
59
68
83
75
71
73
69
66_81
59
73
69
81
71_80
68
64
66
68_78
66_69
71
80
44
56
64
69
68
64_66_76
78
54
76
68
64
52
54
75
62_66
62
51
52
56
44
66
75
74
62_65
55
50_51_53_59
50_53_55_62_65_74
59
74_77_86
65
62
74
59
86
74
77
53_59
50_55
73
77
85
49
53_56
59
68
85
77
73
71
75
83
59
56
68
49
53
71_73_81
75
69
54
58
83
69
83
71
73
81
56
64
54
58
83
71
64
64
72_78_85
56_57
78
58
73
61
72_78
64
57
78
85
73
59
58
61
73
47
68_71
64
68
64
71_73
56
47
47
68_71_74
64
59
64
68
71_74
59
75
68_71
65
56
68
71
75
65
56
59
47
54
71
66_69_75
56
66_75
69
71
35
47_54
83
78_78
83
52_56_59_61
61
56
52
59
80
76
80
52_76
56_59_62_83
83
78
78
62
56
52
59
59
83
53_56_63_75
75_76
80
80
76
56
59
53
63
73
73
54_57_61_80
64
75
75
83
61
57
54
64
78
71
71_78
73_73
54_59_63
57
80
35
47
57_59
78
71
54
63
87
47
59_71
78
85
87
80
61
83
76
52_76
85
56
80
56
44
56
47
61
52
80
76
85
83
76_80
59
56
80_83
76
56_80
76_85
52_59_62
52_62
56_59
56_59
44_53_63
80
76
85
83
59
80
76
56_59_63
47
53
83
85
80
83
44_56
76_76
47
83
80
59
75_76_85
42
75_81
54
83
44
76
56
81
75
85
54
42
75
40
80_83
76
47
52
76
56
59
64
78
76
47
52
40
80
83
76
81
78
64
56
59
86
81
83
86
66
56_59_62
59
62
78
66
56
83
52
56_59_64
76
78
78
76
81
78
52
56_59_64
86
81
83
86
66
59_62_71
78
83
66
62
59
71
52_59
56
64
76
78
78
76
81
64
52_59
78
56
86
81
83
86
81
83
59_62_66_71_78
81
81
78
78
81
59_62_66
71
76
78
62_66_71
59
74
76
76
74
59
74
62
66
71
76
71
74
69
71
66
69
40_47_52_56_76
59
64
66
78
40_47_52
81
78
59
64
86
81
83
86
59_62_69
66
78
83
59_62_69
66
76
64
52_56_59
78
78
76
81
78
64
52_56_59
86
81
83
86
66
59_62_69
78
83
66
59_62_69
59_64
76
52_56
78
52_56_59_64
81
76
59
64
52
56
83
59
62_64_67
81
83
91
88
86
86_91
59
62
64_67
86
88
83
59
62_64_67
86
86
62
83
64_67
59
83
86
81
83
79
81
81
79
79
81
76
79
74
76
71
74
40
76
71
47
52
56_59
47
52
40_56
59
98
76_98_99
99_108
105_108
55_60
63_67_69
103_105
100_103
96_100
93_96
91_93
87_91
86_87
84_86
63_67_69
55_60
81_84
79_81
75_79
74_75
72_74
69_72
67_69
63_67
62_63
60_62
57_60
55_57
51_55
48_51
40_48
76
40_56
52
52
54_59
50
76
59
50
54
59
50
50
59
64
57_59
52
49
57
59_64
49
52
57_66
62
52
48
62
66
57
48
52
66_71
62
47
52_57
47
57
66
52
71
62
61_64_73
44
52_56
73
61_64
52
56
44
69
74_76
45_50_54_60
76_78
72
74
72
78
69
60
50
45
54
52_56_59_71_76_80
50_54
59
71_83
78
78
83
50_54
59
71
50_59
71
54
78_81
54
59
50
78_81
71
81
76_88
49_57
52
49
57
52
81
88
76
78_82_90
48_52_58
54
54
82_90
58
78
52
48
47_57
52
71_74_78_83
78
74
71
57
83
56
73_76_85
56
52
47
76_85
73
74_86_88
45_54
50_60
86
74_88
78_90
50
45
90
78
60
54
40
47
56
83_88_95
88
95
83
56
40
47
71_76
56
59
68
68
56
59
40_47
52
56
59
64_71_76
65
67
65
69
67_71
69
72
71
74
72
76
74
77
76
79
77
81
79
83
81
84
83
86
84
40
88
47_56_59
52
86
89
88
91
89
91
59_92
56_64
92
59
64
56
44
40
52
28_40_52_56_64
28
40_52_56_64
44
40
52
28_40
28_40
