45
69
64
60
45
38
64
60
69
67
64
59
38
45
59
64
67
69
60
64
45
38
64
60
69
67
64
59
38
59
64
67
81
45
45
69
64
60
69
64
60
79
48
81
48
77
69
60_64
79
69
64
76
60
77
74
43
76
43
76
67
58_62
74
67
62
77
58
76
76
38
77
38
74
65
57_62
76
65
62
57
72
74
72_76
45
45
57_64
60
64
76
57
60
79
40
40
64
59
55
79
64
79
59
55
74
43
79
43
69
65
59
50_55
50
55
59
38
65
69
38
60
65
57
65
60
57
43
43
69
65
59
55
50
55
59
65
50
69
74
38
38
72
57
65
60
65
60
57
77
72
79
31
77
31
67
64
59
67
64
59
81
79
74
31
81
31
65_76
57
60
74
65
60
57
77
76
71
31
77
31
69
64
57
60
71
64
57
60
67
69
69
67
38
38
65
57
60
65
60
57
62
31
69
31
65
57
60
65
60
57
31
31
67
64
59
67
64
59
62
76
36
36
69
60
64
69
64
60
77
40
76
40
79
67
64
59
77
67
59
64
77
79
76
36
77
36
74
69
64
60
76
69
64
60
76
74
40
40
67
64
59
67
59
64
36
36
74
69
60
64
64
76
69
60
72
74
71
40
72
40
72
67
64
59
71
67
64
59
71
72
71
69
45
45
65
60
57
65
57_60
38
69
67
59
64
38
59
64
67
45
69
60_64
45
60
64
38
69
59_67
64
59
38
64
67
81
45
45
69
60_64
69
64
60
79
48
81
48
77
60
69
64
79
69
64
60
76
77
74
43
76
43
76
58
67
62
74
67
62
58
77
76
76
38
77
38
74
65
57_62
76
65
62
57
72
74
45
76
72
45
64
60
57
64
57
60
40_79
76
40
64
59
55
79
64
59
79
55
72
40
79
40
71
65
57_60
72
65
60
69
57
71
71
69
40
40
55
64
59
55
64
59
72
71
74
72
38
38
65
60
57
57
65
60
76
38
74
38
60_69
64
60
64
69
38
76
60_64
57
38
64
38
60
57
65
57
60
38_57
60
65
79
31
31
67
64
59
67
64
59
81
79
74
31
81
31
76
57_65
60
74
60
65
57
77
76
71
31
77
31
69
60_64
57
71
64
57
60
67
69
69
38
67
38
65
60
57
65
60
57
62
31
69
31
65
60
57
65
60
57
31
31
64
67
59
64
59
67
62
76
36
36
69
60
64
69
64
60
77
40
76
40
79
67
64
59
77
64
67
59
77
79
76
36
77
36
74
69
60
64
76
69
64
60
76
74
40
40
67
64
59
64
59
67
36
36
74
69
64
60
64
69
60
76
72
74
71
40
72
40
72
67
71
64
59
71
67
72
64
59
69
45
71
45
65
60
57
65
60
57
38
69
67
64
59
38
45
64
59
67
69
64
60
45
64
38
60
69
67
64
59
64
59
38
67
45
33_72
64
40_69
60
64
69
40_45
60
72
33
