45_45_48_52_52_57_60_64_69_72_76_81
72_81
47_47_55_62_67_67_74_74_79_79
59
55
76
48_48_55_60_64_67
74
72
50
50
59_62_65
71
72
74
72
52_57_60_64
52
71
69
60
40
56_59_62_64_71
68
57_60_60
45
69
65
64
60
62
64
62
59
60
62
60
56
33_52_57_60_60_60_64_69_69
45
45
35_55_62_62_62_67_67
47
55
47
52_55_64
64
36_48
62
60
38
50
53_59
65
60
62
52_60_64
40
48
59
57
47
35
51_54_57_63
59
54
47_52_56_64
40_56
57
56
52
57
59
57
54
59
60
59
56
64_64
65
64
59
64
65
64
59
64
65
64
59
64_64_76
77
59
59_76
71
64_76
64
77
76
71
76
77
76
71
76_76_88
89
71_88
71
83
88
76
76
89
88
83
88
89
88
83
88
76
76
89
88
71
71
83
64_88
64_64
89
59_88
59
83
52_88
52
89
47_88
47
83
88
89
88
83
88
89
88
83
88
89
88
83
64_88
65_89
64_88
65_89
64_88
65_89
64_64_88_88
65_89
59_62_64_83_86_88
65_89
57_60_64_81_84_88
65_89
56_59_64_80_83_88
89
65
64_77_81_88
53_57
65_89
56_64_76_80
52
88
50
53_74_77
48_52_72_76
50
53
71_74
69_72
52
89
57
88
84
52_59_62_68_71_86
88
52_86
83
45_45_81_88
52
57
60
64
60
89
57
88
52
81
62_86
88
59
86
52
81
45_84
45
52
57_84
60
69
64
60
57
81
52_84
74
62_83
84
59
83
52
76
45
81
72
52
57
60
64
69
60
57
76
72
52
50_74_77
50
79
57
59_71_81
57
52_52_72_76
77
57_76
60
64_71_74
69_72
52
57
60
68_71
52
56
59
33_45_76
57
52
57
60
64
60_77
57_76
52_69
33_45_62_74
59
76
59
74
52
69
33_45_60_72
52
57_72
60
64_64
60
57_69
52_72
62
33_45_62_71
72
59
71
52
64
33_45_69
60
52
57
60
64
60
57_64
52
62
29_41_62_65
57
67
65
69
57
31_43_64_64_67
55
64
62
62
65
31_43_60_60
64
55
52
55
50_59_62
53
55
59
48_60_72_79
55
60
64
67_84
64_81
60_79
55_72
55_60_65_69_77_81
79
83
77
84
72
48_76_79
55
60_76
64
67
64
60_72
55_76
77
50_53_57_59_74
76
74
69
52_57_60_72_76
74
59_62_72
69_74
72
60_64_76
77
76
69
52_59_62_71_76
77
76
68
48_67_72_72
79
55
60
64
67_84
84
64_81
60_79
55_72
55_60_65_69_77_81_81
79
83_83
77
84_84
72
48_76_79
79
55_60_76
64
67
64
60_72
55_76
50_53_57_59_74_77_77
76
74
69
76
52_55_60_72_76
74
72
74
77
53_57_60_69
55_60_64_72_76_76
77
76
72
55_62_65_71_74_79
81
79
71
48_48_52_55_60_64_72_72_76_79_84_84
50_50_53_56_59_65_71_74_77_80_83_83
