81
77
69
81
77
69
81
77
69
81
50_77
45_57
69
38_57
57
38
59
59
81
77
69
60
60
50
45_57
38_61
61
38
81
77
69
81
77
69
79
76
67
77
50_74
45_57
65
38_62
62
38
60
60
77
74
65
58
58
50
45_57
38_57
57
38
77
74
65
79
76
67
81
77
69
50
50
82
55_79
50_62
70
43_50
50
31
55
55
82
79
70
57
57
55
50_62
43_58
58
31
82
79
70
82
79
70
81
77
69
59
59
79
48_60_76
43_55
67
36_60
60
36
55
55
79
76
67
52
52
48_60
43_55
36_48
48
36
79
76
67
81
77
69
82
79
70
84
57_65_77
72
60
72
45
33
53
53
72
77
57
57
60
60
77
57_65_72
72
60
57_65
50_65
65
38
64
64
65
62
62
77
60
60
79
58
58
77
57
57
81
76
55
55
77
53
53
82
55_65_77
70
58
70
43
31
50
50
70
76
55
55
58
58
76
55_64_70
70
58
55_64
48_64
64
36
62
62
64
60
60
76
58
58
77
57
57
76
55
55
79
74
53
53
76
52
52
81
53_64_76
69
57
69
41
29
50
50
69
74
53
53
57
57
74
53_62_69
69
57
53_62
46_62
62
34
60
60
62
58
58
74
57
57
76
43_55
55
31
74
53
53
77
72
44_52
52
32
71
50
50
64_69_76
57_69
64_73
69
76
45
52_61
45_61
45_52_61
33
45
61_64
57
57
77
62_65
74
59
77
57_69
76
46
45_61
45
61_64
57
57
77
62_65
74
59
77
57_69
61_64
76
45
45_61
45
69
77_81
57_65
67
76_79
64
65
74_77
62
64
72_76
60
62
71_74
59
72
64
64
69_72
57
57
45
65
50
74
71
74
72
64
57
45
65
50
74
71
74
72
64
45
77
76
74
72
70
69
61
61_64
45_57
52
49_52
45
33
45
45
70
68
70
69
60
60_65
45_57
53
48_53
45
33
45
45
70
68
70
69
61
61_64
52
49_52
45
33
45
76
64
74
62
73
61
70
58
70
58
58
67
55
55
65
53
64
52
62
50
61
61
49
58
46
34
55
43
53
41
52
40
50
38
33
49
37
57
45
58
46
57
45
58
46
57
45
62
50
61
49
62
50
61
49
65
53
64
52
65
53
64
52
70
58
69
57
70
58
69
57
74
62
74
62
73
61
74
62
73
61
73
61
77
65
77
65
76
64
77
65
76
64
76
64
82
70
82
70
81
69
82
70
81
69
81
69
81
77_81
69
77_81
65_69
65_69
53_57
38
38
45
53
38
81
77_81
69
77_81
65_69
65_69
53_57
45
53
38
50
77_81
77_81
65_69
65_69
53_57
45
83
77_81
71
77_81
65_69
65_69
53_57
53
38
85
76_79
73
76_79
64_67
64_67
52_55
45
53
86
74_77
74
74_77
62_65
62_65
50_53
38
38
45
53
38
81
74_77
69
74_77
62_65
62_65
50_53
45
53
77
65
38
50
74_77
74_77
62_65
62_65
50_53
45
76_79
76_79
64_67
64_67
52_55
53
38
74
77_81
62
77_81
65_69
65_69
53_57
45
53
74
79_82
62
79_82
67_70
67_70
55_58
43
31
50
79
67
58
43
81
79_82
69
79_82
67_70
67_70
55_58
50
58
82
70
43
43
79_82
79_82
67_70
67_70
55_58
50
79_82
79_82
67_70
67_70
55_58
58
43
83
77_81
71
77_81
65_69
65_69
53_57
50
58
84
76_79
72
76_79
64_67
64_67
52_55
36
36
43
52
36
79
76_79
67
76_79
64_67
64_67
52_55
43
52
76
64
36
48
76_79
76_79
64_67
64_67
52_55
43
77_81
77_81
65_69
65_69
53_57
52
48
72
79_82
60
79_82
67_70
67_70
55_58
52
55
91
84
65_79
72_84
72
72
57
57
45
89
77
91
89
79
91
77
89
91
79
33
89
77
91
89
79
91
77
89
91
77
79
65_77
65
65
57
57
50
89
77
91
89
79
91
77
89
86
62_74
38
77
65_77
65
65
60
60
88
79
64_76
67_79
67
67
58
58
50
89
81
65_77
69_81
69
69
57
57
89
82
64_77
70_82
70
70
55
55
43
88
76
89
88
77
89
76
88
89
77
31
88
76
89
88
77
89
76
88
89
76
77
64_76
64
64
55
55
48
88
76
89
88
77
89
76
88
84
60_72
36
76
64_76
64
64
58
58
86
77
62_74
65_77
65
65
57
57
48
88
79
64_76
67_79
67
67
55
55
88
81
62_76
69_81
69
69
53
53
41
86
74
88
86
76
88
74
86
88
76
29
86
74
88
86
76
88
74
86
74_88
76
62_74
62
62
53
53
46
86
74
88
86
76
53
88
74
86
88
76
55
55
43
86
74
88
86
77
76
74_77
62_65
65
55
88
74
86
88
77
76
74_77
62_65
65
56
56
44
86
74
88
86
76
56
88
74
86
85
76
61_73
73_76
61_64
64
57
57
45
57
86
77
62_74
62_74
74_77
62_65
62
62
62
62
38
50
64
64
60
60
60
62
62
86
74_77
74_77
58
58
62_65
58
60
60
57
57
57
86
74_77
74_77
58
62_65
58
86
74_77
74_77
55
55
62_65
55
56
56
93
85
69
81
73_76
73_76
57
57
61_64
57
33
45
69
45
86
86
62_74
74
74_77
62_65
62
62
62
62
38
50
64
64
60
60
60
62
62
86
74_77
74_77
58
58
62_65
58
60
60
57
57
57
86
74_77
74_77
58
62_65
58
86
74_77
74_77
55
55
62_65
55
56
56
93
85_88
69
81
73_76
73_76
57
57
61_64
57
33
45
69
45
89
88_91
62_74
62_65_86
76_79
76_79
50_62
62
62
50
38
50
74_77
86_89
74_77
76_79
88_91
74_77
76_79
64
52
40
76_79
86_89
74_77
74_77
88_91
76_79
76_79
60
48
48
36
74_77
86_89
74_77
76_79
88_91
74_77
76_79
62
50
38
76_79
86_89
74_77
74_77
89
88_91
62_74
62_65_86
76_79
76_79
50_62
58
46
46
34
50
74_77
86_89
74_77
76_79
88_91
74_77
76_79
60
48
36
76_79
86_89
74_77
74_77
57
45
45
33
89
86_89
62_65_86
74_77
74_77
58
46
34
89
86_89
62_74
62_65_86
74_77
74_77
50_62
55
43
43
31
50
56
44
44
32
88
85_88
69
61_64_85
73_76
73_76
57
57
45
45
33
45
69
45
33
89
88_91
62_74
62_65_86
76_79
76_79
50_62
62
50
50
38
50
74_77
86_89
74_77
76_79
88_91
74_77
76_79
64
52
40
76_79
86_89
74_77
74_77
88_91
76_79
76_79
60
48
48
36
74_77
86_89
74_77
76_79
88_91
74_77
76_79
62
50
38
76_79
86_89
74_77
74_77
89
88_91
62_74
62_65_86
76_79
76_79
50_62
58
46
46
34
50
74_77
86_89
74_77
76_79
88_91
74_77
76_79
60
48
36
76_79
86_89
74_77
74_77
57
45
45
33
89
86_89
62_65_86
74_77
74_77
58
46
34
89
86_89
62_74
62_65_86
74_77
74_77
50_62
55
43
43
31
50
56
44
44
32
88
85_88
69
61_64_85
73_76
73_76
57
57
45
45
33
45
69
45
33
86
86
62_74
62_86
74
74
50_62
50
38_50
38
38
50
50
50
50
50
50
50
52
50
50
81
52
53
50
80
50
53
50
81
50
82
53
50
50
55
50
50
81
55
57
50
50
57
50
50
74
57
58
50
50
58
50
50
73
57
58
57
50
50
57
50
50
57
50
50
59
50
50
81
60
59
50
80
50
60
50
81
50
82
60
50
50
62
50
50
81
64
62
50
50
64
50
50
72
66
64
50
50
66
50
50
70
67
66
55
38
38
50
50
67
50
50
67
57
50
50
69
50
50
79
69
59
50
78
50
71
50
79
50
81
71
60
50
50
72
50
50
79
72
59
50
50
71
50
50
74
71
58
50
50
70
50
50
79
67
50_62
69
57
50
50
70
50
50
77
65
69
62
50
50
68
50
50
77
65
50_62
70
58
50
50
69
50
50
75
63
67
55
50
50
69
50
50
74
62
50_62
66
57
50
50
67
50
50
73
61
64
50
50
65
50
50
86
62_74
62_74
62
62
50
50
38
50
50
50
50
62
50
50
50
64
52
50
50
64
57
52
57
50
50
56
56
65
53
50
57
57
50
65
58
53
58
50
50
67
55
50
50
67
57
55
57
50
50
69
57
50
50
69
50
57
50
50
50
70
58
50
50
88
69
64_76
70
70
49
58
49
38
50
50
69
69
57
50
50
69
69
57
50
50
71
71
59
50
50
71
71
57
59
57
50
50
56
56
72
72
60
50
57
57
50
72
72
58
60
58
50
50
73
73
61
50
50
73
73
57
61
57
50
50
74
74
62
50
50
74
74
49
62
49
50
50
76
76
64
50
50
90
76
62_74
66_78
64_76
64
48
52
48
38
50
50
78
66_78
66
54
50
50
78
66_78
66
54
50
50
79
67_79
67
55
50
50
79
67_79
67
57
55
57
50
50
56
56
81
69_81
69
57
50
57
57
50
81
69_81
69
58
57
58
50
50
82
70_82
70
58
50
50
82
70_82
70
57
58
57
50
50
83
71_83
71
59
50
50
83
71_83
71
48
59
48
50
50
84
72_84
72
60
50
50
93
86
62_74
69_81
74_86
71
50_62
50_59
59
47
38
50
91
67_79
50
90
86
62_74
66_78
74
72
50_62
50_60
60
48
38
50
93
86
62_74
69_81
74
71
50_62
50_59
59
47
38
91
67_79
50
92
86
62_74
68_80
74
70
50_62
50_58
58
46
38
50
94
86
62_74
70_82
74
70
50_62
50_58_62
58
41
29
93
69_81
69
57
50
92
86
62_74
68_80
74
68
50_62
58_62
56
46
34
50
94
86
62_74
70_82
74
70
50_62
50_58_62
58
41
29
93
69_81
69
57
50
92
86
62_74
68_80
74
68
50_62
58_62
55
46
34
50
94
86
62_74
70_82
74_82
70
50_62
58_62
58
53
41
50
93
69_81
69
57
91
87
67_70
67_79
75_79
79
55_58
58_63
67
51
39
50
89
65_77
77
65
87
82
67_70
63_75
75_79
75
55_58
58_67
63
43_52_58
31
50
86
62_74
74
62
85
81
69
61_73
73_76
69_73
57
61_64
57_61
45_52_61
33
45
81
69
89
83
69
59_65_77
71_77
69_71
45_57
59_65_69
57_59
45_53_62
38
50
86
74
85
85
69
61_64_73
73_76
69_73
45_57
61_64_69
57_61
45_52_61
33
45
81
69
93
83_89
69
59_65_81
71_77
69_71
45_57
59_65_69
57_59
45_53_62
38
50
81
69
93
85_88
69
61_64_81
73_76
69_73
45_57
61_64_69
57_61
45_52_61
33
45
81
69
93
81
81
69
93
69
81
57
81
69
93
69
81
57
81
69
69
57
93
69
81
57
81
69
69
57
93
69
81
57
81
69
93
69
81
57
81
69
69
57
93
69
81
57
81
69
69
57
81
77_81
62
77_81
65_69
38_50
50
38
64
62
50_57
53
64
77_81
65
77_81
65_69
53_62
57
67
65
57_65
38_50
62
50
77_81
67
77_81
65_69
77_81
69
77_81
65_69
71
76_79
72
76_79
64_67
64
57
73
80
74_77
74
74_77
62_65
34_46
46
34
73
74
53_58
50
76
74_77
77
74_77
62_65
58_62
53
76
81
74
57_65
46_58
62
29
74_77
69
74_77
62_65
76_79
67
76_79
64_67
65
77_81
64
77_81
65_69
57_65
62
62
82
74_82
62
74_82
62_70
43
43
31
67
66
55_58
50
67
74_82
69
74_82
62_70
58_62
55
70
86
69
58_67
43_55
62
43
74_82
70
74_82
62_70
74_82
73
74_82
62_70
74
87
75_81
79
75_81
63_69
58_67
55
77
88
76_79
76
76_79
64_67
36_48
36
36
74
76
52_55
48
74
76_79
72
76_79
64_67
55_60
52
71
84
72
55_64
48_60
60
48
76_79
74
76_79
64_67
77_81
72
77_81
65_69
70
79_82
69
79_82
67_70
55_64
60
67
89
84
69_72
81_84
69_72
45
45
33
65
84
69
57_60
53
72
81
77
57_65_77
69_77
57_65
57_65
38_50
50
38
76
74
65_69
62
77
62_65_72
74_77
62_65
79
64_67_70
76_79
64_67
62_65
69
81
65_67_69
77_81
65_69
57_62
65
89
82
65_70
77_82
65_70
43
43
31
58
88
64_67
76
64
50_58
55
70
82
76
55_64_76
67_76
55_64
55_64
36_48
48
36
74
72
64_67
60
76
60_64_70
72_76
60_64
77
62_65_69
74_77
62_65
60_64
67
79
64_65_67
76_79
64_67
55_60
64
88
81
64_69
76_81
64_69
41
41
29
57
86
62_65
74
62
50_57
53
69
77
74
53_62_74
65_74
65_74
53_62
34_46
46
34
72
70
62_65
58
74
58_62_69
70_74
70_74
82
76
60_64_67
72_76
72_76
58_62
43
43
31
65
77
62_64_65
74_77
74_77
53_58
44
44
32
62
81
85_88
61_61_64
73_76
73_76
45_57
57
45
45
33
45
76
73
69
57
76
57_69
73
69
57
57
45
77
86_89
57_69
71_74
74_77
69
57
57
77
83_86
57_69
71_74
71_74
69
57
57
50
86_89
74_77
85_88
73_76
45_57
45
45
33
45
76
73
69
57
76
57_69
73
69
57
57
45
77
86_89
57_69
71_74
74_77
69
57
57
77
83_86
57_69
71_74
71_74
69
57
57
50
86_89
74_77
85_88
73_76
45_57
45
45
33
45
76
73
69
57
81
89_93
57_69
81
77_81
69
57
57
45
69
88_91
69
76_79
57
45
45
86_89
74_77
84_88
72_76
83_86
71_74
76_84
64_72
45_57
45
45
33
45
69
64
60
57
69
57_69
64
60
57
57
71
77_86
57_69
65
65_74
62
57
57
71
74_83
57_69
65
62_71
62
57
57
38
50
77_86
65_74
76_84
64_72
45_57
45
45
33
45
69
64
60
57
69
57_69
64
60
57
57
71
77_86
57_69
65
65_74
62
57
57
71
74_83
57_69
65
62_71
62
57
57
38
50
77_86
65_74
81_84
57_69
69_72
45_57
57
45
45
33
45
64
64
69
81_89
69
69_77
57
84_88
57
72_76
77_86
65_74
76_84
64_72
79_82
67_70
73_81
57_69
61_69
45_57
40_52
45
33
45
73
64
61
57
73
64
61
57
73
82
64
70
61
57
73
81
64
69
61
57
45
82
70
72_81
57_69
60_69
45_57
41_53
45
33
45
72
65
60
57
72
65
60
57
72
82
65
70
60
57
72
81
65
69
60
57
45
82
70
73
73_81
57_69
64
61_69
45_57
61
40_52
45
33
45
88
76
64
64
86
74
62
62
85
73
61
61
82
70
58
58
79
67
55
55
77
65
53
53
76
64
52
52
74
62
50
50
73
61
49
49
70
70
58
46
46
67
67
55
43
43
65
65
53
41
41
64
64
52
40
40
62
62
50
38
38
61
61
49
37
37
69
69
57
45
70
70
58
46
69
69
57
45
70
70
58
46
69
69
57
45
74
74
62
50
73
73
61
49
74
74
62
50
73
73
61
49
77
77
65
53
76
76
64
52
77
77
65
53
76
76
64
52
82
82
70
58
81
81
69
57
82
82
70
58
81
81
69
57
74
62
73
69
61
69
57
77
69
65
69
57
76
73
64
73
61
82
73
70
73
61
81
77
69
77
65
86
77
74
77
65
85
81
73
81
69
89
81
77
81
69
88
85
76
73
73
94
85
82
73
73
93
93
81
81
81
93
81
62_74
65_69_81_89
69_81
69
65_69
57
38
38
50
45
53
45
93
81
62_74
65_69_81_89
69_81
69
65_69
57
53
50
45
38
50
93
62_74
65_69_81_89
65_69
45
50
93
83
62_74
65_69_81_89
71_83
71
65_69
59
53
50
45
91
85
62_74
64_67_79_88
73_85
73
64_67
61
53
50
45
89
86
62_74
62_65_77_86
74_86
74
62_65
62
38
41
50
45
53
45
89
81
62_74
62_65_77_86
69_81
69
62_65
57
53
50
45
77
65_77
65
53
38
50
89
62_74
62_65_77_86
62_65
45
50
91
62_74
64_67_79_88
64_67
53
50
45
93
74
62_74
65_69_81_89
62_74
62
65_69
50
53
50
45
94
74
62_74
67_70_82_91
62_74
62
67_70
50
43
31
50
50
79
67_79
67
55
58
50
94
81
62_74
67_70_82_91
69_81
69
67_70
57
58
50
50
82
70_82
70
58
43
43
94
62_74
67_70_82_91
67_70
50
50
94
62_74
67_70_82_91
67_70
55
50
50
93
83
62_74
65_69_81_89
71_83
71
65_69
59
55
50
43
91
84
60_72
64_67_79_88
72_84
72
64_67
60
36
36
45
43
52
43
91
79
60_72
64_67_79_88
67_79
67
64_67
55
52
45
43
76
64_76
64
52
36
48
91
60_72
64_67_79_88
64_67
43
45
93
60_72
65_69_81_89
65_69
52
45
48
94
72
60_72
67_70_82_91
60_72
60
67_70
48
52
46
45
48
96
91
60_72
69_72_84
79_91
79
57
67
67
57
45
45
77
77
89
89
65
65
79
79
91
77_91
77
67
67
79
79
89
89
65
65
77
77
91
79_91
79
67
67
33
45
77
77
89
89
65
65
79
79
91
77_91
77
67
67
79
79
89
89
65
65
77
77
89
91
62_65_77
79_91
79
57
67
67
57
50
50
77
77
89
89
65
65
79
79
91
77_91
77
67
67
79
79
89
89
65
65
77
77
86
74_86
74
62
62
38
89
62_65_77
60
60
91
88
64_67_79
76_88
76
58
64
64
58
50
93
89
65_69_81
77_89
77
57
65
65
57
94
89
58_70
65_70_82
77_89
77
55
65
65
55
43
50
89
64
77_89
77
65
65
31
50
76
76
88
88
64
64
77
77
89
76_89
76
65
65
77
77
88
88
64
64
76
76
88
89
60_64_76
77_89
77
55
65
65
55
48
45
76
76
88
88
64
64
77
77
89
76_89
76
65
65
77
77
88
88
64
64
76
76
84
72_84
72
60
60
36
88
60_64_76
58
58
89
86
62_65_77
74_86
74
57
62
62
57
48
91
88
64_67_79
76_88
76
55
64
64
55
93
88
57_69
64_69_81
76_88
76
53
64
64
53
41
45
88
62
76_88
76
64
64
29
45
74
74
86
86
62
62
76
76
88
74_88
74
64
64
76
76
86
86
62
62
74
74
86
88
62_74
62_74
76_88
76
53
64
64
53
46
50
74
74
86
86
62
62
76
76
88
74_88
74
64
64
53
76
76
86
86
62
62
74
74
88
76_88
76
55
64
64
55
43
74
74
86
86
62
62
76
76
86
88
62_65_77_86
74_88
74
64
64
55
76
76
86
86
62
62
74
74
86
88
62_74
62_65_77_86
76_88
76
56
64
64
56
44
74
74
86
86
62
62
76
76
88
74_88
74
64
64
56
76
76
86
86
62
62
74
74
88
85
69
61_64_76_85
73_85
73
57
61
61
57
45
45
57
86
86
62_74
62_65_77_86
74_86
74
50
62
62
62
38
50
64
64
60
60
62
62
86
77
58
58
60
60
57
57
86
77
58
58
86
77
55
55
56
56
85
93
69
57_69_76
81
69
57
57
45_57
57
33
45
69
57
86
86
62_74
62_77_86
74
74
50
62
38_50
62
38
50
64
64
60
60
62
62
86
77
58
58
60
60
57
57
86
77
58
58
86
77
55
55
56
56
85
93
69
57_69_76
81
69
57
57
45_57
57
33
45
69
57
89
88_91
62_74
62_65_86
76_79
76_79
62
62
50
50
38
50
74_77
86_89
74_77
76_79
88_91
74_77
76_79
64
52
40
76_79
86_89
74_77
74_77
88_91
76_79
76_79
60
60
48
48
36
74_77
86_89
74_77
76_79
88_91
74_77
76_79
62
50
38
76_79
86_89
74_77
74_77
89
88_91
62_74
62_65_86
76_79
76_79
58
58
46
46
34
50
74_77
86_89
74_77
76_79
88_91
74_77
76_79
60
48
36
76_79
86_89
74_77
74_77
57
57
45
45
33
89
86_89
62_65_86
74_77
74_77
58
46
34
50
89
86_89
62_74
62_65_86
74_77
74_77
55
55
43
43
31
50
56
56
44
44
32
88
85_88
69
61_64_85
73_76
73_76
57
57
45
45
33
45
69
57
45
89
88_91
62_74
62_65_86
76_79
76_79
62
62
50
50
38
50
74_77
86_89
74_77
76_79
88_91
74_77
76_79
64
52
40
76_79
86_89
74_77
74_77
88_91
76_79
76_79
60
60
48
48
36
74_77
86_89
74_77
76_79
88_91
74_77
76_79
62
50
38
76_79
86_89
74_77
74_77
89
88_91
62_74
62_65_86
76_79
76_79
58
58
46
46
34
50
74_77
86_89
74_77
76_79
88_91
74_77
76_79
60
48
36
76_79
86_89
74_77
74_77
57
57
45
45
33
89
86_89
62_65_86
74_77
74_77
58
46
34
50
89
86_89
62_74
62_65_86
74_77
74_77
55
55
43
43
31
50
56
56
44
44
32
88
85_88
69
61_64_85
73_76
73_76
57
57
45
45
33
45
69
57
45
86
86
62_86
74
62_74
38_50
62
38_50
50
38
50
50
50
50
76
64
50
50
50
50
77
65
69
50
50
68
50
69
50
79
67
70
50
50
50
50
81
69
69
50
50
50
50
82
70
62
50
50
50
50
81
81
69
61
50
50
50
50
50
50
50
83
71
50
50
50
50
84
69
72
50
68
50
50
69
50
86
70
74
50
50
50
50
88
69
76
50
50
50
50
90
60
78
50
50
50
50
91
59
79
67_79
50
50
50
50
50
50
50
93
81
69
50
50
50
50
95
83
71
67
50
50
66
50
67
50
96
84
72
69
50
50
50
50
95
83
71
67
50
50
50
50
94
82
70
62
50
50
50
50
93
81
69
67
50
50
50
50
94
82
70
50
50
50
93
81
69
65
50
50
74
50
50
93
81
67
65
50
50
94
82
69
50
50
93
81
67
64
50
50
74
50
50
93
81
65
62
50
50
94
82
69
50
50
93
81
64
61
50
50
69
50
50
86
86
62_74
62_74
74
62
50
50
50
38
38
50
50
38
52
52
40
40
50
52
40
93
86
62_74
62_81
74
62
53
53
50
41
41
50
92
80
53
41
93
81
94
82
55
55
43
43
50
55
43
93
86
62_74
62_81
74
62
57
57
50
45
45
50
57
45
86
74
58
58
46
46
50
58
46
85
88
69
64_73
76
64
57
57
52
45
45
45
57
45
59
59
47
47
45
59
47
93
88
69
64_81
76
64
60
60
52
48
48
45
92
80
60
48
93
81
94
90
66_82
78
66
62
62
54
50
50
50
62
50
93
91
62_74
67_81
79
67
64
64
55
52
52
50
64
52
84
93
69_72
81
69
66
66
57
54
54
50
66
54
83
86
62_74
55_67_71
71_83
71
67
67
55_59
55
55
50
67
55
84
57_69
72_84
72
69
57_60
57
69
57
91
86
59_71_79
74_86
74
71
59_62
59
90
78
71
59
91
79
93
87
60_72_81
75_87
75
72
60_63
60
72
60
91
86
59_71_79
74_86
74
71
59_62
59
71
59
92
86
58_70_80
74_86
74
70
58_62
58
70
58
94
85
53_65_82
73_85
73
65
53_61
53
65
53
93
53_65_81
65
53
65
53
92
86
58_70_80
74_86
74
70
58_62
58
70
58
94
85
53_65_82
73_85
73
65
53_61
53
65
53
93
53_65_81
65
53
65
53
92
86
59_71_80
74_86
74
71
59_62
59
47
50
71
59
95
87
54_66_83
75_87
75
66
54_63
54
42
50
66
54
93
54_66_81
66
54
50
66
54
92
86
59_71_80
74_86
74
71
59_62
59
47
50
71
59
95
87
54_66_83
75_87
75
66
54_63
54
42
50
66
54
93
54_66_81
66
54
50
66
54
90
87
69
60_72_78
75
74
57_66
72
60_63
60
48
45
72
60
98
90_93
69
66_69_86
78_81
69_78
57_66
57_66
49_61
49
37
45
57_66
49
37
97
85
95
83_90
69
66_69_83
71_78
69_78
59
57_66
38_50
50
38
45
57_66
50
38
93
81
92
84
69
66_69_80
72_81
69_78
60
60_66
39_51
51
39
45
60_66
51
39
90
78
88
85
64_76
61_69_76
73_81
73_76
64
61_64
40_52
52
40
45
61_64
52
40
87
75
86
81
69
62_69_74
74_81
69_74
54_62
57_62
42_54
54
42
45
57_62
54
42
85
73
83
83
69
61_69_71
73_76
73_76
55_64
61_64
43_55
55
43
45
61_64
55
43
81
81
69
64_73_80
85
64_76
61_68_68_73_76
76_80
73_76
56_64
61_64
44_56
56
44
45
61_64
56
44
73
73
61
49
75
75
63
51
76
76
64
52
78
78
66
54
73_76
80
68_73
80
68
61_64
56
56
56
73_76
82
68_73
82
70
61_64
58
56
56
84
84
72
60
85
85
73
61
64_73
87
68_73
87
75
61_64
63
44
44
64_73
88
68_73
88
76
61_64
64
44
44
64
85_89
69_81
61_64_69
73_77
73_73_77
57_65
61_73
43_55
81
43
64_81
43
45
69
45
45
45
69
69
57
45
45
71
71
59
45
45
73
73
61
45
45
74
74
62
45
45
76
90
76
78
78
66
64
45
45
78
78
66
45
45
79
91
79
79
79
67
67
45
45
81
81
69
45
45
83
85_93
69_81
83
73_81
73_81
57_69
71
43_55
55
43
45
45
85
85
73
45
45
86
86_93
62_74
62_69_74_86
74_81
69_81
57_69
74
42_54
54
42
50
74_86
50
93
74_86
57_69
54
42
50
74_86
50
93
74_86
57_69
54
42
50
74_86
50
93
74_86
57_69
54
42
50
74_86
50
93
74_86
57_69
54
42
50
74_86
50
93
74_86
57_69
54
42
50
74_86
50
94
86_92
62_74
62_70_74_86
74_80
70_82
58_68
58_68
41_53
53
41
50
94
74_86
58_68
50
94
74_86
58_68
53
41
50
94
74_86
58_68
50
94
74_86
58_68
53
41
50
94
74_86
58_68
50
94
74_86
58_68
53
41
50
94
74_86
58_68
50
94
74_86
58_68
53
41
50
94
74_86
58_68
50
94
74_86
58_68
53
41
50
94
74_86
58_68
50
94
86_91
62_74
62_70_74_86
74_79
70_82
58_67
58_67
40_52
52
40
50
94
74_86
58_67
52
40
50
94
74_86
58_67
52
40
50
94
74_86
58_67
52
40
50
94
74_86
58_67
52
40
50
94
74_86
58_67
52
40
50
94
74_86
58_67
52
40
50
94
74_86
58_67
52
40
50
94
74_86
58_67
52
40
50
94
74_86
58_67
52
40
50
94
74_86
58_67
52
40
50
94
74_86
58_67
52
40
50
93
85_88
64_69
61_69_76_85
73_79
69_81
57_67
57_67
45_57
45
45
45
93
76_85
57_67
45
45
45
93
76_85
57_67
45
45
45
93
76_85
57_67
45
45
45
93
76_85
57_67
45
45
45
93
76_85
57_67
45
45
45
93
76_85
57_67
45
45
45
93
76_85
57_67
45
45
45
93
76_85
57_67
45
45
45
93
76_85
57_67
45
45
45
93
76_85
57_67
45
45
45
93
76_85
57_67
45
45
45
86
86_89
62_74
62_65_74_86
74_77
65_74
62_65
62_65
38_50
38
38
50
62_65
62_65
38
62_65
62_65
62_65
62_65
46_58
46
46
62_65
62_65
46
62_65
93
86_89
62_74
62_65_81
74_77
74_77
62_65
62_65
45_57
45
45
50
62_65
92
80
62_65
45
93
81
62_65
94
86_89
62_74
62_65_82
74_77
74_77
62_65
62_65
53_65
53
53
50
62_65
62_65
53
62_65
93
86_89
62_74
81
74_77
74_77
62_65
50_62
50
50
50
62_65
62_65
50
62_65
89
86_89
62_74
62_65_77
74_77
74_77
62_65
62_65
45_57
45
45
50
62_65
62_65
45
62_65
86
86_89
62_74
62_65_74
74_77
74_77
62_65
62_65
46_58
58
46
50
62_65
62_65
58
62_65
62_65
62_65
62_65
45_57
57
45
62_65
62_65
57
62_65
93
86_89
62_74
62_65_81
74_77
74_77
62_65
62_65
41_53
53
41
50
62_65
92
80
62_65
53
93
81
62_65
94
86_89
62_74
62_65_82
74_77
74_77
62_65
62_65
38_50
50
38
50
62_65
62_65
50
62_65
93
86_89
62_74
81
74_77
74_77
62_65
53_65
65
53
50
62_65
62_65
65
62_65
89
86_89
62_74
62_65_77
74_77
74_77
62_65
62_65
50_62
62
50
50
62_65
62_65
62
62_65
94
86_89
62_74
62_65_82
74_77
74_77
62_65
62_65
38_50
38
38
50
93
86_89
62_74
62_65_81
74_77
74_77
62_65
62_65
41_53
41
41
50
50
89
86_89
62_74
62_65_77
74_77
74_77
62_65
62_65
45_57
45
45
50
86
86
62_74
62_65_74
74_77
74_77
62_65
62_65
46_58
46
46
50
50
82
82
62_74
62_65_70
74_77
74_77
62_65
62_65
50_62
50
50
50
81
81
62_74
62_65_69
74_77
74_77
62_65
62_65
53_65
53
53
50
50
77
77
62_74
62_65_65
74_77
74_77
62_65
62_65
57_69
57
57
50
74
74
62_74
62_62_65
74_77
74_77
62_65
62_65
53_65
53
53
50
50
77
77
62_74
62_65_65
74_77
74_77
62_65
62_65
50_62
50
50
50
82
82
62_74
62_65_70
74_77
74_77
62_65
62_65
46_58
46
46
50
50
86
86
62_74
62_65_74
74_77
74_77
62_65
62_65
45_57
45
45
50
89
89
62_74
62_65_77
74_77
74_77
62_65
62_65
41_53
41
41
50
50
93
89_93
62_74
62_65_89
77_81
74_77
62_65
65_69
38_50
38
38
50
62_74_86
86
62_74
62_62_69_74_86
74_81
69_74
62_69
57_62_69
50_62
50
50
50
62
62
62_62
62
50_62
50
50
38
38
38
50
50
50
50
50
50
50
50
50
50
50
50
50
50
50
50
50
50
50
50
50
50
50
50
66
66
60
66
57
37
37_49
38
38_50
37
37_49
69
38
38_50
37
37_49
38
38_50
37
37_49
38
38_50
74
37
37_49
74
38
38_50
37
37_49
38
38_50
69
37
37_49
38
38_50
37
37_49
64
72
64
38
38_50
37
37_49
38
38_50
74
64
72
57
64
37
37_49
38
38_50
37
37_49
81
38
38_50
37
37_49
38
38_50
37
37_49
38
38_50
86
37
37_49
86
62
71
50
62
38
38_50
37
37_49
38
38_50
81
37
37_49
38
38_50
37
37_49
86
60
69
60
38
38_50
37
37_49
38
38_50
67
67_88
59
67
50
59
37
37_49
86
38
38_50
88
86
37
37_49
88
74
38
38_50
86
37
37_49
88
86
38
38_50
88
37
37_49
86
38
38_50
88
79
86
37
37_49
88
79
38
38_50
86
37
37_49
88
86
38
38_50
88
71
37
37_49
86
38
38_50
88
86
37
37_49
79
60
76
60
38
38_50
37
37_49
38
38_50
67
79
60
76
50
60
50
37_49
38_50
37_49
86
38_50
37_49
38_50
59
74
59
37_49
38_50
91
37_49
91
62
71
55
55
38_50
37_49
38_50
79
37_49
38_50
37_49
86
60
67
52
52_60
52
38_50
37_49
38_50
88
60
67
52
52_60
52
37
86
38
88
86
37
88
38
86
37
88
86
38
88
59
50
50_59
50
37
86
38
88
86
37
62
62_88
57
62
57
48_57
48
38
86
37
84
38
83
37
38
81
37
79
55
55
47_55
47
38
37
81
38
66
78
66
54
45_48
45
37
38
79
37
81
60
60
38
37
38
81
37
38
83
64
64
37
84
64
64
48
38
37
38
84
57
57
37
38
85
37
86
52
52
38
37
60
60
38
60
60
52
52
37
38
37
85
73
61
38
37
86
74
62
38
37
38
37
85
59
73
61
59
50
50
38
37
86
74
62
38
37
38
37
85
57
73
61
57
48
48
38
37
86
74
62
38
68
56
56
47
47
34_46
35_47
34_46
85
62
73
61
50
50
35_47
34_46
86
74
62
35_47
34_46
35_47
65
53
53
34_46
85
65
73
61
53
53
35_47
34_46
86
74
62
35_47
64
52
52
34_46
35_47
34_46
86
74
62
35_47
34_46
87
63
75
63
51
51
35_47
69
63
57
51
51
35_47
36_48
35_47
87
64
75
63
52
52
36_48
35_47
88
76
64
36_48
35_47
36_48
67
55
55
35_47
72
87
67
75
63
60
55
55
32_44
33_45
88
76
64
32_44
66
54
54
33_45
32_44
33_45
90
64
78
66
52
52
32_44
91
79
67
33_45
71
63
54
51_54
51
34_46
35_47
34_46
89
77
65
35_47
34_46
90
78
66
35_47
34_46
35_47
34_46
66
89
62
77
65
50
50
35_47
34_46
90
78
66
35_47
34_46
35_47
34_46
68
87
75
63
50
47_50
35_47
34_46
88
76
64
35_47
69
62
52
45_52
52
32_44
33_45
32_44
87
75
63
33_45
32_44
88
76
64
33_45
61
32_44
33_45
32_44
64
87
60
75
63
48
48
48
33_45
32_44
88
76
64
33_45
32_44
33_45
32_44
66
85
73
61
33_45
32_44
86
74
62
33_45
67
59
52
40_47
47
40
39
40
82
70
58
39
40
83
71
59
39
40
39
40
66
87
55
75
63
36_48
48
36_48
35_47
88
76
64
36_48
35_47
36_48
35_47
64
90
78
66
36_48
35_47
91
79
67
36_48
70
86
67
74
62
62
38_50
50
38
71
62
67
70
67
62
71
62
59_67
67
70
67
62
71
62
67
70
67
62
37
37
71
62
67
67_71
38
38
70
67
62
71
62
67_71
67
70
67
62
71
62
67
70
67
71_74
62
37
37
71
62
67
38
38
70
67
62
71
62
67
70
67
62
71_79
71
62
67
70
52_60_67
67_70
67_79
64
47
35
72
64
67
48
36
70
67
64
72
55_62_64
67
70
67
64
72
64
67
70
67
64
47
35
72
64
67
60_64
48
36
70
67
64
72
60_64_64
67
70
67
64
72
64
67
70
55_62_67
64
47
35
72
64
67
48
36
70
67
64
72
64
67
70
67
64
52_60
72
64
67
70
71_74
55_62_67
71
62
42
30
71
62
67
43
31
70
67
62
71
71_79
62
67
70
67
62
71
62
67
70
67
62
42
30
71
62
67
79_83
43
31
70
67
62
71
79_83
62
67
70
67
62
71
62
67
70
83_86
67
62
42
30
71
62
67
43
31
70
67
62
71
62
67
70
67
62
83_91
71
62
67
70
82_91
67
64_72
79
64
47
35
72
64
67
48
36
70
67
64
72
64
67_74
67
70
67
64
72
64
67
70
67
64
47
35
72
64
67
72_76
48
36
70
67
64
72
64
72_76
67
70
67
64
72
64
67
70
67
67_74
64
47
35
72
64
67
48
36
70
67
64
72
64
67
70
67
64
64_72
72
64
67
76
88_92
68
64_76
68_80
64
46
34
47
35
46
34
71
47
35
46
34
47
35
68
83_88
64
46
34
47
35
76
46
34
83
76
47
35
46
34
47
35
64
80
56
46
34
47
35
46
34
68
64
71
47
35
46
34
85
47
35
80
80_85
76
68
46
34
47
35
46
34
64
47
35
46
34
47
35
68
83
68
46
34
47
35
73
46
34
76_80
73
47
35
46
34
47
35
64
56
46
34
47
35
46
34
68
68_76
64
71
47
35
46
34
47
35
64_68
68
73
64_68
46
34
47
35
46
34
47
35
46
34
47
35
71
52_56
46
34
47
35
46
34
64_68
49_61
47
35
46
34
47
35
52
46
34
47
35
46
34
56_64
52_56
47_59
47
35
46
34
47
35
61_64
52
46_58
40
34
35
46
34
40
35
34
46
35
40
34
35
46
34
73
73
64_68
40
35
34
46
35
40
34
35
46
34
40
35
34
46
35
66
63
63_66
45_57
45
34
35
47
34
45
35
34
47
35
45
34
35
47
34
65_71
62_71
62_65
44_56
44
35
34
47
35
44
34
35
47
34
44
35
34
47
35
66
61
61_66
42_54
42
34
35
47
34
69
69
42
35
34
47
35
68
68
42
34
35
47
34
71
63_71
63
48_60
42
35
34
48
35
42
34
35
48
34
69
69
42
35
34
48
35
63
63_68
57
68
57_63
42
34
35
48
34
42
35
34
48
35
67
67
42
34
35
48
34
69
69
47_59
42
35
34
47
35
42
34
35
47
34
68
68
42
35
34
47
35
64
64
56
64
56_64
40_52
40
40
65
64
71
65
56_62
74
64
65
65
64
64
68
40_52
65
64
71
65
56_62
62
64
65
65
64
64
56
40_52
65
64
65
56_62
64
65
64
40_52
65
64
72
65
57_60
76
64
71
65
69
64
69
40_52
65
68
64
69
65
57_60
64
64
71
65
74
64
57
40_52
65
72
64
71
65
57_60
64
69
65
68
64_76
68
40_52
64
64
65
64
83
86
71_74
52
65
77
64
65
76
68_80
64
64
65
64
83
74
71_74
52
65
77
64
65
76
68_68
64
64
65
64
71_74
52
65
64
65
69
64
64
65
64
84
88
69_72
52
65
83
64
65
81
69_81
64
64
80
65
64
81
76
69_72
52
65
83
64
63
86
67_69
63
65
84
63
65
81
69_72
51
63
79
65
62
78
62
69_72
38_50
50
50
69
54_60
72
63
62
66
38_50
50
69
54_60
60
63
62
54
38_50
50
54_60
38_50
50
70
55_58
74
69
67
67
38_50
50
66
67
55_58
62
69
72
55
38_50
50
70
69
55_58
67
62
66
74
38_50
62
50
63
62
63
84
81
69_72
50
62
75
63
62
66_78
74
62
50
63
62
63
72
81
69_72
50
62
75
63
62
66_66
74
62
50
63
62
63
69_72
50
62
63
62
67
62
50
63
62
63
86
82
67_70
50
62
81
63
62
67_79
79
62
50
63
78
62
63
74
79
67_70
50
62
81
63
62
67_67
84
62
50
63
82
62
63
81
67_70
50
62
79
63
63
87
75_78
54_57
63
48
36
87
84
81
63_66
57
63_69_75
63
72
69
63
60
86
74
50_55
62
46
34
86
82
79
58_62
55
58_67_74
62
70
67
62
58
88
76
58_67
64
49
37
82
79
76
64_67
58
67_70_70
64
67
64
58
55
89
77
53
65
50
38
81
77
74
57_65
62
65_69_69
62
65
62
57
53
89
62_65_68
77
62
62
62
59_65
59
68
68
74
74
74
74
62_65
62
62
59
62_65
59
71
71
86
90
62_66_71
78
71
62
71
60_66
60
81
74
95
83
74
69
69
69
69
93
81
62
93
81
74
74
90
78
66
62
86
74
60
89
62_65_68
77
62
62
62
59_65
59
68
68
74
74
74
74
62_65
62
62
62_65
71
71
86
90
62_66_71
78
71
62
71
60_66
60
81
74
95
83
74
69
69
69
69
93
81
62
93
81
74
74
90
78
66
64
86
74
60
85
69
73
69
66
73
61
61
37
69_73
49
49
54
73_81
54
73_81
57
57
69_73
61
61
66
76_80
66
81
69
76_80
38
38
38
83
81
38
83
81
45
45
83
81
45
83
81
50
50
83
81
50
83
81
74_78
54
54
83
54
85
57
57
86
88
57
90
62
62
92
62
93
88
76_88
76
69_73
64_76
64
49
40_49
52
40
49
81
69
52
52
52
57
57
85
73
57
85
73
61
61
61
76
64
64
64
64
69
69
40
85
73
69
84
68_74
76
64
68
64
40
40
40
76
64
52
52
52
56
56
88
76
56
88
83
76
62
62
62
76
64
64
64
64
88
76
52
52
52
88
76_88
76
69_72
64_76
64
48
40_48
40
40
48
81
69
52
52
52
57
57
84
72
57
84
72
60
60
60
76
64
64
64
64
69
69
40
84
72
69
84
68_74
76
68
64
40
40
40
76
64
52
52
52
56
56
88
76
56
88
83
76
62
62
62
76
64
64
64
64
88
76
52
52
40
52
84
82_84
60_72
67_72
72
67_70
52
64
40
72
67_70
64
72
67_70
64
72
67_70
64
67_72
67_70
64
72
67_70
64
72
67_70
64
72
67_70
64
72
67_70
64
72
67_70
64
72_72
67_70
64
72
67_70
64
72_72
67_70
64
72
67_70
64
72
67_70
64
72
67_70
64
67_72
67_70
64
72
67_70
64
72
67_70
64
72
67_70
64
70_72
67_70
64
72
67_70
64
72
67_70
64
72
67_70
64
72
70_72
67_70
64
72
67_70
64
72
67_70
64
72
67_70
64
79
72
67_70
64
72
67_70
64
72
67_70
64
72
67_70
64
72
67_70
64
72
67_70
64
84
72
67_70
64
72
67_70
64
84
69_72
67_70
64
72
67_70
64
72
67_70
64
72
67_70
64
79
72
67_70
64
72
67_70
64
72
67_70
64
72
67_70
64
84
67_72
67_70
64
72
67_70
64
72
67_70
64
72
67_70
64
65
86
65_72
65
69
65
84
72
69
65
86
72
69
65
84
72
69
65
86
53_72
72
69
65
84
72
69
65
86
72
69
65
84
72
69
65
86
72
69
65
84
72
69
65
86
72
77
69
65
84
72
69
65
86
72
77
69
65
84
72
69
65
86
72
69
65
84
72
69
65
86
72
69
69
65
84
72
69
65
77
72
69
65
72
69
65
81
72
69
65
72
69
65
84
72
74
69
65
72
69
65
89
69
74
65
65
69
65
65
88
69
65
65
69
65
65
89
69
65
60
65
69
65
65
91
69
65
65
69
65
65
93
69
72
65
53
65
69
65
65
89
69
65
65
69
65
65
84
65
69
60
41
65
65
60
81
65
60
65
60
79
62_62
58_65
58
62
58
81
62
58
62
58
79
60_60
57
57
60
57
78
60
57
60
57
76
64_64
55_64
55
52
35
36
77
35
79
58
58
36
35
36
79
35
36
81
62
62
35
82
62
62
36
35
36
82
55
52
52_55
35
36
83
35
84
58
50
50_58
36
35
36
64
58
50
50_58
35
36
35
83
71
36
35
84
72
36
35
36
35
83
71
56
48
48_57
36
35
84
72
36
35
36
35
83
71
54
46
46_55
36
35
84
72
36
66_66
53
45
45_54
32
33
32
83
71
56
48
48_60
33
32
84
72
33
32
33
59
51
51_63
32
83
71
59
51
51_63
33
32
84
72
33
58
50
50_62
32
33
32
84
72
33
32
85
73
57
49
49_61
33
67_67
57
49
49_61
33
35
33
85
73
58
50
50_62
35
86
74
33
35
61
53
53_65
33
35
85
70_70
73
30
31
86
74
30
60
52
52_64
31
30
31
88
76
58
50
50_62
30
89
77
31
69_69
61
52
52_61
32
33
32
87
75
33
32
88
76
33
32
33
32
87
64_64
75
60
60
33
32
88
76
33
32
33
32
85
66_66
73
48
48
33
32
86
74
33
67_67
50
50
30
31
30
85
73
31
30
86
74
31
59
59
30
31
30
85
62_62
73
58
58
31
30
86
74
31
30
31
30
83
64_64
71
46
46
31
30
84
72
31
53_65_65
57
53
45
45_57
37
38_51
37_50
80
68
38_51
81
69
37_50
38_51
37_50
38_51
85
64_64
73
53
46
60
33_46
34_47
86
74
33_46
34_47
33_46
34_47
88
62_62
76
58
33_46
89
77
34_47
57
84
60_60
72
57_60
53
48
57
35_47
36_48
35_47
65
36_48
35_47
36_48
60
35_47
36_48
69
35_47
69
65
36_48
35_47
36_48
72
69
35_47
36_48
35_47
36_48
35_47
77
36_48
56
50_58_62
65_68
77
68
33_45
34_46
33_45
53_60
34_46
33_45
34_46
33_45
34_46
58_62
33_45
58_62
34_46
33_45
34_46
53_60
33_45
34_46
33_45
34_46
33_45
50_58
34_46
57
72
53_57_60
69
53
69
28_40
29_41
28_40
77
29_41
28_40
29_41
72
28_40
29_41
81
28_40
81
29_41
28_40
29_41
84
69
28_40
29_41
28_40
29_41
28_40
89
65
29_41
56
89
62_70
62
77_80
53
34_46
74
33_45
34_46
33_45
65_72
72
34_46
33_45
34_46
33_45
34_46
70_74
70
33_45
70_74
70
34_46
33_45
34_46
65_72
68
33_45
34_46
33_45
34_46
33_45
62_70
34_46
57
86_90
62_74
57_57
78_81
50_54
57
45
45_69
32
45
45
33
50
45
32
45
62
54_57
54
33
45
45
32
57
45
33
45
81_86
45
32
45
45
33
57
62_66
50
45
32
45
78_81
57
74_78
62_66
54
33
45
45
32
57
45
33
45
74_78
54_57
45
32
45
45
33
50
45
32
45
62
54
33
45
45
32
83
57
45
33
45
83
57
50_54
45
32
45
45
33
50
45
32
45
62
54_57
54
33
45
45
32
57
45
33
45
81
45
32
45
45
33
57
62_66
50
45
32
45
78
57
69_74
62_66
54
33
45
45
32
57
45
33
45
54_57
45
32
45
45
33
50
45
32
45
74
66_69
62
54
33
45
45
32
57
45
33
45
57
65_69
74_77
50_53
45
32
45
45
33
50
45
32
45
62
53_57
53
33
45
45
32
57
45
33
45
69_74
45
32
45
45
33
57
62_65
50
45
32
45
57
62_65
65_69
62_65
53
33
45
45
32
57
45
33
45
62_65
53_57
45
32
45
45
33
50
45
32
45
62
53
33
45
45
32
62_70
57
45
33
45
57
62_70
50_53
45
32
45
45
33
50
45
32
45
62
53_57
53
33
45
45
32
57
45
33
45
69
45
32
45
45
33
57
62_65
50
45
32
45
57
65
62_65
53
33
45
45
32
57
45
33
45
53_57
45
32
45
45
33
50
45
32
45
62
62
53
33
45
45
32
57
45
33
45
50_53
50_53
58
32
45
45
33
45
32
45
53_57
33
45
45
32
45
33
45
57
32
45
45
33
62_65
45
32
45
53
33
45
45
32
45
33
45
32
45
45
33
45
32
45
50
33
45
45
32
45
33
45
50_53
46
32
45
45
33
45
32
45
53_57
33
45
45
32
45
33
45
45
32
45
45
33
62_65
45
32
45
41
33
45
45
32
45
33
45
32
45
45
33
45
32
45
38
33
45
45
32
45
33
45
50_62
50_53
58
32
50
33
32
62
62_65
45_57
53
50_53
57
33
45
32
33
50_62
53
32
50
33
65
62
32
62
62_65
45_57
53
50_53
50
33
45
32
33
65
50_62
62
58
32
50
33
32
62_65
45_57
50_53
57
33
45
32
74
65
33
65
62
50_62
53
53
32
50
33
32
74
65
62_65
45_57
62
50_53
50
33
45
32
33
50_62
58
32
50
33
77
74
65
32
74
65
62_65
45_57
62
50_53
57
33
45
32
33
77
74
50_62
65
53
32
50
33
32
62_65
45_57
50_53
50
33
45
32
86
77
74
33
81
77
50_62
69
58
32
50
33
89
81
77
32
93
86_89
89
74_77
62_65
45_57
81
50_53
57
33
45
32
77
86_89
74
74_77
62_65
65
50_53
45
33
86
77
50_62
77
53
32
50
33
89
86
81
32
74
86_89
65
74_77
62_65
45_57
62
50_53
50
33
45
32
77
86_89
74
74_77
62_65
65
50_53
45
33
86
77
50_62
74
58
32
50
33
69
65
57
32
77
86_89
74
74_77
62_65
45_57
65
50_53
57
33
45
32
81
86_89
77
74_77
62_65
69
50_53
45
33
65
62
50_62
53
53
32
50
33
74
65
62
32
77
86_89
74
74_77
62_65
45_57
65
50_53
50
33
45
32
62
86_89
62
74_77
62_65
50
50_53
45
33
65
65
50_62
53
58
32
50
33
74
74
62
32
57
86_89
57
74_77
62_65
45_57
53
50_53
57
33
45
32
65
86_89
65
74_77
62_65
62
50_53
45
33
69
69
50_62
65
53
32
50
33
57
57
53
32
62
86_89
62
74_77
62_65
45_57
62
50_53
50
33
45
32
65
86_89
65
74_77
62_65
65
50_53
45
33
57
86_89
53_57_62
74_77
62_65
57_59
50_53
50_53
45
33
50
53_62
57_59
53_62
57_59
53_62
57_59
59
53_59_62
57_59
53_62
57_59
53_62
57_59
61
53_61_62
57_59
62
53_62_62
57_59
53_62
57_59
64
53_62_64
57_59
53_62
57_59
65
53_62_65
57_59
67
53_62_67
57_59
68
53_62_68
57_59
53_62
57_59
69
53_62_69
57_59
71
53_62_71
57_59
73
53_62_73
57_59
74
53_62_74
57_59
76
53_62_76
57_59
77
53_62_77
57_59
79
53_62_79
57_59
80
53_62_80
57_59
81
74
62_81
74
62
62
50_58
45_53
82
82
81
81
82
82
81
81
82
82
81
76
64_81
76
64
82
82
81
81
82
82
81
81
77
65
77
65
82
82
81
79
67_81
79
67
82
82
81
81
82
81
69_82
81
69
81
81
82
82
81
82
70_81
82
70
58
82
82
81
81
82
84
82
72
72
60
81
81
85
73
73
61
82
82
81
86
81
74
74
62
82
82
81
81
82
88
82
76
76
64
81
81
89
77
77
65
82
82
81
91
81
79
79
67
82
82
93
81
81
69
81
81
82
94
82
82
82
70
81
81
92
80
80
68
82
82
81
94
69
57_69_69
82
82
57_69
57_69
70
69
57
45
81
93
81
69
82
45
94
81
82
70
45
82
93
81
69
81
45
94
82
70
58
45
81
93
69
57
82
45
94
81
70
58
45
82
93
69
57
45_81
82
94
69
57_69_70
70_82
57_69
67
58
67
55
45
81
93
69
57
45_82
94
70_81
58
45
82
93
69
57
45_81
94
70_82
58
45
81
93
69
57
45
82
83
94
69
57_69_71
70
81
57_69
66
58
66
54
45
82
93
69
57
45
81
84
94
69
57_69_72
82
70
57_69
65
58
65
53
45
81
93
69
57
82
45
94
81
70
58
45
82
93
69
57
81
45
85
94
69
57_69_73
82
70
57_69
64
58
64
52
45
81
93
69
57
82
45
94
81
70
58
45
82
93
69
57
45_81
86
94
69
57_69_74
82
70
57_69
63
58
63
51
45
81
93
69
57
82
45
94
81
70
58
45
82
93
69
57
81
45
94
82
70
58
45
81
93
69
57
82
45
87
94
75
81
70
62
58
62
50
45
82
93
69
57
45_81
88
94
69
57_69_76
70_82
57_69
61
58
61
49
45
81
93
69
57
45_82
94
70_81
58
45
82
93
69
57
45_81
94
70_82
58
45
81
93
69
57
45
82
90
94
69
57_69_78
70
81
57_69
60
58
60
48
45
82
93
69
57
45
81
91
94
69
57_69_79
82
70
57_69
59
58
59
47
45
81
93
69
57
82
45
94
81
70
58
45
82
93
69
57
81
45
92
94
69
57_69_80
82
70
57_69
58
58
58
46
45
81
93
69
57
82
45
94
81
70
58
45
82
93
69
57
45_81
93
93
69
57_69_69_81
81
69_81
57_69
57
57
57
45
45
81
69
57
69
57_69
45_57
45
45
93
69_81
57
45
33
93
69
81
69_81
57_69
57
93
69_81
57
45
33
93
81
69
57_69_81
69
57_69
45_57
57
45
45
33
45
93
69
69_81
57
45
33
45
93
93
69
69_69_81
81
69_81
57_69
57
57
45
33
45
81
69
57
69
57_69
45_57
45
45
93
69_81
57
45
33
93
69
81
69_81
57_69
57
93
69_81
57
45
33
93
81
69
57_69_81
69
57_69
45_57
57
45
45
33
45
93
69
69_81
57
45
33
45
93
93
69
57_69_69_81
69_81
69_81
57_69
57
45_57
45
33
45
57
45_57
69_81
57
45
69_81
69_81
45
69_81
45
69_81
57
45
45
69_81
57
45
69_81
69_81
45
69_81
45
69_81
57
45
45
69_81
81
77
69
81
77
69
81
77
69
81
50_77
45_57
69
38_57
57
38
59
59
81
77
69
60
60
50
45_57
50_61
61
38
81
77
69
81
77
69
79
76
67
77
50_74
45_57
65
38_62
62
38
60
60
77
74
65
58
58
50
45_57
57
57
38
77
74
65
79
76
67
81
77
69
50
50
82
55_79
50_62
70
43_50
50
31
55
55
82
79
70
57
57
55
50_62
43_58
58
31
82
79
70
82
79
70
81
77
69
59
59
79
55_76
48_60
67
36_60
60
36
55
55
79
76
67
52
52
55
48_60
48
48
36
79
76
67
81
77
69
82
79
70
84
65_77
45_57
72
45_67
65
33
65
67
65
72
67
65
67
65
77
69
50_62
65
50_67
38
65
67
65
62
62
62
77
72
65
79
64_70
67
64
64
81
65_69
69
65
65
82
65_70
43_55
70
43_65
65
31
64
65
65
64
64
65
65
64
64
76
67
48_60
64
48_65
65
36
64
64
65
65
64
64
60
60
60
76
70
64
77
62_69
65
62
62
79
64_67
67
64
64
81
64_69
41_53
69
41_64
64
29
62
64
64
62
62
64
64
62
62
74
65
46_58
62
46_64
64
34
62
62
64
64
62
62
64
64
62
62
74
69
62
64
64
62
62
76
70
43_55
64
43_64
64
31
62
62
64
64
62
62
77
62_65_71
44_56
65
44_64
64
32
62
62
64
64
62
62
64_69_76
57_69
61_64_64_73
69
76
45_57
52_61
45_61
45_52_61
33
45
57
57
77
62_65
74
59
77
57_69
61_64
76
46
45_61
45
57
57
77
62_65
74
59
77
57_69
61_64
76
45
45_61
45
69
77_81
57
57_65
67
76_79
64
65
74_77
62
64
72_76
60
62
71_74
59
72
64
64
69_72
57
57
45
65
50
74
71
74
72
64
57
45
65
50
74
71
74
72
64
45
77
76
74
72
70
69
61
61_64
45_57
52
49_52
45
33
45
45
70
68
70
69
60
60_65
45_57
53
48_53
45
33
45
45
70
68
70
69
61
61_64
52
49_52
45
33
45
76
64
74
62
73
61
70
58
70
58
58
67
55
55
65
53
64
52
62
50
61
61
49
58
46
34
55
43
53
41
52
40
50
38
33
49
37
57
45
58
46
57
45
58
46
57
45
62
50
61
49
62
50
61
49
65
53
64
52
65
53
64
52
70
58
69
57
70
58
69
57
74
62
74
62
73
61
74
62
73
61
73
61
77
65
77
65
76
64
77
65
76
64
76
64
82
70
82
70
81
69
82
70
81
69
81
69
81
77_81
69
77_81
65_69
65_69
53_57
38
38
45
53
38
81
77_81
69
77_81
65_69
65_69
53_57
45
53
38
50
77_81
77_81
65_69
65_69
53_57
45
83
77_81
71
77_81
65_69
65_69
53_57
53
38
85
76_79
73
76_79
64_67
64_67
52_55
45
53
86
74_77
74
74_77
62_65
62_65
50_53
38
38
45
53
38
81
74_77
69
74_77
62_65
62_65
50_53
45
53
77
65
38
50
74_77
74_77
62_65
62_65
50_53
45
76_79
76_79
64_67
64_67
52_55
53
38
74
77_81
62
77_81
65_69
65_69
53_57
45
53
74
79_82
62
79_82
67_70
67_70
55_58
43
31
50
79
67
58
43
81
79_82
69
79_82
67_70
67_70
55_58
50
58
82
70
43
43
79_82
79_82
67_70
67_70
55_58
50
79_82
79_82
67_70
67_70
55_58
58
43
83
77_81
71
77_81
65_69
65_69
53_57
50
58
84
76_79
72
76_79
64_67
64_67
52_55
36
36
43
52
36
79
76_79
67
76_79
64_67
64_67
52_55
43
52
76
64
36
48
76_79
76_79
64_67
64_67
52_55
43
77_81
77_81
65_69
65_69
53_57
52
48
72
79_82
60
79_82
67_70
67_70
55_58
52
55
91
84
65_79
72_84
72
72
57
57
45
89
77
91
89
79
91
77
89
91
79
33
89
77
91
89
79
91
77
89
91
77
79
65_77
65
65
57
57
50
89
77
91
89
79
91
77
89
86
62_74
38
77
65_77
65
65
60
60
88
79
64_76
67_79
67
67
58
58
50
89
81
65_77
69_81
69
69
57
57
89
82
64_77
70_82
70
70
55
55
43
88
76
89
88
77
89
76
88
89
77
31
88
76
89
88
77
89
76
88
89
76
77
64_76
64
64
55
55
48
88
76
89
88
77
89
76
88
84
60_72
36
76
64_76
64
64
58
58
86
77
62_74
65_77
65
65
57
57
48
88
79
64_76
67_79
67
67
55
55
88
81
62_76
69_81
69
69
53
53
41
86
74
88
86
76
88
74
86
88
76
29
86
74
88
86
76
88
74
86
74_88
76
62_74
62
62
53
53
46
86
74
88
86
76
53
88
74
86
88
76
55
55
43
86
74
88
86
77
76
74_77
62_65
65
55
88
74
86
88
77
76
74_77
62_65
65
56
56
44
86
74
88
86
76
56
88
74
86
85
76
61_73
73_76
61_64
64
57
57
45
57
86
77
62_74
62_74
74_77
62_65
62
62
62
62
38
50
64
64
60
60
60
62
62
86
74_77
74_77
58
58
62_65
58
60
60
57
57
57
86
74_77
74_77
58
62_65
58
86
74_77
74_77
55
55
62_65
55
56
56
93
85
69
81
73_76
73_76
57
57
61_64
57
33
45
69
45
86
86
62_74
74
74_77
62_65
62
62
62
62
38
50
64
64
60
60
60
62
62
86
74_77
74_77
58
58
62_65
58
60
60
57
57
57
86
74_77
74_77
58
62_65
58
86
74_77
74_77
55
55
62_65
55
56
56
93
85_88
69
81
73_76
73_76
57
57
61_64
57
33
45
69
45
89
88_91
62_74
62_65_86
76_79
76_79
50_62
62
62
50
38
50
74_77
86_89
74_77
76_79
88_91
74_77
76_79
64
52
40
76_79
86_89
74_77
74_77
88_91
76_79
76_79
60
48
48
36
74_77
86_89
74_77
76_79
88_91
74_77
76_79
62
50
38
76_79
86_89
74_77
74_77
89
88_91
62_74
62_65_86
76_79
76_79
50_62
58
46
46
34
50
74_77
86_89
74_77
76_79
88_91
74_77
76_79
60
48
36
76_79
86_89
74_77
74_77
57
45
45
33
89
86_89
62_65_86
74_77
74_77
58
46
34
89
86_89
62_74
62_65_86
74_77
74_77
50_62
55
43
43
31
50
56
44
44
32
88
85_88
69
61_64_85
73_76
73_76
57
57
45
45
33
45
69
45
33
89
88_91
62_74
62_65_86
76_79
76_79
50_62
62
50
50
38
50
74_77
86_89
74_77
76_79
88_91
74_77
76_79
64
52
40
76_79
86_89
74_77
74_77
88_91
76_79
76_79
60
48
48
36
74_77
86_89
74_77
76_79
88_91
74_77
76_79
62
50
38
76_79
86_89
74_77
74_77
89
88_91
62_74
62_65_86
76_79
76_79
50_62
58
46
46
34
50
74_77
86_89
74_77
76_79
88_91
74_77
76_79
60
48
36
76_79
86_89
74_77
74_77
57
45
45
33
89
86_89
62_65_86
74_77
74_77
58
46
34
89
86_89
62_74
62_65_86
74_77
74_77
50_62
55
43
43
31
50
56
44
44
32
88
85_88
69
61_64_85
73_76
73_76
57
57
45
45
33
45
69
45
33
89
86_89
62_74
62_65_86
74_77
74_77
45_57
62_65
50
50
38
50
88
85_88
69
61_64_85
73_76
73_76
45_57
61_64
45
45
33
45
89
86_89
62_74
62_65_86
74_77
74_77
45_57
62_65
50
50
38
50
88
85_88
69
61_64_85
73_76
73_76
45_57
61_64
45
45
33
45
89
86_89
62_74
62_65_86
74_77
74_77
45_57
62_65
50
50
38
50
88
85_88
69
61_64_85
73_76
73_76
45_57
61_64
45
45
33
45
89
86_89
62_74
62_65_86
74_77
74_77
45_57
62_65
50
50
38
50
88
85_88
69
61_64_85
73_76
73_76
45_57
61_64
45
45
33
45
89
86_89
62_74
62_65_86
74_77
74_77
45_57
62_65
50
50
38
50
88
85_88
69
61_64_85
73_76
73_76
45_57
61_64
45
45
33
45
89
86_89
62_74
62_65_86
74_77
74_77
45_57
62_65
50
50
38
50
88
85_88
69
61_64_85
73_76
73_76
45_57
61_64
45
45
33
45
89
86_89
62_74
62_65_86
74_77
74_77
45_57
74
50
50
38
50
86
89
77
88
84_88
84
72_76
72_76
72
45
45
45
84
88
76
86
82_86
82
70_74
70_74
70
50
50
50
82
86
74
84
81_84
81
69_72
69_72
69
45
45
45
81
84
72
82
79_82
79
67_70
67_70
67
50
50
50
79
82
70
81
77_81
77
65_69
65_69
65
45
45
45
77
81
69
79
76_79
76
64_67
64_67
64
50
50
38
50
76
79
67
77
74_77
74
62_65
62_65
62
45
45
45
74
77
65
76
72_76
72
60_64
60_64
60
50
50
50
72
76
64
74
70_74
70
58_62
58_62
58
45
45
45
70
74
62
72
69_72
69
57_60
57_60
57
50
50
50
69
72
60
70
67_70
67
55_58
55_58
55
45
45
45
67
70
58
69
65_69
65
53_57
53_57
57
50
50
38
50
50
69
68
69
72
58_63
58_63
43_50
43
31
70
67
67
66
67
70
57_62
57_62
41_50
41
29
69
62
62
61
62
65
58
58
43_50
43
31
55_57
55_57
45
45
33
64
50
49
62
86_89
62_74
62_62_65
74_77
65_74
50_62
50
50
50
38
50
62
62
50
69
85_88
69
57_64_69
73_76
64_73
45_57
57
45
45
33
45
69
69
57
74
86_89
62_74
62_65_74
74_77
65_74
50_62
62
50
50
38
50
74
74
62
69
85_88
69
57_64_69
73_76
64_73
45_57
57
45
45
33
45
69
69
57
74
86_89
62_74
62_65_74
74_77
65_74
50_62
62
50
50
38
50
74
74
62
81
85_88
69
57_64_81
73_76
64_73
45_57
69
45
45
33
45
81
81
69
74
86_89
62_74
62_65_74
74_77
65_74
50_62
62
50
50
38
50
74
74
62
69
85_88
69
57_64_69
73_76
64_73
45_57
57
45
45
33
45
69
69
57
62
86_89
62_74
62_62_65
74_77
65_74
50_62
50
50
50
38
50
62
62
50
69
85_88
69
57_64_69
73_76
64_73
45_57
57
45
45
33
45
69
69
57
62
86_89
62_74
62_62_65
74_77
65_74
50_62
50
50
50
38
50
62
62
50
69
85_88
69
57_64_69
73_76
64_73
45_57
57
45
45
33
45
69
69
57
62
86_89
62_74
62_62_65
74_77
65_74
50_62
50
62
50
38
50
84_88
72_76
64_72
57
82_86
70_74
62_70
58
81_84
69_72
60_69
53
79_82
67_70
58_67
55
77_81
65_69
57_65
50
76_79
67
55_67
52_55
74_77
65
53_57
72_76
64
55_58
70_74
65
56
69
65
57
72
65
60
57
70
61
58
69
60
60
67
64
58
48
65
62
57
50
50
50
50
50
50
50
50
50
50
69
50
68
50
50
69
50
63
72
58
43
50
50
50
50
70
50
50
50
50
67
50
50
50
50
50
50
50
50
50
50
50
50
67
50
66
50
50
67
50
62
70
57
41
50
50
50
50
69
50
50
50
50
62
50
50
50
50
50
50
50
50
50
50
50
50
50
62
50
61
50
50
62
50
62
69
56
40
50
50
50
50
68
50
50
50
50
62
50
50
50
50
50
50
50
50
50
50
50
50
62
50
50
50
50
61
65
57
49
45_55
45
45
45
45
45
45
45
45
64
45
45
45
45
62
62
62
53
50
50
69
72
49
70
64
67
50
65
68
70
57
48
69
64
67
53
50
47
65
64
67
65
64
67
49
46
65
64
67
65
64
67
48
45
65
64
67
57_60
65
65
52_61
46_58
70
43
52_61
43
73
64
52_58
42
52_58
42
60
72
60
61
70
61
53_65
65
58_61
41_53
77
46_49
58_61
41
73
70
65
68
59_62
68
47_50
59_62
50_62
40
69
69
68
68
67
67
68
68
71
56
71
56
57
50_53
41
69
69
65
65
62
50_58
62
43_50
50_58
43
64
64
62
62
61
61
62
62
64
64
44_52
44
65
65
53
65
57
65
45_53
50_57
45
45
45
45
45
45
45
45
45
45
45
45
45
69
69
45
45
45
45
45
45
45
45
45
45
45
45
61
45_57
55
55_61
33
45
45
45
45
45
45
45
45
45
45
45
45
64
64
45
45
45
45
45
45
45
45
45
45
45
45
62
62
50_62
50
50_53
53_62
38
50
50
62
50
50
50
38
40
50
50
62
40
50
50
69
50
40
41
50
68
50
62
41
50
69
50
70
50
41
43
50
50
62
43
50
50
69
50
43
45
50
50
62
45
50
50
65
50
45
46
50
50
62
46
50
50
62
50
38
50
38
50
50
62
38
50
50
50
40
38
40
50
50
62
40
50
50
69
50
41
40
41
50
68
50
62
41
50
69
50
70
50
43
41
43
50
50
62
43
50
50
69
50
45
43
45
50
50
62
45
50
50
65
50
46
45
46
50
50
62
46
50
50
86
62
74
50
38
50
38
50
50
62
38
50
50
50
40
38
40
50
50
62
40
50
50
81
69
50
41
40
41
50
80
68
50
62
41
50
81
69
50
82
70
50
43
41
43
50
50
62
43
50
50
81
69
50
45
43
45
50
50
62
45
50
50
77
65
50
46
45
46
50
50
62
46
50
50
74
62
50
38
50
38
50
50
62
38
50
50
50
40
38
40
50
50
62
40
50
50
81
69
50
41
40
41
50
80
68
50
62
41
50
81
69
50
82
70
50
43
41
43
50
50
62
43
50
50
81
69
50
45
43
45
50
50
62
45
50
50
77
65
50
46
45
46
50
50
62
46
50
50
74
74_86
62_74
62_62
74
62
50
62
50
50
38
50
50
38
52
52
40
40
50
52
40
93
86
62_74
62_81
74
62
53
53
50
41
41
50
92
80
53
41
93
81
94
82
55
55
43
43
50
55
43
93
86
62_74
62_81
74
62
57
57
50
45
45
50
57
45
86
74
58
58
46
46
50
58
46
85
88
69
64_73
76
64
57
57
52
45
45
45
57
45
59
59
47
47
45
59
47
93
88
69
64_81
76
64
60
60
52
48
48
45
92
80
60
48
93
81
94
90
66_82
78
66
62
62
54
50
50
50
62
50
93
91
62_74
67_81
79
67
64
64
55
52
52
50
64
52
84
93
69_72
81
69
66
66
57
54
54
50
66
54
83
86
62_74
55_67_71
71_83
71
67
67
55_59
55
55
50
67
55
84
57_69
72_84
72
69
57_60
57
69
57
91
86
59_71_79
74_86
74
71
59_62
59
90
78
71
59
91
79
93
87
60_72_81
75_87
75
72
60_63
60
72
60
91
86
59_71_79
74_86
74
71
59_62
59
71
59
92
86
58_70_80
74_86
74
70
58_62
58
70
58
94
85
53_65_82
73_85
73
65
53_61
53
65
53
93
53_65_81
65
53
65
53
92
86
58_70_80
74_86
74
70
58_62
58
70
58
94
85
53_65_82
73_85
73
65
53_61
53
65
53
93
53_65_81
65
53
65
53
92
86
59_71_80
74_86
74
71
59_62
59
47
50
71
59
95
87
54_66_83
75_87
75
66
54_63
54
42
50
66
54
93
54_66_81
66
54
50
66
54
92
86
59_71_80
74_86
74
71
59_62
59
47
50
71
59
95
87
54_66_83
75_87
75
66
54_63
54
42
50
66
54
93
54_66_81
66
54
50
66
54
90
87
69
60_72_78
75
74
57_66
72
60_63
60
48
45
72
60
98
90_93
69
66_69_86
78_81
69_78
57_66
57_66
49_61
48
36
45
57_66
49
37
97
85
95
83_90
69
66_69_83
71_78
69_78
59
57_66
38_50
49
37
45
57_66
50
38
93
81
92
84
69
66_69_80
72_81
69_78
60
60_66
39_51
50
38
45
60_66
51
39
90
78
88
85
64_76
61_69_76
73_81
73_76
64
61_64
40_52
51
39
45
61_64
52
40
87
75
86
81
69
62_69_74
74_81
69_74
54_62
57_62
42_54
53
41
45
57_62
54
42
85
73
83
83
69
61_69_71
73_76
73_76
55_64
61_64
43_55
54
42
45
61_64
55
43
81
81
69
64_73_80
85
64_76
61_68_68_73_76
76_80
73_76
56_64
61_64
44_56
56
44
45
61_64
73
73
61
49
75
75
63
51
76
76
64
52
78
78
66
54
73_76
80
68_73
80
68
61_64
56
56
56
73_76
82
68_73
82
70
61_64
58
56
56
84
84
72
60
85
85
73
61
64_73
87
68_73
87
75
61_64
63
44
44
64_73
88
68_73
88
76
61_64
64
44
44
64_73_81
85_89
69_81
61_64_69_73_81
73_77
73_77
57_65
61_64_69
43_55
43
43
45
45
45
45
69
69
57
45
45
71
71
59
45
45
73
73
61
45
45
74
74
62
45
45
76
90
76
78
78
66
64
45
45
78
78
66
45
45
79
91
79
79
79
67
67
45
45
81
81
69
45
45
83
85_93
69_81
83
73_81
73_81
57_69
71
43_55
55
43
45
45
85
85
73
45
45
86
86_93
62_74
62_69_74_86
74_81
69_81
57_69
74
42_54
54
42
50
74_86
50
93
74_86
57_69
54
42
50
74_86
50
93
74_86
57_69
54
42
50
74_86
50
93
74_86
57_69
54
42
50
74_86
50
93
74_86
57_69
54
42
50
74_86
50
93
74_86
57_69
54
42
50
74_86
50
94
86_92
62_74
62_70_74_86
74_80
70_82
58_68
58_68
41_53
53
41
50
94
74_86
58_68
50
94
74_86
58_68
53
41
50
94
74_86
58_68
50
94
74_86
58_68
53
41
50
94
74_86
58_68
50
94
74_86
58_68
53
41
50
94
74_86
58_68
50
94
74_86
58_68
53
41
50
94
74_86
58_68
50
94
74_86
58_68
53
41
50
94
74_86
58_68
50
94
86_91
62_74
62_70_74_86
74_79
70_82
58_67
58_67
40_52
52
40
50
94
74_86
58_67
50
94
74_86
58_67
52
40
50
94
74_86
58_67
50
94
74_86
58_67
52
40
50
94
74_86
58_67
50
94
74_86
58_67
52
40
50
94
74_86
58_67
50
94
74_86
58_67
52
40
50
94
74_86
58_67
50
94
74_86
58_67
52
40
50
94
74_86
58_67
50
93
85_88
64_69
61_69_76_85
73_79
69_81
57_67
57_67
45_57
45
45
45
93
76_85
57_67
45
93
76_85
57_67
45
45
45
93
76_85
57_67
45
93
76_85
57_67
45
45
45
93
76_85
57_67
45
93
76_85
57_67
45
45
45
93
76_85
57_67
45
93
76_85
57_67
45
45
45
93
76_85
57_67
45
93
76_85
57_67
45
45
45
93
76_85
57_67
45
86
86_89
62_74
62_65_74_86
74_77
65_74
62_65
62_65
38_50
50
38
50
62_65
62_65
62_65
62_65
62_65
62_65
46_58
58
46
62_65
62_65
62_65
93
86_89
62_74
62_65_81
74_77
74_77
62_65
62_65
45_57
57
45
50
62_65
92
80
62_65
93
81
62_65
94
86_89
62_74
62_65_82
74_77
74_77
62_65
62_65
53_65
65
53
50
62_65
62_65
62_65
93
86_89
62_74
81
74_77
74_77
62_65
50_62
62
50
50
62_65
62_65
62_65
89
86_89
62_74
62_65_77
74_77
74_77
62_65
62_65
45_57
57
45
50
62_65
62_65
62_65
86
86_89
62_74
62_65_74
74_77
74_77
62_65
62_65
46_58
58
46
50
62_65
62_65
62_65
62_65
62_65
62_65
45_57
57
45
62_65
62_65
62_65
93
86_89
62_74
62_65_81
74_77
74_77
62_65
62_65
41_53
53
41
50
62_65
92
80
62_65
93
81
62_65
94
86_89
62_74
62_65_82
74_77
74_77
62_65
62_65
38_50
50
38
50
62_65
62_65
62_65
93
86_89
62_74
81
74_77
74_77
62_65
53_65
65
53
50
62_65
62_65
62_65
89
86_89
62_74
62_65_77
74_77
74_77
62_65
62_65
50_62
62
50
50
62_65
62_65
62_65
94
86_89
62_74
62_65_82
74_77
74_77
62_65
62_65
38_50
50
38
50
93
86_89
62_74
62_65_81
74_77
74_77
62_65
62_65
41_53
53
41
50
50
89
86_89
62_74
62_65_77
74_77
74_77
62_65
62_65
45_57
57
45
50
86
86
62_74
62_65_74
74_77
74_77
62_65
62_65
46_58
58
46
50
50
82
82
62_74
62_65_70
74_77
74_77
62_65
62_65
50_62
62
50
50
81
81
62_74
62_65_69
74_77
74_77
62_65
62_65
53_65
65
53
50
50
77
77
62_74
62_65_65
74_77
74_77
62_65
62_65
57_69
69
57
50
74
74
62_74
62_62_65
74_77
74_77
62_65
62_65
53_65
65
53
50
50
77
77
62_74
62_65_65
74_77
74_77
62_65
62_65
50_62
62
50
50
82
82
62_74
62_65_70
74_77
74_77
62_65
62_65
46_58
58
46
50
50
86
86
62_74
62_65_74
74_77
74_77
62_65
62_65
45_57
57
45
50
89
89
62_74
62_65_77
74_77
74_77
62_65
62_65
41_53
53
41
50
50
69_93
89_93
62_74
65_69_69_89
74_86
77_81
50_62
65_69
53_57
50_57
38
50
69_93
89_93
62_74
65_69_69_89
74_86
77_81
50_62
65_69
53_57
50_57
38
50
69_93
89_93
62_74
65_69_69_89
74_86
77_81
50_62
65_69
53_57
50_57
38
50
69_93
89_93
62_74
65_69_69_89
74_86
77_81
50_62
65_69
53_57
50_57
38
50
69_93
89_93
62_74
65_69_69_89
74_86
77_81
50_62
65_69
53_57
50_57
38
50
69_93
89_93
62_74
65_69_69_89
74_86
77_81
50_62
65_69
53_57
50_57
38
50
69_93
89_93
62_74
65_69_69_89
74_86
77_81
50_62
65_69
53_57
50_57_65
50
50
69_93
89_93
62_74
65_69_69_89
74_86
77_81
50_62
57_65_69
53_57
38_45_53
38
50
