65_65
74
62
58_62
58
74
62_64
72
58
55_58
55
65_65
70
57
53_60
53
60_60
67
60
52_60
52
69
64_64
72
60
57
57
55
55
65_65
69
57_60
53
53
65
69
53_60
65
70
58
50_58
50
65
69
57
53_60
53
62_62
67
58
55_58
55
65
65
57
50_57
50
62
64
55
46_55
46
65
53
53
60_60
60_69
52
48_52
48
60
57_65
53_57
41_53
41
69
62_69
77
53_57
50_62
50
53
52
69
77
55_62
53
64_69
76
60
57_60
55
62
72
64
65_65
70
62
55_62
55
72
60
74
58
65
72
62
55
70
62
64_64
69
61
61
55
69
64
70
61
53
53
65_65
69
62
62
53
62_62
67
55
46_55
46
65
47
62
56
56
47
60_60
64
57
48_57
48
58
58
64_64
69
60
60
48
57_65_65
65
60
41_57
41
59
59
47
60
60
48
48
69
47_65
47
53
35
57
48
48
36
64
56_60
56
52
44
52
65
57
57
53
45
53
72
52_68
52
56
40
60
53_69
53
57
41
68
62_64
62
56
50
52
69
60_65
60
57
48
53
77
60_72_77
65_65_69_69_69_77
53_57
48_60
60
41
41
41
29_41
41
41
41
45
45
41
41
41
41
48
48
41
41
41
41
53
53
41
41
41
41
57
57
57
57
41
41
41
41
60
60
41
41
41
41
65
65
41
41
41
41
69
69
41
41
41
41
72
72
41
41
41
41_77
77
41
41
41
41_81
81
41
41
41
41_84
84
41
41
41
41_81_86
69_77
86
53
41_53
41
29_41
72
69
48
57
69
65
41
72
69
48
57
69
65
84_88
72_76
55
43_55
43
31
72
64
52
60
64
60
57
45_57
45
33
72
64
52
76_84
72
60
64
60
84_88
72_76
58
46_58
46
34
72
64
53
58
64
60
53
53
46
72
64
53
58
64
60
82_86
70_74
46
70
62
53
62
62
58
82_86
70_74
46
70
62
53
62
62
86_94
58_74_82
87_94
75_82
63_72
54
46_54
46
34
75
72
54
63
66
63
46
75
72
54
93
81
63
66
63
86
74
62_70
55
55
46
34
74
67
55
91
79
62
67
62
85_89
73_77
61
46
73
88
65_76
53
89
77
61
34
65
91
61_79
84_88
72_76
60_64
55
46_55
46
34
72
64
55
60
64
60
81_87
60_63_69_75
60
60
46
72
69
53
60
63
60
53
53
54
54
46
34
72
69
54
87
75
60
63
60
81
69
46
72
86
69_74
54
87
75
60
34
63
89
60_77
82_86
58_62_70_74
55
46_55
46
34
70
67
55
58
62
58
79_85
63_67_73
63
63
46
67
61
51
61
61
55
51
51
64
52
52
46
34
73
67
52
85
73
61
67
61
79
67
46
73
84
67_72
52
85
73
61
34
67
87
61_75
81_84
60_65_69_72
53
45_53
45
33
72
65
53
57
65
60
77_84
53_65_65_72
60
50_60
38
38
72
65
45
53
65
60
83
71
59
59
38
38
71
65
43
79
67
50
65
59
77
65
49
37
37
71
65
43
83_89
71_77
49
65
59
84_88
55_64_72_76
64_72
60
48_60
36
36
72
64
43
76_84
64_72
48
64
60
76_82
61_65_65_70
65_70
61
43_55
43
31
73
67
49
85_94
73_82
53
65
61
58_67
67
40
40
40
72
84_91
67_72_79
60
43
43
48
48
67
79_88
60_67_76
55
36_52
52
36
64
76_84
58_64_72
58
36_55
55
36
85
73
82
70
79
67
65
77
65
67
76
64
61
58
72
60
73
61
64
52
64
52
49_52_58
44_56
37
37
49_52_58
44_56
37
37
79
67
80
68
82
70
73
61
58_65_67_67
58
58_65
58_65_67_67
58
58_65
72
60
75
63
73
61
64
52
64
52
49_52_58
44_56
37
37
49_52_58
44_56
37
37
79
67
81
69
84
72
82
70
73
61
73
61
58_65_67_67
58
58_65
58_65_67_67
58
58_65
79
67
81
69
84
72
82
70
73
61
73
61
81
61_61
55
51_55
39
84
82
73
73
61
55
51_55
39
81
84
52
82
58
55
52_55
40
73
61
58
73
82
48
81
57_60
53
53_57
60
41
72
65
57
72
81
48
79
58_64
52
55_58
64
43
70
64
60
70
79
48
77
60_65
53
57_60
65
45
69
65
60
69
77
50
76
62_67
53
58_62
67
46
67
65
62
67
79
50
77
62_68
53
59_62
68
47
68
65
62
69
65_69
60
60_65
69
48_48
79
53
77
57
72
60
82
65
81
77
69
86
84
81
72
89
69
86
65
84
69
81
65
77
60
86
65
84
60
81
77
72
69
57
74
69
65
53
72
48
69
65
60
57
62
57
53
60
60
57
53
48
61
58
53
36
82
70
58
84
72
60
85
73
61
55_65
79
58_61_65
67
55_61
58
55
48
36
88
76
64
89
77
65
91
79
67
70
85
55_61_65_70
73
55_65
58_61
61
48
36
70
55_61_65_70
55_65
58_61
48
36
91
79
93
81
94
82
67_70
88
55_64_76
48_60
48
36
89
77
91
79
82
70
84
72
85
73
76
64_70
67
77
65_69
65
79
67_67
64
70
72
73
64
58
55
65
57
53
67
55
52
58
60
60
61
61
52
43_46
53
41_45
55
40_43
46
34
52
48
36
49
37
45
33
46
34
49
37
45
33
46
34
49
37
45
33
46
34
49
37
48
36
45
33
46
34
49
31
48
30
46
69
65
57
57_60
53
41_53
41
29_41
41
41
41
41
41
41
41
41
41
41
41
65
41
41
41
41
60
41
41
41
41
41
41
41
41
60
41
41
41
41
41
41
41
41
57
41
41
41
41
65
41
41
41
41
67
53
41
41
65
41
41
64
41
41
65
41
41
62_70
53_65
53
48
29_41
41
41
41
41
41
41
41
41
41
41
41
41
60_69
53_65
41
41
41
41
58_69
58_72
53_65
48
41
41
41
41
64_67
64
41
41
41
41
62_65
62
41
41
41
41
64_67
64
41
41
41
41_60_72_94
58_64_67_82
64
60
53
41_41
41
41
41
41
41
41
79
41
76
41
84
41
41
79
41_91
79
41
76
41
41
76
41_60_72_88
72_76
41
79
41
41
76
41
41
72
41
41
72
41
70
72
41
76
41
41
72
41_84
72
41
70
41
41
70
41_60_72_82
67_70
76
53
41_41
72
41
41
70
41
41
67
41
41
67
41
64
74
41
70
41
41
67
41_84
72
72
41
64
41
41
65
41_60_72_81
65_65_69_69
57_72
57_60
41_53
41
29_41
41
41
41
41
41
41
41
48
41
41
41
41
65
41
41
41
41
60
57
53
41
41
41
41
41
41
41
41
60
41
41
41
41
41
41
41
41
53
57
41
41
41
41
65
41
41
41
41
67
53
41
41
65
41
41
64
41
41
65
41
41
62_70
53_65
48
48
29_41
41
41
41
41
41
41
41
41
41
41
41
41
60_69
53_65
41
41
41
41
58_69
53_65
41
41
41
41
41
64_67
64
41
41
41
41
62_65
62
41
41
41
41
64_67
64
41
41
41
41_60_72_94
58_64_67_82
64
60
53
41_41
41
41
41
41
41
41
79
41
76
41
82
41
41
79
41_91
79
41
76
41
41
76
41_60_72_88
72_76
41
79
41
41
76
41
41
72
41
41
72
41
70
72
41
76
41
41
72
41_84
72
41
70
41
41
70
41_60_72_82
67_70
76
53
41_41
72
41
41
70
41
41
67
41
41
67
41
64
74
41
70
41
41
67
41_86
74
72
41
64
41_84
72
41
65
41_60_72_93
65_65_65_69_69
57_72
53_60
60
41_53
41
29_41
41
41
41
48
41
41
41
41
53
41
41
41
41_89
57
41
41
41
82
41_84
79
60
41
41
41
81
41
77
41
41
41
79
41
76
41
41
41
81
41
77
41
41
41
41
81
41
41
41
41
41
48
41
41
41
41
53
41
41
41
41
77
57
41
41
41
70
41
67
72
60
41
41
41
69
41
65
41
41
41
67
41
64
41
41
41
69
41
65
41
41
41
60
41
57_65
57
57
41
41
41
65
41
41
41
41
69
41
41
41
41
72
41
65_69
53
53_57
53
41
41
41
41
67_70
48
55_58
48
41
41
41
41
65_69
53_57
41
41
41
41
64_67
52_55
41
41
41
41
65_69
53_57
41
41
41
41
57
57
41
41
41
77
41
65
41
41
41
81
41
69
41
41
41
84
41_77_81
65_69_72
53
53
41
41
41
41_79_82
67_70
48
48
41
41
41
41_77_81
65_69
41
41
41
41_76_79
64_67
41
41
41
41_77_81
65_69
41
41
41
41_79_82
67_70
41
77_81
65_69
76_80
64_68
72
77_81
65_65_69
76_80
60_64_68
77_81
65_65_69
76_80
60_64_68
77_81
65_65_69
89
74_86_89
62_69_77_77_81
74_77
62_65
62
94
70_82_82
58_65
58
74
62
72_84_88
60_70_76_82
60_70_76
55_64
48_58
43_55
43
55
43_48_52
60
48
48
48
48
48
48
70
48
58
48
69
57
48
48_70
58
48
60
72
60
48
48
74
62
48
76
48
64
58
36_48
36
48
36_48_48
55
64
77
48
65
48
79
48
67
48
81
48
69
48
82
48
70
55
48
84
48
72
48
86
48
74
48
88
48
76
48
89
48_65_77_84_89
60_68_77_77_80
56_65_68_77
53_65
53_56
41_53
41
41
29_41
53_56
65_77
60_68
53_65
53_56
41
53_56
53_56
41
29
53_56
53_56
53_56
84
84
72_77
72
53_56
44_56
44
44
32
53_56
53_56
44
32
53_56
65_77
60_68
53_65
53_56
41
53_56
82
82
70
53_56
84
84
72
53_56
77_80
65_77_80
61_68_73_77_77
65_68
61_65
53_56
37_49
49
41
53_56
65_77
61_68
61_65
53_56
41
53_56
53_56
49
37
53_56
53_56
53_56
73_85
85
73_77_82
55_63_70_73
53_61
34_46
46
46
34
53_61
53_61
46
34
53_61
65_77
61_65
53_61
58_61
53_61
41
53_61
76
53_61
77
53_61
87
67_70_79_87
63_67_75_79_82
55_58_67_75
63
55_58
39_51
51
55_58
67_70
63_67
63
55_58
55_58
55_58
39
39
55_58
55_58
55_58
84
80_84
75_80_80
56_60_68_72
51_60
44_56
44
44
32
51_60
51_60
44
32
51_60
68_72
60_68
56_63
51_60
48
51_60
82
82
79
70
51_60
84
84
80
72
51_60
80
65_68_80
61_68_73_77_77
53_61_65_68
61_65
53_56
37_49
49
41
53_56
65_68
61_68
61_65
53_56
41
53_56
53_56
49
37
53_56
53_56
53_56
82
82
73_73_78
58_66_70
49_54_58
42_54
42
42
30
49_54_58
49_54_58
42
30
49_54_58
70
61_70
54_66
49_54_58
49_54_58
72
49_54_58
73
49_54_58
77
73_79
61_70_70_73_73
58_61_61_67
58_65
49_53_58
46_58
46
41
49_53_58
73
61_70
58_65
49_53_58
41
49_53_58
49_53_58
46
34
49_53_58
49_53_58
49_53_58
80
80
72_72_75
60_60_63_68
48_51_56
44_56
44
44
32
48_51_56
48_51_56
44
32
48_51_56
68
60_63
56_68
48_51_56
48
48_51_56
75
75
63
48_51_56
80
80
68
48_51_56
77
68_77
61_65_73_73_77
56_61_65_65
61_68
49_53_56
37_49
49
41
49_53_56
68
61_65
61_68
49_53_56
41
49_53_56
68
49_53_56
49
37
49_53_56
49_53_56
49_53_56
78
78
70_70_73
58_61_61_66
49_54_58
42_54
42
42
30
49_54_58
49_54_58
42
30
49_54_58
70
58_66
54_61
49_54_58
49_54_58
73
49_54_58
49_54_58
77
70_77
58_65_70_73_73
61_65
55_61
49_53_58
43_55
43
41
49_53_58
70
58_65
55_61
49_53_58
41
49_53_58
70
49_53_58
43
31
49_53_58
49_53_58
49_53_58
73
73
65_65_68
53_56_61
53_56
44_56
44
44
32
53_56
53_56
32
49
53_56
68
61_65_68
56_61
53_56
41
53_56
53
53_56
53_56
75
68_75
63_66_66_66
54_60_63
56_60
54_56
60
56
41
54_56
68
63_66
56_60
54_56
41
54_56
63
54_56
60
32
54_56
54_56
54_56
66
54_56
44
32
54_56
54_56
32
54_56
73
68_73
66
58_61
56
54_56
58
58
48
54_56
54_56
54_56
73
68_73
65_65_65
53_61_61_77
56_61
49
49_56
56
49
37_41
53
49
53
49
53
49
53
75
49
53_56
53
49
53
49
53
73
49
53
68
49
49_53
53
49
37
53
49
53
65
49
39
53
41
61
49
53
49
41
53
49
42
53
58
49
44
53
65
56
49
49_53
53
49
44
53
49
53
49
46
53
48
63
53
53_56
49
56
53
49
56
53
51
56
61
53
53
56
56
53
56
53
61
56
53
51
56
65
53
49
56
68
53
56
73
53
56
78
53
44
56
53
77
56
73_77
53
56
68_75
53
37
56
53
53
49
56
65_73
53
41
56
56
65_73
53
56
68_72
53
44
56
61
53
53
56
61_70
53
44
56
66
61_70
53
56
65
65_68
53
49
56
61
53
56
56
56
56_66
53
49
56
63
56_66
53
56
61
65
53
44
56
68
64
53
53
56
61
53
41
56
64
49
49_52
37
52
49
37
52
69
49
52
49
39
52
40
49
33
52
49
49
52
71
64
51
47
47
52
73
61
49
45
45
52
68
59
52
47
35
56
52
47
56
64
68
52
59
56
52
54
56
52
63
69
54
60
35
58
54
42
58
54
57
48
58
63
54
47
58
92
64_64_64_68
64
56
52_56
47
40
68
64
68
64
68
64
68
90
64
68
64
68
64
68
88
64
68
83
64
68
64
52
68
64
68
80
64
54
68
55
78
64
68
64
55
68
64
57
68
76
64
58
68
71
64
68
68
64
59
68
64
68
64
61
68
63
68_68_71
64
66
71
68
64
71
68
66
71
68
68
64
71
68
59
71
68
66
76
71
68
64
71
80
68
71
83
68
71
88
68
71
93
68
59
71
68
92
71
88_92
68
71
83_90
68
52
71
68
64
56
71
80_88
68
56
71
80_88
68
59
71
83_87
68
59
71
68
68
64
71
76_85
68
59
71
76_85
68
69
71
80_83
68
64
68
71
68
71
64
71
72_81
68
64
59
71
72_81
68
66
71
80
68
64
59
64
71
78_83
68
71
68
71
76
68
56
71
79
64_64_67
40
40
67
64
52
67
84
64
72
67
64
54
67
55
64
36
36
67
64
64
67
77_86
62_66
74
62
67
76_88
60_64
76
60
67
74_86
62_67
71
38
38
71
67
62
71
83
67_74
67
71
67
69
71
67
84
69_75
66
38
72
69
57
72
69_72
69
63
72
78
69
62
72
71
79
71_71
67
55_59
43
31
83
59_62
55_62
59
55_59
43
59_62
55_59
47
35
59_62
55_62
59
55_59
46
59_62
47
81
55_59
50
38
59_62
55_62
59
55_59
38
59_62
55_59
43
31
59_62
79
55_62
59
55_59
42
59_62
43
74
71
55_59
35_47
43
59_62
55_62
59
55_59
43
59_62
55_59
38_50
35
59_62
55_62
59
55_59
46
59_62
47
69
55_59
43_55
38
59_62
55_62
59
55_59
50
59_62
55_59
47_59
31
59_62
55_62_67
59
55_59
42
59_62
43
83
75
55_59
51_63
43
59_63
55_63
59
55_59
55
59_63
55_59
47_59
47
59_63
55_63
59
55_59
58
59_63
59
81
71
55_59
43_55
43
59_63
55_63
59
55_59
55
59_63
71
55_59
39_51
39
59_63
79
55_63_83
59
55_59
50
59_63
51
87
83
55_59
35_47
35
59_63
55_63
59
55_59
47
59_63
55_59
43_55
43
59_63
55_63
59
55_59
42
59_63
43
81
55_59
39_51
39
59_63
55_63
59
55_59
51
59_63
83
55_59
35_47
35
59_63
95
55_63_79
59
55_59
46
59_63
47
95
87
55_59
43
31
59_63
55_63
55_59
55_59
43
59_63
55_59
35_47
35
59_63
55_63
55_59
55_59
46
59_63
47
93
71_83
71_83_83
71
55_59
39_51
39
59_63
55_67
59_63
55_59
39
59_63
55_59
43
31
59_63
91
55_67
59_63
55_59
42
59_63
43
91
79
79
67
55_59
40_52
40
64
55_67
59_64
55_59
52
64
83
74
55_59
35_47
35
64
55_67
59_64
55_59
46
64
47
85
73
55_59
41_53
41
59_67
55_67
59_62
55_59
53
59_67
86
71
55_59
41
29
59_67
55_67
59_62
55_59
40
59_67
41
90
83_86
54_66_78_83_86
54_66_71_74
59_62
71_74
42_54
42
30
71_74
71_74
71_74
71_74
47
35
71_74
91
79
71_74
90
78
71_74
78
71_74
59_62_66_71_74
71_74
59_62
59_62
59_62
50
38
59_62
59_62
59_62
59_62
54
42
59_62
79
67
59_62
78
66
59_62
78
70_73
58_61_66_70_73
52_64_70_73
58_61
58_61
58_61
52
40
58_61
58_61
58_61
58_61
64
52
58_61
79
67
58_61
78
66
58_61
90
82_85
78_82_85
70_73
70_73
58_61
61
49
70_73
70_73
70_73
70_73
52
40
70_73
91
79
70_73
90
78
70_73
90
81_84
69_72_78_81_84
51_63_69_72
57_60
69_72
57_60
51
39
69_72
69_72
69_72
69_72
54
42
69_72
91
79
69_72
90
78
69_72
78
69_72
57_60_66_69_72
69_72
57_60
57_60
57_60
57
45
57_60
57_60
57_60
57_60
60
48
57_60
79
67
57_60
78
66
57_60
78
69_75
57_63_66_69_75
48_60_63_69
57_63
57_63
51_57
48
36
57_63
57_63
57_63
57_63
57
45
57_63
79
67
57_63
78
66
57_63
90
81_87
63_69_75_78_81
69_75
54_63
69_75
57_63
54
42
69_75
69_75
69_75
69_75
48
36
69_75
92
80
69_75
90
81
69_75
88
80
64_68_76_80_80
49_61_68
61
68
61
49
37
80
64_68_76_80
68
61
61
52
80
64_68_76_80
68
61
61
56
80
64_68_76_80_81
68
61
69
61
61
80
68
80_85
64_68_76_80_80
68_73
61
68
61
64
80
64_68_76_80
68
61
61
61
80
64_68_76_80
68
61
61
56
80
64_68_76_80_81
68
61
69
61
80
68
87
81_83
63_69_75_81_81
63_71
54_61
69
54_61
42
30
81
63_69_75_81
63
54_61
54_61
49
81
63_69_75_81
63
54_61
54_61
54
81
63_69_75_81_83
63
54_61
71
54_61
57
81
69
81
63_69_75_81_81
63_69
54_61
69
54_61
61
81
63_69_75_81
63
54_61
54_61
57
81
63_69_75_81
63
54_61
54_61
54
81
63_69_75_81_83
63
54_61
71
54_61
81
69
85
80
64_68_76_80_80
64_68
56_61
76
56_61
44
32
80
64_68_76_80
64
56_61
56_61
49
80
64_68_76_80
64
56_61
56_61
56
80
64_68_76_80_81
64
56_61
78
56_61
61
80
76
80
64_68_76_80_80
64
56_61
76
56_61
64
80
64_68_76_80
64
56_61
56_61
61
80
64_68_76_80
64
56_61
56_61
56
80
64_68_76_80_81
64
56_61
78
56_61
80
76
84
84_90
63_68_75_80_80
72_80
56_60
75
54_56
42
30
84
63_68_75_80
72
56_60
54_56
48
84
63_68_75_80
72
56_60
54_56
51
84
63_68_75_80_81
72
56_60
54_56
56
80
84
63_68_75_80_80
72
56_60
54_56
60
84
63_68_75_80
72
56_60
54_56
56
84
63_68_75_80
72
56_60
54_56
51
84_91
63_68_75_80_81
72_80
56_60
54_56
80
85
85_92
61_68_68_80_80
56_61_73_80
56_61
40_56
40
52
28_52
52
52
52
76
52
52
52
52
44
52
52
52
52
75
52
52
76
52
52_88
73_76
49
52
52
52
52
68
52
52
52
52
64
52
52
52
52
52_84
56_72
52
52
52
52_85
67_73
57_79
55
40
52
52
52
52
73
52
52
52
52
45
52
52
52
52
72
52
52
73
52
52
76
67
49
52
52
52
52
64
52
52
52
52
61
52
52
52
52
52
73
57
52
52
52
52_90
66_78
58_61_70
54
54
52
52
52
78
52
52
52
52
52
58
52
52
52
77
52
52
78
52
52
73
52_85
73
61
52
52
52
70
52
52
52
52
66
52
66
52
52
52
61
52_82
70
52
52
52
52_83
67_71
58_62_79
55
67
52
52
52
52
74
52
52
52
52
71
52
52
52
52
73
52
52
74
52
52
71
74
67
52
52
52
52
67
52
52
52
52
62
62
52
52
52
52
59
71
52
52
52
52_91
79
58_61_70
55
61
52
52
52
76
52
52
52
52
52
58
52
52
52
75
52
52
76
52
52
73
52_88
76
55
52
52
52
70
52
52
52
52
67
52
52
52
52
52
64
52_82
70
52
52
52
52_83
71
55_59_79
52
52
52
52
71
52
52
52
52
47
52
52
52
52
70
52
52
71
52
52
76
67
52
52
52
52
64
52
52
52
52
59
40
52
52
52
52
71
55
52
52
52
52_88
76
58_60_72
40
52
52
52
79
52
52
52
52
52
43
52
52
52
78
52
52
79
52
52
76
52_84
72
48
52
52
52
72
52
52
52
52
67
52
52
52
52
52
64
52_79
67
52
52
52
52_81
69
57_61_73
57
52
52
52
52
67
52
52
52
52
52
52
52
52
52
66
52
52
67
52
52
67
64
49
52
52
52
52
61
52
52
52
52
57
45
52
52
52
52
64
55
52
52
52
52_66_78_84_90
54_66_66_70_78_78
58_61_70_73
52_64
61_66
52_61
46_54_61
52
40_52
90
89
90
85
82
78
79
73
67_69_69_73
57_61_67_79
61_64
57_69
52_61
52_61
52
40_52
52
52
78
66_78
66_70_70_73
58_61_66_78
61_64
58_70
52_61
52_61
52
40_52
73
72
73
70
66
61
67
57
52_61
40
66
58
52_61
40
84
72
85
73
67
61
57
52
66
61
58
52
84
72
85
73
67
61
57
52
66
61
58
52
87
75
85
73
66
61
57
52
67
61
58
52
84
72
85
73
67
61
57
52
68
61
56
52
84
72
85
73
68
61
56
52
69
61
55
52
87
75
85
73
69
61
55
52
70
61
54
51
84
72
85
73
70
61
54
51
69
61
55
51
84
72
85
73
69
61
55
51
70
61
55
52
87
75
85
73
71
61
55
52
70
61
56
52
84
72
85
73
69
61
57
52
70
61
56
52
84
72
85
73
70
61
55
52
71
62
56
52
88
76
86
74
73
62_64
57
52
71
62_64
56
52
87
75
88
76
73
67
64
58
40
74
68
64
59
40
89
77
90
78
78
70
67
61
40
76
71
68
62
40
88
76
86
74
83
71
80
68
76
64
74
62
71
59
68
56
68
64_64_68_68
68
56
52_56
52
69
63_63_66_66
69
54_57
51_54
51
73
62_62_65_65
73
53_61
50_53
50
66_66
52_62
54_62
40_54
40
28
67_67
55
55
64_68_68
56
56
52
52
52
52
40
52
52
52
52
47
52
52
52
52
52
52
52
52
52
56
52
52
52
52
59
52
52
52
72
52
72
64
52
52
52
52
63
52
52
52
71
52
71
62
52
52
52
52
59
52
52
52
52
56
52
52
52
52
52
52
52
52
68
52
68
51
52
52
52
52
47
52
52
52
52
40
52
52
52
64
52
64
52
52
52
52
71
52
60_65_69_71
71
53_60
57_60
41_57
41
29
48
53
57
69
84
69_72
69
60
60
53
86
62_62_74
53
46
46
34
53
55
58
67
67
55
62
62
89
77
62
53
65
93
60_81
65
48
57
48
36
36
48
89
77
53
57
84
72
57
60
81
69
84
58_72
55
55_58
48
64
64
64
62
62
62
64
64
64
65
81_84
57_60_65_77
65
53
53
53_57
65
29
77_81
72
69
72_77
69
60
81_84
57_65_77
57
41
29
77_81
72
69
72_77
57_65_69
53
65
41
60
76_84
60_64_72
60
43
64
31
72_76
67
72
67_72
64
64
76_84
60_64_72
52
45
60
33
72_76
69
72
69_72
60_64_64
57
45
64
79_85
61_64_76
61
46
64
34
76_79
73
73
73_76
67
64
79_85
64_67_76
61
46
34
76_79
73
73
73_76
64_67_67
58
46
64
77_86
62_65_74
62
46
62
34
74_77
70
74
70_74
65
58
65
82_86
62_65_77
53
46
62
34
77_82
74
74
74_77
62_65_70
62
58
46
65
70
84_87
60_66_66_78
60_63
63
46
70
34
78_84
75
75
75_78
72
54
66
84_87
60_66_78
63
46
34
78_84
75
75
75_78
60_66_72
58
69
46
66
82_86
58_67_67_79
58_62
62
46
34
79_82
74
74
74_79
70
67
67
82_85
58_65_77
65
61
46
65
34
77_82
73
64
73
73_77
58_65_70
58
65
46
65
67
79_84
55_64_76
64
60
46
64
34
76_79
72
72
72_76
67
55
67
75_81
60_63_72
60
46
63
34
72_75
69
69
69_72
60_63_65
58
46
63
75_78
60_63_72
46
34
72_75
69
69
69_72
66
63
63
75_78
60_63_72
57
46
65
34
63
72_75
69
62
69
69_72
60_63_66
58
63
46
63
65
74_79
58_62_70
58
46
62
34
70_74
67
67
67_70
62
55
62
75_79
55_63_73
55
46
61
34
73
67
67
67_70
55_63_63
51
58
46
63
73_75
55_63_67
51
46
34
67_70
63
67
63_67
61
55
61
63
73_76
55_64_67
55
46
34
67_73
64
60
67
64_67
55_61_64
58
58
61
46
61
63
72_77
57_65_69
57
45
60
33
69_72
65
65
65_69
60
53
60
77_81
60_65_72
53
50
60
38
72_77
69
69
69_72
60_65_65
57
62
50
65
77_79
59_65_71
55
50
59
38
71_77
67
71
67_71
65
53
55
67
77_83
59_65_71
59
49
53
37
71_77
67
77
67_71
65_65_71
53
61
65
49
71
79_84
67_70_76
55
48
64
36
76_79
70
76
70_76
67
58
60
70
82_85
65_73_77
61
43
58
31
77_82
73
77
73_77
65_70_73
65
55
70
43
73
85
85_91
70_79_82
55_64
52
40
67
43
64
67
76
64
60
46
61
58
55
53_68
77
65
49
70
79
67
52
49
72
60
73
61
76
64
52
64
52
64
79
67
55
52
80
56_58_68
56
46_58
49_56
37_44_49
37
82
56_58_70
58
49_56
37_44_49
37
79
67
80
73
61
61
68
82
70
73
76
64
52
61
77
53_65_65_65_67
53
46_55
41_46
34
79
65_67_67
55
46_55
41_46
34
72
60
75
76
64
52
63
73
61
64
52
64
79
67
55
52
80
56_58_68
56
46_58
49_56
37_44_49
37
82
56_58_70
58
49_56
37_44_49
37
79
67
81
85
73
61
69
84
72
82
70
73
61
73
83
71
59
61
79
67
55
80
59_68_68
56
47_59
41_49
49_53
41
85
73
61
83
59_68_71
59
41_49
49_53
41
79
67
80
80
68
56
68
85
73
83
71
74
82
70
58
62
74
83
71
59
62
79
67
55
80
66_68_71
56
47_59
44_50
54_59
44
90
66_78
66
89
65_65_71_77
65
44_50
53_59
44
79
91
67_79
67
67
80
92
68_80
68
68
85
73
93
69_81
69
83
71
94
70_82
70
74
62
75
70_94
63_70_82
63_70
46_58
58
54_58
54
42
58
63
63_68
58
53_56
53
41
58
82
78
63_66
58
51_54
51
39
58
58
58
79
70_73
58
58_61
52
40
58
85
70
58
58
84
64_72
64_72
58
52_60
55
43
58
76
73
70
58
58
58
77
65_77
65_72
65_72
48_60
48_60
56_60
56
44
48_60
65
65_70
48_60
55_58
55
43
48_60
84
80
65_68
48_60
53_56
53
41
48_60
48_60
48_60
60_72
81
72_75
48_60
60_63
54
42
48_60
87
72
48_60
48_60
86
66_74
66_74
48_60
54_62
57
45
48_60
78
75
72
48_60
60
48_60
79
67_79
67_74
67_74
50_62
50_62
58_62
58
46
50_62
67
67_72
50_62
57_60
57
45
50_62
86
82
67_70
50_62
55_58
55
43
50_62
50_62
50_62
62_74
83
74_77
50_62
62_65
56
44
50_62
89
74
50_62
50_62
88
68_76
66_76
50_62
54_64
59
47
50_62
80
77
74
50_62
62
50_62
81
69_81_88
69_76_76_81
57_64_64_69
52_64
52_64
52_57
61
49
49
52_64
52_64
52_64
93
81
52_64
52_64
52_64
52_64
64_76
82
58_70
52_64
58
49
37
52_64
94
70_82
52_64
52_64
93
69_81
52_64
52_64
91
67_79
52_64
52_64
91
69_82
67_70_77_82_82
57_65_65_70
62
53_57
53_58
50
50_81
38_81
69
69_81
57_82
82
70
53_57
81
70_81_82
69
58
89
82
65_82
70
53_57_69_81
81
57_81
69
82
70_82_82
70
53_57
58
81
81
69
69_81
88
57_82
64_82
70
53_57
81
70_81_82
69
58
82
82
70
53_57_69_81
81
57_81
69
89
80
65_68_80_80
68
53_57
56
81
69_81_81
69
53_57
57
90
81_89
66_77_77_81_89
63_69_77
60
53_57
57_65
48
48_87
36_87
75
75_75
63_89
89
77
53_57
87
77_77_87
75
65
91
89
67_89
77
53_57_75_75
87
63_87
75
89
77_77_89
77
53_57
65
87
87
75
75_75
89
63_89
65_89
60_77
53
53_57
41
41_87
29_77_77_87
75
65
89
89
77
53_57_75_75
87
63_87
75
87
86
63_74_74_86
74
53_57
62
87
75_75_87
75
53_57
63
87
70_79
63_67_70_79_79
53_58_67
58
53_58
46_55
46
46_77
34_77
65
65_77
53_79
79
67
53_58
77
67_77_79
65
55
86
79
62_79
67
53_58_65_77
77
53_77
65
79
67_79_79
67
53_58
55
77
77
65
65_77
85
53_79
61_79
62_67
53_58
77
67_77_79
65
55
79
79
67
53_58_65_77
77
53_77
65
86
76
62_64_76_76
64
53_58
52
77
65_77_77
65
53_58
53
89
62_74_86
65_74_74_78_86
54_60_66_74
57
54_60
54_62
45
45_84
33_84
72
72_72
60_86
86
74
54_60
84
74_74_84
72
62
87
86
63_86
74
54_60_72_72
84
60_84
72
86
74_74_86
74
54_60
62
84
84
72
72_72
86
60_86
62_86
74
62
54_60
50
84
38_74_74_84
72
62
86
86
74
54_60_72_72
84
60_84
72
84
62_74_83
60_71_71_83
71
54_60
59
84
72_72_84
72
54_60
60
84
62_74_75
60_63_67_75_75
55_55_58_63
67
55_58
43_51
43
43_74
31_74
62
62_74
50_75
75
63
55_58
74
63_74_75
62
51
82
75
58_75
63
55_58_62_74
74
50_74
62
75
63_75_75
63
55_58
51
74
74
62
62_74
81
50_75
57_75
63
55_58
74
63_74_75
62
51
75
75
63
55_58_62_74
74
50_74
62
82
73
58_61_73_73
61
55_58
49
74
62_74_74
62
55_58
50
85
70_79
61_67_73_79_79
53_61_61_67
58_65
53_61
49_55
46
46_77
34_77
65
65_77
53_79
79
67
53_61
77
67_77_79
65
55
82
79
58_79
67
53_61_65_77
77
53_77
65
79
67_79_79
67
53_61
55
77
77
65
65_77
79
53_79
67_79
67
53_61
77
67_77_79
65
55
79
79
67
53_61_65_77
77
53_77
65
77
76
64_65_76_76
64
53_61
52
77
65_77_77
65
53_61
53
67_70_76
67_76
64_67_70_70_76_76
55_58_67_70
58_64
48_55_64
49_52
48
48
36
70
70
58
73
73
61
72
72
60_73
73
72
61
72
73
60
72
73
61_73
72
72
60
73
73
61_72
72
73
60_73
72
72
73
73
61
55_64
55_64_64_64
55_58
55_58
48_58
36_48
48
36
55_64
55_64_64_64
55_58
55_58
48_58
36_48
48
36
76
76
64
79
79
67
77
77
65_79
79
77
67
77
79
65
77
79
67_79
77
77
65
79
79
67_77
77
79
65_79
77
77
79
79
67
70
61_61_65_65_65_70
61_65
55_58
53_61
36_48
48
36
70
61_61_65_65_65_70
61_65
55_58
53_61
36_48
48
36
82
82
70
85
85
73
84
84
72_85
85
84
73
84
85
72
84
85
73_85
84
84
72
85
85
73_84
84
85
72_85
84
84
85
85
73
76
60_67_67_70_76
60_64_67
58_64
48_58
36_48
36_43
48
36
48_58
36_43
77
77
48_58
36_43
48_58
36_43
79
79
48_58
36_43
48_58
36_43
70
70
48_58
36_43
48_58
36_43
72
72
48_58
36_43
48_58
36_43
73
73
48_58
36_43
48_58
36_43
64
64
48_58
36_43
65
65
48_58
36_43
67
67
48_58
36_43
69
69
48_58
36_43
70
60_72_82_88
67_70_70_76_82
60_76_79
48_60
52_55
36_48
36_48
48
36_48
69
48
69
52_55
36_48
48
70
48
70
52_55
36_48
48
71
48
71
52_55
36_48
48
72
48
72
58
52_55
34_46
36_46
46
34_48
74
48
74
52_55
36_46
48
76
48
64
52_55
36_46
48
77
48
65
52_55
36_46
48
79
48
67
55
48_58_62
43
36_43
43
31_48
81
48
69
48_58_62
36_43
48
82
48
70
48_58_62
36_43
48
84
48
72
48_58_62
36_43
48
86
48
74
60
48_58_62
36_48
36_48
48
36_48
88
48
76
48_58_62
36_48
48
89
48
77
48_58_62
36_48
48
91
48
79
48_58_62
36_48
48
93
48_69_72_89_93
65_69_77_81_81
57_65_77_81
48_60
48_57_65
41_53
41_48
41
29_41
41
48_57_65
41_48
29_41
41
48_57_65
41_48
29_41
41
48_57_65
41_48
29_41
89
41
48_57_65
41_48
29_41
41
48_57_65
41_48
29_41
88
41
48_57_65
41_48
29_41
89
41
48_57_65
41_48
29_41
81
41
48_57_65
41_48
29_41
41
48_57_65
41_48
29_41
86
41
48_57_65
41_48
29_41
41
48_57_65
41_48
29_41
84
41
48_57_65
41_48
29_41
41
48_57_65
41_48
29_41
81
41
48_57_65
41_48
29_41
41
48_57_65
41_48
29_41
77
41_77_81
81
48_57_65
41_48
29_41
81
41
48_57_65
41_48
29_41
77
41
48_57_65
41_48
29_41
81
41
48_57_65
41_48
29_41
77
41
77
48_57_65
41_48
29_41
81
41
48_57_65
41_48
29_41
77
41_65_69
76
48_57_65
41_48
29_41
81
41_65_69
77
48_57_65
41_48
29_41
77
41_65_69
69
48_57_65
41_48
29_41
81
41
48_57_65
41_48
29_41
77
41_65_69
48_57_65
41_48
29_41
81
41
48_57_65
41_48
29_41
77
41_65_69
74
48_57_65
41_48
29_41
81
41
48_57_65
41_48
29_41
77
41_65_69
48_57_65
41_48
29_41
81
41
48_57_65
41_48
29_41
77
41_77_81
72
69
69
41_48
29_41
81
41
41_48
41
77
41
41_48
41
81
41
41_48
41
77
41
69
65
41_48
41
81
41
41_48
41
77
41_65_69
64
41_48
41
81
41_65_69
65
41_48
41
77
41_65_69
65
57
41_48
41
41
69
41_48
41
41_65_69
65
41_48
41
41
69
41_48
41
41_65_69
65
62
41_48
41
41
69
41_48
41
41_65_69
65
41_48
41
41
69
41_48
41
41_65_69
65_65_69
60
57
41
41
69
41
41
65
41
41
69
41
41
65
57
53
41
41
69
41
41
53_57_65
52
41
41
53_57_69
53
41
41
53_57_65
53
45
41
41
57
41
41
53_57
53
41
41
57
41
41
53_57
53
50
41
41
57
41
41
53_57
53
41
41
57
41
41
53_69
53_57
53_57
48
48
29_41
41
53_57
41
41
53_57
41
41
53_57
41
41
65
53_57
41
41
53_57
41
41
64
53_57
41
41
65
53_57
41
41
57
53_57
47
47
41
41
53_57
41
41
53_57
41
41
53_57
41
41
62
53_57
41
41
53_57
41
41
53_57
41
41
53_57
41
69
41
60
53_57
48
48
41
41
53_57
41
41
53_57
41
41
53_57
41
65
41
53_57
41
41
53_57
41
64
41
53_57
41
65
41
53_57
41
57
41
62
53_57
47
47
41
41
53_57
41
41
53_57
41
41
53_57
41
62
41
53_57
41
41
53_57
41
41
53_57
41
41
53_57
41
60
41
69
53_57
48
48
41
41
53_57
41
41
53_57
41
41
53_57
41
41
65
53_57
41
41
53_57
41
41
64
53_57
41
41
65
53_57
41
62
41
57
53_57
47
47
41
41
53_57
41
41
53_57
41
41
53_57
41
41
62
53_57
41
41
53_57
41
41
53_57
41
41
53_57
41
69
41
60
53_57
48
48
41
41
53_57
41
41
53_57
41
41
53_57
41
65
41
53_57
41
41
53_57
41
64
41
53_57
41
65
41
53_57
41
57
41
62
53_57
47
47
41
41
53_57
41
41
53_57
41
41
53_57
41
62
41
53_57
41
41
53_57
41
41
53_57
41
41
53_57
41
69
41
60_65_74
53_57
48
48
41
69
65
69
65
69
65
69
65
69
65
69
65
69
65
69
65
69
65
69
65
69
65
69
65_74
69
65
69
65
69
65
69
65_72
69
65
69
65
69
65
69
65
69
65
69
65
69
65
69
65_69
69
65
69
65
69
65
69
65
69
65
69
65
69
65
69
63_65_67
63
69
63_65
69
63_65
69
63_65
69
63_65_69
69
63_65
69
63_65
69
63_65
69
63_65_72
69
63_65
69
63_65
69
63_65
69
63_65
69
63_65
69
63_65
69
63_65
69
62_65_69
65
62
69
62_65
69
62_65
69
62_65
69
62_65
69
62_65
69
62_65
69
62_65
65
62_65
65
62_65
65
62_65
65
62_65
65
62_65_69
65
62_65
65
62_65
65
62_65
65
61_70
61
65
61
65
61
65
61
65
61
65
61
65
61
65
61
65
60_65_69
60
65
60
65
60
65
60
65
60
65
60
65
60
65
60
62
59_67
62
59
62
59
62
59
62
59
62
59
62
59
62
59
62
59
62
59_65
62
59
62
59
62
59
62
59
62
59
62
59
62
59
61
58_64
61
58
61
58
61
58
61
58
61
58_65
61
58
61
58
61
58
61
58_69
61
58
61
58
61
58
61
58
61
58
61
58
61
58
60
57_65
60_71
48_57
57
41_53
29
60
57
60
57
60
57
60
57
72
60
57
60
57
60
57
60
57
77
60
57
60
57
60
57
60
57
60
57
60
57
60
57
59
56_64
59_74
56
59
56
59
56
59
56
59
56_65
59
56
59
56
59
56
59
56_69
59
56
59
56
59
56
59
56
59
56
59
56
59
56
60
57_65
71
48_57
57
41_53
29
60
57
60
57
60
57
60
57
72
60
57
60
57
60
57
60
57
77
60
57
60
57
60
57
60
57
60
57
60
57
60
57
59
56_64
74
56
59
56
59
56
59
56
59
56_65
59
56
59
56
59
56
59
56_69
59
56
59
56
59
56
59
56
59
56
59
56
59
56
60
71
57_65
41_53
48
48_57
41
29
48
48
48
41
48
48
72
48
41
48
48
48
41
48
48
68
77
60
48
41
48
48
48
41
48
48
69
65
48
41
48
48
48
41
48
48
65
71
57
48
41
48
48
48
41
48
48
72
48
41
48
48
48
41
48
48
68
77
60
48
41
48
48
48
41
48
48
69
65
48
41
48
48
48
41
48
48
65
71
57
48
41
48
48
72
48
41
48
48
71
48
41
48
48
72
48
41
48
48
68
77
60
48
41
48
48
69
65
48
41
48
48
68
60
48
41
48
48
69
65
48
41
48
48
65
71
57
48
41
48
48
72
48
41
48
48
71
48
41
48
48
72
48
41
48
48
68
77
60
48
41
48
48
69
65
48
41
48
48
68
60
48
41
48
48
69
65
48
41
48
48
65
71
57
48
41
72
77_81
65_69
59
60
72_80
60_76
56_68
81
77
57_69
80_84
68_72
52_64
81
69
53_65
76_80
76_80
62_74
77_81
77_81
60_72
80_86
53_65_72_76
58_70
65
81_84
77
57_69
83_88
50_67_71_76
62
89
77
65_77
91
49_65_79
65_77
61
92
80
84_93
65_69_72_81
65_77
53_60
41_53
41
41
41
41
41
41
41
41
41
41
41
41
41
41
41
41_91
41
41
41
41
41
41
41
41
41
41
41
41_89
41
41
41
41_84
41
41
41
41
41
41
41
41
77
41
41
41
41_81
41
41
41
41_79
72
41
41
41
41
41
41
41
41
69
41
41
41
41_77
41
41
41
72
41_72
57_65
69
48
57
41
29_41
41
41
41
41
41
41
41
67
41
41
41
41
41
41
41
69
41
65
41
41
41
41
41
41
41
41
60
41
41
41
67
41
41
41
41
65
41
57
41
41
41
41
41
41
41
41
55
41
41
41
60
41
41
41
41
57
41
53
41
41
41
41
41
41
41
41
57
41
41
41
60
41
41
41
41
69
41
60
41
41
41
41
41
41
41
41
41
41
41
41
41
41
41
67
41
41
41
41
41
41
41
41
41
57
41
41
41
65
41
41
41
41
69
41
60
41
41
41
41
41
41
41
41
41
41
41
41
41
41
41
67
41
41
41
41
41
41
41
41
41
57
41
41
41
65
41
41
41
41
69
41
65_77
65_69
41
41
48
53
81_89
65_69_77
72_81
57
53_60
57
60
65
69
69
72
77
81
69
57_65
53_57
41_48
29
60
57_65
53_57
41_48
29
