27_36_58_63_63_63_67
63
38
82
71
36
82
63
82
70
38
82
61
74
46
36_68
61
51
67_67_70_75
67_75_79
36_44_70
51
55
58_63
61
68
82
82
70
38_51
82
63
36
49
82
61
63
38_63_69
51
69
61_69
49
69
66
59_71_75
36_63_69
47_71_75
66
54
59_63
66
82
36
82
40_63_65
64
82
61
82
74
63
47
46_63
61
38
66
68
71_76_80
36_44_52_64_80
28_76
71
56
64
59
68
28_28_52_82
28
36_52
28
82
40_65
82
28
28_52
82
28
28
52
69
69
38_69
69
27
36_58_63_63_63_67_69
63
82
71
36
28
82
63
40_65
82
70
28
82
61
74
46
28
40_68
61
67
51
67_67_70_75
27_67_75_79
36_44_70
51
55
58
61
68
82
82
70
40_51_65
82
63
49
82
61
63
63_69
51
69
38_61_69
49
69
66
59_71_75
36_63_69
47_71_75
66
54
59_63
66
82
36
82
40_59_65
64
82
56
82
74
59
47
46_63
56
38
59
28_68
71_76_80
36_44_52_80
76
71
64
56
64
59
61
28
66
28
28_52_82
64
28
28
52
82
40_65
82
28
28
52
82
28
28
52
69
69
28
28
38_69
69
27
36_39_58_63_63_63_67_69
63
38
82
31
71
36
82
63
46
82
43
70
38
82
34
61
74
46
31
36_68
41_61
27
51
67_67_70_75
67_75_79
36_44_70
39
51
55
58_63
61
68
82
82
70
38_51
82
63
36
49
82
61
63
38_63_69
51
69
38_61_69
49
69
66
59_71_75
36_63_69
47_71_75
66
54
59_63
66
82
36
82
40_63_65
64
82
61
82
74
63
46_63
61
38
66
28
68
71_76_80
36_44_52_64_80
76
71
56
64
59
68
28
28
40
52_82
28
40
36_52
82
40_65
82
28
52
40
82
28
52
69
40
69
28
38_69
69
27
36_39_58_63_63_63_67_69
63
82
71
34
36
82
63
46
40_65
82
43
70
31
82
61
74
46
28
40_68
41_61
67
51
27
67_67_70_75
67_75_79
36_44_70
39
51
55
58
61
68
82
82
70
40_51_65
82
63
49
82
61
63
63_69
51
69
38_61_69
49
69
66
59_71_75
36_63_69
47_71_75
66
54
59_63
66
82
36
82
40_59_65
64
82
56
82
74
59
46_63_69
69
56
38_69
69
59
68
71_76_80
36_44_52_69_80
76
71
28
64
56
64
59
61
66
28
40
42_52_82
64
28
40
42_52
82
28
28
36
82
28
40_42_52
40
82
28
52
40_42_65
40
28
42_73
40
27
36_63
63
71
82
34
46
36_71
82
63
82
31
70
38
43
82
61
74
46
70_73_73
28
40
68
36
61
27
39
67
38_44
51
55
58
61
69_71_71
82
82
38
82
82
69
69
73
76_76
69
69
61
63
36_69
54
59_63
71
75_75
82
36
82
40_63_65
82
61
82
74
63
46
61
38
66
66
28_36_44
64
56
64
59
68
66
40
28
82
28_36
82
28
40_65
82
28
40
82
28
40
69
69
28
71
38_69
69
27
36_63_63_69
70
63
82
34
46_71
36
82
63
40_65
82
31
70
43
82
61
74
46
28_68
40
40_68
61
27
67
39
36_44
51
55
58
61
67
82
82
40_65
82
63
82
61
63_69
68
69
38_61_69_76_76
73
69
59
36_69
54
59_63
75_75
71
82
36
82
40_59_65
82
56
82
74
59
46
73_73
56_68
38
51
59
28_44
52_56
64
59
61
66
73_73
40
28
82
40
28
82
28
40
82
73_73
71_71
28
40
82
68_68
28
40
69
71_71
69
28
71
40
69
68_68
69
27
36_63_63_69
63
70
63
38
82
34
73
46_71
36_71
82
63
82
70
31
70
70
38
43
82
61
74
46
28
73
40
68
36_68
61
27
39
67
36_44
51
67
55
58
61
70
82
82
73
38
82
63
70
82
61
38_63_69
69
73
61_69
69
63
36_69
63
54
59_63
71
82
36
82
40_63_65
82
61
82
74
63
46
61
38
66
66
28
36_44
64
56
64
59
68
66
28
40
82
28
36
82
28
40_65
82
28
40
82
28
40
69
69
28
38_69_70
69
27
36_63_63_69
70
63
82
34
46_71
36
82
63
40_65
82
31
70
43
82
61
74
46
67
28
40
40_67_68
61
70
27
67
39
36_44
51
55
58
61
65
70
65
67_82
67
82
40_65
82
63
82
61
63_69
69
73
76
38_61_69_76
69
59
36_69
54
59_63
73
75
75
82
36
82
40_59_65
82
56
82
74
59
46_69
69
66
56
38_69
69
59
28
36_44_69
56
64
59
61
66
28
40
42_82
28
40
42
82
28
40
36
82
28
40
40_42
82
28
40
40_42_65
28
40
42
71
27_36_58_63_63_63_67
70
63
38
82
71
36
34
82
63
82
70
38_46_58
31
82
61
74
46_47_59
28
36_68
61
51
67_67_70_75
67_75_79
27_36_44_70
51
63
55
58_63
61
68
82
63
82
63
70
38_51
82
63
63
36
49
63_82
61
63
38_63_69
51
69
61_69
49
69
66
59_71_75
36_63_69
47_71_75
66
66
54
59_63
66
82
66
36
82
66
40_63_64_65
64
82
61
63
82
74
63
47
46_63
61
38
66
68
71_76_80
36_44_52_64_66_80
28_76
71
56
64
59
68
28_28_52_82
66
28
36_52
28
82
66
28
64
40_65
82
63
28
28_52
82
28
28
52
69
69
75
38_69
69
27
36_58_63_63_63_67_69
73
63
82
71
36_70
28
82
63
40_65
82
70
28_43_55
82
61
74
43_46_55
28
40_68_68
61
63
67
51
67_67_70_75
27_67_70_75_79
36_44_70
51
55
58
61
68
63
66_68
82
63
82
63
70
40_51_65
82
63
63
49
82
61
63
63_68_69
51
69
38_61_69
49
69
66
66
59_71_75
36_63_69
47_71_75
66
54
59_63
66
66
82
66
36
82
64
40_59_65
64
82
63
56
82
74
59
47
46_63
56
38
66
59
28_68
71_76_80
36_44_52_80
76
71
64
56
64
59
61
66
66
28_52_82
28_64
66
28
52
82
28
40_65
82
28
64
28
52
82
28
64
28
28
52
69
69
75
28
28
38_69
63
69
27
36_39_58_63_63_63_67_69
73
63
38
82
71
36_61
82
63
34_46
82
43
70
31
38_46_55_55_58_58_61
82
58
61
74
55
58
46_47_59_61
36_68
41_61
28
27
63
51
67_67_70_75
67_75_79
36_44_58_61_70
39
51
55
58_63
58_61
61
63
68
82
63
82
72
63
70
38_51
82
63
73
63
36
49
82
61
63
38_63_69
51
69
38_61_69
49
69
63
66
59
66
59_71_75
36_59_63_63_69
47_71_75
66
54
59_63
66
66
82
66
36
82
64
40_63_65
64
82
63
61
82
74
63
46_63
61
38
66
28
61
64
68
71_76_80
36_44_52_61_64_80
76
71
56
64
59
68
28
28
40
52_64_82
28
40
36_52
82
63
64
40_65
82
63
28
52
40
82
64
28
52
69
40
69
75
63
28
38_69
69
27
36_39_58_63_63_63_67_69
73
63
82
70
71
34
36
82
63
46
40_65
82
49_61
68
43
70
31_58_58_61_61
82
61
74
70
49_61
56
46_56_59
59
68
28
40_68
41_61
67
51
27
67_67_70_75
67_75_79
36_44_55_58_61_63_70
39
51_58_61
55_66
55
58
61
68
82
63
66
82
63
68
70
40_51_65
82
63
63_66
63
49
68_82
61
63
63_69_70
51
69
38_61_69
49
69
63
59
63_66
59
59_71_75
36_63_66_69
47_71_75
66
54
59_63
71
66
82
66
36
82
66
64
40_59_65
64
82
63
56
82
74
59
46_63_69
69
56
38_69
69
63
59
68
71_76_80
36_44_52_69_80
76
71
28
64
56
64
59
61
66
28
63
40
42_52_82
64
28
63
40
42_52
82
28
28
36_66
82
28
40_42_52
40
82
28
52
40_42_64_65
40
75
28
42_63
40
27
36_63
63
73
82
46
36_71
82
63
82
70
38
43
82
61
74
46
73_73
70
40
68
27_36
61
39
67
38_44
51
55
58
61
69_71_71
82
82
38
82
82
69
69
73
76_76
69
69
61
63
36_69
54
59_63
71
75_75
75
82
71
36
82
40_63_65
82
61
82
74
63
46
61
73_73
38
66
66
28_36_44
64
56
64
59
68
71_71
66
40
28
82
73_73
28_36
82
71_71
28
40_65
82
73_73
28
71_71
40
82
28
73_73
40
69
69
28
73
38_69
71_71
69
27
36_63_63_69
70
63
82
34
46_71
36
82
63
73
40_65
82
31
70
43
82
70
61
74
46
71
28
40
40_68
61
27
67
39
36_44
51
55
58
61
70
82
82
40_65
82
63
68
82
61
66
63_66_69
64
69
38_61_69_73
71
69
59
36_69
63
71
82
36
73
82
40_59_65
82
56
71
82
74
59
46
56
68
38
51
59
28_36_44
52_56
59
61
66
40
28
82
40
28_36
82
68
28
40
40
82
66
28
40
82
71
28
40
69
73
69
28
40_73
38_69_71
69
27
36_63_63_69
63
70
63
38
82
34
46_71
36_71
82
63
82
31
70
70
38
43
82
61
74
46
28
40_73
68
36_68
61
27
39
67
36_44
51
67
55
58
61
70
82
82
38
82
63
66
66_75
59_59_66_71_71_75
82
61
38_63_69
69
64
68_73
61_64_68_69_73_80_80
73
69
63
36_69
63
54
59_63
71
63_63_66_71_78
66_71_78
82
63
36_78
71_71
66
82
40_63_65
82
59
61
59_66_66_71_71_75_75
66
82
74
63
46
61
64_70
38_64_68_71_71_76_76
68
66
28
36_44
64
56
64
59
68
68
68_71_76
64
28
40
82
28
36
82
28
40_65
82
28
40
82
28
40
69
69
28
38_69_70
69
27
36_63_63_69
70
63
82
34
46_71
36
82
63
40_65
82
31
70
43
82
61
74
46
70
40
68
40_68_70
61
27
67
39
36_44
51
55
58
61
67
70
82
82
40_65
82
63
82
61
63_69
69
73
38_61_69
69
59
36_69
54
59_63
71
82
36
71
82
40_59_65
82
56
66
82
74
59
46_69
69
56
38_69
68
69
59
28
36_44_69
56
64
59
61
68
28
40
42_82
28
40
42
82
28
40
36
82
28
40
40_42
82
28
40
40_42_65
28
40
42
78
68
27_58_63_63_63_67
70
73
63
82
71
34
82
63
82
70
46_58
31
82
61
74
46_47_59
28
68
61
68
51
67
27_44
51
63
55
58_63
61
73
70
68
82
63
82
63
70
51
82
63
63
49
63_82
61
63
63_69
51
69
61_69
49
73
69
66
59_71_75
36_63_69
47_71_75
66
66
54
59_63
75
66
82
66
36
82
66
40_63_64_65
64
82
61
63
82
74
63
47
46_63
61
38
66
66
68
71_76_80
36_44_52_64_66_80
28_76
71
56
64
59
68
68
28_28_52_82
66
28
36_52
28
82
66
28
64
40_65
82
63
28
28_52
82
28
28
52
69
69
38_69
68
68
69
27
36_58_63_63_63_67_69
70
68
63
82
71
36
28_68
82
63
40_65
82
70
28_43_55
73
82
61
74
43_46_55
28
40_68
61
68
63
67
51
67_67_70_75
27_67_75_79
36_44_70
51
55
58
61
70
71
63
68
82
63
82
63
70
40_51_65
82
63
63
49
82
61
63_73
63_69
51
69
38_61_69
49
73
69
66
66
59_71_75
36_63_69
47_71_75
66
54
59_63
75
66
66
82
66
36
82
64
40_59_65
64
82
63
56
82
74
59
47
46_63
56
38
66
66
59
28_68
71_76_80
36_44_52_80
76
71
64
56
64
59
68
61
66
66
28_52_82
28_64
66
28
52
82
28
40_65
82
28
64
28
52
82
28
64
28
28
52
69
69
75
28
28
38_69
63
68
69
27
36_39_58_63_63_63_67_69
70
73
63
38
82
73
71
36_61
82
63
34_46
82
43
70
31
38_46_55_55_58_58_61
82
58
61
74
55
58
46_47_59_61
36_68
41_61
28
68
27
63
51
67_67_70_75
67_75_79
36_44_58_61_70
39
51
55
58_63
58_61
61
70
63
68
82
63
82
63
70
38_51
82
63
63
36
49
82
61
63
38_63_69_73
51
69
38_61_69
49
73
69
63
66
59
66
59_71_75
36_59_63_63_69
47_71_75
66
54
59_63
75
66
66
82
66
36
82
64
40_63_65
64
82
63
61
82
74
63
46_63
61
38
66
66
28
61
64
68
71_76_80
36_44_52_61_64_80
76
71
56
64
59
68
68
28
28
40
52_64_82
28
40
36_52
82
63
64
40_65
82
63
28
52
40
82
64
28
52
69
40
69
63
28
38_69_75
68
69
27
36_39_58_63_63_63_67_69
70
73
63
82
71
34
36_71
82
63
46
40_65
70_82
49_61
43
70
31_58_58_61_61
82
61
74
49_61
68
56
46_56_59
59
28
40_68
41_61
68
67
67
51
27
67_67_70_75
67_75_79
36_44_55_58_61_63_70
39
51_58_61
55
55
58
61
70
68
82
63
82
63
70
40_51_65
82
63
63
63
49
82
61
63
63_69
51
66
69
38_61_69
49
68
73
69
63
59
63_66
59
59_71_75
36_63_66_69
47_71_75
66
71
54
59_63
75
66
82
66
75
36
82
66
64
40_59_65
64
82
63
56
82
74
59
46_63_69
69
56
38_69
66
75
69
63
59
68
71_76_80
36_44_52_69_80
76
71
28
64
56
64
59
68
61
66
28
78
63
40
42_52_82
64
28
63
40
42_52
82
78
28
28
36_66
82
28
80
40_42_52
40
82
28
52
40_42_64_65
40
28
42_63
40
82
68
27_36_58_63_63_63_67
70
78
63
38
82
75
71
36
34
82
63
82
70
38
31
82
61
74
46
28
36_68
61
68
73
51
67_67_70_75
67_75_79
27_36_44_70
51
55
58_63
61
70
59
75
68
82
59
73
82
71
70
38_51
82
63
59
36
49
82
61
63
38_63_69
51
59
69
61_69
49
73
69
78
66
59_71_75
36_63_69
47_71_75
66
54
59_63
75
66
78_82
36
82
40_63_65_76
64
82
61
82
74
75
63
47
46_63
61
38
66
66
78
68
71_76_80
36_44_52_64_80
28_76
71
56
64
59
68
68
28_28_52_82
28
36_52_80
28
82
78
28
40_65_76
82
28
75
28_52
82
28
28
52
69
69
85
28
38_69
68
69
66
27
36_58_63_63_63_67_69
61
70
82
63
82
71
36
28
82
63
40_65
82
70
80
28
82
61
74
59
78
46_63
80
28
40_61_68
61
58
68
67
51
82
67_67_70_75
27_67_75_79
36_44_70
51
55
58
61
70
80
59
59_68
82
82
82
70
40_51_65
82
59
63
49
80
82
61
59
63
63_69
51_82
69
80
78
38_61_69
49
73
69
66
59_71_75
36_63_69_78
47_71_75
66
54
59_63
75
66
82
78
36
82
40_59_65
64
82
76
56
82
74
59
47_75
46_63
56
38
66
59
28_68
71_76_80
36_44_52_78_80
76
71
64
56
64
59
68
61
66
28_52_82
28_64
28
52
82
80
28
78
40_65
82
28
76
28
52
82
28
78
28
28
52
69
69
80
28
28
38_69
68
69
27
82
36_39_58_63_63_63_67_69
70
75
63
38
82
59
64
71
36
82
63
34_46
78
82
80
43
70
31
38
82
61
74
78
46
36_68
41_61
28
68
27
51
67_67_70_75
67_75_79
36_44_70
39
51
55
58_63
61
70
59
78
75
59
68
82
82
59
70
38_51
82
73
63
36
49
82
61
59
63
38_63_69
51
73
69
38_61_69
49
73
69
66
59_71_75
36_63_69_78
47_71_75
66
71
54
59_63
75
66
82
78
36
82
40_63_65
64
82
76
61
82
71
74
63
75
46_63
68
61
38
71
66
66
28
68
71_76_80
36_44_52_64_78_80
76
71
56
64
59
68
68
28
28
40
52_82
28
40
36_52
82
80
78
40_65
82
76
28
52
40
82
59
28
52
69
40
63
69
28
38_69
68
69
73
27
36_39_58_63_63_63_67_69
61
70
63
82
71
34
36
82
63
46
40_65
82
71
43
70
31
82
61
74
73
46
28
40_68
41_61
68
73
67
51
27
67_67_70_75
67_75_79
36_44_70
39
51
55
58
61
70
59
59
68
82
82
59
70
40_51_65
82
63
49
82
61
59
63
63_69
51
69
56
38_61_69
49
73
69
66
59
59_71_75
36_63_69_78
47_71_75_75
66
54
59_63
75
76
75
73
66
82
78
36
71
82
40_59_65
64
82
78
73
56
82
74
59
46_63_69
78
69
56
38_69
66
69
59
68
71_76_80
36_44_52_69_80_80
76
71
28
64
56
64
59
68
61
78
66
28
40
42_52_82
64
28_75
40
42_52
82
28
28
36
82
73
28
40_42_52
40
82
28
52
40_42_65
40
28
42
40
78
27
36_63
63
78
82
34
46
36_71
82
63
82
31
70
38
43
82
61
74
46
73
28
40
68
36
61
27
39
67
38_44
51
55
58
61
71
82
82
38
82
82
68
69
69
80
76
68_69
69
61
63
36_69
54
59_63
78
75
66
82
36
82
40_63_65
82
61
82
74
63
68
46
78
61
75
38
66
28_36_44
64
56
64
59
68
76
73
64
40
28
82
28_36
82
28
75
40_63_65
82
28
73
40
61
82
28
71
40
59_69
69
28
38_56_69
68
71
69
27
36_63_63_69
70
63
82
34
46_71
36
82
63
40_65
82
31
70
43
82
61
74
67
46
28
40_67
40_68
61
27
67
39
36_44
51
55
58
61
73
82
82
40_65
82
63
82
61
63_69
69
75
38_61_69
69
59
36_69
54
59_63
75
82
36
82
75
40_59_65
82
56
73_82
74
71
59
46
56
38
71
51
59
28_36_44
52_56
64
59
61
71
40
28
82
40
28_36
82
28
40
40
82
28
40
82
28
40
69
71
69
28
40
38_69
68
69
27
36_63_63_63_69_75
63
63_75
63
63_75
38
82
34
46_63_71_75
36_71
82
63
70_82
82
31
70
70
38
43
82
61
74
46
28
71_83
40
68
36_68
61
27
39
67_70_82
36_44
51
67
55
58
61
82
82
38
82
63
63_75
82
61
61_73
38_63_69
63_75
69
61_69
61_73
69
63
36_69
63
63_75
54
59_63
63_75
82
36
82
40_63_65_66_78
82
61
82
74
63
46
63_75
61
38
66
28
63_75
36_44
64
56
64
59
68
63_75
28
40
82
28
36
82
63_75
28
40_65
82
63_75
28
40
82
28
40
69
66_78
69
28
38_69
69
27
36_63_63_63_69_75
63_75
63_63_75
82
34
63_75
46_71
36
82
63
70_82
40_65
82
31
70
43
82
61
74
46
28
71_83
40
40_68
61
27
67
39_70_82
36_44
51
55
58
61
82
82
40_65
82
63
63_75
82
61
61_73
63_69
63_75
69
38_61_69
61_73
69
59
36_69
63_75
54
59_63
61_73
82
63_75
36
82
66_78
40_59_65
82
56
82
74
59
63_75
46_69
69
56
38_69
69
63_75
59
28
36_44_69
56
64
59
61
63_75
28_40
42_82
40
42
82
28
40
36
82
63_75
40
40_42
82
73
28
66_78
40
40_42_65_73
40
42
27_36_58_63_63_63_67
75
75
68_80
63
38_73
73
82
68
66_78
71
36
34
82
63
82
75
68_80
70
38_46_58_75
31
82
61
74
46_47_59_73
73
66
28
36_68_75
61
75
51
67_67_70_75
67_75_79
27_36_44_70_73
64
51
63
73
55
58_63
61
68
82
63
82
63
70
38_51
82
63
63
36
49
63_82
61
63
38_63_69
51
69
61_69
49
69
66
59_71_75
36_63_69
47_71_75
66
66
54
59_63
66
82
66
36
82
66
40_63_64_65
64
82
61
63
82
74
63
47
46_63
61
38
66
68
71_76_80
36_44_52_64_66_80
28_76
71
56
64
59
68
28_28_52_82
66
28
36_52
28
82
66
28
64
40_65
82
63
28
28_52
82
28
28
52
69
69
38_69
69
27
36_58_63_63_63_67_69
66
63
82
71
36
28
82
63
40_65
82
70
28_43_55
82
61
74
43_46_55
28
40_68
61
63
67
51
67_67_70_75
27_67_75_79
36_44_70
51
55
58
61
64
63
68
82
63
82
63
70
40_51_65
82
63
63
49
82
61
63
63_69
51
69
38_61_69
49
69
66
66
59_71_75
36_63_69
47_71_75
66
54
59_63
66
66
82
66
36
82
64
40_59_65
64
82
63
56
82
74
59
47
46_63
56
38
66
59
28_68
71_76_80
36_44_52_80
76
71
64
56
64
59
61
66
66
28_52_82
28_64
66
28
52
82
28
40_65
82
28
64
28
52
82
28
64
28
28
52
69
69
28
28
38_69
63
69
27
36_39_58_63_63_63_67_69
75
63
38
82
71
36_61
82
63
34_46
82
71
43
70
31
38_46_55_55_58_58_61
82
58
61
74
55
58
46_47_59_61
36_68
41_61
28
27
63
51
67_67_70_75
67_75_79
36_44_58_61_70
39
51
55
58_63
58_61
61
64
63
68
82
63
82
63
70
38_51
82
63
63
36
49
82
61
63
38_63_69
51
69
38_61_69
49
69
63
66
59
66
59_71_75
36_59_63_63_69
47_71_75
66
54
59_63
66
66
82
66
36
82
64
40_63_65
64
82
63
61
82
74
63
46_63
61
38
66
28
61
64
68
71_76_80
36_44_52_61_64_80
76
71
56
64
59
68
28
28
40
52_64_82
28
40
36_52
82
63
64
40_65
82
63
28
52
40
82
64
28
52
69
40
69
63
28
38_69
69
27
36_39_58_63_63_63_67_69
76
63
82
71
34
36
82
63
46
40_65
82
49_61
43
70
31_58_58_61_61
82
61
74
49_61
56
46_56_59
59
28
40_68
41_61
67
51
27
67_67_70_75
67_75_79
36_44_55_58_61_63_70
39
51_58_61
55
55
58
61
66
68
82
63
82
63
70
40_51_65
82
63
63
63
49
82
61
63
63_69
51
69
38_61_69
49
69
63
59
66
59_71_75
36_59_63_63_66_69
47_71_75
66
54
59_63
66
82
66
36
82
66
64
40_59_65
64
82
63
56
82
74
59
46_63_69
69
56
38_69
69
63
59
68
71_76_80
36_44_52_69_80
76
71
28
64
56
64
59
61
66
28
63
40
42_52_82
64
28
63
40
42_52
82
28
28
36_66
82
28
40_42_52
40
82
28
52
40_42_64_65
40
28
42_63
40
68
27
27_36_58_63_63_63_67
70
63
38
82
71
36
34
82
63
82
70
38
31
82
61
74
46
28
36_68
61
68
51
67_67_70_75
67_75_79
27_36_44_70
51
55
58_63
61
70
68
82
82
70
38_51
82
63
36
49
82
61
63
38_63_69
51
69
61_69
49
73
69
66
59_71_75
36_63_69
47_71_75
66
54
59_63
75
66
82
36
82
40_63_65
64
82
61
82
74
63
47
46_63
61
38
66
66
68
71_76_80
36_44_52_64_80
28_76
71
56
64
59
68
68
28_28_52_82
28
36_52
28
82
28
40_65
82
28
28_52
82
28
28
52
69
69
28
38_69
68
69
27
36_58_63_63_63_67_69
70
63
82
71
36
28
82
63
40_65
82
70
30
82
61
74
46
28
40_68
61
68
67
51
67_67_70_75
27_67_75_79
36_44_70
51
55
58
61
70
68
82
82
70
40_51_65
82
63
49
82
61
63
63_69
51
69
38_61_69
49
73
69
66
59_71_75
36_63_69
47_71_75
66
54
59_63
75
66
82
36
82
40_59_65
64
82
56
82
74
59
47
46_63
56
38
66
59
28_68
71_76_80
36_44_52_80
76
71
64
56
64
59
68
61
66
28_52_82
28_64
28
52
82
28
40_65
82
28
28
52
82
28
28
28
52
69
69
28
28
38_69
68
69
27
36_39_58_63_63_63_67_69
70
63
38
82
71
28_36
82
63
46
82
30
43
70
38
82
61
74
46
36_68
41_61
28
68
27
51
67_67_70_75
67_75_79
36_44_70
39
51
55
58_63
61
70
68
82
82
70
38_51
82
63
36
49
82
61
63
38_63_69
51
69
38_61_69
49
73
69
66
59_71_75
36_63_69
47_71_75
66
54
59_63
75
66
82
36
82
40_63_65
64
82
61
82
74
63
46_63
61
38
66
66
28
68
71_76_80
36_44_52_64_80
76
71
56
64
59
68
68
28
28
40
52_82
28
40
36_52
82
40_65
82
28
52
40
82
28
52
69
40
69
28
38_69
68
69
27
36_39_58_63_63_63_67_69
70
63
82
28
71
36
82
63
46
40_65
82
30
43
70
82
61
74
46
28
40_68
41_61
68
67
51
27
67_67_70_75
67_75_79
36_44_70
39
51
55
58
61
70
68
82
82
70
40_51_65
82
63
49
82
61
63
63_69
51
69
38_61_69
49
73
69
66
59_71_75
36_63_69
47_71_75
66
54
59_63
75
66
82
36
82
40_59_65
64
82
56
82
74
59
46_63_69
69
56
38_69
66
69
59
68
71_76_80
36_44_52_69_80
76
71
28
64
56
64
59
68
61
66
40
42_52_82
64
28
40
42_52
82
28
36
82
40_42_52
40
82
28
52
40_42_65
40
42
40
68
27
36_39_58_63_63_63_67
70
63
38
82
71
28_36
82
63
46
82
30
43
70
38
82
61
74
46
36_68
41_61
28
68
27
51
67_67_70_75
67_75_79
36_44_70
39
51
55
58_63
61
70
68
82
82
70
38_51
82
63
36
49
82
61
63
38_63_69
51
69
38_61_69
49
73
69
66
59_71_75
36_63_69
47_71_75
66
54
59_63
75
66
82
36
82
40_63_65
64
82
61
82
74
63
46_63
61
38
66
66
28
68
71_76_80
36_44_52_64_80
76
71
56
64
59
68
68
28
28
40
52_82
28
40
36_52
82
40_65
82
28
52
40
82
28
52
69
40
69
28
38_69
68
69
27
36_39_58_63_63_63_67_69
70
63
82
28
71
36
82
63
46
40_65
82
30
43
70
82
61
74
46
28
40_68
41_61
68
67
51
27
67_67_70_75
67_75_79
36_44_70
39
51
55
58
61
70
68
82
82
70
40_51_65
82
63
49
82
61
63
63_69
51
69
38_61_69
49
73
69
66
59_71_75
36_63_69
47_71_75
66
54
59_63
75
66
82
36
82
40_59_65
64
82
56
82
74
59
46_63_69
69
56
38_69
66
69
59
68
71_76_80
36_44_52_69_80
76
71
28
64
56
64
59
68
61
66
28_40
42_52_82
64
40
42_52
28
82
28
36
82
40_42_52
28_40
82
28
52
40_42_65
40
42
40
27
27_36
38
82
27_36
82
34
82
38
31_82
74
46
27
36
29
27
36_44
27
82
82
38
82
36
82
38_69
69
69
69
36_69
82
36
82
40_65
82
82
74
46
38
36_44
27
27_27_82
36
28
82
40_65
82
28
28_82
28
69
28
69
38_69
69
27
27_36_69
82
36
28
82
34
40_65
82
31
28
82
74
46
28
40
29
27
36_44
27
82
82
40_65
82
82
69
69
38_69
69
36_69
82
36
82
40_65
82
82
74
46_69
69
38_69
69
27_36_44_69
27
27_42_82
42
82
28
36
82
28_28_40_42
82
28_28_40_42_65
28
42
28
27
27_36
38
82
27_36
82
34
82
38
31_82
74
46
27
36
29
27
36_44
27
82
82
38
82
36
82
38_69
69
69
69
36_69
82
36
82
40_65
82
82
74
46
38
36_44
27
27_27_82
36
28
82
40_65
82
28
28_82
28
69
28
69
38_69
69
27
27_36_69
82
36
28
82
34
40_65
82
31
28
82
74
46
28
40
29
27
36_44
27
