48
60_63
75
56_68
77
61_65
68
49_56
56_60
63_75
68
48
77
65
68
61
49_56
60
48_56
63
75
68
68
77
65
61
49
56
48_75
60_63
56
68
77
68
65
49_61
56
49
51
70_79
63
67
75
51
48
51
68_80
63
72
75
79
72
67
75
68
80
72
75
46
51
82
70
75
61_79
44
51
60_84
72_75
80
82
70
80
75
84
75
72
80
82
41
46
86
74_82
80
56
39
46
55
87
75
79
82
82_86
74
79
39
46
75_87
79_82
55
48_60
56_75
63
68
61_77
56
49_65
68
60_63_75
56_68
48
68
77
65
56
61
49
56
60
63_75
48
68
68_77
61
49
65
56
48_56_60
63_75
68
68_77
65
61
49
56
49
51
79
70
75
67
63
48
51
68_80
63_72
75
79
72
67
75
68_80
72_75
46
51
82
70
79
61
75
44
51
84
60
75
80
72
82
70
75
80
80
75_84
72
41
46
86
74_82
80
56
39
46
55
87
75
79
82
82_86
79
74
39
46
87
75
79
82
55
63_75
76
64
61
51
70
67
58
75
63
76
64
61
51
58_70
67
75
63
73_76
61
64
52
51_59_75
63
71
73
58
49_61_70
73
61
70
58
49
56
71
68
59
47
47
66_78
35_71
75
71
80
52_76
40_68
35_47
78
66
71
75
80
71
52_68_76
40
35_47
78
66
71
75
80
71
68
52
40
76
78
42_66
71
54
71
56
44_64
76
44
47
63_71
75
59
44
46
74
62
70
58
43
46
58_63_75
70
60
48_56
63
68_75
77
65_68
61
56
49
49_61
53
37_44
56
56
60
48
63
75
68
68
77
65
61
56
49
49
53_61
37
44_56
56_60
48
63
75
68
68_77
65
49
61
56
60
48
56
63_75
68
77
68
65
61
49
56
49
51
79
70
63
75
67
48
51
68_80
63
72
75
79
67
72_75
75_80
68_72
36
44
48
63_75
68
77
65_68
49
37
36
48
75
68
63
46
73
34
68
63
58
67
39
51
73
68
60
72
44
32
61
73
46
34
68
63_75
68
48
36
60_63_75
48
68
56
77
65
68
61
49
56
48
56
60
63
75
68
68_77
65
56_61
49
49
51
79
70
75
67
63
48
51
68_80
72
75
63
79
67
72_75
80
68
75
72
48
63
75
36
68
77
68
65
49
37
36
48
63
75
68
73
63
46
34_68
58
67
73
51
39
32
44
60_68_72
56
75
63
51
39
63
75
39_51
75_87
51_63
75
87
63
51
87
75
63
89
77
65
63
87
75
60
84
68
56
80
51
53
51
63
48
65
44
63
60
56
32
44
60
75
56
51
77
44
75
72
61
68
56
53
44
80
82
61
56
80
77
44_74
75
56
60
51
77
44
75
72
72
68
51
53
51
63
48
65
44
63
60
56
32
75
56_60
51
77
75
44
72
72
54_60
51
69
44
70
72
70
61
55
51
67
67
44
62
60
63
56
51
65
44
63
60
60
51
56
53
51
63
65
48
44
63
60
56
32
44
60
51
75
77
44
75
72
56
61
68
53
44
80
82
61
80
56
53
77
74
44
75
56_60
51
77
44
75
72
72
51
68
53
51
63
48
65
44
63
60
32
56
51_75
60
59
77
75
44
72
72
51_54_60
69
70
44
72
61
70
51
55
67
67
44
62
60
56
63
51
65
44
63
60
61
49
37
61
73_85
49
49_61
73
85
61
73
85
63
87
61
85
56
80
53
77
34
74
62
65
68
47
45
48
50
51
53
55
56
55
53
51
50
48
47
48
46
62_74
68
65
44
43
74
62_68
65
41
39
67
70_75
63
62
50
38
61
49
37
61
49
37
49_61
73_85
49
73_85
61
61_73
85
63
87
61
85
56
80
53
77
34
74
68
62
65
47
45
48
50
51
53
55
56
55
53
51
50
48
47
48
46
74
62
68
65
44
43
74
68
62
65
41
75
67
39_70
63
68
62
41
70
43
61
32
68
60
56
51
80
60
75
56
60
51
80
75
80
75
60
56
51
82
80
44
75
72
56
60
51
68
46
68
70
68
67
51
55
61
61
66
51
54
66
61
54
51
46
66
66
61
54
51
66
46
51
54
61
78
73
61
54
51
78
73
78
73
61
54
51
80
78
46
73
70
54_61
51
66
48
66
68
66
65
53
63
57
65
63
57
53
63
65
53
57
48
65
63_77
53
57_65
46
77
65
82
61_70
58
44
82
56_70
61
58
81
69
43_55_70
82
72
84
73_85
58
61
54
42
81
69
70
82
61
58
84
72
73
41_53_85
61
58
82_94
40
52
61
58
80
92
39_51
91
79
58
70
82
44
56
82
70
61
58
81
69
71
55
43
70_82
84
72
61
58
85
73
54
42
81
69
61
70
82
58
84
72
41_53
85
73
61
58
94
82
52
40
61
58
92
80
39
55
91
79
46
39
89
77
56
47
39
57
48_54_87
75
39
58
55
85
73
49
39
57
60_84
54
72
51
39
82
70
61
55
51
44
68
56
80
75
60
51
60
56
51
80
75
80
75
60
56
51
82
80
44
75
72
56
60
51
68
46
68
70
68
67
61
51_55
67
61
55
51
61
67
55
51
46
79
61
55
51
67
67
47
62
55
79
67
47
79
48
68
63
55
79
48
68
79
49
69
79
64
70
55
79
71
50_65
79
51
74
67
60
72
51
52_72
67
60
84
72
52
84
53
73
68
60
84
73
53
84
54
74
84
69
60_75
84
55
76
70
84
82
56
79
65
72
77
56
57
77
72
63
60
89
65
84
72
63
65
60
89
84
72
60
63
65
84
89
91
57
89
84
81
72
63_65
77
56
82
84
82
70
65
62
77
74
56
70
55
75
77
75
58
63
70
67
55
63
65
45
60_77
53
72
51
48
60
48
53
51
77
72
72_77
60
48
53
51
79
77
45
72
69
51_60
53
54
65
70
51
44
46
72
70
53
58
50
65
62
44
58
43
63
65
51
46_63
58
55
43
51
48
44
32
51
45
33
53
54
63
46
34
55
35
47
58
56
55
36_48
56
39_51
54
56
49
37
53
56
58
38_50
59
68
51
39
60
62
40
52
63
61
53
60
41
61
56
44
59
62
43
58
51
65
70
63
39
61
44
60
63
51
68
72
39
75
48
77
75
72
51
68
65
39
63
47
62
65
68
51
74
39
77
80
43
70
51
77
82
75
39
73
44
72
75
51
80
84
39
87
48
89
87
84
51
80
77
39
75
47
74
77
80
51
86
89
39
92
43
82
51
58
89
94
45
85
86
84
60
54
51
90
96
47
87
86
53
62
56
92
98
48
89
87
93
57
54_63
99
50
91
89
59
65
95
56
101
51
99
56_60_68
101
53
99
96
60
56_92
68
54
87
89
87
60
56_68
84
80
51
75
60
56_68
77
75
53
72
56_68
60
54
63
65
63_68
56
60
63
53
65
56
73
75
73
53
61
52
70
64
56_80
82
52
80
68
51
77
63
87
56
89
87
51
75
50
79
56_59
65_89
91
89
50
77
39
51
85
91
56_67
61
79
58
82
89
77
65
63_87
75
61
73_85
84
60
72
82
70
58
60
84
72
61
73
85
51
63
55
75_87
65
77
53
79
67
55
44
80
68
60
56_75
51
44
77
56_60
51
44
60
56
79
51
44
55
61
80
51
44
55
82
61
51
44
55
61
84
51
44
56_82
60
51
44
80
60
56
51
44
77
60
56
51
44
75
61
55
51
44
74
55
75
51
61
44
79
55
77
51
61
73
44
72
56_60
51
63_75
44
56
60
51
77
65
44
60
56
51
79
67
44
55
61
51
68
44_80
55_61
51
70_82
44
55
61
51
84
72
44
56_60
51
44
70
82
60
56
51
68
80
44
60
56
51
77
65
44
55
61
51
44
75
63
61
74
62
55
51
44
75
63
61
67_79
55
51
77
65
44
55
61
73
51
44
60_72
60_63_75
56
51
44
68
80
56_60
51
44
82
60_70
56
51
44
72
84
60
56
51
44
75
60_87
56
51
44
60
92
80
56
51
44
60
94
82
51_56
44
84
96
60
56
51
56
63_68
60
63_68
56
60
39
32
68_80
72
63
56
46
55
67
66
54
39
45
72
51_60
69
57
48
68
47
56
46
67
55
39
63
51
60
48
58
46
58
70
43
42_69
57
39
75
48
63
72
60
45
71
59
44
58
70
43
39
63
51
60
48
58
46
46
55
67
39
66
54
45
72
51
60
69
57
48
47
56_68
46
67
39
55
63
51
60
48
46
58
58
70
43
42
39
69
57
63
75
48
72
60
45
71
44_59
70
58
43
39
63
51
48
60
58
46
43
70
82
75
31
75
84
44
72
32
77
46
74
34_65
79
74
67
47
35
75
48
72
67
36
63
69
53
41
60
46
70
53
58
62
82
43
70
75
31
84
72_75
32_44
77
46
34
74
65
79
47
74
67
35
48_75
72
36
67
63
50
69
38
66
60
58
50
43
67
62
82
75
31_43
70
84
75
44
32
72
77
46
34
65
74
79
35_67
47
74
75
36
48
72
67
63
41_53
69
60
58
46
70
53
62
82
31
43
75
70
84
75
32
72
44
77
46
34_74
65
79
47
35
67
74
75
48
67_72
36
63
50
38_66
69
60
58
50
43
67
62
46
67
55
66
54
39
45
72
51
60
69
57
48
68
56
47
46
67
39
55
63
51
48
60
58
46
58
70
43
69
42_57
39
75
63
48
72
60
45
71
59
44
39
58
70
43
63
51
60
48
46
58
67
55
46
66
54
39
45
72
51
60
69
48
57
68
47_56
46
67
39
55
63
51
60
48
46_58
70
58
43
42
69
57
39
75
63
48
72
60
45
71
44_59
70
58
43
39
63
51
60
48
58
46
65
53
46_58_62
34
54
62_66
58
34
46
67
58
46_63
39
55
51
75
63
72
48
46
58
70
65_77
58
70
74
46
58_66
70
74
46_78
70_79
51_58
75
67
87
75
63
60
84
72
58
82
70
79
67
55
75
63
51
72
48
60
46
70
58
43
67
55
39
51
63
62
34_58
46_56
50
46
39
56
68
58
62
58
67
63
55
41
69
75
63
72
57
53
71
72
57
53
57
74
53
57
53
75
75
41
91
57
63
53_72
71
57
53
72
57
53
74
53
57
75
46
75
82
58
53
70
62
69
58
70
53
58
72
53
53
58_74
46
74
89
53
41
65
63
51
39
62
50
38
36
48
60
58
34_46
41
53
81
87
84
69
75
65
83
84
69
65
69
86
65
65
87
69
87
53
103
84
75
65
69
83
69
84
65
69
86
65
69
65
87
87
58
94
82
70
65
74
81
82
70
65
84
70
65
65
70
86
86
58
101
65
53
77
75
51
63
74
62
50
72
60
48
70
46
58
87
34
46
91
63_79
70
51_58_82
51
63
57_78
81
69
82
70
63_79
51
58
79
72
63
51_84
58
64
52_58
73_85
82
53
65
58
86
74
82
89
53
41
65
51
39
63
62
50
38
48
36
60
58
34
46
87
34
46
91
51
63
58
79_82
70
51
81
78
69
63
57
79
82
70
63
79
51
58
84
72
51
63
58
64
52
73_85
82
54
53
58
65
86
74
82
89
53
41_65
39_51
63
62
50
38
36
48
60
58
34_46
34
79
46
82
58
55
63
75
72
70
34
74
53
58
62
67
65
31
64
43
70
61
52
69
67
33
66
45
75
51
54
60
74
72
53
41
69
75
63
57
53
72
71
72
57
53
57_74
53
57
53
75
75
41
91
72
53
63
57
71
72
57
53
57
53
74
53
57
75
75
46
82
70
58
62
53
69
70
58
53
72
58
53
53
58
74
74
46
89
53
65
41
63
51
39
62
50
38
36
48
60
34
46_58
41
53
81
87
69
75
65
84
83
84
69
65
86
69
69
65
87
87
53
60
103
84
75
69
65
83
69
84
65
69
86
65
69
87
65
58
87
94
70
65
74
82
81
82
65_70
70_84
65
70
65
86
86
58
65
101
65
53
77
75
63
51
74
62
50
72
60
48
58_70
46
54
42
63
60
57
69_81
57
60
63
75_87
83
71
41
72
84
53
57_60
63
86
74
63
75_87
57_60
88
76
77_89
51
39
60_65
57
79_91
65
60
57
80
92
93
81
38
50
96
84
58
65
94
82
93
65
58
81
91
79
48
36
58
63
53
57
69
81
63_87
75
57
53
71
83
46
34
72_84
63
55
51
74
86
63
87
55_75
51
88
76
45
33
77
89
63
51
53
78_90
63
79_91
51
53
75_87
34
46_85
73
62
53
50
74_86
62
53
50
54
42
53
60_63
57
69
81
57
60
63
75
87
83
71
41
53_72
84
63
60
57
86
74
63
57
60_87
75
88
76
77
77
89
39_51
87
65
60
57
91
79
89
65
57
60
80
92
81_93
50
38
84
96
58
65
94
82
93
58_65
81
91
79
48
36
57
53_63
81
69
87
63_75
53_57
83
71
46
34
84
72
63
55
51
86
74
63
87
75
51
55
88
76
33_45
89
77
53
63
51
90
78
63
51
53
91
79
87
75
34
46
85
73
53
62
86
50
74
53
50_62
57
62
60
50
42
50
57
74
50
62
72
58
50
43
70
50
69
58
50
67
62
67
65
55
47
55
79
62
55
63
77
55
48
75
55
74
63
72
55
69
74
72
62
54
62
69
86
62
84
70
62
55
82
62
81
70
79
62
69
67
64
57
49
57
81
64
57
62
66
60
57
50
57
74
66
57
57
62
60
50
42
50
57
74
50
58
72
62
50
43
70
50
58_69
50
67
67
62
65
55
47
55
62
79
55
63
77
55
48
75
55
63
74
55
72
69
74
72
62
54
62
69
86
62
70
84
62
55
82
62
81
70
62
79
64
69
67
57
49
57
81
64
57
66
62
60
57
50
57
66
74
57
54
63
57
60
41
75
71
53
72
63
57
74
75
76
64
57
77
51
57
60
65
79
65
57
60
80
81
50
84
58
65
82
65
81
58
79
48
63
57
53
69
63
75
53
57
71
46
72
63
51
55
74
75
63
55
51
76
45
77
78
63
79
51_53
78
77
63
51
53
75
46
73
62
53
74
50
62
50_53
54
42
63
57
60
69
81
63
60
75_87
57
83
71
41
72
53_84
63
57_60
86
74
63
57
60_87
75
88
76
77
89
39_51
65
60
57
91
79
57
65
60
80
92
93
81
38_50
96
84
53_65
58
94
82
65_93
53_58
81
92
80
51
39
90
78
51
58
66
77
89
51
58
87
75
66
85
73
36
52
72_84
48
82
70
55
58
81
64
69
79
67
41
77
65
53
67
65
63
57
77
74
46
70
65
58
53
62
70
63
55
72
70
69
70
75
71
63
56_72
74
72
71
57
72
79
77
58
68
70
68
67
62
68
72
70
68
63
67
65
63
70
63
55
72
70
69
70
75
65
71
56
72
74
72
71
57
63
72
79
77
58
68
70
68
67
62
68
72
70
68
63
67
65
63
70
65
62
72
70
69
70
61
79
77
70
60
69
70
69
68
69
59
79
77
68
60
67
68
67
63
66
67
77
61
58
75
66
57
60
65
67
65
64
61
65
65
72
56
62
70
70
63
55
72
70
69
70
75
65
71
72
56
74
72
71
57
63
72
79
62
77
58
60
68
70
68
67
62
68
72
70
68
63
67
65
63
50
58
65
70
82
77
72_84
82
70
81
69
82
70
49
58
65
79
82
91
77
89
82
70
48
53
57
69
77
63
81
82
70
81
69
80
68
81
69
47
53
62
79
91
86
89
77
80
68
48
51
67
63
75
79
68_80
79
67
78
66
79
67
46
51_77
82
89
87
75
61
78
66
45
51
60
65
77
72
79
67
77
76
64
77
65
44
50
58
72
74
77
84
70
82
43
51
58
82
63_70
75
84
72
82
70
81
69
43
51
59
82
70
63
87
75
83
71
44
51
72
79
60
84
63
86
74
84
72
83
71
45
51
60
72
84
65
79
91
84
89
77
46
51
68
75
60
80
65
82
70
80
68
79
67
46
50
80
68
56
65
74
72
77
84
82
70
39
46
51
58
80
70
68_75
79
67
77
65
75
63
70
62
65
72
70
69
70
61
79
77
70
60
69
70
69
68
69
59
79
77
68
60
67
68
67
63
66
67
77
61
58
75
66
57_65
60
67
65
64
61
65
65
72
56
62
70
70
63
55
72
70
69
70
75
65
71
56
72
74
72
71
57
63
72
79
62
77
58
60_68
70
68
67
62
68
72
70
68
63
67
65
63
69
50
75
63
66
69
72
60
71
63
69
66
72
81
63
66_69
79
60
78
69
63
66
69
63_75
66
50
69
75
72
63_66_69
60
71
69_72
66
63
60
81
69
63
66
60
79
63
78
66
69
60
63
66
69
84
96
50
94
67
58
62
91
86
67
58
84
50
82
58_67
62
79
74
52
72
70
53
69
75
63
57
65
72
71
65
63_72
57
81
79
63_65
57
77
57
65
63
63
65
57
41
79
67
63
57_81
69
82
70
63
57
84
72
86
74
42
87
75
63
57
69
57
60_63
38
75
63
69
72
66
60
71
63
66_72
69
60
81
79
63_69
66
60
78
63
66_69
63
60
75
50
69
75
72
63
66
69
60
71
72
69
63
66
60
81
79
69
63
66
60
78
69
66
63
60
60
63
66
69
84
96
50
94
91
67
62
58
86
84
67
58
62
50
82
79
58
62_67
74
72
52
70
53
69
75
72
63_65
57
71
72
63
65
57
81
79
65
63
57
63
65_77
57
63
65
57
41
67_79
57
53
60
81
69
70
82
51_57
60
84
72
86
74
42
87
75
86
74
60
57
50
60
57
50_84
72
82
43
70
58
50
55
81
69
58
79
55_67
50
77
38_65
57
53
50
50
57
78
66
54
38
69
75
72
69
63
66
60
71
72
69
66
63
60
81
79
69
63
66
60
78
69
63
66
60
69
63
66
60_75
50
69
57
75
63_66
60
69
72
71
72
69
63
66
60
81
69
66
63
60
79
69
78
66
63
60
63
66
69
84
96
50
94
91
58
62_67
86
84
67
58
62
50
82
79
67
62
58
74
72
52
70
53
69
75
63
72
71
72
57
63
81
79
46
77
58
53
58
62
53
63
51
65
53
75
46_66
54
67
55
68
56
69_74
57
72
46
70
53
58
62
58
53
46
69
75
72
63
57
53
71
72
63
53
57
81
79
46
77
58
62
53
58_62
53
63
51
65
53
75
46
66
54
67
55
68
50_56
69
57
74
72
43
70
58
50
50
58
46
69
75
72
63
57
53
71
72
63
57
53
81
79
46
77
58_62
53
58
62
53
51
63
65
53
75
46
54_66
67
55
68
56
69
57
74
72
46
70
58
53
62
58
62
53
46
69
75
72
63
57
53
71
72
63
57
53
81
79
46
77
58
62
53
58
62
53
51
63
65
53
75
46
66
54
67
55
68
56
50_57
69
74
72
43
58
70
50
58
50
48
63
65
60
75
66
67
68
55
74
72
50
68
71
59
67
65
63
55
62
48
63
65
75
66
60
67
68
55
74
58
72
50
68
60
70
62
63
65
66
67
51
68
67
79
69
70
57
72
73
81
50
74_79
57
78
62
66
69
74
63_79
80
91
81
79
82
69
84
85
93
62
91
86
69
90
74
78
81
86
38_45
69
75
69
72
63
66
60
71
69
63
66
72
60
81
79
69
63
60_66
78
69
63
66
60
60_75
63
69
50
57
69
75
69
63
60_66
72
71
69
60
66
63
72
81
69
63
60_66
79
78
69
63
66
60
75
63
69
60
66
50_57
69
75
69
63
66
60
69
63_66
60
72
69
63
60_66
71
69
60
63_66
60_63_69
66
72
69
63_66
60
81
69
60
63
66
69
60
63
66
79
66_69
60
63
78
66_69
63
60
60
69
63_66
50
57
81
69
69
63
66
60
87
75
69
66
60
63
69
66
60
63
72_84
60
66_69
63
69
66
60
63
83
71
60
69
63
66
69
63_66
60
84
72
66_69
60
63
69
60
63_66
60
63_69
66
93
81
60
69
63
66
60_91
63_69
66
79
60
69
63
66
60
69
66
63
78
90
60
69
63_66
89
85
77
86
81
54
74
82
78
55
70
51
79
74
67
58
75
71
63
57
53
72
62
70
58
46
41
69
63
57
72
71
48
74
72
41
91
79
67
89
77
65
57
53
46
64
65
62
70
53
74
77
46
86
84
58_63_82
55
79
57
65
60
77
46
74
68
62
77
53
76
79
46
77
96
84
72
94
70_82
58
62
51
69
70
67
75
58
79
82
50
55_83
59
91
79
68
80
92
67_91
79
59
55
48
67
63_72
75
55
79
84
46
87
67
55
79
91
90
78
54
66
58
46
57
45
65
72
63
75
53
77
84
46
87
55_67_79
91
54_90
66_78
58
46
45_57
65
72
63
75
53
77
84
46
89
87
63
82
77
53
75
70
47
75
65
68
63
75
53
77
80
48
89
87
81
63
77
53
75
69
41
69
63
57
72
71
48
74
72
41
91
79
67
77
89
65
57
53
46
64
62
65
70
53
74
77
46
86
84
63
58
55
82
79
57
65
60
77
46
74
68
62
77
53
76
79
46
77
84_96
72
94
70
82
62
58
51
69
70
67
75
58
79
82
50
55
59
83
91
79
68
80
92
67
91
79
59
55
48
67
72
63
75
55
79
84
46
87
55
67
79
91
90
66_78
54
58
46
45
57
65
72
63
75
53
77
84
46
87
55_67
91
79
90
78
66
54
46
58
45_57
65
72
63
75
53
77
84
46
89
87
63
82
77
53
75
70
47
75
65
68
63
75
77
53
80
48
89
87
81
63
77
53
75
69
41
69
63
60
57
72
71
56
74
72
36
80
55
60
79
75
72
48
67
41
70
68
65
56
62
55
72
71
65
43
62
74
48
72
67
36
63
48
75
67
69
60
79
78
57
81
43
79
87
86
67
58
82
79
55
74
48
77
75
72
63
69
62
79
78
50
72
69
52
81
79
73
67
58
61
70
41
69
63
57
72
71
48
74
41
72
91
67_79
89
77
65
57
53
46
64
62
65
70
53
74
77
46
86
84
63
82
58
55
79
65
57_60
77
46
74
68
62
77
53
76
79
46
77
84
96
72
94
70
82
58
62
51
69
70
67
75
58
79
82
91
79
50
83
59
55
68
80
92
67
91
79
59
55
48
67
63
72
75
55
79
84
87
46
79
91
55
67
90
54_78
66
58
46
45
57
65
63
72
75
53
77
84
46
87
67
91
79
55
66
54
90
78
58
46
45
57
65
63
72
75
53
77
84
46
87
89
62
85
77
86
54
81
74
82
55
51
78
70
79
58
74
67
75
57
53
71
63
72
70
58_62
46
34
82
70
78
66
39
79
67
55
82
70
81
53_69
41
75
82
34_46
70
74
89
85
77
86
81
54
74
82
55
78
51
70
79
58
74
67
75
71
57
53_63
72
70
62
58
46
74
68
58
62
57
74
69
77
67
61
76
62
65
74
93
88
81
89
62
56_85
77
86
57
80
74
81
65
76
69
77
64
72
67
73
74
62
57_65
50
58
62
70
68
51
67
79
67
77
65
59
55
75
63
55
48
67
74
62
72
60
55
51
74
53
62
58
54
72
63
57
70
55
58
62
70
58
68
62
51
67
69
67
81
71
59
65
83
55
48
72
55
63_84
74
62
86
75
60
87
74
50
86
58
55
57
54
84
72
53
56
83
71
70
82
58
54
78
66
39
67
79
82
55
70
81
53
41_69
75
82
70
34
46
74
89
85
77
86
54
81
74
82
55
51
70_78
79
58
74
67
75
57
53_63
71
72
58
70
62
46
68
74
58
62
57
74
69
77
67_76
61
62
74
65
93
88
81
89
62
56
85
77
86
57_80
74
81
76
65
69
77
64_72
57
67
73
62
74
65
50
58
70
62
68
51
67
79
67
65
59
77
55
75
48
55
63
62
74
72
60
55
51
53_74
62
58
54_72
63
57
70
55
58
62
70
68
58
62
51
67
69
67
81
71
65
59
55
83
48
72
55
84
63
74
62_86
75
60
87
74
50
86
58
55
78
66
57
60
58
79
67
43
51
39
48
36
47
35
33
45
51
54
51
54
51
54
51
54
51
54
51
54
51
54
51
54
51
54
51
54
51
54
51
54
51
54
51
53
51
53
51
53
51
53
51
53
51
54
51
54
51
54
51
54
51
54
51
54
51
54
51
54
51
54
51
54
51
54
51
54
51
54
51
54
51
54
51
54
51
54
51
54
51
55
52
55
52
55
52
55
52
55
52
55
52
55
51
54
51
54
51
54
51
54
39
51
54
51
54
51
54
51
54
48
36
51
54
51
54
51
54
51
54
47
35
51
54
51
54
51
54
51
54
51
54
51
54
45
33
51
54
51
54
51
54
51
54
63
66
63
66
75
78
75
78
87
90
87
90
99
102
102
99
90
87
90
87
78
75
78
75
66
63
66
63
54
51
54
51
54
51
54
51
54
51
54
51
54
51
54
51
54
51
54
51
54
51
54
51
54
54
51
54
54
54
54
54
51
54
54
51
66
63
54
63
54
63
54
63
66
54
66
63
54
63
66
54
63
32
44
54
66
63
54
66
63
54
66
63
54
63
66
54
63
66
54
48
36
66
63
54
63_66
54
63
66
54
63
66
54
63
66
54
66
63
54
47
35
65
63
53
63
65
53
63
65
53
63
65
53
63
65
53
63
65
53
63
66
54
66
63
54
63
66
54
66
63
54
63
66
54
63
66
54
63
66
54
63
66
54
63
66
54
63
66
54
66
63
54
63
66
54
66
63
54
67
64
55
67
64
55
67
64
55
67
64
55
64
67
55
63
66
54
66
63
54
66
63
54
66
63
54
66
63
54
66
63
54
66
63
54
63_66
54
66
63
54
63
66
54
63
66
54
63
66
54
63
66
54
63
66
54
63
66
54
66
63
45
33
54
63
66
54
63
66
54
63_66
54
51
39
66
63
54
66
63
54
66
63
54
48
36
63
66
54
63
66
54
63
66
54
63
66
54
63
66
54
63
66
54
63
66
54
47
35
66
63
54
63
66
54
66
63
54
63
66
51
54
63
66
63
66
75
78
75
78
87
90
87
90
102
99
102
90
87
90
87
78
75
77
75
66
63
66
63
54
51
54
51
54
51
54
51
54
51
54
51
54
51
54
51
54
51
54
51
54
51
54
51
54
51
54
51
54
51
54
51
54
51
54
51
51
51
54
51
51
54
51
45
33
54
51
54
51
51
54
51
54
51
54
51
51
54
54
54
54
54
54
54
44
32
51
54
51
54
51
54
51
54
51
54
51
54
33_45
54
51
54
51
54
51
54
51
51
54
54
51
54
51
54
51
54
54
51
41
48
60
53_69
75
72
71
70
62
58
74
50
65
70
51
66
70
52
67
72
57_65
53
72
63
41
48
72
60
53_69
75
72
71
70
58
62
74
65
50
70
66
51
70
52
67
72
53
57_65
41
48
60
53
69
75
72
71
70
62
58
74
50
65
70
51_66
70
52
67
72
65
53
57
72
63
41
48
72
60
53
69
75
72
71
70
58_62
74
50
65
70
51
66
70
52
67
72
65
57
53
58_62
65
74
60
66
57
74
58
67
55
74
53
68
59
74
67
51_60
72
65
59
50
74
63
60
48
75
46
64
76
45
75
65_77
72
51
48
47
46
77
74
65
45
43
41
41
39
70_79
67
51
69
77
41
65
53
46
74
65
70
62
58_65
74
66
57
60
74
55
58
67
74
53
59
68
74
67
60
51
72
65
59
50
74
63
60
48
75
46
64
76
45
65
72_77
75
51
48
47
46
74_77
65
45
43
41
39
79
70
67
51
69
77
65
41
53
46
74
70
65
58
46
70
62
58
60
48
70
63
58
61
49
70
64
58
62
50
70
65
58
63
51
70
67
58
64
48
72
67
58
65
53
72
69
53
65
63
41
46
70
62
58
46
70
62
58
60
48
70
63
58
61
49
70
64
58
62
50
70
68
65
58
63
51
70
67
58
64
48
72
67
58
65
53
72
65
69
63
46
62_70
69
63
53
69
75
68
62
53
72
71
67
61
53
70
76
65
60
53
79
69
77
66
60
50
79
69
78
65
59
55
81
74
79
64
58
48
77
67
76
63
57
53
79
72
77
60
46
70
62
58
60
48
70
63
58
60
49
70
64
58
60
50
70
65_68
58
60
51
70
67
58
62
52
72
67
60
65
53
65_72
53
69
63
41
46
70
62
69
63
53
69
75
68
62
53
72
71
67
61
53
70
76
65
60
53
79
69
77
60
66
50
79
69
78
65
59
55
81
74
79
64
58
48
77
67
76
63
57
53
79
72
77
60
46
70
62
58
60
48
70
63
58
60
49
70
64
58
60
50
70
65_68
58
60
51
67
70
58
62
52
67_72
60
65
53
72
69
65
63
41
46
70
62
65
41_48
69
60
53
75
72
71
58
62
70
74
58
50
65
70
51
66
70
52
67
72
65
57
53
72
63
41_48
72
69
60
53
75
72
71
58_62
70
74
50
65
70
51
66
70
52
67
72
57_65
53
41_48
69
53_60
75
72
71
70
62
58
74
65
50
70
51_66
70
52
67
72
65
53_57
72
63
41_72
48
69
60
53
75
72
71
62
58
70
74
58
50
65
70
51
66
70
52
67
72
65
57
53
62
58
65
74
60
66
57
74
67
58
55
74
68
53
59
74
67
60
51
72
65
59
50
74
60
63
48
75
64
46
76
45
65_72
77
75
51
48
47
46
74
65_77
45
43
41
39
70
79
67
51
69_77
41
65
53
46
74
70
65
58
62
65
74
66
60
57
74
67
58
55
74
53
68
59
74
67
60
51
72
65
59
50
74
60_63
48
50
75
64
46
76
65
45_75
72_77
51
48
47
74
46_65
77
45
43
41
39
79
70
67
51
69
41
77
65
53
46
74
70
65
