45_61
52
57
64
52
57
57_69
61
64
54_71
63
69
52_73
64
69
40_62
68
71_71
45_71
62
64
69
61
64
45_61
52
57
64
61
57
54_69
61
66
51_69
60
66
52_68
59
64
47_66
57
63
40_64
56
62
64
62
56
45_61
52
57
64
52
57
57_69
61
64
54_71
63
69
52_73
64
69
40_62
68
71_71
45_71
62
64
69
61
64
45_61
52
57
64
61
57
54_69
61
66
51_69
60
66
52_68
59
64
47_66
57
63
40_64_64
56
63
64
59
56
40_64
56
62
52_66
57
61
68
59
62
69
61
64
40_71
56
62
64
62
73
45_71
62
64
69
61
64
45_69
61
67
57_71
62
66
73
64
67
74
66
69
45_76
61
67
69
67
78
50_76
67
69
74
66
69
50_78
66
69
54_76
64
70
47_74
62
66
49_73
64
66
50_71
62
66
51
66
73_73
40_73
57
64
71
56
64
46_74
53
62
72
53
62
70
53
62
46_69
53
62
47_68
53
62
45_69
54
62
44_70
54
62
40_71
52
62
45_61
52
57
64
61
57
57_69
61
64
54_71
63
69
52_73
64
69
40_62
68
71
45_71
62
64
69
61
64
45_61
52
57
64
61
57
54_69
61
66
51_69
60
66
52_68
59
64
47_66
57
63
64
56
59
64
59
56
40_64
56
62
52_66
57
61
68
59
62
69
61
64
40_71
56
62
64
62
73
45_71
62
64
69
61
64
45_69
61
67
57_71
62
66
73
64
67
74
66
69
45_76
61
67
69
67
78
50_76
67
69
74
66
69
53_69
60
65
67
57
60
65
57
60
53
61
64
50_64
53
58
62
53
58
60
53
57
41
53
57
40_52_57_61
64
69
54_63_69_71
52_64_69_73
40_62_68_71
45
61
64
69
