67
67
48
36
55_60_63
55_60_63
51
39
55_60_63
75
75
55_60_63
71
71
56
44
56_60_63
72
72
56_60_63
55
43
58_60_64
70
70
58_60_64
68
68
53
41
56_60_65
80
80
56_60_65
50
38
77
77
56_60_65
53
41
74
74
56_62_65
72
72
55
43
55_62_65
71
71
55_62_65
53
41
59_62_67
70
70
52
40
58_60_67
79
79
53
41
56_60_67
68
68
56_60_65
51
39
56_60_65
68
68
50
38
56_58_65
77
77
51
39
55_58_65
67
67
55_58_63
43
31
57_63
67
67
58
59_63
44
32
65
65
60_65
72
72
60_65
65
65
60_65
67
67
45
33
60_65
63
63
62
62
70
46
34
62_65
65
65
70
70
62_65
44
32
70
65
62
79
70
65
62
74
43
31
70
63
63
75
70
63
63
41
56
29
68
63
63
75
43
58
31
70
63
63
44
60
32
72
63
63
84
72
63
63
41
29
68
65
80
65
44
65
32
68
65
77
65
75
47
68
35
68
63
65
74
68
62
65
46
62
34
65
62
65
77
44
65
32
65
62
65
82
43
58
31
70
63
61
73
70
63
61
44
61
32
68
63
61
72
60
60
68
63
60
80
41
29
68
62
60
72
68
62
60
43
50
31
68
62
58
63
70
51
67
63
75
58
44
32
65
63
65
60
72
65
63
60
53
46
60
34
65
62
65
58
53
68
68
44
56
32
62
62
62
58
50
82
70
70
43_46_58
58
31
70
63
58
70
63
58
80
62_68
41
56
29
70
68
62
70
70
68
62
82
79
82
61_67
40
55_70
28
67_70
61
73
73
61
67_70
61
85
52
40
67_70
61
72
84
72
60
60_68
53
56_60
41
68
60
80
80
50
68
38
62_68
60
72
84
72
62_68
53
56_60
41
62_68
60
62_68
60
70
82
63_67
70
58
63_67
55
55_58
43
75
63_67
75
58
63
44
32
65
77
65
65
60
53
68
80
68
63_65
53_56
72
84
65
72
60
60
44
32
65
77
65
65
60
53
68
80
68
62_65
46
46_56
34
62
74
62
62
56
50
39
39
27
63
75
58
63
55
63
51
63
60
56
58
55
51
63
75_87
72_75
72_80
51_63
63
75_87
70_75
70_79
51_63
51
63
75_87
72_75
72_80
51_63
63
75_87
70_75
70_79
51_63
51_55
55_58
58_63
70_75
67_79
63_67
51_63
55_58
58_63
63_67
70_70_75
70_82
67_70
51_63
72_72_75
72_84
63_70
51_63
58
58
74_74_77
58
74_86
46_58_70
46_58
34
70
58
82
70
63_66
58_70_75_78
70_82
46_70
51_54
62_65
74_77
70
58
50_53
70
58
82
70
63_66
58_70_75_78
70_82
46_70
51_54
62_65
74_77
70
46_58
50_53
34
70
58
44_46_58
32
43
31
70
63
58
71
59
72
63
60
44
32
65
45
33
62
58
58
46_46_58
34
63
65
58
58
58
58
58
44_46_58
32
62
58
46_58
65
58
46_58
70
58
46_58
70
63
58
43
31
71
59
44
32
72
63
60
45
33
65
57
48
36
62
58
58
46_46_58
34
63
65
58
58
58
58
58
44_46_58
32
62
58
46_58
65
58
46_58
70
58
46_58
70
63_70
58
43
31
71
59
72
63_70
60
42_46_58
30
74
65_70
62
41
29
77
74
65
74_77
53
75
72
72_75
57
74
70
65
70_74
58
74
63
67
63_74
67
53
41
72
72
70
70
74
74
69
69
72
72
65
62
70
62_65
70
53
86_89
77
65
84_87
65_69
82_86
77
65_70
76_86
79
65_79
65_67
84
82
75_86
81
81
69
84
74_77
82
70_82
58_70
46
62_70
70
65
58
62_70
70
65
58
55
43
64_72
70
64
58
82_84
70_72
58_60
64_72
70
64
58
80
68
72
53_65
56
41
65_72
68
65
65_72
68
65
56
44
68
65
65
80
68
65
65
76
61
49
68
65
65
77
68
65
65
59
47
68
65
65
75
68
65
65
73
46_58_58
46
68
65
65
74
74
50
68
65
65
56
44
65
62
58
84
60
65
62
58
81
55
57
43
70
63
58
82
58
70
63
58
53
41
68
62
58
80
56
68
62
58
78
51_51_63
54
39
66
61
58
67
79
73
61
55
67
61
58
53
41
63
61
56
84
72
63
61
56
81
69
54
42
63
61
57
82
58
70
55
43
63
61
58
63
61
58
80
56
68
56
44
63
61
56
78
66
57
45
63
61
54
79
79
55
67
51_58_63
55
46
63
61
55
63
63
63
65
89
62
77
56
51_59_63
65
47
65
62
56
86
74
62
62
56
56
63
87
75
51_60_63
63
48
63
56
56
63
63
54
85
61
73
55
51_58_63
61
46
63
61
55
68
84
60
72
56
51_56_63
60
44
68
72
75
80
80
77
73
73_77
68
61_65
75
75
75
72
72_75
56
60_63
68
72
75
80
80
77
73
73_77
68
61_65
75
75
75
72
72_75
56_63
60_63
77
83_89
75
71_77
71
71_77
56
59_65
44
79
82_91
67
70_79
70
70_79
46_63_67
58_67
34
63_67
63_67
63_67
63_67
63_67
47
35
63_67
63_67
91
79
63_67
63_67
86
74
48
36
63_67
63_67
87
75
63_67
63_67
67_70
49
37
67_70
58_67
87
75
67_70
58_67
50
58
38
85
73
87
75
67_70
58_67
86
74
86
74
67_70
58_67
67_70
50
38
67_70
58_67
94
82
67_70
58_67
90
78
51
39
67_70
58_67
91
79
67_70
58_67
70_73
52
61
40
67_70
58_67
91
79
67_70
58_67
74
53_58_65
62
41
88
76
91
79
70_74
58_70
89
77
89
77
70_74
58_70
70_74
54
58_62
42
70_74
58_70
98
86
70_74
58_70
93
81
55
43
70_74
58_70
94
82
70_74
58_70
74_77
56
62_65
44
74_77
65
94
82
74_77
65
94
82
74_77_93
57_65
62_65_81
45
94
82
93
81
94
82
93
81
94
82
74_77
93
81
94
82
93
81
94
82
93
81
94
82
93
81
94
82
93
81
94
82
93
81
94
82
74_77
93
81
94
82
93
81
94
82
93
81
94
82
93
81
94
82
93
81
94
82
93
81
94
82
74_77
93
81
94
82
93
81
94
82
93
81
94
82
93
81
94
82
93
81
94
82
93
81
94
82
74_77
93
81
94
82
93
81
94
82
93
81
94
82
92
58
80
46
94
82
92
80
94
82
92
80
94
82
62_65
92
80
94
82
92
80
94
82
92
80
94
82
92
80
94
82
92
80
94
82
92
80
94
82
62_65
92
80
94
82
92
80
94
82
92
80
94
82
92
80
94
82
92
80
94
82
92
80
94
82
62_65
92
80
94
82
92
80
94
82
92
80
94
82
92
80
94
82
92
80
94
82
92
80
94
82
62_65
92
80
94
82
92
80
94
82
92
80
92
80
67
67_91
47
79
35
92
80
91
79
92
80
91
79
92
80
55_62_65
91
79
92
80
91
79
92
80
91
79
92
80
91
79
92
80
91
79
92
80
91
79
92
80
55_62_65
91
79
92
80
91
79
92
80
91
79
92
80
91
48
60_63_79
36
92
80
91
79
92
80
91
79
92
80
55_60_63
91
79
92
80
91
79
92
80
91
79
92
80
75
75_91
79
92
80
91
79
92
80
91
79
92
80
55_60_63
91
79
92
80
91
79
92
80
91
79
92
80
71
71_90
45
78
33
92
80
90
78
92
80
90
78
92
80
54_60_63
90
78
92
80
90
78
92
80
90
78
92
80
72
72_90
78
92
80
90
78
92
80
90
78
92
80
54_60_63
90
78
92
80
90
78
92
80
90
78
92
80
90
60_63_78
92
80
90
78
92
80
90
78
92
80
54_60_63
90
78
92
80
90
78
92
80
90
78
92
80
72
72_90
78
92
80
90
78
92
80
90
78
89
77
54_60_63
87
75
89
77
69
69_87
46_67
58_63_75
34
89
77
87
75
89
77
87
75
89
77
55_58_63
87
75
89
77
87
75
89
77
87
75
89
77
70
70_87
75
89
77
87
75
89
77
87
75
89
77
55_58_63
87
75
89
77
87
75
89
77
87
75
89
77
87
75
89
77
87
75
72
60_89
77
87
75
89
77
74
55_58_63
62_87
75
89
77
87
75
75
63_89
77
87
75
89
77
77
65_87
75
89
77
87
75
79
67_89
77
87
75
89
77
80
55_58_63
68_87
75
89
77
87
75
82
70_89
77
87
75
89
77
83
71_87
46_66
57_75
34
89
77
87
75
89
77
87
75
89
77
54_58_63
87
75
89
77
87
75
89
77
87
75
89
77
84
54_60_63
72_87
75
89
77
87
75
89
77
87
75
89
77
54_63
87
75
89
77
87
75
89
77
87
75
89
77
87
75
89
77
87
75
74
62_89
77
87
75
89
77
75
54_60_63
63_87
75
89
77
87
75
77
65_89
77
87
75
89
77
78
66_87
75
89
77
87
75
81
69_89
77
87
75
89
77
82
54_60_63
70_87
75
89
77
87
75
84
72_89
77
87
75
87
75
85
56_58_65
73_86
46_46_65
56_58_74
34
87
75
86
74
87
75
86
74
87
75
86
74
87
75
86
74
87
75
86
74
87
86
75
86
74_86
74
87
75
86
74
87
75
86
74
87
75
86
74
87
75
86
74
87
75
86
74
87
75
86
74
87
75
86
86
74
74_87
75
86
74
87
92
75
80_86
74
87
75
86
89
74
77_87
75
86
74
87
86
75
74_86
74
87
75
86
82
74
70_87
75
86
74
87
80
75
68_86
74
87
75
86
77
74
65_87
75
86
74
87
75
75
63_86
74
87
75
86
74
74
74
62_87
75
86
74
87
80
75
80
86
74
87
75
86
77
74
77
87
75
86
74
87
74
75
74
86
74
87
75
86
70
74
70
87
75
86
74
87
68
75
68
86
74
87
75
86
65
74
65
87
75
86
74
87
63
75
63
86
74
87
75
86
62
74
62
62_87
75
86
74
87
75
68
68_86
74
87
75
86
74
65
65_87
75
86
74
87
75
62
62_86
74
87
75
86
74
70
58_87
75
86
74
84
72
68
56
86
74
65
53
87
75
63
55_63
51
51_51_63
55_58
39
63
67
71
72
75
67
75
69
75
70
74
74
74
65
73
67
73
68
72
72
72
62
70
64
70
65
68
68
72
76
77
80
65
72
70
74
68
68
75
79
67
67
69
71
65
65
72
75
63
63
65
67
61
61
68
63
60
60
68
63
67
67
69
66
72
74
64
72
66
70
67
69
62
70
67
71
65
72
72
64
74
72
76
70
77
68
79
67
56
80
65
60
67
64
68
65
68
80
68
80
68
60
79
67
63
67
61
77
65
65
65
57
75
63
60
63
58
73
61
61
61
53
72
60
56
60
55
70
58
56
58
73
61
58
79
67
82
70
85
73
55
77
77
67
80
68
65
65
79
67
82
70
63
63
74
74
77
65
61
61
75
63
79
67
60
60
70
70
73
61
58
58
72
60
72
60
48
48
56
52
52
70
58
55
55
56
56
68
56
60
60
50
50
67
55
79
52
52
53
53
65
65
77
56
56
58
46
63
63
75
48
48
49
49
61
61
73
53
53
56
56
53_56
29
61
61
60
60
72
65
65
58
79
58
79
55
67
55
55
31
58
62
66
67
65
43
55_59
31
71
87
65
75
75
67
83
63
71
63_71
60
63
51
67
84
72
55
72
71
59
72
60
63
43
55_60
31
75
63
70
82
70
58
64_70
61
73
61
72
80
68
60
65_68
56_60
65
92
68
80
80
72
74
68
43
53_62
31
89
77
77
77
68
65
56_65
86
74
74
74
84
67
72
65_72
55_60
67
55
71
83
71
59
71
59
74
62
79
67
65
43_65
62
31
71
82
79
70
64_70
64
61
70
91
79
79
79
68
56
68
80
68
60
65_68
65
60
65
77
68
43
31
68
68
80
77
68
65_68
65
59_62
68
89
77
77
77
67
55
67
79
67
58
63_67
55_63
58_63
62
75
63
66
45
60
43
66
67
65
77
74
65
62
62_65
46
55_62
65
65
86
74
74
48
43
63
60
63
75
63
63
63
55
67
50
72
84
72
72
55
51
60
43
63
72
60
54_62
60
66
78
66
66
60
54
54_60
67
79
67
67
59
55_59
55
55
67
79
67
55
43
43
42
42
67
79
67
55
41
41
40
40
67
79
60
55
68
80
56
69
81
60
57
41
41
62
74
42
42
59
55
55
43_55
43
60
62
55
55
67
55
55
41_55
41
59
55
55
62
55
55
67
55
55
67
79
60
55
40
40
68
80
56
41
41
69
81
60
57
42
42
62
74
54
45
45
59
55
55
43_55
43
60
62
55
55
67
55
55
41_55
41
59
55
55
62
55
55
67
55
55
67
79
60_67
55
40
40
68
80
56
69
81
60_67
57
39_55_67
39
71
83
62
59
38
38
74
86
71
62
71_74
50
72
84
69
69_72
54
71
83
67
62
67_71
55
71
83
60
64
60_71
64
50
38
69
81
69
67
79
67
71
83
71
66
66
69
81
69
62
62
59
67
57_62
67
38
86
83_86
83
74
62
84
81_84
81
81_84
66
83
79_83
79
79_83
62_67
83
73_83
73
73_83
62_76
64
62
81
81
81
79
73_79
73_79
83
74_83
74_83
78
72
66
81
81
81
74
71_74
71
71_74
67_79
67
55
43
59_67
67
62
55_67
59_67
67
62
55_67
52
40
61_69
67
61
55_67
79_81
67_69
55_57
61_69
67
61
55_67
77
65
69
50_65
38
62_69
65
62
62_69
65
62
53
41
65
62
62
77
65
62
62
73
58
46
65
62
62
74
65
62
62
56
44
65
62
62
72
65
62
62
70
55_55
43
65
62
62
71
71
65
62
62
53
41
62
59
55
81
62
59
55
78
52
40
67
60
55
79
67
60
55
50
38
65
59
80
55
81
65
59
55
77
60_77
70
48_60
58
36
65
58
55
64
76
64
58
55
50
38
64
58
60
65
81
69
65
58
60
78
51
66
39
69
58
60
67
79
52
67
40
67
58
60
67
58
60
69
77
53
65
41
69
58
60
75
54
63
42
72
58
60
70
76
64
76
55
64
43
70
58
60
70
64
64
71
86
62
74
65
56
62
44
71
62
65
83
71
59
74
62
65
84
60
72
57
60
45
72
60
65
73
85
64
73
64
61
74
86
60
74
55
62
43
60
64
70
82
70
58
69
81
65
69
65
53
57
41
65
69
72
77
89
73
70
70_73
65
58_61
72
84
72
69
69_72
53
57_60
65
69
72
77
89
73
70
70_73
65
58_61
72
84
72
69
69_72
53
57_60
74
80_86
72
68_74
68
68_74
48_53_60
56_62
41
76
79_88
64
67_76
67
67_76
43_48_60
55_64
31
60_64
60_64
60_64
60_64
60_64
44
32
60_64
60_64
88
76
60_64
60_64
83
71
45
33
60_64
60_64
84
72
60_64
60_64
64_67
46
34
64_67
64_67
84
72
64_67
64_67
47
55
35
82
70
84
72
64_67
64_67
83
71
83
71
64_67
64_67
64_67
47
35
64_67
64_67
91
79
64_67
64_67
87
75
48
36
64_67
64_67
88
76
64_67
64_67
67_70
49
58
37
64_67
64_67
88
76
64_67
64_67
71
50_62_67
59
38
85
73
88
76
67_71
55_67
86
74
86
74
67_71
55_67
67_71
51
55_59
39
67_71
55_67
95
83
67_71
55_67
90
78
52
40
67_71
55_67
91
79
67_71
55_67
71_74
53
59_62
41
71_74
55_67
91
79
71_74
55_67
91
79
71_74_90
54_62
59_62_78
42
91
79
90
78
91
79
90
78
91
79
71_74
90
78
91
79
90
78
91
79
90
78
91
79
90
78
91
79
90
78
91
79
90
78
91
79
71_74
90
78
91
79
90
78
91
79
90
78
91
79
90
78
91
79
90
78
91
79
90
78
91
79
71_74
90
78
91
79
90
78
91
79
90
78
91
79
90
78
91
79
90
78
91
79
90
78
91
79
71_74
90
78
91
79
90
78
91
79
90
78
91
79
89
55
77
43
91
79
89
77
91
79
89
77
91
79
59_62
89
77
91
79
89
77
91
79
89
77
91
79
89
77
91
79
89
77
91
79
89
77
91
79
59_62
89
77
91
79
89
77
91
79
89
77
91
79
89
77
91
79
89
77
91
79
89
77
91
79
59_62
89
77
91
79
89
77
91
79
89
77
91
79
89
77
91
79
89
77
91
79
89
77
91
79
59_62
89
77
91
79
89
77
91
79
89
77
89
76
77
64
64_88
44
76
32
89
77
88
76
89
77
88
76
89
77
52_59_62
88
76
89
77
88
76
89
77
88
76
89
77
88
76
89
77
88
76
89
77
88
76
89
77
52_59_62
88
76
89
77
88
76
89
77
88
76
89
77
88
45
57_60_76
33
89
77
88
76
89
77
88
76
89
77
52_57_60
88
76
89
77
88
76
89
77
88
76
89
84
77
72
72_88
76
89
77
88
76
89
77
88
76
89
77
52_57_60
88
76
89
77
88
76
89
77
88
76
89
80
77
68
68_87
42
75
30
89
77
87
75
89
77
87
75
89
77
51_57_60
87
75
89
77
87
75
89
77
87
75
89
81
77
69
69_87
75
89
77
87
75
89
77
87
75
89
77
51_57_60
87
75
89
77
87
75
89
77
87
75
89
77
87
57_60_75
89
77
87
75
89
77
87
75
89
77
51_57_60
87
75
89
77
87
75
89
77
87
75
89
81
77
69
69_87
75
89
77
87
75
89
77
87
75
86
74
51_57_60
84
72
86
78
74
66
66_84
43_64
55_60_72
31
86
74
84
72
86
74
84
72
86
74
52_55_60
84
72
86
74
84
72
86
74
84
72
86
79
74
67
67_84
72
86
74
84
72
86
74
84
72
86
74
52_55_60
84
72
86
74
84
72
86
74
84
72
86
74
84
72
86
74
84
72
69
57_86
74
84
72
86
74
71
52_55_60
59_84
72
86
74
84
72
72
60_86
74
84
72
86
74
74
74
62_84
72
86
74
84
76
72
76
64_86
74
84
72
86
77
74
77
52_55_60
65_84
72
86
74
84
79
72
79
67_86
74
84
72
86
80
74
80
68_84
55_63
54_72
43
86
74
84
72
86
74
84
72
86
74
51_55_60
84
72
86
74
84
72
86
74
84
72
86
81
74
81
51_57_60
69_84
72
86
74
84
72
86
74
84
72
86
74
51_60
84
72
86
74
84
72
86
74
84
72
86
74
84
72
86
74
84
72
71
59_86
74
84
72
86
74
72
51_57_60
60_84
72
86
74
84
72
74
62_86
74
84
72
86
75
74
75
63_84
72
86
74
84
78
72
78
66_86
74
84
72
86
79
74
79
51_57_60
67_84
72
86
74
84
81
72
81
69_86
74
84
72
84
82
72
82
52_55_62
70_83
55_55_62
53_55_71
43
84
72
83
71
84
72
83
71
84
72
83
71
84
72
83
71
84
72
83
71
84
83
72
83
71_83
71
84
72
83
71
84
72
83
71
84
72
83
71
84
72
83
71
84
72
83
71
84
72
83
71
84
72
83
83
71
84
72
83
71
84
89
72
83
71
84
72
83
86
71
84
72
83
71
84
83
72
83
71
84
72
83
79
71
84
72
83
71
84
77
72
83
71
84
72
83
74
71
84
72
83
71
84
72
72
83
71
84
72
83
71
71
71_84
72
83
71
84
72
77_83
71
84
72
83
71
74_84
72
83
71
84
72
71_83
71
84
72
83
71
67_84
72
83
71
84
72
65_83
71
84
72
83
71
62_84
72
83
71
84
72
60_83
71
84
72
83
71
71
59_84
59_72
83
71
84
72
77
83
65_71
84
72
83
71
74
84
62_72
83
71
84
72
71
83
59_71
84
72
83
71
67
84
55_72
83
71
81
69
65
53
83
71
62
50
84
72
60
48_48_60
48_52
36
60
64
72
60
64
64_70
60
58
48
70
64
80
70
64
76
48_60
68
65
77
65_68
49
56
37
68
65
63_69
48
57
36
69
63
78
69
63
76
68
65
77
65_68
49
56
37
68
65
70
58
65
58
71
59
65_71
43
59
31
65
59
72
64_72
48
60
36
72
64
60
72
64
60
48_60
60
64
60
56
44
60
64
60
52
40
68
61
61
80
73
53
61
41
68
61
61
81
72_75
60_63
69
63
60
54
42
69
63
60
52
40
68
61
61
80
68_77
53
61_65
41
68
61
61
70
82
70
70
65
58
71
83
59
71
49
53_65
37
71
65
59
72
84
60
72
48
60_64
36
64
60
64
60
56
44
65
61
71
65
62
72
72
48
60_64
36
64
60
64
60
56
44
65
61
71
65
62
65
62
72
64
60
55
48_60
43
64
60
64
60
52
40
64
60
50
38
47
35
48
36
50
38
48
36
55_64
60
60
60_64
48
48_60
36
55_64
60
60
60_64
48
48_60
36
