42
42
42
42
36
36
29_41_41_53_53_57_57_60_60_65_72_77_81
36_38
42_51
36
38_42_51
57
53
41
60
41
57
53_60
65
77
72
81
29
42
42
29_41_41_53_53_57_57_60_60_65_72_77_81
36
38_42_51
36_38_42
51
53
57
53_60
41
57
60
41
42
42
81
77
72
65
29
36
46
36_46
36_48_48_52_55_55_60_60_64_64_67_72_76_79
36
42
36_42
60
52
55
48
42
42
52_55_60
38_42
38_42
55
60
52
55
60
48_55
42
42
76
64
72_79
67
48
36
31_52_62_67_76
36
42
36
42
62
55
67
52
48
48
42
42
48
52_55_60_60
38_42
38_42
60
52
55
76
52_55_60_60_72
36_42
36_42
60
31
55
52
36_48_48_55_60_60_64_67
36
42
36
42
64
48
48
42
42
64
60
48
55_67
48
52_55_60
38
42
38_42
52
55
60
36
60
72
36
42
42
29_41_53_53_57_57_60_60_65_69_72_72_77_77_81_81
36_46
36
36_46
57
60
53
41
81
60_72_77
53_81
69
77
72
57_65
29
36_42
36_42
29_41_53_53_57_57_60_60_65_69_72_72_77_77_81_81
36
46
36
46
60
57
72
53_65_69
53
57_60
41
81
77
77
81
72
29
36
42
36
42
36_48_48_52_55_55_60_64_67_72_72_76_76_79_79
36
42
36_42
60
42
52
55
42
48
52_55_60
38_42
72
38_42_67
64
55
52
48
60
55
72
76
48_55
42
42
48
36
31_52_55_55_60_60
36_42
36
42
60
52
55
60
52_55_55_60
42
42
60
52
55
55
48_62_67
38
42
38_42
79
48_76
62
67
79
52_55_60
36
42
36_42
60
52
55
31
36_48_48_52_55_60_60_64_67_72_76
36_42
36
42
48
52
55
60
42
42
64
60
67
36
31_52_55_60
38
42
38_42
55
60
52
52_55_60
42
42
60
52_55
31_33_52_55_60
36_42
36_42
60
52_55
48
42
42
48
72
76
33
48
35_52_55_60
38
42
38_42
52
55
60
74
36
42
35_36
42
74
36_48_48_55_55_60_60_64_64_76
36
42
36_42
55
64
60
42
42
48
55_60_64
37
42
37
42
48_55_60
64
55
64
60
48_55
42
42
48
36
31_55_60
36
42
36_42
76
60
48_72
42
42
48
55_55_60_64
37
42
37_42
60
55
64
55
72
74
55_60_60_64
42
42
74
60
55
64
60
31
36_48_48_55_60_76
36
42
36_42
55
60
48
48
48
42
42
48
55_60_60_64_64_67
37
42
37_42
64
60
55
64
67
60
55_60_64
42
42
60
64
55
36
31_48_62_65_67
36_42
36
42
48
62
65
67
55
42
42
55
55_60_60_64_64_67
37
42
37_42
76
55
60
64
64
60
67
48_62_74
42
42
31_48
62
74
36_55_60_64_64_67_76
36_42
36_42
60
55
64
48
42
42
48
55_60_64
37
42
37
42
67
64
60
64
55
42
42
36
76
29_41_41_53_53_57_57_60_60_77
36
42
36_42
41
53
57
60
42
42
41_60
53
57
29
41_53_57_60
37_42
37_42
53
57
60
77
74
42
42
41
36_48_48_52_52_55_55_60_60_76
36
42
36_42
74
76
74
60
52
55
72
42
74
42
48
52_55_60
37_42
37
42
48
60
52
60
36
52_55
48_48_76
42
42
55
48
72
48
76
41_52_52_55_60_77
36
42
36_42
52_55
60
42
42
77
42_52_55_55_60_76
37_42
37_42
52
41
52
55
60
55
42
42
42
76
43_43_43_50_50_55_59_62_74
36
42
36_42
42
42_59
62
55
50
43
55_55_59_59_62_62
37
42
37_42
43
59
50
55
55_62
59_62
43_50_67
42
42
43
50
43
38_55_55_59_62_71
36
42
67
36_42
59
62
55
55
43_55_59_62
42
42
59
55_62
43
55_55_59_59_62_62
37_42
74
37_42
59
55
62
59_62
55
43_50_50
42
42
43
50
50
38
31_43_43_50_55_59_62
36_42
36_42
50
42
42
59
55
62
43
50
43
50
71
55_55_59_59_62_62
37
42
37
42
59
62
55
59
55_62
43_50_77
42
42
43
50
77
31
29_41_53_53_57_57_60_60_77
36
42
36_42
42
42
57
53_60
60
53
57
41
29
41_53_57_60
37_42
37
42
53_57
60
77
79
42
42
79
41
36_48_48_52_55_60_76
36_42
36_42
52
42
42
48
52
55_60
37_42
37_42
48
76
55
60
52
55_60
48_74
42
42
48
31_48_52_55_60_74_76
36
42
36_36
42
48
74
76
60
52
55
74
48_60_72
42
42
48_60
52_55_60_62_67
37
42
37_42
55
52
62_67
60
42
42
31
31_43_43_50_50_55_55_59_59_62_62
36_42
36
42_72
55
62
59
42
42
62
43
55
59
50
43_55_55_57_59_59_62_62
37
42
37_42
31
59
62
55
57
62
43
50
43_50_72
42
42
43
55
50
59
72
31_43_55_55_57_59_60_62_79
36_42
43
36_42
59
62
55
43_50
42
42
55
43
79
50
60
31
38_55_55_59_59_59_62_62_62_77
37_42
57
37_42
59
55
62
59
55
43
62
62
59
38
77
42
42
36_48_48_55_55_60_60_64_64_76
36_42
36_42
55
64
60
42
42
48
55_60_64
37
42
37
42
48_55_60
64
55
64
60
48_55
42
42
48
36
31_55_60
36_42
36_42
76
60
48_72
42
42
48
55_55_60_64
37_42
37_42
60
55
64
55
72
74
55_60_60_64
42
42
74
60
55
64
60
31
36_48_48_55_60_76
36
42
36_42
55
60
48
48
48
42
42
48
55_60_60_64_64_67
37
42
37_42
64
60
55
64
67
60
55_60_64
42
42
60
64
55
36
31_48_62_65_67
36_42
36
42
48
62
65
67
55
42
42
55
55_60_60_64_64_67
37
42
37_42
76
55
60
64
64
60
67
48_62_74
42
42
31_48
62
74
36_55_60_64_64_67_76
36_42
36_42
60
55
64
48
42
42
48
55_60_64
37_42
37_42
67
64
60
64
55
76
72
42
42
36
72
29_41_41_53_53_57_57_60_60_81
36
42
36
42
41
53
57
60
42
42
41_60
53
57
81
29
41_53_57_60_79
37_42
37_42
53
57
60
42
42
79
41
36_48_48_52_52_55_55_60_60_76
36_42
36
42
76
74
60
52
55
72
42
74
42
48
52_55_60
37
42
37_42
48
60
52
60
36
52_55
48_48_76
42
42
55
48
72
48
76
41_52_52_55_60_77
36_42
36_42
52_55
60
42
42
77
42_52_55_55_60_76
37
42
37_42
52
41
52
55
60
55
42
42
42
76
43_43_43_50_50_55_59_62_74
36_42
36_42
42
42_59
62
55
50
43
55_55_59_59_62_62
37_42
37
42
43
59
50
55
55_62
59_62
43_50_67
42
42
43
50
43
38_55_55_59_62_71
36
42
67
36_42
59
62
55
55
43_55_59_62
42
42
59
55_62
43
55_55_59_59_62_62
37
42
74
37_42
59
55
62
59_62
55
43_50_50
42
42
43
50
50
38
31_43_43_50_55_59_62
36
42
36_42
50
42
42
59
55
62
43
50
43
50
71
55_55_59_59_62_62
37_42
37_42
59
62
55
59
55_62
43_50_77
42
42
43
50
77
31
29_41_53_53_57_57_60_60_77
36_42
36
42
42
42
57
53_60
60
53
57
41
29
41_53_57_60
37_42
37_42
53_57
60
77
79
42
42
79
41
36_36_48_55_55_60_60_64_64_76
36
51
36
51
42
42
76
74
74
76
60
64
55
36
60
64
55
48_74
76
72
74
42
42
72
36
76
31_43_43_50_53_53_59_59_62_62_74
36
51
36_51_76
42
42
74
53
31
59_79
42
42_50_53
59
62
43
43
62
79
36_36_48_52_60_64_67_76
36
42
36
42
52
52
42
42
48
36
52
55_60
37
42
37_42
55
60
60
52_55_55
42
42
55
52
64
55
36
67
31_48_60
36
42
36_42
48
60
52_55
42
42
52
55
52_55_60_62_67
37
42
37_42
60
52
55
67
62
52_55_60
42
76
42
60
31
52_55
36_48_48_55_60_64_67_76
36_42
36_42
48
76
52_74
42
42
60
52
48
55
52_55_60_60_72
37_42
74
37
42
52_60
55
60
67
55
42
42
64
36
31_48_60
36_42
55
36
42
48
60
48_67
42
42
48
31
35_48_53_57_60_62_65_67_72_79
37
42
67
37
42
53
57_60
72
76_84
79
48
62
65
67
84
72
86
42
42
36_48_48_60_64_67_76_76_77
36
35_42
36
42
76
48
52_76
42
42
52
52_55_55_60
37
42
37_42
60
52
60
55
55
48
64
52_55_60_60
42
67
42
76
52
55
60
60
36
31_48_62_67_76
36_42
36_42
48
62_67
76
52_74
42
42
52
74
52_55_55_60_72
37_42
37_42
52
60
55
55
52_55_60_60
42
42
55
60
52
31
60_72
36_48_48_55_60_64_67_79
36
42
36_42
48
67
60
64
48
55
52
42
42
79
52
55_60_60_64_79
37
42
37_42
55
60
64
60
77
86
42
42
36
79
35_48_59_59_62_77_86_91_95
36_42
36_42
48
62
59
59
42
91
42
95
77
35
86
33_57_60_76_84_93
37_42
37_42
57
60
42
42
33
76
31_43_43_50_50_55_55_59_62_74_83_84_91
36_42
93
36
42
42
42_55
50
43
50
55_59
37
42
37_42
55
59
55
50_55_59
42
42
43
59
55
62
31
50
26_50_55_86_95
36
42
83
36_42
91
59
50
55
55_55_59_62
42
42
55
55
62
59
55_59_62
37_42
37_42
55
59
62
57_60_62
60
57
50
42
62
42
50
95
86
26
31_43_43_55_59_62_91_98
36_42
36_42
74
43
50
42
42
50
55_59_62
37_42
37
42
59
62
55
55
62
50_55_59
42
59
42
43
55_59
50
31
38_50_57_62
36_42
36
42
50
57
62
55
42
42
55
43_55_55_59_62
37
42
37
42
55
59
62
98
38
43
55
91
42
42
31_43_43_50_50_55_59_62_74
36
42
36_42
50
43
55
42
42
55
50
55_59
37_42
37_42
59
55
55
50_55_59
42
43
42
59
55
62
59
31
50
38_50_55
36_42
36
42
50
55
55
42
42
55
55_55_59
37_42
37
42
55_59
55
38
74
38_55_57_59_60_62_72
42
42
59
55
62
60
57
31_38_43_55_59_62_74
36
42
72
36
42
72
74
43
72
43_50_71
42
42
50
55_59_62
37
42
37_42
59
62
55
55
50_55_59_62
42
42
59_62
55
62
43
59
31
38_43_55_86_91
36_42
36_42
50
43
55
50
42
42
50
43_55_57_59_62
37_42
37_42
71
59
55
91
86
57
43
50
42_62
42
50
38
31_43_43_55_59_62_74_79_83
36_42
36
42
74
43
62
55
59
50_74
42
42
50
50_55_59_62
37_42
37
42
59
43
62
55
50
55_59_59_62
42
42
59
74
55
62
31
59
38_43_62_67_74
36
42
36_42
62
67
43
50
42
42
74
50
50_55_59_62_76
37
42
37_42
59
55
62
50
76
43_55_59_62_77
42
42
59
79
55_83
62
38
43
31_43_50_67_71
36_42
36_42
71
67
50
55
42
42_77
55
31
31_50_55_59_79
37
42
37_42
55
59
50
43
50
42
42
79
31
50
33_55_57_76
36
42
36_42
57
42
42
55
33
76
35_55_57_74
37
42
37_42
55
57
42
42
35
74
36_48_52_55_60_72
36_42
36_42
74
72
74
76
42
42
60
52
55
52_55_55_60_60_64
37
42
37
42
60
55
52
60
55_64
52_55_60
42
42
52
55
60
36
31_48_91
36
42
36_42
48
48
52_60
42
42
60
52
55_60_62_65_67
37
42
37_42
60
55
62
65
67
55_60_60_64_67_91
42
42
55_60
31
36_48_88
36_42
36_42
76
48
52
42
42
88
52
36
31_48_55_60_86_89
37
42
37_42
60
48_55
42
42
86
48_89
31
33_52_55_84_88
36
42
36_42
52
60
64
48
42
88
42
84
67
48
33
35_55_60_62_67_86
37
42
37_42
60
55
55_62
48
67
86
35
42
42
36_48_48_72_76_76
36_42
36_42
48
52_60
42
48
42
52
60
55_60_64_67
37_42
37_42
55
60
64
67
55_60
42
42
60
55
36
31_48_60
36
42
36_42
48
60
48_52
42
42
48
52
55_60_62_67
37
42
37_42
55
60
67
62
42
72
76
42
76
31
36_48_48_60_64_67_76_79
36
42
36_42
48
76
55_74
42
60
42
55
60_60_64_72
37_42
74
37_42
48
60
64
60
64
48_60_64_67
42
42
48
60_64
36
31_48_60
36
42
36_42
48
60
48_55
42
42
55
48
60_62_64_65_67
37
42
37
42
60
64
65
62
67
79
48
42
72
42
48
31
36_48_55_60_64_67_76_79
36
42
36_42
55
76
67
48_76
42
60
64
42
48
55_60_60_64_64_67
37
42
37_42
48
60
55_64
60
67
64
55
42
42
76
36
55
36_48_60_76
36_42
36_42
48
60
79
48_55
42
42
76
55
48
60_62_64_67_77
37
42
37
42
60
64
62
67
48
42
42
77
36_48
36_48_55_58_64_67_79_82
36
42
36_42
55
48
42
42_58
48
36_64
48
67
36_58_58_64
37_42
37_42
64
58
79
55_79
42
58
42
36
55
79
38_48_64_81
36_42
36
42
48
55
42
42
64
81
55
38
40_60_62_64_79
37_42
37
42
64
60
82
62
42
42
79
40
41_41_41_53_57_60_79
36
42
36_42
79
48_77
42
42
41
48
53_57_60_77
37
42
37_42
53_57
60
53
60
48_53_57_60
42
42_57
57
60
48
53
77
41
36_53_81
36_42
36
42
53
48
42
42
41
48
81
53_55_57_60_60_84
37
42
37
42
53
57
60
60
55
77
84
53
42
42
53
29_41_41_53_57_60_89
36_36
42
36_42
41
48
42
42
89
48
48_53_57_60_81_93
37_42
37_42
53
48_53
57
60
93
60
57
53
42
42
53
81
29
41_41_57_60_79
36_42
36
42
57
60
41
41
53
42
42
53
57_60_65
37_42
37
42
57
41
60
65
79
42
42
31_43_43_50_50_55_59_59_62_74
36
42
36
42
50
43
55
42
42
55
55
55_55_59_62
37_50
42
37_42
43
55
59
62
62
55
59
55_59_62
42
42
59
55
62
31
38_43_55
36
42
36_42
43
55
50_50
42
42
50
50
55_57_59_60_62_62
37
42
37_42
59
55
62
60
62
57
50
42
42
74
50
43_43_43_55_59_62_62_74
36_42
38
36
42
59
43
50
42
42
50
74
50_55_59_62_71
37
42
37
42
55
59
55
62
62
59
55_55_59_62
42
42
59
55
62
55
43
38_43_57_62_91
36
42
36_42
43
57
62
50
91
50_86
42
43
42
50
50_55_59_62
37
42
62
37_42
55
59
62
84
86
50
38
38_55
42
42
55
71
31_43_50_59_59_62_62_67_67_83
36_42
36_38
42
84
50
50
59_67
62
42
42
50
55_59_62
37_42
37
42
43
59
62
55
55_59_62
42
42
59
55
62
31
38_43_53_59_62_74
36
42
36_42
43
59_62
53_59
62
74
67
50_76
42
42
50
55_59_62
37_42
37_42
59
55
62
76
50_55_59_62_77
42
42
59
62
55
38
50
31_43_50_67_71
36
42
36_42
50
77
50_55_71
42
43
42
55
50
55_59_59_62
37_42
37
42
59
62
55
59
55_59_62
42
42
31
67
59
62
55_71
71
33_50_57_60_69_76
36_42
36_42
83
50
55
42
42
57
55
60
76
35_55_59_59_62_67_69_74
37
42
33_37_42
55
62
59
67
59
74
55_59_62
42
42
62
59
55
35
36_48_48_55_60_60_64_64_67_72_76_76
36
42
36_42
74
76
74
52_72
42
48
42
55
52
52_55_60
37
42
37_42
52
55
60
60
52_55_55_60
42
42
55
52_60
31_36_60
36_42
36_42
64
55
67
60
48_55
42
42
48
48
55
52_55_60_62_65_67
37
42
37
42
60
55
52_62
65_67
31
72
76
31_52
42
42
52
31
36_48_48_55_60_64_67_67_72
36
42
36_42
48
55
60
52
42
64
48
64
42
60
67
52
72
67
55_60_62_67
37_42
37_42
72
55
60
62
67
36
46
46
29_41_41_53_53_57_57_60_60_65_69_72_77_81
36_38
42_51
36
38_42_51
41
60
41
53_53_57
77_81
60
57
72
69
65
29
42
42
29_41_41_53_53_57_57_60_60_65_69_72_77_81
38
42_51
38_42
51
53
57
60
53
65
77_81
57_69
41
72
60
41
29
42
42
36_48_48_52_55_55_60_60_64_64_67_72_76_79
36
42
36_42
60
52
55
48
42
42
52_55_60
38
42
38_42
55
60
52
55
60
48_55
42
42
76
64
72_79
67
48
36
31_52_62_67_76
36_42
36_42
62
55
67
52
48
48
42
42
48
52_55_60_60
38_42
38
42
60
52
55
76
52_55_60_60_72
36_42
36_42
60
31
55
52
36_48_48_55_60_60_64_67
36_42
36_42
64
48
48
42
42
64
60
48
55_67
48
52_55_60
38
42
38
42
52
55
60
36
60
72
36
42
42
29_41_53_53_57_57_60_60_65_69_72_72_77_77_81_81
36
36_46
36_46
57
60
53
41
81
60_72_77
53_81
69
77
72
57_65
29
36_42
36
42
29_41_53_53_57_57_60_60_65_69_72_72_77_77_81_81
36
46
36_46
60
57
72
53_65_69
53
57_60
41
81
77
77
81
72
29
36
42
36
42
36_48_48_52_55_55_60_64_67_72_72_76_76_79_79
36_42
36
42
60
42
52
55
42
48
52_55_60
38_42
72
38_42_67
64
55
52
48
60
55
72
76
48_55
42
42
48
36
31_52_55_55_60_60
36_42
36
42
60
52
55
60
52_55_55_60
42
42
60
52
55
55
48_62_67
38
42
38_42
79
48_76
62
67
79
52_55_60
36_42
36_42
60
52
55
31
36_48_48_52_55_60_60_64_67_72_76
36_42
36_42
48
52
55
60
42
42
64
60
67
36
31_52_55_60
38
42
38_42
55
60
52
52_55_60
42
42
60
52_55
31_33_52_55_60
36_42
36_42
60
52_55
48
42
42
48
72
76
33
48
35_52_55_60
38_42
38
42
52
55
60
74
36
42
35_36_42
74
36_48_48_55_55_60_60_64_64_76
36
42
36_42
55
64
60
42
42
48
55_60_64
37
42
37
42
48_55_60
64
55
64
60
48_55
42
42
48
36
31_55_60
36
42
36_42
76
60
48_72
42
42
48
55_55_60_64
37_42
37_42
60
55
64
55
72
74
55_60_60_64
42
42
74
60
55
64
60
31
36_48_48_55_60_76
36_42
36_42
55
60
48
48
48
42
42
48
55_60_60_64_64_64_67
37
42
37
42
64
60
55
64
67
60
64
55_60_62_64
42
42
60
64
55
36
31_48_62_64_65_67
36
42
36_42
62
48
62
65
67
55
42
42
55
55_60_60_64_64_67_67
37
42
64
37_42
76
55
60
64
64
60
67
48_62_74
42
42
31_48
62
74
36_55_60_64_64_67_76
36_42
36_42
60
55
64
48
42
42
48
55_60_64
37_42
37_42
67
64
60
64
55
42
42
36
76
67
29_41_41_53_53_57_57_60_60_69_77
36_42
36
42
41
53
57
60
42
42
41_60
53
57
29
41_53_57_60
37
42
37
42
53
57
60
77
74
42
42
41
36_48_48_52_52_55_55_60_60_67_76
36
42
36_42
74
69
76
74
60
52
55
72
42
74
42
48
52_55_60
37
42
37_42
48
60
52
60
36
52_55
48_48_76
42
42
55
48
72
48
76
41_52_52_55_60_69_77
36
42
36_42
67
52_55
60
42
42
77
69
42_52_55_55_60_67_76
37_42
37_42
52
41
52
55
60
55
42
42
67
42
76
43_43_43_50_50_55_59_62_67_74
36_42
36_42
42
42_59
62
55
50
43
55_55_59_59_62_62
37_42
37
42
43
59
50
55
55_62
59_62
43_50_67
42
42
43
50
67
43
38_55_55_59_62_64_71
36
42
67
36_42
59
62
55
55
43_55_59_62
42
42
59
55_62
43
64
55_55_59_59_62_62_62
37
42
74
37_42
59
55
62
59_62
55
43_50_50
42
42
43
50
50
38
31_43_43_50_55_59_60_62
36
42_62
36_42
50
42
42
59
55
62
43
50
43
50
71
55_55_59_59_59_62_62
37_42
37_42
60
59
62
55
59
55_62
43_50_77
42
42
43
50
77
59
31
29_41_53_53_57_57_60_60_77
36_42
36_42
42
42
57
53_60
60
53
57
41
29
41_53_57_60
37_42
37_42
53_57
60
77
79
42
42
79
41
36_48_48_52_55_60_76
36
42
36
42
52
42
42
48
52
55_60
37
42
37_42
48
76
55
60
52
55_60
48_74
42
42
48
31_48_52_55_60_74_76
36
42
36_36_42
48
74
76
60
52
55
74
48_60_72
42
42
48_60
52_55_60_62_67
37_42
37_42
55
52
62_67
60
42
42
31
31_43_43_50_50_55_55_59_59_62_62
36_42
36_42
72
55
62
59
42
42
62
43
55
59
50
43_55_55_57_59_59_62_62
37_42
37
31_42
59
62
55
57
62
43
50
43_50_72
42
42
43
55
50
59
72
31_43_55_55_57_59_60_62_79
36
42_43
36_42
59
62
55
43_50
42
42
55
43
79
50
60
31
38_55_55_59_59_59_62_62_62_77
37_42
57
37
42
59
55
62
59
55
43
62
62
59
38
77
42
42
36_48_48_55_55_60_60_60_64_64_64_76
36_42
36
42
55
64
60
42
42
48
55_60_64
37
42
37
42
48_55_60
64
55
64
60
48_55
42
60
42
48
36
31_55_60
36
42
36_42
76
60
48_72
42
42
48
55_55_60_64
37_42
37_42
60
55
64
55
72
74
55_60_60_64
42
42
74
60
55
64
60
31
36_48_48_55_60_76
36
42
36_42
64
55
60
48
48
48
42
42
48
55_60_60_64_64_67
37_42
37_42
64
60
55
64
67
60
55_60_64
42
42
60
64
55
36
31_48_62_65_67_72
36
42
36_42
48
62
65
67
55
42
42
55
72
55_60_60_64_64_67_76
37
42
37_42
76
55
60
64
64
60
67
48_62_74
42
42
31_48
62
74
36_55_60_64_64_67_76_79
36_42
76
36_42
60
55
64
48
42
42
48
55_60_64
37
42
37_42
67
64
60
64
55
76
72
42
42
36
72
29_41_41_53_53_57_57_60_60_81_81
36_42
36
42
79
41
53
57
60
42
42
41_60
53
57
81
29
41_53_57_60_79
37_42
37_42
53
57
60
42
42
79
41
81
36_48_48_52_52_55_55_60_60_76_79
36
42
36
42
76
74
60
52
55
72
42
74
42
48
79
52_55_60_76
37_42
37_42
48
60
52
60
36
52_55
48_48_76
42
42
55
48
72
48
76
41_52_52_55_60_74_77
36_42
36_42
76
52_55
60
42
42
77
74
42_52_55_55_60_72_76
37_42
37
42
52
41
52
55
60
55
42
42
42
76
43_43_43_50_50_55_59_62_71_74
36
42
36_42
72
42
42_59
62
55
50
43
55_55_59_59_62_62
37_42
37
42
43
59
50
55
55_62
59_62
43_50_67
42
42
43
50
43
38_55_55_59_62_71
36_42
67
36
42
59
62
55
55
43_55_59_62
42
42
59
55_62
43
55_55_59_59_62_62
37
42
74
37_42
59
55
62
59_62
55
43_50_50
42
42
43
50
50
38
31_43_43_50_55_59_62
36_42
36_42
50
42
42
59
55
62
43
50
43
50
71
55_55_59_59_62_62
37
42
37_42
59
62
55
59
55_62
71
43_50_77
42
42
43
50
77
31
29_41_53_53_57_57_60_60_77
36
42
36_42
42
42
57
53_60
60
53
57
41
29
41_53_57_60
37_42
37_42
53_57
60
77
79
42
42
79
41
36_48_48_72_76
36_42
36_42
48_52_55
42
42
52
72
55
55_60_60_64_76
37
42
37
42
48
60
36
55
60
64
76
76
36_55_60_74
42
42
60
55
74
31_36_48_55_76_79
36_42
36
42
48
74
76
55
52_72
42_74
79
42
31
52
36_55_55_60_60_64_84
37
42
37_42
60
55
64
55
60
72
76
46
36
46
84
31_43_43_50_53_53_59_59_62_62_74_83
36_51
36_76
51
42
42
74
83
53
31
59_79
42
42_50_53
59
62
43
43
62
79
36_36_48_52_60_64_67_76
36
42
36_42
52
52
42
42
48
36
52
55_60
37_42
37_42
55
60
60
52_55_55
42
42
55
52
64
55
36
67
31_48_60
36
42
36_42
48
60
52_55
42
42
52
55
52_55_60_62_67
37
42
37_42
60
52
55
67
62
52_55_60
42
76
42
60
31
52_55
36_48_48_55_60_64_67_76
36_42
36
42
48
76
52_74
42
42
60
52
48
55
52_55_60_60_72
37
42
74
37_42
52_60
55
60
67
55
42
42
64
36
31_48_60
36
42_55
36_42
48
60
48_67
42
42
48
31
35_48_53_57_60_62_65_67_72_79
37_42
67
37
42
53
57_60
72
76_84
79
48
62
65
67
84
72
86
42
42
36_48_48_60_64_67_76_76_77
36_42
35
36_42
76
48
52_76
42
42
52
52_55_55_60
37_42
37
42
60
52
60
55
55
48
64
52_55_60_60
42
67
42
76
52
55
60
60
36
31_48_62_67_76
36
42
36_42
48
62_67
76
52_74
42
42
52
74
52_55_55_60_72
37
42
37
42
52
60
55
55
52_55_60_60
42
42
55
60
52
31
60_72
36_48_48_55_60_64_67_79
36
42
36_42
48
67
60
64
48
55
52
42
42
79
52
55_60_60_64_79
37
42
37_42
55
60
64
60
77
86
42
42
36
79
35_48_59_59_62_77_86_91_95
36
42
36_42
48
62
59
59
42
91
42
95
77
35
86
33_57_60_76_84_93
37
42
37_42
57
60
42
42
33
76
31_43_43_50_50_55_55_59_62_74_83_84_91
36_42
93
36_42
42
42_55
50
43
50
55_59
37
42
37_42
55
59
55
50_55_59
42
42
43
59
55
62
31
50
26_50_55_86_95
36_42
83
36
42
91
59
50
55
55_55_59_62
42
42
55
55
62
59
55_59_62
37
42
37_42
55
59
62
57_60_62
60
57
50
42
62
42
50
95
86
26
31_43_43_55_59_62_91_98
36_42
36_42
74
43
50
42
42
50
55_59_62
37
42
37_42
59
62
55
55
62
50_55_59
42
59
42
43
55_59
50
31
38_50_57_62
36_42
36
42
50
57
62
55
42
42
55
43_55_55_59_62
37
42
37_42
55
59
62
98
38
43
55
91
42
42
31_43_43_50_50_55_59_62_74
36_42
36
42
50
43
55
42
42
55
50
55_59
37
42
37_42
59
55
55
50_55_59
42
43
42
59
55
62
59
31
50
38_50_55
36_42
36_42
50
55
55
42
42
55
55_55_59
37
42
37_42
55_59
55
38
74
38_55_57_59_60_62_72
42
42
59
55
62
60
57
31_38_43_55_59_62_74
36
42
72
36
42
72
74
43
72
43_50_71
42
42
50
55_59_62
37
42
37_42
59
62
55
55
50_55_59_62
42
42
59_62
55
62
43
59
31
38_43_55_86_91
36
42
36_42
50
43
55
50
42
42
50
43_55_57_59_62
37
42
37_42
71
59
55
91
86
57
43
50
42_62
42
50
38
31_43_43_55_59_62_74_79_83
36
42
36_42
74
43
62
55
59
50_74
42
42
50
50_55_59_62
37
42
37_42
59
43
62
55
50
55_59_59_62
42
42
59
74
55
62
31
59
38_43_62_67_74
36
42
36_42
62
67
43
50
42
42
74
50
50_55_59_62_76
37_42
37_42
59
55
62
50
76
43_55_59_62_77
42
42
59
79
55_83
62
38
43
31_43_50_67_71
36
42
36_42
71
67
50
55
42
42_77
55
31
31_50_55_59_79
37_42
37
42
55
59
50
43
50
42
42
79
31
50
33_55_57_76
36
42
36_42
57
42
42
55
33
76
35_55_57_74
37
42
37_42
55
57
42
42
35
74
36_48_52_55_60_72
36_42
36_42
74
72
74
76
42
42
60
52
55
52_55_55_60_60_64
37
42
37_42
60
55
52
60
55_64
52_55_60
42
42
52
55
60
36
31_48_91
36_42
36_42
48
48
52_60
42
42
60
52
55_60_62_65_67
37_42
37
42
60
55
62
65
67
55_60_60_64_67_91
42
42
55_60
31
36_48_88
36
42
36
42
76
48
52
42
42
88
52
36
31_48_55_60_86_89
37
42
37_42
60
48_55
42
42
86
48_89
31
33_52_55_84_88
36
42
36_42
52
60
64
48
42
88
42
84
67
48
33
35_55_60_62_67_86
37
42
37_42
60
55
55_62
48
67
86
35
42
42
36_48_48_72_76_76
36_42
36_42
48
52_60
42
48
42
52
60
55_60_64_67
37_42
37
42
55
60
64
67
55_60
42
42
60
55
36
31_48_60
36
42
36
42
48
60
48_52
42
42
48
52
55_60_62_67
37
42
37_42
55
60
67
62
42
72
76
42
76
31
36_48_48_60_64_67_76_79
36
42
36_42
48
76
55_74
42
60
42
55
60_60_64_72
37_42
74
37_42
48
60
64
60
64
48_60_64_67
42
42
48
60_64
36
31_48_60
36
42
36_42
48
60
48_55
42
42
55
48
60_62_64_65_67
37
42
37_42
60
64
65
62
67
79
48
42
72
42
48
31
36_48_55_60_64_67_76_79
36_42
36_42
55
76
67
48_76
42
60
64
42
48
55_60_60_64_64_67
37_42
37
42
48
60
55_64
60
67
64
55
42
42
76
36
55
36_48_60_76
36
42
36
42
48
60
79
48_55
42
42
76
55
48
60_62_64_67_77
37
42
37_42
60
64
62
67
48
42
42
77
36_48
36_48_55_58_64_67_79_82
36_42
36_42
55
48
42
42_58
48
36_64
48
67
36_58_58_64
37_42
37
42
64
58
79
55_79
42
58
42
36
55
79
38_48_64_81
36
42
36
42
48
55
42
42
64
81
55
38
40_60_62_64_79
37
42
37_42
64
60
82
62
42
42
79
40
41_41_41_53_57_60_79
36_42
36_42
79
48_77
42
42
41
48
53_57_60_77
37_42
37_42
53_57
60
53
60
48_53_57_60
42
42_57
57
60
48
53
77
41
36_53_81
36
42
36_42
53
48
42
42
41
48
81
53_55_57_60_60_84
37_42
37_42
53
57
60
60
55
77
84
53
42
42
53
29_41_41_53_57_60_89
36_36
42
36_42
41
48
42
42
89
48
48_53_57_60_81_93
37_42
37_42
53
48_53
57
60
93
60
57
53
42
42
53
81
29
41_41_57_60_79
36
42
36_42
57
60
41
41
53
42
42
53
57_60_65
37
42
37_42
57
41
60
65
79
42
42
31_43_43_50_50_55_59_59_62_74
36
42
36_42
50
43
55
42
42
55
55
55_55_59_62
37_50
42
37_42
43
55
59
62
62
55
59
55_59_62
42
42
59
55
62
31
38_43_55
36_42
36
42
43
55
50_50
42
42
50
50
55_57_59_60_62_62
37
42
37
42
59
55
62
60
62
57
50
42
42
74
50
43_43_43_55_59_62_62_74
36
42
38
36_42
59
43
50
42
42
50
74
50_55_59_62_71
37_42
37_42
55
59
55
62
62
59
55_55_59_62
42
42
59
55
62
55
43
38_43_57_62_91
36_42
36
42
43
57
62
50
91
50_86
42
43
42
50
50_55_59_62
37_42
62
37_42
55
59
62
84
86
50
38
38_55
42
42
55
71
31_43_50_59_59_62_62_67_67_83
36
42
36_38
42
84
50
50
59_67
62
42
42
50
55_59_62
37
42
37_42
43
59
62
55
55_59_62
42
42
59
55
62
31
38_43_53_59_62_74
36
42
36_42
43
59_62
53_59
62
74
67
50_76
42
42
50
55_59_62
37_42
37_42
59
55
62
76
50_55_59_62_77
42
42
59
62
55
38
50
31_43_50_67_71
36_42
36_42
50
77
50_55_71
42
43
42
55
50
55_59_59_62
37_42
37_42
59
62
55
59
55_59_62
42
42
31
67
59
62
55_71
71
33_50_57_60_69_76
36_42
36_42
83
50
55
42
42
57
55
60
76
35_55_59_59_62_67_69_74
37_42
33_37
42
55
62
59
67
59
74
55_59_62
42
42
62
59
55
35
36_48_48_55_60_60_64_64_67_72_76_76
36
42
36
42
74
76
74
52_72
42
48
42
55
52
52_55_60
37
42
37_42
52
55
60
60
52_55_55_60
42
42
55
52_60
31_36_60
36
42
36_42
64
55
67
60
48_55
42
42
48
48
55
52_55_60_62_65_67
37_42
37_42
60
55
52_62
65_67
31
72
76
31_52
42
42
52
31
36_48_48_60_60_64_64_67
36_42
36
42
48
55
42
42
60
36
64
67
55
72
48
36_55_60_60_64_64_67_79_84_88
37_42
37
42
55
60
64
64
60
67
46
46
79
84
36
88
35_62_62_77_83_86
36
38_42_51
36_38_42_51
42
42
62
62
77
35
86
83
33_60_60_81_84
38
42_51
38_42
51
60
60
81
33
84
42
42
31_43_43_50_50_55_59_59_62_62_67_74_74_79
36_42
36_42
43_50
55
42
42
55
55
62
59
55_55_59
37
42
43
50
37_42
55_59
74
55
79
50
42
42
31
50
38_55_55_83
36_42
36_42
55
55
43_50
42
42
59
43_62
83
50
55_57_59_60_62_62
37_42
67
37_42
59
55
62
62
60
57
74
55_71
42
42
55
38
43_43_43_50_55_59_62_67_71_74_79_86
36
42_71
36_42
43
55
62
59
50
42
42
50
50
43
79
55_59_71
37
42
74
37_42
86
59
55
55_59
42
42
55
43_59
38_50_62_67_91
36
42
36_42
50
62
67
55
42
42
91
55
55_59_62_67_71_74
37
42
37_42
59
55
62
71
67
38_74
71
38_55
42
42
55
31_43_50_50_69_74_74_95
36_42
38
36
42
43
50
74
74
69
67_71_74_74
42
50
42
95
74
55_59_62
37_42
37_42_71
67
59
55
62
50_55_59_62
42
42
59
62
74
55
31
50
38_43_67_74
36
42
36_42
67
43
50
42
42
74
50
55_55_59_62_76
37
42
37_42
59
55_62
76
55
43_50_55_77
42
42
55
38
43_50_55_59_62_98
36
42
36_42
43
50
50
55
62
59_98
50_71
42
77
42
50
55_57_59_60_62_62
37
42
37_42
55_59_62
62
57_60
71
55_59_62
42
42
59
55
62
43
38_43_50_55_59_62_76
36_42
36_42
50
50
42
42
59
62
55
50
38_76
31_55_55_59_62_74
37_42
37_43
42
59
55
62
67
55
71
31
74
42
42
29_41_41_65_65_69_72_72_77
36
42
36
42
53
42
42
41
53
65
77
48_57_60_69_89
37
42
65
37_42
57
48
69
60
72
65
65
29
29_57_60_67_72
42
42
57_67
60
72
89
36_41_69_72_72_93
36
42
29
36_42
69
41
69
72
53
42
42
53
57_60_65_72_89
37_42
37_42_93
57
60
89
41
46
41
46
65
72
41
36
41_41_53_57_60_67_96
36
51
36_51
41
57
53
60
72
67
72
42
42
96
41
31_43_43_50_50_55_59_59_62_67_67_71_86_91
36_51
36
51
59
50
55
43
67
43
62
50
59
42
42
67
71
86
31
36_48_48_52_52_55_55_55_60_60_60_64_67_88
36
46_51
36_46_51
52
55
48
60
55
52
60
55
88
60
64
91
36
48
67
