91
28
76
78
78
80
52_64_71
59
71
80
71_78
64
64
76
59
76
71
71
51
59_76
52
51
51
76
52
52
64
51
76
64
51
76_78
52
71
52
78
52
64
59_76
51
78
80
49
49
52
76
73
78
80
73
73
76
78
61_73
85
76_80
80
76
85
76_80_83
51
56
49
80
76
61
52
51
80
51
52
83
52
51
51
61
52
49
56
52
80
51
73
57_61
49
76
81_81
52
33
64
80
81_81
73
76
78_80
69
78
76
64
64
33
35
57
75
51
78
49
59
81
64
76
69
75
66
80
78
81
78_80
71
78
66
35_40
76
66
59_66_71
76
52
52
51
76
68_71
51
52
52
59
51
68_71
51
52_71
52
51
64
51
71
52
35
40
52
59
51
69
33_35
76
51
52
32
33
32
52
59
51
28
68
69
59
64
59
66
64
28
52
52
68
66_68
64
40
59
59
68
68
52
64
40
66
40
66
68
64
64
64
68
66
59
59
64
59
64
71
91
40
64
40
59
59
66
64_66
64
68
59
68
64
59
59_66
52
64
39
51
59
40
66
64
63
51
68
63
66
49
37_39
56
71
64_68
61
68
64
37
63
64
37
56
61
64
64_73
61
68
71
73
64
61
64
61_63
63
64
56
61
64
63
66
71
61
35
37
68
66
49_56_63
61
64
45
68_69
33
35
57
68
63
69
52
68
33
66
68
33
59
57
57
64_66
61
52
52
57
64
64_69
61
57
52
61
52
68
69
59
57
66
59
68
61
57
52
61
66
64
33
33
52_59
45
59
61
66
64
47_52
35
33
57
54
59
59
64
61
54
54
63
59
59
66
54
66
63
54
63
59
59_61
54_61
63
54
63
59
61
64
59
35
66
61
54
64
63
47
68
37
52
66
68
35_42
35
38
42
37
59
68
68
64
59_61
66
66
68
66
64
64
42
68
42
68
59
59
64_66
71
64
42
64
59_64
42
66
59_66
68
59
42
68
42
64
59
59
64
66
64
59
66
59
68
66
59
64
52_64
59
68
66
37
35_42
49
71
38
35
42
64_68
56
68
64
66
64
61
42
42
63
56
73
68
64
64
61
71
73
63
56
61
42
42
66
61
64
61
64
71
56
63
66
42
64
42
68
56
66
61
64
63
37
61
56
37
49
68_69
61
66
61
33_37
45
64
35_42_42
35
42_42
52
68
69
57
66
68
42
59
52_61
42
52
64
66
61
45
59
63
69
64
61
57
52
35
35_42_47
33
63
64
35
42
68
54
69
63
64
54
66
42
59
68
42
68
66
54
61
63
47
54
64_68
63
61
35_42
52
64
35
28_35
59_63
42
59
64
64
42
42
46
66
46
59
59
68
42
64
71
42
42
42
66
66
64
52
68
66_68
59_71
40
28
68
35
52
35
68
59
68
68
68
66
68
37_64
37
66
59
68
59
64
66
68
59
64
64
40
40
35_71
64
68
35
66
59
59
66
64
37
64
37
59
59
68
59
66
59
64
52
59_66
64
68
59
71
66
64
35
49
37
40
35
68
66
66
56
68
68
61
63
66
68
56
37
37
56
64
64
66
61
61
56
68
37
61
35
37
56
64
35
63
63
61
64
61
56
37
64
37
56
66
63
61
61
63
49
68
66
49
56
49
69
35
33
37
45
35
68
64
68
63
52
68
69
57
59
66
68
52
37
52
37
61
64
66
57
57
64
52
69
64
52
35
35
59
68
69
59
57
66
68
57
61
52
61
37
37
52
64
66
59
59
57
66
57
64
45
52
47
35
35
33
35_57
59
53
61
64
59
53
54
61
37
37
59
59
35
35
63
35
35
54
54
66
35
35
59
59_61
54
61
66
63
37
54
37
63
46
46_59
61
64
59
47
54_61
66
35
64
68
40
52
35
66
66
59_63
35
61
59
68
68
64
66
68
59
37
59
37
64
64
68
66
64
59
71
64
59
40
35
59
40
35
64
66
68
64
59
37
59
68
37
59
66
59
64
64
66
59
66
64
64
52
64
59
37
68
40
66
35_49
35
68_71
56_66
64_68
61
56_63
64_68
56
37
37
64
73
61
68
61
56
68
71
73
37
35_63
56
35
37
63
61
64
61
56
37
37
64
64
71
63
56
61
66
64
63
68
66
61
56
49
61
33
35_68
37_69
45
35
64
63_68
52
68
69
57
59
66_68
52
37
52
37
64
61
66
57
57
45
69
64
64
59_61
52
35
33
35
47
57
35
54
64
59
68
69
61
66
68
54
37
54
37
63
68
66
59
59
47
54
66
63
61
35_52
28_64_68
35_59
35
66
59
64
66
59
37
59
37
68
28
64
28
35
35
64
66
66_71
59
28
28
35_49
35_49
59
66
64
66
47
64
47
64
47
47
68
37
68
45
64
37
59
45
66
59
64
66
52
66
68
66
43
43
71
68
52
59
71
68
64
66
52
73
33_35_35_42_49_68
33_64
49
28
35_42
71
37_49
35_49
61
56
64
64
61
64
73
64
42
63
42
73
73
64
63
73
37
73
56
37
63
64
71
73
37
56
57
33_35_42_68_69
61
35_42
61
71
71
71
61
49_56
71
42
42
68_71
68
68
61
33_35_42
59
35
59_64_69_71
63
47_59_66_73
35_42
49
57
68
69
68
69
42
68
66
42_71
66
71
35
73
35
64
71
35_42
35_42
66
75
73
66
63
66
64
73
63_64
42
71
42_75
71
63
64
66
66
61
63
73
59_71
59_61
66
73
61
73
61
49
35_42_49
59
73
59_71
59_68
37
35
47_64_66
35_42_49
64
64
64
64
49
42
73
42
73
73
61
73
37
73
37
63
71
57
73
37
33_35_42
56
68_69
49
35_42
61
56_61
71
71
71
63
71
42
57
42
57
57
71
68
61
49
68
68
57
59
33_35_42
35
57
59
59_64_69_71
35_42
66_73
68
69
68
69
66
66
42
68
42
71
66
35
66
35
35_46
73
35_35
46
71
64
59
35
75
35_42_49
73
35_42_49
66
64
66
66_68
64
75
68
64
59
59_63_66
66
59
42
42
64
66
64
35_42_68
40
59
35
66
59
63
59_71
66
35_42
52
66
59
68
68
64
66
68
66
64
37
64
37
68
59
64
66
59
66
64
66
59
35
64
35_64
59_64_66_68
59
66
68
66
68
59
64_66
59
68
66
59_64
64
66
37
64
64
37
66
64
59
64
59
59
68
59
66
52
64
64
66
68
59
64
35_51
37_49
68
40_61
56
66
35
56_64
68
66_68
64
64
61
56_63
37
37
51
56
64_73
56_61
61
64
61
68
56
71
73
35
80
35
63
56
63
61
64
61
75_78
56
80
37
64
37
63
56
73
61
78
75
49
66
63_71
56
64
68
64
66
64
45
33
37
68
35
69
63
69
35
68
52
57
68
69
59
66
68
52
52
37
37
61
64
66
57
57
59
45
64
59
52
69
64
35
47
35_57
59
61
64
68
69
54
66
68
59
61
37
54
37
54
68
66
63
59
59_61
47
54
64
68
35_42
28_33
73
69
52
35_42
59
63
59
64
42
42
66
28
68
37
47_56
42
38
64
52
71
59
42
64
37
42
42
59
64
66
64
66
47_56_59
52
57_57_68
35_42
71
38
64
45
66
68
52
59
42
64_66
64
57
57_59
42
42
68
59
64
66
64
37
35
66
45
59
66
59
47_59
42
68
35
57
42
37
57
66
64
64
59_68
59
42
66
42
63
40
64
35
47
59
42
42
42
42
42
42
42_49
59
64
42_49
40
63
52
63
64
59
63
64
42
63
64
42
40
64
33
63
47
32
63
52
64
33
57
64
30
59
63
32
42
28
64
42
30_52
59
56_57
64
42
42
66
64
68
66
40
52
35_42_59
47
40
52_56_59_64
35_42
28
56
68
68
59
66
68
64
66
37_42
37_42
59
64
66
59
64
68
40
59
64
40
71_76_80
64
66
35_42
35_42
59
80
64
59
71_76
64
76
66
71_78
63
64
64
37_42
63
37_42
68
64
63
64_64
59
59
64
68
63
66
59
64
64
52_64
66
59
71_76_78
35_42
56_59_59_64_66_68_68
66
37
64
49
35_42
40
68
64
68
66
56
64
64
61
63
37_42
56
37_42
64_73
56
61
64
68
37
71
73
37
71
35_42
35_42
61
61_63
56
73
63
63
61
64
71
64
37_42
71
37_42
63
66
56
64
61
75
68
59
64
73
61
49
56_61
66
61
35_42_75_76
66_69
33_59_64_68_73
45
68
68
59
35_42
37
64
64
68
63
69
52
64
57
69
59
69
37_42
37_42
52
69
69
52
69
57
69
61
59
57
33
33
52_64
61_66_69
35_42
35_42
61
66_69
61
66_69
61
68
69
52
57_59
59_64
68
66
52_57
37_42
68
37_42
66
64
61
59
64_68
52
64_66
59
45
59
52
76
47_57
35
35_42
33_59_66
59_66_68_73
63
35_42
63
59
61
64
54
59
61
37_42
37_42
54
66
54
35
35
63
59
59
63_66
66
35_42_75
61
73_78_81
59
35_42
54
61
63
80
81
54
75
73_78
80
59
69_73_78
63
59
61
64
37_42
59
37_42
59
54
66
61
64
76
78
69_73
54
63
47
68
66
63
54
76
52
40
64
35_42
35
52
59_68
63
66
56_59_64_71
35_42
59_61_63_66
68
68
59
66_68
64
37_42
66
37_42
59
64
66
59
68
64
64
71
40
64
59
40
35_42
64
35_42
64
66
88
59
66
68
95
59
88
88_95
37_42
64_68
37_42
66
93
64
88
59
93
66
88
64
59
92
59
88
64
66
52
64
59
52
64
35_42
49
66_68_68_88_92
64
37
56_59_59_64_68_71
35_42
40
71
68
66
64_68
56
64
64
61
37_42
56_63
37_42
73
64
56
61
64
88
68
37
71
73
73
37
68_76
35_42
35_42
75
61
63_76
73
56
68
75
63
64_69_73
64
37_42
56
37_42
71
61
64
71
69
73
63
61
68
64
71
49
56_61
63
69
68
64
45
64
61
33_37
35_42_69
69
59_61_64_64
35_42
68
68
63
52
68_69
66_68
57
37_42
59
37_42
52
52
64
66
45
61
59
35
33
52
64_69
35_42
57
47
35_42
61
54
68_69
61
66
68
69
59
64
37_42
63
37_42
54
54
59
66_68
59
47
54
35_64_68
52
35_42
69
28
61_64
56_59
63
35_42
59
64
59
64
66
37_42
37_42
59
68
28
28
59
35
35
71
64
28
28
64
35_42_49
66
35_42_49
64
59_66
64
47
47
59_68
47
47
37_42
45
68
37_42
64
45
66
64
66
68
43
43
71
68
59
56
33_35_35_42_49
68
66
49_49
28
59_73
33
68
64
61
37
71
52
64
35_42
35_49
71
56
64
61
64
64
63
42
73
64
42
73
64
63
73
73
37
56
37
63
64
73
57
37
56
61
71
33
73
35_42
68_69
35_42
61
71
71
61
71
49_56
71
42
42
68_71
68
61
68
59
33
35_47
35_42
63
49
57
59
59_64_69_71
35_42
66_73
68
69
68
69
42
71
42
68
66
66
71
35
73
35
64
71
35_42
35_42
66
75
73
66
63
66
64
73
63_64
71
42
75
42
71
63
64
66
66
61
63
73
59_71
59_61
66
73
61
49
61
73
59
47
35_42_49_59
37
35
73
59_71
68
35_42_49
64_66
64
64
64
64
49
73
42
42
73
73
61
73
37
73
37
63
57
71
73
37
33
56
35_42
61
49
68_69
35_42
56_61
71
71
71
63
71
57
42
42
57
57
71
68
61
49
68
68
57
59
33
57
35
35_42
59
35_42
59_64_69_71
66_73
68
69
68
69
66
66
42
68
42
71
66
35
66
35
73
35_46
35
35
46
71
64
59
35
75
73
35_42_49
35_42_49
66
64
66
66_68
64
75
68
64
59
59_63_66
66
59
42
42
64
66
64
47
59
68
40
59
52_59_64
35
66
35_42
63
68
66
35_42
59_71
66
68
68
66
68
64
66
68
59
52_59_64
64
42
64_68
59
52
42
68
66
66
59_64
59_64_66
52
52
64
64
64
59
52
59
52
66
66
47
64
61
64
37
68
42
40
64_68
66
49
42
52
64
68
64
64
64_73
61
64_68_71
73
42
56_61_64_68
42
68
66
64_66
61
61
64_66
56
56
66
68
56
61_64
66
56
71
68
68
66
49
33
37
69
56
42
61_68
64
45_57
69
42
68_69
66
68
64
66
69
64
42
42
68
69
66
68
68
66
64_68
61
28_33
42
64
69
45_57
42
28
64
