94
96
96
95_96
96
52
54
52
55
38
54
50
57
59
43_57_60
96
55
59
96
52
54
55
38
79
38_67
50_54
57
57
38
59
33
57
60
43
31
72
60
55
59
43
52
54
38_50_54
55_57
38
54
96
54
42
38
57
42
52
54
54
54
45
33_57_61_96
47
52
52
42
50
54
62
61
42
54
57
57
52
54
50
57
26
56
57
57
42
54
38
52
50
96
54
30_42_57
54
42
57
50
54
57
43_59
55_57
31
96
55
42
43
61
57_57
55
59
42
57
43
54
57
50
54
38_57
38
57
54
42_96
96
54
62
57
55
42
54
50
54
54_61
52
57
33
52
45
42
62
33
45
42_52_57
61
45
50
32
48
47
55
43_59
31
50
42
31
61
31
57
55
59
42
52
50
26
38_50
54_57
42
52
45
57
61
42
76
78
50
38
54
57
79
36_36_38
86
78
78
37_42
76
74
38
38_42
50
57
36_38_42
54
42
38
37_42
62
76
57
78
54
42
50
76
78
33_36_42_45_52_57_61
42
37_42
76
74
45
78
62
33_42
57
52_61
33_36_42
85
42
45
78
37_37_42
81
45
42
78
86
38
50
54_57
81
36_38_42
42
37_42
78
38
26_42
76
74
57
26_36_42
42
50_54
78
30_37_42_42
78
42_42
81
50
79
81
83
31_36_42
43
55
59
42
37_42_79
43
31_42
80
81
61
57
31_36_42
42
43
55
57
59
37_42
80
81
43
42
81
78
80
38_81
36_38_42_54_57
81
69
42
78
64
37_42
62
38
26_42
57
36_38_42
42
38
78
62
37_42
57
79
54
42
50
78
45
88
78
33_36_42_57_62
42
37_42_57_62
76
74
45
33_42
76
57_61
33_36_42_85
78
42
45
61
37_42
57
45
76
32_42
83
74
43
55
59
76
31_36_42
86
79
74
55
74
42
57
37_42
43
62
31_42
31_36_42
61
57
42
43
59
55
37_42
55
54
74
42
43
52
50_57
54
38_50
36_38_42
74
42
42
38
36_42
40
28_36_42
48
30_47_48
42
48
59
45_47_76
78
62
50
55
43
59_79
83
64
79
31_36_51
55_59
49
62
79
62
51_62
79
62
40_51
43
31_36_51
55
31_36_50_51
55
59_59
62
51
43
40_51
50
55_59
59
51_78
43
62
54
64
79
30_36_51_54_57_78_81
57
49
81
51
66
79
64
40_51
62
78
43
30_36_51
62
78
54
30_36_50_51
54
57_57
62
78
51
40_51
58
59
31_51
32
58
59
57
57_62_64
62
33_36_51
49_64
86
57
51
45
57
57
40_51
62
64
54
45
28_36_51
57
58
57_59
61_85
33_36_51_64
57
61_64
57
51
45
40_51
57_57_61
64
54
33_51
45
57
58
62
81
59
36_38_51
49
38
50_55
57_66
79
51
38
40_51
50
55_57
57
54
36_38_51
57
52
38_57
57
54
36_38_51_78
57
62
48
48
38
47
66
50
54_57
30_40_42_47_49_66
80
81
45
42
45
66
43_79
55
59
49
43_55_59
62_83
31_36_51
62_79
64
79
79
64
51
79
62
40_51
43
31_36_51
55
31_36_51_55
62
59
59
62
51
40_51_59
74
61_76
79
43
62
33_51
79
64
45
34
59
86
62
66
47_62
59
35_36_51
66
80
51
66
81
79
40_51_64
62
78
78
62
47
35_36_51
59
62
35_36_51
59
62
66_66
51
47
66
62
35_40_51
33
62
78
31_51
30
62
78
52
55
79
76
40
52
55_59
26_28_36_51
49
59
61
76
51
76
61
40_46_51
74
59
52_55
59
40
28_36_51
59
74
81
54_57
54
30_36_49_51_57
42_49
78
61
61
57
73
51
40_51
57
73
54
71
59
31_51
74
32
57
33_36_49_51_64
57_62
49_62_64_86
45
81
96
59
57
96
43
45
85
61
61
73
64
52
52
73
54
54
74
55
38_42
55
38
76
86
74
54
74
54
74
42
50
54_57
50
42
50
57
59
45
60_72
57
43_60_79
43
38_42
55_56
31_59
57
42
57
54
57
50
38_54
57
36_38_42
57
54
42
37_42
38
38_42
36_38_42_62
42
38
37_42
57
54
55
42
54
33_36_42
54
57_61
42
52
52
37_42
62
57
33_42
33_36_42_61
85
57
42
37_42
38_54
57
42
54
86
50_57
38_57
54
36_38_42
42
37_42
54
26_42
38
52
50
36_38_42
81
42
50
30_37_42_42
54
57
58
59
42
50
62
55
43
59_79
31_36_42
83
64
42
64
37_42
62
61
31_42_57
50
43
31_36_42_96
43
42
74
82
83
37_42
59
50_55
43
81
42
38
54_57
36_38_42_81
78
69
83
42
78
64_78
37_42
76
74
38
62
38_42
36_38_42
62
42
78
54
57
78
37_42
79
78
38_42
38
78
76
88
33_36_42
62
57
42
37_42
78
76
45
33_42
33_36_42_85
57_61
42
37_42
45
45
32_42_61_76
57
44_74
83
76
43
55_79
59_62
31_36_42
74
86
74
55
42
37_42
57
43
42_43
62
31_36_42
57
61
42
43
55
37_42
59
55
76
54
43
42
52
81
74
78
50_54
26_36_38_42
57
50
47
59
74
61
76
45
43_45
49
35_59
47_50_54_62_62
66
47
35_36_78
49
49_61
79
64
49_68
49
49_52_64
37
36_37_56
51
49
49
81
62_66
50_64
66_69
54
38
50_57
36_38_49
38
57
54
79
64
38_50
66_81
64
67_67
83
52
55
40
59
28_36_49
64_67
71
52
71
54
42
57_61
30_36_49_68_85
66
66
72_73_86
54_69
69_74
69
80
43_59
55_62_67_81
31_36_49_66_71_74
55_67
71
79
64
43
48
48
55
59_62
85
86
68
31_47
69
43
47
85
86
43_68
69
33_45
85
86
74
78
35_36_59_69
49_68_71
69
47
83
66
40_51_83
59_62
66_66
47_64
30_36_51
81
59
62
66
81
64
59
62_66
35_36
62
79
51
47
30
62_79
35_40_51_59
62_66
59
78
66
59_83
62
66
35_51
46
34
74
57_69_76
33_36_49_51_57_57
61_62_64
45_64
62
51
45
40_51
57
62_64
57_64
62
45
33_36_51
57
67
66
73
57_61_61
33_36_51_64_64
64
81
96
57
51
45
61
40_51
64
57_61_64
78
45
45_51
57
83
62
66
45
57
62_64
57
36_49_49_51_62_64
69_76
74
51
45
57
40_51
57_62_64
62
64
45
36_51
57
40_66
64
45_57_61
64
33_36_51
57
61_64_81
73
47
45
66
57
61_64_79
57
61
64
62
45
57_61
64
32_45_56
44
64
43
79
55
59
74
64
49_55_67_71
31_36_55
62
43_59
62
60_79
62
62
51
79
43
40_49_51_96
62
59
55
31_36_51
59
55
59
31_36_51
43_55
59_62
62
43
51
40_51
55
59_62
43
59
51
76
78
68
62
69
64
42_54
54_57
30_36_51
62_79
66
54_57
62
42
81
51
66
79
64
40_51
54
57
62
78
62
30_36_51
42
78
62
54
57
54_57
30_36_51
62
62
51
42
54
40_51
57
62
66
66
43
31_51
44
32
66_81
57
69
76
74
57
57_62_64
33_36_49_51
49_62
45_64
83
67
45
51
67
83
40_51_57
62
64
66
81
33
36_40_51
81
66
57
61
73
36_45_51
64
57
61_64
64
79
96
51
45
33
64
79
33_40_51
57_61
64
62_78
45
51
66
74
82
36_40_49_51_67_96
83
55_57
50
38_51
38
40_51
80
81
50
55_57
79
81
66
81
36_38_38_51
64
66
50
54
36_38_51_57_57_96
38_62
51
50_54
42_54
57
30_49_51_80
81
66
42
51
64
55
71
43_55
55_59_67_74
59_62
31_36_49_51
64_79
62
62
79
51
62
43
40_51
55_59
62
43
31_36_51
55
59
31_36_51_96
43
55_59
62
62
73
51_57
74
59
43
76
40_51_61
55_59
62
78
62
55
79
51_77
64
33
45
59
78
35_36_49_51
47
66
51
80
81
40_51
64
62_66
79
78
62
59
35_36_51
78
62
59
62
35_36_51
66
59_62
47
66
47
35_40_51
59_62_66
33
62
78
31
30
78
62
52
64
52_55_67_71
59
52_55
59
28_36_49_51
40
76
61
76
61
40_51
74
59
52_55
40
59
28_36_49
74
59
54
66
61
42_54
57
30_36_49_73
69
54
57
57
73
73
57
40
71
54
67
74
76
31
59
32
57
74
76
57_62_62
64
45
33_36_49
64
60
73
59
57
61
61
64
52
52
54
54
55
55
38_50
86
54
54
50
38_54
57
57
50
59
45
43
57_60
43
62
55_59
43
52
76
54
78
55
38_38
79
78
78
38
76
54
50
74
26
57
38
59
33
57
31_60
43
55
59
42_43
73
52
74
54
76
55
74
54
73
54
74
38
26
50
54
57
62
57
