44
44
44
44
50
81
50
57
74
62
76
64
78
66
57
54
50
47
74
47
50
55
86
83
81
79
55
83
79
54
85
52
86
50
78
45
81
50
74
62_66
74
74
64_67
76
76
76
67
78
66_69
78_78
54
52
50
81
69
81
45
69
57
71
59
62
74
76
64
74
62
73
61
47_59_71
59
54
59
59
61
62
43
61
50
55_59
57
45
57
57
64
64_66
62
57
42
54
54
49
54
54
54
54
57
57
54_66
57
50_62
47_59
54
52
62
50
55
50
50
54
54
55
55
60_60
59
59
50
52
54_57
62
52
50
64
54
66
47
57
54
57
54
62
57
66
59
43
50
55
59
67
54
47
54
54
54
59
62
54
43
55
50
54
52
55
50
52
45
52
62
64_69
61_64
45
50
38
54
54
44_57
54
54
42_66
54
54
44_62
54
36
57
44_54
42
44_57
57
54
42_66
52
44_62
50
43
44_50
44_55
42_59
44_50_62
43_44_67
44_62
37
42_59
50
44_55
52
50_54
44_50
54
54
44_54
54
54
42_66
44_62
54
57
44_50
50
57
57
44_54
57
42_54_66
44_50_62
45
44_45
52
44_50
42_62
44_64
52
44_61
45_61
61
44
64
46
42
64
37
57
44
57
59_59
44
47
59
59
44
59
42
37
44
59
59
44
57
57
45
57
44
57
42_57
37
44_54
55_55
55
44_54
43
50_62
62
44
37_59
59
42
57_57
43
44
55
43_55
44
44
37_42
50
50
44
52
54
38_57
36
44
54
44_62
37
42_66
44_62
54
36
38
44_57
55
54
44_62
55
42_64
37
57
44_62
45
33_44
57
57
33_36
44
62
37
62
42
36_64
33
33_44_45
33_45_62
45
36_59
33_44
45
64
45
33
44
45
33_45
59_62
37
42
45
45_64
33_36
44
59
36_45
38
33_40
45
57
33_44_64_81
54
57
57
54
63
54
57
36_43_44
59
43
59
86
44
59
40_42
43
43_44_62
61
59
36_44_45_45_85
59
44
59
57
40_42
45_55
44_45
59
38
36_38_44_57_78_78
69
69
44_54
66
59_66
40_42
62
54
62
38
44
57
57_57
57
42_49
36_38_44
66
59
54
44
54
59
69
45_49
40_42_42
57
44
67
59
36_43_44_71_79
43_59
57
44
40_42_59
43_62
43_44
62
59
69
36_44_45_45_69_81
61
44
40_42_62
59
44_45_64
45
38
36_38_44_59_66_74
69
44
59
66
40_42
33
44
62
59
38
36_44_50_57
44
37
59
40_42_49
62
44
59
62
36_44_47_47
44_62
62
40_42_59
62
44_47_47
61
36_44_45_45
59
62
44
40_42
59
45
44_45_66
66
44_59
36_44_44
64
44
59
40_42
62
61
44
44_44
71
62
36_43_44_59
43
59
44
69
59
42
40_42_42
44
59_59
40
36_40_44_67
59
44
59
40_42
40_44
62
59
36_44_45_45_69
62
44
62
40_42
61
44
59
81
62
50
57
74
62
76
64
78
66
57
54
50
47
74
47
50
55
86
83
81
79
79
55
83
79
54
85
52
86
50
78
78
45
81
50
74
74
74
66
76
67
76
76
67
78
69_78_78
54
52
50
81
69
81
45
57
69
71
62
64_74
76
69
62
62
61
59
66
47
59
44
59
42
44
59
61
43
36
67
44
62
62
61
44
61
59
42
57
44
69
57
44
50
44
42
50
44
50
44
44
37
42
50
44
52
54
42
44
42
61
44
54
42
44
54
54
66
47
47
44
57
57
44
54
64
45
45
42
52
44
50
62
43
44
43
44
50
42
52
55
38_44
60
44
43
59
44
42
37
50
50
44
52
54
38
44_62
47
52
44
50
42
37
54
44
66
42
57
44
57
57
45
54
44
54
54
42
37
57
44
59
55
67
55
43_44
43
62
44
37_59
42
57
43
44
43_55
44
44
66
37_42
50
44
50
52
64
57
36
54
40_44
52
44
37
42
40_44
52
36
67
44
40
55
54
44
55
42
37
57
44
69
57
45
36
33_44
33
36
44
37
36
38
42
36
33
33_44_45
69
33_45
36_45
59
33_44
45
45
36
73
33
44
76
45
38
33_45
59
36
37
42
79
45
36
45
33
44
59_81
45
36
33_40
45
57
33_38_44_81
81
54
57
38
57
38
54
63
54
48
47
48
57
47
48
47
36_43_44
45
59
43
67_79
57_59
44
59
40_42
43
43_44_62
61
69
59
36_44_45_45
81
59
44
59
57
40_42
45_55
44_45
59
66
38
36_38_44_57_78_78
69
69
44_54
66
59_66
40_42
62
62
38
44_62
64
57
57
42_49
36_38_44_66
59
64
44
59
69
45_49
40_42_42_62
44_61
67
59_79
36_43_44_71_79
43_59
57
44
40_42_59
43_62
43_44
62
59
81
69
36_44_45_45_69_81
61
44
40_42_62
59
44_45_64
45
74
38
36_38_44_59_66
69
44
59
66
40_42
33
44
62
45
59
38
36_44_50_57
43
44
37
59
40_42_49
62
41
44
59
62
36_44_47_47
44_62
62
40_42_59
62
44_47_47
61
36_44_45_45
59
62
44
40_42
59
45
44_45_66
66
44_59
36_44_44
64
44
59
40_42
62
61
44
44_44
62
55
36_43_43_44_59
71
59
44
54
69
42
59
40_42_42
55
43
44
40_52
59_59
36_40_44
67
59
44
59
66
40_42
67
40_44
69
62
59
36_44_45_45
62
44
62
48
40_42
47
45
45_61
44
59
50
62
36_44_50
74
44
40_42_74
76
45
44
47
78
50
36_44
47
45
44
76
49
43
40_42
44
47_47
36
74
44_62
62
73
40_42_59
62
74
44_47_47
61
36_44_45_45
59
62
74
44
73
40_42
59
74
45
44_45_66
66
44_59
36_44
71
64
44
59
40_42
62
61
44_44
62
55_59
42
59
55
42
54
55
42
62
42
59
40_67
57
55
59
54
44
55
40
44
62
42
61
45_45_69
57
62
62
47
48
47
61
45
43
41
69
43
48
52_55
59
57
36_43_81
42_62
69
48
42
59
40_46
74
48
42
43
59
76
42
36_48
43
42
78
59
48
46
40
42
38
42
50_54_59
42
57
74
42_47
36
69
42
74
59
46
40
59
42_42
47
42_42_59
76
36
47
42
46
47_59_78
40
42
57
45
59
40_57
36_42_67
45_49_52
37
74
42
40_83
59
55
46
45
40
42_54
59
57
36_64_79
40_45_59
42_52
47
42
43
37
49_61
40
45_59_76
46
41
42
57
62_74
59
50
38
38
38
36
