84
84
84
84
84
84
64_67_72
48
48
59
52
60
51
55
48
52
55
67
59_62_67
47_47
59
50
60
46
60
55
50
61
55
67
62
63
64
60_64_69
65
45
66
45
51
67
52
60
66
60
55
52
45
61
62
63
64
65
51_60_67
66
67
67
43
43_59
52
66
65
64
60
63
62
61
51
60
55
61
52
43
62
63
64
65
66
67
55
67
60_64_67
48
48
59
52
60
79
55
52
78
77
76
55
67
75
74
72
60_62_67
47
51
47
72
50
60
73
46
79
55
50
47
78
77
76
75
55_67
74
73
72
60_64_69
45_45
59
52
60
46_79
55
78
52_59
77
76
75
74
73
72
55
51_67
67
43
43
47_59
52
60
55
52
46_48
67
55
64_69_72
51
45
45_71
52
72
60
72
57
52
45_72
67
64_67_72
48
59
48_71
55
72
60
46
55
52
48
64
67
67
65_69_72
51_53
41_69
57
65
67
60
53
41_69
60
51_67
64_67_71
40
59
40_60
52
64
51
59
52
40
67
59
67
64
60_65_69
67
50
59
41_65
69
57
65
65
51
60
50
41_65
60
67
59_64_67
50
53
40
67
52
67
55
64
46
64
59
55
40
59
67
64
60_65_69
57
53_59
41_65
69
57
67
65
46
69
60
67
57
59
55
51_60_67
41_65
71
62_67_72
50
47_59
72
48
67
60
55
62_67_71
42_51
47
50
46
59
72
67
46
67
64_69_72
45
45_71
35
42
67
72
52
69
42
52
72
64
72
37_42_70
60
72
57
44
45
60
67
64_67_72
48
42
35
48_71
71
72
55
42
64
72
37_42_70
60
72
52
55
42
48
67
60_67
65_69_72
53
35_41_42_67
69
57
44
69
65
37_70
42
67
60
69
53_57
41_46
60
67
59_64_67
50
51
35
40_60
67
52
42_55
64
37_44_70
59
42
52
46
40
59
67
64
62_65_69
50
50_64
35
42
62
64
57
57
42
64
65
65
37_42_70
65
60
44_50
50_65
60
67
67
64_67_71
64
42_50
35
40
67
52
42_55
67
64
37_42_70
64
59
55
42
40_64
59
67
65_69_72
53_60
35_41_42_65
65
42
65
64
60
37_70
42
65
57
67
53
35
41_42
60
67
67
62_67_72
55
50
46_48_69
60
44_70
55
67
50
37
42
67
60
35_51
46_48
50
67
62_67_71
59
47
51
50
67
47_59
54
72
45
43
71
69
64_69_72_72
45
55
45_45
35_49
71
57
52
42
69
64
38_42
60
52
45
44
60
67
48
65_69_72
41
41_42
35_53_72
55_69
77
57
65
42
60
67
43
38_44
53
55
79
65
41_60
42
57
60
64_67_72
48
55
48
48
35_42
72
76
64
42
55
60
60
57
55
60
38_55
42
72
64
74
60
47
44
72
76
52
60_64_67
48
48_60
42
35
64
62
64
42
60
69
64
72
60
52
38_44
72
72
60
42
71
47
47
46
60
64_69_72
45
52
45
55
45
71
72
35
49
57
52
42
69
64
38_42
60
72
45_57
44
64
65_69_72
48_72
41
77
53
41_42
35_60
72
65
42
60
74
62_67_71
43
43
38_42_50
62_74
60
55
44
76
50
55
64_67_72
48
48_48
35_42
72
55_76
42_55
60
62
64
60
38
42
64
60
67
55
55
42
69
60
60
48
48
42
35_64
72
62
64
60
42
64
60
48_48
38_44_71
60
46
71
47
46
72
72
60
47
64_69_72
48
71
45_45
55
71
35
51
57
72
42
57
72
64
38_42
60
52
45
44
72
72
60
62_67_71
47
59
43_51
35
50
71
55_71
55
42
72
67
38_42
59
55
50
67
43
42_67
67
67
59
67
65_69_72
43
60
41_53_57
35_42_67
55
68
69
57
69
45
65
42
60
67
55
38
42
65
41
60
46_62
55
64_67_72
43_64
48_48
42
35_64
64
65
65
64
42
64
60
64
55
38_44
64
42
62
62
48_60
46
64
52
60
45
65_69_72
60
38
50
64
35
51
65
65
65
42_65
60
65
50
38_42
65
60
48
44
65
55
43_64_67_72
67
48_67
43_51
35
67
64
42
60
64
55
38_42
64
60
48
42
64
67
67
50
65_69_72
48
57_60
41_50
35_49_65
68
69
69
65
42
67
67
64_67_72
52
52
48
48
38_55
44
64
67
67
64
60
46
55
66
66
65_65
62_65_69
48
74
50_57
65
50
51
35
65
42_65
60
62
50_62_67_71
71
50
43_55_59
38_44
59
42
67
46
72
61
60
59
60
60_64_67
72
48
48
60_76
35
42
52
42
60
37_42_70
79
55
52
44
78
77
76
55
67
75
74
72
60_62_67
47
42_47
35
72
50
42
60
73
37_42_70
79
55
47
42_50
78
77
76
75
55
67
74
73
72
60_64_69
45
45
35_42
52
44
60
37_70_79
42
55
78
52
77
46
76
75
74
73
72
55
67
67
72
43
43_51
35
42_52
60
71
37_44_70
67
55
46_47
52
51
72
55
67
64_69_72
72
45
45_71
35
42
42
52
60
72
37_42_70
57
52
44
45_72
67
64_67_72
42_48
35
48_71
42_55
72
60
37_42_70
55
52
42
48
67
64
65_69_72
53
35_41_42_67
69
57
42
65
67
37_70
42
60
53
35
41_42_69
60_67
64_67_71
40
40_67
35
42
52
42
60
64
37_42_70
59
48_70
52
44
40
64
59
67
60_65_69
67
42
35
50
41_64
65
69
57
42
65
37_42_70
65
60
50
42
41_65
60
67
65
59_64_67
50
35_40_42
67
52
67
55
44
64
37_70
42
64
59
55
40_46
59
67
60_65_69
53
57
51
35
41_65
69
57
42
64
65
37_44_70
65
60
42
67
57
46
60
55
67
41_67
71
62_67_72
50
72
48_69
35
42
60
42
55
62_67_71
37_42_70
47_67
55
50
46_47
57
70
59
72
60
67
71
67
62
64_69_72
45
45_71
35
51
67
60
72
52
71
72
52
42
72
64
72
37_42_70
60
57
44
45
60
67
72
67
64_67_72_74
42_48
35
48_74
71
74
72
72
55
42
71
64
72
71_72
37_42_70
71_72
60
67
69
52_55
42
48
67
67
60
67
67
65_67_67_69_72
53
35_41_42_67
55
69
69_69
69
57
59_69
57
44
65
67
37_70
42
60
53
57
41_46_64
60
67
59_64_67
51
35_50
40_60
55
67
67
52
55
42
64
67
37_44_70
69
42_59
69
71
52
46
40
71
59_67
64
62_65_69_71
50
50
55
35
42
62
64_72
64
57
65
57
57
42
65
65
37_42_70
65
65
60
50
44
50_65
60_67
65
64_67_67_71
64
42_50
35
40_67
67
59
52
55
42
64
37_42_70
64
59
67_69
55
42
40
71
59
67
65_67_69_72_72
53_60
35_41_42_65
60
65
69_74
42
65
64
60
67
37_70
42
65
57
67
71
53
35
41_46
72
60
67
67
62_67_71_72
72
50
55
46_48_69
72
71
60
44_70
55
55
67
50
37
42
67
60
35_51
46_48
50
67
72
62_67_71_71
59
47
59
72
43_51
50
67
47_59
51
72
45
43
71
69
64_69_72_72_72
45
55
45
45
35_49
71
57_60_64
57
42
52
69
64
64
69
38_42
60
64
52
45
44
60
48
65_69_72
41
53
41_42
35_72
55_69
55
77
57
71_72
57
65
42
65
60
67
60
43
53
38_44
55_57
79
67_69
65
65
41
42_60
60
57
60
55
64_67_72
48
55
48
48
35_42
55_60
72
76
67
42_64
60
55
60
60
57
64
55
60
55
38
42
55
72
64_74
65
60
47
44
72
76
52
55_64
60_64_67
48_48_60
42
35
64
55_60_64
62
62
64
42
60
69
64
72
64
60
67
38_44
52
72
60
72
69
60
42
71
71
47
46
47
50_59
72
60
64_69_71_72
45
52
55
45_45
35_57
71
55_60_72
72
57
57
52
42
69
64
64
38_42
60
72
57_60
72
57
45
44
64
65_69_72_74
48_72
41
77
41_42
35_60
53
72
57_60_65
65
42
76
60
74
62_67_71
43
43
38_42_50
59_62_67
62_74
60
76
55
44
67
77
50
76
62
55
64_67_72_76
48
48_48
35_51
55
72
55_76
55
42
60
60
64
62
64
60
38
42
64
60
60
67
55
55
42
55_65
69
60
65
60
48
48
42
35_64
64_72
62
60
42
64
64
60
60
64
72
48
48
38_44_71
60
46
71
71
47
46
72
59
72
47
60
64_69_72_72
48
71
45_45
55
71
57_60
35
42
57
72
57
42
72
60
64
64
38_42
60
60
72
52
45
44
72
57
72
60
62_67_71_71
47
50_59
42_43
35
71
55_59
55_71
55
42
72
59_62
67
67
59
38_42
50
55
67
62
67
67
43
42
67
67
59
67
65_67_69_72
43
57
53_60
41
35_42_67
57_60_65
55
68
69
69
57
69
45
65
42
72
60
67
67
55
38
42
57_60
65
72
69_72
60
41
42_62
65
55
64_67_67_71_72
43_64
48
48
42
35_64
64
55_60_64
65
65
72
42_64
72
64
60
64_64
55
38_44
42
64
60
62
62
48_60
46
64
52
55
60
45
65_69_72_72
60
38_50
64
55_60
35
42
65
65
57_65
65
42
65
72
60
65
65
50
38_42
65
60
60
48
44
65
55
55_64
43_64_67_72_72
67
67
42_43
35_48
67
55_60
42_64
72
60
64
64
55
38_42
55
64
72
48_60
42
64
64
67
67
50
55
65_69_72_76
48
41
50
35_49_57_60
65
57_60_65
68
69
69
77
65
42
64
67
67
64_67_72_76
52
55
48_48_52
38
44
64
60_64
67
67
77
76
64
60
46
55
66
66
65
62_65_69_74
48
74
50_50
42_57
35
65
57_60_65_72
62
42_65
60
50_62_67_71_71
71
43_59_59
38_44_50_55
59
59_62_67
42
72
67
46
72
59
48
60_64_67_72_72
51
55
48
55_72
48
60_76
55_60_64
60
60
51
52
60
64
55
46_70
52
60
46
67
55
51
60
72
72
55
76
42_48
35
60_64
60
42
62_71
47
37_42_70
59
59_62
71
74
46
71
64_69_72
69
45_52
45
35_42_69_72
72
64
44
72
60
57
37_70
42
72
64
45
60
46
52
71
62_67_71
55
43_50
51
35_59
74
67
72
42_67
59
55
37_44_70
62
42_67
64
59
43
46
69
67
55
67
71
60_65_69_69
41_69
53_57
71
35
42
71
71
72
72
42_72
65
71
60
57
37_42_70
72
65
60
41_55
44
71
74
55_72
50
60_64_67
48
67
42_48_72
35
74
72
74
67
42
72
60_72
55
37_42_70
67
60
48
42
69
67
55
71
62_65_69_69
50
50
35_42_72
71
67
72
69
42
65
72
60
57
37_70
42
72
65
50_60
35
42_71
55
65_69_72
53
41_57
46_72
72
71
65
67
44_70
60
55
37
42
65
67
65
60
35_41_51
46_62
55
62_67_71_79
50
43
65
48_51
67
60
55
67_72_79
50
47
54
45_67
60
48_71
46
62
50
72
62_64_67_71_79
59
47
35
59
67
74
69
55
59_76
71
64
50
68
64_68_72_74_76
64
40_77
38_42
69
76
76
52
56
43_46
74
56
71
65
69
64
72
66
70
67
69_72_76
45_45_59_71
35
72_72
69
71
60
72
72
60
42
72
57
52
38_44
72
64
60
45
42
71
57
67_71_74
43
50
35_42_74
71
72
59
67
42
69
55
71
38
42_50
67
71
67
59
43_72
44_69
71
55
71
65_69_72
41_71
51
35_53
72
69
72
69
72
42
65
71
67
60
69
38_44
57
72
69_72
42_65
55
41
46_60
55
50
71
64_67_72
67
48_48_67
74
35
42
67
72
42_67
60
55
38_42_52
67
62
48_64
44_60
69
67
72
67
67
55
71
62_65_69_69
50
42_50
35
72
72
64
71
71
72
72
42_65
72
60
72
38_42_50
65
55
60
50
44
72
55
72
64_67_72
48_48_52_72
35_42_72
67
72
72
71
64
42
60
55
38
42
67
72
64
48_60
42_72
55
67
72
65_69_71_72
41_53_69
51
35
72
69
72
71
71
72
42_72
65
71
72
60
72
53
38_44
67
72
65
46
71
60
41_72
46
74
72
57
71
62_67_71
50
72
46_74
72
74
55
74
43_50_67
72
60
55
43_74
35_44_57_70
55
37
42_50
57
35_48_49_55_60
71
67
41_48
51
50
46
62_67_72
50
59
74
43_50
59
55
43
35_49
67_71
51
62_67_71
55
60
47
54
72
45
59
43
46
71
69
64_69_72_72_72
45
55
45_45
35_49
71
57_60_64
57
52
42
69
64
64
69
38_42
60
64
45
44_52
60
48
65_69_72
41
53
41_42
35_72
55_69
55
77
57
71_72
57
65
42
65
60
67
60
43
53
38_44
55_57
79
67_69
65
65
41
42
60
60
57
60
55
64_67_72
48
55
48_48
35_42
55_60
72
76
67
64
42
60
55
60
60
57
64
55
60
38
42_55
55
72
74
64
65
47_60
44
72
76
52
55_64
60_64_67
48
48_60
42
35
64
55_60_64
62
62
64
42
60
69
64
72
64
60
67
52
38_44
72
60
72
69
60
42
71
71
47
46_47
50_59
72
60
64_69_71_72
45
52
55
45_45
49
35
71
55_60_72
72
57
57
52
42
69
64
64
38_42
60
72
57_60
72
45_57
44
64
65_69_72_74
48_72
41
77
41_42_53
35_60
72
57_60_65
65
42
76
60
74
62_67_71
43
43
38_42_50
59_62_67
62_74
60
76
44_55
76
67
77
50
62
55
64_67_72_76
48
48_48
35_42
55
72
55_76
55
42
60
60
64
62
64
60
38
42
64
60
60
67
55
55
42
55_65
69
60
65
60
48
42_48
35_64
64_72
62
64
60
42
64
60
60
64
72
48_48
38_44_71
60
46
71
71
47
46
72
59
72
60
47
64_69_72_72
48
45_71
45
55
71
57_60
35
42
57
72
42_57
72
60
64
64
38_42
60
72
60
72
52
45
44
72
57
72
60
62_67_71_71
47
59
50
42_43
35
71
55_59
55_71
55
42
72
59_62
67
67
59
38_42
55
50
67
62
67
67
43
42
67
67
59
67
65_67_69_72
43
53
60
41
57
35_42_67
57_60_65
55
68
69
69
57
69
45
42_65
72
60
67
67
38_55
42
57_60
65
72
69_72
41
60
42_62
65
55
64_67_67_71_72
43_64
48
48
42
35_64
64
55_60_64
65
65
72
42
64
72
64
60
64_64
55
38_44
64
42
60
62
62
60
48
46
64
52
55
60
45
65_69_72_72
60
50
38
64
55_60
35
51
65
65
57_65
65
65
42
72
60
65
65
38_42_50
65
60
48
44_60
65
55
55_64
43_64_67_72_72
67
48
67
43
35_51
67
55_60
64
42
72
60
64
64
55
38_42
55
64
72
60
48
42
64
64
67
67
50
55
65_69_72_76
48
57
41_50
60
35_49
65
57_60_65
68
69
69
77
65
42
64
67
67
64_67_72_76
52
52
55
48_48
38
44
64
60_64
67
67
77
76
64
60
46
55
66
66
65
62_65_69_74
48
74
50_57
42
35_50
65
57_60_65_72
62
65
42
60
50_62_67_71_71
71
50
55
59
43_59
38_44
59
59_62_67
42
72
67
46
72
59
64_67_72
48
48
60
35
51
42
52
60
37_42_70
55
52
44
48
55
67
59_62_67
42
35
47_47
50
42
60
37_42_70
60
55
50
42
61
55
67
62
63
64
60_64_69
65
45_66
35_51
45
67
52
44
60
66
37_70
42
60
55
52
45
46
61
62
63
64
60_65
67
66
67
67
43
51
35_43
52
42
64
66
65
64
60
63
65
62
61
37_44_70
64
60
55
46_47
61
52
51
43
62_62
63
64
65
66
55
67
67
60_64_67
48
48
64
35
42
52
42
60
37_42_70
79
55
52
44
78
77
76
55_67
75
74
72
60_62_67
47
42
35
47
72
50
42
60
73
37_42_70
79
55
50
42
78
77
76
75
67
55
74
73
72
60_64_69
45
45
35_42
52
42
60
37_70_79
42
55
78
52
35_45_77
42
76
75
74
73
72
55
67
67
43
43
35
42
42_52
76
60
77
37_42_70
76
55
48_70
52
44
43
74
47_67
55
72
64_67_72
48
35_48
46
52
42
60
37_42_70
55
52
42
48
55
67
59_62_67
47
47
35_42
50
44
60
37_70
42
60
55
79
50
47
46
55_61
67
79
62
63
64
60_64_69
65
66
51
35_45_45
67
79
52
42
60
66
76
37_44_70
60
55
42
77
52
46
45
61
62
63
76
64
60
65
67
66
67
77
67
43
43
35_76
42
74
52
42
66
65
64
72
60
63
62
61
42_48_70
60
55
46_47
72
70
61
52
43
62
63
64
65
66
67
55
67
48
74
60_64_67
48
48
35
42
72
52
42
60
37_42_70
79
55
52
44
48
78
77
76
55_67
75
74
72
60_62_67
42
35_47
47
72
67
69
50
42
72
60
73
37_42_70
72
79
55
74
42_50
47
78
77
76
75
55
67
74
76
73
72
60_64_69
45
45
35
42
52
42
60
37_42_70_79
46_47_55
70
78
52
45_77
76
75
74
73
72
55
67
67
36_51
43
43
51
74
52
51
60
47_70
54
71
55
45
43_52
55
67
64_67_72
48
48
35
51
52
42
60
37_42_70
55
52
44
48
55_67
59_62_67
51
35_47
47
50
42
60
37_42_70
60
55
50
42
61
55
67
62
63
64
60_64_69
65
45
66
45
35_42
67
52
44
60
66
37_70
42
60
55
52
45
46
61
62
63
64
65
60_67
66
67
67
43
51
35_43
52
42
76
66
65
64
60
63
62
61
77
37_44_70
60
76
55
46_47
61
52
51
43
62
74
63
64
65
66
55_67
67
72
60_64_67
48
48
35
42
52
42
60
37_42_70
79
55
52
44
78
77
76
55
67
75
74
72
60_62_67
47
42
35
47
72
42
50
60
73
37_42_70
79
55
50
42
78
77
76
75
55_67
74
73
72
60_64_69
45
45
35_51
52
42
60
37_70_79
42
55
78
52
35_45_77
42
76
75
74
73
72
55_67
67
43_43
35
42
67
42
52
69
60
37_42_70
71
55
48_70
72
52
44
43
74
55
47_67
64_67_72
48
35_48
46
76
52
42
60
37_42_70
55
52
42
48
55_67
59_62_67
47
47
35_42
50
44
60
37_70
42
60
55
79
50
47
46
61
55
67
79
62
63
64
60_64_69
65
45
66
51
35_45
67
79
52
42
60
66
76
37_44_70
60
55
42
77
52
46
45
61
62
63
76
64
65
60
67
66
67
77
67
43
43
35_76
42
74
52
42
66
65
64
72
60
63
62
61
42_48_70
60
55
46_47
72
70
61
43_52
62
63
64
65
66
55
67
67
48
74
60_64_67
48
48
35
51
72
42_52
60
37_42_70
79
55
52
44
48
78
77
76
67
55_75
74
72
60_62_67
47
42
35
47
72
67
69
50
42
72
60
73
37_42_70
72
79
55
74
50
42
47
78
77
76
75
55_67
74
76
73
72
60_64_69
45
45
35_46
46
52
35
60
38
79
55
78
52
35_57
45_77
76
75
74
73
72
55
67
67
43
43
48
74
52
60
47
38
54
71
45_55
52
43
55
67
72
48
60
52
49
35_48
48
52
67
72
