71
43_67
62
50
55
62
59
62
67
69
72
71
67
38
62
66
45
50
54
57
57
62
64
66
67
66
62
40
59
64
47
52
55
52
59
64
66
67
52
66
64
62
36_60
48
64
67
64_72
65_70
62
64
62
50
43
62
71
67
50
55
62
59
62
67
69
71
59
72
71
67
38
66
45
50
57
57
62
64
66
54
67
66
62
40
59
64
47
52
55
52
59
64
66
67
52
66
64
62
36
48
60
67
64
72
62
65_70
62
62
43
62
31
71
67
71
43
50
55
62
59
71
74
74
71
42
76
54
74
71
54
66_69
54
57
62
54
64
67
64
40
62_71
67
71
71
47
52
52
55
59
67
69
70
59
71
69
39
67
64
43
36
64
67
60
67
72
64
48
62_70
65
48
48
62
48
67
65
48
50
62_67
71
43
74
50
59
62
71
59
74
76
79
42
54
76
79
74
79
71
54
69
62
57
66
54
62
64
54
67
64
67
64
47
40
71
62
64
67
65
71
71
47
52
52
55
59
64
67
69
70
64
59
71
69
67
43
64
36
64
67
60
67
64
72
48
62_65
70
48
62
48
71
69
38_67
62
66_69
50
69
50
62
69
66
50
67
39
63
51
69
67
69
63
71
51
51
69
40
52
71
64_67
71
52
71
64
67
64
69
33
67
60
69
64
45
67
45
60_67
64
45
67
38
62
50_69
66
69
50
62
66_69
50
62
69
69
39
71
66
51
71
66
51
66
71
51
47_71
40
76
67_71
76
67
52
71_76
69
76
67
36
29_60
69
41_65
60
60
65
41
34
60
41
31
43
59
62_65
59
31
59
62
65
43
45
67
45
50
62_67
71
43
71
50
55
59
62
67
71
59
74
76
79
42
76
79
54
74
79
71
79
54
57_69
66
62
54
62
62
64
42
67
64
47
67
40
71
62
67
64
47
62
71
67
52
52
55
64
67
69
70
64
59
71
69
67
64
43
36
64_67
60
64
72
67
62_65
70
48
48
48
62
48
48
67
43
62_67
71
31
62
67_74
71
43
50
55
62
59
67
62_71
74
76
79
30
42
76
79
79
74
42_71
57_66
62_69
54
62
64
54
67
64
67
64
47
40
62_71
64
67
71
71
47
52
52
55
59
64
67
69
70
59_64
71
69
67
43
64
36
64
67
60
64_72
67
48
62
65_70
48
62
48
71
69
38
67
62
50_66
69
69
50
62
69
66
50
67
39_51
63
69
67
69
63
66
51_71
51
69
40
52
64_71
67
67_71
64
52_64
67_71
69
64
67
45
64
60
69
55
52
67
55
60
67
64
38
67
50
62_69
66
66_69
62
50
62_66
69
50
62
69
67
39
51
66
71
71
66
71
66
51
71
66
51
71
40
71
52_76
76
71
76
71
74
40
52
71
37
41
60_69
29_65
40
60
41
60_65
60
41
31
43
58_62
65
58
33
45
65
70
45
46
34
65_74
70
74
74
74
46
74
34
74
74
74
46
46
74
33
45
64
69
74
45
72
64
69
45
33
72
64
45
52
57
60
64
69
72
44
32
72
60_68
72
68
60
72
68
60
44
51
72
68
60
60_68
72
56
63
75
75
63
51
60_72
68
46
46
39
63_72
67
70
46
51
51
55
58
63
58
63
67
63
58
70
46
34
65_74
70
74
74
46
53
74
58
79
77
74
58
58
74
72
45
74
69
64
72
69
72
52
55
57
60
64
69
55
60
51
44
60_72
68
72
72
51_72
72
56
74
72
68
56_60
72
68
56
46
60_72
58_68
72
60
68
68
60
72
72
60
58
62
74
72
45
73
64
76
69
72
38
36
74
64
60_66
50_71
66
69
54_60
57
60
60
66
60
67
69
69
71
57
72
60
74
76
79
74
79
72
54_57
50_60
72
79
43
71
74
79
67
31
71_74
79
67
43
50
55
59
62
71
74
76
79
67
71
79
79
42
30
69_74
78
76
74
42
74
54
54
62
64
57
67
64
67
64
47
62_71
67
40
71
71
47
52
52
55
59
64
67
69
59
64_70
71
69
67
43
64
36
64_67
60
48
67_72
64
48
62_65
70
48
62
65
48
48
48
67
79
43
41
67_79
71
74
31
43
71
74_79
67
43
50
55
59
62
71
74
79
67_79
74
71
79
71_74
79
71
74
81
71
30
42
74_78
69
76
69
74
74
42
74
54
66
62
69
62
64
67
54
64
67
64
47
40
64
67_71
47
67
64
71
52
67
64_71
52
55
59
59
64
67
69
71
64
55
69
67
43
64
36
64_67
60
64
72
48
67
48
62_70
65
48
62
48
71
69
38
67
50_62
66_71
69
50
62_69
66
50
67
39
63
69
51
67
69
63
71
51
51
69
40
52
64_71
67
67
71
64
64_67
71
52
69
64
52
53
67
52
64
45_60
69
64
67
52
60_67
64
38
67
50
69
66
62
69
66
50_66
62
69
50
69
39
63
66
71
51
63
71
66
63
71
66
63
51
71
72
66
51
76
40_52
71_79
79
71
71_79
52_79
40_71
77
76
74_79
37
36
29
76
72
81
41
79
78
72
79
41_69
41
69
41
34
69
72
41
79
41
72
69
79
41_69
79
41
69
41
29
41
72
79
69
69
69_72
79
67
65
60
62
64
62
60
59
57
55
53
52
50
48
47
45
43
41
40
38
36
31
67_79
71_74
71_74
67_79
43
50
55
55
59
62
67
71
74
79
59_71
62_74
55
79
79
71_74
79
74
71
81
79
30_42
74_78
69
76
74
42
74
69
54
54
62
64
57
67
64
67
64
47
64
67_71
40
47
64
71
67
52
71
64
67
52
55
59
59
64
67
69
55
64
52
71
70
69
67
43
64
64
36
67
60
48
64_67
72
48
62
70
65
48
48
62_65
68
48
48
48
67_72
74_79
43
71_79
67
74
31
74_79
67_71
43
50
55
55
57
59
62
67
71
59
62_71
79
74
55
79
71
74
74
79
71
81
42
30
78
74
69
76
74
66
42
69_74
54
54
62
64
57
67
64
67
64
47
40_67
71
64
62
47
62
71
67
64
52
62
64_71
67
52
55
59
59
64
67
69
70
59
64
71
69
67
43
64
36
64
67
60
72
64
67
43
62_70
65
48
62
48
79
43
67
71
74
31
79
79
43
50
55
59
62
62
67
43_69
71
72
67
62
38
66
45
50
62
54
57
54
54
57
62
64
66
54
67
66
47
62
40
64
59
47
52
55
52
59
64
66
67
52
66
64
62
36
60
48
72
67
64
62
65
70
48
62
48
62
43
59
62
31
67
59
62
59
43
50
55
71
69
67
66
38
45
50
57
54
57
62
64
66
67
66
62
40
59
64
47
52
55
52
59
66
67
66
64
62
60
36
43
72
67
64
48
48
62
70
65
55
62
55
62
31
43
55
59
62
