45_85
88
85
81
52_79
81
55_79
76
61_73
76
73
69
67
69
67
64
45_66
67
68
69
54_70
71
57_72
73
62_74
75
76
77
78
79
80
81
45_85
88
85
81
52_79
81
55_79
76
61_73
76
73
69
67
69
67
64
45_66
67
68
69
54_70
71
57_72
73
62_74
75
76
77
78
79
80
81
45_84
87
84
81
51_78
81
54_78
75
60_72
75
72
69
66
69
66
63
45_64
63
64
66
55_67
66
59_67
70
64_71
70
71
75
76
75
76
78
45_79
78
79
81
52_83
81
55_79
78
61_76
74
73
71
69
67
66
64
50_62
66
69
73
57_74
78
62_81
85
66_86
45_85
88
85
81
52_79
81
55_79
76
61_73
76
73
69
67
69
67
64
45_66
67
68
69
54_70
71
57_72
73
62_74
75
76
77
78
79
80
81
45_85
88
85
81
52_79
81
55_79
76
61_73
76
73
69
67
69
67
64
45_66
67
68
69
54_70
71
57_72
73
62_74
75
76
77
78
79
80
81
45_84
87
84
81
51_78
81
54_78
75
60_72
75
72
69
66
69
66
63
45_64
63
64
66
55_67
66
59_67
70
64_71
70
71
75
76
75
76
78
45_79
78
79
81
52_83
81
55_79
78
61_76
74
73
71
69
67
66
64
50_62
66
69
73
57_74
78
62_81
85
66_86
62_78
81
78
61_74
59_78
83
78
74
62_78
81
78
61_74
59_78
83
78
74
62_78
81
78
61_74
59_78
86
78
74
62_67_71_79
83
79
74
62_66_69_78
81
78
74
57_73
76
73
56_69
54_73
78
73
69
57_73
76
73
56_69
54_73
78
73
69
57_73
76
73
56_69
54_73
81
73
69
57_62_66_74
78
74
69
57_61_64_73
76
73
69
61_64_68
69
71
69
59_62_64_68
69
70
71
57_62_64_72
73
74
75
56_62_64_76
61_64_68
69
71
69
59_62_64_68
69
70
71
57_62_64_72
73
74
75
56_62_64_76
57_67_75
76
78
76
57_66_75
78
81
69
57_65_73
74
76
74
57_64_73
76
81
69
53_57_63_68
69
71
69
52_59_62_64_68
69
71
73
74
76
78
80
57_61_81
69_79_87
88
90
88
69_78_87
90
93
81
69_77_85
86
88
86
69_76_85
88
93
81
65_69_75_80
81
83
81
65_69_75_80
81
83
81
65_69_75_80
81
83
81
65_69_75_80
81
83
81
66_69_75_82
83
84
83
66_69_75_82
83
84
83
66_69_75_82
83
84
83
66_69_75_82
83
84
83
64_69_73_76_84
85
86
85
64_69_73_76_84
85
86
87
64_69_73_76_88
89
90
91
64_69_73_76_92
93
94
95
64_69_73_76_96
97
99
99
64_69_71_76_100
88
64_68_71_74_76_100
98
97
95
93
92
90
88
86
85
83
69_73_81
73
76
73
69
64
69
64
61
76
81
76
73
69
73
69
64
81
85
81
76
73
76
73
69
85
88
85
81
45_85
88
85
81
52_79
81
55_79
76
61_73
76
73
69
67
69
67
64
45_66
67
68
69
54_70
71
57_72
73
62_74
75
76
77
78
79
80
81
45_85
88
85
81
52_79
81
55_79
76
61_73
76
73
69
67
69
67
64
45_66
67
68
69
54_70
71
57_72
73
62_74
75
76
77
78
79
80
81
45_84
87
84
81
51_78
81
54_78
75
60_72
75
72
69
66
69
66
63
45_64
63
64
66
55_67
66
59_67
70
64_71
70
71
75
76
75
76
78
45_79
78
79
81
52_83
81
55_79
78
61_76
74
73
71
69
67
66
64
50_62
66
69
73
57_74
78
62_81
85
66_86
90
93
90
86
33_45_85
88
85
81
52_79
81
55_79
76
61_73
76
73
69
67
69
67
64
33_45_66
67
68
69
54_70
71
57_72
73
62_74
75
76
77
78
79
80
81
33_45_85
88
85
81
52_79
81
55_79
76
61_73
76
73
69
67
69
67
64
33_45_66
67
68
69
54_70
71
57_72
73
62_74
75
76
77
78
79
80
81
33_45_84
87
84
81
51_78
81
54_78
75
60_72
75
72
69
66
69
66
63
33_45_64
63
64
66
55_67
66
59_67
70
64_71
70
71
75
76
75
76
78
33_45_79
78
79
81
52_83
81
55_79
78
61_76
74
73
71
69
67
66
64
38_50_62
66
69
73
74
62_78
66_81
69_85
74_86
124
