47
59
62_66
59
62
59
66
62
59
66
62
66
47
59
59
61_64
57_59
45
57
52
61
59
57
64
59
52_57
45
61
59
61
43
55_59_62
55
50
59_62
55
59
50
55
43
62
62
59
40
55
52_59
52
47
55
52
59
55
52
40
47
59
55
59
47
59_62_66
59
62
59
66
62
62
59
66
62
62
66
47_59
59
61
64
57
45
57
64
61
61
64
59
57
57
59
52
61
64
57
45_52
57
59
59
43
62
55_59
55
50
62
59
55
59
55
43
50
62
59
62
40
55
52
59
52
47
55
59
40
57
47
57
57
57_66
62_69
50
38
69
36
69
69
69
38
62
69
50
69
66
69
69
38
40_52
67
64
36
67
69
40
52_67
66
67
64
66
62
43_55
59_62_67
36
38
64
50_55
62
59
55
67
62
59
38
36
64
62
55_67
57
59
50
43
67
57
57
62
57
38
36
69
66
47_59_62
69
69
69
66
47
69
62
59
69
38
69
61
57_64
36_45
67
69
45
64
61
66
67
57
43
62_66
55_59
36_38_62
55
50
55
62
59
38_57
36_55
62
59
57
57
59
57
57
55
43
50_55
57
69
50
66
38_62
69
36
38
69
69
69
69
38
62
50
69_69
66
69
38
52_67
40_64
36
67
69
40_66_67
67
64
52
66
69
36_43_55_62_67
59
38
67
55
50
69
59
55
66
67
67
62
66
38_59
36_62
62
67
55
59
62
67
43_55
62
50
62
55
62
64
64
47_66
62_66
38_59
36
66
64
47
66
62
59
64
62
62
64
61
38_45_57_64
36
64
66
66
45
61
64
62
62
57
62
36
38
43_55_59
62
55
50
55
62
57
38_59
36
59
55
57
62
59
57
55
55
43_50
57
50
81
50_66
69
62_69
38
36
38
69
69
69
38_62
78
50
66_69
69
81
69
69
78
76
40_52_52_67
64
38
50
36
69
76
67_74
74
67
64
40
67
52
76
66
76
36_66_71
59_62_67
43_62
55
38
55
52
59
55
71
50
74
62
64
71
74
55
67
62
74
38
79
59
36_71
74
55
67
62
59
64
57
67
43
55
50
62
55
79
36_38_47
55
57_71
69
66_78
47
59_62
71
69
74
69
78
66
47
59_69
62
74
71
69
71
69
69
47
38_45
69_73
71
36
76
45_61
57_64
69
67
69
61
45
64
66
71
67_76
73
57
66
62
36
38_43
45
71_74
79
43_59
55
71
55
50
55
74
59
38_79
57
36_71
55
71
79
59
57
59
62
74
57_79
55
43
50_55
74
57
50
74
43
76
38_69_78
66
36_50
62
38
74
76
69
69
62
69
38
66
50
69
78
69
69
52
38
50
40_52_67
64
76
36
67
69
40
67
64
52
76
66
79
67
79
52
55
66
43_62_62
36_55_59_67_71
38
55
50_71
79
64
62
59
79
74
55
67
62
74
38_79
71
59
36
55
64
59
62_67
62
71
67
79
62
43
55
62_64
50
55
64
78
59
36_55
66
38_47
62_66
59
66
74
78
64
47
66
62
59
74
62_64
71
71
64
62
66
64
38
69
71
36_73
61
45_57_57_64
59
69_71
66
64
73
61
64
45
64
62
57
62
38
57
36
55
62
43_59
55_62_71
55
71
50
74
74
71
55
62
59
71
71
57_74
38
36
79
62
71_74
55
55
57
59_79
57
57
59
55
43
69
50
55_69
69
71
66
47
62_66
59_62_69
66
38_59
47_59
36_47_59_62_62_66
81
47
62
59
81
59_81
66
47
47_62
59
66
47_66
59_66_81
62_62
62
59
59
66
81
47
62_66
81
81
73
45_71
45_57_61
64
57_61
57_64
59
45
38
61
45_57_64
36
57
79
52
81
45
59
64
61
45
61
64
45
64
61
78
45_57
57_79
52
57
57_57
74
73
43
43_78
74
55
59
55
43
36
38_43
62
55_59_62
55
55
50
57_76
74
57
59
55
59_62
59
57
67
38
36
67
55
69
55
43
69_76
59
62
59
71
57
74
59
43
74
71
74
55
43
74_76_77_79
50
77
55
79
81
78
76
83
74
71
47_66_81
62_66
47_47_59
36_59_62
38
86
83
86
78
76
66
59
47_47
62
66
62
59
74_76
45
36_45_47
61
38_57
64_73_76
61
57_64
45_71_74
43
78
76
64
61
45
45
64
61
78
74
57
74
57
74
43
73
43_59_62
55_59
55_62_62
43_55_57_59_74
36_43
38
45
55
57
59
55_62
50
55
55
67
62
67
69
57_59
55
38
36
69
43
59
62
55
55_59
71
57
59
71
74
55_74
69
43
50_74
55
43
47_66
47_74
59_62
69_71
43
79
66_81
43_47_59_62
36_38
79
81
81
66
47
62
81
47
59
62
81
59
43
55_66
55
81
71
69_73
81
61
45_57
38
61_64
45_45_47_57
36
59_66
62
62
59
79
66
81
45
61
64_78
57
79
45
69
57
61
62_73
43_55_67_78
74_74
43
45
36
38_43
55_59_62
55
74
76
50
55
55
62
55
59_59
43
57
38
36
43
62
59
76
55
67
55
62
59
74
57_67
55
59
43
55
62
55
43
76
45_74
50
43
67
55
71
47
47
45_59_66
62_74
47_59_62_66_66_78
62
47_59_76
36
38
59
78
76
66
62
47
47
66
62
59
47
66
62
59
59
76
74
59
78
74
38
73
71
36_61
45_57
45_47_59_61_64
61
45_57
57_64
64
45
57
78
76
64
45
59
61
45
64
45
64
61
61
76
74
57
57
74
67
73
43
43_59_62
43_55_59
36_45_55_57_62_74
38
59_62
43_55
55
55
50
57
55
62
59
62
43_59
57
55
62
59
59
57
57
38
36
55
59
62
57
59
59
62
43
43
55
55
50
55
55
67
74
71
47_71
47_59_62_66
43
38
36_47_66
59_62
59
59
62
59
62
66
62
66
47
62
59
62_66
62
66
59
47
36
59
38_61
45
57_59
61_64
64
45
47_57
45_71
69_71
69
57
57
59
52
57
64
61
59
57
57
64
38_61
69
71_71
69
38
57_59_61
59
61
38
69
45
69_71
71
38_57
61
57_59
52
45_61
69
38
67_69
43_67
55_59
57_62
43
36_43_59
45_55_62
55
55
57
50
62
59
62
55_55
55
59
55
57
50_57
43
43
57
57
59_59
59
59
64_67
43
36_38_40
40
40_67
55_55_64
52
52
52
52
47_55
52
52
55
38
55
52
59
38
57
55
52
59
57
38
64
40
52
52
38
40
47
52
52
47
64_71_81
40_57
38_45_59_59_61_62_66
47
64
36
57
59
59
62
59
57
64
66
61
62
59
57
59
59_62
62
66
45
61
62
66
47_59
61
57
59
57_71
81
69
36
38
61_79
45_64
57_59
45
47
61
59
45
61
57
59
52
57
59
57_59
61
64
57
38
59
38
69
59_71
61
57
38
79
61
81
45
52_57_69
38_71
61
81
45_57
79
59
61
69_79
38_45
43
67
43_55_59
59_62_76
55
36
43
55
55
62
50
55
59
59
55
57
55
57
59
57
43
55
50
57
43
62
59
59
62
59
67
64
40
40
36_43_55
40
52_55
38
52
52
55
52
55
40
40
38
57
57
64_76
69
66
50_62
38_69
40
69
69
38
69
62
50
69
66
69
69
69
38
52
64_67
40
47
47
67
47_69
40
67
52
64_66
67
66
62
47
43
38
36
43
55_59_62_67
62_64
50_55
59
55
67
62
59
38
36
55_59
64
67
62
59
62
59
67
62
43
55
50
64
62
55
66
64
43
47_47
66
59_62
36_38
64
66
66
47
62
59
62_64
45
47
66
38_62
61
57_64
45
36
64
66
61
45
64
64
62
62
57
62
43_45
36
62
43_59
38_55
55
50
55
62
59
57
36_38
55
59
57
59
62
57
55
43
50
55
57
69
38_43_66
50
36_38_50_62
69
69
69
38
62
50
66
69
69
52
67
64
36_40_69
50_52
38
69
67
40
67
52_64
66
67
62
66
43_55_59_62_67
55
52
36
38
62
55
64
50
59
55
67
62
64
59
38
36
59
55
59_62_67
62_74
59
67
62
74
55_64
43_76
62
50
55
76
64
78
66
47_66
62
59
38
47_47_59_78
59_62_66_74
71
55
36
78
64_76
66
59
78
71
74
66
62
66
59
47_59
47
62
76
62
74
64
74
78
66
62
61
57
45_64
38_47
73
45_57
36_69_71_76
45_57_61
64
78
76
64
57
66
76
45
69
38
71_73
64
61_64
61
76
64
45_74
62
57
57_62
74
43
59
50_55_55_62_67_71
43_69_74
45_62
74
59_62
43_55
67
55
69
55
50
74
55
67
50
48
62
71
48_62
69
47
55
67
59
47
55
69
71
57
45
55
62
45_57
55
59
74
43
71
74
59
43
74
43
59
69
45_55
43
50
45
69
55
69
47
69
43_47_66
59
62
47_47_59_59_62_62_66_66
81
36
71
59
81
62
59
81
66
47
66
62
66_81
59
47_59
62
59
81
62
47
81
66
81
61_66_71
62_69
45_57
64
36_59
38
45
47_59
45
45
61_64
57
57
81
79
57
45
45_64
61_69
61
57_59_61_64_71
79
64
78
45
64
59
57_61
69
71
57
57
43_67_69
45_78
59_62
43_55_74
43
59
55_57_62
43_59_62
55
38
36
55
55
55
57
74
76
50
55
55
62
59
62
59
59
55
57
67
69
62
55
57
59
62
69_71
59
55
57_59
38
36
55
76
69
71
62
59
57_59
62_74
55
43
59
62
55
71
45
43
69
43
55_59
43
55
74
76
50
55
55
59
59
78
76
71
59
67
66
38_47_59
62
36_47
66
45_47_59_62
62_66
59
47
59
62_66
67
69_78
47
59_76
59
66
62
59
47
71
66_69
59
62
47_59
74_76
59
38
76
36_61_78
57_64_74
45_57_59_61
45_45_64
76
47
45_61_64
57
57
59
64
76
61
78
57
45
57
45
57_61_69_71
64
76
74
64
61
45
69
71
74
57
74
43
55_67
71
59_62
43_43_55_57
43_59_62
55
36_38
45
55
55
57
59
62
55
67
55
50
55
71
67
55
62
67
67
67
69
59
69_74
57
38_55_71
36
74
55
59
74
71
57
74
59
55
74
55_69_79
43
43
55
43_79
50
71
55_55
69
47_71
66
43_47_59_81
62
38_47_66
59_62
36
66
47_62
59
81
81
59
62
59
47_59
66
66
81
66
62_62
47
59
59
81
47
81
61
45_57
64_73_81
71
45_45_61
38_61
45_47_57_57_59_64
64
36
57
81
79
59_64
61
79
45_45
64_78
64
61
45
61
73
74
57
57
78
59
43_62
55_74
43
43_59
55_62
43_45_59
55_62
36_38
55
62
59
57
55
55_74
76
50
59
57
62
59
62
55
67
67
62
69
59
62
69
59
55
71
57_76
74
38
36
55
74
71
43
74
76
55
57
59
57_79
74
57
59
79
81
55_74
43
76
83
81
50
55
43
86
83
86
76
71
47_59
47
66
62
47_59
36
38_43
78
47
76_79
59
78
76
59
59
47
66
47_62_66
59
76
62
59
66_74
47_62
59
71
74
78
73_79
45_57
38_45
81
36_47_61
45
57_59_64
61
45_57_64
57
78
57_76
45
45
64
59
61
76
64_74
61
73
45
74_81
79
57
74
43
55
74
43
43
59_62
38_55_57
45
36
43_59
55_62
55
55
57
50
55
62
59
55_57
62
59
57
36_38_57
55
59
55
55
59
57_62
59_59
62
74
43_55_55
43
50
55
55
74
38
79
47
66
43_47_59_62
36
66
47
59_62
59
59
83
59
62
62
47
62_66
66
47
59
62
83
81
62
38_47
36
45
59
62
62
45_59
81
47
62
43
62
55_59
38
36
55
50
55
59_62
57
38
36
55
57
55
43_59
43
50
55
47
38
59
47_47_59_71
66
59_62
36
66
59
62
47
59
59
59_62
62
47
59
62
66
62
66
73
49_61
71
45_47
59_61
57
64
38
36
47
57
52
61
57
64
45
57
52
57
57
38
73
61
43_49_50_74
55_59_62_62_67
36
43_69_71
67
69
55
71
50
55
36
55
79
62
36
79
59
81
57_81
36
38
83
55
55_83
57
59
59
55
43_55
43
50
55
55
62
74
59
71
38
66
47_47_50_62
59_59_66
36_47_62
59
59
62
59
66
66
62
47
47_62
59
59
62
59
73
61
45
61
57_59_64_71
38_45
45_61
36_47_57_64
59
57
57
52
59
61
64
57_64
45
45_61
57
52
57
57
74
73
62
61
43
43
45
38_43
55_59_62
36
55
50
79
79
81
81
55
83
36
62
83
59
57
38
91
91
93
55
59
57
93
95
59_95
43
55
50
43
55
38
62
47_71
43_66_74
36_47_59
59_62
62_66
59
47
59
59
53
47_66
62
62
66
59
47
53
59
61
59
49
38_47_61_73
36_45_57_61_64
45
59_64
57_71
57
52
57
45
64
61
59
57
45
64
61
52
57
74
62
43_50_59
38
55_62
43_61_73
36_49
55
79
50
79
81
55
62
81
59
57_83
38
36
83
55
59
50
57
43
55
55
59
55
43
50
62
55
38
74
59
47_71_83
48_95
36
36_59
47
71
71
47_59
48
83_95
36_71
71
36_59
47_71
59
47
71
48_83_95
36_59_71
71
47
48
47_59
71_71
83
95
36_71
47_59
59
36_47
71_71_83_95
59
47_47
36_47_59_71
95
47_71_83
59
71
36
47
59_71
47_47_59_71
83
95
47
59_71
59
95
47
83
47
47_71
36_71
36_57
45
93
73_81
45_69
57_69
33
45_73
57
36_45
81_93
33_45_69_73
45_57_69
73
57
36_69_81
45_45_73_93
33
57_69
45
73
45_69_81_93
33_36_45_57_73
45_57_69
73
73
36_57_69_81
45_45
33_93
57_73
69
45_45_57
69_81_93
45
33
45
69
36_57
45
57_93
69_81
33_45
57
45_69
36
45_57
81
33
45
93
57
45
73
69
73
69
36
59
47
83_95
35_47_74
36
47_59_59_71
73
95
47
83
59
36_47
47_73
35
71
74
73_93
33_45_45_57_73_81
36
57
69
45
57_93
45
81
36_45_57
73
45
33_69
73
74
43
31_79_91
43
67
36_43_55_67
79
55
91
55
50
79
55
55
67
43
79
67
66
43
38
36_79
67_91
79
55
91
55
66
66
55
55
43_50
79
66
91
67
79
31
91
38
36_50
55
43
62
67
55_55
43_74
50
67
55
36_55
35_50_59
38_47_47_59_71
47_71_74
36
59
38_47_47_50_71
47_59
35_36_71_74
71
59
35_47_50_59_71
47_74
36_38_47
71
59
47
38_47_47_50_71
36_59_74
35
71
59
47_71
35_36_47_74
50_59
38
47
71
59
47_47
47_71_74
36_38_59_62
50
47_71
71
38_47_47_50_59_59_74
36
50
38_59
59
74
35_47_47
71
71
47
36
57_69
45
45_49_57
36_49_69_73
37
57_69
45_57
36_45_69
49_49
73
37
57
49_69
37_45_49_57_69_73
36_45
69
37_57
45_45_49_57_69_73
36_49
49
73
36_37_49_69
45_57
57_69
45
57_69
36_45_49_73
37
69
57
73
36_49
37_45_57_57
69_69
37_49_57
45_57
36_45_73
49_69
69
49
47_59_71
38_50
59_71_74
36_47
59
50
36_59
38_47
71_74
47
49
71
37
49_49
36_57_73
45_69
69
57
45
37_49
36_57
45
69_73
57
45
69
49
50
43_67
47_55_71
35
36_43_55_67
55
55
50
50
67
55
55
67
47
59
36_78
38
67
55
59
78
78
55
59_62
67
55
50
43
59
78
79
67
36_38
55
50
47
55
78
62
79
35
47
43_50
71_74
78
55
59
55
50
36_67
59
55
50
50
38
74_74
59
47
47
36_71
59
71
47
50
38_74_86
59
36
47_71
47_47_59_71
50_74
38_86
59_71_71
36_47_47
59
47
50_86
38_74
47_59_71
36_47_71
47
59
74
50_86
38_47_71
36_59
47_71
59
74
38_50
71
36_47_86
59
38_47_50_59_71
74
47
36
71
59_59
47
47_71
50
38_59
59
36_74
47
47
71
47
71
86
45
37_49
73
36_57_85
45_57_69
45
69
37
45_49
36
57_73
69_85
45
57
45_69
49
45_73
37
36
45_57_69
85
57_69
45
37_45_49
36_73
45_57_85
69
69
45_57
73
36_45_49
85
37_69
69
45_57
57
45
36_45
49_73
37_45_69_69
57
45_57
45_73
49_69
37_45
36_57_69
45_57
45
37_57
45
45_69
49_57
36_69
73
85
38_50_74
86
47_59_71
47_59
36_47_71
59_59
36_50
38_47_47
71
74
47_71
86
37_49_73
45_57
36
45_69
85
57
45_69
36_37_49
57
57_69_73
45
69
45
45
43_85
47
71
79
59_62_67
35_43_43_55_67
36_55
55
59
55
50
50
47
67
47
55
55
71
62
67
79
78
71
67
59
36_38
47
59
55
78
55
78
55
50_59_62_67
59
67
62
43
78
79
36
38_50
55_55
47
78
43
43
50
79
55
35
74
59
78
55
47
50
36
59
67
71
55
35
47
50
38
59
74
36_47
59_71
71
47
35
47
50
36
38_59
59_74
47_47_71
71
35_47
36
59
47_71_71
59
47
35
47
36
59_71
47_47_74
59_71
47
35_36
59_71
47_59_71
35
47_47
36
71
47
47_59
59_71
36_47
35
71
59_59
47_47_71
59
35
36_38_50_59
74
47
47
47_71
71
50
74
38
85
49
57
36_45_57_69
45
69
37
49
73_85
36_49
57_57_69
45_45_69
85
37_49_73
49
45_57
36_69
45_57_69
73
49
37
85
36_45_49_57_69
57_69
45
37
49_73
85
49
57
36_69_69
45
45_57
49_73
37
85
36_69
49_69
45_57
45_57
49
36
85
69_69
57
45
45_57
37
49
73
36
45_57
57
45
49
69
69
85
38_50
74
49_59_71
47
36
59_71
47_86
50
38
59
74
59
47
36
71
47_49
71
86
37_49_73
85
36_49
57
45
69
69
59
49_57
45_47
37
57_57
59
69_73
36_45_47
45
49
69
85
47
71
35_50_83
55_62_67
43_59
36
43
67
55
47
59
50
50
67
47
55
55
47
62
50
67
47
59
38
36
35
67
59
35_55
47_62
59_67
55
50
59
47
50
36
55
55
35_38
67
47
36
71
50
43_55
59
50
43_67
62
50_55
59
83
38_71
78
50
43_67
55
36_43_59_62_67
43_59_62
67
59
59
55
50
50
67
62
50
55
55
67
38_62
78
38
59
50
38_59
36
79
59
59
69
55_67
59
67
62
55_59_62_67
59
62
67
59
55
38
50
67
69
55
43
38
62
50_67
55
43
50
55
50
66
69
38_59
67
59
66
38
79
78
42
66
42
42
36
42_66_66
73
69_71
43_69
66
54_54
69
73
66
66
54
42
66
66
67
66
42
66_66
38_54_69_73
69_73
36
54
54
66
66
54
69
66
54
67
69
73_73
38
54
54
66
38_67
66
66
54
42
66
66
54
54
42
54
67
69
42
54
54
38_69
67_78
43_79
43
43_59_62_66_67_67
42
59_62_67
36_43_55
59
59
50
55
50
67
43
67
55
55
62
62
38
59
59
36
59
59
55
59_67
62
55_59_67
62
59
38_81
79
59
67
67
62
38_55
55
43
43
62
50
50
67
55
55
59
59
67
69
67
59
59
67
69
83
38_81
47
69_71
43
62_66_66
36_47_47_59_62
71
69
59
62
62
66
59
59
71
62_66
71
36_38
66
71_78
74
59
71
59
74
78
62
71
59
38
71
69_71
81_83
38
62
59_78
71_74
59
66
71
47
59
74
78
45
69
47_71
47_71
59
62
59
71
38
45_81
43_79
71
43_59_62_79
43_67_67
36_67
71
79
59
50
74
74
67
55
71
62
71
71_79
55
36_38_67
59_69
71
79
74
59
55
74
55
59_62_67_71
69
67
38
59
62
71
67_74
67
79
81
71
79
55
38
55
69_71
45_67
43_69
71
43_43
55
55
50_79
81
79
43_66_74
45
74
66
78
42_66
38
79
78
42_42
43_66
69_73
36_74
71
67
66
78
81
54
69
81
73
66_78
78
66
66
67
78
81_85
54_66_73
69
36_38
78
54
81
85
66
78
78
38
81
69_73
54
54
81
66_66
85
78
59_66_66_81
38
81
85
78
66
42
62
54
54
66
42
59
54
38
62
47
71
47_62_66_71_78
59_74
42_66_71
47
66
36_78
71
59
74
54
59
78
62
71
59
83
71
66
36
38
71_74_78
62
54
59
71
74
78
59
62
38
71
66
59_62
71
59
38_71_78
74
54
47_71
62
74
66
69_71_83
71
78
59_59
47
47
59
54_59_71
83
47
38
69
71
59_66_71
62
36_47
47
59
71
59
54
83
71
47
73
85
49
62
71
59
71_73_85
66
49
74
36
50_62_86
38
74_78
71
59
71
74
78
62
54
50_74
86
76
52
38
88
62_66
59
71
71
88
76
38
54_59
90
47
47_78
52
54
54_59
62
66
83
59
69
71
83
38
59
86_88
43
43_55_83
59_62_67
78_91
36_55_90
67_69_91
79
54_86
55
55
83
88
59
55
50_86
91
86
62
67
55
83
83
71
59_83_86
55_67_91
36
38
83
86
91
59
83
83
55
38_55
59_62_67
79
86
67_71
59
62
67
86
79
38
55
83
91
67_71
55
43
83
91
55
55
50
55_66
67
71
43
55
66
38
90
91
78
79
54_67
42
66_73
66_69
90
36_42_55
97
90
66
97
54
93
69
73
93
90
66
90
90
54_66_97
93
36
38_69
66_69
90
93
97
93
69
54
38
54
93
66_73
69_90
69
66
73
90
69
66
97
90_93
54_54
38
69
42
66_97
93
90
54_54
54
59
42
54
38
59
69_71
59_73_78
47_66_83_90
59_62_90
86
36
83
47
54
59
83
62_86
90
59_59
66
83
62
83
62
36
38
66_90
62_83_86
83
59
59
86
62
90
38
59
59
38
59
66
47_83
59
62
71
54
62
83
59
83
47
59
38
54
59
59
71_83_85
83
59_62
36_47_66
86
47
90
83
59
86
54
59
71_83
59
57
81
69
62
59
36
86
90
66
69
57_81
55
67
36_79
59_86
62_83
83
62
55_79
67
54
66
54
78
66
62
36
59
78
66
54_64_76
36
54
52
59
62
47
47
66
76
59
64
52_59
62
74
50_54
36
73
59
62
74
59
36
59_62
66
47
50
47
85
59_59
73
62
66
47
71
62
54
59
59
66
62
62
54
59
66
62
62
66
62_66
47
47
61
45_57_64
57
52
59
64
61
57
57
59
52
59
45_57
71
57
47
43_43
59_62
55_62
57_59
55
55
57
55
36
62
59
50
55
62
43
59
57
55
50_57
43
59_62
62
59
40
52
55
40
55
59
52
52
52
47
55
73
59
52
55
52
55
40
55
52
40
47
52
66
59
62
47
59
62
59
66
62
59_62
62_66
62
66
47
59
59
64
57
45
45
61
57_59_64
57
64
57
64
57
59
57
64
52
64
61
57
57
45
57
52
57
45
57
55
57
55
43
62
43_55_59_62
55_57_59
55
55
50_59_62
55
43
62
55
57
50_59
59
43
62
59
62
40
55
52
59
52
55
59
69
40
69
69
69
81
47_66
59_62
47
71
47
66
59_62
62
66
59
81
81
47
81
66
59
62
47
81
81
69
71
38_45
47_81
45_61
57_59_64
61
45_57_64
79
81
45
57
64
61
59
64
45
79
78
61
57
79
69
45
43
43_78
74
59_62
55_57
38
36
43_59_62
55
55
55
57
50_74
76
50
62
55
55
59
62
59
79
36
81
55_57
57
38
55
57
59
57
62
59
59
76
74
62
59
55
50_74
43
55
43_59
50_55
74
55
74
59
62
47
81
43
38
81
62_83
36_47_66
59_62
66
59_62
47
59
62
66
81
59
47
81
59
66
59
81
47
62
57
81
57
81
81
45
47
38
61
36_45_59_64
57
61
45_64
57
57
59_64
61
57
81
79
45
57
85
83
64
55
61
79
78
45
55
57
43_85
86
45
78
43
57_74
36_38
59_62
43_55
57
55
59
50
59
67
55
55
67
62
55
59
69
38
57
36
69
57
79
81
59
55
81
79
59
74
69
55_86
43
43_55_88
50
55
55
69
59
47
43
38_62_81
66
36_47_47_62_66
59
59
81
62
81
66
59
81
47
66
59
62
47
59
81
59
81
59
81
45
47
38_61_64
45_57_59_61
57_64
45
36
90
88
57
59
81
79
57
64
61
79
45
57
78
64
45
61
57
57
57
90
91
78
74
43
45_55
43_43_62
55_57_59_59_62
38
36
55
57
59
62
55
74
76
50
50
55
55
67
62
67
59
36_57
69
55
38
55
69
76
57
71
59
71_74
59
74
55
43
43_55
76
50
50
55_55
93
91
59
47
76
43
38_47_66
59_62_62
66
78
36_47
59
95
93
62
66
78
76
59
47
66
59
47_62
59
76
57
74
57
74
78
38
45_61_93
49_57_64
59
36_95
47_61_64
45
57
57
59
64
61
78
52
76
45
64
76
57
52
61
74
45_57
74
57
93
91
43
50
49
55
74
38
36
43_59
62
55
55
57
55
57
59
50
62
59
62
55
67
67
62
38
59
36
57
69
74
55
69
57_74
71
59
59
71
74_76
55
55
43_43
50
55
55
76
78
91
47_50_71
38
36
59_74
47_62
47_66_95
78
71
74
78
76
78
47
47
66
62_76
74
59
76
69
45_74
78
36_71
73
76
95
93
45
69
38_47
76
71
73
57
61
45
59_64
76_78
45
76
45
64_76
59
61_74
57
38
43
74
45
91
93
67
74
43
43
55_62_69_71
36_57_59
67
55
74
69
71
50
57
55
74
62
55
67
67
59
57
69
69
55
71
59
57
71
74
62
55_74
59
36
43
62
79
55
79
91
55
67_81
55
81
59
62
67
43
67
83
67_83
43
50
79
43
74
55
43
31
43
43
43
67
59
62
43_67
79
31
