42
42
42
42
62
67
43
70
50
53
74
62
76
55
62_67
31
70
58
67
55
62
58
67
55
62
58
67
55
62
58
55
67
76
58
62
55
67
58
62
55
67
58
62
55
67
58
55
62
58
67
76
55
62
58
67
55
62
58
67
55
62
58
67
55
62
43_62
58
65
67
50
69
53_55
60
72
76
65
62
38
69
58
67
55
62
58
67
55
62
58
67
55
62
58
66
43
58
60
51_63
58_67_70
60
76
67
36
63
67
63
72
60
67
63
72
60
67
63
72
60
67
63
60
72
76
63
67
60
72
63
67
60
72
63
67
60
72
63
60
67
63
72
76
60
67
63
72
60
67
63
72
60
67
63
72
60
67
63
72
60
76
67
63
72
67
60
63
72
60_67
63
72
60_67
43
63
72
50_62
67
53
70
62
74
67_76
55
62
31_70
58
67
55
62
58
67
55
62
58
67
55
62
58
55
67
76
58
62
55
67
58
62
55
67
58
62
55
67
58
55
62
58
67
76
55
62
58
67
55
62
58
67
55
62
58
67
55
43_62
58
62
67
65
50
69
53
72
55
60_76
38_62
65
69
58
67
55
62
58
67
55
62
58
67
55
62
58
67
58
43
51
60_63
58
67
60_67
36
63_76
70
67
63
72
60
67
63
72
60
67
63
72
60
67
63
60
72
76
63
67
60
72
63
67
60
72
63
40
67
60
40
72
63
40
60
67
40
63
72
40_76
60
67
63
72
40
60
67
63
72
60
67
63
72
60
40
67
63
72
91
60
76
40_67
89
63
88
72
86
84
60
83
67
81
79
77
63
76
72
71
74
69
67_72
60
71
67_69
40
67
65
63
64
72
62
60
60
67
59
63
40
57
72
60
55
67
31_35_51_55_67_76
70_74
70
74
42_50
55
62
70
65
74
70
70
65
62
42
37_76
65
62
50
42
55_65_70
50
62
50
76
55
62
74
70
42
62
65_70
74
42
72
50
37_76
57
69
74
67
70
65
69
65
74
62_65
34_42
69
42
48_63
35_36_76
63
55_67
67
70
36_42
63
60
67_72
63_72
67
67_72
63_67_72
63
42
37_76
36
63
55
48
42
63
67
72
36_48_76
55
37
60_72
63_67
42
63_67
72
72
67
63
70
65
37_50_76
57
69
74
69
72
62
74
65
29_42
69
74
74
42
67
31_35_55_67_76
70_74
67
70
74
69
42_50
55
62
70
65
70_74
70
65_74
70
65
62
42
37_76
65
62
50
42
55_65_70
50
62
50
76
55
62
74
65_70
58
42
62
65_70
74
42
72
50
37_76
57
69
74
67
70
65
69
65
74
62_65
34_42
62
69
42
48_63
35_36_76
60
55_63
67
70
36_42
63
60
67_72
63_72
67
67_72
63_67_72
63
42
37_76
36
63
55
48
42
63
67
72
36_48_76
55
60_72
63_67
42
63_67
72
72
67
63
70
42
65
37_50_76
57
69
74
69
72
53
62
65_69_74
65
29_37_42
69
74
37
69_74
67
31_35_62_67_76
70_74
67
70
74
42_50
55
62
70
65
74
70
70
65_74
70
65
62
42
37_76
65
62
50
42
55_65_70
50
62
50
76
55
62
74
70
69
42
62
65_70
74
42
72
50
37_76
57
69
74
67
70
65
69
65
74
62_65
34_42
69
42
48_63
35_36_72_76
63
55_67
67
70
36_42_63
67
60
72
63_72
67
67_72
63_67_72
63
42
37_76
36
63
55
48
42_63
63
67
72
72
63
67
36_48_76
55
72
67
63
60
63
42
67
72
72
67
63
70
42
65
37_50_76
57
69
65_69_74
72
62
65
29_42
69
74
69
65_74
42
67
31_35_55_76
70
74
74
65_70
42_50
55
62
65
70
70_74
70
65_67
62
42
37_76
65_70_74
62_67
50
42
55_65_70
50
62
50
76
55
62
74
67_70
69
42
62
65_70
74
42
72
50
37_76
57
69
74
67
70
65
65_69
74
62_65
34_42
62
69
42
48_63
35_36_76
60
55_63
67
70
36_42
63
60
67_72
63_72
67
67
72
63_67_72
63
42
37_76
36
63
55
48
42
63
67
72
36_40_48_76
55
40
67_75
63
60
63_67
60_67
72
40
50_55_65_76
57
74
69
40
55
53
62
65_69_74
65
29_40
69
74
40
69_74
31_35_42_58_62_65_76
70_72
66
73
67
74
60
42_50
55
62
70
65
74
70
70
65_74
70
65
42
62
37_76
65
62
50
42
55_65_70
50
62
58
57
50
76
55
62
55
74
65_70
58
42
62
65_70
42
50
37_76
57
74
67
70
65_69
62_65
34_42
62
69
42
48
35_36_76
60
55_63
67
42
63
67_72
60
63_72
67
67_72
63
63_67_72
42
37_76
69
63
55
48
82
42_63
63
67
72
72
63
67
48_76
55
72
67
63
60
63
42
67
72
72
67
63
42
37_50_55_76
57
74
69
53
62
65_69_74
65
29_42_55
69
74
42
69_74
31_35_55_65_76
70_72
58
66
73
67
74
42_50
55
62
58
70
65
70_74
70
65_74
70
65
42
62
37_60_76
65
62
50
42
55_65_70
50
58
62
57
50
76
55
62
55
74
65_70
58
42
62
65_70
42
50
37_76
57
74
67
70
65_69
62_65
34_42
62
69
42
48
35_36_76
60
55_63
67
42
63
67_72
60
63_72
67
67_72
63
63_67_72
42
37_76
63
55
48
42
63
67
72
48_76
55
37
67_75
63
60
63_67
42_55
60_67
72
37_50_76
55
57
74
69
53
62
65_69_74
65
29_42
55_69
74
42
69_74
31_35_62_65_76
58_70_72
66
73
67
74
42_50
55
62
70
58_65
74
70
70
65_74
70
65
42
62
37_76
60
65
62
50
58
42
55_65_70
50
62
57
50
76
55
62
55
74
65_70
58
42
62
65_70
42
50
37_76
57
74
67
70
65_69
62_65
34_42
62
69
42
48
35_36_76
60
55_63
67
42
63
67_72
60
63_72
67
67_72
63
63_67_72
42
37_76
63
55
48
42
63
67
72
48_76
55
55
60_72
63_67
42
63_67
72
72
67
63
42
37_50_55_76
57
74
69
53
62
65_69_74
65
29_42_55
69
74
42
69_74
31_35_55_65_76
58
70_72
66
73
67
74
42_50
55_58
62
70
65
70_74
70
65_74
70
65
42
62
37_76
60
65
62
50
42
55_65_70
50
58
62
57
50
76
55
62
55
74
65_70
58
42
62
65_70
42
50
37_76
57
74
67
70
65_69
62_65
34_42
62
70
42
48
35_36_76
60
55_63
67
42
63
67_72
60
63_72
67
67_72
63
63_67_72
42
37_76
63
55
48
42
63
67
72
48_76
55
60_72
63_67
42_55
63_67
72
72
67
63
42
55
37_50_76
57
74
69
53
62
65_69_74
65
38_42_50
69
74
42
69_74
35_42_43_53_62_65_76
70_72
66
73
67
74
42_50
55
62
55
70
65
70_74
43
70
65_74
70
65
42
62
37_76
65
62
50
38
67_70
74
42
55_65_70
50
62
53
50
43_76
55
55_62
74
70
70
65
58
42
62
65_70
42
50
37_38_76
57
74
67
70
69_74
62_65
42
65
70
53
42
55
48
35_36_76
60
55_63
67
53
42
63
67_72
60
63_72
67
36
67_72
63
63_67_72
42
55
37_76
63
55
48
31_42
53
63
67
72
58
36_48_76
55
72
63_67
37
57
63
60
63_67_72
42
67
72
37_42_50_76
57
74
69
55
53
62
65_69_74
65
38_42
69
74
42
69_74
53
35_43_65_76
70_72
66
73
67
74
55
42_50
55
62
70
65
74
70
43
70
65_74
70
65
42
62
37_55_76
65
62
50
62_67
70
38
42
55_65_70
50_53
62
70
67_74
50
43_76
55
55
62
67
42_70
53
62
65_70
62
55
42
74
67
70
50
37_38_76
57
74
67
70
53_65_69
62_65
42
62
70
42
55
48
35_36_76
60
55_63
67
53
42
63
67_72
60
63_72
67
36
67_72
63
63_67_72
42
55
37_76
63
55
48
58
31_42
63
67
72
57
82
36_37_48_76
55
60_72
63_67
42
63_67
72
72
67
63
37
35_38_42_50_76
57
82
74
69
42
53
62
65_69_74
65
37_42
69
74
69_74
35_42_43_55_65_76
58_62
70_72
67_70
74
66
73
67
74
58
42_50
55
55_62
70
65
70_74
58_70
65_74
55
70
65
42
62
58
37_62_76
62
58
65
62
50
62
67
42
55_65_70
50
62
62
70
67
50
76
55
62
74
65_70
58
42
62
65_70
42
50
37_76
57
57_62
38
69_72
65
74
67
70
65_69
62_65
42
62
70
42
48
35_36_76
60
55_60_63
67
55
63_67
70
60_63
42
63
67_72
60
63_72
67
63
60
67_72
63
63_67_72
42
67
63
37_76
67
63
63
55
48
67
67_72
42
63
63_67
72
72
67
67
63
63_72
72_75
67
48_76
55
67
63
60
63
42
67
72
72
67
63
42
57
62
69_72
65
37_38_50_76
57
74
69
53
62
65_69_74
65
42
69
74
42
69_74
35_42_43_55_65_76
58
70_72
67_70_74
62
66
73
67
74
58
42_50
55
55_62
70
65
74
70
70
58_65_74
55
70
65
62
42
58
37_62_76
62
58
65
62
50
62
67
42
55_65_70
50
62
62
70
67
50
76
55
62
74
65_70
58
42
62
65_70
42
72
50
37_38_76
57_62
65
69
57
74
67
70
65_69
62_65
42
62
70
42
48_63
35_36_76
60
60
55_63_67
67
55
70
60_63
40
63
67_72
60
63_72
67
39
40
63
60
67_72
63
63_67_72
67
63
76
60
67
63
63
67_72
40_63
55
48
43
72
67
67
72
63
40
63
67
72
72
67
63
40_67
72
72
75
67
48_63
82
55
48_76
40_72
67
67
47
67
49
65
35_43_43_76
74
67
70
69
67
74
70
50_55_74
67_67
70_70
42_56_62
70
67
67_70
74
74
67_70
70
70
56
69_74
43_43
62_67
70
37_74_76
70
67
74
67
69_70
50
55
38_38_67_74
62_70_70
42_56_70
67
67_70_74
70_74
67
67_70_74
62_67
56_69
70
74
67
70
76
70
43_43
74
67
70
69
50
55
74
62_70
42_56_67_67_70
67_70
70_74
67_70_74
74
67
56_62_67_70_70
69
42
70
37_38_38_72_76
65
69
65
72
69
69
48_53
60
65_70
42_56
69
65
65_69_69
65_72_72
69
65_69_72
56_65_69_72
65_69
60
42
63
67
55_70
35_39_39_70_76
69_70
63
67
46
51
58_63_70_70
42_56_67_70
63_63_67
67
63
58_67
70
39_39_63_70
63
67_67
56
69
42
63
70
37_76
67
70
63
70
67
69
46
51
58
70
34_34_42_70
56
63_63_63_67_67
70
67
67
58
67
63_67
63_70
56_69
65
65
65
63
67
70
65_70_76
39_39
63
67_70
69
65
46
63
51_70
42_56
58_67
39_39_63
63_67_70
70
67
63_67
63
67
56_58_67_70_70
63_69
65
42
62
65
70
37_38_38_65_69_76
62
65_69
69
46
58
50_62
65
67
65
70
42_56_69
62
62
65
69
65
58_62
65_69
62
56
62_65
69
69
42
63
65
70
35_36_36_76
67
60
69
63_67
60
48
43
70
42_56_63
60_63_67_67
63_67
60_60_67
67
60_63
56_67
63_69
36_36
60_63_67
60
42
60
67_70
37_76
63
60_67
63
69
48
43
31_31
70
42_56_60
60_63_63_67
67
60_63
67
60
63_67
63
56_60_60_63_67_69
67
63_67
60
70
76
36_36
60_63_67
69
37
43
48
70
42_56_60_63
60_63_63
67_67
60
67
63
60
60_63_67
67
67
56_63
69
60
62
65
69
70
37_38_38_76
62
69
65
69
46
50
58
70
42_56_62
65_69
62_65_65_69
62
62_65
58_69
56_62_65_69
65
69
62
42
63_70
67_70
35_39_39_76
63_70
67
69
46
51
63
67_70_70
67
58_63
63_70
42_56
67
58
39_39_63
63_63_67
67_70
56_67
69
42
63
67_70
70
37_76
63
67
69
46
63_70
51_63_63
58_67
67_70_70
34_34_42_66
56
67
67
63_63
66_67_70_70
56_69
63
58
67
63
67_70
70
76
39_39
63
70
67
69
67
46
51
70
42_56_66
63_63_67_70
67
39_39
70
58
63_67
67
63_66
56_70
67_69_70
58
63
67
42
65
67_69_72
70
37_41_41_76
65_72
69_69
48
53_67
65_70
42_56_66_69_72
60_65
41_41_69
65_69_72
65_65_69_72
69
56
69
66
65
60_69
42
65_70
35_43_43_76
74
67
70
69
67
74
70
67_67
62
50_55_74
67
70_70
42_56_67_70_70_74
67
70
70
67_74_74
62_67
70
56
69
43_43
70
37_74_76
70
67
74
67
69_70
50
55
38_38_67_74
67
62
70_70
42_56
70_74
67_70
67_74
67
70_70
62
56_69_70
67_74
74
67
70
76
70
43_43
74
67
70
69
50
55_70
74
70
42_56
67_67_67
62
70_74
70
67_70_74
74
67
56_70
69
67
62_70
42
70
37_38_38_72_76
65
65
69
65
65
72
69
69
48_53
70
42_56
65_65_69_69
65
60_65_72_72
69
69_72
56_65_69_72
69
65
65_69
60
42
63
67
70
35_39_39_70_76
55
69_70
63
67
46_58
51
63
63
67_70
70
42_56_70
63
67
67
63
67_70
67_70
63_63_67
39_39
58
56
69
65
42
65
63
70
37_66_76
67
70
63
70
67
69
65
46
70
51_63
58_67
70
34_34_42_63
56
63
67
70
67
63
67
70
67
67
63_70
56_69
65
63
67
70_70
66_76
39_39
63
70
67
69
46
51_70
42_56
63_63_70
67
39_39_67
58_63_70
67
67
67_70
63_63_67
56_70
69
58_63
42
62
70
37_38_38_65_69_76
62
65_69
46
50
58
62
70
42_56
65_69
62_65_67
69
62
65
58
62
62
65_65
62_65_69
56
69
63
70
35_36_36_76
67
60
65
69
63_67
60
48
43_63
60_67
70
42_56
63
60_63
60
67_67
67
60_63
67
60_63_63
67
56_60
69
36_36
67
63
60
70
37_76
60_63_67_69
48
43
31_31
63_70
42_56
60_60_67
60_63
63
67
67
60_60_63_67
67
56_69
63_63
67
60
60
63
67_70
76
36_36
60
67
63
69
43
63
48
70
42_56_60
60
63
63_67
67
60
67
63
67
60_63
56_67
69
60_63
67
42
62
70
37_38_38_65_69_76
62
65_69
46
50
62_65_69_70
42_56
65_69
62
58
62
65
62
65
65_69
56_65
62
62_69
58
42
63
67_70
70
35_39_39_76
63_70
67
69
46
63
51
67_70
63
70
58_67
66_70
42_56_63
67
70
63_67
63
63
58_67_70
39_39_67
56
69
42
63_70
67
66_70
37_76
63
70
67
69
46
58_63
51
63_67_70
70
34_34_42
56
66_70
63_67
67
58_63
67
63_66_67_70
63
56_69
67
70
63
67
70_70
37_76
39_39
63
70
67
69
66
46_58
51_63
63_67
70
42_56
63
67_70
39_39
70
67
58_63
67_70
67
63
63_67
56_70
69
37
65
42
65
65
70
35_41_41_66_76
65_67
72
70
67
72
70
69
65
42
48
65
53
72
65
60_67
70
37_42_56_70
41
65
60_69
65
56
60_65
69
60_65
69
65
70
70
35_42_46_62_65_76
65
53
58
62_62_65_70
42_65
63
46
55_58
37
63
67
70
42_76
70
74
77
65
62
70
74
46
58_70
62
42_62_65
53
65
65
58
42_76
58
53
62_65
62
69
65
42_62_70
57
64
56
42
55
63
60
57
37_53_76
60_65
58
65
60
69
69
42
62
65
69
42
62
58_62
34_35_76
65
53
60
58
62
65
62
42
65
70
34_58
60_63
53
37
55
42
58
76
70
74
77
62
74
70
34_58_62_65
42
53
65
58_62
65
42
58_58_65
53
76
62
65
58_69
65
42_62
62_65
65_70
62
42
65
57
53
60_65
37_76
65
65
60_69
58_65
42
62
69
60_65
42
65
35_42_46_62_76
65
53
58
62
42
62_70
65
65
63
70
46
55_58
37
63
67
76
70
74
77
74
62
70
46_65_70
58
62_62
42_65
53_65
58_65
58
42_76
62
53
62_65
69
65
42_62
62
70
65
65_70
62
42
57
37_53_76
60
60_65
58
65
60
42
60_69
69
65
69
60_65
62
58_62
34_35_76
65
53
62
42_58
62_65
65
60
70
34
60
53
37
63
55
58
42_76
70
74
77
74
58
53_58_62_65
70
34
42_58_62
65_65
53
65
33_57_57
62_65
49_60_62
35_57_62_65_72_76
60
69
44
50
57_57_62
57_57_60_66
35_38_76
62_62
60
66
66
72
44_69
30
67
31_35_42_55_67_76
55
62_70_74
58
67
55
67
62_70
58
67
55
74
42_50
55_62
62
70
65
74
58_70
67
55
70
65_74
62
70
58_65
42
62
55
67
37_76
58
62
55
67
58
62
65
62
50
55
67
58
42
55_65_70
50
62
62
55
67
58
55
62
58
67
50
76
55
62
55
62
58
67
55
62
74
65_70
58
58
67
55
42
62
65_70
62
58
67
55
62
42
74
58
67
55
72
50
37_76
57
62
58
67
55
69
62
74
67
70
58
67
65
55
69
65
74
62_65
34_42
62
62_69
58
67
55
62
42
58
66
60
48_63
35_36_76
67
60
55_63
63
72
60
67
67
63
72
60
70
42
67
63
60
67_72
63_72
67
63
72
60
67
67_72
63_67_72
63_63
42
60
72
37_76
63
67
60
72
63
67
63
55
48
60
72
63
42
63
67
72
67
60
72
63
60
67
63
72
48_76
55
60
67
63
72
60
67
63
72
60_72
60_63_67
42
63_67
72
67
63
72
72
60
67
63
67
70
63
72
60
65
37_50_76
67
57
63
72
67
60_69
74
69
63
72
72
53
62
60_65_67_69_74
65
29_42
69
74
63
72
60_67
42
69_74
63
72
67
31_35_55_76
55
62
58
67
55
62_70
58
67
55
74
74
65_70
42_50
55_62
62
65
70
58
67
55
62
70_74
70
58_65_67
42
62
55
67
37_76
58
62
55
67
58
62
65_70_74
62_67
50
55
67
58
42
55_65_70
50
62
62
55
67
58
55
62
58
67
50
76
55
62
55
62
58
67
65
55
62
65_74
67_70
58
67
55
42
62
65_70
62
65
58
67
55
62
42
74
58
65
67
55
72
50
37_76
57
62
58
67
55
62
66_69
74
67
70
58
67
65
55
62_65_69
74
62_65
34_42
62
69
66
58
67
55
62
42
58
67
66
60
67
48_63
35_36_76
60
55_63
63
72
60
67
67
63
72
60
70
42
67
63
60
67_72
63_72
67
63
72
60
67_67
72
63_67_72
63_63
42
60
72
37_76
63
67
60
72
63
67
63
55
48
60
72
63
42
63
67
72
67
60
72
63
60
67
65
66
63
72
37_48_65_76
55
60
67
63
72
40_60_65
67_67_75
63
63
72
60
60_63_67
60_67
55
72
67
63
72
60
67
40_65
63
72
60
50_76
67
55_57
63
72
60
67
74
69
40_65
63
72
60
53
62
65_67_69_74
65
29_40_65
55_69
74
63
72
60
67
40_65
63
69_74
72
60
74
31_35_62_65_76
58_70_72
66
73
67
74
42_50
55
62
70
58_65
74
70
70
65_74
70
65
42
62
37_76
60
65
62
50
58
42
55_65_70
50
62
57
50
76
55
62
55
74
65_70
58
42
62
65_70
42
62
60
50
37_76
57
57
74
67
70
65_69
53
62_65
34_42
62
69
42
48_51
35_36_76
60
55_63
67
55
58
42
63
67_72
60
63_72
67
67_72
63
63_67_72
42
37_76
63
55
48
42_63
63
67
72
72
63
67
48_76
55
72
67
63
55
60
63
42
67
72
72
67
63
58
53
55
37_50_76
57
57
74
69
60
53
62
65_69_74
65
29_42
55
69
74
42
69_74
55
31_35_55_65_76
70_72
58
66
73
67
58
74
62
42_50
55
62
58
70
65
70_74
70
65_74
70
65
42
62
37_76
60
65
62
50
42
55_65_70
50
62
58
50
76
55
55
62
74
65_70
58
42
62
65_70
42
62
60
50
37_76
57
57
74
67
70
65_69
53
62_65
34_42
62
69
42
48_51
35_36_76
60
55_63
67
55
58
42
63
67_72
60
63_72
67
67_72
63
63_67_72
42
37_76
63
55
48
42
63
67
72
48_76
55
67_75
63
55_60
63_67
42
60_67
72
58
53
55
37_50_76
57
57
74
69
60
53
62
65_69_74
65
29_42
55
69
74
42
69_74
55
58
31_35_62_65_76
70_72
66
73
67
58
74
62
42_50_58
55
62
70
65
74
70
70
65_74
70
65
42
62
60
37_76
65
62
50
58
42
55_65_70
50
62
42
57
50
76
55
62
55
74
65_70
58
42
62
65_70
42
62
60
50
37_76
57
57
74
67
70
65_69
53
62_65
34_42
62
69
42
48_51
35_36_76
60
55_63
67
55
58
42
63
67_72
60
63_72
67
67_72
63
63_67_72
42
37_76
63
55
48
42
63
67
72
42
48_76
55
37
55
60_72
63_67
42
63_67
72
72
67
63
42
58
53
55
37_50_76
57
57
74
69
60
53
62
55_65_69_74
65
29_42
69
74
42
69_74
55
31_35_55_58_65_76
70_72
66
73
67
58
74
62
42_50
55
62
58
70
65
70_74
70
65_74
70
65
42
62
37_76
58
65
62
50
60
42
55_65_70
50
62
58
50
76
55
62
74
65_70
58
55
42
62
65_70
42
62
60
50
37_76
57
57
74
67
70
65_69
53
62_65
34_42
62
70
42
48_51
35_36_76
60
55_63
67
55
58
42
63
67_72
60
63_72
67
67_72
63
63_67_72
42
37_76
63
55
48
42
63
67
72
37_42_48_76
55
60_72
63_67
42_55
63_67
72
72
67
63
37
58
53
35_42_50_76
55
57
57
74
69
42
60
53
50_62
65_69_74
65
37_38_42
69
74
69_74
55
53
35_42_43_62_65_69_76
74
66
67
58
74
70
62
55
42_50
55
62
70
65
70_74
43
70
67_74
70
65
42
62
37_76
65
62
50
38
50
42
55_65_70
50
62
50_53
43_76
55
62
67
74
70
70
67
55_74
42
62
65_70
42
62
60
50
37_38_76
57
57
74
67
70
69
65
53
74
62
53
62_65
42
70
42
55
48_51
35_39_67_76
63
55
55
58
72
42_53
63
67
60
63_72
67
39
67_72
63
63_67_72
42
37_76
55
63
55
48
34_42
63
53_67
72
39_48_58_76
55
72
63_67
37
63
60
57_63_67_72
42
67
72
58
53
70
37_41_42_50_65_76
55
57
57
62
65_74
60
62
65_69
42
53
69
74
55
65
69
35_43_76
53
74
66
67_74
58
70
62
55
42_50
55
62_74
70
65
70
43
70
67_74
70
65
42
62
37_76
65
62
50
50
38
42
55_65_70
50
62
53
50
43_76
55
62
67
74
70
55
70
67
74
42
62
65_70
42
62
60
50
37_38_76
57
57
74
67
70
69
65
74
62
53
53
62_65
42
70
42
55
48_51
35_39_67_76
63
55
55
58
42
67
53_60_72
63
63_72
67
39
72
63
67
63_67_72
42
37_76
55
63
55
48
53
34_42
63
67
72
58
39_42_48_76
55
72
63_67
63
57
60
63_67_72
39_42
67
72
42
58
53
70
37_41_50_65_76
57
55
57
62_65
74
60
69
62
65
42
53_69
74
42
55
35_42_43_55_65_76
58_62
55
70_72
67_70
74
66
73
67
74
58
42_50
55
55_62
70
65
70_74
58_70
65_74
55
70
65
42
62
58
37_62_76
62
58
65
62
50
62
67
42
55_65_70
50
62
62
70
67
50
76
55
62
74
65_70
58
42
62
65_70
42
50
37_76
57
57_62
38
69_72
65
74
67
70
65_69
62_65
42
62
70
42
48
35_36_76
60
55_60_63
67
55
63_67
70
60_63
42
63
67_72
60
63_72
67
63
60
67_72
63
63_67_72
42
67
63
37_76
67
63
63
55
48
55_67
67_72
42
63
63_67
72
72
67
67
63
63_72
72_75
67
58
48_76
55
67
63
60
63
42
67
72
72
55
67
63
42
57
62
69_72
65
37_38_50_76
57
74
69
53_53
62
65_69_74
65
42
69
74
42
69_74
55
35_43_55_65_76
58
70_72
67_70_74
62
66
73
67
74
58
42_50
55
55_62
70
65
74
70
70
58_65_74
55
70
65
42
62
58
37_62_76
62
58
65
62
50
62
67
42
55_65_70
50
62
62
70
67
50
76
55
62
74
65_70
58
42
62
65_70
42
72
50
37_38_76
57_62
65
69
57
74
67
70
65_69
62_65
42
62
70
42
48_63
35_36_42_76
60
60
55_63_67
67
55
70
60_63
40
63
67_72
60
63_72
67
39
40
63
60
67_72
63
63_67_72
67
63
76
60
67
63
63
67_72
40_63
55
48
43
72
67
67
72
63
40
63
67
72
72
67
63
40_67
72
72
75
67
48_63
55
48_76
40_72
67
65
66
67
47
67
65
49
35_43_43_76
74
67
70
69
67
74
70
50_55_74
67_67_67
70_70
42_56_62_77
70
67_70
74
74
67_70
56_70
70
69_74
43_43
62_67
70
37_74_76
70
67
74
67
69_70
50
55
38_38_67_74
62_70_70
42_70
56_67
67_70_74
70_74
67
67_70_74
62_67
56_69
70
74
67
70
70
43_43
76
74
67
70
69
76
50
55
74
62_70
42_56_67_67_70
67_70_76
70_74
67_70_74
56_74
67
62_67_70_70
69
76
42
76
70
37_41_41_72
65
69
65
76
72
69
69
48_53
60_65
70
42_56
69
65
65_69_69
65_72_72
69
56
65_69_72
65_69_72
65_69
60
42
63
55_67
70
35_39_39_70_76
69_70
63
67
46
51
58_63_70_70
42_56_67_70
63_63_67
67
63
58_67
70
39_39_63_70
56_63
67_67
69
42
63
70
37_76
67
70
63
70
67
69
46
51
58
70
34_34_42_70
56_63_63_63_67_67
70
67
67
58
67
63_67
63_65_70
56_69
65
63
65_67
70
70_76
39_39
63
65
67_70
69
65
46
63
51_70
42_56
58_67
39_39_63
63_67_70
70
67
65
63_67
56_63
67
58_67_70_70
63_69
42
62
65
65
70
37_38_38_69_76
62
65_69
69
46
58
50_62
65
67
65
70
42_56_69
62
62
65
69
65
58_62
65_69
56
62
62_65
69
69
42
63
70
35_36_36_76
67
60_65
69
63_67
60
48
43
70
42_56_63
60_63_67_67
63_67
60_60_67
67
56_60_63
67
63_69
36_36
60_63_67
60
42
60
67_70
37_76
63
60_67
63
69
48
43
31_31
70
42_60
56_60_63_63_67
67
60_63
67
60
63_67
63
56_60_60_63_67_69
67
63_67
60
70
76
36_36
60_63_67
69
43
48
70
42_56_60_63
60_63_63
67_67
60
67
63
60
60_63_67
56_67
67
63
69
60
42
62
65
69
70
37_38_38_76
62
69
65
69
46
50
58
70
42_56_62
65_69
62_65_65_69
62
62_65
56
58_69
62_65_69
65
69
62
42
63_70
67_70
35_39_39_76
63_70
67
69
46
51
63
67_70_70
66_67
58_63
63_70
42_56
67
58
39_39_63
56_63_63_67
67_70
67
69
66
42
63
67_70
70
37_76
63
67
66
69
46
63_70
51_63_63
58_67
67_70_70
34_34_42
56_67
67
63_63
66_67_70_70
56_69
63
58
67
63
67_70
70
37_76
39_39
63
70
66_67
69
46
51_67
70
42_56
63_63_67_70
67
39_39
70
58
63_67
56_67
63_66
70
67_69_70
58
63
67
37
42
65
67_69_72
70
35_41_41_76
65_72
66_69_69
42
48
53_67
65_70
37_42_56_69_72
60_65
69
65_69_72
65_65_69_72
56
69
69
65
60_69
65
70
35_43_43_76
74
67
70
69
67
74
70
67
62
50_55_67_74
67
70_70
42_56_67_70_70_74
67
70
70
67_74_74
62_67
56_70
69
43_43
42
70
37_74_76
70
67
74
67
69_70
50
55
38_38_67_74
67
62
70_70
42
56
70_74
67_70
67_74
67
70_70
62
56_69_70
67_74
74
67
70
76
70
43_43
74
67
70
69
50
55_70
74
70
42_56
67_67_67
62
70_74
70
67_70_74
56_74
67
70
69
67
62_70
42
70
37_41_41_72_76
65
69
65
72
69
69
48_53
70
42_56_76
65_69_69
65_65
60_65_72_72
69
56_69_72
65_69_72
77
69
65
65_69
60
42
63
67
70
35_39_39_70_76
55
69_70
63
67
46_58
51
63
63
67_70
70
42_56_70
63
67
67
63
67_70
67_70
63_63_67
39_39
56
58
69
42
63
70
37_76
67
70
63
70
67
69
46
70
51_63
58_67
70
34_34_42_63_77
56_63_65
67
70
67
63
67
70
67
67
63_70
56_69
77
65
63
67
70_70
77
39_39
63
70
67
69
37
46
51_70
46_56_77
63_63_70
67
39_39_67
58_63_70
65
67
67
67_70
56
63_63_67
70
69
58_63
44
62
70
37_38_38_65_69_76
65
62
66
65_69
46
50
67
58
62
70
46_56
65_69
62_65
69
62
65
58
62
62
56_65_65
62_65_69
69
63
44
65_70
35_36_36_76
67
60
69
63_67
60
48
67
43_63
60_67
70
42_56
63
60_63
60
67_67
60_63
67
56_60_63_63
67
60
69
36_36
42
67
63
60
70
37_76
60_63_67_69
48
43
31_31
63_70
42
56_60_60_67
60_63
63
67
67
60_60_63_67
67
56_69
63_63
67
60
60
63
67_70
76
36_36
60
67
63
69
43
63
48
70
42_56_60
60
63
63_67
67
60
67
63
67
56
60_63
67
69
60_63
67
42
62
70
37_38_38_65_69_76
62
65_69
46
50
62_65_69_70
42_56
65_69
62
58
62
65
62
56_65
65_69
65
62
62_69
58
42
63
67_70
70
35_39_39_76
65
63_70
67
69
46
63
51
67_70
63
70
58_67
70
42_56_63
67
70
63_67
63
63
58_67_70
39_39_67
56
69
65
42
63_70
67
70
37_76
63
70
67
69
46
58_63
51_65
63_67_70
70
34_34_42_77
56_70
63_67
67
58_63
67
63_67_70
63
56_69
67
70
63
67
70_70
37_42_76
39_39
63
70
67
69
46_58
51_63
63_67
70
42_56
63
67_70
39_39
70
67
58_63
67_70
67
63
56
63_67
70
69
37
42
65
70
35_41_41_76
65
65_67
72
70
67
72
70
69
65
42
48
53_65
65
60
65_70
37_42_56
41
65_72
60_67_69
70
65
56
65
60_65
67_69
60
70
69
72
65
65
70
35_42_46_62_76
65
53
58
62_62_65_70
42_65
46
55_58
37
63_63
67
70
42_76
70
74
77
62
65
62
70
74
46
58_70
62
42_65
53
65
65
58
42_76
58
53
62_65
69
65
42_62_70
57
64
56
42
55
63
57
37_53_76
60_65
60
65
60
69
69
58
42
62
65
69
58_62
34_35_76
65
53_62
58
62
60_65
62
42
65
34
70
58
60_63
53
55
42
58
37_76
70
74
77
62
74
70
34_58_62_65
42
53
65
58_62
65
58_58_65
53
76
62
65
58_69
65
42_62
62_65
65_70
62
42
57
53
60_65
65
37_76
65
65
60_69
58_65
42
62
69
60_65
42
65
35_42_46_62_76
65
53
58
62
42
62_70
65
65
63
46
70
55_58
37
63
67
76
70
74
77
74
62
62
70
46_65_70
58
62
42_65
53_65
58_65
58
42_62_76
53
62_65
69
65
42_62
62
70
65
65_70
62
42
57_60
37_53_76
60_65
65
60
58
42
60_69
69
65
69
60_65
62
58_62
34_35_76
65
53
62
42_58
62_65
65
60
34
70
60
53
37
63
55
58
76
70
74
77
74
58
53_58_62_65
70
34
42_58_62
65_65
53
65
33_57_57
62
65
49_60_62
35_57_62_65_72_76
60
69
44
50
60
57_57_62
57_57_60_66
35_38_76
62_62
66
66
72
44_69
30
67
31_35_42_55_67_76
55
62_70_74
58
67
55
67
62_70
58
67
55
74
42_50
55_62
62
70
65
70_74
58
67
55
70
65_74
62
70
58_65
42
62
55
67
37_76
58
62
55
67
58
62
65
62
50
55
67
58
42
55_65_70
50
62
62
55
67
58
55
62
58
67
50
76
55
62
55
62
58
67
65
55
62
74
65_70
58
65
58
67
55
42
62
65_70
62
65
58
65
67
55
62
42
74
58
67
65
55_65
72
50
37_76
57
62
58
67
55
69
62
65
74
65_67
70
58
67
65
55
69
65
74
62_65
34_42
62
62_70
58
65
67
65
55
62
42
58
66
60
65
48_63_65
35_36_76
67
60
55_63
63
72
60
67
67
63
72
60
70
42
67
63
60
67_72
63_72
67
63
72
60
67
67_72
63_67_72
63_63
42
60
72
37_76
63
67
60
72
63
67
63
55
48
60
72
63
42
63
67
72
67
60
72
63
60
67
63
72
48_76
55
60
67
63
72
37_60
67
63
72
60_72
60_63_67
42
63_67
72
67
63
72
72
60
67
63
67
70
63
72
60
65
37_50_76
67
57
63
72
67
60_69
74
69
63
72
72
53
62
60_65_67_69_74
65
29_42
69
74
63
72
60_67
42
69_74
63
72
67
31_35_55_67_76
55
62_70_74
58
67
55
67
62_70
58
67
55
74
42_50
55_62
62
70
65
74
58_70
67
55
70
65_74
62
70
58_65
42
62
55
67
37_76
58
62
55
67
58
62
65
62
50
55
67
58
42
55_65_70
50
62
62
55
67
58
55
62
58
67
50
76
55
62
55
62
58
67
66
55
62
74
65_70
58
66
58
67
55
42
62
65_70
62
66
58
66
67
55
62
42
74
58
67
66
55_66
72
50
37_76
57
62
58
67
55
62
69
67_74
70
66
66
58
67
65
55
69
62_65
74
62_65
34_42
62
70
58
67
66
66
55
62
42
58
67
60
66
67
48_63_66
35_36_76
60
55_63
63
72
60
67
67
63
72
60
70
42_43
67
63
60
67_72
63_72
67
63
72
60
67
67_72
63_67_72
63_63
42
60
72
39_76
60
63
67
60
72
63_67_72
63
37_67
63
55
48
60
72
63
38_42
63
67
72
67
60
72
63
60
67
63
72
72
67
67
48_63_63
55
36_37_42_76
72
60
67
56
47
56
56
68
32_35_57_63_66_76
71_73
59
67
74
68
71
75
75
42_51
56
63
59
71
66
75
80
75
71_83
71
66_75
71_80
66_75
83
63
37_76
61
66
63
51
59
42
56_66_71
51
63
80
75
83
58
51
76
56
63
56
75
66_71
59
42
63
66_71
75_80
83
80
75
42
83
75
73
51
37_76
58
70
75
68
71
66_70
66
73
63_66
78
35_42_82
63
70
42
49_64
35_37_76
61
56_64
68
68
71
42
64_71_76
68_73
61_80
64_73
68
71_76
80
68_73
64
42_64_68_73
37_76
64
56
49
71
42_64
64_76_80
68
73
73
64
68
49_76
56
37_73
68
64
61
64
42
68
73
71_76
80
73
68
76
64_71
80
71
66
37_51_56_76
58
70
75
70
73
73
54_78_82
56
63
66_70_75
66
30_42
70
75
42
70_75
68
32_35_56_66_76
59_71_73
67
74
68
71
75
75
75
83
80
42_51_59
56
63
71
66
71_75
80
75
83
71
66_75
42_71
66
63
61
37_76
66
63
51
59
83
42_75
56_66_71
51_80
63
56
51
76
56
63
75
66_71
59
42
75
63
66_71_80_83
75
80
83
42
75
73
51
37_76
58
70
75
68
71
66_70
66
63_66
35_42_73
63
70_78_82
42
49_64
35_37_76
61
56_64
68
68
71
42
64
68_73
61_76
80
64_73
68_71
71_76
80
68_73
64
42_64_68_73
37_76
64
56
49
42
64
68
73
71
76_80
42
49_76
56
37
68_76
64
61
64_68
42
61_68
56_73
71
76_80
76
71
80
71
66
37_51_76
56
58
70
75
70
73
54
63
66_70_75
66
30_37_42_76_78
56
73
82
70
75
37
70_75
68
32_35_59_63_66_76
71_73
58
67
74
68
71
75
75
42_51
56_59
63
75
83
80
71
66
75
71
71
66_75
75_80
83
71
42
66
63
37_76
61
66
63
51
59
75_80
42_83
56_66_71
51
63
58
51
76
56
63
56
75
66_71
59
42
63
66_71_75
80
83
75_80
83
42
75
73
51
37_76
58
70
75
68
71
66_70
66
73_78_82
63_66
35_42
63
70
42
49_64
35_37_76
61
56_64
68
68
71
42
76
64
68_73
61_71_80
64_73
68
76
71
80
68_73
64
42
64_68_73
37_76
64
56
49
42
64
68_71
73
76
80
49_76
56
37
61_73
64_68
42_71
64_68
73
76
80
73
71_76
68
80
64
42
71
66
37_51_76
56
58
70
75
70
73
54
63
66_70_75
66_73
30_42_78
56
82
70
75
42
70_75
68
32_35_56_66_76
71_73
59
67
74
68
71
75
75
42_51
56_59
63
75
71_83
66
71_75_80
71
66_75
71_75_80
42
66_83
63
37_61_76
66
63
51
42_59_75
56_66_71
51_83
80
63
51
76
56
56
63
75
66_71
59
42
63_75
66_71_80
83
75_83
80
42
75
73
51
37_76
58
70
75
68
71
66_70
66
63_66
35_42
73_78
63
71_82
42
49_64
35_37_76
61
56_64
68
68
56
71
56
42
64
68_73
61
71
64_73_76
68_80
56
76
80
68_73
64_71
42_64_68_73
37_76
56
64
56
49
56
42_71
64_76
68_80
73
56
37_49_76
56
56
42
56
61_73
64_68
71
64_68
80
73
76
71_76
73
68
80
56
64
37
71
66
56
35_42_51_76
58
70
56_75
70
42
73
51_54
63
66_70_75
66
37_42_42
56
73_78
70_82
75
56
37
70_75
68
54
35_42_44_63_66_70_76
75
67
68
71
75
71
75
56
42_51
56
63
75
83
71_80
66
71_75
44
71
68_75
42_71
80
66
75_83
63
37_76
66
63
51
39
51
42
56_66_71
51
63_75
83
80
51
44_54_76
56
63
68
75
71
71
68
56_75
80
75
42
83
63
66_71
80
83
75
42
75
73
51
37_42_76
58
70
75
68
71
70
66
75
63
66
63_66
78
42
73
82
71
54
42
49_64
35_40_68_76
64
56
56
68
71
73_76
42
71
54_64
68_80
61
64_73
68
76
40
80
71
68_73
64
42_64_68_73
37_76
56
64
56
49
54
35_42
64_71
68
73_76_80
59
40_49_76
56
73
64_68
37
64
61
40_64_68_73
42
58_68
71_73
76_80
71
80
76
71
66
71
37_42_42_51_66_76
56_58
70
63_66
75
73
70
54_63
73
66
37_42_78_82
70
75
42
37
68
54
35_42_44_66_70_76
75
67
68
71
75
71
75
83
75_80
56
42_51
56
63
71
66
75
71
44
75
83
80
71
68_75
71
66
42
63
37_76
66
63
51
39
51
75
83
80
42
56_66_71
51
63
54
51
44_76
56
63
68
75
71
56
71
68
75
75
80
42_83
63
66_71
80
75
83
42
75
73
51
37_42_76
58
70
75
68
71
70
66
75
63
66
54
63_66
42
71_73
78
82
42
56
49_64
35_40_68_76
64
56
68
71
54
42
68
61_71_73_76
64_80
64_73
68
40
73
64
68
71
76
64_68_73_80
42
56
37_76
64
56
49
54
71
35_42_76_80
64
68
73
59
40_42_49_76
56
73
64_68
64
58_61
64_68_73
42
68
71_73
76_80
71
80
42
76
71
66
71
56
37_42_51_66_76
58
70
63_66
75
73
70
63
66
42_54
73_78_82
70
75
42
68
56
35_42_44_56_66_76
59_63_71
71_73
68_71
75_80
75_83
67
74
68
75
59
70
42_51
56
56_63
71
66
71_75
59_71
66_75
56
71
42_66
63
59
37_63_76
68
63
59
66
63
51
63
68
42
56_66_71
51_66
63
63
71
68
51
76
56_68
63
75
66_71
59
66
42
63
66_71
42
64
51
37_76
58
58_63
39
70_73
66
75
68
71
66_70
63_66
42
63
71
63
42
49
35_37_76
61
56_61_64
68
64
56
64_68
71
61_64
42
63
64
68_73
61
64_73
68
64
61
68_73
64
42_64_68_73
68
64
37_76
61
68
64
64
56
49
68
68_73
59
42
64
64_68
73
73
68
68
64
42
64_73
61_73_76
68
49_76
56
37
68
59
64
61
64
42
68
73
73
68
64
42
58
63
58
70_73
66
37_39_51_76
58
75
70
54
56_63
66_70_75
66
42
70
75
42
70_75
35_44_56_66_76
59_59
71_73
68_71_75
63
67
74
68
75
59
42_51
56
56_63
71
66
75
71
71
59_66_75
56
71
42_66
63
59
37_63_76
63
59
66
63
51
63
68
42
56_66_71
51
63
63
71
68
51
76
56
63
75
66_71
59
42
63
66_71
42
73
51
37_39_76
58_63
66
70
58
75
68
71
66_70
63_66
42
63
71
42
49_64
35_37_42_76
61
61
56_64_68
68
56
71
61_64
40
64
68_73
61
64_73
68
40
40
64
61
68_73
64
64_68_73
68
64
76
61
68
64
64
68_73
40_64
56
49
44
73
68
68
73
64
40
64
68
73
73
68
64
40_68
73
73
76
68
49_64
56
49_76
40_73
68
66
68
66
68
49
66
35_44_44_76
75
68
71
69
68
75
71
51_56_75
68_68
70_71
42_56_63
68_71
68_71
75
75
68_71
56_71
71
69_75
44_44
63_68
42
70
37_75_76
71
68
75
68
69_71
51
56
39_39_68_75
63_70_71
42_71
56_68
68_71_75
71_75
68
68_71_75
63_68
56_69
71
75
68
70
76
71
44_44
75
68
71
69
51
56
75
63_70
42_44_56_68_68_71
68_71
71_75
68_71_75
56_75
68
63_68_71_71
69
42
70
37_42_42_73_76
66
70
66
73
69
70
49_54
61
66_70
42_56
70
66
66_70_70
66_73_73
70
56
66_70_73
66_70_73
66_69
61
42
64
68
70
35_40_40_71_76
56
69_71
64
68
65
47
52
59_64_70_71
42_56_68_71
64_64_68
68
64
59_68
71
40_40_64_71
56_64
68_68
69
42
64
70
37_76
68
71
64
71
68
69
66
65
66
47
52
59
70
35_35_42_71
56_64_64_64_68_68
71
68
68
65
59
68
64_68
64_71
56_69
64
68
70
71_76
40_40
64
68_71
65_69
37
47
64
52_70
42_56_77
59_68
40_40_64
64_68_71
71
68
64_68
56_64
68
59_68_71_71
64_69
65
63
65_66
70
37_39_39_70_76
63
66_70
69
47
59_68
51_63
66
66
70
42_56_70
63
63
66
70
66
59_63
66_70
56
63
63_66
69
70
42
66
64
70
35_37_37_76
68
61
69
64_68
61
49
44
68
70
42_56_64
61_64_68
64_68
61_61_68
68
56_61_64
68
64_69
37_37
61_64_68
61
42
61
68_70
37_76
64
61_68
64
69
49
44
32_32
70
42_61
56_61_64_64_68
68
61_64
68
61
64_68
64
56_61_61_64_68_69
68
64_68
61
70
76
37_37
61_64_68
69
44
49
70
42_56_61_64
61_64_64
68_68
61
68
64
61
61_64_68
56_68
68
64
69
61
42
63
66
70
70
37_39_39_76
63
70
66
69
47
51
59
70
42_56_63
66_70
63_66_66_70
63
63_66
56
59_70
63_66_70
66
69
63
42
64_71
68_70
35_40_40_76
64_71
68
69
66
47
52
64
68_71_71
68
59_64
64_70
42_56
68
59
40_40_64
56_64_64_68
66_68_71
68
69
42
64
68_71
70
37_76
64
68
65
69
47
64_71
52_64_64
59_68
68_70_71
35_35_42
56_68
68
64_64
68_71_71
56_69
65
64
59
68
64
68_71
70
37_76
40_40
64
71
68
69
42
65
47_68
52
70
56
64_64_68_71
68
40_40
71
59
64_68
56_68
64
71
68_69_71
59
64
65
68
37
42
66
68
70_73
70
35_42_42_76
66_73
65
69_70
42
49
68
54
66_70
37_42_56_70_73_76
61_66
70
66_70_73
66_66_70_73
56
70
69
65_66
61_70
70
35_44_44_76
66_75
68
71
69
68
75
71
68
63
51_56_75
68_68
70_71
42_56_68_71_71_75
68
71
71
68_75_75
63_68
56_71
69
44_44
70
37_75_76
71
68
75
68
69_71
51
56
39_39_68_75
68
63
70_71
42
56
71_75
68_71
68_75
68
71_71
63
56_69_71
68_75
75
68
70
76
71
44_44
75
68
71
69
51
56_71
75
70
42_44_56
68_68_68
63
71_75
71
68_71_75
56_75
68
71
69
68
63_71
42
70
37_42_42_73_76
66
70
66
73
69
70
49_54
70
42_56
66
66_70_70
66
61_66_73_73
70
56_70_73
66_70_73
69
66
66_70
42_61
64
68
70
35_40_40_71_76
56
69_71
64
68
47_59
52
64
64
68_71
65_70
42_56_71_77
64
68
68
64
68_71
68_71
64_64_68
40_40
56
59
66_69
42
64
70
37_76
68
71
64
71
65_68
69
47
71
52_64
59_68
70
35_35_42_64
56_64
68
71
68
64
68
71
68
68
64_71
56_69
64
68
70_71
65_76
40_40
64
66_71
68
69
47
52_70
42_56
64_64_71
68
40_40_68
59_64_71
68
68
68_71
56
64_64_68
71
69
59_64
42
65
63
70
37_39_39_66_70_76
66
63
66_69
47
51_68
59
63_66
70
42_56
66_70
63_66
70
63
66
59
63
63
56_66_66
63_66_70
69
64
70
35_37_37_66_76
68
61
69
64_68
61
49
44_64
61_68
68_70
42_56
64
61_64
61
68_68
61_64
68
56_61_64_64
68
61
69
37_37
68
64
61
70
37_76
61_64_68_69
49
44
32_32
64_70
42
56_61_61_68
61_64
64
68
68
61_61_64_68
68
56_69
64_64
68
61
61
64
68_70
76
37_37
61
68
64
69
37
44
64
49
70
37_42_56_61
61
64
64_68
68
61
68
64
68
56
61_64
68
69
61_64
68
42
63
70
37_39_39_66_70_76
63
66_69
47
51
63_66_70_70
42_56
66_70
63
59
63
66
63
56_66
66_70
66
63
63_69
59
65
42
65
64
68_71
65
70
35_40_40_76
64_71
68
69
65
47
64
52
68_71
64
71
65
59_68
70
42_56_64
68
71
64_68
64
64
59_68_71
40_40_65_68
56
69
42
64_71
68
65
70
37_76
64
71
68
69
47
59_64
52
64_68_71
70
35_35_42
56_71
64_68
68
59_64
68
64_68_71
64
56_69
68
71
64
68
70_71
37_42_76
40_40
64
71
68
69
66
65
47_59
52_64
64_68
70
56_65
64
68_71
40_40
71
68
59_64
68_71
68
64
56
64_68
71
69
65
37
42
66
70
35_42_42_65_76
66_68
73
71
68
73
71
69
42
49
54
66_66
61
70
37_42_56
65
42
66_73
61_68_70
71
66
56
66
61_66
68_69
61
71
70
73
66
66
70
35_42_47_63_76
66
54
59
63_63_66_71
42_66
47
56_59
64
37
64
68
71
42_76
71
75
78
66
63
71
75
47
63
59_71
63
42_66
54
66
66
59
59
42_63_76
54
63_66
69
66
42_63_71
58
65
57
42
56
64
58
37_54_76
61_61_66
66
61
70
69
59
42
63
66
70
63
59_63
35_35_42_76
66
54
61
59
63
66
63
42
66
71
35_59
61_64
54
37
56
59
42_76
71
75
78
63
75
71
35_59_63_66
42
54
66
59_63
66
59_59_66
54
42_76
63
66
63
66
59_69
66
42
63
66_71
63
42
58
54
61_66_66
37_76
66
61_69
66
59_66
42
63
70
61_66
42
35_47_63_66_76
66
54
59
63
42
63_71
66
66
71
47
56_59_64
37
64
68
76
71
75
78
75
63_63
71
47_66_71
59
63
42_66
54_66
59_66
63
59
42_76
54
63_66
63
66_69
42
63
71
66
66_71
63
42
61
58
37_54_76
61_66
66
59
61
42
61_69
70
66
70
61_66
63
59_63
35_35_42_76
66
54
63
42_59
63_66
66
71
35
61_61
54
37
64
56
59
76
71
75
78
75
54_59_63_66
71
35
42_59_59_63
66_66
54
66
34_58_58
66
49_61_63
35_58_63_66_73_76
61
63
69
44
51
58_58_63
57_58_61_67
35_39_76
63_63
67
61
67
73
44_69
40
41
42
43
68
35_44_63_66_76
56
63_71_73
59
68
56
67
74
68
63_71
75
59
68
56
75
42_51
56_63
63
71
66
75
59_71
68
56
71
66_75
42_63
71
59_66
63
56
68
37_76
59
63
56
68
59
63
66
63
51
56
68
59
42
56_66_71
51
63
63
56
68
59
56
63
59
68
51
76
56
63
56
63
59
68
56
63
75
66_71
59
59
68
56
42
63
66_71
63
59
68
56
63
75
59
68
56
73
51
37_76
58
63
59
68
56
70
63
75
68
71
59
68
56
66_70
66
63_66
35_42
63
63_70
59
68
56
63
59
67
61
49_64
35_37_76
68
61
56_64
68
64
73
61
68
68
64
73
61
71
37_42
68
64
68_73
61
64_73
68
64
73
61
68_73
42_64_68
64_68_73
64
61
73
37_76
64
68
61
73
64
68
37
64
56
49
61
73
64
42_64
64
68
73
68
61
73
64
73
64
68
61
68
64
73
37_49_76
56
61
68
64
73
73
68
37_61_64
68
64
73
61
61_64
42
68
73
68
64
73
73
61
68
64
68
71
64
73
61
66
37_51_76
68
58
50
64
73
68
61_70
75
70
64
73
73
54
63
61_66_68_70_75
66
30_42
70
75
64
73
61_68
42
70_75
64
73
68
32_35_56_66_76
56
63_71_73
59
68
56
67
74
68
63_71
75
59
68
56
75
42_51
56_63
63
71
66
71_75
59
68
56
71
66_75
42_63
71
59_66
63
56
68
37_76
59
63
56
68
59
63
66
63
51
56
68
59
42
56_66_71
51
63
63
56
68
59
56
63
59
68
51
76
56
63
56
63
59
68
56
63
75
66_71
59
59
68
56
42
63
66_71
63
59
68
56
42
63
75
59
68
56
73
51
37_76
58
63
59
68
56
63
70
75
68
71
59
68
56
66_70
63_66
63_66
35_42
63
70
59
68
56
63
42
59
68
66
61
68
49_64_65
35_37_76
61
56_64
68
64
73
61
68
68
64
73
61
71
37_42
68
64
68_73
61
64_73
68
64
73
61
66
65_68_73
42_64_68
64_68_73
64
61
73
37_76
64
68
61
73
64
68
37
64
56
49
61
73
64
65_66
42
64
68
73
68
61
73
64
61
68
64
73
37_37_49_76
56
61
68
64
73
42
61
68_68_76
66
64
64
73
61
61_64_68
66
61_68
73
68
64
73
61
66
37
68
42
71
64
73
66
65
61
66
35_39_51_76
68
58
64
73
61
68
70
75
70
42_64
73
73
61
54
63
66_68_70_75
66
31_37_42
65
66_70
75
64
73
61
68
64
70_75
73
61
68
32_35_63_66_76
56
63_71_73
59
68
56
67
74
68
63_71
75
59
68
56
75
59
42_51
56_63
56_63
71
66
75
59_71
68
56
59_71
66_75
56
42_63
71
59_66
63
56
68
59
37_63_76
59
63
56
68
59
63
59
66
63
51
56
68
59
63
68
42
56_66_71
51
63
63
56
68
59
63
56
63
59
68
71
68
51
76
56
63
56
63
59
68
56
63
75
66_71
59
59
68
56
42
63
66_71
63
59
68
56
42
63
75
59
68
56
73
51
37_76
58
63
59
68
56
70
63
75
68
71
59
68
56
66_70
66
63_66
35_42
63
63_70
59
68
56
63
42
59
67
61
49_64
35_37_76
68
61
56_64
68
64
73
61
68
68
64
73
61
71
61_64
37_42
68
64
68_73
61
64_73
68
64
73
61
64
61
68_73
64_68
64_68_73
42_64
61
73
68
64
37_76
64
68
61
73
64
68
64
68
37
64
56
49
61
73
64_68
73
42
64
68
73
68
61
73
64
73
68
61
68
64
73
73
76
66
37_49_76
56
61
68
64
73
66
61
68
64
73
61_73
61_64_68
42
64_68
73
68
64
73
66
73
61
68
64
42
68
71
64
73
66
61
66
37_51_76
68
58
64
73
68
61_70
75
70
64
73
73
66
54
63
61_66_68_70_75
66
30_37_42
70
75
64
73
61_68
42
37
70_75
64
73
68
32_35_56_66_76
56
63_71_73
59
68
56
67
74
68
63_71
75
59
68
56
75
59
42_51
56_63
56_63
71
66
71_75
59
68
56
71
59_66_75
56
63
71
42
59_66
63
56
68
59
37_63_76
59
63
56
68
59
63
63
59
66
63
51
56
68
59
63
68
42
56_66_71
51
63
63
56
68
59
63
56
63
59
68
71
68
51
76
56
63
56
63
59
68
56
63
75
66_71
59
59
68
56
42
63
66_71
63
59
68
56
42
63
75
59
68
56
73
51
37_76
58
63
59
68
56
63
70
75
68
71
59
68
56
66_70
63_66
63_66
35_42
63
71
59
68
56
63
42
59
68
61
68
49_64
35_37_76
61
56_64
68
64
73
61
68
68
64
73
61
71
61_64
37_42
68
64
68_73
61
64_73
68
64
73
61
64
61
68_73
64_68
64_68_73
64
42
61
73
68
64
37_76
64
68
61
73
64
68
64
68
37
64
56
49
61
73
64_68
73
42
64
68
73
68
61
73
64
73
68
61
68
64
73
73
76
37_37_49_76
56
61
68
64
73
42
61
68
64
73
68
61_73
61_64_68
64_68
73
68
64
73
73
61
68
64
37
68
42
64
73
61
68
35_39_51_76
68
58
64
73
61
68
75
70
42_64
73
61
54
63
66_68_68_70_75
66
31_37_42
70
75
64
73
61
68
64
70_75
73
61
32_35_54_63_66_76
56
63_71_73
66
59
68
56
67
74
68
63_71
75
54
82
59
68
56
75
59
69
42_51
56_63
54_56_63
68_71
66
75
59_71
68
56
54
59_71
66_75
82
56
63
42_71
59_66
63
56
68
59_70
37_63_76
54_59
63
56
68
59
63
54_59
66
63_82
51
56
68
59
69
63
68
42
54_56_66_71
51
63
63
56
68
59
63
54
42
56
82
63
59
68
71
68
70
51
76
56
54
63
56
63
59
68
56
63
54_75
66_71
59
82
59
68
69
56
42
54
63
66_71
63
59
68
56
82
42
54
63
75
59
68
56
73
70
51
37_76
58
54_63
59
68
56
70
54
63
75_82
68
71
59
68
56
66_69_70
66_66
63_66
35_42
54_63
63_70
59
68
56
54
63
42
82
59
67
61
70
49_64
35_37_76
68
54
56_61
56_64
68
64
73
61
68
68
54
82
64
73
61
71
69
61_64
37_42
68
54_64
68_73
61
64_73
68
64
73
61
54
64
82
61
68_73
64_68
42
64_68_73
64
61
73
68
70
64
37_76
54_64
68
61
73
64
68
64
68
37
64
54_56
49
82
61
73
64_68
69
73
64
42
54_64
68
73
68
61
73
64
54
73
68
73
42_64
68
61
82
68
64
73
73
76
70
37_49_76
54_56
61
68
64
73
73
68
37_61_64
68
54
82
64
73
69
61
61_64
42
68
54
73
68
64
73
73
61
68
82
64
42
54
68
71
64
73
66
61
70
37_51_76
54_68
58
64
73
68
61_70
75
54_70
82
64
73
73
68
54_69
63
61_66_68_70_75
66
30_42
54
70
75
64
73
61_68
54
42
82
70_75
64
73
68
66_70
32_35_56_66_76
56
54
63_71_73
59
68
56
67
74
68
63_71
75
54
82
59
68
56
75
59
69
42_51
56_63
54_56_63_68
71
66
71_75
59
68
56
54
71
59_66_75
82
56
63
42_71
59_66
63
56
68
59_70
37_63_76
54_59
63
56
68
59
63
63
54_59
66
63_82
51
56
68
59
69
63
68
42
54_56_66_71
51
63
63
56
68
59
54
63
42
56
82
63
59
68
71
68
68_70
51
59_76
56
54_63
63
56
63
59
68
56
63
54_75
66_71
59
82
59
68
61
66_69
58
56
42
54
63
66_71
63
59
68
56
82
42
54
63
75
59
68
59
56
73
63_70
51
37_76
58
54_63
56
59
68
56
63
70
54
75_82
68
71
59
68
58
56
66_69_70
63_66
54_63_66
61
35_42
54_63
70
59
68
56_56
54
63
59
63
42
82
59
68
61
68_70
49_64
35_37_76
54
61
56_64
68
64
73
61
68
68
54
82
64
73
61
71
69
61_64
37_42
68
54_64
68_73
61
64_73
68
64
73
61
54
64
82
61
68_73
64_68
42
64_68_73
64
61
73
68
70
64
37_76
54_64
68
61
73
64
68
64
68
37
64
54_56
49
82
61
73
64_68
69
73
42
54_64
68
73
68
61
73
64
54
73
68
42
61
82
68
64
73
73
76
70
37_37_49_76
54_56
61
68
64
73
61
68_68_76
54
64
82
64
73
69
61
61_64_68
42
28_61_68_68
54
73
68
64
73
61
82
37
42
54
68
64
73
28
61
45_70
35_51_68_76
54_68
58
64
73
61
68
75
54_70
82
64
73
61
28_54_69
63
66_68_70_75
66
37_42
54_68
70
75
64
73
61
68
54
42
64_82
70_75
73
61
70
32_35_63_66_76
56
54
63_71_73
66
59
68
56
67
74
68
63_71
75
54
82
59
68
56
75
59
69
42_51_66
56_63
54_56_63
71
66
75
68
59_71
68
56
54
59_71
66_75
82
56
63
42_71
59_66
63
56
68
59_70
63_76
54_59
63
56
68
59_66
63
54_59
66
63_82
51
56
68
59
69
63
68
42
54_56_66_71
51
63
63
56
68
59
54
63
42
56
82
63
59
68
71
68
70
51
66_76
56
54
63
56
63
59
68
56
63
54_75
66_71
59
82
59
68
69
56
42
54
63
66_71
63
59
68
56
82
42
54
63
75
59
68
56
73
70
51
37_76
58
54_63
59
68
56
70
54
63
75_82
68
71
59
68
56
66_69_70
66
63_66
35_42
66
54_63
63_70
59
68
56
54
63
42
82
59
67
61
70
49_64
35_37_76
68
54
61
56_64
68
56
64
73
61
68
68
54
82
64
73
61
71
69
61_64
37_42
68
54_64
68_73
61
64_73
68
64
73
61
54
64
82
61
68_73
64_68
42
64_68_73
64
61
73
68
70
64
37_76
54_64
68
61
73
64
68
64
68
37
64
54_56
49
82
61
73
64_68
69
73
42
54_64
68
73
68
61
73
64
54
73
68
42
61
82
68
64
73
73
76
70
37_49_76
54_56
61
65
68
64
73
65
37_61
68
54
82
64
73
69
61_73
61_64_65_68
42
64_68
54
73
68
64
73
65
73
61
68
82
64
42
54
68
71
64
73
66
61_65
70
37_51_76
54_68
58
64
73
68
61_70
75
54_70
82
64
73
73
54_69
63_68
61_65_66_68_70_75
66
30_42
54
70
75
64
73
61_68
54
42
82
70_75
64
73
68
70
32_35_56_66_76
56
54_66
63_71_73
59
68
56
67
74
68
63_71
75
54
82
59
68
56
75
59
69
42_51
56_63
54_56_63_68
71
66
71_75
59
68
56
54
71
59_66_75
82
56
63
42_71
59_66
63
56
68
59_70
37_63_76
54_59
63
56
68
59
63
63
54_59
66
63_82
51
56
68
59
69
63
68
42
54_56_66_71
51
63
63
56
68
59
54
63
42
56
82
63
59
68
68_71
63_68
70
51
76
56
54
59_63
56
63
59
68
37_56
63
54_75
66_71
59
82
59
68
61_66
58
69
56
42
54
63
66_71
63
59
68
56
82
42
54
63
75
59
68
63
56
59_73
56_70
51
37_76
58
54_63
59
68
56
63
70
54
75_82
68
71
59
68
61
58
56
54
66_69_70
63_66
63_66
35_42
54_63
71
59
68
56
54_63
63
59
56
42
82
59
68
61
68_70
49_64
35_37_76
54
61
56_64
68
64
73
61
68
68
54
82
64
73
61
71
69
61_64
37_42
68
54_64
68_73
61
64_73
68
64
73
61
54
64
82
61
68_73
64_68
42
64_68_73
64
61
73
68
70
64
37_76
54_64
68
61
73
64
68
64
68
37
64
54_56
49
82
61
73
64_68
69
73
42
54_64
68
73
68
61
73
64
54
73
68
42
61
82
68
64
73
73
76
70
37_37_49_76
54_56
61
68
64
73
61
68
54
82
64
73
68_69
61_73
61_64_68
42
64_68
54
73
68
64
73
73
61
68
82
64
37
42
54
68
64
73
61
70
35_48_51_68_76
54_68
58
64
73
61
68
75
54_70
82
64
73
61_68
54_69
63
66_68_70_75
66
30_37_42
54
70
75
64
73
61
66
68
54
42
64_82
70_75
73
61
70
32_35_63_66_76
56
54
63_71_73
59
68
56
67
74
68
63_71
75
54
82
59
68
56
75
59
68
69
42_51
56_63
54_56_63
71
66
75
59_71
68
56
54
59_71
66_75
82
56
63
42_71
59_66
63
56
68
59_70
37_63_76
54_59
63
56
68
59
63
54_59
66
63_82
51
56
68
59
69
63
68
42
54_56_66_71
51
63
63
56
68
59
54
63
42
56
82
63
59
68
71
68
70
51
76
56
54
63
56
63
59
68
56
63
54_75
66_71
59
82
59
68
69
56
42
54
63
66_71
63
59
68
56
82
42
54
63
75
59
68
56
73
70
51
37_76
58
54_63
59
68
56
70
54
63
75_82
68
71
59
68
56
66_69_70
66
63_66
66
35_42
54_63
63_70
59
68
56
54
63
42
82
59
67
61
70
49_64
35_37_76
68
54
61
56_56_64
68
64
73
61
68
68
54
82
64
73
61
71
69
61_64
37_42
68
54_64
68_73
61
64_73
68
64
73
61
54
64
82
61
68_73
64_68
42
64_68_73
64
61
73
68
70
64
37_76
54_64
68
61
73
64
68
64
68
37
64
54_56
49
82
61
73
64_68
69
73
64
42
54_64
68
73
68
61
73
64
54
73
68
73
42_64
68
61
82
68
64
73
73
76
70
37_49_76
54_56
61
68
64
73
73
68
37_61_64
68
54
66
82
64
73
69
61
61_64
42
66_68
54
73
68
64
73
66
73
61
68
82
64
42
54
68
71
64
73
66
61_66
70
37_51_76
54_68
58
64
73
68
61_70
75
54_70
82
64
73
73
68
54_69
63
61_66_66_68_70_75
66
30_42
54
70
75
64
73
61_68
54
42
82
70_75
64
73
68
66
70
32_35_56_66_76
56
54
63_71_73
59
68
56
67
74
68
63_71
75
54
82
59
68
56
75
59
69
42_51
56_63
54_56_63
68
71
66
71_75
59
68
56
54
71
59_66_75
82
56
63
42_71
59_66
63
56
68
59_70
37_63_76
54_59
63
56
68
59
63
63
54_59
66
63_82
51
56
68
59
69
63
68
42
54_56_66_71
51
63
63
56
68
59
54
63
42
56
82
63
59
68
71
68
68
70
51
76
56_59
54
63
63
56
63
59
68
56
63
54_75
66_71
59
82
59
68
66
69
61
56
42_58
54
63
66_71
63
59
68
56
82
42
54
63
75
59
68
56_63
73
70
51_59
37_76
58
54_56_63
59
68
56
63
70
54
75_82
68
71
59
68
56
66_69_70
61_63_66
58_63_66
54
35_42
54_63
70
59
68
56
54
63
56
59
63
42
82
59
68
61
68_70
49_64
35_37_76
54
61
56_64
68
64
73
61
68
68
54
82
64
73
61
71
69
61_64
37_42
68
54_64
68_73
61
64_73
68
64
73
61
54
64
82
61
68_73
64_68
42
64_68_73
64
65
61
65
73
68
70
64_65
37_76
54_64
68
61
73
65
64
68
64
68
37
64
54_56
49
82
61
73
64_68
69
73
42
54_64
68
73
68
61
73
64
54
73
65
68
42
61
82
68
64
73
73
76
70
37_49_76
54_56
61
68
64
73
65
37_61
68_68_76
54
64
82
64
73
68
69
61
61_64_68
42
61_68
54
73
68
64
73
61
82
42
54_65
68
64
73
68
61
70
48_51_76
54_68
58
64
73
61
68
75
54_70
65
82
64
73
61
54_68_69
63
66_68_70_75
66
30_42
54
70
75
64
73
61
68
54
65
42
64_82
70_75
73
61
70
66
32_35_63_66_76
56_66
54
63_71_73
59
68
56
67
74
68
63_71
75
54
82
59
68
56
75
59
69
66
42_51
56_63
54_56_63
68
71
66
75
59_71
68
56
54
59_71
66_75
82
56
63
42_71
59_66
63
56
68
59_70
37_63_76
54_59
63
56
68
59
63
54_59
66
63_82
51
56
68
59
69
63
68
42
54_56_66_71
51
63
63
56
68
59
54
63
42
56
82
63
59
68
71
68
70
51
76
56
54
63
56
63
59
68
56
63
54_75
66_71
59
82
59
68
69
56
42
54
63
66_71
63
59
68
56
82
42
54
63
75
59
68
56
73
70
51
37_76
58
54_63
59
68
56
70
54
63
75_82
68
71
59
68
56
66_69_70
66
63_66
35_42_66
54_63
63_70
59
68
56
54
63
42
82
59
67
61
70
49_64
35_37_76
68
54
61
56_56_64
68
64
73
61
68
68
54
82
64
73
61
71
69
61_64
37_42
68
54_64
68_73
61
64_73
68
64
73
61
54
64
82
61
68_73
64_68
42
64_68_73
64
61
73
68
70
64
37_76
54_64
68
61
73
64
68
64
68
37
64
54_56
49
82
61
73
64_68
69
73
42
54_64
68
73
68
61
73
64
54
73
68
42
61
82
68
64
73
73
76
70
37_49_76
54_56
61
68
64
73
37_61
68
54
82
64
73
69
61_73
61_64_68
42
64_68
54
73
68
64
73
73
61
68
82
64
42
54
68
71
64
73
66
61
70
37_51_76
54_68
58
64
73
68
61_70
75
54_70
82
64
73
73
54_69
63
61_66_68_70_75
66
30_42
68
54
70
75
64
73
61_68
54
42
82
70_75
64
73
68
70
32_35_56_66_76
56
54
63_66_71_73
59
68
56
67
74
68
63_71
75
54
82
59
68
56
75
59
69
42_51
56_63
54_56_63
68_71
66
71_75
59
68
56
54
71
59_66_75
82
56
63
42_71
59_66
63
56
68
59_70
37_63_76
54_59
63
56
68
59
63
63
54_59
66
63_82
51
56
68
59
69
63
68
42
54_56_66_71
51
63
63
56
68
59
54
63
42
56
82
63
59
68
71
68
70
51
63_76
56_68
54_59
63
56
63
59
68
56
63
54_75
66_71
59
82
59
68
61
69
66
56
42_58
54
63
66_71
63
59
68
56
82
42
54
63
75
59
68
59
56
73
56_70
51
37_76
58
54_63_63
59
68
56
63
70
54
75_82
68
71
59
68
56_58
66_69_70
63_66
63_66
35_42_54
54_61_63
71
59
68
56
54
63
59
56
42
63
82
59
68
61
68_70
49_64
35_37_76
54
61
56_64
68
64
73
61
68
68
54
82
64
73
61
71
69
61_64
37_42
68
54_64
68_73
61
64_73
68
64
73
61
54
64
82
61
68_73
64_68
42
64_68_73
64
61
73
68
70
64
37_76
54_64
68
61
73
64
68
64
68
37
64
54_56
49
82
61
73
64_68
69
73
42
54_64_66
68
73
68
61
73
64
54
66
73
68
42
61
82
68
64
73
73
76
70
37_37_49_76
54_56
61
68
64
73
61
68
54
66
82
64
73
68
69
61_73
61_64_68
42_66
64_68
54
73
68
64
73
73
61
68
82
64
37
42
54
68
64
73
61
66_70
68
35_48_51_76
54_68
58
64
73
61
66
68
75
54_70
82
64
73
61
54_69
63_66
66_68_68_70_75
66
30_37_42
54
70
75
64
73
61
68
66
54
42
64_82
70_75
73
61
70
32_35_56_66_76
56
54
63_71_73
66
59
68
56
67
74
68
63_71
75
54
82
59
68
56
75
59
69
42_51
56_63
54_56_63_68
71
66
71_75
59
68
56
54
59_71
66_75
82
56
63
42_71
59_66
63
56
68
59_70
37_63_76
54_59
63
56
68
59
63
54_59
66
63_82
51
56
68
59
69
63
68
42
54_56_66_71
51
63
63
56
68
59
54
63
42
56
82
63
59
68
71
68
70
51
76
56
54
63
56
63
59
68
56
63
54_75
66_71
59
82
59
68
69
56
42
54
63
66_71
63
59
68
56
82
42
54
63
75
59
68
56
73
70
51
37_76
58
54_63
59
68
56
70
54
63
75_82
68
71
59
68
56
66_69_70
66
63_66
35_42
54_63
63_66_71
59
68
56
54
63
42
82
59
67
61
70
49_64
35_37_76
68
54
61
56_64
68
56
64
73
61
68
68
54
82
64
73
61
71
69
61_64
37_42
68
54_64
68_73
61
64_73
68
64
73
61
54
64
82
61
68_73
64_68
42
64_68_73
64
61
73
68
70
64
37_76
54_64
68
61
73
64
68
64
68
37
64
54_56
49
82
61
73
64_68
69
68_73
42
54_64
64_68
73
68
61
73
64
54
73
68
68
64
42
61
82
68
64
73
64_73
73_76
68_70
37_49_76
54_56
61
68
64
73
37_61
68
54
82
64
73
68
64_69
61
61_64
42
68
54
73
68
64
73
73
61
68
82
64
42
54
68
71
64
73
66
61
70
48_51_76
54_68
58
64
73
68
61_70
75
54_70
82
64
73
73
54_69
63
61_66_68_70_75
66
30_42
54
70
75
64
73
61_68
54
42
82
70_75
64
73
68
70
