36_49
38
38
42
42
42
41
46
38
41
43
41
38_50
43
38
40
45
43
48
42
42
42
45
42
62
48
65
42_50
69
74
48
50
42
45
48
42
50
38
42
74
53
55
69
53
55
65
53
69
45
45
53
45
50
50
65
45
53
48
55
45
50
53
55
43
53
55
57
60
62
65
38_50
62
60
62
62
65
65
69
74
62
65
50
50
50
67
69
50
65
50
67
72
65
50
69
67
69
76
74
48
60_64
72
66
62
69
72
62
66
47
74
47
47
47
72
60
64
74
77
62
66
79
64
60
77
38
58
79
77
50
62
57
80
62_86
81
65
80
81_86
69
86
80
79
74
77
74
72
57
72
73
74
72
62
69
68
67
50
51
65
51
67
65
86
67
68
67
84
65
81
62
80
60
79
62
60
77
57
79
56
77
55
79
53
55
77
53
74
55
56
72
55
53
74
50
48
77
45_74
72
44
74
43
72
69
43
68
60_64
67
41
62_66
65
67
62_66
58
38
65
67
64
60
65
62
66
62
42
42
64
42
43
60
46
45
58
57
55
39_50
38_63
64
36_48
40
67
41
36
43
33
45
45_45_58
69
67
65
64
62
60
59
57
36_55
45
33
53
36
45
33
45
36
33
45
36
33
67
68
69
42
45
33_36
42
45
33_38
42
42
31
46
36_38
45
32
72_76_79
36_42
75
33_45
57_60_64
67
71
69
67
65_71
64
62
60_69
42_59_63
57
55
53_60
52
50_55
48
52_63
47
50
42
63
33_36
45
42
38
33
45
42_63
42
64
33_76_79
42_69_72
36
45
42
33_36_45
42
63
63
63
42
33_45
36
45
38_42
63
31
33
71
69
67_74
65
43_69
64
42_62
33
60_64
59
31
57
55
53
52
50
64
48
46
47
45_72
43
41_44
64
36
32_67_69
42
36
33_45
42
33
45
36
42
33
38_45
42
42
36_42_45
33
36
42_45
33
42
42
57_60
64
67
36
42_45
33
38_45
42
33
43
42
74
31
42
72
44_46
36
32
69
57_60_64
67
36_42
45
33
42
42
36
45
33
42
38
45
33
36_42
42
36
64
60
45
57
33
42
38
45
38
40
42
36
43
45
38_42
40
38
43
45
42
76
36
48
43
44_81
79
78
48
76
45
48
38
45
77_79
76
74
72
71
69_74
67
65
64
62
60
64
57_60_76
45_57
36
72_76_79
49_69
53
33_52
35_50
48
47
45
43
47
71
69
36
33_72
45_51
38
45
33
51
74
51
45
33
36_69_69_74_77
51
36_51_72
33
45
36
33
69
38
33
42_69
31
36
67
42
32
76
69_69_72
77
36
42
33
42
69
36
33
42
38
42
33
69
42
72
36
42
33_76
69_72
69
36
33_42
42
36
42
33
38
33_42
69
36
42
31
71
69_72
67
69
46
32
76
36
33_42
42
76
36
33_42
38_74
42
76
33
69
42
45
72
33_36
42
45
36
42
33
42
36
42
33
45
38
42_45
33
69
43
31_42
42
67
44
38
46
32
69
45
36
33_42
42
69
36
45
42
33
38
45
42
33
69
42
72
64
57
60
36_46
45
33
69
36
42_45
33
42
45_46
38
33
45
38_42
33
72
48
36
38_42
36
38
71
38
38_49
42
37
36_49
71
50
74_77
69
38
42
36
42
38
38
42
38
69
42
36_76_79
72
38_42_69
36
42
38
42
36_42
38
50
38_42
38
50
48
36_42
42
49
36
46
37
74
69_72_77
36_50
42
38
67
42
62
60
59
57
55
53
52
50
36_42_50
38
38
42_50
38
42
36
42
50
38
36
42
50
38
42
40
38
38
76
36
50
42
43
38
38
42
50
43
79
36
38
42
43
44
38
76
45
38
38
42
45
79
36
76
45
33
81
42
79
36
33
42
45
76
38
45
33
42
76
42
76
57_64
60
45
36
33
42
45
36
33
42
74
72
42
69
36
45
33_42
38
45
33_42
43
42
31
36
44_46
32
52_57_60
36_42
45
33
42
36_42
45
33
38
42
45
33
42
52_57
45
36
42_45
33
45
36
42
38
42
38_42
45
33
38
42_45
33
38
43
42_67
40
42
38_44
64
46
43
36_45_49
42
57
33
59
61_66
42
36
33_45
42
38
45
42
33
42
52
45_57
36
33_45
42
36
42
45
33
42
36
42
45
33
45
38
42
33
42_43
31
42
46
44
36
32
47
45
36
33
42
42
36_42_48
33
42
36_48
33
42
48
42
36_47_52_55
60
33
45
57
36_47
42
40
42
43
36_42_45
40
81
36_45_83
42
43
79
77
76
76
81
42_74_79
72
43
71
69
67
65
64
62
44
60
59
57_62
55
53
46
36_45_52
50
48
45_47
45
43
41
40
38
42
36_49
76
45
33
42
33
36
45_76
42
33
38
45
42
33
74
42
69
36_45
42
33
53
57
62
72
36
42_45
33
42
45
69
36
42
33
45
38
42
33
69
42
43
31
67
44
46
36
32
45
57
64_69
60
36_42
33
42
69
45
36_42
33
45
38
42
31_33
69
42
64
72
57_60
45
36
42
33
69
36
45
42
33
47
42
36
33_45
42
45
36_47
42
33
43
42
69
31
44_72
36_45_46
32
76
60_64_69
36_42_45_49
33
42
76
36
45
42
33
38
42
45
33
76
42
72
74
62
65
69
45
36
42
33
67_69
45
36
42_72
33
74
42
72
45
36
42
33
45
38
42
33
43_69
42
31
67
44
36
46
32
69
60_64_69
36_42
45
33
42
69
36_42_45_48
33
36_42_45_48
33
69
42
60
64_69
45_72
36_47
42
33
45
71
36_42
40
69
42
43
45
36_45
42
40
36_45_76_81
42_43_45
43
74
72
43_71_72
42_69
67
43_48
65
64
62
60
59
44
57
60
55
53
52
57
50
48
47
36_43_49_71
45
42
43
45
45
36_49
62_65_69_71
50
38
42
36_69
50
38_42
38
50
42
38
42
60_64_69
81
76
72
36_50
42
38
50
36
42
38
42
36_48
42
50
38
50
36
42
38
47
42_48
36
36_42_47_49
37
81
50_74_77
36_42_49_76
38
42
50
36
42
38
50
38
42
38
42
72_81
76
36_47_50
42
38
36_42
52
40
67
65
64
62
60
42_45
55
43
52
36_42_45
40
55
36_43
42
43
76
55
43
42
43
56_79
44
57
36_42_43
45
76
36_49_76_79_79
42_69_72
45
33
76
42
81
75
36
45
42
31_33
81
38
45
42
33
79
42
76
45
36_50
42_74
33
76
75
45
36
42
33
76
42
74
45
36_50
42_72
33
69
45
36_48
33_42
53
55
57
59
43
42_60
31
62
64
65
67
69
36_42_44_47_71
32
72
74
76
77
79
81
83
84
86
88
89_94
97
36_42_96
33_45
93
95
42
36_42_47
45
33
36_42_47
45
33
42
67
65
64
62
60
59
57
55
36_45
59
42
53
45
33
52
50
48
36
42
33_45
69
42
36_45
64
42
33
45
36_43_91
42_60_89
33
45
72
43
42
34_45
57
74
36_43
42_47
60
35
72
88
79_84
83
36_49
48_91
36_87
76
42
52
36
52
76
55
36
42
36
55
60
38
42
36
60
74
55
42
36
55
72
36_42_52
36
52_74
72
79
76
36
42
36
76
42
36
74
72
71
69
67
65
64_69
62
67
60
59_65
57
36
42
36
88
38_60
42
36
55
36
33_42
76
52
36
34
42
83
81
86
78_79
36
35
76
35
36_42_49_54
54
79
57
57
36
35_42
54_62
62
38_48_49
35
79
76
57
36
38
42
76
81_83
54
36
39
76
40_47_52
41
52_80
76
36
40
81
28_36_49
52
74
76
56
38
28
74
56
62
56_72_74
36_49
28_62
82
83
56
38
31
72
52
36_49
32
74
80_81_84
52_76
36_45_45_49_83
55_57
72
33
76
80
79
77
74
76
72
71
69
67
42
65_71
69
64
62
60_74
59
57
55
53
52
45
72
36_71
33
42
69
45
38
42
33
42
45
36_57_81
42_76_84
33
60
55
52
36_42_45
33
42
42
36
33_45
42
38
45
33
43
36
42
31
67
65
64
62
42
60
59
57
55
44
53
36_46
32_52
44
45_50
48
45
36
33
42
75
76
81
36_50
42
75_76
81
45
36
33
42
76
75_81
45
36_50
42
33
36_48_75_76
81
42
45
36_76
42_75_81
33
45
36_48
42_81
75
40
74
72
36
42
43
81
45_74
36_47
42
40
45
36_47
42
72
43
43
36
42_76
43
44
44
74
42_78
36_45
45
45
36_49
74
79
33
75
51
51
45
36
33_72
51
38_45
74_78
33
51
51
36_45
76
72
33
51_71
36
45
69
67
33
65
64
62
60
59
51
51
36
45
33
38
45_51
33
43_72
51
31
32
76
81
51
73
51
44_74
36_78
32
51
36_45_75_79
33
51
45
36
33_51
72
38_45_51_74
33
51
51
51
36
33_45_72
77_79
51
36
45
33
51
81
87_88_93
86_91
89
45_51
38
33
87
86
84
83
81
79
74_77
45_72_76
71_74
38_51
72
33_69
71_76
67
69
65
64
67
62
60
59
57
55
53
52
43
55_75
51
31_50
72
56
44
36
32
74
51
45
36_49_56_57
33_74
75_79
51
59
51
51
36_45
72
33
51
45
38_74
78
33_51
79
51
76
72
36_45
33
51
36_69
45
33
51
67_74
51
69
36
33_51
45
72
76
72
38_45_51
33
69
43
51
31
69
51
72
76
69
51
44
36
32
67
73
75
69_78
45
36_51
33
79
67
38
51
38
64
38
72
45
51
36
33
73
78
63_72
74
38_45
38
51
33
38_62
51
38
60
76
45
38_72
78
36_51
33
45_62
51
36_38
33
38
38_60
79_81
51
33
38
81
36_45
51_75
57
40
38_81
38_43_75
45_51_55
74
36_48
57
51
43
76
44
72
49
38
51
55
45
81
79
36_49
50_76
38_74
51
81
36
50_51
38_74
38_51
50
38
72
74
51
69
57_64
60
50_72_76_79_81
36
51
72
38
36
50
51_74
38
51_72
74
36_50
51
38
50_74
38_51
38
48_72
51
36
51
51
49
36_69
37
74
36_50_51
84
38_77_81_86
79
72
51_77
76
74
72
71
69
67_74
65_72
71
64
69
62
60
59
57
55
53
52
51
36_69
50
38
74
38_50_51
38
51_72
69
74
69
51
36
69
50
38
72
51_69_74
36
50
38
29
74
72
38_51_69
74
69
74
69
51_74
38
72
50
38
69
74
69
74
38
51
40
28
72
69
69_74
43
36
51_74
31
72
69
69_74
36_49
44_51
74
32
72
69
36_49
45_76
33
79
51
76
45
36
51
33
79
45
38
51
33
76
51
79
76
57_64
60
45
36_51
33
79
45
36
51
76
33
79
69
72
51
76
69
45_79
36_51
33
76
69
72
45
38
51
33
79
43
36
51
31
76
69
44
36
51_79_81
32
69
83
45_52_55
36_52_60
51
33
67
79
80
81
51
83
51
45_51
64
36
80
79
33
45
51_62
38
79_81
80
33
81
51
79
79
52_55
60
36_45_50
51
76
33
62
80_81
45
36_50_51
79_81
80
40
62
48
43
51
79
60
51
76
77
45
36
83
51
40_76
77
57
74
72
71
69
67
65
71
64_69
62
51
36_45_48_60
43
59_79
80
57_81
55
53
52
50
48
47
55
45
79
51
43
38
44
38
36_47_51
45
76
45
38
52
55
36_49_79
80
81
76
33
57
77
79
76
74
72_79
71
51_69
67
65
64
62
60
59
57
55
53
52
36
51
45
33
57
38
51
45
33
57
51
33
57
52_55
60
36
45
51
33
55
60
57
45
36_51
33
51
45
57
36
33
51
45
38
33
51
57
43
31_51
44
36
32
51
57
52
45_55
36_60
33_51
51
69
55
45
36
33
51
69
45
38
33
51
67
52
51
69
52
55_60
36_45
51
33
72
51
69
45
36
33_51
72
51
74
50
72
36_45
51
33
74
45
38
51
33
72
48
43
38_74
31
51
38
72
43
38_44
51
38
32
74
45
45
36_49_52_55_72
60
33
76
51
76
45
36
33
51
45
38_51
33
51_74
52
55_60_69
45
36
51
33
72
36_45
51
33
51
69
45
36
51
33
45
38
51
33
43
51_69
31
44_67
32_36_51
69
55
52_60
45
36_51
33
72
69
51
43
45
67
69
45
45
36_51
72
69
45
51
38_43
45
72
36_74
45_51
43
72
52_55
60
45
45
38_51
74
72
74
45
76
36
43_51
45
79
38_51
43
86_87
88
76
45
51
38
40
88
79
55
60
45_64
38_51
39
87
76
86
38
38_51_79
43
84
38
38
44
76
38
38
51_81
36
81
79
45
45
33_36_49
81
80
33
83
51
79
77
76
74
72
71
69
67
65
64
62
60
36_59
45
51
57
33
55
38_45
51
33
51
52_57
45_51
36
33
72_76
81
45
36_51
33
51
79
76
45
36_51
33
81
79
45
38_51
33_81
79
76
43
51
31
75
51
74
44
51
36
32
72
52_55
45_60
51_74
36
33
72
51
69
57
45
35_36_51_72
33
45
74
51
38
33
72
51
57
69
52
55
45
60_76
36_72_81
51_60
67
33
69
45
36
51_57
33
72
55
51
69
45
36_52
51
33
45
51
38_51
33
74
72
69
71
43
69
50_67
51_65
31
51
72
44
51
38
48
32
76_77
52
55
51
45
36_45_72_76_81
60
33
51
45_76
51
36
33
45
51
38
33
74
51
38
38
69
45
38_51_77
81
36_74
33
45_72
51
36
33
51
45
69
51
36
33
45
38_51
33
43_51
69
31
67
44_51
36_38
32
69
81
72_76
51
36_45
33
51
69
51
45
36
33
45_51
36
33
69
50
51
72
76
72_81
36_51
45
33
69
36_45_48_51
33
51
57
45
36_48_51
55
33
45
51
36_47
52
33
72
45
51
47_51
36
71
50
36_47_48_51
37
71
36_49
50
48_74_81
77
38
42
69
36_42_48
50
38
42
36_48
50
38
42
50_72_79_81
36_42_47_76
38
36_50
42
38
42
50
50
36_47
42
38
50
36_45
38_42
50
48
42
48
36
37
42
46
36_45_49
45
37
42_58_77_81
74
36_50_76
50
38_67
65
64
62
60
59
57
55
53
52
50
42
50
36_42_48
38
50
36_48
42
38
47
42
76
42
46
36_47
50
79
72_76
79_81
38
76
36_45_50
42
38
79
45
42
76
42
36_45_46
50
38
79
52
36_43
76
40
42
79
40
43
42
28
42_76
43_46
36_43
31
79
76
36_49
42_45
72_76_81
33
81
42
81
36
45
33_42
36
45
42
33
42
79
52
55
60
45
36_50
81
72_76_76
42
33
74
45
36
33_42
76
60
64
42
76
45
36_48
33
42
74
45
36
42
33
72
69
42_43
72
31
74
42
44_46
36_50_72
32
74
72_76_81
42_72
45
36
33
74
42
72
69
45
36_42_50
33
67
69
45
36_50
42_72
33
69
66
62
67
42_48
64
63
42
36_72_76_81
45
33_62
60
64
60
45
36_47
42
33
57
60
42
62
57
52
36_42_47
40
63
64
57
36_45_45
42
55
67
69
45
42
55
43
52
72
55
36_45
42
40_52
74
74
48_55_72
76
72_79
36_49
36
48
74
42
52
36
76
36_42
55
36
76
36_38_42
84
83
36_60
42
36
74
55
36
72
42
38
52
48
36
74
36_42
64
72
36_48
76
36_38
42
60
55
36
74
72
71
69
67
65
64
36_38_62_67
42_55
60
60
31
52
36_38_88
42_64
36
55
36
42
33
76
36_38
42
34_52
81
54
78_79_86
47
36
42
35
76
36_38
50
42
79
36_38
54
42
35
76
36_38
59
42
81
35_36
36
54
42
38
74
36_38_49
42
50
39
80
76
36
42
40_47
40
72
52
36_38_49
28
74
42
56
72
36
28
42
74
36_38_49_62_83
42
28
72
36
42
31
76
36_38_49
42
32
81_84
76
36_45_52
33
79
77
76
74
72
71
69_76
74
42_67
65
64
67
62
60
59
36_42
33
74
42
38
33
42
72
42
36
72
33
42
36
40
69
75
81
38_42_76
43
75_81
38
42
40
81
38_75
74
42
43
38_74
43
42
44
72
38
74
45
42
45
81
75
76
33_38
42_45
64
69
75
48
76_81
41_45
42
64_69
76_81
50
43
45_45_75
42
50
45_64
43_69
43_75_81
45
42
74
81
48_72
41
69
42
50
45
45
41_64
69
74_81
42
52
45
64_69
41_45
42_72
81
55_64
69
43
42_74_81
57_64
69
40_41
42_72
45
64
60_69
75_81
76
42
39_40_45
64
69
43
42_81
75
38_67
65
64
62
60
59
62
57_74
55
53
52
50
62
64
48_69
72
46
40_44_47
36
45
43
41
62
64_69
45_52_55
38_42_60
69
33
76
64
69
42
60
45
57
42
33
45
64
36_69
33_42
64
69
42
52_55
60_64
69
45_68
36_69
42
33
64
69
45
36
42
33
64
69
42
45
64
69
36_45
42
33
45
64
69
36
42
33
62
43
43
42
31
46
44_60
36
32
42
57_60
36_43_45_72_76
79
69
33
77
42
57
42
36_41
45
33
55
36_42
45
57
33
41
42
55
36
42_52_55
33_45_52_60
76
72
69
52
36_41_42
51
45
40
60
50
42
43
36
45
48
42
40
57
38_45
50
43
42
71
69
67
55
43_65
48
64
43
62
42
60
59
57
44
55
53
57
44
38_43
45
45
42
57
43
45
36_47_48
33
42
45
36
42
33
38
52_55_60
42_45_60
33
57
42
45
60
36
42
33
62
52_55
60
45
36
42
33
64
60
42
54
57_62
45
62
36
67
42
33
45
64
69
38
42
33
67
42_43
31
44_69
69
36
42
32
36_45_52
42_55_69
60
33
38
42
45
42
38
33
72
42
38_45
33
69
36_42
69
72
36
52_55
42
60
33
45
69
72
36
42
45
33
69
38_72
42
45_69
38
42
33
69
72
38_45
33_42
72
69
72
36_43
36_69
42
44_72
36
37
72
42
69
74
36_49
38
45
38
69
69
36
38
51
69_74
38
51
38
50
69
51
38
69
57_60
64
50
36_51
63
38
69
74
50
36_51
38
51
50_74
69
36_51
38
50
69_74
38
51
38
36_48
51
49_69_74
37_51
36
77
51
50_72
36_38
38
51
77
51_72
38
38
50
51
38_45
57_62
65
50
72
36
48_51
72
38
50
51_57_60_64
45
72_77
36
50_50
51
72
38
48
51
72
36_51
45
50
72
38
51
43_50
72
36_51
43
51
44
72
38
51_52
45
36
33
45
51
64_69
36_45
51
33
64_69
38
45_51
31_33
64
69
51
33
51
55
52_60
64
45
51
36
33
64
69
45
36_51
33
64
69
51
64_69
45
36_51
33
62
45
38_51
33
43
36
51
31
60
44
38
32
51
57
45
36
33_51
58
60
52
55
51
57
45
36
51_57
33
38_45
57
33_51
51
55
36_52_55_60
33_51_52
45
51
36_51
33_45
50_51
45_52
51
36_49
33_48
52
45_51
38
45
45
43
55
52
48
51
36_49
43
45
52
45
51
38
40
36_48_51_52
36
51
36
52
88
55
36
36_51
38_64_88
51
36
76_79_84
60
51
36
55
51
36
36
86
84
48_51
36_86
36
84
52_81
51
52
51
55
36
36
55
51_64
38
36_60_76
79
84
60
51
33_55
86
84
51_55
36
34_52
86
83
74
78
47
51
36_49
84
54
35_47
88
54
51
54
91
57
51
36
57
35
88
62
81
51
38_49
62
35
88
91
51_57
57
38
91
89
51_54
36
54
39
88
80
74
36_49_51_91
47
40
40
34
88
52
51_52
53
28
91
56
56
36_49_51
28
88
76
62
38_51_62
28
91
56
36_49
51_88
31
91
38
52
51
32
88
76_81
72_80
36_52
45
45_52
33
83
88
51
74
88
72
71
69
67
65
69
64
62
60
36
45_59
51
33_57
86
84
45
38
51
33
81
86
51
84
51
86
51
45
36
33
84
81
86
45
36_51
33_84
81
79
51
81
84
64
69
79
81
51_52_91
92_93
36_55_60
45
33
79
76
51
38
45
33
75
74
36
43
31_51
72
51
69
74
51
32_38_44
72
64_69
45_52_74
51
52
45_55_60
33_36
64_69
51_72
38
92
69_69
64
45_91
51
38_64_67
33
88
69
72
93
45
38_51_64_69
69
33
91
67
88
38
64
51_69
93
64
91
63
62
45_52
52_55_60_88
45
38
64
51_69
33
93
91
60
93
38_45_62
33
51
91
88
57
47
60
87
86
60
45_47
84
57
33
51
86
45_47_57
55
33
84
86
55
43
45_52
31
43
84
56
44_45
32_50_86
44
51
87
45
36_45_49_52_57
33
88
52
87
86
51
84
51_81
36
45
33
51
55
38
45
33
51
52
51
45_57
52
36
45_51_55
33
57
36_45
51
33
51
51
60
51
45
36
33
45_51
38
33
75
76
55_81
43_43_51_57
36
31
44
75
44_55_76_81
51
56
44
36
32
57
57
45_51_52_81
45
36_75
33
74
72
51
51
51_57
74_81
45
36
33
51
72
45_57
33
38
51
33
74_81
51_57
57
38_45
36_72
40
74
57
51_75
45_56
45
36
37_76
79
76
43
51
36_55
79
76
45
52
51
38_40
76
79
76
51
45_51
39
38
79
76
79
55
50
43_51
36
38
76
79
76
56
36_44
38_48
51
76
79
45_57
36_45_49
33
81
51
51
51
45
36
33
79
51
45
38
33
79
81
51
45
79
36
51
33
45
36_79
51
33_81
51
84
51_86
36_48
45
33
51
36_48
45_84
33
86
43
31_55
51
51
36_44_47_56
51
32_84
51
36_47_57
33_45_52_55_87_91
60
88
57
59_60
86
51_90
45
36_50_51
84_88
36_50
45
51_81
79
51
79
80
81
36_48
33_57
60_64
57
51
52_55
45_60
36
79
76
81
79
81
79
76
75
38
38
38
74
38
72
38
74
45
33
72
45
38
45
81
75_76
33
45
75_76
81
40
33
45
33
81
75
45
33
74
45
33
45
81
72
33
45
33
48
45
69
71
33
38
45
38
33
47_67
33
38
45
38
33_67_68
69
48
45
38
33
67
45
38
33
47
64
45_60
38
33
38
45
63
62
33_48
38_45
69
62
33
38
60
45
47
33
72
38
60_62
45
38
45
60
74
62
38
43
38
62
72
48
60
38
74
40
38
47_60
63
38_57_64
72
39
38
40
45
57_60
69
38
64
67
38_71
62
55
38
67
47_48
55
69
71
38
72
38
69
36_45
57_67
57_63
38
64
69
38
67
47
38_64
38
63
38
45
62
36
38
69
38_60
47
38
39
62
38
45
60
38
38
38
62
47
45
38_60
36
38
62
45
38
31
38
60
47
38
33_57
38
45
55
38
38
43_52
38
51
38
45_57
33
45
50
38_45
64
69
38
55
72
76
47
45
48
33
38
52
38
40
45_47
51
38
38
50
43
48
38
38
50
38
48
38
45
50
38
38
38
48
45
43
45
38
38
43
43
45
38
38
45
40
43
38_43
38
45
38
38
38
38
38
36
49
62
60
59
57
55
53
57
52
50
48_55
47
45
43
47_48
45
40
40
49
36
64
69
72
76
43
43
36_49
35
