42
42
42
42
47_54
47
54
42
47
54
47
54
42
47
54
47
42
54
47
54
47
36_54
40
47
40_54
47
36
54
49
36_47_54_59_63_66_69_71
35_42
46
66
75
71
59
63
66
69
42
46
71
42
46_47_59
54_66
40_63_69
71
42
46_59
63
35
66
69
71
47
42_54
36_46_66
30
59
69
71
63
42_47
46_54
30_63
36_59
66
71
69
42
46
33_40_59
63
66
69
71
42
47
46_54
34
59
66
69
63
71
59
36
35
42_63
46
66
69
71
59
47
35_63
42_71
46_66
69
42
47_59
46
54_63
37_66_69_71
40
42
46
59
63
59
71
63
42_66
38_69
36_46
47
59
63
42_47_66
71
46_54
69
36_38
42
46
59
40
39
47
42_54
46
71
59
39_63_66
69
76
51
59
52
68
36_40
42
46
68
59
42
64
46
68
59
42_59_62_64
46_52
40
59
42
46_62_68
64
40
59
68
64
62
42
35_36_46
59
68
64
59_62
52
42
46
35
36
59
42
46
64_68
62
38
40
59
64
68
62
42
59
46_52
39
36
59
68
64
62
40
36
42
46
59
64
62
68
42_59
46_52
59
42
62_64
46
68
40
52
59
42
46_68
62
64
59
35
42_59
40
36_46_52_64_68
62
59_59
42
52_68
46
62_64
40
36
42
46_68
59
38_40
62
59
42_59
52_62_68
46
64
37
71
66
54_59_69
75
63_66
35_36
42
46_47
59
66
69
42
63
46
42
46_47_54
59
40_66
69
63
42
46
66
35_59
63
69
42
30
36_46
59
66
69
54_63
42_47_69
66
46_54_59
30_63
36
42_69
46
33
40_59
66
59
54_63_69
47_71
42
46
34
35
36
42
46
66
69
59
54_69
59
63
66
42
46
69
42_63
71
46_66
59
54
47
40
42
59
46
63
35
66
69
59
42
33_71
36_46
63
66
47_54
42
59
46
71
33_36_63_66_69
42
46
59
71
32
40
63
42
46_47_66
54_59
63
32_36_71
69
66_70
49_58_61_73
42
30_36
42
46
66
42
46
58
66
42_61
46
40
49
42
42
46_58
66
61
30
49
58
66
42_61
37
36_46
42
58
66
42_61
46
36_37
58
42_66
46
61
49
39_40
49
42
42_58
46_61_66
42
58
66
30
36_61
42
46
58
49_66
61
42
46
58
42_61_66
46
49
40
42
58
42
46_66
61
30
58_66
61
42
36_46
58
66
49_61
42
42
46
30_36
42
46
33_40
58
58
66
42_61
46
34_36
66
59_63
47_71
54
66
63
49
35
36
42
42
42
49
66
58
61
66
73
57_70
30_36_40
30_36
32_41
34
40
40
75
54
47
49
35_36_46_59_71
66
69
63
42
46_59
69
66
63
42
46
59
69
40_47_66
63
54
42
46_59
63
35
66_69
54
47
59
66_69
63
30
36
42
46
66
47_54_63
59
69
30
36
42
46
42
59
46
66
33
63_69
40
42
46_47
59_63
54
66_69
34
36
63
59
69
66
42
35_36_46
63
66
35_69
59
40
45
54
41
47
38_63
69
66
59
63
59
40_69
35
52_59
66
52_59
52
59
71
64
40_49_68
40_71
36
68
64
76
52_59
52_59
59
52_71
68
64
57_76
68
40_64
40_71
36
54
47
66_71
63
59_75
66_69_71
42
49
35_36_46
59
42
46
42
46_59
69
66
63
40_47
54
42_59
63
46
69
66
35
36
54
63
59
47_66
69
36
42
46
54
47
59
69
30_63_66
42
46
42
46
63
33_40_59
66
54
47
42
46_59
66
69
63
34
59
66
42_63
35_36_46_69
47
59
42
63_66
46
69
42
47
46
54
40_69
66
63
59
42
59
46
63
66_69
35
59_69
30_63_66
36
42
46
59
63
54_66_69
30_47
36
42
46
66
42
46
33
40
63
66
54
47
63
42
46
34
36
59_69
63
66
59
42
35_36_46_59
63
66
69
59
63
66
42
46
47
54
42
46
69
59
63
40_66
63
66
59
42
46
35
69
66
63
59
36
42
46
59
63
66
69
30
36_54
42
47
46
42
46
63
33_66
40
59
69
54
42
46_47
63
59
34_66
69
59
42_63
35_36_46_66
59
42_63
66_69
46
42
47
46_54
40
59
63
66_69
66
63
59
42_69
46
35
66
63
69
59
36
42
46
54
47
59
63
66
66_69
36
35
42
46
42
46
38_40_69
54
47
42
63
46_59
66
69
66
36_39
59
52_59
76
68
68
42_71_71
36_40_46_64
64
68
59
42
46
42
46_52_59_59
64
68
66
40
64
42
59
46
68
40
36
64
52_68
59
36_59_66
42
46
59
35_59_64
52_66_68
42
46
42
46
38
40
59
64
68
42
46
59_68
39_64
59
52
42
40
36_46
59
68
42
46
59
64_68
42
46_52
59
59
64
40_68
58
64
68
42_59
46
35
59
59_64
52_68
36
40
42
46
59
64
68
66
52
42
36_59
42
66
46
42
46
63
38
40
42_59_68
64
46
37
36
52
59
66
66_71
69
59_75
63
42
54
35_36_46
47
59
42_69
46_63_66
42
47
46
59
54_69
66
40_63
42_63_66
46
35_36
59
54_66
69
36_59_63
35
42
46
59_66_69
54
47_63
30
42
46
42
46
66
33_40_63
59
42_54
46
47
59
69
34
63_66
42
35
36_46
47
54
66
63
69
42_59
46
59
42_69
47_63_66
46_54
40
63
42
46
35
66
63
69
59
36
35
42
46
59
69
66
63
54
47
36_38
42
46
42
46
40
33
54
47
42
46
59
66
63
32_69
36
42_49
70
66
42
36_46
30
73
42_61
46
49
42
42
58
46_66
61
40
61
42
46
30_36
58_66
61
58
66
61
49
42
36
42
46
58
66
61
42
49
37
42
46
42
46
40
40
49
42_42
46_66
61
58
41
42
42
36_46
58
66
61
49
42
46
42
42
49
42
42
66
46
58
61
40
40
42
46
37
30
36
42
58
46_66
61
42
49
58
30_61
36
66
42
46
42
46
33
40
58
66
42
46
34
36
61
49
42
63
54_59
66_71
47_59
42
35
36
66
42
42
49
61
58
42_66
66
30_70
36_40_73
49
30
36
33
45
34
40
40
63
40_66
35_59
36_57
47_54_75
71
45
35
36
41
38
40
39
40
76
64
52
59
68
68
42_49_59_64
36_40_46
42
46
42
52_59
46_68
64
59
40
52
42_59
46
40
36
64
68
59
35
36
42
46
59
64
68
35
36
59
42
46_52
42
46
38
40
42
59
46_52_68
64
59
39
36
42
36_40_46
42
46
64
68
59
42
46
38_40_59
64
68
42
46
35_36
52
59
28
36
42
59
46
59
28
36_52
42_68
64
46_59
42
46
33
40
59
42
52
46
59
64
34
36
54
63
66
47
75
42_66
35_36_46
42
46
42
46
40
69
66
63
59
42
46_54
47
35
36
63_66
30
36
42_59
69
46
69
66
63
59
30
36_54
47
42
46
42
46
33
40
42_54
46
47
34_69
36_66
63
47
54
42
35
36_46
42
46
59
42
46
63
33_40_66
69
42_54
46
47
30
66
35
36_63
42_69
46
54
47
63_66
34
36_69
42
46
42
46
35
40
54
47
63
66
42_69
46
36
36
49
56
68
61
65_77
68
73
42_49
36_37_46
42
46
42
46
40_68
65
61
42
46
36_37_49
56
61
68
65
32
36
42
46
61
68
65
32
36_49
56
42
46
42
46
35
40
42
46
61
36_68
36_65
49
56
65
56
42
37
36_46
42
46
68
61
65
42
46
61
68
40_65
42
49
46_56
37
61
65
68
25_36
42
46
68
61
65
49
56
27_36
42
46
42
46
28
40
61
68
42_65
46
49
56
29
36
78
49_66
61
58
42_54
70
57
42
30_36_46
42
46
42
46
40
42
46
42
46
42
46
42
46
40
42
46
42
36_40_46
49
54
49
36_42
40
42
36
40
54
49
42
36
40
42
36
40
45
43
30
54
36
49
38
36
41
49_54
66
57
39
36
40
68
69
68
71
42_49_64
36_40_53
76
71
56
52_66
59_64_69_71
40_53_68
40
69
66
53_59
52
56
32_68
36
71
64
68_71
35
36_71
68
64
40_40
53
71
64_68
39
36
52
69_74
66
36_38
53
62
50
62
57_67
55_69
40_53
62_67
57
38
62
50_67
30
36_55_57_69
53_67
62
57
69
62
33
36_54_66
66
38
40
53
69
66
59
63
57
33
36_53
75
64
71
35_36_49_53
63
59
54_64
47
69
40_59_66
63
53
63
35
36
54
47
66
30_53
36_66
63
59
69
63
30
69
66
59
63
64
33
40
53
69
66
59
63
63
54
47
34
64
35
36
53
59
66
54
47
35
63
59
69
66
63
33
40_53
54
59
47
30
54
47
35
36
53
69
59
66
63
35
36_53
47
54
33
40
69
53_66
59
63
30
36
64
49_76
53
68
28_36_71
76
56
59
52
53
71
64
68
40
40
36
71
69
64
59
56
53
52
44
36
56
64
64_71_71
47_68
68
53
52
40
51_53
62
50
69
74
66
74
53
36_50
45
62
53
57
55
50
40
42
62
67
69
40
67_69
62
57
55
53
62
36_38_67_69
50
69
54_62
66
36
69
66
62
40
53
54
47
57
36_53
54
47
75
47
54
71
49
53
35_36
69
66
54
66_69
47
48
69
53_63
66
59
40
66
69
35
36
59
54
53_69
66_69
30_36
47
54
59_66
69
63
66
69
30
69
66
33
40_53
54
47
63
66
69
59
53_66
34_69
36
69
66
53
35
36_40
43
59
63
35_43
40
66
63
47
69
54_59
63_66
43
37_40
59
40_43
36_37
54
40_43
38_59
36_63
66
54
43_47
40
38_63
36_66
69
59
96
43
95
40
39
93
91
89
88
86
84
83
81
79
77
47
54_76
40
36_39_74
72
71
69
40
67
65
64
59
52
49
71
68
42_76
28_36_46_59_64_68
42
46
59
42
52_59
46_64
68
32
40
42
46
35
52
59
64
59
68
40
36
42
46
59
59_64_68
52
40
36
42
46
42
46
40
59
42
46
52_64
59
35_36
59
42_64_68
28
36_46
59
42_64_68
46
52
59
42_59
52
46
32
40
59
42_64
68
46
35
36
40
36
42
46
59
52
64
68
59
40
36
42
46
42
64
46_59
68
38
40
59
42_52
46
37
36
54
47
49
75
71
42_66
35_59
36_46_63_66_69
42
46
42
46
47_69
40_54_59
66
63
42
46
35
36
66
63
59
63
69
66
30
36
42
46
47_54
30_66
69
63
42_59
71
46
42
46
33
40
47
54
42
46
66_69
63
34_59
71
36
42
35
36_46
54
47
59
42
46
35
47
54
42
46
33_66
40_63_69
59
71
42
46
30
36
35
36_66
59
42
63
46_69
71
47
54
36
59
42_66
63
46_71
69
42
46
35
40
71
54
47
63_66
59
42_69
46
36_57
36
77
73
68
56
49
42_49
36_46
37
50
42
46
42
46
61
49_65_68
35_56
40
42
46
32
36
61
49
68
65
37
36
42
46
56
49
61
68
65
37
36
42
46
42
46
40
49_61
42
56_68
46_65
32
42
37
36_46
49
56_61
42
46_68
65
37
56
49
42
46
61
65_68
40
35
42
46
32
36
49
56
36_61
37_42
46_68
49_56
61
68
44_65
39
36
42
46
42
46
40
40
61
42_49_56_68
65
46
41
36
42
70
42
49
78
49
42
36_42_46
61
66_70
42
46
66
61_70
42
46
40_66
61
70
42_66
46_61
70
61
66
70
42
46
61
66
70
42
46
42
46
61
66
40_70
42
46
61
70
66
30
61
70
42_66
42
40_46
61
70
66
52_57
36
61
66
70
61
42_70
40_66
36_40
49
61
70
66
42
45_61_70
66
70
61
66
36_38_43
61
66_70
37_40
40
49
47
54
36_46
23
35_54
35_47_47
46
46
40
46
36
36
46
46
46
40
46
36_46
46
46
40
46
36
36
46
57
47_54
47_71
35_47_54_59_66
35
41
35_45
43
36
71
66
59
47_47
35_54
47
54
49
35_35
41
45
42
36_46
42
46
42
46
40
42
46
36
36
42
46
42
46
42
46
40
42
46
47
42
36_46
35
59_64
42
46
35
42
46
40
37
59_63
42
46
36
37
96
95
93
91
89
45
38_48
36
88
86
84
83
81
59
43_79
47
38
77
76
74
72
71
63
41
39_45
69
67
65
64
64
62
40
39
60
59
40
57
59
52
68_76
42_49
71
36_46
28
59
64_68
42
46
28
68
64
59
52
59
42
46
32_40
68
59
64
42_64_68
46_59
35
36
52
59
68
64
59
40
36
42
46
59
52_59_64
68
40
42
46
68
64
59
42
46
37_40
59
64
68
42
59
46
52
35
59
64
68
42
40
36_46
68
64
59
42
46
40
42_59_59
52_68
46_64
40
42
46
64
68
35_59
64
40_68
36_52_59
42
59
46
52
59
64
68
40
59
36
42
46
68
42
64
46_59
38
40
42
46_59
52
64
59
37_68
36
54
47
59_75
42
35
36_46
66
69
66
63
42
59
46_66
63
69
42
46
47_59
69
66
40_54_63
42
46
35_59
36
66
63
69
30_59
66
36_69
42
46
47_54
30
59
66
63
69
42
46
59
42_66
46_69
33_63
40
42_47_54
46
59
69
34_63_66
59
69
63_66
42
35
36_46
59
69
66
63
42
46
42
54
46
47
59
33
63_66
40_69
42
46
66
63
59
30
69
59
35
69
36_66
42_63
46
47
54
63
35_36_59_66
69
42
46
58_63
66
42
59_69
46
33
40
54
47
42
63
46_54_66
69
59
32_36
49
42
42_49_66_70
30_36_46_61_70
66_73
42
70
46_61
66
42
49
46
42
40
61_66
70
42
46
30
36
61
70
66
49
61_66
70
36_37
42
46
49
42_61
66
70
37
42
46
42
46_70
61
40
66
40
42
49
42_61
66_70
46
42
61
42
70
36_46_66
30
42_61
46_66_70
42
46_49
42
61
32_40_66_70
42
46
61
70
66
61
70
66
33_36
42
46
42_49_61
70
66
33_54
36
42
46
42
46_61
70
34_66
40_58
42_49
42_46_61
70
66
36_54
47
54
59
63
71_71
40_63_66
42
35_36_40
66
42
42
49
70
73
30_66
42
36_66
49_61_70
40
42
49
30
33
45
49
42
34
41
54
35
57
36
75
47_63_66_71
71
54
47
40
40
33_96
36
95
93
91
89
88
86
84
83
81
79
54
47
77
32
40
76
74
72
71
40
69
67
65
49
42
42
49_78
30_36_46_66_70_73_90
42
46
78_90
42
46
40
78_90
42_49
42
46
90
78
90
49_78
37
36
42
46
42_90
49_78
37
36
42
46
42
90
78
46
40
40
49
42
42
46
78_90
41
36
90
78
42_42
36_46
49_90
42_42_78
46
42
42
46_49_78
90
40
40
42
46
78_90
42_78
49_90
38
36_47
49
78
42_90
45
43_88
36_76
33
42
49
41
86
74
34
71_83
54
47_66
40
71
63
35_36
40
42
42
36
49
30_42
36_47_70_73
73_82
66_78
47
30
45
33
43
34
36_41
49
35_36_47_66_69_71_71_75_78_81
53
71
78
81
75
47
54
71
40_53_75_81
81
71_78
78
75
71
78
75
81
30
47
54
78
81
36_71_75_78
35
71
53_75
81
36
35
71
81
75
78
38
40
53
81
39
81
36_71
75_78
59
71
76
52_68_71_74_80
40
36
53_76
64_74_80
71
52_71_76_80_80
74
59
76
74
71
76
40_53_80
71_74
80
76
71
74
71
74
76
80
52
59
71
35_74_76
80
76
40
71
36
74_80
53
71
76
74
40_80
36
80
76
74
71
38_40
53
59
71
74
59_76_80
52_53
37
36
71
71_78
75
69
81
66
53
36
35
71
75_78
81
54
47
71
81
75
40_53_78
81
71
78
75
30
78
75
71
81
47_54
53
81
35_36_71_78_78
71
75_75
81
35
36
71
75_78
81
38
40_53
78
71
75
81
75
39_81
36_78
71
71
76
40_59
36_52_71_74
53
68
76
80
74_80
64
71
52
59_71_76_80
74
80
71
74
76
76
40_80
71_74
53
80
76
74
71
71
74
76
80
52
59
74
35_71_76
80
71
40_80
76
36_74
53
74
59_71_76
52
35_80
71
64
76
40_57
58
74
76
38_53_71_80
36
63
71
40_64_74
76_76
52_71_80
37_59
49
59
66_71
78
35_75
36_47_69_81
53
71
78
75
81
47
54
71
81
78
75
40_53
81
71
78
75
30
71
78
75
47
54
35_81
36_78
53_71
75
78
71
75
81
35
36
71
78
75_81
38
40
53
71
78
75
39_75
36_78_81
71
59
68
52_71
40_64_80
36_76
53_74
76
74_80
71
71
52_71_76_80
74
59
80
71
76
74
76
40_80
71_74
53_80
76
74
71
71_71
74
76
80
52_71
59_76
35_74
80
53
40_80
71
36_74_76
71
71
76
38_74
80
36
53
37
71
40_80
76
74
71
53_59
52
71_74
76
36_80
71
69
71_75
53
35_78
36
66
81
71
78
75
54
47
53
40
81
75
71
71
78
78_81
75
30
75
78
71
53
47_54
35_81
36_78
71
75
75
78
81
35
36
71
75
78
81
53
38
40
78
75
71
53
39
36
78
75
81
71
71
68
40_53
64_71_80
59
36_41_45_52_74_76
76
74_80
71
52_80
28_71
59_71_74_76_76_80
74
41
45
40_71_80
76
41_74_76_80
71_74
45
71
74
76
80
71
52_74
59_76
41_45_80
71_80
36_40_74_76
41
45
59_71
52
74
40_80
71_76_76
57
64
35
58
36_38
71
80
76
74
59_76
64
71
52
40_59_71
74
76
80
37_49
71
78
53_75
71
35_36_47_81
69
66
71
78
75
81
47
54
33
40
81
71
71
53_75_78
78_81
75
30
75
78
71
81
47
54
35_53
81
36_78
71
75
78
75
71
81
35
71
36_81
78
75
53
33
40
78
75
71
53
78
75
30_71
81
36
53
68_80
59
64_76
28_71_74
52
36
76
74_80
71
80
71_74
52_71_76_76_80
74
59
32
76
40_80
71_74
80
53_71
74
76
71
71_74
76
35_74_80
76
80
52
59
53
28_66_71
36_74_76_80
71
74
76_80
28
63
36
32_74
53
40
71
59
74
76
80
59
52_53
36
35
71
71_75
78
53_69
66_81
35_36
71
75
78
54
47
78
71_75
53_81
33
40
81
71
78
75
75
30_78
71
53
47_54
35
81
36_78
71_78
75
75
71
81
35
71
36_81
75
78
53
33
40_75
78
53
30_81
75
78
36_71
71
68
71
28_64_74_76
53_80
59
36_52
76
74_80
71
71
71
52_80
76
59_71_74_76_80
74
35_76
40_80_80
71_74
53_71_76
74
71
71
74
71_76
80
74
40_52_76_80
59
71
80
76
36_53_74
71
74
76
80
49_71
59
52
35
64_76
71
58
74
40
38
36
53
74
71
64_80
76_76
71
52
37_59
71
40
57
75
78
71_71
69_81
66
53
35_36_47
71
78
75
81
47
54
53_71
75
78
33_81
40
81
71
78
75
30
75
78
71
47
54
53
35
71
75_81
36_78_78
71
75_81
71
78
35_75
81
36
53
78
33
40
71_81
78
75
30
36
71
59_71_80
68
53
74_76
52
28
36_64
76
74_80
71
80
71
76
52_71_74_76_80
74
59
53
80
32_76
40_74_76_80
71_74
71
71_71
76
74_80
76
74_80
35_52
59
76
53
40
36
80
76
71
74
66
40
36
63
80
71
74
76
53
38
40
74
59_71
59_76
52_80
37
36
53
71
75
78
71_81
69
66
49
35
36_53
78
75
71
54_71
47_75
78
81
53
40
81
71
78
75
75_78
35
47_54
38_81
36_53_78
71
75
38
36
75
78
71_81
39
40
53
75_78
81
39_71
36
40_71_74
76_80
59_71
36_41_45_52
64
68
76
74_80
71
41_52
45_71
59_71_76_80
74
76_80
71_74
45_76
40_41_80
71_74
71_80
76
74
71
71
74
76
80
52
59
35
41
45
40
36
41_45
47_71
54_83
78
78_83
47
35_71
57_66_71
35_59
71
40
36
83
78
71
71
59
66
71
47
47_83
54_78
49
35_71
35
40
36
