54_69
69
48
53_57_60_62_77_81
65
54_69
70
81
77
60_62_69
48_57_65
65
77_81
53
60
54_69
77
81
57
62
65_69_69
60
81
77
69
62_65
60_69
54_70
48
49
53_69
41
69
57_69
60_62
65
53
54_70
69
57
60_62
65
69
60
57_65_72_77
62
69
81
77
65
62_69
60
54_70
48_72
77
62
60_65
57
69
76
79
55_64
60_67
69
48
81
77
70
65
54
69
62
74_77
62
65
59
54_69
76
79
64
48
60_67
69
52
76_79
55
54_69
47
54_70
55
52
54_69
45
55
52
69
54_70
67
64
60
69
72
76
45_64
60
54_69
66
66
45
66
54_69
66
66
77
74
55
52
64
67
70
66
79
76
60
66
54_69
66
48
65_69
81
77
60
54_62_64_69
59
53
57
55
70
59
65
62
62_69
54_69
59
64
47
79
76
65_67
54_70
59
59_60
64
53
59
54_69
62
79
55
65
67
59_62
59
67
54_70
78
43_64
59
79
54_69
74
81
83
64
59
53
52
69
84
86
64
59
54_67_69
45
43
59
69
53
59
69
65
55
60
54_70
62
53
59
64
54_69
59
64
69
47
81
67_77
59_59_62
54_69
89
53
55
65
59
77
74
59_64
54_70
88
71_74
64
64
86
59
54_69
72
69
62
48_84
60
59
54_69
52_55
59
69
84
64
64
60
59_72
69
54_70
62
62
59_71
67
83
59
48
54_69
62
69
65_81
59
57_60
69
64
59
41_43
54_69
59
62
48
52
54_70
82
59_61
71
67
41_55
59
83
69
50_59
47
54_69
59_65
43
79
64
54_69
67
62
77
47
59
70
79
60_69
43
59
54_69
77
79
63
45
59
69
67
62_69
81
59
54_57_59_70
64
53
79
67
64
59
41_54_69
63
62
77
69
59
59
53_57_62
54_70
64
79
77
62
48
76
55_57
64
60_72
52
59
36
55
63
72
60_63
67
62
62_65
65_70
58
53_55
72
67
47
63
47
31
47
36
55
60_63
72
63
67
70
62_62_65
58
53_55
59
72
67
63
59
59
31
59
59
36
55
72
63_67
49
63
60
48
70
62
31
65
65
58_62
53
55
52
36
45_72
67
63
47
45
43
31
55
45
36
43
63
60
55
48
72
63_67
59
63
60
51
62
49_58
70
59_62
46_53_55
34
65
50
48
43
47
48
38
47
43
67
63_72
47
59
53_63
41
45
31
31
35
47
36
35_42_72
36
49
51
48
55_60
36
35_42
39
29
72
34_46
72
42
41
72
35_42
72
35_46
29
34_42
48
84
31
42
60
70
35
36_60
63_67
35_42
84
55
35_42
72
39
74
53
29
84
34_46
38
55_75
42
74
79
75
51
77
35_42_74
79
72
50
77
67
35_46
75
29
72
48
72
34_42
75
67
42
50
77
75
35
72
31
60
55_58
63_75_75
46
70
35_42
35_42
36_67
29
70
51
39_72
43
34_46_55_58_63
67
67
42
34
35
74
70
43
35_42
65
46_51_58
55
70
35_46
72
70
29
34_42
72
75
36
55_63
58
42
43
67
77
78
63
43
35_42
27
79
46
35_42
82
29
34
51_62_74
67
34_46_58
55
84
63
70
43
42
39
67_86
67
46
35_42
62
35_46_51
60
55
67
29_43
68
63
34_42
62
46
51
55
42
67
70
36
35
84
72
53
29_65_65
53
35_42
41
44
35_42
67
53
55
56
36_68
29
34_46_48
53_56_60
67
70
53
32_55
42
58
70
56
68
68
72
60
65
41_56
35_42
53
56_67
55
35_46
53_60
83
84
29_58
55_70_74
67
62
34_42_46_55_58
50_62
80
68
56
36_42
77
58
55
62
70
58
35
34
68
41
35_42
56
75
53
60_68_75
56
72
63
56
35_42_60
77
29
63
38_48
79
34_46
58
70
80
63
56
42
60
35
77
71
59
67_71_74
55_59
62
59
55_62
35_42_47
71
55_67
41
35_46
72
43_53
41
29_75
71
65_68
47
34_42_55_59_63
67_68
65
65
42_53
41
35
51
39
63
35_42_63
48
62
51
35_42
60
29
72
63
55_63_67
60
34_46
75
63
60
48
74
42
62
60
35
51_68
56
58
35_42
72
32
56
35_46
29
63
60
34_42
51
72
42
73
55
74
62_67
58
55_62
34
35_42
46
41
43
35_42
67
53
29
47
79
34_46
67
46
56_62
58
44
68
80
67
43_66
46
45
42
50_53
79
35
70
45
67
77
47
75
35_42
43
79
55
71
50
68
48
31_55
35_46
79
67
77
65
59
47
55
35
29
63
45
75
34_42
59
56
62
43
77
63
31
45
42
55
43
55
65
75
35
63
47
60
53_72
35_42
48
47_60
36
36
72
49_57
55
35_42
51
39
53
29
34_46
51
48
42
41
50
35_42
43
35_46
53
51
50
29
34_42
31
42
64
51
35
62
36
63
48
35_42
55
35_42
67
50
39
63
75
60
29_72
51
34_46
38
53
42
67
77
55
35_42
58
35_46
55
75
58
29
64
74
34_42
62
65
63
62
62
42
72
63
64
35
55
31
62
74
55
35_42
35_42
36
60
29
39
63
34_46
42_56
34
57
58
75
35
55
35_42
35_46
29
34_42
36_55
42_64
56
72
57
58
63
55
55
35_42
27_63
62
60
35_42_64
53
75_79
51
29
34
77
62_74
34_46
58
63
50
64
42
39_75
51
52_62
53
74
63
35_42
35_46
50
72
29
51
74
34_42
48
50
42
51
36
75
35
53
68
53
29
57
35_42
55
56
58
35_42
56
55
56
36
29
79
68
72
34_46_58
60
60
69
62
32
42
63
77
68
65
35_42_63_69
67
65
63
62
35_46
69
60
29
34_42
69
58
75
56
55
36_42
69
56
58
74
35
67
70
59
34
35_42
59_62
53_55_69
63
67
35_42_65
69
67
65
29
69
38
34_46
63
56
67
69
42
35
65
70
75
68
71
35_42_69
35_46
69
43
41
29
34_42
68
69_71_74
65
70
62
42
69
41
35
59_63
64
64
39_65
62
74
35_42_63
63
70
67
62
60
35_42
29
34_46
64
74
62_63
67
42
63
72
64
60
63
62
35_62
35_42
58_64
70
32
58
35_46
55
63
62
29
34_42
68
56
64
42
63
34
70
68
55_62
67
35_42
66
35_42
63
65
71
29
64
62
34_46
58
65
56
42
68
35
59
43
53
75
63
65
55
71
48
35_42
47
45
31
35_46
53
55
43
35_74
29_65
68
62
45
34_42
47
51
31
42_48
43
35
47_59
50
63
60
72
67
35_42
49
36
48
35_42
39
50
63
29
34_46
48
50
42
67
41
48
74
63
35_42
55
35_46
72
63
67
29
34_42
64
31
72
42
35_63
36
55
62
35_42
35_42
39
29
34_46
53
38
62
42
60
63
51
64
53
62
62
35_42
55
53
61
35_46
51
67
53_60
74
63
29
61
34_42
55
62
53
63
42
51
35
50
64
31
63
70
35_42
62
51
35_42
36
48
29_66
39
34_46_63
50
51
67
42
34
53
55
35
35_42
74
35_46
66
75
66
29
70
34_42_66
36
55
42_66
57
67
58
66
63
66
35_42
27
55
62
62
58
63
35_42
58
64
29
65
34
55
34_46
60
74
55
63
66
53
42
39
75
35_42_51
70
50_66
35_46
51_67
66
52_66
29
63
70
34_42
65
53
64
50
42_63
51
36
72
35
62
48
29
53_65
68
64
35_42
48
35_42
36
29
56
55
53
34_46
51
62
63
32
42
60
55
64
59
53
63
35_42_79
72
53_54
51
59
55
35_46
68
75
59
53
29
59
72
34_42
59
36_42
68
35
59
67
62
34_55
58_59
35_42
51
59
35_42
53
55
59
29
38_70_77
56
34_46
59
58
56
42
59
51
35_74
67
59
55
53
59
59
35_42_62
51
56
51
35_46
43
41
58
51
59
29
51
68_71
34_42
67
65
51
42
75
41
35
63
51
60
63
55_74
39_62
35_42
60
62
35_42
72
63
67
29
34_46
65
67
69
42
72
72
35
67
35_42_72
43
32
70
35_46
65
60
53
45
72
56
29
63
34_42
70
47
42
62
34
68
45
70
48
60
35_42
68
47
70
45
68
35_42
67
63
43
29
50
67
34_46
48
42
35
79
65_72
47
53_63
59_65
45
35_42
31
35_46
62
63
64
65
45
35
29
47
67
34_42
45
67
43
31_62
42
77
45
70
35
47_63
55_67
60
72
63
72
35_42
36
49
75
57
60
35_42
39
72
29
72
34_46
63_67_72
70
72
42
70
41
67
67_72
63
70
72
35_42
67
72
35_46
72
48
65
55
29_63
34_42
65
31
42
67
58_63
35
65
36
63
62
60
35_42
60
35_42
62
39
60
62
29
34_46
58
67
38
42
56
63
35_42
58
55
67
35_46
60
58
63
55
56
58
67
29
72
34_42
55
67
53
42
35_55
31
63
70
70
51
35_42
53
35_42
36
70
60
63
55
55
58
67
72
29
39_51
34_46
67
53
42
34_70
55
35
70
77
62_67_70
51
35_42
53
55
70
35_46
67
75
50
51
70
29
34_42
53
74
48
36
64
42
67
50
63
72
51
60
62
35_42
27
48
50
64
35_42
51
62
29
34
48
34_46
46
42
39
48
58
64_70
67
55
63
35_42
63
60
58
48
62
51
64
35_46
55
63
68
29
58
34_42
62
75
61
55
74
70
62
42
58
36
70
35
63
71
56
56
67_68
29
64
72
35_42
53_63
60
72
73
56
53
35_42
56
36
29
60
34_46
56
32
42
70
60
58
70
75
63
35_42
74
72
35_46_60
68
63
29
34_42_72
67
36_42
68
35
65
47
48
72
60
67
47
34
35_42
43
67
65
35_42
67
29
38
65
34_46
67
42
59
70
35
62_65
74
59
59
55
62
35_42_71
59
67
35_46
59_72_74
43
41
59
71
59
29
59
65
34_42
75
68
65
63
74
42
59
41
35
59
62
60
72
39
59
60_72
63
35_42
63
63
59
35_42
60
59
29
70
59_75_82
63
79
67
63
62
34_46
60_62
59
42
59
35
68
56
59
60
35_42
60_79
32
56
59
35_46
59
60
51
77
29_63
59
34_42
56
59
42
62
62
75
34
55
50
59
43_59
67
55
35_42
55
59
45
35_42
75
59
47
55
29
34_46
58
59
55
59
58
42
35
74
43
59
50
52
55
35_42
48
56_79
31
35_46
67
68
58
75
35
29
56
66
48
75
68
65_71
67
34_42
55
68
74
47
71
70
31_45_53
42
67
74
67
72
35
47
63
55
63
72
60
74
49_72
35_42
36
51
60
35_42
39
75
29
34_46
63
42
55
67
41
70
60
35_42
72
74
62
35_46
74
63
29_72
34_42_75
70
74
31_67
65
42
75
35_65
36
74
63_67
35_42
72
74
35_42
75
39
77
51
29
55
34_46
79
38
42
60
84
55
63
58
67
70
55_62
63_73
74_75
79
35_42
79
77
84
79
77
35_46
77
74
75
51
29
75
72_74
55
34_42_63
58_60_72
67
75
77
75
42
74
74
70
51_63
58
72
35
31
75
58
55
35_42_74
67
63
55
72
35_42
70
63_70
36
65
29
75_79
39
34_46
63
42
34_74
60_77
35
35_42_51
48
55
62
63
67
35_46
70
71
72
29
34_42
72
62
67
36
63
42
67
62
75
72
60
68
69
69
35_42_55
27
74
70
70
69
35_42
70
55
29
34_60
34_46_70
68_72
42
69
39
62
70
67
63
35_42
35_46
69
67
65
55
29_67
60_68
55_67
34_42_70
70
69
42
60_63
67_72
36_62
70
35
70
56
53
68
69
29
65
35_42
72
67
35_42
65
72
63
56_60
70
36
29
64
58
34_46
75
72
32_56
42
68
63_72
73
60
79
58
35_42
77
75
55
35_46
62
70
67
77
46
43_53
50
62
58
29_68
34_42_64
77
62
36_42
55
35
64
58
62
41
48
44_60_61
34
55
62
53
35_42
35_42
63
56
64
77
70
67
53
29
38
34_46
62
79
55
80
64
82
42
72
63
35
59
69
79
62
43
47_50
41
35_42_70
61_74
53
35_46_60
43
41
67
61
29
59
71
62_74
34_42
62
67
63
67
63
63
62
42_64
67
72
41
74
35
63
62
60
62
39_55_63
35_42
60
77
48
58
75
62
35_42
60_74
62
75
63
29
75_82
65
79
34_46
67
70
72
82
79
74
70
64
42
75
63
62
35
74
86
64
53
35_42
32
84
35_46
53_67
68
56
79
59
62
70
29
71
34_42_64_75
63
80
62
82
64
42
79
72
63
34
62_79
75
60
55
63
43
35_42
77
35_42
48
75
47
84
45
89
29
72
79
34_46
48
86
75
82
42
35
47
74
77
79
89
45
72
67
35_42_75
74
47
86
72
83
71
43
31
35_46
45
68
80
67
65
47
35
29
70
45
71
80
74
34_42
47
68
45
82
67
80
65
79
43
67
31
42_45
77
65
63
35
79
47
62
49
35_42
60_72
36
75
74
74
35_42
39
75
67
29
34_46
72
77
79
42
95
77
96
41
75
48
74
35_42
36
96
35_46
96
29
34_42
96
43
31
42
91
72
35
36_89
43
35_42
87
48
72
73
74
86
84
35_42
51
86
39
29
87
34_46
59
55_67
57
86
38
67
84
42
60
59
67
79
59
63
84
35_42
59
79
62
35_46
59
77
60
79
59
29_62
77
59
34_42
75
60
55
74
42
59
35
31_58_72
59
35_42
59
43
67
35_42
72
46
36
75
79
43
29
39_51
34_46
75
70
55
42
34
58
72
74
35
63
75
35_42
70
74
75
72
74
65
70
67
35_46
72
74
63
75
29
34_42
65
77
79
36
67
42
59
84
65
59
59
35_42
27
67
82
63
70
35_42
59
84
60
59
29
34
59_67
34_46
58
70
55
74_82
42_59
39
84
58
75
87
55
59_77
35_42_53
89_91
75
55
90
43
74
59
53
89
35_46
51
88
70
87
53_67
29
86
66
34_42
70
55
84
66
74
66
42
86
55
36
35
84
75
56
41
29_53
35_42
80
74
44
48
35_42_55
75
56
58_74
51
36
29
59
34_46
60
60
63
72
63
56_80
84
87
67
32
42
64
91
65
63
35_42
62
89
47_50
41
44
64
35_46
63
62
55
29
34_42
61
58
62
65
36_42
60
35
46
50
43
53
55
61
34
35_42
60
53
60_63
56
35_42
64
60
60
29
38
34_46
62
75
63
77
91
62
79
92
42_63
65
35
77
91
67
75
64_89
68
59
56_62
35_42
70
87
77
67
86
47_62
41
35_43_46
50
63
87
43
41
88
64
89
29
62
34_42
68
67
79
61
42_65
41
77
75
35
63
60_62
74
39
35_42
60
84
60
86
48_70
35_42
83
60
84
79
29
64
63
34_46
63
82
62
61
82
42
62
84
62
80
35
63
86
60
35_42
82
32
79
64
56_84
58
35_46
80
62
63
77
29
34_42
60
79
61
64
63_75
42
62_83
34_53
77
55
62
50_65
74
43
35_42_62
71
74
65
65
75
68
72
71
72
50
35_42
68
91
74
65
60
48
62
29
47
34_46
70
71
87
67
72
45
65
50_53_59
55
42
83
35
62
68
63
70
48
67
55
65
35_42
79
63_67
62
60
41
31
35_46
77
62
55
45
56
68
68
60
70
35
47_60_68
29
75
67_67
34_42
59
45
65
60
58
70
47
67
45
31
74
42
36
45
43
47
45
35
63
45
47
72
35_42_72
48
36_72
60
49
51
62
43
60
35_42_55
48
39
60
51
29
34_46
55_72
63
59
62
67
42_59
72
70
41
60
72
55
35_42
74
35_46_72
72
70
70
29
34_42
43
67
62
74
31
84
42
65
43
35
36
63
63
84
35_42
75
62
36_48
84
35_42_60
62
63_77
65
39
29
84
65
34_46
67
70
38_48_67_79
79
74
42
77
72
55
54_84
35_42
79
72
71
60
77
54
67
35_46
75
65
67
74
63
29
54
72
34_42
77
72
67_74
75
67
54
68_80
42
72
72
35
67
70
31
75
70_70
54
82
70
35_42
55
58
54
35_42
36_63
67
54
29
39
72
34_46
75
54
67
42
70
68
34
35
70
54
70_72
60
35_42
68
67
54
35_46_67
79
70
72
70
29
65
34_42
54
67
65
64
72
79
36
62
63
74
42_63_70
54
62
68
62
63
69
64
72
77
54
65
35_42_64
27
79
65
68
67
62
79
63
63
35_42
60
62
62
29
34
64_79
63
34_46
75
60
63
58
56
42
39
58
56
62
55
63
67
67
35_42
63
62
74
64_72
74
62
35_46
48
75
63
55
74
29
64
68_68
34_42
72
60
56
72
62
70
58_63
61
70
70
42
36
67
35
60
60
70
29
66
35_42_68_71
72
56_68
65
41
53
72
44
72
35_42
56
48
41
56
51
36
60
29
60
68
34_46
67
65
32
42_60_72
63
70
50
67
58
35_42
70
70
65
67
43
55
70
46
55
55
67
35_46
50
58
43
53
58
65
62
29
67
34_42_54
65
62
70
74
54
74
62
36_42
49
35
65
54
34
72
60
44
35_42
48
68
54
67
56
60
35_42
51
60
68
55_63
72
70
29
54
38_44
67
34_46
72
63_63
54_74_75
68
75
42
35
75
77
74_79
58
62
55
53
35_42
41
40
79
77
53
56
72
35_46
44
43_47
41_75
59
41
51
74
29
56_63_68
53_71
71_77
59
34_42
53
59
71
65
74
42
41
71
35
48_72
39
72
35_42_63
60
48
50_72
60
51
35_42
55
58
29
55
67
34_46
63
62
84
71
42
60_62
79
71
35
72
68
74
35_42_60
32
75
56
35_46
74
56
60
29_72
34_42
72
63
67
67
42
63
51
34_62
74
65
53
62
35_42_55
50
53
50
67
63
60
62
35_42
63
65
45
47
29
45
67
68
34_46
68
70
43
70
68
67
68
43
42
35
48
55
67
59
62
54
53
67
55
35_42
68
67
68
63
65
31
35_46
63
64
45
71
35
59
29
47
34_42
79
63
65
77
66
48
63
75
55
62
62
47
74
31
42
63
60
72
62
35
45_74
67
62
60
60
72
48_50
49
57
35_42
36
60
70
35_42
60
39
86
29
48
34_46_72
84
51
67
55_63
82
79
50_74
75
42
74
41_75
51
35_42
74
50
35_46
29
34_42
50
51
31
42_50
75
62
74
48
35
72
36
48
47
35_42
50
70
72
35_42
74
60
39_50
63_70
55_58
67
29
34_46
74
51
38
42
35_42
64
43
62
63
35_46
43
64
43
29
34_42
63
63
64
79
43
63
80
62
42
60
79
80
35
79
63
31
64
35_42
58
35_42
36
58
72
67
48
60
39
34_46
74
50
42
75
34
51
51
46_58
55
35
74
50
35_42
35_46
50
34_42_62
51
67
50
74
48
75
62
36
42
74
72
58
46
70
35_42
27
46
72
48
50
74
35_42
66
55
74
65
34
34_46
58
50_65
62_64
66
42_43
39
64
35_42
65
46
66
74
35_46_75
65
74
66
65
66
72
65
66
34_42
66
74
42_64
36
72
35
62
29
56
35_42
44
35_42
36
55
59
34_46
48_51_56
48
67
60_63
79
50
80
32
42_59
51
65
53
53
59_82
59
35_42
55
59
35_46
50
59
53
59
34_42
82
51
36_42
59
79
50
35
58_59
65
55_62
83
34
51_79
35_42
59
84
35_42
59
59
38
59
34_46_50
80
51
84
50
80
48
42
77
59
35
55_58
65
62
46
59
79
35_42
59
77
80
44
35_46
41_59
79
43
41_53_63
56_59
51
47
77
59
46
79
34_42_43_59
77
75
83
84
42
47
41_59
80
75
74
35
77
59
48
39_47
75
72
35_42
61
50_51_58_59_62
55
75
52
35_42
59
59
34_46
62
51
50_55
58
59
74
42_51
59
35_59
62
35_42_48_56
44_59_75
53_55
32
79
80
35_46
59
55
59
77
56
34_42_62
59
44
48
59
42
74
34_60
43
59
59
59
35_42
79
59
54
41
35_42
55
53
59
56
72
59
34_46
55
74
56
75
59
54
42
58
35
63
59
53_56
77
55
59
75_79
35_42
59
31
80
35_46
54
59
74
67
73
82
72
59
35_79
51
71
47
79
34_42_67
59
53_56
79
67
79
67
31
77
42_59
54
79
67
35
75
59
67
51
58
53_62
50
55_59
35_42
74
36
51
75
35_42
50
39
74
72
34_46
64
75
74
72
62
42
51
48
55
60
75
41
63
74
64
35_42
74
35_46
43
34_42
65
60
75
74
31_74
51
75
42
72
74
63
50
72
35
74
36
75
48
35_42
74
79
62
48
50
35_42
50
74
60
79
39
63
34_46
64
67
69
38_62
42
67
62
63
67
64
68
60
35_42
70
62
68
67
65
79
35_46_74
64
55_80
67
63
79
62
78
63_77
60
34_42
61
79
87
75
60
63_64
42
55
74
62
35
63
83
31_63
62
58
43
35_42_60
62
86
48
72
84
35_42
36_55
51
60
63
67
55
46_51
58_70
48
39_60
34_46
51
53
72
55
55_74
42
34
75
35
48
58
77
35_42
79
72
79
35_46
58
75
51
46
57
80
75
51
34_42
43
74
82
36
75
58
51
42
74
46
72
79
82
50_69_74
35_42
27
79
77
69_75
51
35_42
58
55_69
34_70
34_46
48
42_51_69
39
58
55
35_42
46
69
77
35_46_67
79
51
69
48
55
34_42
79
80
55_70
56
80
42
56
67_82
36
68
82
35
69
58
29
41_48
35_42
70
58
51_55
82
44
35_42
36
48
56
53
34_46_60
51_79
32
42
75
70
82
79
76
80
58
56
83
53_77
35_42_48_53
84
84
56
76
35_46
65
68_72
75
76
34_42
75
55
36_42_43_83
46
50
83
70
65
35
76
34
55
59
35_42
56_71
53
59
79
48
51
35_41_42
44
38
58
91
34_46
59
66
87
42
35
65
64
86
41
63
47
35_42
87
86
62
79
66
84
56
55
35_46
80
82
43
41
86
65
55
64
79
70
63
34_42_56_71
63
53
59
77
77
53
62
42_74
87
56
41
66
35
86
65
53
87
51
39
75
75
72
35_42
55
62_64_86
84
63
50
48_55_60
35_42
64
63
62
51
62_84
34_46_64_75
55
67
75
51_58
72
50_75
74
42_55
64
63
53
51
79
62
35_84
63
50
48_60
56
77
35_42
64_72
77
80
32_79
64
75
60
35_46_53
80
63
62
72
64
34_42_79
51
56
65
73
53
68
42_64
77
74
51
34
63
70
62
79
68
53_62
56_59
35_42
43
50
67
79
47
35_42_47
48
47
74
34_46
53
67
45
79
68
75
42_55
35
68
67
67
69
43
66
56
35_42
67
50
58
48
31
35_46
75
79
80
71
47
68_79
35
65
43_67
59
34_42
67
77
79
75
71
68
60
63_79
68
62
67
31
42_47
65
45
75
63
47
66
35
45
63_66
47
65
65
62
45
48
75
63
72
35_42_49
36
62
60
72
62
63
60
60
35_42
39
63
51
63
70
55
34_46
63
72
60
67
65
42
48
72
41
63
67
55
35_42
72
70
62
35_46
72
72
65
74_86
34_42_79
69_75
82
74
75
53
63
84_84
70_86
31_72
42
75
77
35
62
79
36_78
51
79
69
84
35_42
74
79_86
75
82
68
86
84
48
74
79
35_42
72
84
39_72
70
84
74
79_86
75
79
34_46_67
65
38
74
79_82
86
75
42_63
77
79
62
63
77
35_42
84
72
75
48
60
72
51
72
67
35_46_54
74_86
75_79
62
53
75
55
63
84
60
84
74
72_77
34_42
54
72
53
62
63
79
75
60
51
65_67
79
75
42_67
72_82
54
48
58_66
35
75
51
31
70
67_70_82
54_75_77
35_42
70
54
35_42
51
48
36
79
67_72
54_84
55_72
39_75
72
34_46
60
75
48_67
54
42
55
34
77
79
67
35
82
43_70
54
70
35_42_75
58
77
75
48
70
72
54
82
69
75
35_46
58
70
70
72
43
54
48_70
72
74_84
34_42_70_75
70_82
77
36
79
54_69
42
75
67
68
43_75
72
48_79
39
70
54
35_42
27
67
67
43_51
70
75
75
35_42
76
77
79
48
67
74
34
76
34_46_74
50
70
72
75
72
43
70
79
75
48
67
42
70
39
48
66
82
76
72
65_86
67
70
46
35_42
63
85
84
60
54
35_46
63
67
83
70
65_82
43
34_42
67_72
68
77
63
65
80
60
75
46_55
74
82
63
76
63
70
42
75
36_80
65
77
82
35
80
76
60
77
58
60
79
63
71
29
44
35_42_68
75
56_79
72
67
60
63
44
35_42
79
77
67
36
65_80
34_46
51
84
55_65
56
63
91
80
84
87
32
42
72
70
60
35_42
70
58_67
67
56
43_79
65
35_46
80
82
62
86
58
77
34_42_79
70_74
67
82_89
79
56
58
46_65
50
53
58
67
86
77
36_42
74
70
68
70
56
35
79
56
82
67
58
47_55
34
79
74
35_42_55
68
65
77
58
41
77
35_42
75
65
59
47
48
38
34_46
74
86
68_80
77
72
62
75
63
51
56
42
80
35
77
86
67
77
63
50
53
60
79
35_42
83
77
67
71_74
68
67
51
68
71
70
47_53
44
66
50
35_46_72_77_87
65
43
41
68
67
62
75
53
62
63
87
34_42_67_68
77_80_83
59
62
54_60
71
59_68
65
55
77_83
42
59
71
41
65
60
35
79
51
55
39_62_63
74
72_85
86
35_42_62
60_75
50
72
67
35_42
67
34_46_63
70
72
50
75
42_51
62
68
74
35
75
77
86
35_42
55
60
62
32
75
65
62
60
56
60
67
35_46
80
59_77
63
72
68
53
56
59
67
65
34_42_59_80
84
70
77
68
70
55
58
72
86
68
77
53_73
42
56_74
34_72
75
58
70
79
51
56
67
50_77
35_42
55_67
47
74
79
51
77
77
35_42
53
75
50
79
51
34_41_46
74
47
48
50
56
80
77
47
68
58_79
42
35
70
75
68
59
77
67
82
74
67
83
50
61
79
35_42_43
68
72
63
65
67
67
79
74
31
65
35_45_46_67
66
75
67
47
55
67
51
35
71
74_75
68
34_42
41
91
72
87
47
70
75
76
83
71
72
71
31_48
43
42
79_81
45
43
72
75
35
45
74
70
43_50
76
75
74
45
58
48_71
74
48_72
49_72
62_70
35_42
72
36
71_72_84
68
65
70
67
35_42
60_74
39
72
48
67_75
34_46
72
61_70
82
74_75
79
60
79
63
50
75
42_82
74_75
72_79
62
41
74
51
72
74
35_42
75_82
79
60_70_74
75
53
77
72
35_46
72
74
79
79
75
55_84
34_42_67
82
74
79
72
31
42_75
56_64
91
72
35
63
74
36
82
62
72_75
35_42
58
66
72
87
74
35_42
65
75
39
86
74
74
34_46_66
67
87
75
86
63
70
84
38_75
42
67
77
82
79
66
63
84
78
74_82
35_42
62
86
79
79
66
87
79
75
79
67
66
67
35_46
60
66
89
78
74
66
70_75
79
66
72
34_42
63_84
78
74_87
65
79
75
67
64_67
55
42
78
79
69
77
74_86
35_63
87
31_75
82
62
72_86
72
35_42_70
58
59
72
82
75
84
77
64
75
35_42_72
72
36
79
63_70
82
55
70
72
70
62
39_72
34_46
60
70
70
84
79
75
67
61
55_79
75
67
66
42
68
34
79
67
70
84
60
74
77
35
82
75
72
70
58
35_42
67
65
67
72
58
75
65
79
60
35_46
70
68
82
61
63
62
86
63
70_79
60
75
34_42
63
67
64
74
84
65
36_77
79
63
42
82
63
60
62
82
79
58_65_75
72
61_79
63
35_42
27
67_77
75
70
63
35_42
60
74
62
61
75
79
76
62
72_80
77
34
63
34_46
48
74_81
64
82
74
63
42
39
81
64
80
67
75
70
79
63
35_42
62
63_67
55
55
75
60
72
77
77
62
55
35_46
62
74
63
75
63
64
74
72_75_79
77
68
34_42_72
75
60
65
53
63_67
65
75
62
77
67
76
70
63
77_79
70
68
42_70
51
79
36_60
63_67
70
35
64
75
74_79
80
61
29_75
68
77
35_42
60
48
68
67
55
67
60_72
56
63
72
68
35_42
75
65
74
36
77
34_46
75
84
67
77
72
32
42
56
53
79
65
75
84
68_72
75
79
80
82
77
84
79
70
79
80
70
67
35_42
77
84
79
80
82
82
35_46
79
59
84
59
80
50
55
58
59_70
34_42_67_82
62_84
74
68
51
77_79
70
79
59_80
36_42
84
82
79
79
84
80
35
59
53_67_80
86
82
75
59_83
34
69_84
82
35_42_48
86
84
71
79
70
80
59
86
35_42
65
82
72
38
75
79
69
59_87
34_46
74
71
80
75
86
68
82
59_70
42_87
86
35
65_89
79
83
91
63
74_83
89
69
59
35_42
91
83
50
59
71
35_46
72
67
43
41
65
51
59
63
87
68
74
65
62_71
59
91
34_42_53_79
84_86
68
87
72
63
64
87
71
84
65_75
68_83
86
86
42_59_65
41
74
35
79
87
59_72
39_86
67_72_75_84
65_86
63
70
35_42_63
84
59
55
63
84
56
86
86
35_42
60
53
63
84
87
55
86
82
63
34_46
51
84
63
79
84
79
75
62
79
42
82
62
74
72
77
35
80
79
35_42_50_60
80
60
32
56
53
77
67
63_79
35_46
50
82
51_72
60
82
75
77
79
79
48
34_42
75
68
84
77
58
51
77
80
78
62
80
79
42_79
56
34
79
77
65
82
58
77
66_67
79
65_74
64_71
62
35_42
75
56
79
74
55
79
74
74
75
79
71
74
41
67
35_42_76_79
48
77
45
77
47
50
45
43
47
79
77
67
74
79
34_46_55_71
46
51
80
75
48
79
48
50
74_75
55_67
42
44
35
71
77
68
47
65
75
35_42
67
55
68
63
74
67
37
72
75
46
76
75
74
31
44
35_46
76
77
66
72
65
46
74
77
44
72
47
35
75
43_71
34_42
71
45_59_75
75
68
67
65
72
71
74
43
75
47
75
68_74
31
42
45
58
71
35
51
72
47
72
50
35_42
72
39_55
49
36
74
50_74
63_67
62_70
84
57_59
50_55
60
35_42
79
39
72
51
34_46
55
58
62
84
75
48
70
42_75
48
84
74
41
67
72
35_42_65
55
43
84
72
63
70
35_46
79
60
58
84
72
63
72
34_42
60
75
75
46
84
74
79
31
75
42
70
62
74
77
60
72
35
36
63
84
70
72
35_42
63
79
65
67
87
70
48
35_42
82
84
39
55
34_46
84
83
90
72
38
58_70
59
74
42_79
90
67
59
65
84
37_91
59
60
67
35_42
63
79
79
91
79
59_84
62
35_46
75
63
79
91
60
84
78
90
63_77
65
34_42
89
87
77
63
75
59
67
84
65
65_75_79
59_77
72
87
70
42
65
89
72
75
59
35
87
60
72
75
31_59_77
82
84
67_79
35_42
87
63_72
59
72
35_42
36
59
37_59
67
70
77
84
39
34_46
75
72
59_67
79
42
34
72
59
59
35
67
75
67
74_82_89
35_42
70
87
84
70
37_72
59
79_82
35_46
80
68
82
82
84
75
59
75
67
59
75
34_42_72
79
70
75
37
59
77
36
82
82
70
42_74
75
72
84
72
82
59
79
70
59
82
35_42_63
27
60
55
72
79
59
35_42
70
55
67
94
87
72
34_59
84
34_46_60
67
79_91
70
72
87
70
74
70
37
72
63
55
59
42
67_84
39
87
82
74
59
81
70_77
91
80
74
59
35_42
79
87
63_75_75
74
84
75
71
75_82
79
37
59
72
35_46
84
82
75
59
79
72
79
77
80
59
34_42
77
77
79
75
74
77
82
82
37_74
59_74
42_75
72
78
36
35
59
72
74
72
80
60
75
59_72
79
82
29_75_80
75_75
83
35_42
77
84
72
54_63
53
72
60
56_72
65
72
35_42
68
75
75
79
79
77
60
68
56
36_75_79
72
68
34_46
64
75
72
84
68
70
77
63_72_80
80
68
67
69
75
32_62
42_70
68
77
68
67
64_70_72
91
68
68
82
35_42
67
68
70
55
53_62
58
89
62
67
70
67
35_46
63
67
68
67
64
70_74
58
70_70
86
65_67
70
74
74
62
34_42
67
70
72
70
70
70_79
74
67
63
82
67
36_42_67
75
70
67
67
75
35
74
64
65
56_59
62_68
77
34
72
62
60_72
68
35_42
71
79
75_79
67
68
64
71
65_65_77_87
35_42
68
65
63
75
63
63
75
83
38
64
63
34_46_74
62
63
62
77
65
80
42
35
67
62
67_77
79
65
35_42
65
83
63_126
67
35_46
84
62_68_72
63
43
41
68
64
70
77
62
68
65
80
34_42
68
75
82
67
60
77
71
65
42_77
66
41
65
65
35_62
64
67
63
39_63
75
75
70
60
35_42
62_63
63
48
78
35_42
79
86
79
55
82
58
63_74
67_70
60
75
34_46
75_82
63
63
89
74
67
42
62
72
64
86
58
48
63
67_70_74
63
70
79
62
35
67
80
72
75
87
68
35_42
60_66
60
86_91
32
74
62
63
84
72
35_46
65
87
53_84
65
56
75
60
65_68
72
64_67
87
63
68
34_42
86
63
80
68
62
84
63
53_75
68_70
65
72
56_60
73
42
62
84
70
91
34_74
68
64
79
67
67
90
53
55
43
62
89
58
35_42
84
80
88
67_87
59
86
67_74
65_70
47
35_42
68
72
65_87
48
88
48
89
47
68
67_70_74
65
88
45
70
62
34_46
87
67
68_91
84
86
68
65
67
70_84
59
86
67
87
48
42
71
87
35_84
80
50
83
48
68
65
75
48_68_71
65
86
67
67
74_75
62
87
43
74
35_42_65_68_71_74
86
84
65
63
79
77
55
83
63
62
89
83
31
45
35_46
80
47
75
45_62
82
75
79
45
80
63_71
47
35_63
75
75_86
45_68_79
79
43
34_42
47
67
45
77
71
65
47
83
45
89
79
47
67
63
77
71
43_45
59_65_68_71
31_79_86
42
75
45
74
74
47_65
62_72
83
35
74
45
67
47_72
60
74
58_70
48_49_60_79
62_63_71
35_42
36
72
60
35_42
39
72_79
86
63
67_74
34_46
72
75
82
42
41
63
72
72_74
35_42
72
74
75
72
72
79_86
35_46
77
67
67_79
72
72
34_42
84
67
65
65
71
82
59
63
63
31
42
75
82
60
60
62
35_79
36
68
58_70
64
70_70
35_42
58
48
63
77
62
64
79_86
35_42
63
60
62
79
62
39
63
64
67
67_67
34_46
55
63
65
67
62
70
38
64
75
72_82
42
63
62
66
72
35_42
65
60
65
64
66
79_86
35_46
67
65
64
74
62_63
66_75
72
34_42_82
72
65
74
79
64
67
63_67
42_75
75
62
35
64_72
31
67
74
58
70
70
35_42_60
70
62
60
63
58_70
55_70
70
79
35_42
79
36
80
67_82
70
67
68
71
70
75_82
70
39
72_72
34_46_84
86
72_79_87
67
42_67
34
75
35
72
60_70
70
35_42
79
60_75_79
70
67
77
35_46_70
72
77
74
70
71
72
34_42
75
72
75
70_74_77
36
76
42
58_67
68
77
56
72
75
74
35_42_74_75
27
67
70
55_75
60
75
72
35_42_74
70
75
72
76
79
75
77
34
75
67
65_76
34_46
74
75
72
42
72
39
70_76
58_67_67
70
35_42_60
67
77
75_79
35_46
76
70
86
75
87
68
63
63
34_42_67_68_86
51_76_77
74
84
72
77
67
75_82
70
76
42
68
70
36
70
71
53
35_63
80
56_60_72_72_75
82
56
72
68
29_65
35_42
80
68
79
68
84
72
35_42
75
79
36
79
84
64
34_46
77
84
91
79
63
77
62
32
42
51
63
75
64
82
67
70
35_42
72
70
55
58
58
65
62
75
62
63_67
35_46
77
70
74
64
77
62
79
34_42_74
70
91
86
77
59_63
36_42
82
55_89
67
71
75
35
64
59
34
80
35_42_62_70_72
59
74
60_62
56
60_63_67
68
75
65
35_42
63
59_72
75
79
64
77
59
38
67
82
34_46
80_87
59
62
68
79
70
68
42
63
35_59
80
56
68
68
82
67
64
79
59
77
35_42_83
62
79
62
74
65
80
66
63
59
71
82
35_46
65
43_55
41
72
62
64
84
63
67
63
64
59
65
62_71
79_86
74_87
34_42
65
62
59_77
91
64
63
83
77
67
71
68
42
59
62
41
77
65
55
64
62
35
67
63_75
63
70
72
39_60
72
60
63
63
60_62
75
35_42
60
62
70
35_42
55
67
63
62
63_64
86
75
79
34_46
60
62
74
75
82
42
62_63
35
72
48_60_60_62
68
56
35_42
32
56
68
35_46
60
77_84
51
63
34_42
92
93
63
80
72
94
60
42
61
50
62
34
62
59
62
59
35_42
55
35_42
67
55
34_46_47
67
67
79
71
48
47
48
47
43
42_75
67
67
35
71
59
45
71
35_42
67
62
68
67
65
43
66
68
47
31_67
35_46
55
67
72
45
68
35_74
62
43
41
70
34_42
65
68
45
67
94
93
47
63
75
66
92
71
31
42
91
45_67
35
62
67
72_92
93
60
60
55
94
35_42
36
48
74
67
35_42
55
39
72
63
34_46_70
60
60
62
67
48
42
41
63
55
72
35_42
55
65
67
60
35_46
72
67
62_67
65
34_42
63
31
63
42
60
35
36
35_42
56
58
48
35_42
71
56
55
39
55
72
34_46
60
62
38
74
42
63
65
75
35_42
67
70
74
35_46
72
67
34_42
56
67
58
71
68
56
42
55
35_70
70
31
67
60
35_42
63
60
55
67
58
35_42
36
77
39
34_46
93
74
67
92
70_75
42
34
91
67
35
92
70
74
35_42
93
67
94
54
74
35_46_75
72
34_42
70
77
67
56
36
54
42
65
58
56
63
55
54
35_42
27
58
60
55
62
54
35_42
34
60
63
54
34_46_67
74
70
62
74
75
79
54
42
39
60
63
72
82
54
35_42
86
54
35_46
86
34_42
54
86
84
56
42
54
58
36
91
56
35
86
92
53
93
68
85
53
29
94
35_42_84
56
54_72
75
60_63
53
63_79
56_60
96
35_42
54
63_68
79
36
34_46
54
68
63
79
32
42
54
68
63
79
35_42_55
70
54
63
74
65
58
77
79
94_95
96
35_46
70
65
74
58
55_79
62
94
34_42
54
62
79
70
65_74
58
56
58
36_42
62
58_65
54_70
55
79
56
35
55
34
53
68
35_42
72
54
75
60
63_79
35_42
54
63_68
79
60
72
58
55
65
62
38
34_46
54
63
79
68
72
54
42
79
63
68
35
53_59_62
55
35_42_54
62
53_74
59_67_77
55_71
95
94
35_46_71_74_77
55_62
67
59_95
53_55
96
43_96
41
71
34_42_59_67_74_77
54
53
62
92
92
55
56
71
53_54_59
89
42
67
74
62
77
89
41
58
56
35
55
55
39
67
54
35_42
87
60
63
70
77
74
58_87
60
61
54
35_42
63_70
77
67
74
60
67
70
75
72
55
34_46
67
54_63_77
74_87
62_70
88
67_77
54
42_63
74_86
70
35
63
63_72
53
35_42_54_60_65_75
68
84_91
32
54
63
65_75
35_46_53_65_68_72
60
68_79
75
62
75
54
63_65_68
34_42_72
84
63
54
68_75
63
65
72
42_86
89
60
34
62
54
62_71
65_67
74
53_55_59
70_77
63
35_42_74
67
65
71
59_62
65_67_67
54_74
55
35_42
79
70
72
54_59_71
65
67
53_74_80
62
34_46
82
80
79
54
65
62_67
74
59
53
42
35
77
65_68
71_74
79
68
54
55
35_42
70
68
54
55
31
67
35_46
87
35
55
75
70
54
68
34_42_65
86
71
68
75
55_65
54_87
31
42
86
35
70
60
67_74
63
54
60
35_42
36
60
35_42
39
48
34_46
55
42
41
60
35_42
84
62
35_46
84
34_42
63
31
42
65
35
36
35_42_67
48
35_42
39
55
34_46
48
38
60
42
35_42
79
35_46
70
72
34_42
84
74
42_79
35
31
72
35_42
68
60
82
54
35_42
55
36
70
39
84
34_46
42
79
63
34
60
58
35
84
35_42
67
60
35_46
67
70_84
34_42
74
77
36
42
82
67
70
75
35_42
27
35_42
34
34_46
42
39
79
35_42
79
35_46
80
34_42
80
82
82
42
36
35
77
80
29
82
35_42
83_83
53
84
84
63
56
60
35_42
36
34_46
32
42
53
35_42
55
58
82
62
82
84
35_46
82
84
82
34_42
82
84
36_42
82
84
35
82
34
35_42
84
82
35_42
38
53
34_46
56
62
59
42
35
83
35_42
77
80
82
35_46_83_91
43_84
41
34_42
80
87
42
41
77
83
35
39_75
89
35_42
35_42
34_46
63
86
42
82
75
35
79
74
87
35_42
32_72
53_63
35_46
34_42
42_73
84
74
34
80
79
35_42
62
56
59
35_42
67
68
67
34_46
66
42
35
67
35_42
31
35_46
77
79
68
35
34_42
80
67
62
66
82
79
31
42
67
35
77
75
60
35_42
36
63
48
35_42
39
48
34_46
42
55
41
35_42
60
35_46
62
34_42
63
31
42
65
35
36
63
60
67
62_68
35_42_48
35_42_48
39
55
34_46
38
60
42
67
74
35_42
70
35_46_63
67
34_42
63
42
35
31
35_42
67
48
48
35_42
36
39
34_46
42
34
65
63
35
35_42
60
35_46
34_42
36
42
48
35_42
27
58
35_42
34
34_46
42
39
35_42
35_46
34_42
60
62
63
65
42
36
67
35
53_56
65
48
29
35_42
35_42
36
34_46
32
42
35_42
35_46
34_42
67
36_42_68
70
72
35
67
34
35_42
35_42
38
34_46
42
35
35_42
35_46
59
53
55
43
41
34_42
75
42
41
35
74
39
35_42
35_42
34_46
42
35
35_42
32
35_46
34_42
42
34
35_42
35_42
79
34_46
42
35
35_42
53
55
75
31
35_46
35
34_42
74
75
31
42
74
72
35
58
74
48
35_42
36
35_42
39
34_46
42
41
35_42
35_46
34_42
31
42
35
36
35_42
35_42
39
34_46
38
42
35_42
35_46
34_42
42
35
31
35_42
35_42
36
39
34_46
42
34
35
35_42
35_46
34_42
36
42
35_42
27
35_42
34
34_46
42
39
35_42
35_46
34_42
42
36
35
29
35_42
35_42
36
34_46
32
42
35_42
35_46
34_42
36_42
35
34
35_42
35_42
38
34_46
42
35
35_42
35_46
43
41
34_42
42
41
35
39
35_42
35_42
34_46
42
35
35_42
32
35_46
34_42
42
34
35_42
35_42
34_46
42
35
35_42
31
35_46
35
34_42
31
42
35
35_42
35_42
34_46
42
35_42
35_46
34_42
42
35
35_42
35_42
34_46
42
35_42
35_46
34_42
42
35
35_42
35_42
34_46
42
35
35_42
35_46
34_42
42
35_42
35_42
34_46
42
35_42
35_46
34_42
42
35
35_42
35_42
34_46
42
35_42
35_46
34_42
42
35
35_42
35_42
34_46
42
35_42
35_46
34_42
42
35
35_42
35_42
34_46
42
35
35_42
35_46
34_42
42
35_42
35_42
34_46
42
35_42
35_46
34_42
42
35
35_42
35_42
34_46
42
35_42
35_46
34_42
42
35
35_42
35_42
34_46
42
35_42
35_46
34_42
42
35
35_42
35_42
34_46
42
35
35_42
35_46
34_42
42
35_42
35_42
34_46
42
35_42
35_46
34_42
42
35
35_42
35_42
34_46
42
35_42
35_46
34_42
42
35
35_42
35_42
34_46
42
35_42
35_46
34_42
42
35
35_42
35_42
34_46
42
35
35_42
35_46
34_42
42
35_42
35_42
34_46
42
35_42
35_46
34_42
42
35
35_42
35_42
34_46
42
35_42
35_46
34_42
42
35
35_42
35_42
34_46
42
35_42
35_46
34_42
42
35
35_42
35_42
34_46
42
35
35_42
35_46
34_42
42
35_42
35_42
34_46
42
35_42
35_46
34_42
42
35
35_42
35_42
34_46
42
35_42
35_46
34_42
42
35
35_42
35_42
34_46
42
35_42
35_46
34_42
42
35
35_42
35_42
34_46
42
35
35_42
35_46
34_42
42
35_42
35_42
34_46
42
35_42
35_46
34_42
42
35
35_42
35_42
34_46
42
35_42
35_46
34_42
42
35
35_42
35_42
34_46
42
35_42
35_46
34_42
42
35
35_42
35_42
34_46
42
35
35_42
35_46
34_42
42
35_42
35_42
34_46
42
35_42
35_46
34_42
42
35
35_42
35_42
34_46
42
35_42
35_46
34_42
42
35
35_42
35_42
34_46
42
35_42
35_46
34_42
42
35
35_42
35_42
34_46
42
35
35_42
35_46
34_42
42
35_42
35_42
34_46
42
35_42
35_46
34_42
42
35
35_42
35_42
34_46
42
35_42
35_46
34_42
42
35
35_42
35_42
34_46
42
35_42
35_46
34_42
42
35
35_42
35_42
34_46
42
35
35_42
35_46
34_42
42
35_42
35_42
34_46
42
35_42
35_46
34_42
42
35
35_42
35_42
34_46
42
35_42
35_46
34_42
42
35
35_42
35_42
34_46
42
35_42
35_46
34_42
42
35
35_42
35_42
34_46
42
35
35_42
35_46
34_42
42
35_42
35_42
34_46
42
35_42
35_46
34_42
42
35
35_42
35_42
34_46
42
35_42
35_46
34_42
42
35
35_42
35_42
34_46
42
35_42
35_46
34_42
42
35
35_42
35_42
34_46
42
35
35_42
35_46
34_42
42
35_42
35_42
34_46
42
35_42
35_46
34_42
42
35
35_42
35_42
34_46
42
35_42
35_46
34_42
42
35
35_42
35_42
34_46
42
35_42
35_46
34_42
42
35
35_42
35_42
34_46
42
35
35_42
35_46
34_42
42
35_42
35_42
34_46
42
35_42
35_46
34_42
42
35
35_42
35_42
34_46
42
35_42
35_46
34_42
42
35
35_42
35_42
34_46
42
35_42
35_46
34_42
42
35
35_42
35_42
34_46
42
35
35_42
35_46
34_42
42
35_42
35_42
34_46
42
35_42
35_46
34_42
42
35
35_42
35_42
34_46
42
35_42
35_46
34_42
42
35
35_42
35_42
34_46
42
35_42
35_46
34_42
42
35
35_42
35_42
34_46
42
35
35_42
35_46
34_42
42
35_42
35_42
34_46
42
35_42
35_46
34_42
42
35
35_42
35_42
34_46
42
35_42
35_46
34_42
42
35
35_42
35_42
34_46
42
35_42
35_46
34_42
42
35
35_42
35_42
34_46
42
35
35_42
35_46
34_42
42
35_42
35_42
34_46
42
35_42
35_46
34_42
42
35
35_42
35_42
34_46
42
35_42
35_46
34_42
42
35
35_42
35_42
34_46
42
35_42
35_46
34_42
42
35
35_42
35_42
34_46
42
35
35_42
35_46
34_42
42
35_42
35_42
34_46
42
35_42
35_46
34_42
42
35
35_42
35_42
34_46
42
35_42
35_46
34_42
42
35
35_42
35_42
34_46
42
35_42
35_46
34_42
42
35
35_42
35_42
34_46
42
35
35_42
35_46
34_42
42
35_42
35_42
34_46
42
35_42
35_46
34_42
42
35
35_42
35_42
34_46
42
35_42
35_46
34_42
42
35
35_42
35_42
34_46
42
35_42
35_46
34_42
42
35
35_42
35_42
34_46
42
35
35_42
35_46
34_42
42
35_42
35_42
34_46
42
35_42
35_46
34_42
42
35
35_42
35_42
34_46
42
35_42
35_46
34_42
42
35
35_42
35_42
34_46
42
35_42
35_46
34_42
42
35
35_42
35_42
34_46
42
35
35_42
35_46
34_42
42
35_42
35_42
34_46
42
35_42
35_46
34_42
42
35
35_42
35_42
34_46
42
35_42
35_46
34_42
42
35
35_42
35_42
34_46
42
35_42
35_46
34_42
42
35
35_42
35_42
34_46
42
35
35_42
35_46
34_42
42
35_42
35_42
34_46
42
35_42
35_46
34_42
42
35
35_42
35_42
34_46
42
35_42
35_46
34_42
42
35
35_42
35_42
34_46
42
35_42
35_46
34_42
42
35
35_42
35_42
34_46
42
35
35_42
35_46
34_42
42
35_42
35_42
34_46
42
35_42
35_46
34_42
42
35
35_42
35_42
34_46
42
35_42
35_46
34_42
42
35
35_42
35_42
34_46
42
35_42
35_46
34_42
42
35
35_42
35_42
34_46
42
35
35_42
35_46
34_42
42
35_42
35_42
34_46
42
35_42
35_46
34_42
42
35
35_42
35_42
34_46
42
35_42
35_46
34_42
42
35
35_42
35_42
34_46
42
35_42
35_46
34_42
42
35
35_42
35_42
34_46
42
35
35_42
35_46
34_42
42
35_42
35_42
34_46
42
35_42
35_46
34_42
42
35
35_42
35_42
34_46
42
35_42
35_46
34_42
42
35
35_42
35_42
34_46
42
35_42
35_46
34_42
42
35
35_42
35_42
34_46
42
35
35_42
35_46
34_42
42
35_42
35_42
34_46
42
35_42
35_46
34_42
42
35
35_42
35_42
34_46
42
35_42
35_46
34_42
42
35
35_42
35_42
34_46
42
35_42
35_46
34_42
42
35
35_42
35_42
34_46
42
35
35_42
35_46
34_42
42
35_42
35_42
34_46
42
35_42
35_46
34_42
42
35
35_42
35_42
34_46
42
35_42
35_46
34_42
42
35
35_42
35_42
34_46
42
35_42
35_46
34_42
42
35
35_42
35_42
34_46
42
35
35_42
35_46
34_42
42
35_42
35_42
34_46
42
35_42
35_46
34_42
42
35
35_42
35_42
34_46
42
35_42
35_46
34_42
42
35
35_42
35_42
34_46
42
35_42
35_46
34_42
42
35
35_42
35_42
34_46
42
35
35_42
35_46
34_42
42
35_42
35_42
34_46
42
35_42
35_46
34_42
42
35
35_42
35_42
34_46
42
35_42
35_46
34_42
42
35
35_42
35_42
34_46
42
35_42
35_46
34_42
42
35
35_42
35_42
34_46
42
35
35_42
35_46
34_42
42
35_42
35_42
34_46
42
35_42
35_46
34_42
42
35
35_42
35_42
34_46
42
35_42
35_46
34_42
42
35
35_42
35_42
34_46
42
35_42
35_46
34_42
42
35
35_42
35_42
34_46
42
35
35_42
35_46
34_42
42
35_42
35_42
34_46
42
35_42
35_46
34_42
42
35
35_42
35_42
34_46
42
35_42
35_46
34_42
42
35
35_42
35_42
34_46
42
35_42
35_46
34_42
42
35
35_42
35_42
34_46
42
35
35_42
35_46
34_42
42
35_42
35_42
34_46
42
35_42
35_46
34_42
42
35
