57
53_60
41
53
60
57
46
62
53
57
62
53_58
43
52
60
58
45
60
57
52
60
57
53
69
41
65
57_60
53
69
46
74
74
62
65_69
57
53
62
58
53
77
76
74
43
76
60
52
58
45
72
60
81
69_72
57
52
76
60_64
53
72
84
71
83
69
81
43
71
64
83
59
53
48
36_88
76
64
58
62_82
70
42
76
88
69_81
57_64
60
88
43_76
59
55_64
83
71
48
88
36
76
72
84
64
55
60
46
34
74
86
85
73
62
53
86
74
62
53
77
65
62
53
55
62
67
53
79
56_62
53_68
80
81
45_69
33
61
52
55
61
52_55
84
72
70
82
69
81
38
60
54
60
50
54
79
81
82
62
43
58
55
70
58
55
82
63
49
37
79
82
58
55
77
55_58
82
48
36_65
58
75
55
58
55
74
72
55
64
71
72
74
76
77
79
81
69
60
57
53
77
65
41
81
69
60
57
53
86
74
47
35
86
74
77_81
62
57
53
65
57_62
77
89
76
88
34
46_74
86
64
55_62
88
76
45
33
96
84
54_66
63
60
87
75
31_43
96
84
67
55
63
60
72
84
42
30
96
84
62
50
57_60
81
93
43
82_94
93
81
62
55_58
91
79
53
41
94
82
67
58
62
91
79
52
40
82
94
81
93
91
67
58
79
61
50_93
38
81
74
77
57
65
89
62
69
48
36
98
86
57
65
62
89
77
69_74
47
35
101
89
65
62
57
69_77
89
74
64
48_62
58
36
82
98
76_88
86
94
76
88
98
94
82_86
55_64
48_58
47
76_88
77
89
81
79
41_53_65
48
57
64
67
72
76
79
52_67
60
81
69
53
60
65
81
72
84
69
54
60
67
55_83
71
59
62
83
71
86
74
65
59
56_62
72
84
65
57
60
84
72
81
69
59_65
62
69
74
77
81
55
59
65
86
57
60
65_72
84
84
72
59_65
62_81
69
60
64
67
79
69
79
67
64
76
54
60
57
74
59_62
55
74
62
79
67
55
55
67
44_60
32
72
65
72
63
84
34_46
56_62
82
62
72
80
39_51
67
79
70
79
68
91
67
39
61
27
58
82
94
67
58
85
73
38_55_59
26
86
74
64
84
72
71
83
62
50
60_63
38
91
79
64
71
83
69
81
66
55
43
67
79
71
66
65
64
67
72
76
79
52
67
60
53
81
60
65
69
81
72
54
69
84
60
64
55
67
62
59
83
71
83
71
56
59
65
62
86
74
57
65
60
72
84
84
72
69
81
59
65
62
69
74
77
81
55
65
59
86
57
65
60
84
72
72
84
59
65
69
81
62
60
64
67
79
67
79
64
76
54
60
57
74
62
55_59
62
74
67
79
55
55
67
72
33
45
60
66
72
84
64
35
47
63
57
83
63
72
81
67
52
40
79
71
79
69
88
76
48
36
67
64
58
91
79
67
55
82
70
71
83
59
31
43
52
81
69
67
79
60
88
47_76
35
61
57
62
79
67
66
78
63
64
76
40
47
52
55
59
58
36
64
67
46
72
46
76
45
33
79
47
48
53
77
57
77
35_47
55
76
57
59
63
75
54
69
75
54
69
78
63
40
47
52
55
64
76
67
59
76
67
64
58
48
36
64
67
46
72
76
46
33_45
79
47
48
53
77
57
77
60
44
32
76
64
65
48
77
68
48
72_77
43
31_88
55_79
58_65
76
55
59_65
74_86
79
59
55_65
74
86
79
64
67
72
76
79
67
52
60
81
69
60
53
81
72
84
69
54_60
64
67
59
62
55
83
71
71
83
56
59_65
62_86
74
65
57
60
72
84
84
72
81
69
65
59_62
69
74
77
81
65
59
55
86
57
65
60
84
72
84
72
81
65
59
62
69
67
60
79
64
67
79
64
76
54_60
57
55
59
74
62
62
74
67_79
55
55
67
52
40
72
65
72
64
84
54
62
42
83
62
72
60
81
53
41
79
71
59
79
69
91
57
79
40
52_70
48
58
89
77
58
70
88
76
68
86
74
50
41
58
69
74
86
67
89
77
65
43
31
59
53
81
69
64
69
81
83
71
62
48_60
36_52
55
43
84
72
67
70
69
57
53_60
65
41
69
60
53_57
74
46
57_62
53
69
65
74
62
53
58
77
76
43
74
76
58_60
52
72
45
69_81
72
76
60
57
52
84
72
64
53
60
83
71
69
81
43
71
83
64
53_59
88
76
48
36
70
82
58
62
64
42
76
88
60_64
57
69
81
43
76_88
59
64
55
71
83
36_48
88
76
72
84
64
55
60
74
46
86
34
85
73
86
74
62
53
77
65
62
53
62
53
62
55
53
79
67
62
56
53
68
80
33_45
81
69
61
55
52
61
52_55
84
72
70
82
81
69
38
50
60
54
79
60
54
81
82
62
43
70
58
55
82
58
55
63
79
49
37
58
82
55
58_77
55
36_48_65
82
58
75
55
58
55
74
72
64
55
71
72
74
76
77
79
81
60
57
53_69
77
41
65
69
81
60
57
53
74_86
47
35
77
74_81
86
62
57
53
62
65
57
77
89
76_88
74_86
46
34
55
88
62_76
64
96
33_45_84
75
54
66
63_87
60
31_43_84
96
67
72
63
55
60
84
96
84
30_42
81
62
57_93
50_60
43
82
94
81
93
79
62
91
58
55
53
41
82
94
67
58
62
79
91
52
82
40
94
81
93
79_91
67
58
61
93
50
38
81
57
65
62
89
74
77
69
98
86
48
36
89
62_65
57
74_77
69
47
89
35_101
65
57
62
69
89
74
77
48
36
64
58
55
86
88
82_98
94
76
88
86
82
48_98
64_94
58
55
76
88
89
65
57
62
69
101
89
77
74
47
35
89
65
57_62
48_64
36_88_98
55_58
82_86_94
76
88
48
55
64
58
86
82
94_98
76_88
77
89
41_65
53
48
57
67
63
57
41
53
48
56
61
49
65
48
63
57
67
67
65
49
61
56
67
63
41
48
57
69
55
46
61
54
70
39
68
48
60
56
58
49_66
40
68
65
56
49
41
68
73
77
80
87
78
49
75
37
57
63
87
78
75
66
78
75_87
69
56
65
61
68
73
65
61
56
61
77
80
87
78
46
34_75
57
87
78
75
63
87
78
75
66
69
58
61_65
70
58
65
61
73
61
58
65
77
82
42
30_85
82
73
49
54
58
61
32
44_64
52
83
71
80
52
64
52_64
40
28
82
70
78
49
54
58
61
60
29
41
48
77
81
69
60
48
60
48
81
73
45
33
77
53
57
81
61
73
65
69_77
48
36
60
53
57
65
81
60
53
57
60
53_57
45_81
33
73
69
77
53
57
61
81
73
65
48
36
69
53_57_60
77
65
81
60
53
57
60
53
57
45
33
81
73
49
69
77
53
57
73_81
61
33_45
85
77
53
81
73
57
61
85
77
65
45
33
73
89
69
85
57
61
73
65
89
69
65
69
48_60
36
93
84_89
72
77_81
60
69
65
72
81
77
93
84
89
69
60
65
72
77_81_89
93
84
48
36
69
60_64
84_88_93
81
76
72
69
64
60
81
72
76
84
93
88
93
60
64_81
69_72_76
84
88
81
72_77
41_93
29_84_89
69
60_65
