50_66
62
66
62
66
62
66
62
55_67
62
67
62
67
62
67
62
50_66
62
66
62
66
62
66
62
55_67
62
67
62
67
62
57_67
57
57_62
50_57_66
62
66
62
66
62
66
62
55_67
62
67
62
67
45
45_62
57_67
57
57_62
50_57_66
62
66
62
66
62
66
62
55_67
62
67
62
67
62
50_67
52
54_62
50_59_66
57_62
66
62
66
62
66
62
55_67
62
67
62
67
57
57_62
57_67
57
57_62
50_57_66
62
66
62
66
62
66
62
55_67
62
67
62
67
50_62
50_67
52
54_62
50_59_66
57_62
66
62
66
62
66
62
55_67
62
67
62
67
59
59_62
59_67
59
59_62
40_59_68
64
68
64
68
64
68
64
45_69
64
69
64
69
64
59_69_71
59_71
59_64_71
40_59_68_71
64
68
64
68
64
68
64
45_69
64
69
64
69
64
59_69_71
59_71
59_64_71
40_59_68_71
64
68
64
68
64
68
64
45_69
64
69
64
69
64
59_69_76
59_76
59_64_76
40_59_68_76
64
68
64
68
64
68
64
45_69
64
69
64
45_69
52
54
54
54
50_54_66
62
66
62
66
62
66
62
55_67
62
67
62
67
57_62
57_67
57
57_62
50_57_66
62
66
62
66
62
66
62
55_67
62
67
62
67
50_62
50_67
52
54_62
50_54_66
62
66
62
66
62
66
62
55_67
62
67
62
67
57
57_62
57_67
57
57_62
50_57_66
62
66
62
66
62
66
62
55_67
62
67
62
67
62
67
62
40_56_68
56
57_64
56_68
64
68
64
68
64
45_69
64
69
64
69
64
59_69
64
40_59_68
59
61_64
59_68
64
68
64
68
64
45_69
64
69
64
69
59
59_64
59_69
59
59_64
40_59_68
64
68
64
68
64
68
64
45_69
64
69
64
69
64
59_69_76
59_76
59_64_76
40_59_68_76
64
68
64
68
64
68
64
45_69
64
69
64
45_52_69
