36_38_45_52_57
45
54
54
54
36
54
38
54
54
54
52
54_54
36_38_52_57
57
54
54
36
38
54
54
54
54
54
52
57_57
38_52
36_54
54
54
52
38
57
36_54_54
57
36_38
52
54
54
38
54
36
54
54
54
57
52
57
54
54
36_52
38
54
54
36
54
38
36_38
54
54_54
38
57
52
54
36
55
54
54
54
54
36
55
38
52_54
57
54
54
36
54
38
54
54
54
57
52_54
57
38
52_54
36
54
54
52
36_38_57
54
52
36_54_57
38
54
54
38
36
54
54
54
54
52
54_57
60
55
54
36
38
54
54
45
45
36_38
48_48_54
36_38
54
54
54
60
38
54
36
55
57
54
54
54
57
38_54_54
36_55
60
54
54
36
60
55
54
38
54_57
62
54
54
54
62
57
36
54
62
38_57
54
54
38
57
54_62
36_38
57_62
36
54
54
54
36
38
54
54
54
54
57
62
54
38_57
62
36_54
54
54
54
36
38
36
38
54
54
54
57
36
54_62
38_60
54
54
54
60
54
57
54
36_38_62
54
54
54
38_54
36
54
54
62
54_57
38
36
54_62
57
54
54
57
62
36_38
54
57
38
54_62
36
54
54
38
36
54
54
54
54
62
57
54
57
52_54
36_38
54
54
48
48
38_54
38_45
36
54
36_45
54
54
36_54
38
54
54
54
57
54
52
38_52
54
36_57
54
54
38
54
36
54
54
54
54
52
54_57_57
38
52
36
54
54
52
38
36
54
38_57_57
54
36
52
54
54
54
36_38
54
54
54
52
57
54
38
52
57
36
54
54
54
36_54
38
38
54
36
54
54
36
38_54
52_57
55
54
54
54
54
55
52
36_57
38_54
54
54
36
38
54
54
54
54
52
54
52_54_57_57
38
36
54
54
38
57
36_54
52
54
52
36
38
57
54
54
54
36
38
54
54
54
54
57
36_38_52_55
60
54
54
54
45
36
45
38_54
54
38
36_48
48
54
54
60
54
38
36_55
54_57
54
54
38
54_57
54
36_55_60
54
54
36
38
60
55
54_62
57
54
54
54
62
54
57
57
62
36
38_54
54
54
54
38
62
36
57
57_62
38_54
36
54
54
36_54
38
54
54
54
54_57_62
36
38
57_62
54
54
54
54
38
36_54
38
36
54
54
62
57
54
38_60
36
54
54
54
54
60
36
54
38_57
62
54
54
54
36
38
54
54
54
54_57
62
57_62
36_38_54
54
54
38
57
54
62
36_69
36_69
38
54
54
54
36_69
54_69
38
38
69
36_54_69
54
54
69
36
54
69
38_69
54_69
38
36
54
54
48_48
69
36
69
38_54
64
35_69
38_45_45_69
36
46
46
46
35
46
36_38
46
46
46
46
46
64
46
69
69
69
46
69
46
69
69
69
35_40_69
36
46_64
46
46
35_36_46
40
35
36_46
46
46
36
35_46
46
64
69
69
46_64
46
64
46
45_64
45_64
35_36_38_69
45_64
46
45_69
46
46
64
35_38_69
69
46
69
36
46_69
64
46
46
46
46
69
64
46
69
64
69_69
46
46
40_46
35
36
46
46
36
40
35_46
36
35_46
46
46
46_69_69
64
35
36
64_69
46
46
46
46
69
45
48_48_64
45_64
38_46_67
36
35_69
46
46
36
38
46
35
46
46
46
46_64
67
69
64
69
69
67
46
67
69_69
46
64
64_69
67
69
46
46
69
64
67_69
46
64
36
40_69_69
35_67
46
46
64
40
35
36
46
69_69_69
35_67
46_64_69
67
36
46
46
46
35
36
46
46_67
64
69_69
69
46_69
46
48
48
38
35_48
36
48
46
46
69_69
72
46
72
38_46
35_72
36
72
69
69
46
46
46
46
69
69
64
67
46
46
46
46
69
64
69
36_64
40_67_69
46_67
35
46
46
36_69
64
40
35
46
67
67
46
35_36_64
69
46
46
35_36_46
46
46
46
46
64
48
69
35_64_67
36_45_48
46
38_45
69
46
46
35
38
36_46
46
46
46
64
69
46_69
64_69
46
69
64
69
46
46
69
69
46
69
35_64_69
69
36
40_46_69
46
46
35
46
40
69
35_64_69
36
46_69
69
36
46
46
69
35_36_69
46
69_69
46
69
69
46
72
72
46
46
72
45_45_69_72
64
35_36_50_50
46
67_69
38_72
46
46
36
46
35
38
46
46
46
46
46
46
46
46
64_69
69
36_67
46
72
35_72
67
40_64
46
46
40_46
72
35_67
36_72
35_46_64_69
69
36
46_46
36_46
69
69
35
69
69
46
69
69
46
69
64_67
46_69
46
50
35_46_48
38_50
48
36
46
46
35
46
38
36_46
46
46
46
46
46_69_69
67
64
46_64_64
46
64
64
36_46_64
67
69
69
35_40
46
46
35_40
46
36
36
35_46
46
46
67_69
36
35
64
46_67_69
69
64_69
46
67
69
64
46
69
72
46_72
46
72
72
48
36
69_69
35_38_48_64
50
46_67
50
46
46
46
38
35
36
46
46
46
46
46
46
46
46
67
64_69
64_69_72
35_40
36_72
46
67
46
46
35
64
40_67
36
46_72
69_69_72
35
36_46
46
46
69
46
35
36
69
69
69
46
69
69
46
46_69
69
46
69
50
69
50
36_38_48
67
48
46
35_67
46
46
35
38_46
36
46
46
46
46
67
67
64_69
46
46
46
46
67
64
67
69_69
36
46_64
67
35_40
46
46
46_64
69
67
35
40
64
36_36_46
69
67
35
46
46
36
46
35
46
67
69
46
64
46
64
67
69
46
38
35_36
46
46
46
35
46
38
36
46
46
46
64
46
67
64_69
67
69
46
46
46
46
48
67
64
48_69
46
36_40
67
64_69
35_38
46
46
38
35
46
67
40_64
36_38_69
35_67_72
40_46_72
48_49
36_48
46
46
48
67
72
36_46
35
38_48
40
48_49_67_69_69_72
38_48
40
49
46
38_46_48
48
67_69
40_49
69
38_48
48_72
40_49
46_72
67
46
48
48_72
40_67
72
72
38_49
42
36_64
69
45
45
69
36
42
44
45
44_45
45
45_69_69
42_64
40_69_69
64
42
40
44
44_45
64_69
42_67
45_69
36
43_43
62
43
42
43
36
69
36
62_67
44_45
45_64
36
45
44_69
64
42_64
40_45
45_45_69_69
42
45
69
45_69
40_44_45
69
69
64
45
45
44
45
36_67_69
69
42_72
69
48_48
72
48_69
36_42_72
44
48_72
67
72
48_48_72
48
72
44_48
40_74
42_72_74
48
48
48
40_74_74
48
42_48_67
48
44
69
72_72
44
48
46_49
42
48
36_57
48_48
48
36
42_48
44_48
36_48
36_44
48
44_48
40_42
69
48_67
48_72
40
44
48
42_48
48
44_48
46
49
44
57
72
48_48
36_42_45
45
36
42_44
44
45
45
40_42
69
64_69
45_45
40
42_44
45
64
44_45
36_46_69
42_43_69
43_49_69
57_62_69
43
36
43_62
42
69
45_69_69
69
64
36_44
45
42_44_45_45
36_45
45
40
45
40_42
45
69_69
67
50_74
44
64
50_64_74
69
57
49
46
44
36
42
36
42
44
67_74
44_74
64
69
74
50_50_50
74
42
50
40
40_74
42
74
50
50
50_69
50_69
44
50
44
69
67_69
36_42_74
50_74
69
50
50
42_50
36_74
67
44_50
69
74_74
36_69
67_74
50_50
36_69
67
74
44
40_42_44_74_74
74
42
44
50_50_74
40
74
69_72
44_46_48
57_67
72
48_49
44
36
42
42
48
36_48
44
48_48
48
44
48_48
40_42_48
46
49
57
40_48
42_72
69
48_69
44
48_67
72
48_69
48
69
48
44
48_69_69_69
36_64
42_67
48
36
48
48
36
42
48
48
44
48
36
44
64
42_48
69_69
48_67
48_69
40_69
48
69
40_42
69
50
44_74
69
48_50_64_67
74
44
36_42
50
36
42
50
44_50
50
50
44
42_50
40
50_50
50
50
40_42
44_50
50
69
44_74
50
50_69
50_67_67
36_74_74
64_74
42_50
42_50_74
36_67_74
50_50_69
44_50
36_67
69_74
74
74
50
44
69
36
42_50_67
50_74_74
74
40_44_50
42
44
74
50
40_46_48_74
49
48_67_72
44_50_57
69_72
44
42
36
48
42
72
36_67
48_69
48_72
71
44_48
71
71
48
48
44_71
69
42_48
69
40_48
57
46
42
49
48
69
40
48_48_48
44_64
44_48
69
42_48
48
36_48
64_67
48
36_48_67
42
44
36_48_48
69
36_44_48
42_48
48
48
40
42
40
48
44
48_69
48
48
64
44
48_48
36_48
42
48
64
48
42
36
48
44
48
48_67
48
44
40_48_48
67
42_48_69
40
42
48
48
48_64_69
44_48
40
40_48
64
44
36_40_48_48
57
48_67
49
42_46
40
40
40_67
42_48
44
36_36_48
48_69
48
40
40
36_48
44_48
48_48
42_44
40
42_44
48
48
40
44_48
40
48
40
46
57
49
48
44
69
48
35_63_71
44
47_65_71
47
44
35
47_47
47
44
47
44
46
46_71
65
71
47
47
44
47_63
47
40
75_75
40
44
47
47
44
47_47
44
46
75
46_47_75
44_47_71
76
35_47_47
76
65
35_44
47
47
47_47
44
35
44
35
46
46_76
47_71
40_47_65_75
44_47
76
47_75
44
40
47
75
75
47_64
71_71
40
40_44_68
44
46
46
35
44
35
44
40_40
40
44
40
46
44
71
40_64_68
40_44_46
75
71
40_40
40_75
40
44
75
40
40
71_75
76
40_40_44
68
76
44
46
46
40
35
40
40
40
44
35
44
40
35_40_44
40
40
44
46
35
46_76
40
71
40_44_68
40
40_40
75_76
75
40_44
75
40_40
75
45
73
44_73
45
44
46
46_73
73
64_71
71
35
44_61
35
44
45
45
45
44_45
44
46
46
64
61
45_71
45
71
45
71_71
45
40
44
44
40
71
45
71
71
44
45
71
45_45
44
46
71
45
71
45_46
45_69
35_45_61_69
44_64
44
35
45
45
35
44_45
45
35
44
46
45
46
40
45_45
44
45
44
40
69
45_64
61
45
62
43_43_44
67
59
44
46
46_69
35
44
35
44
43
43
44
43
43
44
46
43
43_46
59_62
67
43_62
59
40_43_44
40_44
43
43
43
43
44
44
46
46
59
62
43
43_71
74_74
43
35_40_43_44_67
35
40
44
43
43
44
43
35_40
43
35
44
40
46
40
40_67
74
71
46
74
40_43
43_44
43_71
43_71
40
44
43
71
71
40
43_67
43_71_71
43
44_62
40_44
46
40
43
40_46
43
35_43
43
40_44
35
44
40
43
40
43
44
43
43
40_44
46
40
46
40
67
43_43
40_62_62
43
44_67
43
40
44
43
40
43
43_44
43
40
40
44
46
71
62_67
43_46
40_43
35_43_71
40_43_44_67
62
44
35
40
43
62_67
43
40_44_67
62
43
35_43
35_40
44
40
46
40_43_46
40
44_45
43_45
44
40
67
45_45_62
44
40_45_62
45_67
40
44
46
40
45_45
40
46
43_44
40_43
35
44
35
40
43
43_43
40_43
44
40
44_46
40
40
62
43_43_46_62_67
43_44
40_43_67
40
44
43
40_43_44
43
43
44
40
46
40
46
43
40_67
43_74
40_62
44
74
35_43_43_67_71
35
40
44
43
43
35
44
40_43_43
44
35
40_46
40
46_71
40_43
74
67
44_45_71_71
43
40_74
45
40
44
45
45
71
71
40_44
75
45
45_65
75
44
40
40
46
45
46
40_47
44_47
35
40_45
40_75
75
35
73
44_65
73
47_73
73
47
44_71
40_47_71
47
40
40
44
46
46
47
40
44
40_47
47
47
40
44
47
47
40
47
44
47
40_44
46
40
47_71
71
40_46
40_44_63
35_47_65_71
47
47
44
35
40
47_71
63_65
47_47
40_44_63_71
35
47
65
44
40
35
40
46
40
47
46
40_47_47
44_47
44
40
47
47
40
44
47
47
44
40
46
40
46
65
40_47_63
40_47_47
47
71
38_44
35
35_38_44
40
47
38_47
44_64
40
45_45_69
38
44
40
46
45
45
69
46
64
69
38
64
44
40_45_45
44
40
38
45
64
69
45
44_64
69
40
38_45_45
38
44
40
46
45
45
69
46_64
38_45_69
45_64
40
35_44
44
35
40
38
64
45
45
47
40_69
66
35_38_71
47
44
38
40
44
35
46
46_47
71
66
44_71
47
47
47
38_40
66
38_40
38_40_44
38
71
66
40_47_47
44_64
38_45
69
45
40
38
44
40
38_40
46
40
45
38
46_64
35_45_69
44_66_69_74
74
38_38
44
35
38
38_38
38
44
44_46
69
38
38
74_74
66
38_40_44_46
38
78
78
40
44
38
44
38
38
38
44
46
78
38
78
46_74_79
38
69
35_38_38_79
44
44
35
38_38
38
44
38
35
35
44
46
79
46_69
79
38_38_40_74
78
38
38_44_78
40
44
78
38
43_67
71_78
38
44_74
43_74
44
46
46
35_44
44
35
43
43
43_44
43
44
46
43
46_67_74
43_74
43_44
71
40_43_78
78
40
44
43
43_78
43_78
71
44
43_74_79_79
44
46
43_46
35_43_43
43
44
44
35
43
43
43
43
44
35
35
44
46
46_71_79
43_79
43
40_78
43_74
78
43_44
40
44
78
78
43
44_76
43_76
48_48
44
46
76
46_76
74
35_74
67
64
44
35
44
48
44_48
48
48
44
46
74
64
46
74
44_48_67
48_74
40
48
48_74
44
40
48
74
48
74
44_74
48_48
74
44
46
74
46
48_48_48
48_64_74
35_67
44_72
72
44
35
48
48
44_48_48
35
35
44
46
48
46
48
44_48
40_48
40
44
48_64_67
72
44
46_48_70
62_65
46
44
46
72
46
36
35
44
36
44
35
46
46_46
44
46
36
35
36
35
46
44
65
46
46
70
38_46
40_44_46_62_65
46
70
62
40_44
38
46
46
44
35
46_46
36
36
35_44
46
35_36
46_65
35_36_62
70
74
44_46
77_77
46
46
46_70
44
35_36
35_36_46
36_46
46
35
44_46
36
35
44_46
36
35
35_46
46_46_74_77
77
70
36_40
74
46
38_46
44_74
44
38
40
74
74
46
46_74
65
44_46_70
46_74
44
46
38
46
38
46_46
46
36
35_44_46
35
44
36
46
46_46
46
44
36
35
44
36
35
46
74
46
46_46
46_65_70
40_46
70
44_65
38_62
38_40
44
46
46
46
44
35
46
36
35
44
35_36
46
36
70
46_62
36_65
46
35_46_74
62_65
46_70
44_46
44
35_36
35
46
36
48
46
44
35_36_48
36_44
35
35_36
46
46
62
65
48_70
35
48
36_50_70
38_50_62
65
44
40
40
38
44
50
50
48
44
48
44
46
38
38
46_65
62_70
46_46_48
65
48_62
70
44
35_36
35_36
44
46
46
46
35_36
46
44
35_44
36
46
62
46
46
70
46
44_46_70
40_65_65
46_62
38
44
40
38
46
35_46
36
44
46_46
35
44
36
36
35
46
35
65
36_62_70
46
46
46
70_74
46_77
44
46_77
44
36
35
46
36
35
36_44_46
48
48
35
36
44
35
35
46
36
35
77
70
36
74
46_48
48_77
44
46
40_74
38_46_74
38_40
44
74
46
74
78
78
46_69
48
44
48
44
46
38
48
38
46_48
35_36
50_50
44
78
35
44
69_78
36
76
76
76_76
50_74
36_74
44_50
50
35_50
36
44
35
46
46
74
50_50_78
40_50_50
44
35_74
38_69
36
40
35
36_44
38
74
69
36_74_78
40_50_50
69
38_50_50
35_44_79
36
35
38
44
40
46
38
40
50
50
46
38
40_44_74
40
35_38
50_50
36
35
36
38_38_40_44
40
50
38_40_69
50_74
79
44_69
36_50_79
35_50_74
36
35
44
46
38_40
46
40_50
38_74
50_79
50_69
35
36_69
79
38_40_50
44_74
35
36_44
38_40
38
40
38_50
50
40
50
35_36
38_40_44_50
44
35
40
36
38
46
69
46
50
50_74_78
36_79
40_46_49_50_50_74
35
38_69
38
49
35_46
40
36
50
50
40
35
36_38
50
50
40
35_36
38
50
69
74_78
50_74_78
35_46_50_69
36_40
50
38_49
35_40_49
36
38
46
74
50_69
78
38_79
50
35_36_69
50
40
50_74
35
38
36_40
50
50
40_46
50
36_49
50
35_38
46_49
38
35_36_40
69
50
36_50_50_79
69_74_74
35_38
40_50_79
36_40
38
35
69
50
79
74
50_79
50_69
36_40_49_74
38_46_50
35
35
49
40
36
38
46
38_40
38
50
40
46_50_50
35_36
40_50
38_49
36
40_49
35_38_46
38_40
38_69
79
74
40
50_50
45_64
35_69
45
36
36
35
64
69
40_64_69
38
40
38
40
38
38_40
64
35_69
69
36
64
35_36
69
64
36_64
69
35
36
35
38_40
40
38
64
69
36
35
69
64
36
35
35_36
36
35
64
69
69
40_64
38
40
38
38
40
38
40
45
64
69
45
69
36
35
64
36
35
69
64
36_48_48_69
35_69
35
36
69
48
48
47_69
69
69
47
47
69
43
47_69_69
43_69
43
69
69
43
35_45_64_69
46
69
36_45
46
46
45
35
45
36
46
46
45
45
46
46
46
45_64
69_69_69
45_45_64
69
45
46
45_45
46
45
45_46
46
45_69
64_69
35
45
36_45_46
45
46
46
35
36
45_46
45
45
35
36_45_46_69
64_69
46
46
35_36_46
45
64
45_69
69
45
45_64
69_69
46
45
45
46
45
45
46
46
45
64
69_69
45_45_45
46_64
67
35_36_67
46
46
67
35_45
64
46
36_45
67
45_46
69
45_69
46
46
69
69
45
45_45_46
45_69
69
46
69
45
46
45
46_69
45_72
45
69
46
45
45_46
45_45
36
35
46
46
69
35_36
45_46
35_72
45
45_69
36_45_46_64_69
67
46
46
46
45
45
36
35_45
45
46
45_45
46
45
45
46
46
67
64
45_69
45
46_69
35_36
64_69
67
48_48
46
46
48
46
36
35_48_48
46
48
46
46
48
46_48
48
48
46
46
48
69
48
67
46_48
48_64
69
69
46
48
69
36_48_69
35
48_69
46_48_69
64
67
46
46
48
69
64_67
36_46
35_48_69
64
35_46_69
67
48
36_48
69
46
46
36
48
46_48
35
48
48
46
69
48
67
69
46_48_64
67
67
46
48
48
46
67
67
48
35_36_48_64_69
48
46_48
69
46
64
69
69
46
67_67
36
48
48_67
35
67
46_69
48
46
48_69
46
46
46
48
69
48
48
48
46
48
46
46_48
48_64
48
46
69
48
46_64
67
36_48_48
35_48
46
46
48
35
46
36
48_69
48
48_67
36_46
35
46
46
36
35
46
48
48_69
64
48
48
46
46
48
48_64
46_48
48_67
46
67
48
35_36
46_69
45_48_64
45
46
46
46
45
36_46
35_45_45
45
46
46
45
45
45_46
45
46
46
69
64
45
45_69
45
69
45_46
46
45
69_69
36_69
45_45_69
35
45_46_64
46
46
35_36
45
46
45_45
36
45
46
35
46
46
35
45
36_46_69
69
45
64
45
69
69
45
46
69
46
45
69
50_50
46_72_72
45_64_67
46
36_46_69_72_72_72
67
69
35_64
46
46
46
36_50
50
46
35_50
50
46
46
46
50
50
50
50
46
46_50
50
50_50
46
46
50_69
50
69
36
35_50
46
50
64_67_69_69
46
46
36_46
35
64
69_69
50
67
50
69
35_46_69
50_50
36
46
46
50
35
69
36
46
69_69
50_50_69
50
46
46
69
69
50
50
64_67
48_69
46_69
48
46
48
48
35
46_48_48
36
46
46
36_48
35
46_48_48
46
48
46
46
48
46
48_48_48
46
69
46
48
48_48_64_67_69
69
46_69
48
46
69_69
48
64
46_48
36_69
67
35_48
48_69
46
46
48
35
48
36
35_48
46
36
46_48
46
46
35
67
64
36_46_48
48
48_69
69
69
48
69
46
48
69
46_50
48_72_72
67_69
46_50_64
46
72
67
35_46
69
64
69_72
36
46
46
46
50
50
35_36
46_50
50
46
46
46
50
50
50
50
46
46
50
50
46
50_50
46
50
50_50_50_64_72
69
36_67_69
46
35_72
46
46
36_72
50_64_67
35_72
35_36_46_50_69
50_50
46_69
46_46
50
35_50
69
36_46
69_69_69
50
50
46
46
50
69
69
46_48_50
69
64
69
48
46
64_69
36_67
46_69
35_69
46
46
36_46
35_48
46_48_48_48
46
46
46
48
48
48_48
46
46_48
48
48
46
48
46
48
67
69
35_64_72
46_48_48
48
36_67
46
46
36
48
35_46
72
35_48_67
46_48_64
36
48_69
46
46
36
46_69
48
35
48
48
48
69
46
48
48
46_69
46_69
48
48
64
46
48
48
67
35_48_69
36_64
46_48
46
46
35
46_48
36
48
48_48
46
46
46
46
48
48
48_48
46
46
48_48
48
48
46
46
48
67
48
48_48
36
35
46
46
46
48
46
35
48
36
48
35_36_67
38_74
40
48_49_74
46
46
46
38_46_48
40_49
35_36
74
48
40
74_74
48_48_67_74
49_67
38
46
48_49
48
74
40
46_67_74
38_72
38_67
40_46_49
48_72
48
46
40_72
48
49
48_67
38
36
45_72
45_69
72
42_76
76
36
42
44
44
69
45
45_76
45_76
40_64_69_69
42_45
40
42
44
44_45_45
64
42_69
62
43_69
36_43_67
42
67
43
36_43
36_64_69
45
62
44_45
45_69
64
36
40_45_45_64
44
45
42_69
69
40_42
69
69
45
69
44_45
45_64
45_69
44
45
45
69_69
48_72_72
42
69
36_48_67
48
72
72
36_48_67
42_44_72
48_69
48_72
44_72
48_48
42_48
72_74
40_74
48
48
42
40_48_67_72_74
72
48
44_74
48_69
44
48
48
36
48_49
57
42
46_48
42
36
48_48
36
44_48_48
48_48
36
40_67
42_44_69
44_48
48
72
48
40_44
42
44_48
48_48
46_49
57
48
48_72
44
36
45
42_45
42
36
44
45
45
44_45_64_69
45_69
40_42
42
40
44
44
45
45
69
64_69
62
36
49_69
43_43_69
42_46_57
43
69
36
42
43
69
36_62_69
45_45_69
44
64
44
45
36
40_42_45
45
45
40_42
69_69
45_64
67
45_50_69_74
64_74
44_50
57
49
46
36_42_44
36
42
50
50
44
50
64
69
44
67
42_50
74
50_50_74
74
40_74
50
74
40
50
42_50
44_50_69_74
69
69
44
67
50_50
42_50_69_69_74
36_50_74
42
50
50
36
50_74
36_50_67_69
44_74
67_69_74_74
67_74
36_44
69_74_74
74
44
40
42
42
50_74
40
44_44_50_67
46_48_49_72_74
57
72
48_69
44
36
42
48
36
48
48
42
48
44
44
48
48
42
40_48
48
46_49
42_57
48
72
48
40
44_69
72
67_69
48_48_69
69
48_48
44_69
69
42_48
48_64
36_67_69
48
48
36
42
36
44_48
48
36
69
44_48_48_64
48_69_69
48_69
40_42_67
48
40_42
69
44_48_50_69
50
74
69
64_67_74
44
36
42
50
36
50
42
50_50
44
44
40_50
50
50_50
42
50
40
42
50_50
50
44
50
64_69
74
50
67
44_74_74
36_67
50
42
50_69_74
42
36
50
74
67
36_74
50_67_69_69
74
50_74
44_50
44
50
69_74
74
36_74
40_44_50
42_50
67_74
50
44_50
40_42
74
74
50_57
69
46_49_72
48
44_67
48_72
44
42
36
36_42
48_48
72
44
71_71
67_69
48_72
48
48
48
40_44_48_71
48_69_71
42_69
49
57
42
40_46
69
48
48
44_64
48
48
44
48
42_48_69
36
64
48_48_67
48
42
36_48_67
44
48_69
36
48
44
36
48_48
40_42_48
48
48
69
40_42_48
44_48
64
48
44
48
48
42
36_48
48
42
64
36
48
48
44
48_67
48
48
44
40_69
42_48
48
67
48
42
48
40_44_69
64
48
48
48
40
40_44
48
40_48
48
46_67
64
42_48_57
36_49
40
40
48
42
36
40
48
44
40_67_69
48
36_48
40
48
48
44
36_44
42_48
48
40
40
42_44_48
48_48_48
40_44
40
49_57
46
48
44
69
35_45_57
38_64_67_67
36_46_48_49
40
45
46
64
67
67
69_69
46
46
36
40
35_38_49_57
45
69
45_69
67
46_67
46
67
67
69
46
69
46
69
69
67_67
46
46
67
35_46_57_69
67
38
36_49
40_69
46
35_49
38
40
36_57
69
69
67_67
67
67
45_64_69
35_36_46_49
38
40_45_69
57
46
40
35_45_57
38
45_49
64
36_69
69
35_57
46_67
36_45
45_49_64
40
38_67
46
64
67
67
46
69
69
46
35
40
38
49_57
69
69
36_45
45
46_67_67
46
67
46_67
72
72
46
46
46
72
64
45
45
46
46
46
46
64
45
45
36_38
57
40
45_49
35_45_46_64
46
49_57
40
36
35_38
72
45_45
49_57
35_64_64
46_67
38_40_45_45_67
36
46
67
64
67
69
46_69
46
49
57
38_40
36_45_69
35
45_69
46_67
67
46
67
46
67
69
69
46
69
69
46
67_67
46
67_67
36_57
49
35_40_69_69
46
38
46
38_40
57
35
69
49
36_69
67
46
67
46
67
67
40
46_57_64
35
49
36
38_45_45_69_72
46
49
40
36_72
35_38_64
57
45
45
40_45_49_69
35_38_57
36_45_46_67_67
46
67
67
69_69
46
46
36_38_49
40
35
57_69
45_45
67
69
46_67
46
67
67
74
74
46
46
46
46
74
45
64
45_46
69
46
46
46
46
46
64
45_69
45
74
35
44_71
47_47_63
65_71
44
35
47
47
47
44_47
44
46
46_65
47_71
47
63
47_75
47_75
40_71
44
40
44
47
47
47
47
44
44
46
75
46
47
47
76
47_65_75
47
35_76
44_71
35
44
47
47
35_47
44
47
44
35
46
47
46
76_76
71
47
65
40_47_47
44
75_75
40_44
47
40_64_75
75
47
44
40_68_71_71
44
46
46
44
35
35
44
40
40
44
40_40
44
46
40
64
71
46
71
40_68
40_44_75
40
40_75
44
40
40
75
75
40_40
40
44_71
68_76
76
44
46
40
40
46
35
40_40_44
44
35
40
35_40
40
40_44
35_44
46
68
71
46
40
75_75
40_76
40
40_76
40_44
40_44
40
75
75
73
40
44
45_73
45
44
46
46
73
73
44_61
71
64
35
71
44
35
45_45
44_45
45
44
46
64
61
45
71
45_46
40_44
45_71
71_71
45
40
44
45
71
71
45_45
71
71
44_45
44
46
45
46
71
35_69_69_71
45
61
45_45
64
44
44
35
35_45_45
45
44
45
44
35
46
45_45
40
46
44
45
45
44
40
69
64
61
45
43
43_44_45_67
62
59
44
46
69
46
35_44
35
44
43
43
43_44
43
44
46
59
67
43_46
62
62
43
43_44
43_59
40
40
44
43
43_43
44
43
44
46
43_62
35_59
43_46_71
40
43_43_74_74
44_67
44
35
40
35_43_43
40_43
43_44
40
44
35
40_46
74
67
43
43_46
40_44_71
74
40_43_71
43
71
44
40
71
43_43
43
62_67_71
43_71_71
40
44
40
44
46
40
43_43_46
40
40
44
35_43
43
35
44
40
43
43_43
40
43_44
40_44
46
40
43
43
62
40_43
46_67
43_62
40_44
67
40
44
43
43
40
43_44
43
44
40_40_46
40
71
46
43_62
67_71
35
62
40_43_44
43
43_67
44
40
35
62
43_67
35_40_43_44
62
43_43
67
35
40
44
40_46
40
43_46
43_44
45
40
45
44
40
67
62
45
45
44
67
45_62
45
40
44
40_40
46
40
45_46
45
40
35
43_44
43
40
44
35
43
40
43
43
43_44
40
44
40_46
40
46
62
43
43_67
62_67
43_43
40
44
44
40
43
40_43
43_44
43
44
40
40
46
40
67
46
35_43_44_71_74
43_62
43_67_74
43
40
35
44
40
43
44
35_43
43
40
43
44
35
40
40
46
46
43
67_74
40_43
45_71_74
44_71
71
45
40
40
44
45_71
45
71
44_65_75
45_75
40_45
40_44
40_46
45
46
35_40_44_45_47_47
40
75
44
75
35_65
40
73
73
73
47
44_71_73
47_47
47_71
40
44
40
40
46
47_47
40
44_46
40_47
47
44
40
47
47_47
47
40_44
44
40_40
46
46_71
71
40
40
47_65_71
35_47
44
47_47_63
44
40
35
47
63
65
35_47_71
40
65_71
47
47
44_63
40_44
35
40
46
46_47
40
47
40_47_47
44
44
40
47
47
47_47
44
40
40
44
46
40
40
47
47_63
46
38_47
65_71
35
40_47
44
38
35
44
40
47
47
44
69
45_45_64
38_40
40
44
46
38
46
64
45
45
69
38_40_69
45
44_45_64
44
38
40
45
45
38_64_69
64_69
45
40_44
45
44
38_40
46
46
45
69
40_64
44_45_45_69
35_38
64
45
44
38
35
40
45
45
40_64_69
38_47_66
35
44_47
71
40_44
35_38
46
66
46_47
71
40_66
38_47
44_47_47_71
38
44
40
40
38
71
47_47
40
66
38_44_45
38_64
40
45_69
40
44
38
40
38_46
64
45
40
38_69
45_46
35_38_66
38_44
69_74
74
35
44
38
38
44
38_38
44
46
38_74
66_74
38_69
38
40_46
44_78
38_78
44
40
38_38
38_44
38
44
46
78
38
38
78
46
35_79
79
38_69
38_44_74
44
35
38_38
35
38_38
44
35
44_46
79
38
38
69_79
46
44_74
38_38_78
40
78
44
40
38_78
78
38_43_44_71_74
67
43_74
44
46
44_46
35
35
44
43
43
43
44
43
44
46
74
67
74
43
43
43_46
40_71
78
78
43_44
40
44
78
43
43_78
44
43
43_71_79
74_79
44
46
43_46
43
44
43_43
35
35
44
43
35_43
43_43_44
35
44
46
79
71
74_79
46
43
43_44
40_43_43_78_78
40
44
78
43
43_48
78
48
76
44_76
44
46
76
46
76
35_64
74
74
44_67
35
44
48
48
48
44_48
44
46
74
74
67
46_48
64_74
48
74
48
44_48
40
40_44
74
48
44_48_74_74
48_48_74
44
46
48
74
48
72_74
35_46_48_64_67
44_72
48
44
35
48
35
48_48
48
44
35
44
46
48
46_48
48
44
48
40
44
40
72
64
48_48_67
44_46
65
46
62_70
44
46
46_72
36
35
44
36
44
35
46
46
44_46
35_36
46
36
44
35
46
46
65
46
70
62
46
38
40
44_46_62
46_70
65
44
38
40
46
46_46
36_44
46
35
36
35_44
36
35
46
46
62
36_46
46
35
46_65_70
46_77
74_77
44_70
44
35_36
46
35
36
36_46
35_46
46
44
36
35
44
36
35_46
77
46
35_74
46_70_77
74
36_44_46
46
38_46
40_74
38
44
40
46_74
74
46
65
74
44
46_46_70
74
44
46
38
38
46
35_46
36_46
44_46
46
36
44
35
35_46
36_46
46
46
44
35
44
36
46
70
46_46
74
65
40_44_46
70
65
46_46
38_62
38
40
44
46
46
46
35_46
44
36
36_44
35
35_36
46
46
62
36_74
46
70
65
35_46_46_70
44_46
65
62
44
36
35
36
46
35
48
36_46
44
35_48
36
44
35_46
35
36
46_70
35
48
36
40_62
62_65
38_44_48
70
50_50_65
40
44
38
50
48
50
44
48
44
38_46
70
62
38_48
46
36_65
65
35_48_70
44_62
46
46
44
35
36
46
46
35
46
44
36
46
44
35_36
46
62
46_46_70
38_65_70
40_44_62
46_46_65
46
44
38
40
46
44
36
46_46
35_46
35_44
36
36
46
35
46
35
46_65
46_70
36
62_74
46_70_77
46_77
44
44
35
36
35
36
46
36_48
44_46
35_48
35_44
36
36
35
46
70
35_48
36
74_77
46
74
48_77
38_44
40
46_46_74
38
40
44
74
46_74
46_48_78
78
44_48_69
44
38
46
46
38
50
48_48_50
35
36_44
44_69
35
78
36_78
76
76
50
50
76
76
44
36_50_74
50
35_74
44
35
36
46
50
46
36_38_44_50_74
40_50_69_74
35
50_78
44
36
38_40
35
69
78
50
74
35
40_50_74
36_50
50
38_69
44_79
40
35
36
44
38_38
40_46
40
38_46
35_74
38_40_50_50
36_50
44
50
40
36
44
38
35_38
40
69
40
79
38_50
74_74_79
69
36_50_50
44
35_50
36
44
35
38
46
40
50
79
74
38_69
46
40_44_50
35_40_50
36_74_79
38_69
50
36_38_44
35_40
38
40
50_50
38
40_40
50
35_38_44
36_50
44
38
35
36
40
46
74
50_79
46
46
36_50_69
38_50_50
35_40_74
49_78
69
35_40
36
49
38_46
50
35_38_40
50_50
36_50
35_38
36_40
69
74
50
36_40_50
50_69_74_78
49
38
46_78
35_50
35_40
36
49
46
38
74
50
78
69
50
79
50
35_36_38_40
69_74
50
36
35_40
38
50
50
50
40
46
35_36_38_49_50
35
46
36_38_49
40
50
79
50_74
69
35_50_79
36_38_40
50_69
74
36
35_38
40
74
50_69
50_79
40
38_50_74
36_79
35_69
46_50
49
36_38
35
40
46_49
40
38
50
40
38
38_49_50
46_50_50
35
40
36
38_49
46
36_40
35
40
38
38
79
40
74
45_45_69
50_50
35_73
36_64_69
35_36
69
73
45_45
67
38
40_43_64_71
43
62
38_40
40
38
38
40
62_71
43
45
36
69_73
43_67
45
35_64
36
35
35
36
36
35
45_69
40_45_64
38_73
40
38
35
36
36
35
36
35
36
35
66
50_74
50_69
40
38
38
40
50_74
66
69
38_50_67
48_72
40_64
48
38
40
67
72
48
35_36
48_64
48_48_64_72
67
35
36
36
35
36
35
40
38
40
38
35_36
36
35
48
67
35_36_48_73
64_72
45_45_69
64
35_36
69
73
64
45
71
40
45
43_62
38_43_67
40
38
38
40
38
40
62_67
71
43
45_64
43_45
35_36_69_73
35
36
36
35
36
35
69
45_64
73
45
38_40
38
40
35_36
35_36
35_36
36
35
74
69
50_50
66
40
38
38
40
50
69
74
40_43
38_50_66_67
43_71
74
40
38
67
43
71
43
35_43_74
74
67_71
36_43
36
35
35
36
35
36
40
38
38
40
36
35
36
35
71
43
67
43
45_64
74
36
35_69
45
73
36
35
64
69
45
38_43_73
67
40_43
62
45
71
38
40
40
38
38
40
43
67
43_71
62
36_45_69
45
35_64_73
36
35
35
36
36
35
73
45_69
64
38_40_45
40
38
35
36
35
36
36
35
35
36
50_50_69
74
66
38_40
40
38
66
69
50_74
64
50_72
38_40_48
48_67
38
40
48
48
64_67
72
72
64
48
36
35_48_67
36
35
35
36
36
35
38
40
38
40
35
36
36
35
64
67
72
48
45_48
73
35_36_69
45
64
35
36
73
43_45_64
40_62_69
38_45_67_71
43
40
38
40
38
40
38
67_71
62
43_45
36
64
43
45_69_73
35
35
36
36
35
36
35
45
64_69
73
45
38
40
38
40
35
36
36
35
35
36
35_36
50_69_74
50_66
38
40
38
40
50
66
69_74
38_43_50_74
67
40
40_71
38_40
67
71
40
43
74
67
71
40_74
36
43
35
35
36
35
36
35
36
38
40
40
38
35_36
35
36
40
74
67_71
45
45
52
35
43_46
57
46
35
45_52
45
57
40_45_55
45
46
40_46
45_45
45
35
45_46
46
35
55
45
45
52
46_57
45_45
46
45
45
45
35
46
45
46
35
45
45
57_57
45_52_52
40_45_46
46
40
45
45
35
45
46
45
46
35
45_52
45_45
52_57
46
57
45
46
45
45
45
45
46
35
46
35
45
52
45
57
45_55
40_45
46
40
46
55
45
45
45_46
35_57
45_52
46
35
45
45
46
45_45
46
45
57
45_52
45_57
35_45_46_52
35
46
45
57
52
40
45_45_46
52_57
45
46
40
45
45_45
35_45
46
46
35
52
45
45
57
45_55
46
45_60
46
45
45
35
46
48_48
35
46
48
48
60
46_55
40
48
48_57
40
46
48
48
57
48
35_46_60
55
48
35_46
55
48
62
46_48_48_60
55
48
46
55
48
48
35_48_62
55
60
46
48
35
46
48
55_60
48
48
55
40_48
46
46
40
48
48_55
46_48
35
48_57
35
46
48
48
55_57
46_60
48_48
46
48
48
48
35_46
48
35
46
48_60
48
55
48
46_48_57
40
40_46
48
48
57
48
46
60
35_48_55
35_46
48_60
55
48
48_48_55
46_62
46
62
48_48_55_60
48_55
48
35_46
46
35
48
60
48
55
48
40
48
46_57
46
40
48
57
48
46_48
57
48
35
46
35
48_57
48
46_62
48_57_67
48
46
48
35
38_38_48
46
35
46
38
38
38
46
38_40
46
40
62
57
38
38
67
57_62
35
46
38
38_66
46
35
38
38_38
38
46
46
57
62_66
38
38
38_57_62_64
35_46
38
46
35
64
57
38
38_40_57_62
38_38
46
62
46
40
38
38
38_46
38
35
35
46
38
38
62
38_38_57_64
46
57
46
38
38
46
41
35_41
46
35
57
41_41
64
40_41
41_57
46_64
46
40
41_57
64
41_41
35_41_46_57
62
57
62
35
46_60
60
41
41_41_57
46
41
46
41
41_57
43_43_55
66
35
59
46
35
46
43
43
46
43
40_43
40
46
59
43_66
43_55
55_64
43_43
46
35
59
35
46
64
43
43
59
59
55
43_55
43_62
46
46
43
43
59
55_62
35_45_55
45
46_60
35
46
45_55_60
40_45
57
45
46
45
40
46
57
45
45_46_52
45
35
45_57
46
35
45_45
45
46
45
46
45_52_57
45_57
45
35_45_52
46
35
46
45
45
40
45
45
46
40
46
45
57
52
45_45
45
35_46
35
46
45
45
46_52_57
45
45
46
45
45_46
45
45
35
35
46
45
45
45
40_46
45
46
40
57
45
52
45
45
35
46_52_57
45
46
35
45
45
46
45
45
46
52
45_45
46
57_57
35_45
52
45
46
35
45_46
40_45
40_40
46
40
57
52
40_40
35
45
45
46
35
46
45_45
47
46_47
46
47
47
46
48_48
35
46
35
48
48
48
40
48
46
46
40
48
46_48_48
35_60
55
48
64
46
35
48
46
48
48_48
46
60_64
48
55
35_48_55
48
60
48
46
35_46
48
60
48
40_48_48_55
46
55
46
40
48
48
35
46
48
48
46
35
55
48
48
46_48_48
67
60
46
48
46
35_48_48
48
35
46
48
67
48
48_48_60
67
46
40
60
46
40
48
48
48
35_46_48
35_46
48
60_67
48
48
46_60
48_65
46
48
65
60
48_48_48
60
35
46_64
35
46
48
48
46_48
40
48
46
40
48_60
64
35_48
48
46
48
46
35
48
48_62
48
46_48
57_67
46
48
48
46
38
35
38
46
35
57
38_62
67
38
40
57
38_38_46
40
46
38
38
57
46_62
38
38
57
35_67
46
35
38
38
38
38_46
46
38_38
67
57
62
66
38
35
38_57
62
46
35
46
38
38
46
38
40
38
46
40
62
38
57
38_66
35
38_38_46
35
46
38
38
38
46_57
38_64
46
38
38
41_46
35
41
35
46
64
41
41
46_57
40_41
41_57
64
46
40
41_64
41
41_57_62
41
35_46
57
46
35
41
41_62
57
57
41_46
41_60
46
41
57
60
41_43_55
43_46
35_62
35
46
43
55
43
62
46_55
43
40_43
40
46
43
43
35
55_62
43
43_55
46
46
35
43
43
62
60
55
43_43
46
55
46
60
55
43
43_45_46
45
35
57
35
46
45
45
46
40
45
45
40
46
57
45
45
46
57
35_45_45_52
35
46
45
45
45
46
45
46
45
57
52
45
45
46
45_52
35_57
35
46
45
52
57
45
40_45_52
57
46
45
46
40
45
45
45
45
35
46
46
35
45
52
45_57
57
45_45_52
46
46
45
40
45
45
35_45_46_57
49
35
40
46
40
45
45
40
52
57
40_43_46
35
43_55
46
35_40
43
57
55
43_49
35_40_45_45_57
46
52
46
40
35
40
45
52
45
40_57
35_50
40_46
50_62
46
40
35_40
50_62
50
40
48
49
57
35_48
46_52_57
35_46
40
57
48
40
52
48
46
40_45
35_45
69
35_46
40
45
69
45
49_57_57
45_45_69
35
40_46_49
46
40
35
40
45
45
69
43
40
35
40_43_46
67
35
40_46
40
49
40_67
43_57
46
35_43_64_69
45_69
36_38_45
46
46
38
36
35
46
46
46
46
46
46
64
46_69
69
46
69
69
46
69
69
40
69
35
46
64
36_69
46
46
35_40
36
46
36
46
35
46
46
36
46
35
46
69
64
69
46
64_64
46
46
45_64
45_64
36_38_69
35_64
45_45_46_69
46
46
64
69
36
69
38
46_46
35_69
69
64
46
46
46
46
69
46
64
64_69
69
46
69
46
40_46
35
36
46
46
36
36_40
35_46_46
35
46
46
35_36
69
64
69
64
46_69
46
46
46
46
45
64
69
64_67
45
36_48
69
48
35_38_46
46
46
36
35
38_46
46
46
46
64
69
46_67_69
64_69
67
46
69
46
69
64_67
46_69
64
67
69
46
67
69
69
35_40_64
69
36_46_64_67
69
46
46
35
69
40_64_69
46
67
36_46_67
36_69
64_69
35
46
46
46
36
35
46
64_67
69
69
46_69_69
46
46
48
48
36_48
35_48
46
38
69
46
69_72
46
72
38
46_72
72
35
36
69
69
46
46
46
69
46_67_69
64
46
46
46
46
67
64_69
69
64
36_67
40
35
46_69
46
46
35
67_69
40
64
36
35_46
36_46_64_67_69
46
46
36
46
35
46
46
46
46
48_67
69
64
48
35_36_45_69
46
38
45_64
46
46
36
38
35
46_46
46
46
46
64
69
69
64_69
46
69
46
69
64_69
46
69
46
69
36_40_69_69
46
35_64
69
46
46
35
40
69
64
36
35_46_69
46_69
36
69
46
46
36
35
69
69
46
69
69
46
69
46_69
72
46
72
46
72
45_72
35_50
38_46_67
50_64_72
69
45
36_69
46
46
35
46
36
38
46
46
46
46
46
46
46
46
64
69
67_69
36
46_72
67_72
35_64
40
46
46
46
36
67
64
35_40_72
72
69_69
35_36_46
46
46
35
46
69
69
36
69_69
46
69
46_67_69
69
46_64_69
46
50
50
46_48
35
48
38
36
46
46
46
36
35
46
38
46
46
46
46
69
64
69
67
46_46
64
64
46
64
64
64
35_67_69
40_46
36_69
46
46
35
36
46
36_40_46
35
46
46
67
35_36_46
69
69
64
69
64
67_69
46
69
46
67
64_72
69
46
72
46
72
48
48
72
50
38_46_64
36_67
35_69
50
69
46
46
36
35
46
38
46
46_46
46
46
46
46
46
64
69
69
64
35_67
67_72
46
36_40_72
46
46
46
72
36_40
35_67
72
46_69
64
69
35_36
46
46
35
36
69
46
69
69
69
46
69
69
46_69
69
46
46
69
50
69
36
35_50
46_48
48_67_67
38
46
46
35
38
36
46
46
46
46
46
67
69
64_67
46
46
46
46
67
64
67_69
35_40
69
36_46_64_67
46
46
40
36
46
64
67
69
35_35_36_64
46
67_69
46
46
36
46
35
46
69
64
46_67
64
46
67_69
46
35
36_46
38
46
46
36
35_46
38
46
46
46
64
46
69
67
64
67_69
46
46
46
46
48
48
64
67
40
69
35
46_67
36
38_64_69
46
46
46
35_36_40
67
64
69
38_46_48_49_67_72
35_36
38_40
48
72
46
46
48
67_72
49_72
48
35_38
36_40
46_48_69
40_48_49_67
38
69
46
67
40_48
69
38_48
49
38_46
69
49_72
67
46
40_48_48_72
46
48
72
38
40_72
48
49_67_72
45
69
42_45_69
36_64
42
36
44
44
45_64
69
69
45_45_45
40_64
69_69
42
42
40
44
45
69
64
44
42_43
43_69
36_45_67
62
42
36
45
43_44_62
36_43
64_67_69
45
44
69
45
36_45_45
45
42_64
64_69_69
40
42
45
69
69
64
40_45
44_45
45_69
69
45
69
44_69
45
48_67_72
69_72
48
36_42
36_42_72
48_67
72
48_48_72
72
48_69
44
44
48
74
40_42_72
72_74
48
48_48
42_48
40
74
44_48_48_72
69
74
48
67_72
48
44
48
49_57
46
42_48
48
36
48
42
48
36
36_48
44
48
36
44_69
48_67
44
40_72
48_48
48
42
44
40
42
48
48
44
48
48
46
44
49_57
48_72
36_48
45
45
42
36
42
44
44
45
45
42_69
45
40_45_64
69
40
42
44
44
69
45
43_45_46_49_69
36_64
43
69_69
42
57_62
36
42
43_62
43_69
45_45_69
69
44_64
36_69
45
36
42_45
44
40_45
45
42_69
40_45_64
44_50_64_74
69_74
67
69
45_50
57
49
46
44
42
36
42
36
44
50
44_50
69_74
74
42_64
67
40_50_50_74
74
40
50
50
74
74
42
50_50_69
44_69
44
69
50_50
50_74
36_69
50
67_69
74
42
42
36
50
67
74
50_69_74
67
36_44
74_74
50_50_69
67
69
36_74
74
74
42_44
40
44_74
44_50
40
50_74
42_44_49_57
48_48_67
46_69_72
74
72
44
42
36
42
36_48
48
48
44_48
44_48
48
48_48
42
40
49
46
57
40
72
42_48_67
48_69_69
48
48_72
69
44
48
69
44_48_48
69
69
42_48_64
36_67_69
36
48
36_42_48
48
44
48
36
69
64
48
44_48_48_67
48
69_69
40_42_69
40_42
48_69
48
64_67_69_69
44_50_74
50_74
42_44
36
50
36_42
50
50
44
50
50
50
44_50
40
42_50
42
40
50
50
50
50
44
69
44
50_50_74
64
42_67_74_74_74
67
50_50
36_69
50
36_69_74
42_50_74_74
50
50_74
67
67_69
36_44
44
50_50
36
69
44_50
74
67
74_74
40_50
42_74
44
50
74
40_42
50_67
46_48
72
49_72_74
57
44_48_69
44
36
42
42_48
36
67
48
72
48
48_72
69_71
44_71
44
71
40_48_48
48_48_69
42
69_71
46
57
49
40
48
42
44
48
48_64_69
48
48
44
69
48
64_67
48_48
36_42
42
48
36
36_48_48
44_48_67
69
36
48
48
44_48_48
42
40
40
48
42
48
69
48
48_64
44
44_48
36_42_48
48
48
48
36_42_48
64
44_48
67
48
48_67
44_48
69
40_42_48
48
69
40_48
48
42_44
48
64
48
40
44
48
40
48
64
48_48
57_67
42
36
46
40_49
40
40
42
40
48
36
48_69
48
40_44_48
67
36
40
44
48
48
36
42
44
48_48
40
48
44_48
40
42
40
48_48
44
40
57
46
44_49
48
48
35
63_69
44_65
47_71_71
47
35
44
47
44_47
47
47
44
46
46
47
65
63_71_75
47_47_71
40_47
44_75
44
40
47
47
44
47
47
44
46
75
47
47
46
75
35_65_71
47
44_47_76_76
44
35
47
47
35
44_47
47
44
35
46
71
46
76
47_65
76
40_47_75_75
47
44
47
44
40
47
75
47
75
71
40_64
71
40_44
68
44
46
46
35
44
44
35
40
40_40
40
44
44
46
40
68
46
64_71
40
44
71
40_40
75
40
75
40
44
40
75
40
75
76
40
71
40_68_76
44
44
46
46
40_44
40
35_40
40
35
44
40
40
35_40
44
40
35
44
46
68_71
76
40_46
76
40
40
44
40_75
75
40
40
44
40
40
73_73_75
44
45_75
45
44
46
73
73
46
64
71
44
35_71
61
44
35
45_45
45
45
44
44
46
71
61
64
71
46
44_45_45
45
45
40_71
71
44
40
71
45
71
71
44_45_45
71
45
44
46
45
71
71
45_46
35_45_64_69
61
44_45_69
44
35
45
45
35_45
44
45
44
35
46
69
46
45_45
44
40_45
45
40
44
69
61
38_38_45_64
44_45_66_74
74
69
44
46
46
35
44
35_44
38
38_38
44
38
44
46
74
66
38_46
38
74
38_69
78
38_40
44
78
40
44
38_38
38
44
38
44
46
38
78_78
46
38
79
74
38_44
35_69
38
79
44
35
38
38
35
44
38
38
44
35
46
38
69
38
79
74
79
38_46
40
38_78
44_78
44
40
78
38
38
78
43_43_44
71
74_74
67
44
46
46
35
44
35
44
43
43
43
43
44
44
46
43
46_71
74
67
43_74
40_43_78
43_44_78
40
44
78
78
43
71_79
43
43
44_79
43_74
44
46
43
46
40_43_44
43_43
35
44
35_40
43
35
40_43
44
43_43
44
35_40
40_46
79
46
43_71_79
40_74_78
43
43_43_44_78
40
44
40
78_78
43
43_48
40
44_76_76
48
44
46
40
40
76
40
44_46_67_74_76
40
74
35_64
40
35
44
48
48
48
48
40_44
44
40
46
40
46_67
48
40_48_64
74_74
40_44_48
74
48
74
40_44
74
48
48
74
48
74
74
40_44
48
44
40_40
46
46
74_74
48
40_48_48_72
64
67
35_72
40_44_48
35
44
40
40_48
48
44
48
35_48
40
35
44
46
40
46
48
48
40
48
40
44_48
40
44
64
72
48
44_48_65_67
46
40
46_62_70
44
40
46
40
46
40_72
35_40_44
35_40
44
46
46
46
46
44
40
40
44
40_46
70
65
46
40
46_46
44_62
46_46_62_65
40_70
40
44
46
44
40_46
46_46
44
40
46
40
70
40
65
46_46
62
40_44_46_46_77
70
35_77
46_74
44
40
35
46
46
35_40
46_46
44
40_44
35
40_46
77
40
46_74
77
46
40_44_74
46_70
46_46_74
44
40
46
74
46
46_74
44
74
40_46_65_70_74
40_44
46
40
46
46
40
40
35_46_46
44_46
35_44
40
46
46
46
40
44
46
44
40
40_46
65_74
40
46
70
44_70
46_46
46
40_62
46_65
44
40
46
46
40_44
46_46
40
44
40_46
74
62_70
65
46
40_46_46_65
44
35_46
40_46
62_70
35
44
40
44_46
35_46
48
40
48
35
40
44
46
40
46
62_70
40_48
65
48
40_50
44_50
62_65
70
40
44
50
50
40
48
44_48
44
40
46
40
70
40
65
48
46
46_48_70
44_46_62
35_40
38_62_65
40
35_38
44
46
46
40
44
38_46
46
38
40
44
46
46
62_65
70
46
65
44_46
38_46_62
40_46_70
40_44
38
46
40_46_46
38_46
44
38
40
44
46
46
65
62
46
70_74_77
46
35_77
38_44_46_70
40
46
38
35_40
44
46
35_46
40
44_46_46
38
35
38_44
40_46
74
70
46
46_77
46
74
74_77
38_48
44
40_48
40_44
38
38
40
74
74
40
48
38_48
40_48_69
48_78_78
38_44
38_40_44
40
38_46
46
40
38
48
48
44
38
38
35
78
69_78
44
35
76
76
76
38
38
38_74_76
38_44_74
44
46
38_74
38_69_74
38_46
38
44_78
40
40_44
78
38
69_74
38
69
38_38_79
44_74
44
46
74
38
38_46
38
35_38_44
35
44
69
38
79
74
38
38_44
69_79
38
35
74
35
44
46
79
38
69
46_74
69
38_40_74
44
38_38_79
40
44
38
38
38
44
38
44
46
74
38_69
79
46
38
38_44
35_69
74_78
38
35
44
38
38
38
38_44
44
46
78
69_74
46
38_38
40_44
69_74
38
38_78
44
40
78
74
38_69
38
74_79
69
38_38_44
44
46
38
38_46
35_44
38
38
35
44
74
69_79
38
35_38_79
38_69
38_74
44
44
35
46
38
46
38_74_79
69
38
69_74
44
38_40_79
44
40
38
38
38
38
44
44
46
38_69
74
38_79
46
47_71
62
44_47_66
35_71
44
35
47
47
44
47_47
44
46
71
71
47
62
46
47
66
75
40
47_47_75
44
44
40
47
47
47
44
47
44
46
75_75
47
46
35_44_47_76
71
47_47
66
76
44
35
47
47
35
44_47
47
44
35
46
76
71
47_76
46
66
47_75
47_74
44
47
40
44
40
47
40_64_74
47_71_75
44_68
40_71
44
46
46
44
36
35
44
35_36
40
40
40
40
36
35_44
35
44
36
46
64
71
68_71
46
40
38_40_44
40_75
40
40_75
40
38_44
40
75_75
40
71
76
35_36_40_68
40_76
44
35
36
35_44_46
36
35
36_40_40_46
40
44
40
44
35
36
40
36
35_40
36
35
44
40
40
36
35
38_44
35
40
36
46
76
71
76
36
68
35_40
38_40
40_46
44_75
40_74
40
44
40
75
40
74
45_45_73
44
73
38
44
46
73
73
38_44_46
71
35_61
36_64
71
44
35_36
45
36_44
45
45_45
35
36
35
44
46
45
71
46
64
38_45_71
40_45_61_71
44
71
45
38_40
44
45
71
45
71
35_36
71
45
44_45_71
36
44
35
46
36
35
36_71
71
45
35_45_45_46_69_69
45
61_64
44
44
35_36
36
45
45
35
36
44
45
35_45
36
44
35_35_36
46
36
46
35_45
44
38_45_45
40_45
44
38
40
64
69
45
61
45_67
62
43
43
59
44
44
38
46
69
46
38
36
44
35
36_44
35
35_43_43_43
44
36
43
44
36
35
46
62
59
43
67
46
38_59_62
43
43
43
40_44
40
44
38
43
43
35_36_43_44
43
35
44
35_36_46
36
62
59
43
46
35
36
43_74
43
44_71
67
43_74
44
36
35
36
43
35
36_43_44
35_43
43
35
36
44
35
46
36
67
36
43_71
74
35_43_46_74
71
43_44_71
38
40_43
38
44
40
43_71_71
43_43_44_71
43
67
71
62
44
46
38
38
43
43_46
43
43
35_36_44
35
36
44
43
43
35
36_44
43
43
35
36_44
46
62
46
67
43
40_44
36_43_62
35_38_43
43
67
36
38_44
40
35
43
36
35_43
38_43
40_43_44
35_38
44
40
36_40
38_46
71
71
38_40
43
46
62
67
43_67
62
36_40_43_44
35_38_43
40
35
44
38
36
38_40
43
62
67
43
38_40_45
67
36_45
35_44_62
44
36
35
38_46
40
46
38_45
40
45
36
35_38_40_44
47_47
38
35_40
36_44
38
40
38
47
40
47_62_67
40_45_67
62
36_45
35_38_44
38
36
40_44
35_46
45_62
67
45_46
36
35_43
43_62
67
46
49
49
36_46
35
40
38
38_43
40
43
43
43
35
36
36
35
40
38
38
43
62
43
67
35_36_43
40
67
43_46
38_40_49_62
38
49
35
36_38_40_40_46
43
38_43
40
35
36_40_43
38_43
35
36
38_40
38_40
43
40_67
43
62
36_38_43_46_49
40_43
35_67_74
38_71_74
40
36
38_49
35
46
43
40
38
35_36
43_43
43
35
36_38
40
74
43
43
71_74
45_71
38_67
35_36_40
45_46_49
71
46
40
35
36_49
38
38
40
38_45_71
71
40_45
45_75
36_66
35_38_75
40_45_46
49
49
46
36_38_40
35
38
40
45
40
45
38
47_49
47
75
75
73_73
73
73
71_71
71
49
47
66
47
71
