60_63_67
60_63_67
62_65_72
72
71
71
72
72
71
71
72
72
71
71
69
69
71
62_65_71
63_67_72
63_67
62_65
62_65
60_63
72
60_63
59_62_74
59_62_74
60_63_67_75
60_63_75
62_77
62_77
63_79
63_67_79
65_72
65_72
55_62_71
55_71
57_69
57_69
59_67
59_62_67
55_65
55_65
48_60_63
48_63
50_65
50_65
51_67
51_60_67
53_60
53_60
43_55_59
59
57
55_57
55
43
59_62_74
55
59_62_74
60_63_67_75
60_63_75
62_77
62_77
63_79
63_67_79
65_72
65
55_67
71_72
71
72
72
71
71
69
67_69
67
74
55_74
75_79
67
67
75
79
74_77
67
67
74
67
77
72_75
71
72
71
69
69_75
71_74
67
71
67
71
74
74
71
74
75_79
67
75
79
74_77
67
67
74
67
77
72_75
71
72
71
69
69_75
71_74
67
71
67
71
74
74
71
74
77_80
67
77
80
75_79
67
67
75
67
79
74_77
72
74
72
71
71_77
72_75
67
72
67
72
75
75
72
75
77_80
67
77
80
75_79
67
67
75
67
79
74_77
72
74
72
71
71_77
72_75
72
71
71
72
72
74
74_75
75_84
75
74
74_84
72_82
72
70
70_82
72_81
72
70
70_81
69_79
69
67
67_79
69_78
69
67
67_78
66_76
66
64
64_76
66_74
66
62
62_74
64_72
64
66
66_72
67_70
67
62
62
67
67_70
70
74
70_74
60_72
60
62
70_72
70
72
72
70
70
69
69
67
62_67
60_70
70
69
69
70
70
69
69
67
67
66
60_66
58_67
62
67
62
67
67
70
70
74
58_74
63_72
63
62
70_72
70
72
72
70
70
69
69
67
62_67
60_70
70
69
69
70
70
69
69
67
67
66
60_66
58_74
67
67
70
74
70
74
74
79
58_79
48_63_72
48_63
50_62
70_72
70
72
72
70
70
69
69
67
62_67
38_70
70
69
69
70
70
69
69
67
67
66
38_50_66
43_67
79
79
77
77
75
75
74
74
67_72
72
71
71
69
69
67
67
67
65
65
63
63
62
62
60
60
59_67
59
57
57
55
43
50
50
52
52
54
54_55
55_67_71_74
55
47
47
48
48
50
50_67_71_74
43_67_71_74_79
67_71_74_79
43
55_62_71
55_62_71
56_65_74
74
72
72
74
74
72
72
74
74
72
72
71
71
72
56_65_72
59_62_74
62
55
59
55
60_63
74
72_75
60_63_72_75
62_65_74_77
74_77
72_75
65
55_67
72_75
71_74
55_62_67_71_74
60_77
77
75
75
77
77
75
75
74
74
75
75
72
67
72
60_67
68_77
68
65
65_77
67_75
67
63
63_75
65_74
65
62
62_74
63_72
63
62
62
60
60_72
59_74
59
55
55_74
60_75
75
74
74
72
60_72
55_79
67
67
67
79
67
55
55_67_79
55_67_79
56_65_77
77
75
75
74
56_65_74
55_63_75
75
74
74
72
55_63_72
53_62_74
74
72
72
71
53_62_71
51_60_72
72
74
74
75
51_60_75
50_53_55_59_74
74
75
75
77
50_53_59
48_60
75_77
75
77
77
75
75
74
74
75
48_55_60_75
43_55_75
75
74
74
75
75
74
74
75
75
74
74
75
75
74
74
75
75
74
43
55
75
74
75
77_80
67
77
80
75_79
67
67
75
67
79
74_77
72
74
72
71
71_77
72_75
67
72
67
72
75
75
72
75
77_80
67
77
80
75_79
67
67
75
67
79
74_77
72
74
72
71
71_77
72_75
72
70
70
68
68
67
75
67
68_77
68
67
67_77
65_75
65
63
63_75
65_74
65
63
63_74
62_72
62
60
60_72
62_71
62
60
60_71
59_69
59
57
57_69
59_67
59
55
55_67
57_65
57
59
59_65
60_63
60
55
55
60
60_63
63
67
63_67
53_65
53
55
63_65
63
65
65
63
63
62
62
60
55_60
53_63
63
62
62
63
63
62
62
60
60
59
53_59
51_60_72
67
72
67
72
72
75
75
79
51_60_79
53_62_77
53_62
55_63
75_77
75
77
77
75
75
74
74
72
55_63_72
53_62_75
75
74
74
75
75
74
74
72
72
71
53_62_71
51_60_79
72
72
75
79
75
79
79
84
51_60_84
53_62_77
53_62
55
75_77
75
77
77
75
75
74
74
72
72
43_75
75
74
74
75
75
74
74
72
72
71
43_55_71
48_72
84
84
82
82
80
80
79
79
72_77
77
75
75
74
74
72
72
72
70
70
68
68
67
67
65
65
63
72
63
62
62
60
48
55
55
57
57
59
60
59
60_72_75_79
60
51
51
53
53
55
72_75_79
55
36_72_75_79_84
36_72_75_79_84
