78
78
79
79
81
69
81
79
69
79
78
66
66
67
67_78
69_76
57
69
57
67
67
76
66
80
80
81
66
67
81
82
82
83
67
64
83
81
79
81
78
79
76
78
74
76
64
57_73
74
71
73
69
71
67
69
66
67
64
66
57
62
64
80
80
81
62
66
81
82
82
83
66
67
83
81
79
81
78
79
76
78
74
76
67
57_73
74
71
73
69
71
67
69
66
67
64
66
57
62
64
69
62
69
66_74
66
64
64_74
57_73
69
57
69
62
73
69
69
74_78
62
57
74_78
73_76
73_76
79
57
62
79
69
62
69
66_74
66
64
64_74
57_73
69
57
69
62
73
69
69
74_78
62
57
74_78
73_76
73_76
79
57
50_74
79
78
78
79
50_79
74
54_81
79
81
78
79
76
78
74
76
73
74
54
55_71
73
69
71
67
69
66
67
64
66
62
64
55
45_61
62
59
61
57
59
55
57
54
55
52
54
45
50_74
52
74
78
78
79
50_79
54_81
79
81
78
79
76
78
74
76
73
74
54
55_71
73
69
71
67
69
66
67
64
66
62
64
55
45_61
62
59
61
57
59
55
57
54
55
52
54
45
50
52
69
50
52
69
54_74
52
55
54
57
55
59
57
74
61_76
59
62
61
76
64_67
62
61
64
67
50_66
61
66
69
50
52
69
54_74
52
55
54
57
55
59
57
74
61_76
59
62
61
76
64_67
62
61
64
67
50_66
61
66
69
50
52
69
54_74
52
55
54
57
55
59
57
74
61_76
59
62
61
76
64_67
62
61
64
67
62_66
61
61
62
66
59_74
61
57
59
56
57
54
56
52
54
74
73
71
73
69
71
68
69
74
68
52
52_57_73
74
71
73
69
71
68
69
69
68
76
69
52_57
52_59_74
76
73
74
71
73
69
71
71
69
78
71
52_59
52_61_76
78
74
76
73
74
71
73
73
71
80
73
52_61
52_62_78
80
76
78
74
76
73
74
74
73
81
74
52_62
52_64_80
81
78
80
76
78
74
76
73
74
71
73
52_64
57_64_73
71
76
73
74
76
73
74
71
73
69
71
57_64
52_68
69
66
68
64
66
62
64
61
62
59
61
52
57_73
59
76
73
74
76
73
74
71
73
69
71
57
52_68
69
66
68
64
66
62
64
61
62
59
61
52
57_73
59
76
73
74
76
73
74
71
73
69
71
57
52_68
69
66
68
64
66
62
64
61
62
59
61
52
57
59
65
72_84
57
55
72_84
71_83
65
64
55
53
71_83
64
62_69_81
62
53
52_60
60_69_81
59_68_80
59
62
62
52_68_80
57
65
72_84
57
55
72_84
71_83
65
64
55
53
71_83
64
62_69_81
62
53
52_60
60_69_81
59_67_79
59
61
61
52
50
67_79
65_77
62
62
50_65
52
77
76
74
76
52
56_72
74
71
72
56
57_72
71
74
72
76
74
72
76
57
50_71
72
69
71
50
52_71
69
72
71
52
50_74
72
71
74
50
52_69
71
68
69
52
57_69
68
65
69
72_84
57
55
72_84
71_83
65
64
55
53
71_83
64
62_69_81
62
53
52_60
60_69_81
59_68_80
59
62
62
52_68_80
57
65
72_84
57
55
72_84
71_83
65
64
55
53
71_83
64
62_69_81
62
53
52_60
60_69_81
59_67_79
59
61
61
52
50
67_79
65_77
62
62
50_65
52
77
76
74
76
52
56_72
74
71
72
56
57_72
71
74
72
76
74
72
76
57
48_71
72
69
71
48
50_71
69
72
71
74
72
71
74
50
52_69
71
68
69
52
45_69
68
69
73
45
47
73
49_76
47
50
49
52
50
54
52
76
56_74
54
57
56
74
59_71
57
56
59
71
57_73
56
73
69
57
59
69
61_76
59
62
61
64
62
66
64
76
68_83
66
69
68
83
71_74
69
68
71
74
69_73
68
74
73
76
74
73
76
69
61_71
73
69
71
61
62_71
69
73
71
74
73
71
74
62
64_69
71
68
69
64
57_73
68
74
73
76
74
73
76
57
61_71
73
69
71
61
62_71
69
73
71
74
73
71
74
62
64_69
71
68
69
64
57_69
68
57
69
68
66
68
64
66
62
64
61
62
81
80
81
78
80
61
62_76
78
74
76
62
64_73
74
78
73
76
78
74
76
64
52_73
74
71
73
52
57_69
71
81
69
80
81
78
80
57
50_76
78
74
76
50
52_73
74
78
73
76
78
74
76
40_73
74
71
73
40
52
45_69
71
45
73_76
73_76
69
74_77
74_77
76_79
76
69
79
74_77
74_77
69
43_70
73_76
73_76
70
74_77
74_77
43
76_79
76
70
79
74_77
74_77
70
45_69
73_76
73_76
69
74_77
74_77
45
76_79
76
69
79
74_77
74_77
69
43_70
73_76
73_76
70
74_77
74_77
43
76_79
76
70
79
74_77
74_77
70
73_76
73
57
59
57
61
59
62
61
76
64
62
66
64
67
66
64
67
69
64
67
69
66
67
69
71
69
73
71
74
73
66
64_76
74
78
76
79
78
76
79
81
76
79
81
64
62_78
79
76
78
74
76
73
74
71
73
69
71
62
67_83
69
81
83
79
81
78
79
76
78
74
76
67
61_76
74
74
76
73
74
71
73
69
71
67
69
61
66_81
67
79
81
78
79
76
78
74
76
73
74
66
59_74
73
73
74
71
73
69
71
67
69
66
67
59
64_79
66
78
79
76
78
74
76
73
74
71
73
64
57_73
71
71
73
69
71
67
69
66
67
64
66
57
62_66
64
69
66
67
69
66
67
64
66
62
62
64
57_61
62
59_62
57_61
61_64
59_62
62_66
61_64
64_67
62_66
66_69
64_67
67_71
66_69
69_73
67_71
71_74
69_73
73_76
71_74
74_78
73_76
76_79
74_78
78_81
76_79
69
78
69_81
76_79
76_79
74_78
69
74
69_78
73_76
73_76
78_81
69
78
69_81
76_79
76_79
74_78
69
74
69_78
73_76
73_76
74_78
78
78_81
74
76_79
78_81
74_78
76_79
73_76
74_78
71_74
73_76
69_73
71_74
67_71
69_73
66_69
67_71
64_67
66_69
62_66
64_67
61_64
62_66
66_69
61_64
66
57
57_69
64_67
64_67
62_66
62
57
57_66
61_64
61_64
66_69
66
57
57_69
64_67
64_67
62_66
62
57
57_66
61_64
61_64
62_66
66
66_69
62
64_67
66_69
62_66
64_67
61_64
62_66
59_62
61_64
57_61
59_62
59_62
57_61
57_61
59_62
55_59
57_61
54_57
55_59
52_55
54_57
50_54
52_55
52
54
50
50
52
52
50
54
52
55
54
45_57
55
57
55
53
55
52
53
45
50
52
65_77
58
50
48
65_77
64_76
64_76
58
57_66_78
66_78
67_79
57
48
46
67_79
68_80
46
45
68_80
69_81
45
43
69_81
70_82
55
55
43
46
46
70_82
45
81
79
81
45
49_77
79
76
77
49
50_77
76
77
74
74
58_65_77
65_77
50
48_64_76
64_76
58
57_66_78
66_78
67_79
57
48
46
67_79
68_80
46
45
68_80
69_81
45
43
69_81
70_82
55
55
43
46
46
70_82
45
81
79
81
45
49_77
79
76
77
49
50_77
76
79
77
81
79
77
81
50
53_76
77
74
76
53
55_76
74
77
76
79
77
76
79
55
57_74
76
73
74
57
50_74
73
74
69
50
52
54_74
69
52
55
54
57
55
59
57
74
61_76
59
62
61
76
64_67
62
61
64
67
62_66
61
66
69
62
64
69
66_74
64
67
66
69
67
71
69
74
73_76
71
74
73
76
76_79
74
73
76
79
74_78
73
79
78
81
79
78
81
74
66_76
78
74
76
66
67_76
74
78
76
79
78
76
79
67
69_74
76
73
74
69
62_78
73
79
78
81
79
78
81
62
66_76
78
74
76
66
67_76
74
78
76
79
78
76
79
67
69_74
76
73
74
69
62_74
73
78
74
76
78
74
76
62
55_73
74
71
73
55
57_69
71
67
69
66
67
64
66
57
45_62
64
61
62
45
50_62
61
66
62
64
66
62
64
50
43_61
62
59
61
43
45_57
59
55
57
54
55
52
54
45
45_50
52
49
50
45_49
38_50
38_50
