66
66
69
69
66
66
73
73
73
73
77
77
73
73
78
78
66
66
69
69
66
66
73
73
61
61
65
65
61
61
66
54
54
66
57_66_69
57
54
54
66_69
61_68
61
49
49
68
53_73
53
49
49
73
54_69
54
42
42
69
45_81
45
42
42
81
49_80
49
37
37
80
41_73
41
37
37
73
42_69
42
42
69
42
45_78
45
42
42
78
47_74
47
47
47
74
50_71
50
47
47
71
52_68
52
52
68
52
56_76
56
52
52
76
57_73
57
57
57
61_81
61
57_73
57
81
62_78
78
80
62
80
61_81
69
61
69
59_74
74
73
59
73
81
64_74_80
74
76
76
80
73_81
64
57
57
73
61_73
61
57_81
57
73
64_71
64
52
52
71
56_76
56
52
52
76
57_73
57
45
45
73
49_69
49
45
45
69
52_71
52
40
40
44_64
44
40_71
64
71_74
40
59
59
71_74
62_71_74
62
59
59
71_74
66_73
66
54
54
73
58_78
58
54
54
78
59_74
59
47
47
74
50_71
50
47
47
71
54_73
54
42
42
46_66
46
42_73
66
73_76
42
61
61
73_76
64_73_76
64
61
61
73_76
68_75
68
56
56
75
60_80
60
56
56
80
61_76
61
49
49
76
52_73
52
49
49
73
56_75
56
44
75
44
48_68
48
44
44
68
49_65
49
49
49
65
53_73
53
49
49
73
54_69
54
42
69
42
45_78
45
42
42
78
47_74
47
47
47
74
50_71
50
47
47
71
52_68
52
52
68
52
56_76
56
52
52
76
57_73
57
57
57
73
61_69
61
57
57
69
62_66
62
50
66
50
54_74
54
50
50
74
56_71
56
56
56
71
59_68
59
56
56
68
61_65
61
49
49
53_73
53
49_65
49
73
54_69
69
71
54
71
52_73
61
52
61
50_66
66
65
65
73
59_66_71
66
68
50_59
68
71
49_61_73
73
73
73
77
77
73
73
49_61
80
80
68
68
72
72
68
68
73
73
68
68
65
65
68
68
73
73
77
77
68
68
73
73
65
65
68
68
49
49
53
53
44
44
49
49
41
41
44
44
37
37
49_61
73
73
77
77
73
73
80
80
68
68
72
72
68
68
73
49_61
61
61
73
65_73
65
61
61
73
66_69
66
54
54
69
57_81
57
54
54
81
61_80
61
49
80
49
53_73
53
49
49
73
54_70
54
42
42
70
46_78
46
42
42
78
47_74
47
47
74
47
50_71
50
47
47
71
54_73
54
54
54
73
58_78
58
54
54
78
59_75
59
47
75
47
51_71
51
47
47
71
52_67
52
52
52
67
55_79
55
52
52
79
59_78
59
59
78
59
63_83
63
59
59
83
64_80
64
52
52
80
56_76
56
52
52
76
57_73
57
45
73
45
49_69
49
45
45
69
52_71
52
40
40
71
44_76
44
40
40
76
45_73
45
45
73
45
49_81
49
45
45
81
50_78
50
50
50
78
54_74
54
50
50
74
56_71
56
56
71
56
59_80
59
56
56
80
61_77
61
49
49
77
53_73
53
49
49
73
54_69
69
66
54
66
42_69
69
66
42
66
40_73
73
73
40
73
52_76
76
73
52
73
50_78
78
66
50
66
38_69
69
66
38
66
37_73
73
61
37
61
49_65
65
61
49_61
66
54
54
66
57_66_69
57
54
54
66_69
61_68
61
49
49
68
53_73
53
49
49
73
54_69
54
42
42
69
45_81
45
42
42
81
49_80
49
37
37
41_73
41
37_80
37
73
42_69
69
73
42
73
47_74
74
78
47
78
49_69
69
78
49
78
37_68
68
77
37
77
42_78
78
66
42
66
54_69
69
66
54
66
52_73
73
73
52
73
40_76
76
73
40
73
38_78
78
66
38
66
50_69
69
66
50_66
68
61
61
68
65_73
65
61
61
73
66_69
66
54
54
69
57_81
57
54
54
81
61_80
61
49
49
53_73
53
49_80
49
73
54_69
69
73
54
73
59_74
74
66
59
66
61_69
69
66
61
66
49_68
68
65
49
65
54_66
66
73
54
73
47_74
74
78
47
78
49_69
69
78
49
78
37_68
68
77
37
77
42_78
78
73
73
69
69
73
73
78
78
81
81
73
73
78
78
69
69
73
73
42_66
66
69
69
49
49
54
54
45
45
49
49
42
42
