60_63
67
67
69
69
71
60_63_71
60_63_71
71
72
72
71
71
72
60_63_72
60_63_74
74
72
72
74
74
72
72
71
71
72
60_63_72
55_62_74
74
67
67
69
69
71
55_62_71
60_63_71
71
72
72
71
71
72
60_63_72
60_63_74
74
72
72
74
74
72
72
71
71
72
60_63_72
55_62_74
74
67
67
69
69
71
55_62_71
60_63_71
71
72
72
71
71
72
60_63_72
60_63_74
74
72
72
74
74
72
72
71
71
72
60_63_72
55_62_72
72
74
55_62
55_62
55_62_74
55_62_74
74
75
75
77
55_62_77
60_63_77
77
75
75
74
74
72
60_63_72
53_65_69
69
72
53_65
55_65
72
71
55_65_71
56_65_71
71
72
56
53
53_65_72
59_65_74
74
75
75
77
59_65_77
60_63_77
77
75
75
74
74
72
60_63_72
53_65_69
69
72
53_65
55_62
72
71
55_62_71
60_71
71
72
60
48
48
36
72
79
79
75
75
72
72
67
36_67
63
63
60
60
63
63
67
67
72
72
68
68
55_67
67
74
74
71
55_71
65_68
65_68
63_67
63_67
62_65
62_65
60_79
79
75
75
72
72
67
60_67
48_63
63
60
60
63
63
67
67
72
72
68
48_68
55_67
67
74
74
71
55_71
65_68
65_68
63_67
63_67
62_65
62_65
48
75
75
74
74
75
48_75
79_84
79
75
75
74
74
75
75_84
75_80
75
72
72
71
71
72
72_80
72_77
72
68
68
67
67
68
68_77
72_80
72
68
68
67
67
68
68_80
70_77
70
72
72
74
74
75
75_77
77
74
74
72
72
74
74_77
74_82
74
70
70
69
69
70
70_82
70_79
70
67
67
65
65
67
67_79
67_75
67
63
63
62
62
63
63_75
67_79
67
63
63
65
65
67
67_79
68_75
68
70
70
72
72
74
74_75
75
72
72
71
71
72
72_75
72_80
72
68
68
67
67
68
68_80
68_77
68
65
65
63
63
65
65_77
65_74
65
62
62
60
60
62
62_74
65_77
65
62
62
63
63
65
65_77
67_74
67
69
69
71
71
72
72_74
74
71
71
69
69
71
71_74
71_79
71
67
67
65
65
67
67_79
67_75
67
63
63
62
62
63
63_75
60_84
84
82
60_82
60_80
80
79
60_79
62_77
62_77
63_75
63_75
65_74
65
67
67_74
68_72
68
65
65_72
67_71
67
65
65
67
67
68
68_71
67
67
65
65
63
63
62
62
63
63
62
62
60
60
59
59
60_84
84
82
60_82
60_80
80
79
60_79
62_77
62_77
63_75
63_75
65_74
65
67
67_74
68_72
68
65
65_72
67_71
67
65
65
67
67
68
68_71
67
67
65
65
63
63
62
62
63
63
62
62
60
60
59
59
60_84
84
82
60_82
60_80
80
79
60_79
62_77
62_77
63_75
63_75
65_74
65
67
67_74
68_72
68
65
65_72
67_71
67_71
71
74
74
77
71_77
55_62_65_80
80
79
55_62_65_79
55_62_65_79
79
77
77
75
75
74
55_62_65_74
60_63_67_84
84
75
75
82
82
74
60_63_67_74
60_63_67_81
81
72
72
79
79
70
60_63_67_70
60_63_78
78
69
69
75
75
67
60_63_67
50_57_60_62_73
73
74
50_57_60_62
50_57_60_62
74
84
84
72
50_57_60_62_72
50_57_60_62_81
81
72
72
82
82
74
50_57_60_62_74
51_55_60_62_84
84
75
75
82
82
74
51_55_60_62_74
51_55_60_62_81
81
72
72
79
79
70
51_55_60_62_70
51_55_60_62_78
78
69
69
75
75
67
51_55_60_62_67
50_57_60_62_73
73
74
50_57_60_62
50_57_60_62
74
81
81
72
50_57_60_62_72
50_57_60_62_81
81
72
72
82
82
74
50_57_60_62_74
60_63_67_84
84
75
75
82
82
74
60_63_67_74
60_63_67_81
81
72
72
79
79
70
60_63_67_70
60_63_78
78
69
69
75
75
67
60_63_67
50_66
66
62
62
67
67
62
50_62
69_81
69
62
62
67
67
62
62_81
38_50_69
69
62
62
70
70
62
38_50_62
39_51_69
69
60
60
67
67
60
39_51_60
69_81
69
60
60
67
67
60
60_81
39_51_69
69
60
60
70
70
60
39_51_60
38_50_69
69
62
62
67
67
62
38_50_62
66_81
66
62
62
67
67
62
62_81
38_50_69
69
62
62
70
70
62
38_50_62
36_48_69
69
63
63
70
70
63
36_48_63
72_81
72
63
63
70
70
63
63_81
36_48_69
69
63
63
67
67
63
36_48_63
38_50_66
66
62
62
67
67
62
38_50_62
66_81
66
62
62
67
67
62
62_81
38_50_66
66
62
62
67
67
62
38_50_62
39_51_66
66
60
60
67
67
60
39_51_60
66_81
66
60
60
67
67
60
60_81
39_51_66
66
67
67
69
69
67
67
66
66
67
39_51_67
38_50_67
67
69
38_50
50
69
66
66
69
69
75
50_75
54_60_62_74
74
72
72
70
70
69
54_60_62_69
55_58_62_72
72
70
70
69
69
67
55_58_62_67
48_60_64
64
67
48_60
50_60
67
66
50_60_66
51_60_67
67
72
72
75
51_60
48_60
75
75
48_60
54_60_62
75
74
74
72
72
70
70
69
54_60_62_69
55_58_62_72
72
70
70
69
69
67
55_58_62_67
48_60_64
64
67
48_60
50_60
67
66
50_60_66
51_60_67
67
75
75
79
51_60
48_60
79
79
48_60
54_60_62
79
77
77
75
75
74
74
72
54_60_62_72
55_58_62_72
72
70
70
69
69
67
55_58_62_67
48_60_69_72
69_72
67_70
48_60
50_62
67_70
66_69
50_62_66_69
43_55_67
43
55_67
55
67
67
68
68
69
69
70
70
71
71
72
72
74
74
75
75
77
55_77
55_65_74
74
71
55_65_71
55_67_71
71
74
74
72
55_67_72
55_68_74
74
72
72
74
74
72
72
71
71
72
55_68_72
55_67_74
67_74
67
68
68
69
69
70
67_70
71
71
72
72
74
55_74
75
75
77
77
55_65_74
74
71
55_65_71
55_67_71
71
74
74
72
55_67_72
55_68_74
74
72
72
74
74
72
72
71
71
72
55_68_72
55_67_72
72
74
55_67_74
82
82
73
73
82
82
73
73
80
80
72
72
79
79
70
70
77
77
68
68
48_60_76
76
67
67
73
73
65
48_60_65
36_48_72
72
64
64
70
70
67
36_48_67
41_53_67_70
41_53_67_70
41_53_65_68
65_68
80
80
72
72
80
80
72
72
79
79
70
41_53_70
77
77
68
68
75
75
67
67
46_58_74
74
65
65
72
72
63
46_58_63
34_46_70
70
62
62
68
68
65
34_46_65
39_51_67
67
63
63
65
65
63
39_51_63
67_75_79
67
63
63
67
67
63
63_75_79
70_79_82
70
63
63
67
67
63
63_79_82
46_65
65
62
62
63
63
62
46_62
65_74_77
65
62
62
63
63
62
62_74_77
68_77_80
68
62
62
65
65
62
62_77_80
39_51_67
67
63
63
65
65
63
39_51_63
67_75_79
67
63
63
67
67
63
63_75_79
70_79_82
70
63
63
67
67
63
63_79_82
46_65
65
62
62
63
63
62
46_62
65_74_77
65
62
62
63
63
62
62_74_77
68_77_80
68
62
62
65
65
62
62_77_80
39_51_67
67
63
63
65
65
63
39_51_63
67_75_79
67
63
63
67
67
63
63_75_79
70_79_82
70
63
63
67
67
63
63_79_82
36_48_67
67
64
64
65
65
64
36_48_64
67_76_79
67
64
64
67
67
64
64_76_79
70_79_82
70
64
64
67
67
64
64_79_82
41_53_68
68
65
65
67
67
65
41_53_65
68_77_80
68
65
65
68
68
65
65_77_80
72_80_84
72
65
65
68
68
65
65_80_84
36_48_67
67
64
64
65
65
64
36_48_64
67_76_79
67
64
64
67
67
64
64_76_79
70_79_82
70
64
64
67
67
64
64_79_82
41_53_68
68
65
65
67
67
65
41_53_65
68_77_80
68
65
65
68
68
65
65_77_80
72_80_84
72
65
65
68
68
65
65_80_84
38_50_65
65
62
62
65
65
62
38_50_62
68_74_77
68
62
62
65
65
62
62_74_77
65_74_82
65
62
62
65
65
62
62_74_82
39_51_67
67
63
63
65
65
63
39_51_63
67_75_79
67
63
63
67
67
63
63_75_79
72_75_84
72
63
63
67
67
63
63_75_84
41_53_68
68
65
65
67
67
65
41_53_65
68_77_80
68
65
65
68
68
65
65_77_80
72_80_84
72
65
65
68
68
65
65_80_84
43_62_72
72
71
55
62_71
65_74
43_65_74
43_65_74
65_74
67_75
43_55_67_75
41_68_77
68_77
67_75
67_75
53_65_74
65_74
63_72
41_63_72
41_62_71
62_71
63_72
41_53_63_72
43_63_72
63_72
62_71
55
62_71
74_77
43_74_77
43_74_77
74_77
75_79
43_55_75_79
41_77_80
77_80
75_79
75_79
53_74_77
74_77
67_75
41_67_75
41_65_74
65_74
63_72
41_53_63_72
43_71
71
67
67
72
72
67
43_67
71_79
71
67
67
72
72
67
67_79
43_55_71
71
67
67
72
72
67
43_55_67
44_56_71
71
65
65
72
72
65
44_56_65
71_80
71
65
65
72
72
65
65_80
44_56_71
71
65
65
72
72
65
44_56_65
43_55_74
74
67
67
72
72
67
43_55_67
74_79
74
67
67
72
72
67
67_79
43_55_74
74
67
67
72
72
67
43_55_67
41_53_74
74
68
68
75
75
68
41_53_68
77_80
77
68
68
75
75
68
68_80
41_53_74
74
68
68
72
72
68
41_53_68
43_55_71
71
67
67
68
68
67
43_55_67
71_79
71
67
67
72
72
67
67_79
43_55_71
71
67
67
72
72
67
43_55_67
44_56_71
71
65
65
72
72
65
44_56_65
71_80
71
65
65
72
72
65
65_80
44_56_71
71
74
74
72
72
71
71
72
44_56_72
43_55_72
72
74
43_55
43_55
74
67
67
71
71
74
74
79
79
77
77
75
75
74
43_55_74
79
79
75
75
74
74
75
75
75_84
75
72
72
71
71
72
72_84
72_80
72
68
68
67
67
68
68_80
68_77
68
65
65
64
64
65
65_77
65_74
65
62
62
60
60
62
62_74
62_71
62
59
59
57
57
59
59
59
59
55
55_71
59
59
62
62
65
65
62
62
65
65
71
71
74
74
65
65
71
71
74
74
79
79
75
75
74
74
75
75
75_84
75
72
72
71
71
72
72_84
72_80
72
68
68
67
67
68
68_80
68_77
68
65
65
64
64
65
65_77
65_74
65
62
62
60
60
62
62_74
62_71
62
59
59
57
57
59
71
59
43
67_71_74_77
67_71_74_77
43
48_55_60_67_72_77
77
75
75
74
72_74
72
48_55_60_67
72
53_65_69
69
72
53_65
55_65
72
71
55_65
71
56_65_72
72
77
77
80
56_65
53_65
80
80
53_65
59_65_67
80
79
79
77
77
75
75
74
59_65_67_74
60_67_77
77
75
75
74
74
72
60_67_72
53_65_69
69
72
53_65
55_65
72
71
55_65_71
56_65_72
72
80
80
84
56_65
53_65
84
84
53_65
59_65_67
84
82
82
80
80
79
79
77
59_65_67_77
60_67_77
77
75
75
74
74
72
60_67_72
53_65_74_77
74_77
72_75
53_65
55_67
72_75
71_74
55_67
71_74
48_60_72
48_60_72
