65
84
84
82
65_82
77_81
81
79
77_79
77
81
79
81
81
79
79
81
81
79
79
81
76_77_81
79
79
81
81
79
79
81
77
79
79
77
76
77_81
79
81
84
84
82
77_82
69_81
81
79
79
77
69_77
70_81
79
81
81
79
79
81
81
79
79
81
70
72_81
79
79
81
81
79
79
81
77
79
76
77
72
53_77
76
77
72
72
70
53_70
65_69
69
67
65_67
65
69
67
69
69
67
67
69
69
67
67
69
65
64_69
67
67
69
69
67
67
69
65
67
67
65
64
65_69
67
69
72
72
70
65_70
57_69
69
67
67
65
57_65
58_69
67
69
69
67
67
69
69
67
67
69
58
60_69
67
67
69
69
67
67
69
65
67
67
65
60
53
67
69
69
70
53_70
65_72
72
74
74
76
76
77
77
80
65_80
65_69_81
65_69_81
52
67
67
69
52_69
64_71
71
72
72
74
74
76
76
78
64_78
64_67_79
64_67_79
50
65
65
67
50_67
62_69
69
71
71
72
72
74
74
76
62_76
62_65_71_77
62_65_71_77
60_72_76
76
79
79
77
60_72_77
64_67_76
76
74
74
72
64_67_72
65_69_76
74
76
76
74
74
76
76
74
74
76
65_69
67_71_76
74
74
76
76
74
74
76
72
74
74
72
67_71
60_72_76
74
76
74
72_74
72
60_72
64_72_79
79
77
77
76
64_72_76
65_72_81
81
79
79
77
65_72_77
66_72_76
76
74
72_74
72
66_72
67_71
71
69
67_69
67
67
64_67_79
79
77
77
76
64_67_76
65_69_81
81
79
79
77
65_69_77
66_69_76
76
74
74
72
66_69_72
67_71
67_71
43_79
43_79
65_69
65_69
43_79
43_79
64_67
64_67
43_79
43_79
62_65
62_65
43_79
43_79
60_64
60_64
62_65
62_65
64_67
64_67
65_69
65_69
67_71
67_71
69_72
69_72
71_74
71_74
72_76
72_76
74_77
74_77
72_76
72_76
71_74
71_74
69_72
69_72
67_71
67_71
43_79
43_79
65_69
65_69
43_79
43_79
64_67
64_67
43_79
43_79
62_65
62_65
43_79
43_79
60_64
64
62
62
64
60_64
53_65_67
65_67
64
64
62
53_62
55_60
55_60
43_64
62
64
64
62
62
64
60
62
62
60
43
36_60
62
60
55
55
60
60
64
64
60
60
64
36_64
36_67
67
64
64
67
67
72
72
67
67
72
36_72
36_84
84
79
79
76
76
72
72
72
72
72
72
74
72
74
74
72
36_72
74
74
72
72
74
52_60_74
72
72
74
74
72
72
74
74
72
72
74
52_60
53_60
72
81
81
79
53_60_79
53_65_77
77
76
76
74
53_65_74
55_64_79
79
77
77
76
55_64_76
55_62_74
74
72
72
71
55_62_71
48_72
72
67
67
64
64
36_60
60
60
60
60
48_60
62
60
62
62
60
60
62
62
60
60
62
36
52_62
60
60
62
62
60
60
62
62
60
60
62
52
53
60
69
69
67
67
41_65
65
64
64
62
41_53_62
55_67
67
65
65
64
64
43_62
62
60
60
59
43_55_59
36_60
36_60
68
72
72
73
73
75
75
77
77
79
79
80
80
79
79
77
68_77
68_72_75
68_72
67_70
67_70
68_72
75
80
68_72_80
70_75
73
75
75
73
73
75
75
73
73
75
70
63_75
73
73
75
75
73
73
75
72
73
73
72
63
68_72
73
72
80
68
68_72
80
79
79
77
77
75
68_72
70
75
73
75
73
73
75
75
73
73
75
70
63_75
73
73
75
75
73
73
75
72
73
73
72
63
68_72
73
72
73
73
75
68_75
77
77
79
79
80
80
82
82
80
80
78
78
70_73_77
70_73
69_72
69_72
70_73
77
82
70_73_82
72_77
75
77
77
75
75
77
77
75
75
77
72
65_77
75
75
77
77
75
75
77
73
75
75
73
65
70_73
75
73
82
70
70_73
82
80
80
78
78
77
70_73
72
77
75
77
75
75
77
77
75
75
77
72
65_77
75
75
77
77
75
75
77
73
75
75
73
65
70_73
75
73
75
75
77
70_77
79
79
81
81
83
83
84
84
82
82
80
80
72_75_79
72_75
71_74
71_74
72_75
79
84
72_75_84
74_79
77
79
79
77
77
79
79
77
77
79
74
67_79
77
77
79
79
77
77
79
79
77
77
79
67
72_76
77
76
79
79
77
72_77
60_64_76
76
74
74
72
60_64
62_65
72
70
72
70
70
72
72
70
70
72
62_65
64_67_72
70
70
72
72
70
70
72
69
70
70
69
64_67
65_69
70
69
84
84
82
65_82
65_69_81
81
79
79
77
65_69
67_70
77
75
77
75
75
77
77
75
75
77
67_70
69_72_77
75
75
77
77
75
75
77
74
75
75
74
69_72
70_74
75
74
85
70_85
70_74_86
70_74
70_74
86
84
84
82
82
81
70_74_81
70_74_79
79
77
77
76
74_76
74
70_74
69_72
72
83
69_83
69_72_84
69_72
69_72
84
82
82
81
81
79
69_72_79
69_72_77
77
76
76
74
72_74
72
69_72
67_70
70
81
67_81
67_70_82
67_70
67_70
82
81
81
79
79
77
67_70_77
67_70_76
76
74
74
72
70_72
70
67_70
65_69
65_69
36_84
36_84
64_67
64_67
36_84
36_84
62_65
62_65
36_84
36_84
60_64
60
60
64
65
65
67
67
69
60_69
62_72
70
72
72
70
70
72
72
70
70
72
62
64_72
70
70
72
72
70
70
72
69
70
67
69
64
65_69
67
65_69
36_84
36_84
64_67
64_67
36_84
36_84
62_65
62_65
36_84
36_84
60_64
60
60
64
65
65
67
67
69
60_69
62_72
70
72
72
70
70
72
72
70
70
72
62
64_72
70
70
72
72
70
70
72
69
70
67
69
64
65_69
67
69
70
70
72
65_72
58_74
74
70
70
67
58_67
60_65
65
48_69
67
69
69
67
67
69
69
67
67
69
48_60
53_65
67
65
77
77
75
53
56_60_65
75
72_74
72_74
71
71
72
56_60_65_72
55_62_65_71
71
82
82
80
55_62_65
59_65_67
80
77_79
77_79
76
76
77
59_65_67_77
60_67_76
76
86
86
82
60_67
60_70_72
82
79_81
79_81
77
77
79
60_70_72_79
65_72_81
81
79
79
81
65_72_81
70_74_82
82
81
81
79
70_74_79
72_77
77
60_81
79
81
81
79
79
81
77
79
79
77
60_72
53_65_81
79
81
84
84
82
53_65_82
57_65_81
81
79
79
77
57_65_77
58_65_81
79
81
81
79
79
81
81
79
79
81
58_65
60_67_81
79
79
81
81
79
79
81
77
79
76
77
60_67
53_77
76
77
72
72
69
69
65
65
65
65
65
65
67
65
67
67
65
53_65
67
67
65
65
67
57_60_67
65
65
67
67
65
65
67
67
65
65
67
57_60
58_62
65
74
74
72
58_62_72
58_62_70
70
69
69
67
58_62_67
60_72
72
70
70
69
69
48_67
67
65
65
64
48_60_64
53_65
65
60
60
57
53_57
41_53
53
53
53
53
53
55
53
55
55
53
53
55
55
53
53
55
41
45_55
53
53
55
55
53
53
55
55
53
53
55
45
46
53
62
62
60
46_60
46_58
58
57
57
55
46_55
48_60
60
58
58
57
57
36_58
58
57
57
55
36_48_55
41_53
41_53
