55_81
79
81
81
79
55
59_79
81
81
79
79
81
59
55_81
79
79
81
55_79
62_83
81
83
83
81
62
54_81
83
83
81
81
83
54
50_83
81
81
83
50_81
55_83
83
79
79
74
55_74
54_84
84
81
81
74
54_74
55_84
83
84
84
83
55
59_83
84
84
83
83
84
59
55_84
83
83
84
55
62
83
81
83
81
62
54_81
83
83
81
81
83
54
50_83
81
81
83
50_81
55_83
83
79
79
74
55_74
54_84
84
81
81
74
54_74
55_83
83
79
79
78
55_78
47_78
78
76
76
74
47_74
48_74
74
72
72
71
48_71
50_72
72
81
81
72
50_72
55_71
71
79
79
78
55
47
78
76
76
74
47
48
74
72
72
71
48_71
50_72
72
81
81
72
50_72
55_71
55
59
59_71
55
55
62_76
74
76
76
74
62
54_74
76
76
74
74
76
54
50_76
74
74
76
76
74
50
55_74
76
76
74
74
76
55
59_76
74
74
76
76
74
59
55_74
76
76
74
74
76
55
62_76
74
74
76
76
74
62
54_74
76
76
74
74
76
54
50_76
74
74
76
76
74
50
55_62_74
76
74
83
83
81
55_62_81
54_62_81
81
79
79
78
54_62
52_62
78
81
81
79
52_62_79
57_61_79
79
78
78
76
57_61
50_62
76
78
78
79
50_62_79
49_57_81
81
81
81
81
49_57_81
50_57_81
81
78
78
81
50_57_81
49_57_81
81
81
81
81
49_57_81
50_57_81
81
78
78
81
50_57_81
49_57_81
81
81
81
81
49_57
81
81
50
50_81
52
52
54_88
86
88
88
86
54
50_86
88
88
86
86
88
50
54_88
86
86
88
88
86
54
55_86
88
88
86
86
88
55
52_88
86
86
88
88
86
52
55_86
88
88
86
86
88
55
57_88
86
86
88
88
86
57
54_86
88
88
86
86
88
54
57_88
86
86
88
88
86
57
59_86
88
88
86
86
88
59
55_88
86
86
88
88
86
55
59_86
88
59_86
61_76
61
57
57
61
61_76
62_78
78
81
62_81
54_74
54_74
55_76
76
74
55_74
57_73
57_73
50_74
74
78
78
81
50_81
54_88
86
88
88
86
54
50_86
88
88
86
86
88
50
54_88
86
86
88
88
86
54
55_86
88
88
86
86
88
55
52_88
86
86
88
88
86
52
55_86
88
88
86
86
88
55
57_88
86
86
88
88
86
57
54_86
88
88
86
86
88
54
57_88
86
86
88
88
86
57
59_86
88
88
86
86
88
59
55_88
86
86
88
88
86
55
59_86
88
59_86
61_76
61
57
57
61
76
61
62_78
78
81
62_81
54_74
54_74
55_76_78
76_78
74
55_74
57_73
57_73
50_74
74
78
50_78
54_81
54
55
81
76
55_76
57_73
57_73
50_74
74
78
50_78
54_81
54
55
81
76
55_76
57_73
57_73
50_74
74
81
50_81
42_74
42_74
43_76
76
74
43_74
45_73
45_73
38_74
74
74
38
50
50
52
52_74
54_74
72
74
74
72
62_72
74
74
72
54
72
74
54_74
72
72
74
62
54_72
55_71
62
55
55
62
55_71
54_74
72
74
74
72
62_72
74
74
72
54
72
74
54_74
72
72
74
62
54_72
55_71
62
55
55
62
55_71
54_74
72
74
74
72
62_72
74
74
72
54
72
74
54_74
72
72
74
62
54_72
55_71
62
55
55
62
55_71
53_74
62
53
53
62
53_74
52_74_80
62
52
52
62
52_74_80
53_74_81
62
53
53
62
53_74_81
52_74_80
62
52
52
62
52_74_80
53_74_81
62
53
53
62
53_74_81
52_62_80
80
81
81
83
52_62_83
52_62_83
83
84
84
86
52_62_86
57_64_84_86
84_86
83
83
81
57_64
56_64_76
81
76
83
83
86
56_64_86
57_64_84_86
84_86
83
83
81
57_64
56_64_76
81
76
83
83
86
56_64_86
57_64_84
84
83
83
81
57_64
60_64
81
81
81
79
60_64_79
50_62_79
79
78
78
79
50_62_79
54_62_81
81
83
83
84
54_62_84
55_62_83_84
83_84
81
81
79
55_62
54_62_74
79
74
81
81
84
54_62_84
55_62_83_84
83_84
81
81
79
55_62
54_62_74
79
74
81
81
84
54_62_84
55_62_83
83
81
81
79
55_62
59_62
79
79
79
78
59_62_78
60_64_76
76
78
78
79
60_64_79
57_84
84
81
81
79
57_79
50_62_78
78
79
79
81
50_62
59_62
81
79
79
78
59_62_78
60_64_76
76
78
78
79
60_64_79
57_84
84
81
81
79
57_79
50_62_78
78
76
76
74
74
50_62
47_81
79
81
81
79
47
43_79
81
81
79
79
81
43
47_81
79
79
81
81
79
47
48_79
81
81
79
79
81
48
45_81
79
79
81
81
79
45
48_79
81
81
79
79
81
48
50_81
79
79
81
81
79
50
47_79
81
81
79
79
81
47
50_81
79
79
81
81
79
50
52_79
81
81
79
79
81
52
48_81
79
79
81
81
79
48
52_79
81
81
79
79
81
52
54_81
79
83
81
84
83
54
50
50
54
54_84
55_83
83
86
55_86
47_79
47_79
48_81
81
79
48_79
50_78
50_78
43_79
74
79
74
79
43_79
47_81
79
81
81
79
47
43_79
81
81
79
79
81
43
47_81
79
79
81
81
79
47
48_79
81
81
79
79
81
48
45_81
79
79
81
81
79
45
48_79
81
81
79
79
81
48
50_81
79
79
81
81
79
50
47_79
81
81
79
79
81
47
50_81
79
79
81
81
79
50
52_79
81
81
79
79
81
52
48_81
79
79
81
81
79
48
52_79
81
81
79
79
81
52
54_81
79
83
81
84
83
54
50
50
54
54_84
55_83
83
86
55_86
47_79
47_79
48_81_83
81_83
79
48_79
50_78
50_78
55_79
79
83
55_83
47_86
47
48
86
81
48_81
50_78
50_78
55_79
79
83
55_83
47_86
47
48
86
81
48_81
50_78
50_78
43_79
74
79
74
71
71
67
43
62
67
62
59
59
55
55
50
50
47
47
43
43
