62
62
65
65
69
69
74
74
69
69
76
76
50_76
50
53
53_76
57_77
57
62
62_77
57_76
57
64
64_76
65
74
74
73
73
74
65_74
64_76
76
74
74
73
73
71
64_71
57_69
69
67
67
65
65
64
57_64
65
62
62
61
61
62
62_65
64_67
64
62
62
61
61
59
59_67
57_69
57
55
55
53
53
52
52_69
53
74
74
73
73
74
53_74
55_76
76
74
74
73
73
71
55_71
57_69
69
67
67
65
65
64
57_64
65
62
62
61
61
62
62_65
64_67
64
62
62
61
61
59
59_67
57_69
57
55
55
53
53
52
52_69
53
81
81
80
80
81
53_81
55_82
82
81
81
79
79
77
55_77
57_79
79
77
77
76
76
74
57_74
73
69
69
68
68
69
69_73
70_74
70
69
69
67
67
65
65_74
67_79
67
65
65
64
64
62
62_79
61
69
69
71
71
73
61_73
62_74
74
76
76
77
77
74
62_74
58_79
79
77
77
76
76
74
58_74
81
57
57
59
59
61
61_81
62
62
64
64
65_77
65
62
62_77
67_76
67
69
69_76
70_74
70
67
67_74
69_73
73
81
81
79
79
77
69_77
57_76
76
74
74
73
73
71
57_71
61_69
69
67
67
65
65
64
61_64
50_65
50
62
62
60
60
58
58
57
57
55
55
53
53
52
52_65
50_74
50
48
48
47
47
45
45
44
74
76
76
74
74
72
44_72
40_71
71
69
69
68
68
66
40_66
44_64
64
62
62
60
60
59
44_59
45_60
45
48
48_60
47_62
47
50
50_62
48_64
48
52
52_64
50_66
50
54
54_66
52_68
52
56
56_68
54_69
54
57
57_69
56_71
56
59
59_71
57_72
57
60
60_72
59_74
59
62
62_74
56_71
56
59
59_71
57_72
57
60
60_72
50_74
50
62
62_74
52
76
52_76
64_74
74
76
64_76
62_77
77
74
62_74
71_72
72
74
71_74
60_76
76
72
60_72
69_71
71
72
69_72
59_74
74
74
59_74
68_72
72
74
68_74
60_76
76
72
60_72
69_71
71
72
69_72
59_74
74
71
59_71
68_69
69
71
68_71
57_72
57
64
64_72
62_72
62
64
64_72
65_74
65
62
62_74
60_71
60
62
62_71
64_72
64
60
60_72
59_69
59
60
60_69
62_71
62
62
62_71
60_71
60
62
62_71
64_72
64
60
60_72
59_69
59
60
60_69
62_71
62
59
59_71
57_68
57
59
59_68
60_69
60
59
59_69
57_71
57
56
56_71
57_72
57
55
55
53
53
52
52_72
53_76
76
74
74
76
76
74
74
76
76
74
74
72
72
74
53_74
76
40
40
42
42
44
44_76
45
45
47
47
48_76
48
50
50_76
52_74
52
54
54_74
56_71
56
52
52_71
57_74
74
72
57_72
59_74
74
72
59_72
60_74
74
72
60_72
62_74
74
72
62_72
64_71
64
66
66_71
68_74
68
64
64
69
72_74
72
74
74
72
69_72
57_74
74
72
72
74
74
72
57_72
71
40
40
42
42
44
44_71
45
45
47
47
48_76
48
50
50_76
52_74
52
54
54_74
56_71
56
52
52_71
57_74
74
72
57_72
59_74
74
72
59_72
60_74
74
72
60_72
62_74
74
72
62_72
64_71
64
66
66_71
68_74
68
64
64
69
72_74
72
74
74
72
69_72
57_74
74
72
72
74
74
72
57_72
52_71
52
56
56
54
54
57
57_71
56
56
59
59
57_72
57
60
60_72
59_74
59
62
62_74
60_76
60
64
64_76
50_77
50
53
53_77
52_68
52
56
56_68
54_69
54
57
57_69
56_71
56
59
59_71
57_72
57
60
60_72
59_74
59
62
62_74
48_76
76
64
64
66
66
68
68
57_69
69
71
71
72
72
74
48_57_74
48_76
67
67
65
65
64
48_64
50_57_59_65
76
74
74
72
72
71
65
50_57_59_71
52_57_60_72
72
74
74
76
76
74
52_57_60_74
52_59_72
72
71
71
69
69
68
52_59_68
86
86
83
83
80
80
77
50_57_59_62
77
68_71
50_57_59_62
52_57_59_62
68_71
69_72
69_72
86
86
52_57_59_62_83
83
80
80
77
53_57_59_62
77
68_71
53_57_59_62
52_57_59_62
68_71
69_72
69_72
86
86
52_57_59_62_83
83
80
80
77
50_57_59_62
77
68_71
50_57_59_62
52_57_59_62
68_71
69_72
52_57_59_62_69_72
53_62_74
74
77
53_77
50_76
76
74
50_62_74
52_57_60_72
72
74
74
76
76
74
52_57_60_74
52_59_72
72
71
71
69
69
68
52_59_68
48_57_69
69
72
72
71
71
69
48_57_69
50_57_59_77
77
77
77
76
76
74
50_57_59_74
52_59_72
72
71
71
69
69
68
52_59_68
48_57_69
69
72
72
71
71
69
48_57_69
50_57_59_77
77
77
77
76
76
74
50_57_59_74
52_59_72
72
71
71
69
69
68
52_59_68
36_48_69
69
72
72
71
71
69
36_48_69
38_50_81
81
81
81
79
79
77
38_50_77
40_52_76
76
74
74
72
72
71
40_52_71
45_69
81
69
81
79
79
81
45_81
82
82
79
79
81
81
77
77
79
79
76
76
77
77
74
74
76
76
73
73
74
74
71
71
73
69
73
74
69
69
74
76
69
69
76
69
77
69
77
76
69
69
69
67
67
69
69
70
70
67
67_76
69_74
69
65
65_74
67_73
67
64
64_73
65_74
65
62
62_74
64_76
64
61
61_76
62_77
62
59
59_77
61_79
61
57
57_79
62_77
62
57
57_77
64_76
64
57
57_76
65_74
65
57
64
74
76
76
73
73
74
74
76
57_64
57
57
62
62
64
64
65
76
69
69
74
74
76
76
77
65
57
57
64
64
65
65
67
77
69
69
76
76
77
77
79
67
57
57
65
65
67
67
69
69_79
69
77
77
79
79
81
69
67
67
65
65
64_81
64
62_86
62
60
60
58
58
57
57
55
86
84
84
82
82
81
55_81
58_79
79
77
77
76
76
74
58_74
60_72
72
70
70
69
69
67
60_67
53_65
72
65
72
74
74
76
53_76
57_77
69
69
70
70
72
57_72
59_65
77
77
65
77
76
76
74
59_74
60_76
60
55
55
57
57
59
76
59
60_79
60
52
52
53
53
55
79
55
48_84
48
57
57
55
55
54
54_84
55_82
82
74
74
76
76
78
55_78
58_79
70
70
72
72
74
58_74
61_67
79
79
67
79
77
77
76
61_76
62_77
62
57
57
59
59
61
77
61
62_81
62
53
53
55
55
57
81
57
50_86
50
58
58
57
57
56
56_86
57_85
85
82
82
81
81
79
57_79
45_81
81
79
79
77
77
76
45_76
57_77
77
76
76
74
74
73
73
74
74
77
57
77
62_76
76
74
62_74
55_82
82
81
81
79
79
77
77
43_76
76
74
74
73
73
70
43_55_70
69
45
45
47
47
49
49_69
50
50
52
52
53_81
53
55
55_81
57_79
57
59
59_79
61_76
61
57
57_76
62_79
79
77
62_77
64_79
79
77
64_77
65_79
79
77
65_77
67_79
79
77
67_77
69_76
69
71
71_76
73_79
73
69
69_79
74_79
79
77
77
79
79
77
74_77
62_79
79
77
77
79
79
77
62_77
76
45
45
47
47
49
49_76
50
50
52
52
53_81
53
55
55_81
57_79
57
59
59_79
61_76
61
57
57_76
62_79
79
77
62_77
64_79
79
77
64_77
65_79
79
77
65_77
67_79
79
77
67_77
69_76
69
71
71_76
73_79
73
69
69_79
74_79
79
77
77
79
79
77
74_77
62_79
79
77
77
79
79
77
62_77
45_76
45
49
49
47
47
50
50_76
49
49
52
52
50_77
50
53
53_77
52_79
52
55
55_79
53_81
53
57
57_81
55_82
55
58
58_82
57_73
57
61
61_73
59_74
59
62
62_74
61_76
61
64
64_76
62_77
62
65
65_77
64_79
64
67
67_79
53_81
69
81
69
71
71
73
73
62_74
65
74
65
67
67
69
53_62_69
53_62
72
62
72
70
70
69
53_69
55_70
70
74
74
72
72
70
55_70
57_69
69
67
67
65
65
64
64
45_65
65
64
57_64
62
62
61
45_61
38_62
38
40
40
41
41
43
43_62
45
45
47
47
49_76
49
45
45_76
50_79
79
77
50_77
52_76
52_76
53_74
53
55
55
57
57
59
74
59
61_76
61
57
57_76
62_79
79
77
62_77
64_76
64_76
65_74
65
67
67
69
69
71
74
71
73_76
73
69
69_76
74_77
74_77
74
77
77
81
81
74_86
86
82
82
81
81
79
79
81
81
79
79
77
77
76
76
38_79
79
77
38_77
40_76
40_76
41_74
41
43
43
45
45
47
74
47
49_76
49
45
45_76
50_79
79
77
50_77
52_76
52_76
53_74
53
55
55
57
57
59
74
59
61_76
61
57
57_76
62_79
79
77
62_77
64_76
64_76
65_74
65
67
67
69
69
71
71_74
73_76
73
69
69_76
74_77
74_77
74
77
77
81
81
86
74
72
72
70
70
69
69
67
86
82
82
81
81
79
67_79
65_81
81
82
65_82
67_81
81
79
67_79
69_81
81
79
79
77
77
76
76
57_77
77
76
76
74
74
73
57_69_73
86
86
82
82
79
79
76
43_50_52_55
76
73_76
43_50_52_55
45_50_52_55
73_76
74_77
74_77
86
86
45_50_52_55_82
82
79
79
76
46_50_52_55
76
73_76
46_50_52_55
45_50_52_55
73_76
74_77
74_77
86
86
45_50_52_55_82
82
79
79
76
43_50_52_55
76
73_76
43_50_52_55
45_50_52_55
73_76
74_77
45_50_52_55_74_77
46_55_81
81
82
46_82
43_81
81
79
43_55_79
45_50_53_81
81
79
79
77
77
76
45_50_53_76
45_50_52_55_77
77
76
76
74
74
73
45_50_52_55_73
53_57_62_74
74
77
77
76
76
74
53_57_62_74
55_62_64_82
82
82
82
81
81
79
55_62_64_79
57_64_77
77
76
76
74
74
73
57_64_73
53_57_62_74
74
77
77
76
76
74
53_57_62_74
55_62_64_82
82
82
82
81
81
79
55_62_64_79
57_64_77
77
76
76
74
74
73
57_64_73
53_57_62_74
74
77
77
76
76
74
53_57_62_74
55_62_64_86
86
86
86
84
84
82
55_62_64_82
57_64_81
81
79
79
77
77
76
57_64
76
41_53_74
74
74
74
72
72
70
41_53_70
43_55_69
69
67
67
65
65
64
43_55_64
45_57_65
65
64
64
62
62
61
45_57_61
38_50_61
62
61
62
38_50
