71
71
76
76
72
72
71
71
69
69
67
67
66
66
67
59
59
64
64_67
60_69
60_69
59_71
59
57
57
55
55
54
54
55
71
71
71
76
76
71
55_71
57_72
72
67
67
69
69
66
57_66
59_67
67
64
64
71
71
63
59_63
55_64
71
64
71
76
76
71
55_71
57_72
72
67
67
69
69
66
57_66
59_67
67
64
64
71
71
63
59_63
52_64
52
59
59_64
64
64
59
59
60
60
55
55
57_69
57
54
54_69
55_71
55
52
52_71
59_66
59
51
51_66
52_67
52
59
59
64
64
59
59_67
60
60
55
55
57_69
57
54
54_69
55_71
55
52
52_71
59_66
59
51
51_66
52
67
67
66
66
67
52_67
60_69
69
66
66
67
67
64
60_64
57_66
66
63
63
64
64
61
57
61
63
47
47_63
51_66
51
47
47_66
52_67
52
47
47_67
54_69
54
47
47_69
55_71
55
47
47_71
57_64
57
47
64
63
47
59
59_63
63_66
63
59
59_66
64_67
64
59
59_67
66_69
66
59
59_69
67_71
67
59
59_71
69_72
69
59
59_72
71_75
71_75
71
73
73
75
71_75
67_76
76
71
71
78
78
71
67_71
64_79
79
75
75
73
73
71
64_71
57_72
72
72
72
74
74
76
57_76
69_78
78
72
72
79
79
72
69_72
66_81
81
72
72
71
71
69
66_69
55_71
71
67
67
71
71
74
74
76
55
64
64
60
60
57
57
54
76
74
74
72
72
69
54_69
55
62
62
67
67
71
71
76
55
64
64
60
60
57
57
54
76
74
74
72
72
69
54_69
55
67
67
71
71
74
74
83
55
71
71
67
67
64
64
61
83
81
81
79
79
76
61_76
62
69
69
74
74
78
78
83
62
71
71
67
67
64
64
61
83
81
81
79
79
76
61_76
62_78
78
81
62_81
62_79
79
78
62_78
64_76
76
74
64_74
66_73
73
71
66_71
67_70
70
73
73
55_71
71
74
67
74
70_73
55
54
54
61
61
64
64
67
70_73
74
74
76
76
74
74
73
73
74
67_74
66_71
71
74
66_74
70_73
54
54
61
61
64
64
67
70_73
74
74
76
76
74
74
73
73
74
67_74
66_71
71
74
66_74
70_73
54
54
61
61
64
64
67
70_73
74
74
76
76
74
74
73
73
74
67_74
66_71
71
74
74
73
66
64
73
64
62_78
62
61
61
62
78
76
76
74
74
73
73
74
71
74
62_71
61_73
70
73
61_70
62_71
78
71
78
83
83
78
62_78
64_79
79
76
64_76
66_78
78
74
66_74
67_76
76
73
73
74
74
71
67
71
70_73
54
54
61
61
64
64
67
70_73
74
74
76
76
74
74
73
73
74
67_74
66_71
71
74
66_74
70_73
54
54
61
61
64
64
67
70_73
74
74
76
76
74
74
73
73
74
67_74
66_71
71
74
66_74
70_73
54
54
61
61
64
64
67
70_73
74
74
76
76
74
74
73
73
74
67_74
66_71
71
74
74
73
66
64
73
64
62_78
62
61
61
62
78
76
76
74
74
73
73
74
71
74
62_71
61_73
70
73
61_70
62_71
78
78
83
83
71_78
62_78
64_79
79
76
76
78
78
73
64_73
66_74
74
71
71
78
78
70
66_70
47_59_71
71
66
66
67
67
66
47_59_66
52_55_59_67
67
64
64
66
66
61
52_55_59_61
42_54_62
62
59
59
66
66
58
42_54_58
47_58
58
59
59
47
60
60
59
59
57
57
55
55
54
54
47
83
83
78
78
83
83
75
75
78
78
71
71
75
75
66
66
71
71
63
63
66
59
66
71
71
66
66
71
71
63
63
66
59_66
59
59
63
63
54
54
59
59
51
51
54
47
54
47
71
71
73
73
71
71
75
75
71
47_71
59_69_78
78
71
69_71
67_76
76
71
67_71
66_75
75
71
66_71
64_79
79
71
64_71
69_78
78
71
69_71
67_76
76
71
67_71
66_75
75
71
66_71
64_79
79
71
64_71
69_78
78
71
69_71
67_76
76
71
67_71
66_75
75
71
66_71
64_79
79
71
64_71
69_78
78
71
69_71
67_76
76
71
67_71
66_75
75
71
59_66_71
64_84
84
76
76
74_83
83
76
74_76
72_81
81
76
72_76
71_80
80
76
71_76
69_84
84
76
69_76
74_83
83
76
74_76
72_81
81
76
72_76
71_80
80
76
71_76
69_84
84
76
69_76
74_83
83
76
74_76
72_81
81
76
72_76
71_80
80
76
64_71_76
69_81
69
72
72
65
65
69
69
62
62
65
81
65
59_77
59
62
62_77
56_76
56
59
59_76
57_74
57
56
56_74
60_76
60
64
64
57
57
60
60
53
53
57
76
57
50_72
50
53
53_72
47_71
47
50
50_71
48_69
48
47
47_69
40_68
65
68
65
68
68
71
40_71
77
65
65
62
62
59
59
56
77
76
76
74
74
71
56_71
57
65
65
68
68
71
57_71
77
65
65
62
62
59
59
56
77
76
76
74
74
71
56_71
57
72
72
75
75
78
57_78
84
72
72
69
69
66
66
63
84
83
83
81
81
78
63_78
64
72
72
75
75
78
64_78
84
72
72
69
69
66
66
63
84
83
83
81
81
78
63_78
64_79
79
76
64_76
66_81
81
78
66_78
67_83
83
79
67_79
69_78
78
76
69_76
71_75
75
78
71_78
72_76
76
79
72_79
78
59
59
66
66
69
69
72
78
79
79
81
81
79
79
78
78
79
72_79
71_76
76
79
71_79
75_78
59
59
66
66
69
69
72
75_78
79
79
81
81
79
79
78
78
79
72_79
71_76
76
79
71_79
75_78
59
59
66
66
69
69
72
75_78
79
79
81
81
79
79
78
78
79
72_79
71_76
76
79
79
78
71
69
69_78
67_83
67
66
66
67
83
81
81
79
79
78
78
79
79
76
67_76
66_78
78
75
66_75
55_67_76
76
71
71
72
72
69
55_67_69
57_71
71
66
57_66
59_67
67
64
59_64
60_63
63
66
66
64
64
67
60_67
63_66
47
47
54
54
57
57
60
63_66
67
67
69
69
67
67
66
66
67
60_67
59_64
64
67
59_67
63_66
47
47
54
54
57
57
60
63_66
67
67
69
69
67
67
66
66
67
60_67
59_64
64
67
59_67
63_66
47
47
54
54
57
57
60
63_66
67
67
69
69
67
67
66
66
67
60_67
59_64
64
67
67
66
59
57
57_66
55_71
55
54
54
55
71
69
69
67
67
66
66
67
67
64
55_64
54_66
66
63
54_63
55_64
64
71
71
76
76
71
55_71
57_72
72
69
69
81
81
78
57_78
59_79
79
76
76
83
83
75
59_75
52_55_59_76
76
71
71
76
76
71
52_55_59_71
45_52_57_72
72
69
69
71
71
66
45_52_57_66
47_54_57_67
67
64
64
71
71
63
47_54_57_63
40_52_64
64
59
59
64
64
59
40_52_59
45_48_52_60
60
57
57
59
59
54
45_48_52_54
35_42_47_55
55
52
52
59
59
51
35_42_47_51
40_51
51
52
40_52
