57_69
57
57_73
69
57
57
73_78
76
78
57
57
76
74
73
74
57
50_71
73
78
71
50
50
78
76
50
50_74
76
76
74
74
76
73
74
73
50
50_71
69
71
50
50_59_68
69
76
68
50_59
49_57
76
73
49_57
49_57_68
73
69
68
49_57
49_57_63
69
64
63
64
49_57
50_57_66
68
66
69
68
68
69
50_57
50_57_71
68
73
71
74
73
73
74
50_57
52_59_81
73
80
81
83
80
81
83
52_59
52_59_80
81
78
80
76
78
74
76
52_59
45
73
74
71
73
69
71
69
45
57
73
57
57
75
73
57
57_64
75
76
73
76
57_64
56_64_70
73
71
70
75
71
56_64
56_64
75
76
73
76
56_64
54_57_68
73
69
68
75
69
54_57
54_57
75
76
73
76
54_57
52_57
69
73
73
69
52_57
52_57
73
81
73
81
52_57
51_57_59_76
73
75
76
78
75
76
78
51_57_59
51_57_59_75
76
73
75
71
73
69
71
51_57_59
52_59_68
69
66
68
64
66
64
52_59
52_59
76
52_59
48_59
72
64
72
48_59
48_57
76
64
76
48_57
43_55
71
64
71
43_55
43_55
76
64
76
43_55
45_52_57
72
66
72
45_52_57
45_52_57
76
66
76
45_52_57
46_52_54
73
66
73
46_52_54
46_52_54
76
66
76
46_52_54
47_54
75
76
80
75
78
80
47_54
47_54_59
78
75
71
75
69
71
47_54_59
52_59
69
68
76
68
75
76
52_59
45_57
75
73
71
73
69
71
45_57
47_59
69
68
66
68
64
66
47_59
47_59_68
64
66_68
66_68
66_68
66_68
66_68
64_66
66
64
47_59
48_59_64
66
71
64
69
71
68
69
48_59
48_57
68
69
68
69
69
68
48_57
51_59
69
73
71
73
70
71
51_59
51_59
70
71
70
71
71
70
71
51_59
52_59_81
80
81
78
80
76
78
52_59
45_57_72
76
73
72
76
73
64
76
45_57_64
47_59_64_68
68
47_59_64
47_54_57_59_63_68
66_68
66_68
66_68
66_68
66_68
64_66
64_66
47_54_57_59_63
52_64_66
64
52
47
59_71
47
59_71
55_73
71_73
71_73
71_73
71_73
71_73
71_73
71_73
55
52_71_73
71_73
71_73
71_73
71_73
74
73
52
50_71
74
83
71
50
50_59_83
81
80
81
78
80
50_59
49_59
78
77
80
77
74
80
49_59
49_59
74
73
73
73
71
73
49_59
49_55
71
70
73
70
76
73
49_55
49_55_79
76
67
79
73
67
76
73
49_55
47_55_79
76
67
79
73
67
76
73
47_55
47_55_79
76
67
79
73
67
76
73
47_55
45_55_79
76
67_79
73
67
76
73
45_55
45_55_79
76
77
79
77
77
76
77
45_55
45_53_57_74
76
65
74
69
65
74
69
45_53_57
45_57_77
74
76
77
76
76
74
76
45_57
47_56
74
65
71
65
74
71
47_56
47_56_77
74
76
77
76
76
74
76
74
47_56
49_55_57_67
73
67
76
73
79
76
49_55_57
49_55_57
77
79
77
77
76
77
76
49_55_57
50_57_80
81
80
77
81
74
77
50_57
50_57
74
72
72
72
71
72
71
50_57
51_57_59_80
81
80
71
81
72
71
51_57_59
51_57_59
72
75
76
75
69
76
51_57_59
52_59
69
66
68
66
69
68
52_59
52_59_71
69
73
71
73
73
74
73
52_59
45_57
74
71
73
71
74
73
45_57_74
45_57_74
75
74
75
75
76
75
45_57
50_57
76
73
74
73
76
74
50_57_76
50_57_76
77
76
77
77
78
77
78
50_57
50_57_86
85
86
83
85
81
83
50_57
50_62_78
81
83
78
80
83
80
74
74
50_62
52_57_61_69
71
69
69
71
68
69
69
68
52_57_61
52_59_73
69
71
73
73
71
71
73
73
71
71
73
69
71
68
69
52_59
54_57_69
68
69
76
74
76
73
74
54_57
54_57
73
74
73
74
74
73
54_57
56_59
74
78
76
78
75
76
56_59
56_59
75
76
75
76
76
75
56_59
57
76
86
85
86
85
81
57
81
50_62_77
77
78
78
83
83
81
50_62
81
52_57_61_69
71
69
69
71
68_69
69
68
69_71
52_57_61
52_59_73
71
71
73
71_73
71
73
71_73
71
73
71_73
71
73
52_59
69
71
69_71
45_69
71
45_69
