84
79
84
79
77
76
77
77
76
76
77
77
76
76
77
77
76
76
77
79
76
79
76
76
72
72
67
67
67
67
69
69
71
71
72
72
74
74
76
76
77
77
79
79
76
76
77
77
74
74
74
74
76
76
72_76
72_76
67_74
67
74
64_72
72
71
64_71
64_72
72
74
64_74
67_72
67_72
64_74
64
74
60_76
76
74
60_74
55_76
76
77
55_77
55_79
55
57
57
59
59
60
60
62
62
64
64
65
65
67
67
64
64_79
65_71
65
62
62_71
64_72
72
71
71
72
72
74
74
76
64
67
76
67
64_67
64
60
60_67
53_69
69
67
67
69
69
72
72
77
53
65
65_77
62_69
62
59
59_69
52_67
67
65
65
67
67
72
72
76
52
64
64_76
60_67
60
57
57_67
50_65
65
64
64
65
65
71
71
74
50
62
62_74
59_65
59
55
55_65
60_64
60
55
55_64
52
67
52
48
48
67
36_72
76
72
36
76
76
76
60_69_76
60_69_76
60_69_76
60_69_76
60_69_77
77
79
79
77_79
77_79
60_69_76
76
62_69_74
62_69
62_69
62_69_74
62_69_74
74
74
62_69
74
63_69_71
63_69_71
63_69_74
72
74
74
72
72
74
63_69
63_69_74
72
72
74
74
72
72
74
63_69
64_69
69
69
68
69
66
68
72
64_66
64_71
71
76
64
76
76
61_67
61_67
61_67
61_67_76
61_67_77
77
79
79
77_79
77_79
61_67_76
76
62_69_74
62_69
62_69
62_69_74
62_69_74
74
74
62_69
74
55_62_64_72
55_62_64_72
55_62_64_72
70
72
72
70
70
72
55_62_64
55_62_64_72
70
70
72
72
70
70
72
55_62_64
57
69_70
45
69
69
57
45
69
81
65
65_81
60_81
60
57
57_81
53_81
53
48
48_81
45_81
45
41
41_81
46_58_84
82
84
84
82
82
84
84
82
82
84
81
82
81
82
46_58_82
74
74
83
67
67_83
62_83
62
59
59_83
55_83
55
50
50_83
47_83
47
43
43_83
48_60_86
84
86
86
84
84
86
86
84
84
86
83
84
83
84
48_60_84
76
76
76
76
72_76
72_76
72_76
72_76
72_76
72_76
71_76_78
71_76
71_75
78
79
81
79
71_75
64_76_79
81
76_79
76
64
77
76_77
71_74_77
71_74_77
71_74_77
71_74_77
71_74_77
71_74_77
71_74_77_80
71_74_77
71_74_77
80
81
83
81
71_74_77
69_73_76_81
83
76_81
81
69_73
81
81
81
69_73_76_81
69_73_76_81
69_73_76_81
69_73_76_81
69_73_76_81
69_73_76_81
67_70_74_82
82
81
67_70_74_81
67_70_74_79
67_70_74
69_73
79
69_73
69_73_79
69_73_79
69_73_79
69_73_79
69_73_76
69_73_76
69_74_79
77
79
79
77
77
79
69_74
69_74_79
77
77
79
79
77
77
79
69_74
69_74
74
74_76_77
73
74
71
73
69_71
69
76
81
69
81
81
81
66_72_81
66_72_81
66_72_81
66_72
66_72
81
82
84
82
82_84
66_72_84
82
82
84
67_74_84
82
82
84
81
82
67_74_81
67_74_79
67_74_79
67_74_79
79
79
67_74
79
60_67_69_77
60_67_69
60_67_69
75_77
77
75
75
77
60_67_69
60_67_69_77
75
75
77
77
75
75
77
60_67_69
50_62_74
75
86
74_86
78
78
74
50_62_74
50_76
84
76_84
76
76
72
50_72
50_74
83
74_83
74
74
71
50_71
50_72
81
72_81
72
72
69
50_69
50_71
79
71_79
71
71
67
50_67
50_78
78
74
74
76
76
73
73
74
50_74
74
74
66_86
66
62
62
64
72
64
72_86
64_84
60
64
60
62
71
62
71_84
62_83
59
62
59
60
69
60
69_83
60_81
57
60
57
59
67
59
67_81
59_79
55
59
55
57
57_79
67_81
67_81
66_69
66_69
62_72
62_72
67_71
71
74
74
72
72
71
67_71
60_69
69
67
67
66
66
67
67
66
60
62
66
54_74
62
54
50
50
52
74
60_71
52
60_71
52_72
48
52
48
50
72
59_69
50
59_69
50_71
47
50
47
48
71
57_67
48
57_67
48_69
45
48
45
47
69
55_66
47
55_66
47_67
43
47
43
45
67
55_67
45
55_67
54_69
54_69
50_72
50_72
55_71
71
67
55_67
48_72
72
69
48_69
50_71
71
67
67
38_69
69
66
38_50_66
67
43
43
47
47
50
67
50
55_79
55
59
59
62
62
67
67
36
79
76
76
74
74
72
36_72
38_71
71
69
69
67
67
66
38_66
67
43
43
47
47
50
67
50
55_79
55
59
59
62
62
67
67
36
79
76
76
74
74
72
36_72
38_71
71
69
69
67
67
66
38
43_67
66
79
67
79
75
75
76
43
76
73
73
74
74
71
71
72
72
69
69
76
76
48_74
74
72
48_72
50_71
71
69
69
38_67
67
66
38_50
43
66
67
67
63
63
64
64
61
43
61
62
62
59
59
60
60
57
57
64
64
48_62
62
60
48_60
50_59
59
57
57
38_55
55
54
38_50_54
43_55
55
79
43
79
74
74
72
71
72
72
71
71
72
72
71
71
72
69
71
69
67_71
67_71
62_72
62_72
59_74
74
72
72
71
71
69
69
67
59
57
67
57
55_74
55
53
53_74
52_79
79
74
74
76
76
71
52_71
69_72
69
67
67
65
65
64
64_72
62_77
77
72
72
74
74
69
62_69
67_71
67
65
65
64
64
62
71
62
60_76
76
71
71
72
72
68
60_68
65_69
65
64
64
62
62
60
69
60
59_74
74
72
72
71
71
69
59_69
64_68
64
62
62
60
68
60
59
57_59_72
72
76
76
74
74
72
57_72
50_71
71
69
69
68
68
69
50
69
68
76
68_76
52_59_68
64
64_68
65
52_59_74
65_74
50_57_65
62
62_65
68
50_57
76
68_76
52_59_68
64
64_68
65
52_59_74
65_74
50_57_65
62
50_57_65
56_71
62
64
56
64
56
52
56
52
53
62
53
62_71
53_71
50
53
50
56
64
56
64_71
56_71
52
56
52
53
62
53
62_71
53_71
50
53
50
52
71
74
74
73
73
74
74
64_76
76
74
52
74
73
73
74
64_74
73
81
73_81
57_64_73
69
69_73
70
57_64_79
70_79
55_62_70
67
67_70
73
55_62
81
73_81
57_64_73
69
69_73
70
57_64_79
70_79
55_62_70
67
55_62_67_70
61_76
69
61
69
61
57
61
57
58
67
58
67_76
58_76
55
58
55
61
69
61
69_76
61_76
57
61
57
58
67
58
67_76
58_76
55
58
55
57
76
79
79
77
77
79
79
69_81
81
79
57
79
77
77
76
69
76_77
86
77
86
50_62_77
74
77
74
75
50_62_84
75
84
45_57_75
72
75
72
74
45_57_82
74
82
46_58_74
70
74
70
72
46_58_81
72
81
41_53_72
69
72
69
70
41_53_79
70
79
43_55_70
67
70
67
68
43_55_77
68
77
38_50_68
65
68
65
67
38_50_75
67
75
39_51_67
63
67
63
65
39_51_74
65
74
46_65
62
65
46_62
48_63
63
67
48_67
51_72
72
67
51_67
53_68
68
65
53_65
56_74
74
77
56_77
55
72
71
72
43
79
71
55
43
79
79
79
72_75_79
72_75_79
72_75_79
72_75_79
72_75_80
80
82
82
80_82
80_82
72_75_79
79
71_74_77
71_74
71_74
71_74_77
71_74_77
77
77
71_74
77
66_69_72_74
66_69_72_74
66_69_72_77
75
77
77
75
75
77
66_69_72
66_69_72_77
75
75
77
74
75
75
74
66_69_72
67_72
72
72_74_75
71
72
69
71
67_69
67
74
79
79
79
67
79
64_70_72_79
64_70_72_79
64_70_72_79
64_70_72
64_70_72
79
80
82
80
80_82
64_70_72_82
80
80
82
65_68_72_82
80
80
82
79
80
65_68_72_79
65_68_72_77
65_68_72_77
65_68_72_77
77
77
65_68_72
77
58_65_67_75
58_65_67_75
58_65_67_75
73
75
75
73
73
75
58_65_67
58_65_67_75
73
73
75
72
73
73
72
58_65_67
73
60_64_67_72
72
79
79
70
67_70
67
60_64_67
60_65_68
68
77
77
68
65_68
65
60_65
60_67_70
70
79
79
70
67_70
67
60_67
60_65_68
68
77
77
68
65_68
65
60_65
73
67
67
58
58
55
55
56
65
56
65_73
56_72
53
56
53
58
67
58
72
67
58_73
55
58
55
56
65
56
65_73
56_72
53
56
53
55
72
74
74
71
71
72
55
72
67_74
74
75
75
77
77
68
67_68
60_63_67
67
79
79
77
77
75
60_63_75
53_60_62_74
74
72
72
71
71
72
72
53_60_62
55_72
43
72
71
43
71
67
55
67
70
70
55_65_68
55_65_68
55_65_77
55_65_77
55_65_75
75
74
55_65_74
55_65_72
55_65_72
55_63_71
63
62
55_62_71
60_72
72
72
60
72
75
75
60_70_73
60_70_73
60_70_84
84
82
60_70_82
60_70_80
80
79
60_70_79
60_70_77
60_70_77
60_68_76
68
67
60_67_76
65_77
77
79
65
79
82
80
82
82
80
80
82
65_68_72_82
80
80
82
82
80
80
82
65_68_72
65_68_72_82
80
80
82
82
80
80
82
65_68_72
65_68_72_79
80
79
77
65_68_72_77
65_67_71_84
83
84
84
83
83
84
65_67_71
65_67_71_84
83
83
84
81
83
83
81
65_67_71
63_67_72_84
83
84
79
63_67
79
82
82
80
72_80
65_79
79
77
65_77
67_75
75
74
55_72_74
67
72
71
55
71
76
84
76
84
72_76
72
72
76
74
83
74
83
67_72_74
71
74
71
72
81
72
67_81
69_72
69
69
72
71
79
71
79
64_69_71
67
71
67
69
77
69
64_77
65_69
65
65
69
67
76
67
65_76
60_67
64
67
64
74
60
67
67_74
59_79
59
55
55
57
57_79
65_76
65_76
57_77
57
53
53
55
55_77
64_74
64_74
55_76
55
52
52
53
53_76
62_72
62_72
53_74
53
50
50
52
52_74
60_71
60_71
52_72
52
48
48
50
72
77
50_77
59_76
76
74
59_74
60_76
76
72
60_72
53_60_74
74
69
53_60_69
55_60_64_72
60_64
62
71_72
72
71
71
72
55_62
72
71
48
48
52
52
55
72
55
60_84
60
64
64
67
67
72
72
41
84
81
81
79
79
77
41_77
43_76
76
74
74
72
72
71
43_71
72
48
48
52
52
55
72
55
60_84
60
64
64
67
67
72
72
41
84
81
81
79
79
77
41_77
43_76
76
74
74
72
72
71
43_71
48_72
84
72
84
80
80
48_81
81
78
78
79
79
76
76
77
77
74
74
81
81
53_79
79
77
53_77
55_76
76
74
74
43_72
72
71
43_55
48
71
72
72
68
68
69
48
69
66
66
67
67
64
64
65
65
62
62
69
69
53_67
67
65
53_65
55_64
64
62
62
43_60
60
59
43_55_59
36_48_60
36_48_60
