67
71
67
71
74
74
79
79
83
83
86
86
55_79
59
55
59
62
62
67
67
71
71
74
74
50
79
81
81
74
74
71
71
72
50
54
54
55
72
76
76
72
72
69
55_69
43_71
71
74
43_74
48_71
71
67
48_67
50_69
69
72
50_72
38_64
64
66
38_66
55_67
55
59
59
62
62
67
67
71_83
71
67
74
74
50
83
81
81
74
74
72
72
71
71
69
50_69
55_69
55_69
59_71
59
62
62
67
67_71
71_83
71
74
74
50
83
81
81
74
74
72
72
71
71
69
50_69
55_69
55_69
59_71
59
62
62
67
67_71
71_83
71
74
74
52
83
79
79
76
76
74
74
74
74
73
52_73
54_73
54_73
57_74
57
62
62
66
66_74
69_81
69
74
74
45
81
76
76
69
69
79
79
78
78
76
45_76
50_76
50_76
54_78
54
57
57
62
62_78
66_81
66
69
69
47
81
81
81
86
86
83
83
81
81
80
47_80
49_80
49_80
52_81
52
57
57
61
61
64
64
69
69
47
81
83
83
74
74
76
76
78
78
80
47_80
45_81
81
76
76
73
73
74
74
76
76
69
45
47
69
71
71
62
62
64
64
66
66
68
47_68
45_69
57
69
69
57
57
69
69
57
57
69
45
57
57_69
57
55
55
57
69
55
55
57
57_69
57
55
55
57
69
55
55
57
57_69
57
55
55
57
69
55
55
57
53_80
68
80
80
68
68
80
80
68
82
80
53
53_84
82
84
82
82
80
80
78
78
77
77
75
53_75
53_73
73
72
72
70
70
68
68
66
66
65
53_65
53_54_58_63
75
63
63
75
75
63
63
75
75
63
53_54_58
53_56_59_63
75
75
63
63
75
75
63
63
75
75
63
53_56_59
51_56_59_63
75
75
63
63
75
75
63
63
75
75
63
51_56_59
50_53_58_65
75
77
65
65
77
77
65
65
77
77
65
50_53_58
49_53_58_65
77
77
65
65
77
77
65
65
77
77
65
49_53_58
47_51_58_66
77
78
66
66
78
78
66
66
78
78
66
47_51_58
47_51_56_66
78
75
66
66
75
75
66
68
75
75
68
47_51_56
46_51_56_70
75
75
70
66
75
75
66
70
75
75
70
46_51_56
46_51_56_66
75
75
66
70
75
75
70
66
75
75
66
46_51_56
45_53_57_65
75
75
65
72
75
75
72
65
75
75
65
45_53_57
45_53_57_72
75
75
72
65
75
75
65
72
75
75
72
45_53_57
47_53_55_65
75
74
65
67
74
74
67
65
74
74
65
47_53_55
47_53_55_67
74
74
67
65
74
74
65
67
74
74
67
47_53_55
48_55_60_64
74
74
64
67
74
74
67
64
74
74
64
48_55_60
48_55_60_64
74
72
64
67
72
72
67
64
72
70
64
48_55_60
49_55_57_64
70
76
64
69
76
76
69
67
76
76
67
49_55_57
49_55_57_64
76
76
64
69
76
76
69
67
76
76
67
49_55_57
50_66
76
76
66
76
74
74
73
73
74
74
76
50_76
62_78
78
76
76
74
74
73
73
71
71
69
62_69
55_71
71
73
73
74
74
73
73
71
71
69
55_69
43_67
67
66
66
64
64
62
62
61
61
62
43_62
45_61
61
59
59
57
45
55
55
54
54
52
57
52
50
62
62
57
57
66
66
62
62
69
50_69
54_66
66
74
74
69
69
78
78
74
74
69
54_69
55_71
55_71
57_74
74
73
73
74
74
73
73
74
74
73
73
71
71
73
57
73
74
50
74
50
45
45
54
54
50
50
57
57
54
54
62
62
57
57
69
69
66
66
62
62
55_71
55_71
57_74
74
73
73
74
74
73
73
45_74
74
73
73
71
71
73
57
45_73
50_74
74
66
66
67
67
68
50
68
69
69
70
70
55_71
71
73
73
74
74
76
76
78
78
79
55_79
54_80
80
81
81
79
79
78
78
76
76
74
54_74
55_76
76
78
78
79
55_79
57_78
78
76
76
45_74
74
73
57
45_73
50_74
74
66
66
67
67
68
68
69
69
70
50
70
55_71
71
73
73
74
74
76
76
78
78
79
55_79
54_80
80
81
81
79
79
78
78
76
76
74
54_74
55_76
76
78
78
79
55_79
57_78
78
76
76
45_74
74
73
45
57
73
62_86
74
86
86
74
74
86
86
74
74
86
62
62_86
74
62
60
60
62_74
86
62
60
60
62_86
74
62
60
60
62_74
86
62
60
60
62_86
74
62
60
60
62_74
86
62
60
60
58_86
74
60_74
86
60
62_86
74
62
63_74
86
63
65_86
74
65
67_74
86
58_67
58_68_86
74
74
86
86
74
74
86
86
74
74
86
58_68
59_65_68_86
74
74
86
86
74
74
86
86
74
74
86
59_65_68
59_65_68_86
74
74
86
86
74
74
86
86
74
74
86
59_65_68
60_65_68_86
74
74
86
86
74
74
86
86
74
74
86
60_65_68
60_65_68_86
74
74
86
86
74
74
86
86
74
74
86
60_65_68
62_65_68_71_86
74
74
86
86
74
74
86
86
74
74
86
62_65_68_71
62_65_68_71_86
74
74
86
86
74
74
86
86
74
74
86
62_65_68_71
64_68_71_86
74
76
86
86
76
76
86
86
76
76
86
64_68_71
64_69_72_84_86
76
86
84
83
83
81
81
80
80
81
81
83
64_69_72_83
64_68_71_80
80
77
77
76
76
74
71
74
73
73
71
64_68_71
57_69_73
73
74
74
76
76
67
67
65
65
64
57_64_69
50_65
65
67
67
69
60
60
69
58
58
57
50_57
43_58
58
69
69
67
67
65
43_65
55_64
64
62
55_62
57_61
61
59
57
59
45_57
45
57
54
54
55
55
56
56
57
57
58
58
59
59
61
61
62
66
66
67
67
68
68
69
69
70
62_70
55_71
71
73
73
74
74
78
78
79
79
80
55_80
54_81
81
82
82
83
83
85
85
86
74
54_74
86
55_74
74
76
76
78
78
76
55_76
57_78
78
76
76
78
78
76
57_76
45_78
78
76
76
74
74
73
73
45
74
54
54
55_74
55
57
57
59
59
61
61
62
66
66
67
67
68
68
69
69
70
62_70
55_71
71
73
73
74
74
78
78
79
79
80
55_80
54_81
81
82
82
83
83
85
85
86
74
54_74
86
55_74
74
76
76
78
78
76
55_76
57_78
78
76
76
78
78
76
76
45_78
78
76
76
74
74
73
57
45_73
50_74
74
81
81
79
79
78
78
79
79
81
50
81
55_62_64_82
82
83
83
81
81
79
79
78
78
79
55_62_64_79
54_57_62_80
80
81
81
79
79
78
78
76
76
74
54_57_62_74
55_76
76
78
78
79
55_79
57_78
78
76
76
45_74
74
73
57
45_73
50_74
74
69
69
67
67
66
50
66
67
67
69
69
55_70
70
71
71
69
69
67
67
66
66
67
55_67
54_68
68
69
69
67
67
66
66
64
64
62
54_62
55_64
64
66
66
67
55_67
57_66
66
64
64
45_62
62
61
57
45_61
38_50_62
38_50_62
50_62
50
54
54
57
57
62
62
66
66
62
69
69
50_81
81
78
78
74
74
69
69
66
66
62
50_62
48_74
72_74
48
54_72_74
72_74
54
57_72_74
72_74
57
62_72_74
72_74
62
66_72_74
72_74
66
69_72_74
72_74
69
48_72_81
81
78
78
72
72
69
69
66
66
60
48_60
47_76
74_76
47
50_74_76
74_76
50
55_74_76
74_76
55
59_74_76
74_76
59
62_74_76
74_76
62
67_74_76
74_76
67
47_74_83
83
79
79
74
74
71
71
67
67
62
47_62
45_74
72_74
45
48_72_74
72_74
48
54_72_74
72_74
54
57_72_74
72_74
57
60_72_74
72_74
60
66_72_74
72_74
66
45_72_81
81
78
78
72
72
69
69
66
66
60
45_60
43_72
71_72
43
47_71_72
71_72
47
50_71_72
71_72
50
55_71_72
71_72
55
59_71_72
71_72
59
62_71_72
71_72
62
43_71
74
74
67
67
69
69
71
71
43_72
72
55_62_65_74
67
74
71
67
67
71
74
67
67
74
55_62_65
55_62_65_77
67
67
77
74
67
67
74
71
67
67
71
55_62_65
55_62_65_77
67
67
77
74
67
67
74
71
67
67
71
55_62_65
55_60_64_72
67
67
72
76
67
67
76
72
67
67
72
55_60_64
55_60_64_79
67
67
79
76
67
67
76
72
67
67
72
55_60_64
55_60_64_79
67
67
79
76
67
67
76
72
67
67
72
55_60_64
55_58_60_64_70
67
67
70
79
67
67
79
76
67
67
76
55_58_60_64
55_58_60_64_70
67
67
70
79
67
67
79
76
67
67
76
55_58_60_64
55_58_60_64_79
67
67
79
70
67
67
70
72
67
67
72
55_58_60_64
53_58_61_73
67
65
73
70
65
65
70
72
65
65
72
53_58_61
53_58_61_73
65
65
73
70
65
65
70
72
65
65
72
53_58_61
53_58_61_73
65
65
73
72
65
65
72
73
65
65
73
53_58_61
51_58_61_79
65
70
79
73
70
70
73
79
70
70
79
51_58_61
51_58_61_73
70
70
73
79
70
70
79
73
70
70
73
51_58_61
51_58_61_79
70
70
79
73
70
70
73
79
70
70
79
51_58_61
51_56_60_80
70
75
72
80
75
68
72
72
68
75
72
51_56_60
51_56_60_80
75
75
72
80
75
68
72
72
68
75
72
51_56_60
49_53_60_80
75
72
73
72
80
72
73
79
72
72
79
49_53_60
49_53_58_77
72
72
73
72
77
72
73
70
72
72
70
49_53_58
49_53_58_76
72
72
73
76
72
72
73
70
72
72
70
49_53_58
49_53_58_76
72
72
73
76
72
72
73
77
72
70
77
49_53_58
48_55_58_76
70
70
76
79
70
67
79
70
67
67
70
48_55_58
48_55_58_73
67
67
73
79
67
67
79
70
67
67
70
48_55_58
48_55_58_73
67
67
73
79
67
67
79
73
67
67
73
48_55_58
46_49_55_79
67
70
79
73
70
70
73
76
70
70
76
46_49_55
46_49_55_79
70
70
79
73
70
70
73
76
70
70
76
46_49_55
46_49_55_79
70
79
70
70
82
82
70
70
80
80
70
46_49_55_70
46_49_55_80
80
70
70
79
79
70
70
77
77
70
46_49_55_70
46_49_55_77
77
70
70
76
76
70
70
74
74
70
46_49_55_70
45_52_57
73
73
69
81
69
81
79
79
77
77
76
45
52_57
76
50_78
78
79
79
81
72
81
72
70
70
69
50_69
55_70
70
72
72
74
65
74
65
63
63
62
55_62
48_63
63
74
74
72
72
70
70
69
69
67
48_67
50_66
66
64
64
62
50
60_62
60
59
59
57
57
55
59
59
55
55
62
62
55
59
59
67
67
47_62
62
71
71
67
67
74
74
67
67
62
47_62
48_64
48_64
50_67
67
66
66
67
67
66
66
67
67
66
66
64
64
66
50
66
67
50
67
50
47
47
55
55
50
50
59
59
55
55
62
62
59
59
67
67
62
62
59
59
60_64
60_64
62_67
67
66
66
67
67
66
66
67
67
66
66
64
64
66
62_66
55_67
67
62
62
63
63
64
64
65
65
55_66
66
60_67
67
69
69
70
70
71
71
72
72
73
60_73
59_74
74
72
72
71
71
69
69
67
67
71
59_71
60_69
69
72
60_72
62_71
71
69
69
50_67
67
66
62
50_66
55_67
67
74
74
75
75
76
76
77
77
78
55_78
60_79
79
81
81
82
82
83
83
84
84
85
60_85
59_86
86
84
84
83
83
81
81
79
79
83
59_83
60_81
81
84
60_84
62_83
83
81
81
50_79
79
78
62
50_78
55_79
67
79
79
67
67
79
79
67
67
79
55
55_65_79
67
67
79
79
67
67
79
79
67
67
79
55_65
55_63_79
67
67
79
79
67
67
79
79
67
67
79
55_63
55_60_63_79
67
67
79
79
67
67
79
79
67
67
79
55_60_63
53_60_63_79
67
68
79
79
68
68
79
79
68
68
79
53_60_63
53_62_65_77
68
68
77
77
68
68
77
77
68
68
77
53_62_65
53_60_62_65_77
68
68
77
79
68
71
79
80
71
72
80
53_60_62_65
53_59_62_79
72
67
79
71
67
67
71
74
67
67
74
53_59_62
53_59_62_79
67
67
79
71
67
67
71
74
67
67
74
53_59_62
51_55_62_79
67
67
79
72
67
67
72
75
67
72
75
51_55_62
51_55_60_79
72
67
79
72
67
67
72
75
67
72
75
51_55_60
49_53_60_79
72
72
79
80
72
72
80
79
72
72
79
49_53_60
49_53_58_77
72
72
77
76
72
73
76
77
73
72
77
49_53_58
49_53_58_76
72
73
76
77
73
72
77
76
72
73
76
49_53_58
48_51_58_77
73
72
77
78
72
72
78
77
72
72
77
48_51_58
48_51_56_75
72
72
75
78
72
72
78
81
72
72
81
48_51_56
48_51_54_57_84
72
72
84
75
72
72
75
78
72
72
78
48_51_54_57
48_51_54_57_60_84
72
72
84
75
72
72
75
78
72
72
78
48_51_54_57_60
50_54_57_60_84
72
74
84
78
74
74
78
81
74
74
81
50_54_57_60
50_54_57_60_84
74
74
84
78
74
74
78
81
74
74
81
50_54_57_60
50_55_58_82
74
74
82
79
74
74
79
85
74
76
85
50_55_58
50_57_60_62_86
76
74
86
81
74
74
81
84
74
74
84
50_57_60_62
50_55_58_82
74
74
82
79
74
74
79
85
74
74
85
50_55_58
50_86
74
81
86
81
78
78
74
74
69
69
66
50
50_62_66
50_62
57
57
54
54
50
50
45
45
42
42
38
38
47
47
48
48
49
49
50
50
51
51
52
52
54
54
55
59
59
60
60
61
61
62
62
63
55_63
48_64
64
66
66
67
67
71
71
72
72
73
48_73
47_74
74
75
75
76
76
78
78
79
67
47
79
48
67
69
69
71
71
69
48_69
50_71
71
69
69
71
71
69
69
38_71
71
69
69
67
67
66
50
66
38
67
47
47
48_67
48
50
50
52
52
54
54
55
59
59
60
60
61
61
62
62
63
55_63
48_64
64
66
66
67
67
71
71
72
72
73
48_73
47_74
74
75
75
76
76
78
78
79
67
47
79
48
67
69
69
71
71
69
48_69
50_71
71
69
69
71
71
69
69
38_71
71
69
69
67
67
66
50
38_66
55_59_62_67
67
74
74
72
72
71
71
72
72
74
55_59_62_74
55_60_64_75
75
76
76
74
74
72
72
71
71
72
55_60_64_72
55_59_62_73
73
74
74
72
72
71
71
69
69
67
55_59_62_67
48_60_69
69
64
48_60_64
50_57_60_67
67
66
66
67
67
66
66
67
67
66
66
64
64
66
50_57_60_66
55_67
67
62_71
62_71
60_69
60_69
59_67
59_67
60_69
60_69
62_71
62_71
55_55_64_72
64_72
64_72
64_72
62_71
62_71
60_69
60_69
59_67
59_67
60_69
60_69
55_55_62_71
62_71
62_71
62_71
60_69
60_69
59_67
59_67
57_66
57_66
59_67
59_67
48_55_60_69
69
64
48_60_64
50_57_60_67
67
66
66
67
67
66
66
67
67
66
66
64
64
66
50_57_60_66
55_59_67
67
74
74
72
72
71
71
72
72
55_59_74
74
48_60_76
48_60_76
50_57_60_79
79
78
78
79
79
78
78
79
79
78
78
76
76
78
50_57_60_78
55_59_79
79
74
74
71
71
74
74
67
59_67
71
55
71
48_64
64
66
48_66
50_67
67
66
66
67
67
66
66
38_67
67
66
66
64
64
66
50
38
66
43_67
43_67
