70_77
70_77
69_77
69
67
77
79
67_79
65_70
65_70
63_69
63
62
69
70
62_70
60_65
65
63
63
65
65
63
60
58
63
65
65
63
63
65
58
57
65
63
63
62
62
63
57_63
58_62
62
70
58_70
60_69
69
72
60_72
62_70
70
74
62_74
63_72
72
79
63_79
65_77
77
75
75
53_74
74
72
65
53_72
58_62_74
74
77
58_62_77
60_63_69
69
70
60_63_70
62_65_72
72
74
62_65
63_67
74
79
63_67_79
63_67_71
71
72
63_67_72
63_67_74
74
75
63_67
65_69
75
84
65_69_84
67_70_77
77
75
67_70_75
69_74
74
72
69_72
58_62_74
74
77
58_62_77
60_63_69
69
70
60_63_70
62_65_72
72
74
62_65
63_67
74
79
63_67_79
63_67_71
71
72
63_67_72
63_67_74
74
75
63_67
65_69
75
84
65_69_84
67_70_77
77
75
67_70_75
69_74
74
72
69_72
70_74
74
75
75
77
70
77
70
70
69
69
67
67
67
65
67
65_67
62
67
65
67
65
62
58
67
65
65_67
58
60
65_67
65_67
60
62
65_67
65
67
62
63
65
67
65_67
67
65
63
65_67
57
65_67
65_67
57
53
65_67
65_67
53
55
65_67
65
67
55
65_67
57
67
65
67
65
57
58
65
67
65_67
65_67
58
65_67
50
65
67
65
67
50
46
65
67
65_67
46
48
67
65
67
65
48
50
65_67
67
65
50
51
67
65
65
67
51
53
65
67
53_67
55_65
65
63
55_63
57_62
62
60
57_60
58_62
70
62
58
55
70
64
55_64
57_65
72
65
57
52
72
67
52_67
53_69
77
69
53
50
77
71
50_71
48_71
71
72
48
60
72
81
81
79
60
62
62
64
79
70
64_70
65_69
69
74
74
72
65
64
64
62_77
72
71
62_71
60_72
77
81
72_81
79
60
62
62
64
79
70
64_70
65_69
69
74
74
72
65
64
64
62_77
72
71
62_71
60_72
77
81
72_81
79
60
62
62
64
79
82
64_82
53_65_81
81
86
86
84
53_65
55
55
57
84
77
57_77
58_79
79
82
58_82
60_81
81
79
79
48_77
77
76
60
48_76
53_76
41
76
77
77
41
53
60
81
81
79
60
62
62
64
79
70
64_70
65_69
74
69
74
72
65
64
64
62_77
72
71
62_71
60_72
77
81
72_81
79
60
62
62
64
79
70
64_70
65_69
74
69
74
72
65
64
64
62_77
72
71
62_71
60_72
77
81
72_81
79
60
62
62
64
79
82
64_82
53_65_81
86
81
86
84
53_65
55
55
57
84
77
57_77
58_79
82
79
58_82
60_81
81
79
79
48_77
77
76
60
48_76
53_77
77
74
74
72
53
55
55
57
72
65
57_65
58_67
67
70
58_70
60_69
69
67
67
48_65
65
64
60
48_64
41_65
65
62
62
60
41
43
43
45
60
65
45_65
46_62
70_74
62
46_70_74
48_69_72
69_72
67_70
67_70
36_65_69
65_69
64_67
48
36_64_67
41_53_65
41
53
65
65
82
82
80
72
80
65_72
70_73
73
79
70
67
79
76
67_76
68_77
77
72
68_72
64_73
73
70
64
65
70
67
67
68
65
63
63
61
68
70
61
60
70
71
71
72
60
58
58
56
56
55
72
55
53
82
82
80
72
53_72
70_73
80
79
70_73
67
79
76
67_76
68_77
77
72
68_72
64_73
73
70
64
65
70
67
67
68
65
63
63
61
68
70
61
60
70
71
60
55
71
72
55
48
48
60
72
80
80
79
60
62
62
64
79
70
64_70
65_68
68
79
79
77
65
67
67
68
77
84
68_84
55_67_83
83
79
79
77
55_67
57
57
59
77
74
59_74
60_75
75
82
82
81
60
62
62
63
81
79
63_79
50_62_78
78
74
74
72
50_62
52
52
54
72
69
54_69
55_70
70
81
81
79
55
57
57
58
79
77
58_77
48_60_76
76
72
72
70
48_60
50
50
52
70
67
52_67
53_68
68
79
79
77
53
55
55
56
77
75
56_75
58_74
74
70
70
68
58
60
60
62
68
65
62_65
63_67
75
67
63
60
75
69
60_69
62_70
77
70
62
57
77
72
57_72
58_74
82
74
58
55
82
76
55_76
41_53_76
76
77
41
77
53
65
86
86
84
65
67
67
69
84
75
69_75
70_74
74
79
79
77
70
69
69
67_82
77
76
67_76
65_77
82
86
77_86
84
65
67
67
69
84
75
69_75
70_74
74
79
79
77
70
69
69
67_82
77
76
67_76
65_77
82
86
77_86
84
65
67
67
69
84
75
69_75
58_70_74
74
84
84
82
58_70
60
60
62
82
77
62_77
63_79
79
75
63_75
57_77
77
74
57_74
53_75
75
72
53_72
58_74
74
79
79
77
58
60
60
62
77
70
62_70
63_72
72
75
63_75
65_74
74
72
72
53_70
70
69
65
53_69
58_69
46
69
70
70
46
58
65
86
86
84
65
67
67
69
84
75
69_75
70_74
79
74_79
77
70
69
69
67_82
77
76
67_76
65_77
82
86
77_86
84
65
67
67
69
84
75
69_75
70_74
79
74_79
77
70
69
69
67_82
77
76
67_76
65_77
82
86
77_86
84
65
67
67
69
84
75
69_75
58_70_74
84
74_84
82
58_70
60
60
62
82
77
62_77
63_79
79
75
63_75
57_77
77
74
57_74
53_75
75
72
53_72
46_58_74
79
74
79
77
46_58
48
48
50
77
70
50_70
51_72
72
75
51_75
53_74
74
72
72
41_70
70
69
53
41_69
58_70
79
70
79
77
58
60
60
62
77
65
62_65
63_67
77
67
77
75
63
62
62
60
60_75
58_63
58_63
53_65
70
65
53_70
51_69
69
72
51_72
50_70
70
74
50_74
51_72
79
72
51_79
53_77
77
75
75
41_74
74
72
53
41_72
58_70
79
70_79
77
58
60
60
62
77
65
62_65
63_67
78
67_78
79
63
62
62
60
60_79
58_75
58_75
53_81
81
77
53_77
51_79
79
81
51_81
50_82
82
77
50_77
51_79
79
75
51_75
53_74_77
77
82
74
82
41_72_75
75
81
53
41_72
81
46_72_81
70_72_81_82
46_70_82
