62_81
62
57
57
53
53
50
81
77
77
74
74
69
69
65
65
62
50
62
82
55
55
58
58
62
62
67
67
70
70
48
82
79
79
76
76
72
72
70
70
67
48
67
84
51
51
54
54
57
57
60
60
63
63
50
84
81
81
78
78
72
72
69
69
66
50
66
86
53
53
56
56
59
59
62
62
65
65
52
86
83
83
80
80
76
76
74
74
71
52_71
57_73
73
74
74
76
57
55
55_76
53_81
69
53_69
52_71
71_81
73_79
52_73
50_74
79
77
50_74_77
55_70_76
76
74
55_70_74
57_69_73
73
74
69
74
76
57
55
55_76
53_81
69
53_69
52_71
71_81
73_79
52_73
50_74
79
77
50_74_77
55_70_76
76
74
55_70
57_69
73
74
73
74
74
73
73
74
74
73
73
74
74
73
69_73
71
57_71
45_69
45_69
38_50_81
78
81
79
78
76
79
78
76
74
78
76
74
73
76
74
73
69
74
78
69
76
78
38_50
62_74
76
57
62
59
57
55
59
57
55
54
57
55
54
52
55
54
52
50
54
54
50
52
54
74
50_81
52
78
81
79
78
76
79
78
76
74
78
76
74
73
76
74
73
69
74
50_78
69
76
78
62_74
76
57
62
59
57
55
59
57
55
54
57
55
54
52
55
54
52
50
54
54
50
52
54
74
50_81
52
78
81
79
78
76
79
78
76
74
78
76
74
73
76
74
73
50
71
74
73
71
69
73
67_71
69
64
67
66
64
62
66
64
62
61
64
62
61
59
62
61
59
57
61
59
57
55
59
71
57_76
55
73
76
74
73
71
74
73
71
69
73
71
69
67
71
69
67
66
69
67
66
64
67
57
62_66
64
57
62
59
57
55
59
57
55
54
57
55
54
52
55
54
52
50
54
57
50
55
57
55
54_57_66
76
54_57_76
54_57_75
71
54_57_71
54_57_69
75
75
54_57_69
54_57
75
76
54_57_76
54_57_75
71
54_57_71
54_57_69
75
75
54_57_69
54_57
75
76
76
75
72
54_57_72_75
53_57_71_74
71
69
53_57_69
52_59_68
74
77
52_59_77
52_76
76
74
52_74
52_72
72
71
52_68_71
57_69_72
69
81
72
57_81
59_62_80
76
59_62_76
59_62_74
80
80
59_62_74
59_62
80
81
59_62_81
59_62_80
76
59_62_76
59_62_74
80
80
59_62_74
59_62
80
81
59_62_81
59_62_80
77
59_62_77_80
58_62_76_79
76
74
58_62_74
57_64_73
79
82
57_64_82
57_81
81
79
57_79
57_77
77
76
57_76
50_62_73_77_79
77_79
76
76
74
50_62_74
52_72
52_72
53_71
71
69
53_69
52_64_68
68
69
69
71
52_64
62
62_71
60_76
64
60_64
59_66
66_76
68_74
59_68
57_69
74
72
57_69_72
50_65_71
71
69
50_65_69
52_64_68
68
69
69
71
52_64
62
62_71
60_76
64
60_64
59_66
66_76
68_74
59_68
57_69
74
72
57_69_72
50_65_71
71
69
50_65_69
52_69
69
68
68
69
69
68
68
69
69
68
68
69
69
68
68
66
66
64
52_64
40_83
84
83
81
84
83
81
80
83
81
80
78
81
80
78
76
80
77
76
74
77
76
74
72
76
40
69
67
69
69
67
65
69
67
65
64
67
65
64
62
65
64
62
60
64
62
60
72
59_74
62
60
59
57
60
59
57
55
59
57
55
53
57
55
53
52
55
53
52
50
53
52
50
74
48_76
52
50
48
47
50
48
47
45
48
47
45
43
47
45
43
41
45
43
41
40
43
41
40
76
38_77
41
74
77
72
74
71
72
38
40_72
71
74
72
76
74
74
76
40
52_72
74
71
72
69
71
68
69
72_81
68
52
69
67
69
69
67
65
69
67
65
64
67
65
64
62
65
64
62
60
64
62
60
72_81
59_74
62
60
59
57
60
59
57
55
59
57
55
53
57
55
53
52
55
53
52
50
53
52
50
74
48_76
52
50
48
47
50
48
47
45
48
47
45
43
47
45
43
41
45
43
41
40
43
41
40
76
38_77
41
74
77
72
74
71
72
38
40_72
71
74
72
76
74
74
76
40
52_72
74
71
72
69
71
68
69
52
57_81
68
76
81
74
76
76
74
57
50_77
76
74
77
72
74
74
72
50
52_76
74
71
76
69
71
71
69
52
57_72
71
74
72
71
74
72
71
57
50_74
72
71
74
69
71
71
69
50
52_72
71
69
72
71
69
68
71
52
57_81
68
76
81
74
76
76
74
57
50_77
76
74
77
72
74
74
72
50
52_76
74
71
76
69
71
71
69
52
57_72
71
74
72
71
74
72
71
57
50_74
72
71
74
69
71
71
69
50
52_72
71
69
72
71
69
68
71
52_68
45_57_68
68
69
69
45_57
45_69
69
73
73
76
76
81
45_81
78
76
78
74
76
74
57_73
57
61
61
64
64
69
69
66
64
66
62
64
62
61
73
76
74
76
76
74
61
62_78
76
74
78
73
74
74
73
62
64_76
74
73
76
74
73
71
74
64
57_73
71
64
57
62
64
64
62
66
64
62
66
61
62
62
61
64
62
61
64
62
61
59
62
61
59
73
76
64
76
74
64_74
66_73
73
71
61_66_71
61_64_67_70
70
79
61_64_67
61_64_67
79
78
61_64_67_78
61_64_67_76
76
74
61_64_67_74
61_64_67_73
73
83
61_64_67_83
61_64_82
79
61_64_79
61_64_78
78
76
61_64_82
61_64
76
83
61_64_83
61_64_82
79
61_64_79
61_64_78
78
76
61_64_82
61_64
76
83
61_64_83
61_64_82
79
61_64_79_82
60_64_78_81
78
76
60_64_76
59_66_75
81
84
84
83
83
81
59_66_81
59_79
79
78
59_75_78
52_79
81
79
78
81
79
78
76
79
78
76
74
78
76
74
52
72
76
74
72
71
74
74
71
69_72
74
71
69
67
71
69
67
66
69
67
66
64
67
66
64
62
66
64
62
60
64
64
60
72
62_78
64
79
78
76
79
78
76
74
78
76
74
72
76
74
72
71
74
72
71
62_69
72
72
69
67_71
72
69
67
66
69
67
66
64
67
66
64
62
66
64
62
60
64
62
60
59
62
62
59
62
71
60_76
78
76
74
78
76
74
48_72
76
74
72
71
74
72
71
60
48
60_69
72
71
69
67
71
69
67
60
50_66
69
66
74
50_74
52_55_73
69
52_55_69
52_55_67
73
73
52_55_67
52_55
73
74
52_55_74
52_55_73
69
52_55_69
52_55_67
73
73
52_55_67
52_55
73
74
52_55_74
52_55_73
82
52_55_73_82
51_55_72_81
81
79
51_55_72_79
50_57_72_78
78
84
84
82
82
81
81
79
79
50_81
57_72_81
55_74_82
74_82
72_81
72_81
43_70_79
70_79
69_77
43_55_69_77
55_67_76
67_76
65_74
55
65_74
64_73
57
55
57
57
55
53
57
55
53
52
55
53
52
50
53
52
50
49
52
52
49
64_73
50_69_77
52
62
50
60
62
62
60
58
62
60
58
57
60
58
57
55
58
57
55
53
57
57
53
69_77
55_70_79
57
67
55
65
67
67
65
64
67
65
64
62
65
64
62
61
64
62
61
59
62
61
59
70_79
57_73_81
61
69
57
67
69
69
67
65
69
67
65
64
67
65
64
62
65
64
62
61
64
64
61
73_81
62_77_86
64
74
62
72
74
74
72
70
74
72
70
69
72
70
69
67
70
69
67
65
69
67
65
77_86
64_79
67
65
64
62
65
64
62
60
64
62
60
58
62
60
58
57
60
58
57
55
58
57
55
79
53_81
57
55
53
52
55
53
52
50
53
52
50
48
52
50
48
46
50
48
46
45
48
46
45
81
43_82
46
79
82
77
79
76
77
43
45_77
76
79
77
81
79
79
81
45
57_77
79
76
77
74
76
73
74
77_86
73
57
74
72
74
74
72
70
74
72
70
69
72
70
69
67
70
69
67
65
69
67
65
77_86
64_79
67
65
64
62
65
64
62
60
64
62
60
58
62
60
58
57
60
58
57
55
58
57
55
79
53_81
57
55
53
52
55
53
52
50
53
52
50
48
52
50
48
46
50
48
46
45
48
46
45
81
43_82
46
79
82
77
79
76
77
43
45_77
76
79
77
81
79
79
81
57_77
79
76
77
45
74
76
73
74
57
62_86
73
81
86
79
81
81
79
62
55_82
81
79
82
77
79
79
77
55
57_81
79
76
81
74
76
76
74
57
62_77
76
79
77
76
79
77
76
62
55_79
77
76
79
74
76
76
74
55
57_77
76
74
77
76
74
73
76
57
50_74
73
69
74
67
69
69
67
50
43_70
69
67
70
65
67
67
65
43
45_69
67
64
69
62
64
64
62
45
50_65
64
67
65
64
67
65
64
50
43_67
65
64
67
62
64
64
62
43
45_65
64
62
65
64
62
61
64
45_61
38_50_61
61
62
38_50
62
