60_79
60
59
59
60
60_79
63_72
63
62
62
63
63_72
68_84
68
67
67
65
65
67
84
83
83
84
84
86
86
80
80
79
79
77
77
75
75
74
67_74
60_75
60
59
59
60
60_75
63_72
63
62
62
63
63_72
68_84
68
67
67
65
65
67
84
83
83
84
84
86
86
80
80
79
79
55_77
77
75
75
74
67
55_74
48_77
77
75
75_77
75_77
75_77
75_77
75
74
74
72
48_72
60_75_77
75_77
74
74
75
75
67_75_77
75_77
74
74
75
67_75
69_75_77
75_77
74
74
75
60_69_75
58_80
58
63
63_80
67_79
67
70
79
77
77
75
75
74
70_74
58_74_75
74_75
72
72
74
74
65_74_75
74_75
72
72
74
65_74
67_74_75
74_75
72
72
74
58_67_74
56_79
56
62
62_79
65_77
65
68
77
75
75
74
74
72
68_72
56_72_74
72_74
71
71
72
72
63_72_74
72_74
71
71
72
63_72
65_72_74
72_74
71
71
72
56_65_72
55_77
60
60_77
63_75
63
67
75
74
74
72
67_72
62_71
55_62_71
67
67
66
66
67
67
55_71
71
69
69
71
71
65_74
74
72
72
74
65_74
63_67
67
66
66
67
63_67
62_72
72
71
71
72
62_72
60_75
75
74
74
75
55_60_75
59_67
67
66
66
67
59_67
57_74
74
72
72
74
57_74
55_77
77
75
75
74
55_74
60_77
77
75
75
77
77
75
75
77
77
75
75
77
77
75
75
77
77
75
75
74
74
75
60_75
55_74
55_74
55
55
54
54
55
55
59_74
59
57
57
59
59_74
62_71
62
60
60
62
62_71
55
55
54
54
55
55
60_75
60
59
59
60
60_75
63_72
63
62
62
63
63_72
55
55
54
54
55
55
62_77
62
60
60
62
62_77
65_74
65
63
63
62
62
63
74
79
79
77
77
75
75
74
74
72
63_72
62_71
71
72
72
74
62_74
60_75
75
79
79
77
77
77
77
75
75
74
60_74
51_74
74
72
72
70
51_70
53_68
68
72
72
70
70
70
70
68
68
67
53_67
56_67
67
65
65
63
56_63
58_62
62
65
65
63
63
63
63
62
62
60
58_60
50_60
60
58
58
56
50_56
51_58
58
56
56
58
58
56
56
58
58
56
56
58
58
56
56
58
58
56
56
55
55
56
51_56
39_55
39_55
51_75
75
67
67
68
51_68
63_70
70
72
72
74
63_74
62_75
75
77
77
79
62_79
60_75
75
67
67
68
60_68
58_70
70
72
72
74
58_74
56_75
75
77
77
79
56_79
55_75
75
67
67
68
55_68
53_70
70
72
72
74
53_74
51_75
75
77
77
79
51_79
58_79
79
82
82
80
80
46_79
79
77
77
75
75
79
77_79
77_79
77_79
58
46
63
77
63
55
55
56
56
58_82
58
60
60
62
62_82
63_79
63
65
65
67
67_79
63
63
55
55
56
56
58_82
58
60
60
62
62_82
63_79
63
65
65
67
67_79
63
63
55
55
56
56
58_82
58
60
60
62
62_82
63_79
63
65
65
67
67
58
79
82
82
80
80
79
79
77
77
75
75
46_79
77_79
77_79
77_79
58
46
58
77
80
80
79
79
68_79
79
77
77
75
68_75
67_75_77
75_77
74
74
75
58_67_75
58_65_74
74
80
80
79
65_79
68_79
79
77
77
75
68_75
67_75_77
75_77
74
74
75
58_67_75
58_65_74
74
82
82
80
65_80
70_80
80
79
79
77
58_77
61_77_79
77_79
76
76
77
61_77
60_76
76
82
82
80
70_80
70_80
80
79
79
77
70_77
68_77_79
77_79
76
76
77
60_68_77
60_67_76
76
84
84
82
67_82
72_82
82
81
81
79
60_79
63_79_81
79_81
78
78
79
63_79
62_78
78
84
84
82
72_82
72_82
82
81
81
79
72_79
70_79_81
79_81
78
78
79
62_70_79
62_69_78
78
79
79
81
69_81
67_70_82
82
84
84
86
62_86
61_82
82
81
81
79
61_67_70_79
62_69_78
78
79
79
81
69_81
67_70_82
82
84
84
86
62_86
61_82
82
81
81
79
61_67_70_79
62_69_78
78
79
79
81
69_81
67_70_82
82
84
84
86
62_86
61_82
82
81
81
79
61_67_70
62
79
78
78_79
78_79
78_79
50_78_79
78
76
62_76
74
50_74
38_50
86
86
81
81
78
78
74
74
69
69
66
66
62
62
72_76
38_50_72_76
67_71_74
67
62
62
59
59
55
55
50
50
47
47
43
43
49
49
50
50
38
71_74
86
86
81
81
78
78
74
74
69
69
66
66
62
62
72_76
38_72_76
67_71_74
67
62
62
59
59
55
55
50
50
47
47
43
43
49
49
50
50
38
71_74
86
86
81
81
78
78
74
74
69
69
66
66
62
62
72
38_72
43_71
71
66
66
67
67
62
62
73
73
74
43_74
47_62
62
75
75
76
47_76
48_64
64
72
72
69
48_69
50_67
67
69
69
67
67
66
66
67
67
69
50_69
38_71
71
69
69
71
71
69
69
71
71
69
69
67
67
69
38_69
43_67
67
69
69
71
71
71
71
72
72
74
43_74
74_76
74_76
72
72
74
38_50
74
86
86
81
81
78
78
74
74
69
69
66
66
62
62
72_76
38_50_72_76
67_71_74
67
62
62
59
59
55
55
50
50
47
47
43
43
49
49
50
50
38
71_74
86
86
81
81
78
78
74
74
69
69
66
66
62
62
72_76
38_72_76
67_71_74
67
62
62
59
59
55
55
50
50
47
47
43
43
49
49
50
50
38
71_74
86
86
81
81
78
78
74
74
69
69
66
66
62
62
72
38_72
43_71
71
66
66
67
67
62
62
73
73
74
43_74
47_62
62
75
75
76
47_76
48_64
64
72
72
69
48_69
50_67
67
69
69
67
67
66
66
67
67
69
50_69
38_71
71
69
69
71
71
69
69
71
71
69
69
67
67
69
38_69
43_67
67
86
86
84
84
83
83
81
81
79
79
78
78
76
76
74
74
72
72
71
71
69
69
67
67
66
66
64
43_64
43_62
62
60
60
59
59
57
57
55
55
54
54
55
55
57
43_57
50_59
59
57
57
59
59
57
57
59
59
57
57
59
59
57
57
38_59
59
57
57
59
59
57
57
59
59
57
57
55
55
57
38_50_57
43_55
55
86
86
84
84
83
83
81
81
79
79
78
78
76
76
74
74
72
72
71
71
69
69
67
67
66
66
64
43_64
43_62
62
60
60
59
59
57
57
55
55
54
54
55
55
57
43_57
50_59
59
57
57
59
59
57
57
59
59
57
57
59
59
57
57
38_59
59
57
57
59
59
57
57
59
59
57
57
55
55
57
38_50_57
43_55
43
55
55
55
54
54
55
55
59_74
59
57
57
59
59_74
62_71
62
60
60
62
62_71
53
53
52
52
53
53
59_74
59
57
57
59
59_74
62_71
62
60
60
62
62
52
71
74
74
72
72
57_72
72
71
71
69
57_69
60_69_71
69_71
68
68
69
52_60_69
52_68
68
77
77
76
76
59_76
76
74
74
72
52_59_72
56_74
74
72
72
71
56_71
57_74
74
72
72_74
72_74
72_74
45_72_74
72
71
57_71
69
45_69
57
57
56
56
57
57
60_76
60
59
59
60
60_76
64_69
64
62
62
64
64_69
55
55
53
53
55
55
61_76
61
59
59
61
61_76
64_73
64
62
62
64
64
53
73
81
81
79
79
62_79
79
77
77
76
53_62_76
53_76
76
74
74
72
53_72
55_70
70
74
74
72
72
72
72
70
70
69
55_69
58_69
69
67
67
65
58_65
60_64
64
67
67
65
65
65
65
64
64
62
60_62
52_62
62
60
60
58
52_58
53_60
60
58
58
60
60
58
58
60
60
58
58
41_60
60
58
58
60
60
58
58
57
57
58
53_58
57
41
57
53_77
77
69
69
70
70
65_72
72
74
74
76
53_65_76
64_77
77
79
79
81
64_81
62_77
77
69
69
70
62_70
60_72
72
74
74
76
60_76
58_77
77
79
79
81
58_81
57_77
77
69
69
70
57_70
55_72
72
74
74
76
55_76
53_77
77
79
79
81
53_81
60_81
81
84
84
82
82
48_81
81
79
79
77
60_77
81
79_81
79_81
79_81
48
65
79
65
57
57
58
58
60_84
60
62
62
64
64_84
65_81
65
67
67
69
69_81
65
65
57
57
58
58
60_84
60
62
62
64
64_84
65_81
65
67
67
69
69_81
65
65
57
57
58
58
60_84
60
62
62
64
64_84
65_81
65
67
67
69
69
60
81
84
84
82
82
81
81
79
79
77
77
48_81
79_81
79_81
79_81
60
48
60
79
84
84
82
82
72_82
82
81
81
79
60_79
63_79_81
79_81
78
78
79
63_79
62_78
78
81
81
79
72_79
78
78
75
75
74
62_74
66_72_74
72_74
71
71
72
66_72
67_71
71
86
86
84
84
83
83
80
80
79
67_79
59_77_79
77_79
75
75
74
59_74
60_75
75
77
77
79
60_79
56_77
77
79
79
80
56_80
53_74
74
75
75
77
53_77
55_72
72
71
71_72
71_72
43_71_72
71_72
71_72
71_72
71_72
71_72
71
55
43
36_48
84
84
79
79
76
76
72
72
67
67
64
64
60
60
72_76
36_48_72_76
67_71_74
67
62
62
59
59
55
55
50
50
47
47
43
43
50
50
47
47
36_48
71_74
84
84
79
79
76
76
72
72
67
67
64
64
60
60
72_76
36_48_72_76
67_71_74
67
62
62
59
59
55
55
50
50
47
47
43
43
50
50
47
47
36
71_74
71
71
72
72
67
67
78
78
79
36_79
52_67
67
80
80
81
52_81
53_69
69
77
77
74
53_74
55_72
72
74
74
72
72
71
71
72
72
74
74
43_76
76
74
74
76
76
74
74
76
76
74
74
72
72
74
43_55_74
48_72
72
84
84
79
79
76
76
72
72
67
67
64
64
60
60
72_76
48_72_76
67_71_74
67
62
62
59
59
55
55
50
50
47
47
43
43
50
50
47
47
36_48
71_74
84
84
79
79
76
76
72
72
67
67
64
64
60
60
72_76
36_48_72_76
67_71_74
67
62
62
59
59
55
55
50
50
47
47
43
43
50
50
47
47
36
71_74
71
71
72
72
67
67
78
78
79
36_79
52_67
67
80
80
81
52_81
53_69
69
77
77
74
53_74
55_72
72
74
74
72
72
71
71
72
72
74
74
43_76
76
74
74
76
76
74
74
76
76
74
74
72
72
74
43_55_74
36_72
72
84
84
83
83
81
81
79
79
77
77
76
76
74
74
72
72
71
71
69
69
67
67
65
36_65
48_64
64
62
62
60
60
59
59
57
57
55
48_55
55_64
64
62
62
64
64
62
62
64
64
62
62
64
64
62
62
43_64
64
62
62
64
64
62
62
64
64
62
62
60
60
62
43_55_62
48_60
60
84
83
84
81
83
79
81
77
79
76
77
74
76
72
74
71
72
69
71
67
69
48
65
67
48_64
65
62
64
60
62
59
60
57
59
55
57
64
62_64
48
62_64
62_64
62_64
62_64
43_62_64
64
62
62
64
64
62
62
64
64
62
62
60
55
60
62
43_62
36_48_60
36_48_60
