77
77
76
76
77
77
72
72
72
72
72
72
65
65
72
72
74
74
72
72
65
65
72
72
74
74
60_74
74
72
72
74
74
72
60
59
59
60
60
53
53
53
53
53
72
53
48_72
72
70
70
72
72
70
48_70
53_69
53
55
69
55
53
53
48_72
72
70
70
72
72
70
48_70
53_69
53_69
55_70
55_70
53_69
53
65
65
64
64_69
65_81
65
60
60
57
57
53
53
48
81
79
79
77
77
79
79
76
48_76
70
70
67
67
53_69
53
65
65
64
64_69
65_81
65
60
60
57
57
53
53
48
81
79
79
77
77
79
79
76
76
70
70
67
48_67
53_69
69
72
72
71
71
74
74
72_74
72_74
71
71
71
71
69
53_69
65_71
71
74
74
72
72
76
76
74_76
74_76
72
72
72
72
71
65_71
64_72
72
76
76
74
74
77
77
76_77
76_77
74
74
74
74
73
64_73
67_73
73
76
76
74
74
77
77
76_77
76_77
74
74
74
74
73
67_73
65_74
74
77
77
76
76
79
79
77_79
77_79
76
76
76
76
74
65_74
61_76
76
79
79
77
77
81
81
79_81
79_81
77
77
77
77
76
61_76
62_77
77
74
74
77
77
81
81
86
86
82
82
84
84
81
62_81
67_82
82
81
81
79
79
81
81
79
79
77
67_77
55_79
79
77
77
76
76
77
77
76
76
74
55_74
45_73
45
57
57
56
56
57
57
52_73
52
49_76
49
45
45_76
38_77
38
50
50
49
49
50
50
45_77
45
41_74
41
38
38_74
45_76
45
57
57
56
56
57
57
52_76
52
49_76
49
45
45_76
50_77
77
74
74
74
74
76
76
77
77
50_80
80
62_81
81
77
62_77
60_76
76
72
72
72
72
74
74
76
76
60_80
80
60_81
81
76
60_76
59_74
74
71
71
71
71
72
72
74
74
59_80
80
52_81
81
74
52_74
45_72
72
69
69
72
72
76
76
81
81
79
45
79
77
77
57_79
79
77
77
76
57_76
62_77
77
76
76
74
74
76
76
74
74
72
62_72
50_74
74
72
72
71
71
72
72
71
71
69
50_69
52_68
52
64
64
63
63
64
64
59_68
59
56_71
56
52
52_71
45_72
45
57
57
56
56
57
57
52_72
52
48_69
48
45
45_69
40_71
40
52
52
51
51
52
52
47_71
47
44_71
44
40
40_71
45_72
72
69
69
72
72
76
45_76
69_81
69
67
67
65
65
67
67
65
65
64
64
65
81
79
79
77
77
79
79
77
77
76
65_76
53_77
77
76
76
74
74
76
76
74
74
72
53_72
55_71
71
67
67
71
71
74
55_74
67_79
67
65
65
64
64
65
65
64
64
62
62
64
79
77
77
76
76
77
77
76
76
74
64_74
52_76
76
74
74
72
72
74
74
72
72
71
52_71
53_69
69
72
53_72
65_71
71
74
74
72_74
72_74
71
65_71
64_71
71
69
64_69
62_71
71
74
62_74
67_72
72
76
76
74_76
74_76
72
67_72
65_72
72
71
65_71
64_72
72
71
71
72
64_72
59_74
74
72
72
74
59_74
60_76
76
74
74
76
60_76
53_79
79
77
77
76
53_76
55_74
74
79
55
79
76
76
74
74
76
76
74
74
48_76
76
74
74
76
76
72
48_72
43_74
74
67
43
67
76
76
74
74
76
76
74
74
48_76
76
74
74
76
76
72
48_72
55_74
74
76
76
72
72
74
74
76
76
72
72
55
43_74
74
76
76
72
72
74
74
76
76
72
72
43
43_76
76
74
74
76
76
74
74
43
48_76
76
72
72
67
67
64
64
60
48_60
43_74_77
43_74_77
48_76
76
72
72
67
67
64
64
60
48_60
43_71_74
43_71_74
48_76
76
72
72
67
67
64
64
60
48_60
43_74_77
43_74_77
36_72_76
72_76
67
67
64
64
60
60
79
36
52
52_79
53_69
69
71
71
41_72
72
74
53
41_74
55_76
76
74
74
76
76
74
74
43_76
76
74
74
72
72
71
55
43_71
60_72
60
55
55
52
52
48
72
48
43
43
62_67_71_74_77
62_67_71_74_77
60_67_72_76
60
55
55
52
52
48
48
43
43_67_72_76
59_67_71_74_77
59_67_71_74_77
60_67_72_76
60
55
55
52
52
48
48
43
43_67_72_76
62_67_71_74_77
62_67_71_74_77
60_67_72_76
60
55
55
52
52
48
48
36
36_67_72_76
36
36
36
84
84
82
82
79
79
76
76
72
72
70
70
67
36_67
41_69
69
72
72
71
41
53
71
81
81
77
53_77
55_77
77
76
76
74
74
72
55_72
43_74
74
72
72
71
43_71
60_72
60
55
55
52
52
48
48
36
36
36
36
36
72
84
84
82
82
79
79
76
76
72
72
70
70
67
36_67
41_69
69
72
72
71
41
53
71
81
81
77
53_77
55_77
77
76
76
74
74
72
55_72
43_74
74
72
72
71
43_71
36_72
72
74
74
76
76
74
74
76
76
77
36_77
36_76
76
77
77
79
79
77
77
79
79
81
36_81
36_79
79
77
77
76
76
77
77
76
76
74
36_74
36_76
76
74
74
72
72
74
74
72
72
71
36_71
36_72
72
36
48_84
84
79
79
76
76
72
72
70
48
70
64_82
64_82
65_81
81
77
77
72
72
69
69
67
65
67
64_79
64_79
62_77
62
57
57
53
53
50
50
48
77
48
60_76
60_76
58_74
58
55
55
50
50
46
46
45
74
45
57_72
57_72
43_72
72
70
70
72
72
70
70
72
72
70
70
69
69
67
43_67
55_72
72
70
70
72
72
70
70
72
72
70
70
69
69
67
55_67
55_67_79
67
65
65
64
64_79
62_80
55_62_80
55_61_81
61
59
59
57
57_81
61_81
61
59
59
57
55_57_81
57_69_81
69
67
67_81
66_82
66
64
57_64_82
57_63_83
63
61
61
59
59_83
63_83
63
61
61
59
57_59_83
55_64_83
83
76
55_64_76
55_64_83
83
84
55_64_84
53_62_86
62
60
53
60
53_59
59
57
53
57
52
86
84
84
83
83
84
84
83
83
81
52_81
64_83
83
81
81
80
80
81
81
80
80
78
78
80
64
62
62
60
60
62
62
60
60
59
59_80
60_81
60
59
59
57
57_81
59_83
59
57
57
56
56_83
57_84
84
83
83
81
57_81
59_83
83
81
81
80
59_80
60_81
81
79
79
77
60_77
57_79
79
77
77
76
57_76
62_77
77
76
76
74
62_74
64_76
76
74
74
72
64_72
65_74
74
72
72
71
65_71
62_72
72
71
71
69
62_69
67_71
67
65
65
64
64
65
65
64
64
62
62_71
64_72
64
62
62
60
60_72
62_74
62
60
60
59
59_74
48_58_76
48_58
48_58
48_58
48_58
76
81
48_58_81
48_58_79
79
77
48_58_77
49_57_76
49_57
49_57
49_57
49_57
76
84
49_57_84
49_57_82
82
81
49_57_81
50_58_79
50_58
50_58
50_58
50_58_62
79
84
50_58_62_84
50_58_62_82
82
81
50_58_62_81
52_55_57_61_79
52_55_57_61
52_55_57_61
52_55_57_61
52_55_57_61
79
82
52_55_57_61_82
52_55_57_61_81
81
79
52_55_57_61_79
53_62_81
81
79
79
77
77
79
79
77
77
76
76
77
77
76
76
74
53_62_74
53_62_76
76
74
74
72
53_62_72
55_67_70_81
55_67_81
55_67_79
55_67
58_67
58_67_79
58_67_77
58_67_70_77
48_79
79
77
77
76
76
77
77
76
76
74
48_74
60_76
76
74
74
72
72
74
74
72
72
70
60_70
53_65_69_79
53_65_79
52_64_77
52_64
50_62
50_62_77
48_60_76
48_60_69_76
46_58_74
74
72
72
70
46_58_70
45_57_72
72
70
70
69
45_57_69
43_55_70
70
69
69
67
43_55_67
41_53_69
69
67
67
65
41_53_65
36_79
79
72
72
79
79
81
81
77
36_77
36_79
79
84
84
81
81
79
79
81
81
79
79
81
81
79
79
81
81
77
36_77
36_79
79
81
81
77
77
79
79
81
81
77
77
36
36_79
79
81
81
77
77
79
79
81
81
77
77
36
36_81
81
79
79
81
81
79
79
36
41_81
81
77
77
72
72
69
69
65
41_65
48_79_82
48_79_82
53_81
81
77
77
72
72
69
69
65
53_65
48_76_79
48_76_79
41_81
81
77
77
72
72
69
69
65
41_65
48_79_82
48_79_82
65_72_77_81
65
60
60
57
57
53
53
48
48_72_77_81
64_72_76_79_82
64_72_76_79_82
65_72_77_81
65
60
60
57
57
53
53
48
48_72_77_81
64_72_76_79_82
64_72_76_79_82
65_72_77_81
65
60
60
57
57
53
53
48
48_72_77_81
64_72_76_79_82
64_72_76_79_82
65_72_77_81
65
60
60
57
57
53
53
41
41_72_77_81
41
41
41
84
84
81
81
77
77
77
77
75
75
77
77
75
41_75
53_77
77
75
75
74
74
72
53_72
58_74
74
77
77
76
58
70
76
86
86
82
70_82
72_82
82
81
81
79
79
77
72_77
60_81
81
79
79
77
77
76
60_76
65_77
65
60
60
57
57
53
53
41
41
41
41
41
77
84
84
81
81
77
77
77
77
75
75
77
77
75
75
77
77
75
75
74
74
75
41_75
46_74
74
76
76
77
77
67
46
58
67
74
74
70
58_70
60_70
70
69
69
67
67
65
60_65
48_69
69
67
67
65
65
64
48_64
41_65
65
67
67
69
69
67
67
69
69
70
41
70
41_69
69
70
70
72
72
70
70
72
72
74
41
74
41_72
72
74
74
76
76
74
74
76
76
77
41
77
41_76
76
77
77
79
79
79
79
77
77
76
41
76
41_77
41_77
