65_81
77
81
72
77
84
72
65
67_82
84
76
82
67
69_77
76
81
77
77
81
72
77
69
70_74
72
76
74
70
69_77
76
72
77
69
67_70
72
79
70
67
60_76
79
70
76
60
53_77
70
72
77
69
72
65
69
69
65
72
69
53
60_81
72
65
60
69
65
60
69
81
58_79
60
67
58
79
57_84
67
65
57
84
55_82
65
64
55
82
53_81
64
65
53
81
58_79
65
67
58
79
60_76
67
69
60
76
62_77
69
71
62
48
71
77
79
76
79
72
76
67
72
64
67
48_64
52_79
55
52
60
55
64
60
79
53_81
64
65
53
81
55_71
65
59
55
62
59
67
62
71
57_72
67
65
57
72
59_74
65
71
74
67
71
77
67
59
60_76
77
72
76
60
55_74
72
79
74
74
79
71
74
67
71
76
67
55
47_55_77
76
74
77
71
74
67
71
47_55
48_55_72
67
76
72
48_55
47_55_77
76
74
77
71
74
67
71
47_55
48_55_72
67
76
72
48_55
47_50_59_77
76
74
77
71
74
68
71
47_50_59
48_57_69
68
76
69
48_57
47_50_59_77
76
74
77
71
74
68
71
47_50_59
48_57_69
68
79
69
48_57
48_57_78
79
74
78
72
74
69
72
48_57
46_55_70
69
79
70
46_55
48_57_78
79
74
78
72
74
69
72
48_57
46_55_70
69
79
70
46_55
45_52_57
76
79
73
76
69
73
45_52_57
46_50_55_74
69
79
74
46_50_55
45_52_57
76
79
73
76
69
73
45_52_57
50_57_77
69
81
77
50_57
50_59_80
81
76
80
74
76
71
74
50_59
48_57_60_72
71
81
72
48_57_60
50_59_80
81
76
80
74
76
71
74
50_59
48_57_60_72
71
81
72
48_57_60
47_54_59
78
81
75
78
71
75
47_54_59
45_52_57_72
71
81
72
45_52_57
47_54_59
78
81
75
78
71
75
47_54_59
45_52_57_72
71
81
72
45_52_57
47_50_59_80
81
76
80
74
76
71
74
47_50_59
48_57_72
71
81
72
48_57
50_59_83
81
80
83
74
80
86
74
50_59
51_57_84
86
81
84
51_57
52_59_80
81
76
80
74
76
71
74
52_59
52_59_74
71
83
74
52_59
57_64_84
83
81
84
76
81
72
76
57_64
52_59_64_74
72
83
74
52_59_64
57_64_84
83
81
84
76
81
86
76
57_64
55_64_85
86
79
85
55_64
53_62_86
79
81
86
77
81
74
77
53_62
55_64_73
74
82
73
55_64
53_62_81
82
77
81
74
77
69
74
53_62
52_61_67
69
79
67
52_61
50_62_77
79
74
77
69
74
65
69
50_62
52_61_67
65
79
67
52_61
53_62_81
79
77
81
74
77
69
74
53_62
55_62_70
69
82
70
55_62
53_62_81
82
77
81
74
77
69
74
53_62
52_61_67
69
79
67
52_61_79
50_77
53
50
57
53
62
57
77
45_76
62
57
45
76
46_76
57
76
74
74
50_76
46
76
74
74
55_76
50
76
74
74
43_76
55
76
74
74
45_73_76
43
57
45
73_76
50_74_77
57
53
50
57
53
62
57
74_77
45_73_76
62
57
45
73_76
46_76
57
76
74
74
50_76
46
76
74
74
55_76
50
76
74
74
43_76
55
76
74
74
45_73_76
43
57
45
73_76
50_74_77
57
53
50
57
53
62
57
74_77
52_79
62
61
52
79
53_81
61
57
53
62
57
65
62
81
55_82
65
64
55
82
57_81
64
79
81
77
79
76
77
57
45_74
76
73
74
45_73
50_77
53
50
57
53
62
57
77
45_76
62
57
45
76
46_76
57
74
76
76
74
50
46
74
76
76
74
55_74
50
76
76
74
74
76
43
55
76
74
74
76
45_73_76
43
74
57
45
73_76
50_74_77
57
53
50
57
53
62
57
74_77
45_73_76
62
57
45
73_76
46_76
57
74
76
76
74
50
46
74
76
76
74
55_74
50
76
76
74
74
76
43
55
76
74
74
76
45_73_76
43
74
57
45
73_76
50_74_77
57
53
50
57
53
62
57
74_77
52_79
62
61
52
79
53_81
61
57
53
62
57
65
62
81
55_82
65
64
55
82
57_81
64
79
81
77
79
76
77
57
45_74
76
73
74
45_73
50_77
53
50
57
53
62
57
77
48_76
62
60
48
46
60
74_76
74
55_76
46
76
74
74
50_76
55
76
74
74
46
50
76
74
76
45_72
46
74
53
45
43
53
70_72
70
55_72
43
72
70
70
52_72
55
72
70
70
48
52
72
70
72
41_69
48
70
53
41
40
53
67_69
67
52_69
40
69
67
67
49_69
52
69
67
67
45
49
69
67
69
38_65
45
67
69
65
38
55_67
69
70
67
55
57_69
70
67
69
57
45_65
67
64
65
45_64
50_77
53
50
57
53
62
57
77
48_76
62
60
48
46
60
74
76
76
74
55
46
74
76
76
74
50_74
55
76
76
74
74
76
46
50
76
74
74
76
45_72
46
74
53
45
43
53
70
72
72
70
55
43
70
72
72
70
52_70
55
72
72
70
70
72
48
52
72
70
70
72
41_69
48
70
53
41
40
53
67
69
69
67
52
40
67
69
69
67
49_67
52
69
69
67
67
69
45
49
69
67
67
69
38_65
45
67
69
65
38
55_67
69
70
67
55
57_69
70
67
69
57
45_65
67
64
65
45_64
50_62
74
62
50
55_70
74
67
70
55
57_64
67
73_76
64
57_76
50_77
73
74
77
50
55_70
74
67
70
55
57_64
67
73_76
64
57
50_74
73_76
65
74
50
43_64
65
74
64
43
45_64
74
73
64
45_73
38_74
74
38
38_74
69
74
66
69
62
66
66
62
69
66
38
50_62_81
69
78
81
74
78
69
74
50_62
51_60_72
69
79
72
51_60
50_62_81
79
78
81
74
78
69
74
50_62
51_60_72
69
79
72
51_60
50_81
79
62
50
57
62
50
57
81
51_72_79
50
60
51
72_79
50_72_78
60
62
50
57
62
50
57
72_78
51_72_79
50
60
51
72_79
50_81
60
78
81
74
78
69
74
50
54_62_74
69
81
74
54_62_81
55_62_82
79
82
74
79
70
74
55_62
50_62_69
70
81
69
50_62
55_62_82
81
79
82
74
79
70
74
55_62
50_62_69
70
81
69
50_62
55_62_82
81
79
82
74
79
70
74
55_62
53_62_68
70
80
68
53_62
51_58_63_79
80
75
79
70
75
67
70
51_58_63
50_58_62_68
67
77
68
50_58_62
51_58_63_79
77
75
79
70
75
67
70
51_58_63
50_58_62_68
67
77
68
50_58_62
51_63_79
77
75
79
72
75
63
62_67
72
51
51_60_72
62
67
79
72
51_60
50_59_80
79
77
80
74
77
71
74
50_59
51_60_72
71
79
72
51_60
50_59_80
79
77
80
74
77
71
74
50_59
51_60_72
71
79
72
51_60
53_60_80
79
77
80
72
77
82
72
53_60
52_60_79
82
72
79
52_60
53_60_80
72
77
80
72
77
82
72
53_60
52_60_79
82
72
79
52_60
53_65_81
72
77
81
72
77
77
72
53_65
54_63_75
77
82
75
54_63
53_65_81
82
77
81
72
77
77
72
53_65
54_63_75
77
82
75
54_63
53_65_81
82
77
81
72
77
84
72
53_65
55_65_83
84
77
83
55_65
56_65_84
77
77
84
72
77
84
72
56_65
55_65_83
84
77
83
55_65
56_65_84
77
77
84
72
77
80
72
56_65
59_67_79
80
74
79
59_67_74
60_84
79
84
76
79
72
76
60
64_70
72
82
70
64
65_81
82
77
81
72
77
69
72
65
67_70
69
79
70
67
57_65_84
79
81
84
57_65
58_77
81
74
77
58
60_76
74
82
76
60
53_65_81
82
77
81
72
77
69
72
53_65
55_64_70
69
79
70
55_64
57_65_77
79
72
77
57_65
58_69
72
65
69
58
60_64
65
76
64
60
53_65_81
76
77
81
72
77
69
72
53_65
55_64_70
69
79
70
55_64
57_65_77
79
72
77
57_65
58_69
72
65
69
58
60_64
65
76
64
60_76
53_81
57
53
60
57
65
60
81
48_79
65
60
48
79
50_79
60
79
77
77
53_79
50
79
77
77
58_79
53
79
77
77
62
58
79
77
79
52_79
62
77
64
52
79
53_81
64
57
53
60
57
65
60
81
48_79
65
60
48
79
50_79
60
79
77
77
53_79
50
79
77
77
58_79
53
79
77
77
62
58
79
77
79
52_79
62
77
64
52
79
53_81
64
57
53
60
57
65
60
81
55_82
65
67
55
82
57_84
67
60
57
65
60
69
65
84
58_86
69
70
58
86
48_84
70
82
84
81
82
79
81
77
79
48_76
77
76
53_81
57
53
60
57
65
60
81
48_79
65
60
48
79
50_79
60
77
79
79
77
53
50
77
79
79
77
58_77
53
79
79
77
77
79
62
58
79
77
77
79
52_79
62
77
64
52
79
53_81
64
57
53
60
57
65
60
81
48_79
65
60
48
79
50_79
60
77
79
79
77
53
50
77
79
79
77
58_77
53
79
79
77
77
79
62
58
79
77
77
79
52_79
62
77
64
52
79
53_81
64
57
53
60
57
65
60
81
55_82
65
67
55
82
57_84
67
60
57
65
60
69
65
84
58_86
69
70
58
86
48_84
70
82
84
81
82
79
81
77
79
48_76
77
76
53_81
57
53
60
57
65
60
81
52_79
65
64
52
50
64
77_79
77
62_79
50
79
77
77
58_79
62
79
77
77
50
58
79
77
79
48_76
50
77
60
48
46
60
74_76
74
58_76
46
76
74
74
55_76
58
76
74
74
46
55
76
74
76
45_72
46
74
57
45
43
57
70_72
70
55_72
43
72
70
70
52_72
55
72
70
70
48
52
72
70
72
41_69
48
70
72
69
41
46_70
72
74
70
46
48_72
74
70
72
48
36_69
70
67
69
36_67
53_81
57
53
60
57
65
60
81
52_79
65
64
52
50
64
77
79
79
77
62
50
77
79
79
77
58_77
62
79
79
77
77
79
50
58
79
77
77
79
48_76
50
77
60
48
46
60
74
76
76
74
58
46
74
76
76
74
55_74
58
76
76
74
74
76
46
55
76
74
74
76
45_72
46
74
57
45
43
57
70
72
72
70
55
43
70
72
72
70
52_70
55
72
72
70
70
72
48
52
72
70
70
72
41_69
48
70
72
69
41
46_70
72
74
70
46
48_72
74
70
72
48
36_69
70
67
69
36
67
41_65
77
65
41
46_74
77
70
74
46
48_67
70
76_79
67
48_79
53_81
76
77
81
53
46_74
77
70
74
46
48_67
70
76_79
67
48_76_79
53_77
72
77
53
46_74
72
70
74
46
48_67
70
70_72_76
67
48
70_72
76
41_65_77
41_65_77
