60_81
81
79
79
81
81
79
79
81
81
79
79
77
77
76
76
81
60_81
60_81
81
79
79
81
81
79
79
81
81
79
79
77
77
76
76
79
79
60
74
74
53_76
76
77
53_77
55_76
76
74
55_74
43_72
72
71
43_71
48_72
72
67
67
67
67
67
48
67
65_72
65
64
64
65
65
64
64_72
65_72
65
64
64
62
62_72
60_72
60_72
65_72
65_72
65_72
65
64
64
65
65
64
64_72
65_72
65
64
64
62
62_72
60_72
60_72
64_72
64_72
72
72
74
74
53_76
76
77
53_77
55_76
76
74
55_74
43_72
72
71
43_71
48_72
72
67
67
67
67
67
48
67
65_72
65
64
64
65
65
64
64_72
65_72
65
64
64
62
62_72
60_72
60_72
65_72
65_72
65_72
65
64
64
65
65
64
64_72
65_72
65
64
64
62
62_72
60_72
60_72
64_72
64_72
72
72
74
74
53_76
76
77
53_77
55_76
76
74
55_74
43_72
72
71
43_71
48_72
72
67
67
36_67
67
67
48
67
81
81
79
36
79
81
81
79
79
60_81
81
79
79
77
60_77
60_76
60_76
60_79
79
73
60
73
59_74
59
59
59
59
74
81
81
79
59
79
81
81
79
79
60_81
81
79
79
77
60_77
60_76
60_76
60_79
60_79
71
71
72
72
55_74
55
55
55
55
74
55
79
79
77
77
79
79
77
77
53_79
79
77
77
76
53_76
53_74
53_74
53_81
81
71
53
71
52_72
52
52
52_72
52
79
52
79
79
79
77
77
79
79
77
77
53_79
79
77
77
76
53_76
53_74
53_74
53_81
81
71
53
71
52_72
52
52
72
52
52
79
52
79
76
76
77
77
79
79
57_77
77
74
74
76
76
77
57_77
55_76
76
72
72
74
74
76
55_76
53_74
74
71
71
72
72
74
53_74
52_72
52
53
72
81
53_81
53_79
79
77
53_77
55_76
76
74
55_74
43_72
72
71
43_71
48_72
48_72
43_72
43_72
36_72
79
72
79
76
76
77
36
77
79
79
57_77
77
74
74
76
76
77
57_77
55_76
76
72
72
74
74
76
55_76
53_74
74
71
71
72
72
74
53_74
52_72
52
53
72
81
53_81
53_79
79
77
53_77
55_76
76
74
55_74
43_72
72
71
43_71
36_72
36
72
60_77
77
75
75
77
77
75
75
77
77
75
75
74
74
72
72
77
60_77
60_77
77
75
75
77
77
75
75
77
77
75
75
74
74
72
72
79
60_79
56_79
79
72
56_72
56_71
71
74
74
72
72
71
71
72
56_72
55_72
72
74
74
67
55
43
67
43
60_77
77
75
75
77
77
75
75
77
77
75
75
74
74
72
72
77
60_77
60_77
77
75
75
77
77
75
75
77
77
75
75
74
74
72
72
79
60_79
56_84
84
72
56_72
56_71
71
74
74
72
72
71
71
72
56_72
55_72
72
74
74
67
43
67
55
43
76
76
74
74
76
76
74
74
55_76
76
74
74
72
55_72
55_74
55_74
55_74
55_74
53_74
53_74
53_81
53_81
53_77
53_77
53_73
53_73
53_76
76
74
74
76
76
74
53_74
53_76
76
74
74
73
53_73
53_74
53_74
53_74
53_74
52_74
52_74
52_79
52_79
52_76
52_76
52_71
52_52_71_74
74
72
72
74
74
72
52
72
52_74
74
72
72
71
52_71
52_72
52_72
52_72
52_72
50_78
50_78
50_81
50_81
50_78
50_78
50_72
50_72
50_81
50_81
50_72
50_72
50_74
74
72
72
74
74
72
50_72
50_74
74
72
72
71
71
69
50_69
55_69
55_69
43_71
43
43
71
74
74
71
71
72
43
72
74
74
64_72
72
69
69
71
71
72
64_72
62_71
71
67
67
69
69
71
62_71
60_69
69
66
66
67
67
69
60_69
59_67
59
60
67
76
60_76
48_74
74
72
48_72
50_71
71
69
50_69
50_67
67
66
50_66
43_67
43
50
50
55
67
74
55
74
71
71
72
72
74
74
64_72
72
69
69
71
71
72
64_72
62_71
71
67
67
69
69
71
62_71
60_69
69
66
66
67
67
69
60_69
59_67
59
60
67
76
60_76
48_74
74
72
48_72
50_71
71
69
50_69
50_67
67
66
50_66
43_67
67
43
67_84
84
82
82
84
84
82
82
84
84
82
82
81
81
79
79
84
67_84
67_84
84
82
82
84
84
82
82
84
84
82
82
81
81
79
79
82
67_82
63_72
72
81
63_81
63_81
81
79
79
81
81
79
79
81
81
79
79
78
78
79
63_79
62_79
79
81
81
74
62_74
67_84
84
82
82
84
84
82
82
84
84
82
82
81
81
79
79
84
67_84
67_84
84
82
82
84
84
82
82
84
84
82
82
81
81
79
79
82
67
63_72
82
72
81
63_81
63_81
81
79
79
81
81
79
79
81
81
79
79
78
78
79
63_79
62_79
79
81
81
74
74
62
59_76
76
74
74
76
76
74
74
76
76
74
74
72
72
74
59_74
59_83
59_83
57_83
57_83
55_84
55
54_72
84
54
52
72
52
50_74
74
72
72
74
74
72
72
74
74
72
72
71
71
72
50_72
50_81
50_81
55_81
81
83
71
83
71
55
57_72
57_72
59_76
76
74
74
76
76
74
59_74
57_76
76
74
74
72
57_72
55_71
55_71
60_76
60_76
59_76
76
74
74
76
76
74
59_74
57_76
76
74
74
72
57_72
55_71
55_71
47_79
47_79
48_69
69
76
76
74
74
72
48_72
50_71
71
69
50_69
38_67
67
66
38_66
43_67
67
69
69
71
43
71
57_72
57_72
59_76
76
74
74
76
76
74
59_74
57_76
76
74
74
72
57_72
55_71
55_71
60_76
60_76
59_76
76
74
74
76
76
74
59_74
57_76
76
74
74
72
57_72
55_71
55_71
47_79
47_79
48_69
69
76
48_76
48_74
74
72
48_72
50_71
71
69
50_69
38_67
67
66
38_66
43_67
67
79
79
74
43
74
43_74
74
79
79
71
43_71
43_71
71
74
74
67
43_67
43_67
67
71
71
62
43_62
43_62
62
67
67
59
43_59
43_59
59
62
62
55
43_55
43_55
55
67
67
67
43
47
48
47
67
76
76
74
74
72
48_72
50_71
71
69
50_69
45_67
67
66
45_66
47_67
67
76
47_76
48_74
74
72
48_72
50_71
71
69
50_69
45_67
67
66
45_66
47_67
67
76
47
76
48_74
74
72
48_72
50_71
71
69
50_69
38_67
67
66
38
66
43_67
67
43
55_76
76
74
74
76
76
74
74
76
76
74
74
72
72
71
71
76
55_76
53_76
76
74
74
76
76
74
74
76
76
74
74
72
72
71
71
81
53_81
52_80
80
77
77
76
76
71
52_71
57_74
74
72
72
74
74
72
72
74
74
72
72
71
71
69
69
57
57_74
74
72
72
74
74
72
72
74
74
72
72
71
57_71
55_72
72
76
55_76
54_74
74
72
72
74
74
72
72
74
74
72
72
71
54_71
52_72
72
81
52_81
51_81
81
78
51_78
51_71
71
81
51_81
52_79
79
78
78
76
76
52
83
83
69_76
69
67
67
69
69
67
67_76
69_76
69
67
67
66
66_76
64_76
64_76
69_76
69_76
69_76
69
67
67
69
69
67
67_76
69_76
69
67
67
66
66_76
64_76
64_76
62_76
62_76
60_76
76
72
60_72
48_71
71
70
48_70
47_70
71
70
71
47
59_76
76
74
74
76
76
74
74
76
76
74
74
72
59_72
57_74
74
77
57_77
56_76
76
74
74
76
76
74
74
76
76
74
74
72
56_72
53_74
74
77
53_77
52_74
74
83
52_83
52_80
80
74
52_74
45_74
74
72
72
74
74
72
72
74
74
72
72
71
71
69
69
45
57_74
74
72
72
74
74
72
72
74
74
72
72
71
57_71
55_72
72
81
55_81
53_74
74
72
72
74
74
72
72
74
74
72
72
71
53_71
53_72
72
81
53_81
52_79
79
76
52_76
52_72
72
70
52_70
53_72
72
70
70
72
72
70
70
69
53
41
69
69
41
69
77
77
79
79
81
81
74_77
77
76
76
77
77
79
74_79
72_76
76
74
74
76
76
77
72_77
70_74
74
72
72
74
74
76
70_76
69_72
72
70
70
72
72
74
69_74
67_70
67
65
65_70
53_69
53_69
48_70
70
69
69
70
70
69
69
67
48
52
67
72
52
72
53_69
69
71
71
72
53_72
52_72
72
72
52_72
50_71
71
81
81
81
81
79
79
77
77
77
50_77
50_77
77
76
76
74
74
74
74
77
77
76
76
74
74
74
50_74
55_74
74
72
72
71
71
71
55_71
43_71
71
71
43_71
43_77
77
74
43
43
74
72
72
71
71
43
36_71
72
71
36
72
65_82
82
80
80
82
82
80
80
82
82
80
80
79
79
77
77
82
65_82
65_82
82
80
80
82
82
80
80
82
82
80
80
79
79
77
77
84
65_84
61_82
82
77
61_77
61_76
76
77
61_77
60_77
77
79
79
72
72
60
65_82
82
80
80
82
82
80
80
82
82
80
80
79
79
77
77
82
65_82
65_80
80
79
79
77
77
75
65_75
65_74
65_74
68_72
68_72
67_71
67
65
65_71
63_72
63
62
62
60
72
60
58_74
58_74
56_77
77
75
75
77
77
75
75
77
77
75
75
74
74
72
72
77
56_77
55_77
77
75
75
77
77
75
75
77
77
75
75
74
74
72
72
79
55_79
54_81
81
75
75
74
74
72
54_72
55_72
72
71
71
72
72
71
71
72
72
71
71
69
69
67
67
55
55_76
76
74
74
76
76
74
74
76
76
74
74
72
55_72
55_71
71
76
55_76
53_76
76
74
74
76
76
74
74
76
76
74
74
72
53_72
53_71
71
81
53_81
53_77
77
74
53_74
53_72
72
71
53_71
52_72
72
74
74
76
52
76
50_77
50_77
48_81
81
79
79
81
81
79
79
81
81
79
79
77
48_77
48_76
76
81
48_81
48_81
81
79
79
81
81
79
79
81
81
79
79
77
48_77
48_76
76
79
48
79
74
74
53_76
76
77
53_77
55_76
76
74
55_74
43_72
72
71
43_71
48_72
72
67
67
67
67
67
48_67
65_72
65
64
64
65
65
64
64_72
65_72
65
64
64
62
62_72
60_72
60_72
65_72
65_72
65_72
65
64
64
65
65
64
64_72
65_72
65
64
64
62
62_72
60_72
60_72
52_72
52_72
72
72
74
74
53_76
76
77
53_77
55_76
76
74
55_74
43_72
72
71
43_71
48_72
84
84
79
48
79
48_79
72
79
84
84
76
48_76
48_76
76
79
79
72
48_72
48_72
72
76
76
67
48_67
48_67
67
72
72
64
48_64
48_64
64
67
67
60
48_60
48_60
60
72
72
72
48
52
52
53
72
74
53_74
53_76
76
77
53_77
55_76
76
74
55_74
50_72
72
71
50_71
52_72
81
72
52
81
53_79
79
77
53_55_76_77
76
74
55_74
50_72
72
71
50
52_71_72
81
72
52
81
53_79
79
77
53_77
55_76
76
74
55_74
50_72
72
71
50
71
52_72
84
72
84
53_83
52
83
81
53_81
55_79
79
77
55_77
43_76
76
74
43_74
36_72
36_72
