74
74
69
69
74
74
76
76
78
78
81
81
74
74
76
76
73
73
74
74
69
69
74
74
76
76
78
78
81
81
74
74
76
76
73
73
74
62
62
57
57_74
62_81
62
64
64
66
66
69
69
62
62_81
64_81
81
79
79
81
81
79
64_79
61_81
81
79
79
78
78
79
61
79
78
62
62
57
57_78
62_81
62
64
64
66
66
64
64
62
62_81
64_81
81
79
79
81
81
79
64_79
62_81
81
79
62_79
61_78
78
79
61_79
62_78
78
74
74
69
62_69
62_78
78
69
62_69
64_67
67
73
73
67
64_67
61_76
76
67
61_67
62_66
66
78
78
74
74
81
62
54
54
55
55_81
54_83
83
74
54_74
52_73
52_73
50_74
50_74
45_76
76
78
78
79
45
79
81
54
54
55
55_81
54_83
83
74
54_74
52_73
52_73
50_74
50_74
45_76
76
81
81
76
45_76
45_81
81
81
81
76
45_76
45_81
81
81
81
76
45_76
45_81
81
76
45_76
45_81
45
81
50
50
53
53
57
57
62
62
65
81
81
74
65_74
64_73
73
74
74
76
64_76
50_76
50_76
53_77
53
57
77
57
62
62
65
81
81
74
65_74
64_73
73
74
74
76
64_76
50_76
50_76
53_77
53
57
77
57
62
62
55_79
79
77
77
79
79
77
77
76
76
77
55_77
55_79
79
76
76
77
77
74
55_74
48_74
48_74
52_76
52
55
76
55
60
60
64
79
79
72
64_72
62_71
71
72
72
74
62_74
48_74
48_74
52_76
52
55
76
55
60
60
64
79
79
72
64_72
62_71
71
72
72
74
62_74
60_76
76
84
84
76
60_76
48_84
84
76
48_76
55_74
74
83
83
74
55_74
56_83
83
74
56_74
57_72
72
81
81
72
72
45_81
81
72
45_72
57
50_71
71
81
81
77
77
74
50_74
50_71
71
69
50_69
52_68
68
76
76
71
52_71
52_76
76
76
76
71
52_71
52_76
76
76
76
71
71
40_76
76
71
40_71
52
40_76
40
76
45
45
48
48
52
52
57
57
60
81
81
76
60_76
59_74
74
72
72
71
59_71
45_71
45_71
48_72
48
52
72
52
57
57
60
81
81
76
60_76
59_74
74
72
72
71
59_71
57_72
72
75
57
57
75
76
76
77
57_77
56_71
71
83
83
76
56_76
52_74
74
72
72
71
52_71
45_72
72
75
45
57
75
76
76
78
57_78
56_71
71
83
83
76
56_76
52_74
74
73
73
71
52_71
57_73
73
69
81
69_81
69
57
56_73
69_73
69
81
69_81
69
56
54_73
69_73
69
81
69_81
69
54
52_73
69_73
69
81
69_81
69
52_69
50_78
78
74
74
76
76
73
50_73
50_74
74
71
71
73
81
50_73_81
52_73
73
81
81
80
80
78
78
40_76
76
74
74
73
73
71
40_71
52
57_73
69
69_73
81
69
57_69_81
56_73
69
69_73
81
69
56_69_81
54_73
69
69_73
81
69
54_69_81
52_73
69
69_73
81
69
52_69_81
50_78
78
74
74
76
76
73
50_73
50_74
74
71
71
73
73
81
50
52_73
73_81
81
81
80
80
78
52_78
40_76
76
74
74
73
73
71
40_71
45_69
69
75
45
57
75
76
76
78
57_78
56_64
64
74
56
52
74
73
73
71
52_71
45_73
73
75
45
57
75
76
76
78
57_78
56_64
64
74
56
52
74
73
73
71
52_71
57_73
73
81
81
76
76
73
57_73
50_78
78
74
74
71
81
50_71_81
52_69
69
40_69
69
68
68
69
69
68
68
69
69
68
68
66
66
68
40_68
52
45_69
69
73
73
71
71
69
45_69
50_66
66
74
74
73
73
71
50_71
52_64
64
40_73
73
71
71
73
73
71
71
73
73
71
71
69
69
71
40_71
52
45_69
69
45
57
73
73
69
57_69
57_73
73
74
57_74
55_76
76
73
73
67
55_67
55_73
73
76
55_76
54_79
79
78
78
76
54_76
54_74
74
73
54
73
74
59
59
54
54_74
59_78
59
61
61_78
62_78
62
61
61
59
59_78
61_76
61
59
59
58
58_76
59_74
59
59
59
54
54_74
59_78
59
61
61_78
62_78
62
61
61
59
59_78
61_76
61
59
59
58
58_76
59_74
74
83
83
74
59_74
59_83
83
74
59
55
74
83
83
74
55_74
55_83
83
74
55
52
74
79
79
73
52_73
52_79
79
73
52
50
73
79
79
71
50_71
50_79
79
71
50
49
71
79
79
69
49_69
49_79
79
69
49
51
69
78
78
69
51_69
51_78
78
69
51
52
69
76
76
67
52_67
52_76
76
67
52
49
67
76
76
67
49_67
49_76
76
67
49_67
50_66
74
66
74
66
50_66
50_74
74
66
50_66
55_64
64
70
55
55
70
71
55
55
71
69
69
67
67
66
55_66
43_76
76
74
43_74
45_73
73
69
69
64
45_64
45_69
69
69
69
64
45_64
45_69
69
69
69
64
45_64
45_69
69
64
45_64
45_69
45
69
50
50
53
53
57
57
62
62
65
86
86
81
65_81
64_79
79
77
77
76
64_76
50_76
50_76
53_77
53
57
77
57
62
62
65
86
86
81
65_81
64_79
79
77
77
76
64_76
62_77
77
80
62
62
80
81
81
82
62_82
61_69
69
79
61
57
79
77
77
76
57_76
50_77
77
80
50
62
80
81
81
83
62_83
61_69
69
79
61
57
79
78
78
76
57_76
62_78
78
74
86
74_86
74
62
61_78
74_78
74
86
74_86
74
61
59_78
74_78
74
86
74_86
74
59
57_78
74_78
74
86
74_86
74
57_74
55_83
83
79
79
81
81
78
55_78
55_79
79
76
76
78
86
55_78_86
57_78
78
86
86
85
85
83
83
45_81
81
79
79
78
78
76
45_76
57
62_78
74
74_78
86
74
62_74_86
61_78
74
74_78
86
74
61_74_86
59_78
74
74_78
86
74
59_74_86
57_78
74
74_78
86
74
57_74_86
55_83
83
79
79
81
81
78
55_78
55_79
79
76
76
78
78
86
55
57_78
78_86
86
86
85
85
83
83
45_81
81
79
79
78
78
76
45_76
57
50_74
74
81
81
74
50_74
54_81
81
72
54_72
55_71
83
71_83
79
79
76
55_76
55_73
73
74
74
76
55_76
57_69
69
76
57_76
57_78
78
76
76
78
78
76
76
78
78
76
76
74
57_74
55_76
76
83
83
79
79
76
55_76
55_73
73
74
74
76
55_76
57_69
69
78
78
76
76
74
57_74
55_78
78
76
76
78
78
76
76
78
78
76
76
74
74
76
55_76
54_74
74
81
81
79
79
78
54
78
55_83
83
79
79
78
78
76
55
76
57_69
69
45_78
78
76
76
78
78
76
76
78
78
76
76
74
74
76
57
45
76
38_74
38_74
