76
76
74
74
73
73
74
74
76
76
69
69
64_79
64_79
62_78
62_78
61_76
61_76
62_78
62_78
64_79
64_79
57_81
57_81
67_76
67_76
66_74
66_74
64_73
64_73
66_74
66_74
67_76
67_76
64_73
64_73
66_74
66_74
62_81
81
78
62_78
59_78
59_78
61_79
79
76
61_76
62_76
62_76
54_78
78
74
54_74
55_74
55_74
57_76
76
73
57_73
59_74
74
81
59_81
55_79
79
78
55_78
61_76
61
59
59_76
57_76
57
55
55_76
54_69
81
69
54_81
62_79
79
78
62_78
61_76
61
59
59_76
57_76
57
55
55_76
54_69
81
69
54_81
50_79
79
78
50_78
55_83
55_83
67_74
67_74
67_73
67_73
66_74
66_74
64_76
64
61
76
78
78
79
61_79
62_78
62_78
54_74
54_74
55_76
55
57
76
78
78
79
57_79
62_78
62_78
54_74
54_74
55_76
55
57
76
78
78
79
57_79
50_78
50_78
54_81
81
74
54_74
52_74
52_74
55_73
73
71
55
71
69
66
66_69
64_81
64
62
62_81
61_81
61
59
59_81
57_81
57
55
55_81
54_86
86
85
85
83
83
81
54_81
55_79
79
78
78
76
76
74
55_74
69
66
66_69
64_81
64
62
62_81
61_81
61
59
59_81
57_81
57
55
55_81
54_86
86
85
85
83
83
81
54_81
55_79
79
78
78
76
76
74
55_74
45_71
71
69
69
71
71
69
69
45_57_64
76
76
72
72
72
72
77
77
74
57_64_74
57_65_74
74
83
83
80
80
80
80
86
86
84
84
83
57_65_83
57_64_84
84
76
76
72
72
72
72
77
77
74
57_64_74
57_65_74
74
83
83
80
80
80
80
86
86
84
84
83
57_65_83
57_64_84
84
76
76
72
72
72
72
76
76
72
57_64_72
55_64_72
72
76
76
72
72
72
72
76
76
72
55_64_72
53_64_72
72
83
83
81
81
79
79
77
77
76
76
74
74
72
53_64_72
53_62_77
77
76
76
74
74
72
72
71
71
69
69
68
68
69
53_62_69
52_62_64
64
71
71
68
68
68
68
72
72
69
52_62_69
52_60_69
69
81
81
75
75
75
75
76
76
78
52_60_78
52_62_76
76
71
71
68
68
68
68
72
72
69
52_62_69
52_60_69
69
81
81
75
75
75
75
76
76
78
52_60_78
40_66
64
66
66
64
64
66
64
40_52
83
83
81
81
80
80
74
52
71
71
69
69
68
68
57
74
73
73
71
71
69
69
64
57
61
61
59
59
57
57
52
64
71
71
69
69
68
68
62
52
59
59
57
57
56
56
45
62
61
61
59
59
57
57
64
45
73
73
71
71
69
69
52
64
71
71
69
69
68
68
62
52
59
59
57
57
56
56
45
62
61
61
59
59
57
57
64
45
73
73
71
71
69
69
52
64
71
71
69
69
68
68
62
52
59
59
57
57
56
56_62
45_61
61
64
64
61
61
61
61
69
69
64
45_64
45_64
64
73
73
69
69
69
69
76
76
73
45_73
49_73
73
81
81
80
80
78
78
76
76
76
49_76
50_76
76
80
80
78
78
76
50_76
50_74
74
74
74
73
73
71
50_71
52_69
69
71
71
69
69
68
68
69
69
71
71
40_73
73
71
71
73
73
71
71
73
73
71
71
69
40_52_69
45_69
45_69
49_81
81
73
49_73
50_71
50_71
52_80
52
49
80
49
45_81
81
73
45_73
50_71
50_71
52_80
52
49
80
49
45_81
81
76
45_76
50_78
78
74
50_74
52_71
71
68
52_68
52_64
64
66
66
68
68
69
69
40_73
73
71
71
73
73
71
71
73
73
71
71
69
40_52_69
45_69
69
45
74
74
73
73
71
71
73
73
74
74
76
76
62_69
62
61
61_69
59_74
59_74
61_76
61_76
62_78
62_78
64_79
64_79
66_81
81
86
66_86
62_85
85
83
62_83
61_81
61
59
59_81
57_81
57
55
55_81
54_81
81
86
54_86
62_85
85
83
62_83
61_81
61
59
59_81
57_79
57
61
61_79
62_79
79
78
62_78
61_76
76
78
61_78
59_79
79
81
59_81
57_83
83
74
74
45_74
74
73
73
71
71
69
69
69
57_69
69
45
57_64
69
81
81
79
79
78
78
76
76
76
57_64_76
55_64_76
76
81
81
79
79
78
78
76
76
76
76
55_64
54_64
84
84
83
83
81
64_81
63_79
79
78
78
76
76
78
54_63_78
52_64_79_81
79_81
78
78
76
76
76
76
76
76
52_64
57_64
81
81
79
79
78
78
76
76
76
57_64_76
55_64_76
76
81
81
79
79
78
78
76
76
76
55_64_76
54_64_76
76
86
86
84
84
83
83
82
82
79
79
78
78
76
54_64_76
59_62_74_76
74_76
73
73
71
71
71
71
71
59_62
59_62
71
78
78
74
74
74
74
78
78
74
59_62_74
57_62_74
74
78
78
74
74
74
74
78
78
74
57_62_74
55_62_74
74
83
83
74
74
74
74
83
83
74
55_62_74
54_62_81
81
83
83
81
81
79
79
78
78
76
76
74
74
72
54_62_72
55_71
55
67
67_71
66_74
66
64
64_74
62_74
62
60
60_74
59_74
59
57
57_74
55_79
79
83
83
81
81
79
79
78
78
76
55_76
74
74
72
72
55_71
55
67
67_71
66_74
66
64
64_74
62_74
62
60
60_74
59_74
59
57
57_74
55_83
83
81
81
79
79
78
78
76
76
74
55_74
73
73
71
71
69
66
66_69
64_69
64
62
62_69
61_69
61
59
59_69
57_69
57
55
55_69
54_81
81
79
79
78
78
76
76
74
74
73
73
71
71
69
54_69
67
64
64_67
62_67
62
61
61_67
59_67
59
57
57_67
55_67
55
54
54_67
52_79
79
78
78
76
76
74
74
73
73
71
71
69
69
67
52_67
66
62
62_66
61_66
61
59
59_66
57_66
57
55
55_66
54_66
54
52
52_66
50_78
78
76
76
74
74
73
73
71
71
69
69
67
67
66
50_66
43_71
71
69
69
67
67
66
66
64
64
62
62
61
61
59
43_59
45_59
59
57
57
59
59
57
57
45_57_64
76
76
73
73
73
73
77
77
74
57_64_74
57_65_74
74
81
81
74
74
74
74
81
81
74
57_65_74
57_68_74
74
86
74
86
74
74
74
86
74
86
57_68_74
57_69_85
85
76
76
73
69_73
64_73
73
77
77
74
57_64_74
57_65_74
74
81
81
74
74
74
74
81
81
74
57_65_74
57_68_74
74
86
74
86
74
74
74
86
74
86
57_68_74
57_69_85
85
81
81
79
79
78
78
76
57_69
69
69_76
67_76
67
66
66_76
64_76
64
62
62_76
61_76
61
59
59_76
57_76
57
55
55_76
54_76
54
52
52_76
50_78
78
79
79
81
81
73
50_73
54_74
74
76
76
78
78
69
54_69
55_71
71
73
73
74
74
66
55_66
55_67
67
69
69
71
71
64
55_64
57_66
66
67
67
69
69
62
57_62
45_66
66
64
64
62
62
61
45_61
50_62
62
66
66
64
64
62
62
69
50
78
78
76
76
74
74
57
69
64
64
62
62
61
61
67
57
64
64
62
62
61
61
50
67
66
66
64
64
62
62
69
50
78
78
76
76
74
74
57
69
64
64
62
62
61
61
67
57
64
64
62
62
61
61_67
50_66
66
69
69
66
66
66
66
74
74
69
50_69
54_69
69
78
78
74
74
74
74
81
69
81
54_69
55_71
71
83
83
81
81
79
79
78
78
76
55_76
57_74
74
76
76
74
74
73
73
74
74
76
57_76
45_78
78
76
76
78
78
76
76
78
78
76
76
74
45_74
50_74
50_74
54_86
86
78
54_78
55_76
55_76
57_85
57
54
85
54
50_86
86
78
50_78
55_76
55_76
57_85
57
54
85
54
50_86
86
81
50_81
55_83
83
79
55_79
49_81
81
76
49_76
50_78
78
73
50_73
42_74
74
69
42_69
43_78
78
76
76
78
78
76
43
76
45_78
78
76
76
74
74
76
45
76
38_74
38_74
