84
84
72
72
36
36
79
79
60_77
77
75
75
74
74
72
60_72
62_71
71
74
74
80
80
79
62_79
65_71
71
74
74
77
77
75
65_75
63_67
67
72
72
77
77
75
63_75
59_65
65
71
71
75
75
74
59_74
60_63
63
72
72
75
75
74
60_74
53_68
68
80
80
77
77
74
53_74
55_72
55
62
62_72
65_71
65
63
63
55
55
62_71
62
65_74
65
63
63
56
56
60_74
60
63_72
63
62
62
53
53
59_72
59
62_74
62
60
60
55
55
62_74
62
65_71
65
63
63
55
55
62_71
62
65_74
65
63
63
56
56
60_74
60
63_72
63
62
62
53
53
59_72
59
62_74
62
60
60
55_59_62
79
74
79
74
74
71
55_59_62_71
51_55_60_72
75
72
75
72
72
67
51_55_60_67
50_53_60_68
77
68
77
74
74
72
50_53_60_72
50_53_59_65
65
71
71
74
74
77
50_53_59_77
48_75
48
55
55
58
58
56
75
56
47
47
53
53
56_74
56
55
55
48
48
55_74
55
58_72
58
56
56
47
47
53_72
53
56_74
56
55
55
48
48
56_74
56
60_75
60
59
59
50
50
59_75
59
62_77
62
60
60
51
51
60_77
60
63_79
63
62
62
53
53
62_79
62
65_80
65
63
63
55
55
63_80
63
67_82
67
65
65
56
56
65_82
65
68_77
68
67
67
58
77
79
79
77
77
75
58_75
62_74
74
72
72
70
70
68
62_68
63_67
75
67
75
79
79
77
63_77
62_68
77
68
77
80
80
79
62_79
63_67
75
67
75
79
79
77
63_77
62_68
77
68
77
80
80
79
62_79
63_67
67
75
75
79
79
77
63_77
62_65_71
77
71
77
80
80
79
62_65_79
63_67_72
84
72
84
81
81
79
63_67_79
60_66_72
78
72
78
79
79
81
60_66_81
58_62_67_74
79
74
79
82
82
81
58_62_67_81
54_62_72
81
72
81
78
78
72
54_62_72
55_62_70
79
70
79
74
74
70
55_62_70
51_60_69
72
69
72
75
75
67
51_60_67
50_67
67
66
50_66
57_67
67
66
57
60
60
58
58
50
66
50
57
57
60_69
60
58
58
51
51
55_69
55
58_67
58
57
57
48
48
54_67
54
57_72
57
55
55
50
50
57_72
57
60_69
60
58
58
50
50
57_69
57
60_66
60
58
58
51
51
55_66
55
58_67
58
57
57
48
48
54_67
54
57_72
57
55
55
48_54_57
72
74
74
69
69
66
48_54_57_66
46_55_67
79
67
79
74
74
70
46_55_70
45_55_81
81
78
78
75
75
72
45_55_72
45_54_69
69
66
66
62
62
72
45_54_72
43_55_70
70
74
74
70
70
66
43_55_66
46_55_67
67
70
70
67
67
62
46_55_62
48_60_63
63
72
72
74
74
75
48_60_75
50_62_74
74
72
72
70
70
69
50_62_69
55_70
55
67
67
62
62
58_70
58
55_74
55
50
50
46
46
43_74
43
48_75
48
60
60_75
62_67
62
63
63
50_62
50_62_67
60_66
60_66
58_67
58_67
57_69
57_69
43_55_70
70
79
79
74
74
70
43_55_70
46_55_67
67
74
74
67
67
62
46_55_62
36_63
63
75
75
74
74
72
36_72
38_70
70
69
69
67
67
66
38_66
43_67
67
43
55
74
74
77
77
75
55_75
55_67
74
67
74
77
77
75
55_75
56_65
71
65
71
74
74
72
56_72
53_65
71
65
71
74
74
72
53_72
55_72
72
71
55_71
62_72
72
71
62
65
65
63
63
55
71
55
62
62
65_74
65
63
63
56
56
60_74
60
63_72
63
62
62
53
53
59_72
59
62_77
62
60
60
53_59_62
77
79
79
74
74
71
53_59_62_71
51_55_60_72
72
75
75
72
72
67
51_55_60_67
50_53_60_68
68
77
77
68
68
65
50_53_60_65
50_53_59_71
71
74
74
65
65
77
50_53_59_77
48_77
77
76
48_76
55_77
77
76
55
58
58
56
56
48
76
48
55
55
58_76
58
56
56
49
49
53_76
53
56_77
56
55
55
46
46
52_77
52
55_82
55
53
53
48
48
55_82
55
58_79
58
56
56
48
48
55_79
55
58_76
58
56
56
49
49
53_76
53
56_77
56
55
55
46
46
52_77
52
55_82
55
53
53
46_52_55
82
84
84
76
76
79
46_52_55_79
44_53_77
77
80
80
77
77
72
44_53_72
43_55_73
73
82
82
79
79
76
43_55_76
48_55_58_70
70
82
82
80_82
80_82
79
48_55_58_79
53_60_80
80
77
77
72
72
68
53_60_68
53_62_65
65
80
80
79_80
79_80
77
53_62_77
51_60_79
79
75
75
72
72
67
51_60_67
51_60_63
63
79
79
77_79
77_79
75
51_60_75
50_60_77
77
74
74
71
71
65
50_60_65
50_59_62
62
77
77
75_77
75_77
74
50_59_74
48_75
48
53
53_75
56_72
56
55
55
47
47
53_72
53
56_74
56
55
55_74
48_75
48
53
53_75
56_72
56
55
55
47
47
53_72
53
56_74
56
55
55
48
48
56_74
56
60_75
60
59
59
50
50
59_75
59
62_77
62
60
60
51
51
60_77
60
63_79
63
62
62
53
53
62_79
62
65_80
65
63
63
55
55
63_80
63
67_79
67
65
65
56
56
65_79
65
68_77
68
67
67
59_62
77
79
79
74
74
77
59_62_77
60_63_75
75
79
79
72
72
75
60_63_75
53_60_74
74
77
77
79
79
80
53_60_80
55_59_79
79
77
77
75
75
74
55_59_74
48
48
56
56
60_75
60
59
59
50
50
59_75
59
62_77
62
60
60
51
51
60_77
60
63_79
63
62
62
53
53
62_79
62
65_80
65
63
63
55
55
63_80
63
67_79
67
65
65
56
56
65_79
65
68_77
68
67
67
59_62
77
79
79
74
74
77
59_62_77
60_63_75
75
79
79
72
72
75
60_63_75
53_60_74
74
77
77
79
79
80
53_60_80
55_59_79
79
77
77
75
75
74
55_59_74
72_75
72
67
67
63
63
60
75
60
55
55
51
51
48_79
48
60
60_79
53_80
53
65
65_80
67_72
67
68
68
55_67
67_72
65_71
65_71
63_72
63_72
62_74
55
62_74
60_75
75
84
84
79
79
75
60_75
51_60_72
72
79
79
72
72
67
51_60_67
41_53_68
68
80
80
79
79
77
41_53_77
43_55_75
75
74
74
72
72
71
43_55
71
36_48_72
36_48_72
