82
82
81
81
79
79
77
77
75
75
74
74
72
72
70
70
69
69
67
67
66
66
64
64
62
62
60
60
58
58
57
57
55_70
70
69
69
67
67
65
65
63
63
62
62
60
60
58
55_58
57
57
55
55
54
54
52
52
50
50
48
48
46
46
45
45
43
79
79
78
78
79
79
43_74
74
55_70
70
67
55_67
48_75
75
72
72
60_74
74
75
48_60_75
54_74
74
70
54_70
50_72
72
69
50_69
55_70
55
67
67
66
66
67
67
62
62
58
58
55
55
63
63
60
60_70
62_72
62
63
63_72
62_74
62
58
58_74
60_75
60
57
57_75
58_74
74
67
67
66
66
67
67
69
58_69
55_70
70
67
55_67
48_69
69
70
48_70
51_72
72
69
51_69
50_70
70
67
50_67
48_69
69
66
48_66
46_67
46
55
55
54
54
55
55
57
57
58
58
55
55
57
57
58
58_67
60_66
60
57
57_66
58_67
58
55
55_67
57_69
57
54
54_69
55_70
70
69
55_69
67_70
70
72
67_72
65_74
74
72
65_72
63_74
74
75
63_75
62_77
77
74
62_74
58_79
79
77
58_77
60_75_77
75_77
74
60_74
53_75
75
77
53_77
46_74_86
86
84
84
82
82
74_81
46_81
50_79
79
77
77
75
75
74
50_74
51_72
72
70
70
69
69
67
51_67
53_65
65
63
63
62
62
60
53_60
58_74
74
72
72
70
70
69
69
67
67
65
58_65
63
63
62
62
60
60
58
58
57
57
55
55
53
53
51
51
50
50
48
48
46
82
82
81
81
82
82
74
46_74
58_70_76
76
77
58_70_77
60_70_76
76
77
60_70_77
60_70_79
79
80
60_70_80
60_70_82
82
79
60_70_79
60_70_77
77
76
60_70_76
60_65_68_76
60_65_68_76
60_65_68_77
60_65_68
60_65_68
77
77
60_65_68_77
60_65_68_79
79
80
60_65_68_80
59_65_67_80
80
79
59_65_67_79
59_65_67_79
79
77
59_65_67_77
59_65_67_77
77
75
59_65_67_75
59_65_67_75
75
74
59_65_67_74
60_67_72_75
60_67_72_75
60_72_84
84
83
60_72_83
60_72_84
84
76
60_72_76
60_72_78
78
79
60_72_79
62_72_78
78
79
62_72_79
62_72_81
81
82
62_72_82
62_72_84
84
81
62_72_81
62_72_79
79
78
62_72_78
62_67_70_78
62_67_70_78
62_67_70_79
62_67_70
62_67_70
79
79
62_67_70_79
62_67_70_81
81
82
62_67_70_82
61_67_69_82
82
81
61_67_69_81
61_67_69_81
81
79
61_67_69_79
61_67_69_79
79
77
61_67_69_77
61_67_69_77
77
76
61_67_69_76
62_69_77
62_69_77
62_69_86
86
85
62_69_85
62_69_86
86
82
62_69_82
62_69_84
84
81
62_69_81
55_62_67_82
82
79
55_62_67_79
55_62_67_81
81
77
55_62_67_77
55_62_67_79
79
76
55_62_67_76
55_62_67_77
77
74
55_62_67_74
57_69_73
73
81
81
80
80
79
79
78
78
77
77
76
76
74
57_69_74
73
69
69
68
68
67
67
66
66
65
65
64
64
62_73
62
61
57
57
56
56
55
55
54
54
53
53
52_61
52
50
50
49
49
50
50
48
48
46
46
45
45
43
43
41
41
40
40
38
86
86
85
85
86
86
38_81
81
53_77
77
74
53_74
55_82
82
79
79
43_81
81
76
43_55_76
57_77
77
74
74
45_76
76
73
45_57_73
50_74
74
81
81
80
80
79
79
78
78
77
50_77
76
76
74
74
73
69
69
68
68
67
67
66
66
65
65
64
64
62_73
62
61
57
57
56
56
55
55
54
54
53
53
52_61
52
50
50
49
49
50
50
48
48
46
46
45
45
43
43
41
41
40
40
38
86
86
85
85
86
86
81
38_81
53_77
77
74
53_74
55_82
82
79
79
43_81
81
76
43_55_76
57_77
77
74
74
45_76
76
73
45_57_73
50_74
74
85
50_85
53_86
86
81
53_81
55_82
82
79
55_79
49_81
81
76
49_76
50_77
77
73
50_73
53_74
74
69
53_69
55_77
77
76
76
77
77
76
55_76
57_77
77
76
76
74
74
76
57_76
50_74
74
73
50_73
53_74
74
69
53_69
55_70
70
67
55_67
49_69
69
64
49_64
50_65
65
61
50_61
41_62
62
57
41_57
43_65
65
64
64
65
65
64
43_64
45_65
65
64
64
62
62
64
45_64
38_62
62
38
38_62
74
62
74
62
62
64
64
66
66
67
67
69
69
70
38_70
50_60_70
70
72
60_72
60
60
62
62
64
64
66
66
67
67
69
50_69
50_58_69
69
70
58_70
58
58
60
60
62
62
64
64
66
66
67
50_67
50_57_67
67
69
57_69
57
57
58
58
60
60
62
62
64
64
66
50_66
50_55_66
66
67
55_67
55
55
57
57
58
58
60
60
62
62
64
64
66
50
62
62
50
50
52
52
54
54
55
55
57
57
58
58_66
58_75
58
60
60
48
48
50
50
52
52
54
54
55
55
57
57_75
57_74
57
58
58
46
46
48
48
50
50
52
52
54
54
55
55_74
55_72
55
57
57
45
45
46
46
48
48
50
50
52
52
54
54
55
72
74
74
70
70
72
72
74
74
70
70
43_69
69
67
43_55_67
48_75
75
72
72
74
74
70
48_70
51_72
72
69
69
70
70
67
51_67
50_66
66
69
69
74
74
66
50_66
51_60_67
67
72
72
79
79
72
51_60_72
50_78
78
69
69
62_74
74
78
50_78
51_79
79
67
62_67
60_72
72
79
51_60_79
50_78
78
69
69
62_74
74
78
50_78
51_79
79
67
62_67
60_72
72
79
51_60_79
50_78
78
69
69
62_74
74
78
50_78
51_79
79
67
62_67
60_72
72
79
51_60_79
50_81
81
86
86
85
85
84
84
83
83
82
50_82
81
81
79
79
78
74
74
73
73
72
72
71
71
70
70
69
69
67_78
67
66
62
62
61
61
60
60
59
59
58
58
57_66
57
55
55
54
54
55
55
53
53
51
51
50
50
48
48
46
46
45
45
43
79
79
78
78
79
79
74
43_74
58_70
70
67
58_67
60_75
75
72
72
48_74
74
69
48_60_69
62_70
70
67
67
50_69
69
66
50_62_66
55_67
67
86
86
85
85
84
84
83
83
55_82
82
81
81
79
79
78
74
74
73
73
72
72
71
71
70
70
69
69
67_78
67
66
62
62
61
61
60
60
59
59
58
58
57_66
57
55
55
54
54
55
55
53
53
51
51
50
50
48
48
46
46
45
45
43
79
79
78
78
79
79
43_74
74
58_70
70
67
58_67
60_75
75
72
72
48_74
74
69
48_60_69
62_70
70
67
67
50_69
69
66
50_62_66
43_67
67
78
43_78
58_79
79
74
58_74
60_75
75
72
60_72
54_74
74
69
54_69
55_70
70
66
55_66
46_67
67
62
46_62
48_70
70
69
69
70
70
69
48_69
50_70
70
69
69
67
67
69
50_69
43_67
67
66
43
66
46_67
67
62
46
62
48_63
63
60
48
60
42_62
62
57
42
57
43_58
58
54
43_54
46_55
55
50
46
50
48_58
58
57
57
58
58
57
48
57
50_58
58
57
57
55
55
57
50
57
43_55
43_55
