83
81
80
78
81
75
80
76
71
71_78
80
78
80
78
78
71
80
78
80
78
78
71
80
78
80
78
83
81
80
78
81
75
80
76
71
78
71
80
78
80
78
78
71
80
78
80
78
78
71
80
78
80
78
71
69
68
69
66
63
68
64
59
59_66
68
66
68
66
78
59
66
80
78
80
78
78
66
59
80
78
80
78
71
69
68
69
66
63
68
64
59
66
59
68
66
68
66
78
66
59
80
78
80
78
80
78
66_78
59
80
78
80
78
47
78
81
80
78
76
75
73
71
69
68
66
68
52
64
68
66
64
63
61
59
57
56
54
52
51
78
81
80
78
51
76
75
73
71
51
69
68
66
68_80
52
64
59
78
76
64
52
59
75
59_64
52
76
70_80
61
64
54
78
76
54
61_64
75
54
61
64
76
80
71
56
59
64
78
76
56
64
59
75
56
64
59
76
80
61
58
73
64
78
76
58
64
61
75
58
61_64
76
78
66
47
59
54
76
75
59
54
47
73
47
59
54
75
49
61
76
64
52
75
73
61
52_59
71
61
70
59
53
71
73
54
61
71
73
71
73
71
73
71
73
71
70
42
73
66
42
66_73
66
73
73
66
42
66
73
66_75
42
78
61_73
54
66
61
54
54
61
61
54
70
61
54
63
54
71
66
66
73
42
66
73
73
66
66
73
42
73
66
75
66
42
78
73
61
54
70
70
71
71
61
54
73
73
75
75
61
54
76
76
78
61
58
78
52
80
80
82
82
61
52
58
61
52
58
83
80
80
59
51
54
78
83
80
80
51
59
54
78
80
78
80
78
80
78
80
59
51
54
78
80
78
80
78
76
75
64
75
59
52
73
75
76
63
54
71
59
70
61
54
71
70
71
70
71
70
68
70
71
56
59
73
73
75
75
56
59
76
76
78
59_80
52
78
80
71
42
66
73
66
73
66
73
73
66
42
66_73
66
75
42
78
54_61
66_73
61
54
54_61
61
54
70
61
54
63
54
71
73
71
73
66
71
73
71
70
71
73
66
42
73
66
73
66
66
73
42
73
66
66_75
42
78
61_73
54
70
70
71
71
61
54
73
73
75
61
54_75
76
76
78
61
58
78
52
80
80
82
61
82
58
52
61
58
52
83
80
80
59
51
54
78
83
80
80
51
59
54
78
80
78
80
78
80
78
80
59
51
54
78
80
80
78
76
75
75
64
59
52
73
75
76
63
54_59
71
70
61
54
70
71
70
71
70
71
70
71
47
71
75
71
75
71
75
47
78
75
76
42
73
73
66
75
71
47
75
71
75
71
75
71
47
75
78
76
42
73
66
73
75
71
47
83
83
83
59
80
83
83
51
83
59
78
83
83
83
59
52
80
78
76
76
54
59
75
73
71
73
54
75
73
75
73
71
73
75
71
59
83
83
83
47
80
83
83
51
83
78
83
83
83
52
80
78
76
76
54
75
73
71
73
42
75
73
75
73
75
73
75
73
71
73
71
47
71
59
66
66
63
66
66
68
59
64
76
76
69
66
59
75
75
75
59
78
68
71
59
76
66
69
59
81
81
75
66
59
81
76
71
68
59
80
78
80
66
59
78
75
78
80
66
59
75
78
80
78
66
59
76
75
66
81
63
57
78
75
66
57
63
72
72
66
57
63
73
75
73
72
73
56_75
68
44
75
68
75
68
68
75
56
44
75
68
44
76
68
56
73
80
75
63
56
63
56
56
63
63
56
72
56
63
64_73
56
75
73
75
68
73
72
73
75
68
44
56
68_75
75
68
68
75
44
56
75
68
68_76
44
56
73
80
75
76
63
56
72
75
76
75
63
56
72
75
76
56_63
75
73
72
81
63
54
72
81
81
81
63
54
72
81
63
84
72
54
84
61
64
85
52
73
80
64
52
61
76
64
57
61
73
75
66
69
54
76
78
56
76
68
64
74
73
54
62
74
83
76
74
73
74
61
59
73
53
86
85
61
83
59
53
81
80
81
83
81
61
73
54
57
80
81
68
83
74
66
59
81
80
73
69
81
61
66
79
78
67
59
88
79
64
81
79
78
79
78
66
58
64
85
86
66
88
58
64
86
85
86
88
66
86
78
62
59
85
86
88
79
64
52
86
85
78
83
62
54
74
83
82
73
66
54
83
71
35
71
78
78
71
78
71
35
78
71
80
35_71
76
83
78
66
71
59
66
59
66
59
59_66
75
66
59
68
59
76
78
76
78
71
76
75
76
78
71
35
78
71
78
71
78
71
35
78
71
80
71_76
35
83
78
66
59
75
75
76
76
66
59
78
78
80
66
80
59
81
81
83
66
83
63
57
85
85
87
66
87
63
57
66
57_63
88
85
85
64
56
59
83
88
85
56
64
59
83
85
83
85
83
85
83
64
56
59
85
83
85
83
81
80
69
80
57
64
78
80
81
68
76
59
64
66
75
59
76
75
76
75
76
75
76
64
78
78
80
80
61
64
81
81
83
85
57
83
85
76
78
35
71
78
71
78
71
78
71
35
78
71
80
71_76
35
83
78
66
59
66
59
66
59
66
59_75
59
66
68
59
76
78
76
78
71
76
75
76
35_78
71
78
71
78
71
71
78
35
78
71
80
35_71_76
83
78
66
59
75
75
76
76
66
59
78
78
80
66
80
59
81
81
83
66
83
57
63
85
85
87
66
87
57_63
66
63
57
88
85
85
56
64
59
83
88
85
56
83
64
59
85
83
85
83
85
83
56
64
59
85
83
85
83
81
80
64_80
57_69
78
80
81
59
64
68
76
75
66
59
76
75
75
76
75
76
52
40
83
80
80
40_52_76
80
83
78
81
35
47
78
71
80
76
40
52
83
80
80
76
52
40
80
83
78
81
47
35
78
71
80
52
40_76
88
88
88
52
85
88
88
56
88
83
88
88
88
57
85
83
81
81
59
80
78
76
78
47
80
80
76
78
40_76
52
83
80
80
76
40
52
80
83
78
81
47
35
78
71
80
76
40
52
83
80
80
52
76
40
80
83
78
47_81
35
78
71
80
76
52
40
88
88
88
52
85
88
88
88
56
83
88
88
88
57
85
83
81
81
59
80
78
76
78
47
80
78
80
80
78
80
78
76
78
40_76
52
