78
78
76
76
74
74
81
81
69
69
66_74
66
64
64
62
62
69
74
69
57_76
57_76
62_78
78
74
74
79
79
76
76
81
81
78
78
83
83
79
79
62
81
81
78
78
79
79
76
76
78
78
74
74
64_76
76
73
64_73
66_74
66
62
62
67
67
64
64
69
69
66
66
71
71
67
67
69
69
66
66_74
67_73
67
64
64_73
66_74
66
62
62_74
64_76
64
61
61_76
62_78
78
74
74
79
79
76
76
81
81
78
62_78
55_83
83
79
55_79
57_81
81
78
78
79
79
76
57_76
45_78
78
74
74
76
76
73
45_73
38_50_74
74
81
81
78
78
81
81
74
74
78
78
69
69
74
74
66
66
69
69
62
62
66
66
57
57
62
62
54
54
57
38_50_57
38
38
62
62
71
71
69
69
76
76
74
74
78
78
76
76
74
74
76
76
74
74
73
73
71
71
69
69
67
67
66
66
64
64
50_62
50
59
59
57
57
62_64
64
62
62
66
66
64
64
62
62
64
64
62
62
61
61
59
59
57
57
55
55
54_76
54
52
52_76
50_78
78
81
50_81
52_73
73
76
52_76
54_74
74
78
54_78
55_76
76
74
55_74
57_73
73
76
57_76
59_71
71
76
59_76
61_69
69
76
61_76
57_67
67
76
57_76
62_66
62
69
66_69
61_81
61
64
64
62
62
66_81
66
64_74
64
62
62_74
61_76
61
64
64_76
59_81
59
64
64
57
57
64_81
64
55_73
55
64
64_73
54_81
54
62
62_81
52_79
52
61
61_79
50_78
50
59
59_78
49_76
49
57
57_76
47_74
47
56
56_74
45_73
45
54
54_73
44_71
44
52
52_71
42_69
42
51
51_69
40_71
71
69
69
68
68
66
66
64
64
62
62
40
61
61
59
59
45_57
57
62
62
61
61
66
66
64
64
73
73
71
71
69
45_69
40_71
71
69
69
68
68
66
66
64
64
62
62
61
61
59
40_59
45_57
45
50
50
49
49
54
54
52
57
52
61
61
59
59
57
57
59
59
57
57
56
56
54
54
52
52
50
50
49_71
49
47
47_71
45_73
73
69
45_69
47_74
74
71
47_71
49_76
76
73
49_73
50_78
78
74
50_74
52_80
80
76
52_76
54_81
81
78
54_78
56_83
83
74
56_74
52_73
73
71
52_71
57_73
73
69
57_69
59_74
74
71
59_71
61_76
76
73
61_73
62_71
71
69
62_69
64_68
68
71
64_71
66_69
69
73
66_73
68_71
71
74
68_74
64_73
73
71
64_71
57_73
57
69
69_73
66_81
66
69
69_81
56_71
56
68
68_71
64_80
64
68
68_80
54_69
54
66
66_69
62_78
62
66
66_78
52_68
52
64
64_68
61_76
61
64
64_76
50_66
50
62
62_66
59_74
59
62
62_74
49_64
49
61
61_64
57_73
57
61
61_73
47_62
47
59
59_62
56_71
56
59
59_71
45_61
45
47
47_61
49_69
49
50
50_69
52_68
68
71
52_71
54_69
69
73
54_73
56_71
71
74
56_74
52_73
73
71
52_71
57_73
73
76
57_76
50_74
74
71
50_71
52_73
73
69
52_69
40_71
71
68
40_68
57_61_69
81
57_61_69_81
59_62_69
80
59_62_69_80
61_64_69
81
61_64_69_81
62_66_69
83
62_66_69_83
61_64_69
81
61_64_69_81
59_62_69
80
59_62_69_80
61_64_69
81
61_64_69_81
62_66_69
69
83
62_66_83
61_64_81
81
76
61_64_76
62_78
78
74
62_74
64_73
73
71
64_71
52_69
69
68
52_68
45_69_73
45
57
57_69_73
45_71_74
45
56
56_71_74
45_69_73
45
57
57_69_73
45_68_71
45
59
59_68_71
45_69_73
45
57
57_69_73
45_71_74
45
56
56_71_74
45_69_73
45
57
57_69_73
45_68_71
45
59
59_68_71
45_69_73
45
57
57_69_73
45_71
45
56
56_71
45_73
45
57
57_73
47_74
47
56
56_74
49_76
76
69
49_69
50_71
71
74
50_74
52_73
73
69
52_69
40_71
71
68
40_68
69
57
57_69
61_76
61
57
57
64
64
52
52_76
56_74
56
52
52_74
57_73
57
45
45_73
49_76
49
45
45
52
52
40
40_76
44_74
44
40
40_74
45_73
73
76
45_76
50_74
74
71
50_71
52_73
73
69
52_69
40_71
71
68
40_68
45_69
45_69
57_81
57_81
61_76
61
57
57
64
64
52
52_76
56_74
56
52
52_74
57_73
57_73
45_81
45_81
49_76
49
45
45
52
52
40
40_76
44_74
44
40
40_74
45_73
73
76
45_76
50_74
74
71
50_71
52_73
73
69
52_69
40_71
71
68
40_68
33_45_69
69
81
81
73
73
76
76
69
69
73
73
64
64
69
69
61
61
64
64
57
57
61
61
52
52
57
57
49
49
52
33_45_52
33_45
33_45
54_61_64_66_70_71_73_76
66_70_71_73
73
73
71
71
70
70
70
54_61_64_70
76
54_59_62_66_71_73_74_78
66_71_73_74
74
74
73
73
71
71
71
54_59_62_71
78
54_59_61_64_71_73_74_78
74_78
76
76
74
71_73
74
73
73
71
54_59_61_64_71
54_66_71
71
70
70
71
71
70
70
71
71
70
54_66_70
54_61_64_67_70_73_76_79
67_70_73_76
76
76
73
73
70
70
70
54_61_64_70
79
54_59_62_71_73_74_78
71_73_74
74
74
73
73
71
71
71
54_59_62_71
78
54_59_61_65_71_73_74_78
74_78
76
76
74
71_73
74
73
73
71
54_59_61_65_71
54_66_71
71
70
70
71
71
70
70
71
71
70
54_70
66
43_50_55_67_71_74_79
71_74
74
74
71
67
71
67
67
67
43_50_55_67
79
43_50_55_67_71_74_79
71_74
74
74
71
67
71
67
67
67
43_50_55_67
79
43_50_55_67_71_74_79
67_71_74
67
79
43_50_55_67
43_50_55_71_74_77_83
71_74_77
71
83
43_50_55_71
36_48_72_76_84
36
48_72_76_84
48_55_60_72_76_79_84
76_79
79
79
76
72
76
72
84
84
72
48_55_60_84
55_62_74_84
84
83
83
81
81
83
74
76
83
55_62_76
50_62_77_83
77_83
72_81
81
80
50_62_72_80
53_62_72_81
72
74
81
53_62_74
52_64_71_76_81
81
80
80
78
78
80
52_64
62
62_80
71_76
60
60
59
59
48_55_60_72_76_79_84
76_79
79
79
76
72
76
72
84
84
72
48_55_60_84
55_62_74_84
84
83
83
81
81
83
74
76
83
55_62_76
50_62_77_83
77_83
72_81
81
80
50_62_72_80
53_62_72_81
72
74
81
53_62_74
52_64_71_76_81
81
80
80
78
78
80
52_64
59
59
56
56
59
80
71_76
59
52_64
64
69
69
68
68
72
72
71
71
74
74
72
72
71
52_71
45_72
45
50
50
48
48
53
53
52
52
60
60
59
59
57
57_72
40_64
64
69
69
68
68
72
72
71
71
74
74
72
72
71
40_71
45_72
72
71
71
69
69
76
45_76
47_74
74
72
72
71
71
77
47_77
48_76
76
77
77
79
79
77
77
76
76
74
74
48
72
72
70
70
41_53_69
69
67
67
65
65
67
67
69
69
70
70
72
72
74
41_53_74
36_48_76
76
77
77
79
79
77
77
76
76
74
74
72
72
70
36_48_70
41_53_69
69
67
67
65
65
41_53
41_48_53_65_69_72_77
69_72
72
72
69
65
69
65
65
77
77
41_48_53_77
48_55_60_67_77
77
76
76
74
74
76
67
69
76
48_55_60_69
43_50_55_70_76
70_76
65_74
74
73
43_50_55_65_73
46_55_65_74
65
67
74
46_55_67
45_57_64_69_74
74
73
73
71
71
73
45_57
55
55_73
64_69
53
53
52
52
41_53_65_69_72_77
69_72
72
72
69
65
69
65
77
77
65
41_53_77
48_55_60_67_77
77
76
76
74
74
76
67
69
76
48_55_60_69
43_50_55_70_76
70_76
65_74
74
73
43_50_55_65_73
46_55_65_74
65
67
74
46_55_67
45_57_64_69_74
74
73
73
71
71
73
45_57
52
52
49
49
52
52_73
64_69
45_69
69
74
74
73
73
78
78
76
76
79
79
78
78
76
45_76
50_78
50
55
55
54
54
59
59
57
57
62
62
61
61
59
59_78
45_57_69
69
74
74
73
73
78
78
76
76
79
79
78
78
76
45_57_76
50_57_78
78
86
86
81
81
86
86
78
78
81
81
74
74
78
50_57_78
42_69
69
74
74
66
66
69
69
62
62
66
66
57
57
62
42_62
43_59
59
55
55
62
62
59
59
67
67
62
62
71
71
67
43_67
55_74
74
71
71
79
79
74
74
83
83
79
79
78
78
76
55_76
45_57_78
78
81
81
86
86
81
81
78
78
81
81
78
78
74
45_57_74
45_52_55_76
76
74
74
76
76
79
79
69
69
74
74
73
73
76
45_52_55_76
50_74
50
45
45
54
54
50
50
57
57
54
54
62
62
57
57
66
66
62
62
69
69
67
67
66
66
64
64
62
62
61
61
62
74
83
83
81
81
79
79
78
78
76
76
74
74
73
62_73
42_86
86
85
85
83
83
81
81
79
79
78
78
76
76
74
42_74
43_83
83
81
81
79
79
78
78
76
76
74
74
73
73
71
43_71
45_76
76
74
74
73
73
71
71
69
69
67
67
66
66
64
45_64
50_62
50
45
45
54
54
50
50
57
57
54
54
62
62
62
57
57
66
66
62
62
69
69
67
67
66
66
64
64
62
62
61
61
62
83
83
81
81
79
79
78
78
76
76
74
74
73
62_73
42_86
86
85
85
83
83
81
81
79
79
78
78
76
76
74
42_74
43_83
83
81
81
79
79
78
78
76
76
74
74
73
73
71
43_71
45_76
76
74
74
73
73
71
71
69
69
67
67
66
66
64
45_64
50_54_62
62
74
50_54_74
52_55_62
62
73
52_55_73
54_57_62
62
74
54_57_74
55_59_62
62
76
55_59_76
54_57_62
62
74
54_57_74
52_55_62
62
73
52_55_73
54_57_62
62
74
54_57_74
55_59_62
62
76
55_59_76
54_57_74
74
69
54_57_69
55_71
71
67
55_67
57_66
66
74
57_74
45_64
64
73
45_73
50_74
50
62
62_74
50_76_79
50
61
61_76_79
50_74_78
50
62
62_74_78
50_73_76
50
64
64_73_76
50_74_78
50
62
62_74_78
50_76_79
50
61
61_76_79
50_74_78
50
62
62_74_78
50_73_76
50
64
64_73_76
50_74_78
50
62
62_74_78
50_73_76
50
64
64_73_76
50_74_78
50
62
62_74_78
50_76_79
50
61
76_79
61
54_62_86
86
81
54_81
55_83
83
79
55_79
57_78
78
76
57_76
62
45_74
74
73
45_73
50_74
50
62
62_74
66_81
66
62
62
69
69
57
57_81
61_79
61
57
57_79
62_78
62
50
50_78
54_81
54
50
50
57
57
45
45_81
49_79
49
45
45_79
50_78
78
81
50_81
55_79
79
76
55_76
57_78
78
74
57_74
45_76
76
73
45_73
50_74
50_74
62_86
62_86
66_81
66
62
62
69
69
57
57_81
61_79
61
57
57_79
62_78
62_78
50_86
50_86
54_81
54
50
50
57
57
45
45_81
49_79
49
45
45_79
50_78
78
86
50_86
55_83
83
79
55_79
57_78
78
86
57_86
45_76
76
85
45_85
38_74
74
86
86
78
78
81
81
74
74
78
78
69
69
74
38_74
38_66
66
69
69
62
62
66
66
57
57
62
62
54
54
57
57
38
38_50
38_50
