48_52_55_60_67_72_76
72
72
72
72
72
72
72
72
48_52_55
60_67_72_76
45_48_52_57_69_72_76
72
72
72
72
72
72
72
72
45_48_52_57
69_72_76
41_48_53_69_72_81
72
72
72
72
72
72
72
72
41_48_53
69_72_81
36_40_43_48_72_76_79_84
72
72
72
72
72
72
72
72
36_40_43_48
72_76_79_84
41_53_77_81
77_81
76_79
76_79
74_77
41_53_74_77
43_55_72_76
72_76
71_74
43_55_71_74
36_48_71_74
71_74
72_76
72_76
36_48
48_52_55_60_67_72_76
72
72
72
72
72
72
48_52_55_60_67_72_76
72
72
45_48_52_57_69_72_76
72
72
72
72
72
72
45_48_52_57_69_72_76
72
72
41_48_53_69_72_81
72
72
72
72
72
72
41_48_53_69_72_81
72
72
36_40_43_48_72_76_79_84
72
72
72
72
72
72
36_40_43_48_72_76_79_84
72
72
41_53_77_81
77_81
76_79
76_79
74_77
41_53_74_77
43_55_72_76
72_76
71_74
55_71_74
36_48_71_74
71_74
72_76
72_76
36_48
43
60_72_79
79
79
79
79
79
79
79
79
60_72_79
62_71_79_81
79_81
79
79
79
79
79
79
79
62_71_79
64_70_79_80
79_80
79
79
79
79
79
70_79
72_79
64_72_79
65_70_73_79
79
79
79
82
82
85
65_70_73_85
67_70_72_76_82_84
82_84
80
80
79
79
77
76_77
76
67_70_72_76
68_72_76
76
77
68_72_77
58_70_77
77
77
77
77
77
77
77
77
58_70_77
60_69_77_79
77_79
77
77
77
77
77
77
77
60_69_77
62_68_77_78
77_78
77
77
77
77
77
68_77
70_77
62_70_77
63_68_71_77
77
77
77
80
80
83
63_68_71_83
65_68_70_74_80_82
80_82
78
78
77
77
75
74_75
74
65_68_70_74
66_70_74
74
75
66_70_75
66_70_75
75
75
75
75
75
75
66_70_75
65_68_77
65_68_77
63_66_78
78
75
75
75
75
75
63_66_75
61_65_77
61_65_77
60_63_78
78
75
75
75
75
75
60_63_75
58_65_73_77
58_65_73_77
56_66_72_78
78
78
78
78
78
78
78
78
56_66_72_78
56_66_72_78_80
78_80
78
78
78
78
78
78
78
56_66_72_78
57_60_62_66_72_78
78
84
72_84
84
84
81
57_60_62_66_81
57_60_62_66_81
81
78
78
78
78
72
57_60_62_66_72
55_62_67_74
74
72
72
74
74
72
72
71
71
69
69
69
69
71
55_62_67
71
67_71
71
74
74
72
72
76
76
74
74
77
77
76
76
79
67_79
65_77
77
81
81
80
80
83
83
81
81
84
84
83
83
88
65_88
64_86
86
84
84
83
83
81
81
80
80
77
77
76
76
74
64_74
57_74
74
72
72
74
74
72
72
74
74
72
57
72
66_69
69
72
72
71
71
74
74
72
72
76
76
74
74
78
66_78
64_76
76
79
79
78
78
81
81
79
79
83
83
81
81
86
64_86
62_84
84
83
83
81
81
79
79
78
78
76
76
74
74
72
62_72
55_72
72
71
71
72
72
71
71
72
72
71
55
43
71
43
47_76
47_76
45_74
45
48
74
48
47
47
50
50
48
48
52
52
50
50
54_76
54_76
52_74
52
55
74
55
54
54
57
57
50
50
54
54
43
43
47_76
47_76
45_74
45
48
74
48
47
47
50
50
48
48
52
52
50
50
54_76
54_76
52_74
52
55
74
55
54
54
57
57
50
50
54
54
43
43
47_81
47_81
45_79
45
48
79
48
47
47
50
50
43
43
50
50
48
48
52_81
52_81
50_79
50
54
79
54
52
52
55
55
54
54
57
57
43
43
47_81
47_81
45_79
45
48
79
48
47
47
50
50
43
43
50
50
48
48
52_81
52_81
50_79
50
54
79
54
52
52
55_81
55_81
54_79
54
57
79
57
55
55
59_81
59_81
57_79
57
60
60
59
79
78
59_78
55_76
76
74
55_74
60_76
76
71
71
48_72
72
69
60
48_69
50_67
67
38_67
67
66
66
64
64
66
66
50
43_67
38
43_67
47_76
47_76
45_74
45
48
74
48
47
47
50
50
48
48
52
52
50
50
54_76
54_76
52_74
52
55
74
55
54
54
57
57
50
50
54
54
43
43
47_76
47_76
45_74
45
48
74
48
47
47
50
50
48
48
52
52
50
50
54_76
54_76
52_74
52
55
74
55
54
54
57
57
50
50
54
54
43
43
47_81
47_81
45_79
45
48
79
48
47
47
50
50
43
43
50
50
48
48
52_81
52_81
50_79
50
54
79
54
52
52
55
55
54
54
57
57
43
43
47_81
47_81
45_79
45
48
79
48
47
47
50
50
43
43
50
50
48
48
52_81
52_81
50_79
50
54
79
54
52
52
55_81
55_81
54_79
54
57
79
57
55
55
59_81
59_81
57_79
57
60
60
59
79
78
59_78
55_76
76
74
55_74
60_76
76
71
71
48_72
72
69
60
48_69
50_67
67
38_67
67
66
66
64
64
66
38
66
50
43_67
67
79
79
74
74
71
71
67
67
62
62
59
59
67
43_67
38_66
66
62
62
57
57
54
54
50
50
54
54
57
57
60
38
60
43_59
59
79
79
74
74
71
71
67
67
62
62
59
59
67
43_67
38_66
66
62
62
57
57
54
54
50
50
54
54
57
57
60
38
60
43_59
59
55
55
62
62
59
59
67
67
62
62
71
71
67
43_67
43_74
74
71
71
79
79
74
74
83
83
79
79
86
86
74
43_74
36_48_76
76
84
84
83
83
81
36_48_81
38_50_79
79
81
81
74
74
78
38_50_78
43_59
59
55
55
62
62
59
59
67
67
62
62
71
71
67
43_67
43_74
74
71
71
79
79
74
74
83
83
79
79
86
86
74
43_74
36_48_76
76
84
84
83
83
81
36_48_81
38_50_79
79
81
81
74
74
78
38_50_78
43_79
79
83
83
79
79
74
74
71
71
67
67
62
62
59
43_59
55
50
50
47
47
55
43
31
43
31
55_67_74
74
74
74
74
74
74
74
74
55_67_74
57_66_74_76
74_76
74
74
74
74
74
74
74
57_66_74
59_65_74_75
74_75
74
74
74
74
74
65_74
67_74
59_67_74
60_65_68_74
74
74
74
77
77
80
60_65_68_80
62_65_67_71_77_79
77_79
75
75
74
74
72
71_72
71
62_65_67_71
63_67_71
71
72
63_67
72
63_67_72_84
84
84
84
84
84
84
84
84
63_67_72_84
62_66_72_84
84
84
84
84
84
84
84
84
62_66_72_84
63_67_72_84
84
84
84
84
84
84
84
84
63_67_72_84
62_69_72_84
84
84
84
84
84
84
84
84
62_69_72_84
63_69_72_84
84
84
84
84
84
84
69_72_84
71_74_84
63_71_74
64_69_72_76
84
83
83
84
84
86
86
84
64_69_72_76_84
65_69_71_74_83
83
81
81
80
80
81
65_69_71_74_81
64_71_81
81
83
64_71
83
57_69_76
76
76
76
76
76
76
76
76
57_69_76
59_68_76_78
76_78
76
76
76
76
76
76
76
59_68_76
61_67_76_77
76_77
76
76
76
76
76
67_76
69_76
61_69_76
62_67_70_76
76
76
76
79
79
82
62_67_70_82
64_67_69_73_79_81
79_81
77
77
76
76
74
73_74
73
64_67_69_73
65_69_73
73
74
65_69
65_69
74
69
72
72
71
71
74
74
72
72
76
76
74
74
77
65_77
64_67_76
76
79
79
77
77
81
81
81
79_81
79_81
79_81
64_67_79
64_67
67
71
71
69
69
72
72
71
71
74
74
72
72
76
64_76
62_65_74
74
77
77
76
76
79
79
79
77_79
77_79
77_79
62_65_77
62_65
65
69
69
67
67
71
71
69
69
72
72
71
71
74
62_74
60_64_72
72
76
76
74
74
77
77
77
76_77
76_77
77
76
60_64
76
48_55_60_64
64
67
67
66
66
69
69
67
67
70
70
69
69
72
48_55_60_72
43_50_55_70
70
74
74
73
73
76
76
74
74
77
77
76
76
81
43_50_55_81
45_52_57_79
79
77
77
76
76
74
74
73
73
70
70
69
69
67
45_52_57_67
38_50_67
67
65
67
65
65
67
67
65
65
67
38_50_65
50_62
62
65
65
64
64
67
50_67
48_60_65
65
69
69
67
67
71
48_60_71
47_59_69
69
72
72
71
71
74
47_59_74
45_57_72
72
76
76
74
74
79
45_57_79
43_55_77
77
76
76
74
74
72
43_55_72
31_71
71
69
69
67
67
65
31_65
36_65
65
64
65
64
64
65
36
64
48
48
52_81
52_81
50_79
50
53
79
53
52
52
55
55
53
53
57
57
55
55
59_81
59_81
57_79
57
60
79
60
59
59
62
62
55
55
59
59
48
48
52_81
52_81
50_79
50
53
79
53
52
52
55
55
53
53
57
57
55
55
59_81
59_81
57_79
57
60
79
60
59
59
62
62
55
55
59
59
48
48
52_86
52_86
50_84
50
53
84
53
52
52
55
55
48
48
55
55
53
53
57_86
57_86
55_84
55
59
84
59
57
57
60
60
59
59
62
62
48
48
52_86
52_86
50_84
50
53
84
53
52
52
55
55
48
48
55
55
53
53
57_86
57_86
55_84
55
59
84
59
57
57
60_86
60_86
59_84
59
62
84
62
60
60
64_86
64_86
62_84
62
65
65
64
84
83
83
52_81
81
79
64
52_79
53_81
81
76
53_76
53_77
77
74
53_74
55_72
72
43_72
72
71
71
69
69
71
55
43
71
48_72
48_72
52_81
52_81
50_79
50
53
79
53
52
52
55
55
53
53
57
57
55
55
59_81
59_81
57_79
57
60
79
60
59
59
62
62
55
55
59
59
48
48
52_81
52_81
50_79
50
53
79
53
52
52
55
55
53
53
57
57
55
55
59_81
59_81
57_79
57
60
79
60
59
59
62
62
55
55
59
59
48
48
52_86
52_86
50_84
50
53
84
53
52
52
55
55
48
48
55
55
53
53
57_86
57_86
55_84
55
59
84
59
57
57
60
60
59
59
62
62
48
48
52_86
52_86
50_84
50
53
84
53
52
52
55
55
48
48
55
55
53
53
57_86
57_86
55_84
55
59
84
59
57
57
60_86
60_86
59_84
59
62
84
62
60
60
64_86
64_86
62_84
62
65
65
64
84
83
83
52_81
81
79
64
52_79
53_81
81
76
53_76
53_77
77
74
53_74
55_72
72
43_72
71
72
69
71
71
69
55
43
48_71_72
84
72
84
79
79
76
76
72
72
67
67
64
64
76
48
76
43_74
74
71
71
67
67
62
62
59
59
55
55
62
62
65
43_65
36_64
64
84
84
79
79
76
76
72
72
67
67
64
64
76
36
76
43_74
74
71
71
67
67
62
62
59
59
55
55
62
62
65
43_65
36_64
64
60
60
67
67
64
64
72
72
67
67
76
76
72
36_72
36_79
79
76
76
84
84
79
79
76
76
72
72
76
76
79
36_79
41_81
81
77
77
72
72
69
69
65
65
69
69
72
72
81
41_81
43_79
79
76
76
72
72
67
67
31_77
77
74
74
72
72
71
71
31
43
36_64
64
60
60
67
67
64
64
72
72
67
67
76
76
72
36_72
36_79
79
76
76
84
84
79
79
76
76
72
72
76
76
79
36_79
41_81
81
77
77
72
72
69
69
65
65
69
69
72
72
81
41_81
43_79
79
76
76
72
72
67
43_67
31_77
77
74
74
72
72
71
31_71
36_72
79
72
79
76
76
72
72
67
67
64
64
60
60
55
36
55
52
52
48
48
43
43
40
40
36
36
