67_74
74
72
72
67
69_74
74
76
76
69
67_71_74
67_71
66_69
66_69
67_71
74
72
72
67_71
69_74
74
76
76
69
71_74
71
66_69
66_69
67
74
72
72
67
69_74
74
76
76
69
71_74
67
67_74
60_76
76
79
79
71
67_78
78
76
76
60_62_74
74
72
72
66_67_71
71
69
69
66
62_67_71
71
69
69
71
71
72
72
71
71
72
72
67_74
74
71
71
62_66_69
62
60
60
62
62
64
64
62
66_69
67
67
69
69
71
71
66_69
62
60
60
62
62
64
64
62
66_69
67
67
69
69
71
71
66_69
62
64
64
66
66
66
62
62
69
67_71
67
66
66
64
64
62
62
71
60_76
60
62
62
64_67
64
60
60
67
62_66_74_76
62
64
64
66_74
66_69_72
66
62
62
69_72
67_71
71
69
69
55_71
71
72
72
67
67_74
74
76
76
67
55
66_78
78
74
74
66
64_79
79
83
83
60_81
81
64
79
79
60
62_78
78
76
76
62
66_74
74
72
72
66
55_71
55
57
57
71
59_74
59
60
60
62
62
64
64
74
66_72
66
62
62
72
67_71
71
69
69
55_71
71
72
72
67
67_74
74
76
76
67
55
66_78
78
74
74
66
64_79
79
83
83
60_81
81
64
79
79
60
62_78
78
76
76
62
66_74
74
72
72
66
55_71
55
64
71
64
67_83
67
64
64
54
54
83
62
62
66_81
66
62
62
52
52
81
60
60
64_79
64
60
60
50
50
79
59
59
62_78
62
59
59
48
48
78
57
57
60_76
60
57
57
47
47
76
55
55
59_74
59
55
55
45
45
74
54
54
57_72
57
54
54
43
43
72
45
45
47_71
47
48
71
48
50_69
50
54
54
69
52_74
52
55
55
54
54
57
57
74
50_72_81
50
54
54
72
55_71
55
59
59
81
57_79
57
60
60
59
59
62
62
79
60_76
60
64
64
76
50_69_71_78
50
54
54
69
52_74
52
55
55
54_78
54
57
57
74
50_72_81
50
54
54
72
55_71
55
59
59
57_79_81
57
60
60
59
59
62
62
79
61_76
61
64
64
76
50_69_71_78
50
62
62
78
66_81
66
62
62
61
61
64
64
81
57_79
57
61
61
79
69
50_69_78
50
62
62
78
66_81
66
62
62
61
61
64
64
81
57_79
57
61
61
79
69
50_69_78
50
62
62
78
66_81
66
62
62
61
61
64
64
81
57_79
57
61
61
79
69
38_50_74_78_81_86
38_50_74_78_81_86
38_50_74_78_81_86
38_50_74_78_81_86
38_50_74_78_81_86
38_50_74_78_81_86
38_50_74_78_81_86
38_50
43
74_78_81_86
83
83
43
55_71
71
83
83
55
57_69
69
81
81
57
45_69
69
79
79
45
50_78
50
62
62
78
66_81
66
62
62
61
61
64
64
81
57_79
57
61
61
79
50_69_78
50
62
62
78
66_81
66
62
62
61
61
64
64
81
57_79
57
61
61
79
69
50_69_78
50
62
62
78
66_81
66
62
62
61
61
64
64
81
57_79
57
61
61
79
69
38_42_45_50_74_78_81_86
38_42_45_50_74_78_81_86
38_42_45_50_74_78_81_86
38_42_45_50_74_78_81_86
38_42_45_50_74_78_81_86
38_42_45_50_74_78_81_86
38_42_45_50_74_78_81_86
38_42_45_50
74_78_81_86
43
83
83
43
55_71
71
83
83
55
57_69
69
81
81
57
45_69
69
73
73
45
50_74
74
62
62
50
62_66
66
69
69
74
74
62
62
62
61_76
76
73
73
61
47_74
74
62
62
47
59_66
66
71
71
74
74
62
62
59
57_76
76
73
73
57
43_74
74
62
62
43
55_67
67
71
71
74
74
62
62
55
54_81
81
78
78
54
52_79
79
85
85
52
50_86
86
78
78
50
43_76
76
86
86
43
45_76
76
85
85
45
50_74
74
62
62
50
62_66
66
69
69
74
74
62
62
62
61_76
76
73
73
61
47_74
74
62
62
47
59_66
66
71
71
74
74
62
62
59
57_76
76
73
73
57
43_74
74
62
62
43
55_67
67
71
71
74
74
62
62
55
54_81
81
78
78
54
52_79
79
85
85
52
50_86
86
78
78
50
43_76
76
86
86
43
45_76
76
85
85
45
38_86
86
81
81
78
78
74
74
69
69
66
66
62
62
57
57
38
54
54
50
50
45
45
42
42
38
38
62
62
66
66
64_81
64
67
67
81
66_83
83
81
81
83
66
83
69_81
69
61
61
64
64
62
62
81
66
66
64_81
64
67
67
81
66_83
83
81
81
83
66
83
69_81
69
61
61
64
64
62
62
81
66
66
64_81
64
67
67
81
66_83
83
81
81
83
66
83
69_81
69
63
63
66
66
64
64
81
67
67
66_83
66
69
69
83
67_84
84
83
83
84
67
84
71_83
71
63
63
66
66
64
64
67
67
83
66_83
66
69
69
83
67_84
84
83
83
84
67
84
71_83
71
63
63
66
66
64
64
83
67
67
66_83
66
69
69
83
67_84
84
83
83
84
67
84
71_83
71
64
64
67
67
57
57
83
69
69
66_84
66
69
69
55
55
84
67
67
64_83
64
67
67
54
54
83
66
66
63_81
63
66
66
52
52
81
64
64
60_79
60
64
64
50
50
79
62
62
59_78
59
62
62
48
48
78
60
60
57_76
57
60
76
60
47_75
47
51
51
75
49_83
49
52
52
51
51
54
54
83
47_81
47
51
51
81
52_79
52
55
55
79
54_78
54
57
57
78
55_76_83
55
59
59
76
52_74
52
55
55
74
45_72
45
48
48
72
47_74
47
50
50
74
48_76_81_83
48
52
52
81
45_79
45
48
48
79
50_76_78
50
54
54
78
52_76
52
55
55
76
54_74_81
54
57
57
74
50_72
50
54
54
72
55_71
55
59
59
71
57_72
57
60
60
72
81
59_74_79
59
62
62
74
60_76
60
64
64
76
62_69_78_79
62
66
66
69_78
64_76
64
67
67
76
66_74
66
69
69
74
62_72
62
66
66
72
55_71
55
67
67
71
71_86
71
67
67
66
66
69
69
86
62_84
62
66
66
84
55_74_83
55
67
67
83
71_86
71
67
67
66
66
69
69
86
62_84
62
66
66
84
74
55_74_83
55
67
67
83
71_86
71
67
67
66
66
69
69
86
62_84
62
66
66
84
74
43_47_50_55_67_71_74_79
43_47_50_55_67_71_74_79
43_47_50_55_67_71_74_79
43_47_50_55_67_71_74_79
43_47_50_55_67_71_74_79
43_47_50_55_67_71_74_79
43_47_50_55_67_71_74_79
43_47_50_55
48
67_71_74_79
88
88
48
60_76
76
88
88
60
62_86
86
84
84
62
50_83
83
81
81
50
55_74_83
55
67
67
83
71_86
71
67
67
66
66
69
69
86
62_84
62
66
66
84
74
55_74_83
55
67
67
83
71_86
71
67
67
66
66
69
69
86
62_84
62
66
66
84
74
55_74_83
55
67
67
83
71_86
71
67
67
66
66
69
69
86
62_84
62
66
66
84
74
31_35_38_43_79_83_86_91
31_35_38_43_79_83_86_91
31_35_38_43_79_83_86_91
31_35_38_43_79_83_86_91
31_35_38_43_79_83_86_91
31_35_38_43_79_83_86_91
31_35_38_43_79_83_86_91
31_35_38_43_79_83_86_91
36
88
88
36
48_76
76
88
88
48
50_86
86
84
84
50
38_83
83
81
81
38
55_79
79
67
67
55
67_71
71
74
74
79
67
79
67
67
66_81
81
78
78
66
52_79
79
67
67
52
64_71
71
76
76
79
79
67
67
64
62_81
81
78
78
62
48_79
79
67
67
48
60_72
72
76
76
79
79
67
67
60
59_86
86
83
83
59
57_84
84
81
81
57
55_83
83
91
91
55
48_81
81
91
91
48
50_81
81
90
90
50
43_79
79
67
67
43
67_71
71
74
74
79
67
79
67
67
66_81
81
78
78
66
52_79
79
67
67
52
64_71
71
76
76
79
79
67
67
64
62_81
81
78
78
62
48_79
79
67
67
48
60_72
72
76
76
79
79
67
67
60
59_86
86
83
83
59
57_84
84
81
81
57
55_83
83
91
91
55
48_81
81
91
91
48
50_81
81
90
90
50
43_91
91
86
86
83
83
79
79
74
74
71
71
67
67
62
62
43
59
59
55
55
50
50
47
47
43
43
38
38
35
35
38
38
31
31
