67_79
79
74
74
71
67_71
67
71
71
79
67_79
62_72
72
78
78
81
62_81
67_79
79
74
74
71
67_71
67
71
71
79
67_79
69_72
72
78
78
81
69_81
71_74
74
86
86
83
71_83
60_76
76
84
84
81
60_81
62_72
72
81
81
78
62_78
55_79
79
74
74
71
71
67
67
62
62
59
55_59
55
55
67_83
83
79
79
74
74
71
71
81
81
73
67_73
66_74
74
78
78
81
66_81
64_79
79
76
76
73
73
67
67
73
73
76
64_76
66_69
69
78
78
74
66_74
55_71
71
79
79
76
55_76
57_66
66
69
69
74
57_74
45_64
64
76
76
73
45_73
50_74
74
69
69
66
66
62
50_62
57
57
62
62
69
69
74
74
78
78
67_79
79
74
74
71
67_71
67
71
71
79
67_79
62_72
72
78
78
81
62_81
67_79
79
74
74
71
67_71
67
71
71
79
67_79
69_72
72
78
78
81
69_81
71_74
74
86
86
83
71_83
60_76
76
84
84
81
60_81
62_72
72
81
81
78
62_78
55_79
79
74
74
71
71
67
67
62
62
59
55_59
55
79
79
81
55_81
67_83
83
79
79
74
74
71
71
81
81
73
67_73
66_74
74
78
78
81
66_81
64_79
79
76
76
73
73
67
67
73
73
76
64_76
66_69
69
78
78
74
66_74
55_71
71
79
79
76
55_76
57_66
66
69
69
74
57_74
45_64
64
76
76
73
45_73
50_74
74
69
69
66
66
62
50
57
57
54
54
50
62
66
66
69
50_69
62_74
74
69
69
66
62_66
60_62
62
66
66
69
60_69
59_62_67
67
71
71
74
59_62_74
57_60_72
72
69
69
76
76
72
72
69
69
76
57_60_76
55_60_72
72
69
69
76
55_60_76
54_60_62_72
72
69
69
81
81
72
72
69
69
81
54_60_62_81
55_62_72
72
71
71
79
55_62_79
50_71
71
71
71
69
69
71
71
69
69
67
67
69
50_69
62_81
81
78
78
74
74
69
69
78
78
81
62_81
59_71
71
79
79
83
59_83
57_84
84
81
81
78
78
72
72
81
81
84
57_84
55_83
83
79
79
74
55_74
60_76
76
72
72
81
60_81
62_79
79
74
74
71
62_71
50_69
69
81
81
78
50_78
55_79
79
74
74
71
71
67
67
55_62
62
59
59
62
62
66
66
69
69
62_74
74
69
69
66
62_66
60_62
62
66
66
69
60_69
59_62_67
67
71
71
74
59_62_74
57_60_72
72
69
69
76
76
72
72
69
69
76
57_60_76
55_60_72
72
69
69
76
55_60_76
54_60_62_72
72
69
69
81
81
72
72
69
69
81
54_60_62_81
55_62_72
72
71
71
79
55_62_79
38_71
71
71
71
69
69
71
71
69
69
67
67
69
38_69
38_45_50_69_74_78_81
78_81
78
74
78
74
69
74
69
69
78
78
81
38_45_50_81
35_43_47_71
71
79
79
83
35_43_47_83
33_42_45_84
84
81
81
78
78
72
72
81
81
84
33_42_45_84
31_38_43_83
83
79
79
74
31_38_43_74
36_43_48_76
76
72
72
81
36_43_48_81
38_50_79
79
74
74
71
38_50_71
38_45_50_69
69
81
81
78
38_45_50_78
31_43_79
79
74
74
71
71
67
67
62
62
59
59
43
55
55
50
50
47
31
47
43
43
38
38
35
35
31
31
