55_81
81
79
79
78
78
79
79
79
55
67_71
67_71
69_72
69_72
71_74
71_74
60_72_76
72_76
71_74
60
71_74
79
62_69_72
69_72
67_71
67_71
71_74
71_74
69_72
69_72
71_74
71_74
69_72
69_72
67_71
62_67_71
69_72
69_72
43_71_81
81
79
79
78
78
79
71
79
79
43
67_71
67_71
69_72
69_72
71_74
71_74
60_72_76
72_76
71_74
60
71_74
79
62_69_72
69_72
67_71
67_71
67_71
67_71
66_69
66_69
67_71
67_71
66_69
66_69
64_67
62_64_67
66_69
66_69
55_71_81
81
79
79
78
78
79
71
79
79
55
67_71
67_71
69_72
69_72
71_74
71_74
79
60_72_76
72
67
60_67
48_67
67
67
48_67_76
60_72_76
76
78
78
79
72
60_79
55_67_79
79
74
55_74
43_74
74
71
43_71
55_71
71
72
72
74
67
55_74
50_62_74
74
69
50_69
38_69
69
69
38_69
50_69
69
71
71
72
62
50_72
55_62_72
66
55_66
43_67
67_72
71
71
69
69
69
69
71
43
62
60_72_76
71
72
67
60_67
48_67
67
67
48_67_76
60_72_76
76
78
78
79
72
60_79
55_67_79
79
74
55_74
43_74
74
71
43_71
55_71
71
72
72
74
67
55_74
50_62_74
74
69
50_69
38_69
69
69
38_69
50_69
69
71
71
72
62
50_72
55_62_72
62
66
55_66
43_67
72
71
71
69
67
69
69
69
71
43
71
47_71_75_78_83
75_78_83
78
78
78
78
78
78
78
71_78
74_80
80
81
74
47_81
40_52_74_80
80
80
80
80
80
80
74_80
74_83
74_83
73_81
73_81
71_80
40_52_71_80
45_69_73_76_81
73_76_81
76
76
76
76
76
76
76
69_76
72_78
78
79
72
45_79
38_50_72_78
78
78
78
78
78
78
72_78
72_81
72_81
71_79
71_79
69_78
38_50_69_78
43_55_71_79
79
83
83
81
71
81
79
79
78
78
76_86
76
74
86
43_55_74
45_57_85
85
83
83
81
81
79
79
78
78
76
76
74
74
73
73
71
71
69
69
67
67
66
66
64
64
62
62
61
61
59
57
59
57
57
55
55
54
54
52
52
50
50
49
49
47
45
47
45
45
43
43
42
42
40
40
38
38
37
37
35
35
33
33
38_66
66
62
62
66
66
69
69
66
66
69
69
74
74
69
69
74
74
78
78
74
74
78
78
81
81
78
78
81
81
86
38_86
38_67
67
62
62
67
67
71
71
67
67
71
71
74
74
71
71
74
74
79
79
74
74
79
79
83
83
79
79
83
83
86
38_86
38_66
66
62
62
66
66
69
69
66
66
69
69
74
74
69
69
74
74
78
78
74
74
78
78
81
81
78
78
81
81
86
38
43
86
86
86
85
85
83
83
81
81
79
79
43
45_78
78
76
76
74
74
73
73
71
71
69
69
45
45_78
78
76
76
78
78
76
76
78
78
76
76
74
74
76
45
76
66_74
66
69
69
66
66
62
62
66
66
62
62
57
57
62
62
57
57
54
54
57
57
54
54
50
50
54
54
50
50
45
45
50
50
45
45
74
38_62
62
57
57
62
62
66
66
62
62
66
66
69
69
66
66
69
69
74
74
69
69
74
74
78
78
74
74
78
78
81
81
78
78
81
81
38
66_86
66
69
69
66
66
62
62
66
66
62
62
57
57
62
62
57
57
54
54
57
57
54
54
50
50
54
54
50
50
45
45
50
50
45
45
38
86
86
86
85
85
83
83
81
81
79
38
79
45_78
78
76
76
74
74
73
73
71
71
69
45
69
33_78
78
76
76
78
78
76
76
78
78
76
76
74
74
76
33
76
81
42
42
43
43
45
45
47
47
49
49
50
50
52
52
54
54
55
55
57
57
59
59
61
61
62
62
64
64
66
66
67
67
69
69
43
81
79
79
78
78
76
76
78
78
74
74
73
73
74
74
71
71
43
69
69
71
71
67
67
66
66
67
67
64
64
62
62
64
64
61
61
81
42
42
43
43
45
45
47
47
49
49
50
50
52
52
54
54
55
55
57
57
59
59
61
61
62
62
64
64
66
66
67
67
69
69
43
81
79
79
78
78
76
76
78
78
74
74
73
73
74
74
71
71
69
69
71
71
67
67
66
66
67
67
64
64
62
62
64
64
61
61
43
42_62
62
81
81
79
79
42
43_78
78
76
76
74
74
43
45_73
73
71
71
69
69
67
67
66
66
64
64
45
45_78
78
76
76
78
78
76
76
78
78
76
76
74
74
76
45
76
50_74
74
73_74
50
73_74
50_62_71_74
71_74
69_74
50_62_69_74
50_64_67_73
73
74
74
76
67
50_64_76
50_62_74
74
73_74
50_62_73_74
50_62_71_74_79
71
69
74
50_62_69
52_64_67_73
73
74
74
76
67
52_64_76_79
54_81
81
79
79
81
81
54
55_83
83
81
81
79
79
55
57_78
78
76
76
74
74
73
73
71
71
69
69
57
45_78
78
76
76
78
78
76
76
78
78
76
76
74
74
76
45
76
50_62_74
74
73_74
50_62_73_74
50_62_71_74
71_74
69_74
50_62_69_74
50_64_67_73
73
74
74
76
67_76
50_64
50_62_74
74
73_74
50_62_73_74
50_71_74_79
71
69
74
50_69
52_64_67_73
73
74
74
76
67_76
52_64_79
54_81
81
79
79
81
81
54
55_83
83
81
81
79
79
55
57_78
78
76
76
74
74
73
73
71
71
69
69
57
45_78
78
76
76
78
78
76
76
78
78
76
76
74
74
76
45
76
38_74
74
81
81
78
78
74
74
78
78
74
74
69
69
74
74
69
69
66
66
69
69
66
66
62
62
57
57
54
54
50
50
45
45
42
38
42
38
38
50_57_62_76
76
74
74
73
73
74
74
76
76
78
78
50_57_62
50_57_62_78
69
78
50_57_62_69
50_57_62_69
69
69
69
50_57_62
50_57_60_74
74
72
72
71
71
72
72
74
74
76
76
50_57_60
50_57_60_76
66
76
50_57_60_66
50_57_60_66
66
66
66
50_57_60
50_55_59_72
72
71
71
69
69
71
71
72
72
74
74
50_55_59
50_55_59_74
62
74
50_55_59_62
50_55_59_62
62
62
62
50_55_59
49_55_57_78
78
76
76
74
74
76
76
78
78
79
79
49_55_57
49_55_57_79
79
69
49_55_57_69
49_55_57_69
69
69
69
49_55_57
47_50_52_56_81
81
80
80
78
78
80
80
81
81
83
83
47_50_52_56
47_50_52_56_83
71
83
47_50_52_56_71
47_50_52_56_71
71
71
71
47_50_52_56
45_52_57_86
86
84
84
83
83
84
84
86
86
88
88
45_52_57
45_52_57_88
76
88
45_52_57_76
45_52_57_76
76
76
45_52_57_76
38_77
77
76
76
74
74
72
72
74
38_74
38_74
74
72
72
71
71
69
69
71
38_71
38_71
71
69
69
68
68
66
66
68
38_68
40_68
68
64
64
68
68
71
71
68
68
71
71
40
40_76
76
71
71
76
76
80
80
76
76
80
80
40
40_83
83
80
80
83
83
88
40_88
40_69
69
64
64
69
69
72
72
69
69
72
72
40
40_76
76
72
72
76
76
81
81
76
76
81
81
40
40_84
84
81
81
84
84
88
40_88
40_68
68
64
64
68
68
71
71
68
68
71
71
40
40_76
76
71
71
76
76
80
80
76
76
80
80
40
40_83
83
80
80
83
83
88
40
88
68_88
68
71
71
68
68
64
64
68
68
64
64
59
59
64
64
59
59
56
56
59
59
56
56
52
52
56
56
52
52
47
47
52
52
47
47
40
88
86
86
84
84
83
83
84
84
81
81
40
40_80
80
81
81
77
77
76
76
77
77
74
74
40
40_72
72
74
74
71
71
69
69
71
71
68
40
68
68_88
68
71
71
68
68
64
64
68
68
64
64
88
59_88
59
64
64
59
59
56
56
59
59
56
56
88
52_88
52
56
56
52
52
47
47
52
52
47
47
40
88
86
86
84
84
83
83
84
84
81
81
40
40_80
80
81
81
77
77
76
76
77
77
74
74
40
40_72
72
74
74
71
71
69
69
71
71
67
67
40
40_65
65
69
69
64
64
62
62
64
64
60
60
40
40_59
59
60
60
57
57
56
56
57
57
53
53
40
40_52
52
53
53
50
50
48
48
50
50
47
47
40
45
48
48
52
52
57
57
60
60
64
64
69
45
45
48
45
48
52
52
57
57
60
69
60
64
64
57_60_64_74_76
74_76
72
72
71
71
72
72
74
74
76
76
57_60_64
57_60_64_76
76
69
57_60_64_69
57_60_64_69
69
69
69
57_60_64
53_57_62_79_81
79_81
77
77
76
76
77
77
79
79
81
81
53_57_62
53_57_62_81
81
74
53_57_62_74
53_57_62_74
74
74
74
53_57_62
55_58_62_84_86
84_86
82
82
81
81
82
82
84
84
86
86
55_58_62
55_58_62_86
86
74
55_58_62_74
55_58_62_74
74
74
74
55_58_62
51_55_60_77_79
77_79
75
75
74
74
75
75
77
77
79
79
51_55_60
51_55_60_79
79
67
51_55_60_67
51_55_60_67
67
67
51_55_60_67
48_55_60_75
75
74
74
72
72
70
70
72
48_55_60_72
48_55_60_72
72
70
70
69
69
67
67
69
48_55_60_69
48_55_60_69
69
67
67
66
66
64
64
66
48_55_60_66
50_57_60_66
66
62
62
66
66
69
69
66
66
69
69
50_57_60
50_57_60_72
72
69
69
72
72
78
78
72
72
78
78
50_57_60
50_57_60_81
81
78
78
81
81
84
50_57_60_84
50_55_59_67
67
62
62
67
67
71
71
67
67
71
71
50_55_59
50_55_59_74
74
71
71
74
74
79
79
74
74
79
79
50_55_59
50_55_59_83
83
79
79
83
83
86
50_55_59_86
50_57_60_66
66
62
62
66
66
69
69
66
66
69
69
50_57_60
50_57_60_72
72
69
69
72
72
78
78
72
72
78
78
50_57_60
50_57_60_81
81
78
78
81
81
84
84
83
83
81
50_57
81
60
67_79_91
67
71
71
67
67
62
62
67
67
62
62
59
59
62
62
59
59
55
55
59
59
55
55
50
50
55
55
50
50
47
47
50
50
47
47
43
79_91
91
91
86
86
83
83
86
86
83
83
43
43_79
79
83
83
79
79
74
74
79
79
74
74
43
43_71
71
74
74
71
71
67
67
71
71
67
43
67
67_79_91
67
71
71
67
67
62
62
67
67
62
62
59
59
62
62
59
59
55
55
59
59
55
55
50
50
55
55
50
50
47
47
50
50
47
47
43
79_91
91
91
90
90
88
88
86
86
84
84
43
38_83
83
81
81
79
79
78
78
76
76
74
74
38
38_83
83
81
81
83
83
81
81
83
83
81
81
79
79
81
38
81
86
47
47
48
48
50
50
52
52
54
54
86
55_86
55
57
57
59
59
60
60
62
62
64
64
86
66_86
66
67
67
69
69
71
71
72
72
74
74
38
86
84
84
83
83
81
81
83
83
79
79
38
38_78
78
79
79
76
76
74
74
76
76
72
72
38
38_71
71
72
72
69
69
67
67
69
69
66
38
66
86
47
47
48
48
50
50
52
52
54
54
86
55_86
55
57
57
59
59
60
60
62
62
64
64
86
66_86
66
67
67
69
69
71
71
72
72
74
74
38
86
84
84
83
83
81
81
83
83
79
79
38
38_78
78
79
79
76
76
74
74
76
76
72
72
38
38_71
71
72
72
69
69
67
67
69
69
66
66
38
43_67
67
79
79
78
78
76
76
74
74
72
72
43
38_71
71
69
69
67
67
66
66
64
64
62
62
38
38_71
71
69
69
71
71
69
69
71
71
69
69
67
67
69
38
69
43_79
79
78_79
43
78_79
55_67_76_79
76_79
74_79
55_67_74_79
55_69_72_78
78
79
79
81
72_81
55_69
55_67_79
79
78_79
55_67_78_79
55_67_76_79_84
76
74
79
55_67_74
57_69_72_78
78
79
79
81
72_81
57_69_84
59_67_86
86
84
84
86
86
59_67
60_88
88
86
86
84
84
60
62_83
83
81
81
79
79
78
78
76
76
74
74
62
50_83
83
81
81
83
83
81
81
83
83
81
81
79
79
81
50
81
43_79
79
78_79
43_78_79
55_67_76_79
76_79
74_79
55_67_74_79
55_69_72_78
78
79
79
81
72_81
55_69
55_67_79
79
78_79
55_67_78_79
55_67_76_79_84
76
74
79
55_67_74
57_69_72_78
78
79
79
81
72_81
57_69_84
59_67_86
86
84
84
86
86
59
60_88
88
86
86
84
67_84
60
62_83
83
81
81
79
79
78
78
76
76
74
74
62
50_83
83
81
81
83
83
81
81
83
83
81
81
79
79
81
50
81
43_79
79
86
86
83
83
79
79
83
83
79
79
74
74
79
79
74
74
71
71
74
74
71
71
67
67
71
71
67
67
62
62
67
67
62
62
59
59
62
62
59
59
55
55
59
59
55
55
50
50
55
55
50
50
47
47
50
50
47
43
47
43
43
47
47
43
43
38
38
43
43
38
38
31
31
