70
70
65
65
70
70
77
77
77
77
58_79
79
77
77
79
79
77
58_77
53_79
79
77
77
79
53_79
58_77
58
65
65
65
65
65
77
78
78
79_81
65
81
63_67
79
67
69_77
63_69
62_70
77
62_70
63_74
74
72
72
74
74
72
63_72
65_74
74
72
72
74
74
75
65_75
58_74
74
82
58
82
79
79
63_67_75
67_75
69_77
63_69
62_70
77
62_70
63_74
74
72
72
74
74
72
63_72
65_74
74
72
72
74
74
75
65_75
58_74
74
82
82
79
58
79
63_67_75
67_75
69_77
63_69
62_70
77
62_70
63_74
74
72
72
74
74
72
63_72
65_74
74
72
72
74
74
75
65_75
58_74
74
70
70
65
65
62
58_62
46_58
46
58
77
77
75
75
74
74
70_74_77
74_77
75_79
70
69
69
75_79
77
77
75
75
74
74
70_74_77
74_77
75_79
70
69
69
75_79
77
77
75
75
74
74
70_74_77
70_74
69_72
69_72
68_71
68
71_77
75
75
74
74
72
72
68_72_75
72_75
74_77
68
67
67
74_77
75
75
74
74
72
72
68_72_75
72_75
74_77
68
67
67
74_77
75
75
74
74
72
72
65_70_74
65
65
65
63
63
70_74
72
72
70
70
69
69
65_69_72
69_72
70_74
65
64
64
70_74
72
72
70
70
69
69
65_69_72
69_72
70_74
65
64
64_70_74
53_72
72
70
70
69
53_69
65_69
69
70
70
72
65_72
62_74
74
76
76
77
62_77
58_79
79
81
81
82
58_82
57_72
57
45
72
77
45_77
46_81
81
79
79
81
81
79
46_79
48_81
81
79
79
81
81
79
48_79
41_77
41_77
65_69_72
69_72
70_74
65
64
64
70_74
72
72
70
70
69
69
65_69_72
69_72
70_74
65
64
64_70_74
53_72
72
70
70
69
53_69
65_69
69
70
70
72
65_72
62_74
74
76
76
77
62_77
58_79
79
81
81
82
58_82
57_72
57
45
72
77
45_77
46_81
81
79
79
81
81
79
46_79
48_81
81
79
79
81
81
79
48
79
77
77
76
76
74
74
65_72
65
64
64
62
62
60
72
70
70
69
69
67
60
58
58
57
57
55
67
65
65
64
64
62
55
53
53
52
52
50
62
60
60
58
58
57
50
48
48
46
46
45
57
58
58
60
60
62
62
64
64
65
65
67
67
69
69
70
70
72
72
74
74
76
45_76
43_77
77
79
79
81
81
83
43_83
41_84
41_84
46_82
82
81
81
79
46_79
48_77
48_77
36_76
36_76
41_77
77
76
76
74
41_74
65_72
65
64
64
62
62
60
72
70
70
69
69
67
60
58
58
57
57
55
67
65
65
64
64
62
55
53
53
52
52
50
62
60
60
58
58
57
50
48
48
46
46
45
57
58
58
60
60
62
62
64
64
65
65
67
67
69
69
70
70
72
72
74
74
76
45_76
43_77
77
79
79
81
81
83
43_83
41_84
41_84
46_82
82
81
81
79
46_79
48_77
48_77
36_76
36_76
41_77
41
53_65
53_65
55_64
55_64
57_65
65
60
57
60
58_62
77
62
67_82_84
58
67
60_65
65
64
82_84
81
81
79
60
64_79
53_65_77
53_65
53_65
53_65
55_64
55_64
57_65
65
60
57
60
58_62
77
62
67_82_84
58
67
60_65
65
64
82_84
81
81
79
60
64_79
53_65_77
77
84
84
81
81
77
77
72
72
69
65
69
65
65
72
72
69
53
69
45_65
45
46
65
67
67
65
65
64
46_64
50_65
65
67
67
65
65
67
50_67
48_69
69
67
67
69
69
67
67
36_69
69
67
67
69
69
67
48
36_67
41_77
77
84
84
81
81
77
77
72
72
69
69
65
65
72
72
69
41
69
45_65
45
46
65
67
67
65
65
64
46_64
50_65
65
67
67
65
65
67
50_67
48_69
69
67
67
69
69
67
67
36_69
69
67
67
65
65
67
48
36_67
41_65
41_65
73
73
68
68
73
73
77
77
77
77
61_78
78
77
77
78
78
77
61_77
56_78
78
77
56_77
61_78
78
77
61
65
65
65
65
65
77
80
65
80
78
78
77
77
75
75
66_73
73
72
72
70
66_70
66_68_72
66_68_72
65_68_73
65_68_73
63_66_77
77
75
75
77
77
75
63_75
56_77
77
75
75
77
77
78
66
56_78
61_65_77
77
77
77
75
75
73
61_65
73
72
72
63_66_70
70
69
69
70
63_66_70
65_69
65_69
61_65_70
61_65_70
60_63_73
73
72
72
73
73
72
60_63_72
53_73
73
72
72
73
73
75
53_75
58_65_73
58_73
56_72
56_72
54_72
72
70
70
72
72
70
65_70
63_72
72
70
70
69
69
70
54
63_70
53_72
72
70
70
69
53_69
65_69_72
69_72
70_73
65
64
64
70_73
72
72
70
70
69
69
65_69_72
69_72
70_73
65
64
64
70_73
72
72
70
70
69
69
65_70_74
70_74
72_75
65
66
66
72_75
74
74
72
72
71
71
67_71_74
71_74
72_75
67
66
66_72_75
67_74
74
72
72
71
67_71
65_71_80
65_71_80
63_72_79
79
77
77
75
63_75
62_77
72
62_77
60_63_75
75
74
74
72
60_63_72
58_62_74
58_62_74
57_60_72
72
70
70
69
57_60_69
55_58_70
55_58_70
53_57_69
69
67
67
65
53_57_65
51_55_67
51_55_67
53_65
65
77
62_65
65
67
53
62_67
53_60_69
69
75
60_75
58_70
70
74
53
58_74
53_72
77
72
77
53
53_62_65
65
67
53_62_67
53_60_69
69
75
53_60_75
53_58_70
70
74
53_58_74
41_72
77
72
77
41
41_50_65
65
67
41_50_67
41_48_69
69
75
41_48_75
41_46_70
70_77
74
41_46_74
41_72
72
70
41
70
72
72
74
74
75
75
77
77
79
79
81
81
82
82
81
81
79
79
70_77
70
69
69
67
67
65
77
75
75
74
74
72
65
63
63
62
62
60
72
70
70
69
69
67
60
58
58
57
57
55
67
65
65
63
63
62
55
53
53
51
51
50
62
65
65
63
63
62
62
63
63
65
65
67
67
69
69
70
70
72
50_72
48_74
74
75
75
77
77
79
79
81
81
82
48
46
46_82
51_75_77
75_77
74
74
72
51_72
53_70_74
53_70_74
41_69_72
41_69_72
46_82
82
81
81
79
46_79
70_77
70
69
69
67
67
65
77
75
75
74
74
72
65
63
63
62
62
60
72
70
70
69
69
67
60
58
58
57
57
55
67
65
65
63
63
62
55
53
53
51
51
50
62
65
65
63
63
62
62
63
63
65
65
67
67
69
69
70
70
72
50_72
48_74
74
75
75
77
77
79
79
81
48_81
46_82
46_82
51_75_77
75_77
74
74
72
51_72
53_70_74
53_70_74
41_69_72
41_69_72
46_70
46
46_58
46_58
48_57
48_57_70
50_58
58
53
50
53
51_55
55
60_75_77
51
60
53_58
58
57
75_77
74
74
72
53
57_72
46_58_70
46_58
46_58
46_58
48_57
48_57_70
50_58
58
53
50
53
51_55
55
60_75_77
51
60
53_58
58
57
75_77
74
74
72
53
57_72
46_70
70
82
82
77
77
74
74
70
70
65
46
65
70
70
77
77
74
74
50_70
50
51
70
72
72
70
70
69
51_69
55_70
70
72
72
70
70
72
55_72
53_74
74
72
72
74
74
72
72
41_74
74
72
72
74
74
72
53
41_72
46_70
70
82
82
77
77
74
74
70
70
65
46
65
70
70
77
77
74
74
50_70
50
51
70
72
72
70
70
69
51_69
55_70
70
72
72
70
70
72
55_72
53_74
74
72
72
74
74
72
72
41_74
74
72
72
70
70
72
53
41_72
46_70
46_70
