69
69
69
69
69
69
69
69
64_71
64_71
69_73
69_73
71_74
71_74
73_76
73_76
74_78
74_78
73_76
73_76
71_74
71_74
69_73
69_73
71_74
71_74
64_76
64
76
69_74
74
73
73
74
74
73
73
71
71
73
69_73
71_74
71_74
64_76
64
76
69_74
74
73
73
74
74
73
73
71
71
73
69_73
71_74
71_74
64_76
64_76
57_73
57_73
57_76
57
57
57
57
57_76
52_59_76
76
74
74
73
73
74
52_59
74
57_61_73
57_61_73
59_62_71
59_62_71
61_64_71
71
69
69
71
71
69
61_64
69
62_66_71
71
69
69
71
71
69
62_66
69
61_64_71
71
69
69
71
71
69
61_64
59_62
59_62
69
57_61
57_61
59_62
59_62
52_64
52_64
57_62
62
61
61
62
62
61
61
62
62
61
61
59
59
61
57
61
59_62
59_62
52_64
52_64
57_62
62
61
61
62
62
61
61
62
62
61
61
59
59
61
57
61
59_62
59_62
52_64
52_64
57_61
76
76
69
57_61
69
49_57_76
49_57_76
50_57_78
78
76
76
74
74
73
73
71
71
69
50_57_69
52_68
52_68
54_71
71
69
69
68
68
69
54
69
52_71
64_76
71
52
64
57
57_76
64_76
64_76
66_69
66
64
64
62
62_69
61_76
61
59
59
57
57_76
56_74
74
76
76
74
74
73
56
59
59
57
57
56
56
57
73
57
52_73
73
71
73
71
71
73
40
52
71
40
76
76
69_76
69
64
64
61
61_76
57_73
57
52
52
49
49
45
45
73
76
76
68_76
68
64
64
59
59_76
56_71
56
52
52
47
47
44
44
71
76
76
66_76
66
63
63
59
59_76
54_69
54
51
51
47
47
42
42
69
76
76
64_76
64
59
59
56
56_76
52_68
52
47
47
44
44
40
40_68
44_76
44_76
45_75
75
73
73
85
45_85
33_83
83
81
81
80
80
78
33_78
47_78
76
78
75
76
75
73
73
35_71
35
47
83
71
83
71_83
71
66
66
63
63_83
59_78
59
54
54
51
51
35
78
83
35
83
71_83
71
68
68
64
64_83
59_76_80
59
56
56
52
52
35
76_80
83
35
83
71_83
71
66
66
63
63_83
59_75_78
59
54
54
51
51
35
35_75_78
39_71_78_81
39_71_78_81
40_76_80
40_76_80
44_71_83
44_71
45_73
45_83
33_81
33_73_81
47_80
80
78
78
76
76
75
75
73
73
71
47_71
35_80
80
78
78
80
80
78
78
80
80
78
78
76
35_76
52_76
40
52
76
40
76
76
76
73
64_69
64_69
64_69
76
64_69_73
64_69_76
76
76
71
64_69
64_67
64_67
64_67
76
64_67_71
64_67_76
76
76
69
64_67
60_64
60_64
60_64
76
60_64_69
60_64_76
76
76
71
60_64
55_59_64
55_59_64_76
55_59_64
55_59_64_71
55_59_64_79
55_59_64
79
72_78
78
76
76
57_60_64_79
72_79
71_78
78
57_60_64_76
76
59_64_79
71_79
69_78
78
76
59_64
76
60_64_79
69_79
71_78
78
76
60_64
76
55_59_64_83
55_59_64_71
57_60_64_72
83
81_83
81_83
79
57_60_64_79
60_64_79_81
79_81
78
78
78_79
78_79
76
72
60_64_76
59_76
76
75
75
73
73
47_71
59
47
83
71
83
71_83
71
66
66
63
63_83
59_78
59
54
54
51
51
35
78
83
35
83
71_83
71
68
68
64
64_83
59_76_80
59
56
56
52
52
35
76_80
83
35
83
71_83
71
66
66
63
63_83
59_75_78
59
54
54
51
51
35
35_75_78
39_71_78_81
39_71_78_81
40_76_80
40_76_80
44_71_83
44_71
45_73
83
33_81
45
33_73_81
47_80
80
78
78
76
76
75
75
73
73
71
47_71
35_80
80
78
78
80
80
78
78
76
76
78
35_78
80
40
80
76
76
71
71
68
68
71
71
76
76
83
83
80
80
76
76
71
71
76
76
80
40
80
88
88
44_64
44_64
45_68
68
66
66
68
68
66
45_66
47_68
68
66
66
64
64
66
47_66
40_80
80
76
76
71
71
68
68
71
71
76
76
83
83
80
80
76
76
71
71
76
76
80
40
80
88
88
44_64
44_64
45_68
68
66
66
68
68
66
45_66
47_68
68
66
66
64
64
66
47_66
52_64
52
47
47
44
44
47
47
52
52
56
56
52
52
47
47
44
64
44
47
47
52
52
56
56
64
64
40_71
71
73
73
75
40_75
45_73
73
75
75
76
45_76
47_75
75
76
76
78
47_78
52_76
52
47
47
44
44
47
47
52
52
56
56
52
52
47
47
44
44
47
47
52
52
56
76
56
64
64
40_71
71
73
73
75
40_75
45_73
73
75
75
76
45_76
47_75
75
76
76
78
47
40_76_78
71
71
68
76
40_68
44_64
64
68
68
71
44_71
45_73
69
69
64
73
45_64
33_61
61
64
64
73
33_73
44_71
71
69
69
68
44_68
45_66
66
68
68
69
45_69
47_64
64
69
69
71
47_71
35_64
64
66
66
63
35_63
40_63
64
63
40
64
36_43_48_72
72
67
67
64
64
60
60
64
64
67
36_43_48_67
36_43_48_76
76
72
72
67
67
64
64
67
67
72
36_43_48_72
36_43_48_79
79
76
76
72
72
67
67
72
72
76
36_43_48_76
36_43_48_72_76_79_84
36_43_48
52_60
60
59
59
60
72_76_79_84
52
60
53_62
62
60
60
62
53
62
55_64
64
62
62
64
55
64
57_65
65
64
64
65
57
65
59_67
67
65
65
67
59
67
60_69
69
67
67
69
60
69
62_71
71
69
69
71
62
71
64_72
84
64_72
84
66_72_84
84
82
82
81
81
81
81
79
79
78
66_72_78
62_66_69_72_78
78
79
79
81
81
81
81
82
82
84
62_66_69_72_84
67_84
84
82
82
84
84
82
82
84
84
82
82
81
67_81
55_79
79
55
53_62
62
61
61
62
53
62
55_64
64
62
62
64
55
64
57_65
65
64
64
65
57
65
59_67
67
65
65
67
59
67
61_69
69
67
67
69
61
69
62_70
70
69
69
70
62
70
64_73
73
71
71
73
64
73
65_74
86
65_74_86
64_69_71_74_86
86
84
84
83
83
83
83
81
81
80
64_69_71_74_80
64_69_71_74_80
80
81
81
83
83
83
83
81
81
80
64_69_71_74_80
69_81
69
64
64
61
61
57
57
52
52
49
49
33
81
33
79_81
79_81
78
78
76
76
69_76
69
66
66
62
62_76
57_74_78
57
54
54
50
50
33
74_78
81_83
81_83
79
33
79
78
78
69_74_78
69
64
64
61
61_74_78
57_73_76
57
52
52
49
49
33
73_76
79_81
79_81
78
33
78
76
76
69_76
69
66
66
62
62_76
57_74_78
57
54
54
50
50
33
74_78
81_83
81_83
79
33
79
78
78
69_74_78
69
64
64
61
61_74_78
57_73_76
57
52
52
49
49
33
73_76
33_81
81
81
77
62_65_69
62_65_69
62_65_69
81
62_65_69_77
62_65_69_81
81
81
62_65_69_76
60_64_69
60_64_69
60_64_69
81
60_64_69_76
60_64_69_81
81
81
60_64_69_74
53_57_62
53_57_62
53_57_62
81
53_57_62_74
53_57_62_81
81
81
53_57_62_76
48_52_57
48_52_57
48_52_57
81
48_52_57_76
48_52_57_84
48_52_57
84
77_83
83
81
81
50_57_62_84
77_84
76_83
83
50_57_62_81
81
52_57_60_84
76_84
77_83
83
52_57_60_81
81
53_57_62_84
77_84
76_83
83
53_57_62_81
81
48_52_57_84
48_52_57_76_84
50_62_77_84
84
83
50_83
52_86
86
84
52_77_84
53_83
83
81
62
81
62_80
80
81
53_62_81
40_81
52
80
81
78
80
76
78
40
52
76
74_76
74_76
73
73
74
74
69_73
69
64
64
61
61_73
57_81
57
52
52
49
49
33
81
78
78
76
33_76
74
74
76
76
74_78
74
69
69
66
66_78
62_86
62
57
57
54
54
38
38
86
80
80
78
78
76
76
78
78
73_76
73
69
69
64
64_76
61_85
61
57
57
52
52
37
37
85
78
78
76
76
74
74
76
76
71_74
71
68
68
64
64_74
59_83
59
56
56
52
52
35
35
83
76
76
74
74
73
73
74
74
69_73
69
64
64
61
61_73
57_81
57
52
52
49
49
33
81
81
33
81
38_78_80
78_80
76
76
74
74
73
73
74
74
76
38_76
40_69
40_69
52_69
69
68
68
66
66
68
52_68
69
64
64
61
61
57
57
52
52
49
49
33
69
78
78
76
33
76
74
74
76
76
74_78
74
69
69
66
66_78
62_86
62
57
57
54
54
38
86
85
85
83
83
81
81
80
38
80
78
78
73_76
73
69
69
64
64_76
61_85
61
57
57
52
52
37
85
83
83
81
81
80
80
78
37
78
76
76
71_74
71
68
68
64
64_74
59_83
59
56
56
52
52
35
83
81
81
80
80
78
78
76
35
76
74
74
69_73
69
64
64
61
61_73
57_81
57
52
52
49
49
33
81
80
80
78
78
76
76
74
33
74
73
73
38_78
78
80
80
81
81
73
73
74
74
76
38_76
40_69
69
73
73
71
71
69
40
69
71
71
33_73
73
69
69
64
64
61
61
64
64
69
69
76
76
73
73
69
69
64
64
69
69
73
33
73
81
81
37_57
37_57
38_61
61
59
59
61
61
59
38_59
40_61
61
59
59
57
57
59
40
59
33_73
73
69
69
64
64
61
61
64
64
69
69
76
76
73
73
69
69
64
64
69
69
73
33
73
81
81
37_57
37_57
38_61
61
59
59
61
61
59
38_59
40_61
61
59
59
57
57
59
40_59
57_61
57
52
52
49
49
52
52
57_61
57
61
61
57
57
52
52
49
49
52
52
57
57
61
61
69
69
37_73
73
74
74
76
37_76
38_73
73
71
71
73
73
71
38_71
40_73
73
71
71
69
69
71
40_71
57_69
57
52
52
49
49
52
52
57
57
61
61
57
57
52
52
49
49
52
52
57
57
61
69
61
69
69
33_73
73
74
74
76
33_76
38_73
71
73
73
71
71
73
73
71
38
40
71
73
69
71
71
69
71
45_69_73_76_81
40
76
76
73
76
73
69
45_73
37_49_69
73_81
69_73
76
37_49_76
50_78
78
74
74
69
69
38_66
66
69
69
78
38_50_78
37_49_76
76
74
74
73
37_49_73
38_50_71
71
73
73
74
38_50_74
52_73
73
74
74
76
52_76
40_69
69
71
71
68
40_68
33_68
69
68
69
33
