48_79
48
60_64
79
77
77
76
60_64_76
62_65_74
74
62_65
50_77
50
62_65
77
76
76
74
62_65_74
64_67_72
72
64_67
53_72_84
53
84
65_83
83
81
65_81
64_79
72
55
64
79
62_79
79
77
77
79
79
77
55
62_77
60_76
76
60
64
67_79
64
62
62
60
60_79
59_77
67
77
59
60
67_76
60
59
59
57
57_76
55_74
67
74
55
64
67_79
64
62
62
60
60_79
59_77
67
77
59
60
67_76
60
59
59
57
57_76
55_74
67
55_74
52_60_81
81
79
79
77
77
79
52_79
53_81
53_81
52_72
52_60_72
50_53_72
72
71
50_53_71
52_55_72
52_72
50_53_71
50_53_71
48_52_74
74
72
72
74
74
72
72
74
74
72
72
71
71
72
48_52_55_72
43_50_55_72
72
74
74
43_50_55
79
55
79
77
77
76
76
74
55
57
57
59
59
60
60_74
62_76
62_76
64_74
64_74
66_72
66_72
67_71
71
69
67
69
67_71
67_71
64_74
74
72
72
74
74
72
64_72
60_74
74
72
72
71
71
72
60_72
55_74
74
72
72
71
71
69
69
67
67
66
66
64
64
62
62
43_67
43
55
79
67
55
79
77
77
76
76
74
55
57
57
59
59
60
60_74
62_76
62_76
64_74
64_74
66_72
66_72
67_71
71
69
67
69
67_71
67_71
64_74
74
73
73
74
74
73
64_73
52_74
74
73
73
71
71
73
52_73
50_74
74
73
73
71
71
69
69
67
67
66
66
64
64
62
62
38_74
38
50
62
74
62
66
66
69
69
62
62
60
60
69_78_83
83
81
81
83
83
81
69
59
78
81
59
67_79_84
84
83
83
84
84
83
67
57
79
83
57
66_81_86
86
84
84
86
86
84
66
55
81
84
55
67_83_88
88
86
86
88
88
86
67
62
83
86
62
66
66
69
69
62
62
60
60
69_78_83
83
81
81
83
83
81
69
59
78
81
59
67_79_84
84
83
83
84
84
83
67
57
79
83
57
66_81_86
86
84
84
86
86
84
66
55
81
84
55
67_83_88
88
86
86
88
88
86
67
60
83
86
87
60_87
68_88
88
80
68_80
69_81
81
86
84
86
84
86
86
84
69
59
84
85
59_85
66_86
86
78
66_78
67_79
79
84
83
84
83
84
84
83
67_83
60_81
81
84_88
60_84_88
62_83_86
83_86
81_84
62_81_84
50_79_83
79_83
78_81
50_78_81
55_78_81
78_81
81
81
79
79
81
81
79
55
43
79
50
43
50
54
54
57
57
50
50
48
48
57_66_71
71
69
69
71
71
69
57
47
66
69
47
55_67_72
72
71
71
72
72
71
55
45
67
71
45
54_69_74
74
72
72
74
74
72
54
43
69
72
43
55_71_76
76
74
74
76
76
74
50
55
71
74
50
54
54
57
57
50
50
48
48
57_66_71
71
69
69
71
71
69
57
47
66
69
47
55_67_72
72
71
71
72
72
71
55
45
67
71
45
54_69_74
74
72
72
74
74
72
54
43
69
72
43
55_71_76
76
74
74
76
76
74
55
48
71
74
75
48_75
56_76
76
68
56_68
57_69
69
74
72
74
72
74
74
72
57
47
72
73
47_73
54_74
74
66
54_66
55_67
67
72
71
72
71
72
72
71
55_71
48_69
69
72_76
48_72_76
50_71_74
71_74
69_72
50_69_72
38_67_71
67_71
66_69
38_66_69
43_71
71
67
67
69
69
71
43_71
45_72
72
74
74
76
76
78
45_78
47_79
79
78
78
76
76
74
47_74
48_72
72
71
71
69
69
67
48_67
50_71
71
69
69
71
71
69
50_69
38_71
71
69
69
67
67
69
38_69
43_71
71
67
67
69
69
71
43_71
45_72
72
74
74
76
76
78
45_78
47_79
79
78
78
76
76
74
47_74
48_72
72
71
71
69
69
67
48_67
50_71
71
69
69
71
71
69
50_69
38_71
71
69
69
67
67
69
38_69
43_67
31
67
43
31
55
55
59
59
62
62
55
55
53
53
62_71_75
75
74
74
75
75
74
62
51
71
74
51
60_72_77
77
75
75
77
77
75
60
50
72
75
50
59_74_79
79
77
77
79
79
77
59
48
74
77
48
60_75_80
80
79
79
80
80
79
60
55
75
79
55
59
59
62
62
55
55
53
53
62_71_75
75
74
74
75
75
74
62
51
71
74
51
60_72_77
77
75
75
77
77
75
60
50
72
75
50
59_74_79
79
77
77
79
79
77
59
48
74
77
48
60_75_80
80
79
79
80
80
79
75_79
60
58
58
62
62
65
65
58
58
56
56
65_74_79
79
77
77
79
79
77
65
55
74
77
55
63_75_80
80
79
79
80
80
79
63
53
75
79
53
62_77_82
82
80
80
82
82
80
62
51
77
80
51
63_79_84
84
82
82
84
84
82
63
58
79
82
58
62
62
65
65
58
58
56
56
65_74_79
79
77
77
79
79
77
65
55
74
77
55
63_75_80
80
79
79
80
80
79
63
53
75
79
53
62_77_82
82
80
80
82
82
80
62
51
77
80
51
63_79_84
84
82
82
84
84
82
63
79
82
63_67_70
79
63_67_70_79
63_67_70_82
63_67_70
63_67_70
82
79
63_67_70_79
63_67_70_82
82
79
63_67_70_79
63_67_70_82
63_67_70
63_67_70
82
79
63_67_70_79
62_67_70_82
82
79
62_67_70_79
62_67_70_82
62_67_70
62_67_70
82
79
62_67_70_79
62_67_70_82
82
79
62_67_70_79
62_67_70_82
82
62_67_70
62_67_70
83
62_67_70
83
60_65_68_84
84
80
60_65_68_80
60_65_68_84
60_65_68
60_65_68
84
80
60_65_68_80
60_65_68_84
84
80
60_65_68_80
60_65_68_84
60_65_68
60_65_68
84
80
60_65_68_80
59_65_67_86
86
80
59_65_67_80
59_65_67_79
79
77
59_65_67_77
59_65_67_75
75
74
59_65_67_74
60_63_67_75
75
77
77
79
60_63_67_79
56_68_77
77
75
56_68_75
56_65_74
74
72
56_65_72
55_67_71
71
72
55_72
56_74
74
72
72
74
74
72
67
72
65_74
74
72
72
71
71
72
56
65_72
55_67_71
71
72
55_72
56_74
74
72
72
74
74
72
67
72
65_74
74
72
72
71
71
72
56
65_72
55_67_72
72
75
74
75
75
74
74
75
67
43
74
43
55
55
55
59
59
62
62
55
55
53
53
62_71_76
76
74
74
76
76
74
62
52
71
74
52
60_72_77
77
76
76
77
77
76
60
50
72
76
50
59_74_79
79
77
77
79
79
77
59
48
74
77
48
60_76_81
79_81
79_81
81
79
60
55
76
79
55
59
59
62
62
55
55
53
53
62_71_76
76
74
74
76
76
74
62
52
71
74
52
60_72_77
77
76
76
77
77
76
60
50
72
76
50
59_74_79
79
77
77
79
79
77
59
48
74
77
48
60_76_81
79_81
79_81
79_81
60
53
76
79
80
80
61_81
81
73
61_73
62_74
74
79
77
79
79
77
77
79
53_62
52
77
78
78
59_79
79
71
59_71
60_72
72
77
77
76
76
77
77
76
52_60_76
53_74
74
77_81
53_77_81
55_76_79
76_79
74_77
55_74_77
43_72_76
72_76
71_74
43_71_74
48_71_74
71_74
74
74
72
72
74
74
72
36
48
36
72
55
55
59
59
62
62
55
55
53
53
62_71_76
76
74
74
76
76
74
62
52
71
74
52
60_72_77
77
76
76
77
77
76
60
50
72
76
50
59_74_79
79
77
77
79
79
77
59
48
74
77
48
60_76_81
79_81
79_81
79_81
60
55
76
79
55
59
59
62
62
55
55
53
53
62_71_76
76
74
74
76
76
74
62
52
71
74
52
60_72_77
77
76
76
77
77
76
60
50
72
76
50
59_74_79
79
77
77
79
79
77
59
48
74
77
48
60_76_81
79_81
79_81
81
79
60
53
76
79
80
80
61_81
81
73
61_73
62_74
74
79
79
77
77
79
79
77
53_62
52
77
78
78
59_79
79
71
59_71
60_72
72
77
77
76
76
77
77
76
52_76
53_60_74
74
77_81
53_77_81
55_76_79
76_79
74_77
55_74_77
43_72_76
72_76
71_74
43_71_74
48_76
76
72
72
74
74
76
48_76
50_77
77
79
79
81
81
83
50_83
52_84
84
83
83
81
81
79
52_79
53_77
77
76
76
74
74
72
53_72
55_76
76
74
74
76
76
74
55_74
43_76
76
74
74
72
72
74
43_74
48_76
72
76
72
74
74
76
48
76
50_77
77
79
79
81
81
83
50_83
52_84
84
83
83
81
81
79
52_79
53_77
77
76
76
74
74
72
53
55_76
72
76
74
74
76
76
74
55_74
43_76
76
74
74
72
72
74
43
74
48_72
36
36
48_72
