57
57
62
62
61
61
66
66
64
64
69
69
68
68
71
71
57_69
69
74
74
73
73
78
78
76
76
81
81
80
80
83
57_83
57_81
57
64
81
64
61_76
61
64
76
64
59_76
76
74
59
62
74
76
62_76
52_74
74
76
52
62
76
74
62_74
57_73
57
64
73
64
61_76
61
64
64_76
59_76
76
74
59
62
74
76
62_76
52_74
74
76
52
62
76
74
62_74
57_73
57
64
73
64
61_76
61
64
64_76
59_76
76
74
59
62
74
76
62_76
52_74
74
76
52
62
76
74
62_74
57_73
76
73
57_76
49_69
73
69
49_73
50_71
74
71
50_74
52_68
71
68
71
52
57_73
76
73
57_76
49_69
69
73
49_73
50_71
71
74
50_74
52_68
68
71
52_71
57_73
73
76
76
57
49_69
69
73
73
49
50_71
71
74
74
50
52_68
68
71
71
52
45_71
45_71
64_69
64
63
63
66
66
64
64
61
61_69
59
59
62
61_62
81
81
80
80
83
61_83
57_81
81
76
76
75
75
78
57_78
56_76
56
59
76
59
52_71
52
56
56_71
54_71
71
69
54
57
69
71
57_71
47_69
69
71
47
57
71
69
57_69
52_68
52_68
59
59
56_71
56
59
59_71
54_71
54
54
71
69
54
57
69
71
57_71
47_69
69
71
47
57
71
69
57_69
52_68
52
59
59
56_71
56
59_68
59_71
54_71
71
69
54
57
69
71
57_71
47_69
69
71
47
57
71
69
57_69
52_68
52
64
64
63
63
66
68
66
64
68
64
68
61_76
61
64
64_76
63_85
85
83
63_83
66_85
85
83
66
59
59
63
83
63
61
61
64
64
57_76
57
61
61_76
59_85
85
83
59_83
63_85
85
83
63
56
56
59
83
59
57
57
61
61
54_76
54
57
57_76
56_85
85
83
56
59
83
85
59_85
52_83
52_83
56_83
56_83
57_81
81
80
57_80
45_78
78
76
45_76
47_75
71_75
71
69
69
73
73
71
47
71
76
76
47_75
75
81
47_81
40_52_80
80
71
71
69
69
73
40_52
73
71
71
76
76
47_75
75
81
47_81
40_52_80
80
76
40_52_76
45_78
78
73
45_73
47_76
76
75
75
76
47_76
47_75
75
73
73
75
47
76
75
40
71
76
71
69
69
73
40
73
71
71
76
76
47_75
75
81
47_81
40_52_80
71
80
71
69
69
73
40_52
73
71
71
76
76
47_75
75
81
47_81
40_52_80
80
76
40_52_76
45_78
78
73
45_73
47_76
76
75
75
76
47_76
47_75
75
73
73
75
47_75
40_76
52
40
52
51
51
54
76
54
52
64
64
63
63
66
52
66
64
76
76
75
75
78
64
78
76
80
80
83
83
88
76
33_45
88
85
85
83
83
81
33_45_81
35_47_80
80
78
78
76
76
75
35_47_75
40_76
40
52
52
51
51
54
76
54
52
64
64
63
63
66
52
66
64
76
76
75
75
78
64
78
76
80
80
83
83
88
76
33_45
88
85
85
83
83
81
33_45_81
35_47_80
80
78
78
76
76
75
35_47_75
40_76
76
40
56_71
83
56_83
54_83
83
81
71
54_81
47_71
81
47_81
52_81
81
80
71
52_80
56_71
71
83
56_83
54_83
83
81
54_81
47_71
71
81
47_81
52_81
81
80
52
56_71
80
71
83
56_83
54_83
83
81
54
47_71
81
71
81
47_81
52_80
80
76
52_76
45_78
78
73
45_73
47_76
76
75
75
76
76
35_75
75
73
73
75
47
35_75
40_76
40_76
56_71
71
83
83
56
54_83
83
81
54
47_71
71
81
81
81
47
52_81
81
80
52
56_71
71
80
83
83
56
54_83
83
81
81
54
47_71
71
81
81
47
52_81
81
80
80
52
56_71
71
83
56_83
54_83
83
81
54
47_71
81
71
81
47_81
52_80
80
76
52_76
45_78
78
73
45_73
47_76
76
75
75
76
76
35_75
75
73
73
75
47
35_75
40_76
76
71
40_71
45_73
73
69
45_69
44_71
71
68
44_68
42_69
69
66
42_66
40_68
68
64
40_64
45_66
66
61
45_61
47_64
64
63
63
64
64
35_63
63
61
61
63
47
35_63
40_64
64
40
40_66
66
64
40
52
64
66
52_66
51_64
51
54
54
52
52
55
55
54
54
57
57
55
55
59
59
57
57
60
60
59
59
57
57
55
64
55
54
54
52
67
67
66
66
69
69
67
67
52_71
71
54_69
69
72
54_72
55_71
71
74
55_74
48_72
72
76
48_76
50_74
74
72
50_72
38_71
71
69
38_69
43_69
43
55
55
54
54_69
57_67
57
55
55
59
59
58
67
58
61
61
59
59
62
62
61
61
64
64
62
62
61
61
59
59
58
58
59
74
74
73
73
76
76
74
74
59_78
78
61_76
76
79
61_79
62_78
78
81
62_81
55_79
79
83
55_83
57_81
81
79
57_79
45_78
78
76
45_76
38_50_74
67
74
67
66
66
71
38_50
71
69
69
74
74
45_73
73
79
45_79
38_50_78
78
67
67
66
66
71
71
69
69
38_50_74
74
45_73
73
79
45_79
38_50_78
78
76
76
74
74
72
38_50_72
51_71
71
69
69
47_67
67
51_66
47_66
40_52_67
67_69
69
67
67
72
40_52
72
71
71
76
76
47_75
75
81
47_81
40_52_79
79
69
69
67
67
72
72
71
71
40_52_76
76
47_75
75
81
47_81
40_52_79
79
78
78
76
76
74
40_52_74
53_73
73
71
71
49_69
69
53_68
49_68
42_54_69
69
71
71
69
69
74
42_54
74
73
73
78
78
49_77
77
83
49_83
42_54_81
81
71
71
69
69
74
74
73
73
42_54_78
78
49_77
77
83
49_83
54_81
81
80
54_80
56_78
78
76
56_76
59_74
74
73
59_73
56_74
74
76
56_76
57_73
57
61
61
54_85
54
57
73
57_85
56_71
56
59
59
53_83
53
56
71
56_83
54_69
54
57
57
50_81
50
54
69
54_81
52_68
52
56
56
49_80
49
52
68
52_80
50_66
50
54
54
47_78
47
50
66
50_78
49_64
49
52
52
45_76
45
49
64
49_76
47_62
47
50
50
44_74
44
47
62
47_74
45_73
73
71
45_71
42_73
73
75
42_75
40_76
69
69
68
68
71
76
40_71
42_69
71
71
73
73
75
69
42_75
40_76
76
69
69
68
68
71
71
40
42_69
69
71
71
73
73
75
75
42
40_76
76
64
64
63
63
66
66
64
40
64
69
69
40_52_68
68
74
40_52_74
45_73
73
62
62
61
61
66
66
64
64
45_69
69
40_52_68
68
74
40_52_74
45_73
73
69
45_69
50_71
71
66
50_66
52_69
69
68
68
69
52_69
40_68
68
66
66
68
40_68
45_69
69
74
74
73
73
78
78
76
45
76
81
81
40_52_80
80
86
40_52_86
45_85
85
74
74
73
73
78
78
76
76
45_81
81
40_52_80
80
86
40_52_86
45_85
85
81
45_81
50_83
83
78
50_78
52_81
81
80
80
81
52_81
40_80
80
78
78
80
40_80
45_81
57
45
57
56
56
59
59
57
69
69
68
68
71
81
57
71
69
81
81
80
80
83
83
81
81
85
85
88
88
81
69
38_50
81
90
90
88
88
86
38_50_86
40_52_85
85
83
83
81
81
80
40_52
80
81
45
45
44
44
47
81
47
45
57
45
57
56
56
59
59
57
69
69
68
68
71
57
71
69
73
73
76
76
81
69
38_50
81
78
78
76
76
74
38_50_74
40_52_73
73
71
71
69
69
68
40_52_68
45_69
45
61_64
69
76
61_76
59_76
76
74
64
59_74
52_64
74
52_74
57_74
74
73
64
57_73
61_64
64
76
61_76
59_76
76
74
59_74
52_64
64
74
52_74
57_74
74
73
57
61_64
64
76
61_76
59_76
73
76
74
59
52_64
74
64
74
52_74
57_73
73
69
57_69
50_71
71
66
50_66
52_69
69
68
68
69
52_69
40_68
68
66
66
68
40_68
45_69
45
69
73_76
76
88
73_88
71_88
88
86
71_86
64_76
76
86
64_86
69_86
86
85
69_85
73_76
76
88
73_88
71_88
88
86
71_86
64_76
76
86
64_86
69_86
86
85
69_85
73_76
76
88
73_88
71_88
88
86
71_86
64_76
76
86
64_86
69_85
85
81
69_81
62_83
83
78
62_78
64_81
81
80
80
81
64_81
52_80
80
78
78
80
52_80
57
81
76
81
57
76
50_62_78
74
78
50_62_74
49_61_76
73
76
49_61_73
47_59_74
71
74
47_59_71
45_57_73
69
73
45_57_69
50_71
71
66
50_66
52_69
69
68
68
69
52_69
40_68
68
66
66
68
40_68
45_68
69
68
69
45
