74
74
72
74
72
74
72
74
72
74
72
74
72
74
72
72
74
72
74
72
71
69
71
69
67
65
67
65
64
64
76
76
74
74
67
67
62_72
62
60
62
60
62
60
62
60
62
60
62
60
62_72
60_79
60
62
60
62
60
59
57
59
57
55
53
55
53
52
52
64
64_79
62_77
62
55
77
55
60_76
76
84
84
83
83
84
60_84
48_79
79
79
79
77
77
79
48_79
48_76
76
76
76
74
74
76
76
72
72
72
48_72
71
71
72
72
67
60
60
59
59
60
60_67
55_79
55
55
55
53
53
55
55_79
48_76
48
48
48
47
47
48
48_76
43_76
76
74
43
43
74
76
43_76
41_74
74
72
41
43
72
74
43_74
36_72
72
67
36
67
72
72
60_79
60_79
55_62_77_79
62_77_79
64_76
76
74
64_74
65_72
72
71
55_65_71
55_64_72
72
67
55_64
67
72
72
60_79
60_79
55_62_77_79
62_77_79
64_76
76
74
64_74
65_72
72
71
55_65_71
64_72
64
55
72
64_72
64
67
67_72
65_67_74
65_67_74
64_76
64
62
62_76
60_77
60
59
59_77
60_76
55
60
55
60
60_76
67_72
67_72
65_67_74
65_67_74
64_76
64
62
62_76
60_77
60
59
55
59_77
60_76
76
76
76
69_76
76
76
60
76
62_77
77
81
62
69_81
79
79
69_77
64
77
76
76
74
69_74
68_72
72
71
64_68_71
69_72
72
57_76
76
76
57_76
59_76
59_76
60_76
69
76
66_75
60
66_75
59_67_76
67_76
69_78
59
69_78
59_64_67_79
79
81
81
83
64_67_83
63_66_76
76
75
59_63_66_75
52_64_76
52_64_76
67_79
67_79
64_79
64_79
61_79
61_79
58_79
79
82
82
79
58
64_67
64_67
57_62_65
79
77
77
76
62_65_76
64_67_74
74
73
64_67
50_57_62_74
73
74
76
76
78
78
79
79
81
81
73
73
79
79
71
50_62_71
38_78
78
69
69
76
76
67
67
74
74
66
66
73
73
64
38_64
62_74
62
64
64
66
66
67
67
69
69
61
61
67
67
59
59
66
66
57
57
64
64
55
55
62
62
54
54
61
61
52
52_74
38_62_67
67
66
66
67
67
66
66
67
67
66
66
64
64
66
38_66
38_69
69
67
67
69
69
67
67
69
69
67
67
66
66
67
38_67
38_71
71
69
69
71
71
69
69
71
71
69
69
67
67
69
38_69
38_72
72
71
71
72
72
71
71
72
72
71
71
69
69
71
38_71
38_74
74
72
72
74
74
72
72
74
74
72
72
71
71
72
38_72
38_74
74
73
73
74
74
73
73
74
74
73
73
71
71
73
62
38_73
50_55_62_74
55
54
54
55
55
54
54
55
55
54
54
52
52
54
54_62_74
57_72
57_72
55_71
55_71
57_72
57_72
55_71
55_71
57_72
57_72
55_71
55_71
54_69
54_69
55_71
55_71
59_74
59_74
57_72
57_72
59_74
59_74
57_72
57_72
59_74
59_74
57_72
57_72
56_71
56_71
57_72
57_72
60_76
60_76
59_74
59_74
60_76
60_76
59_74
59_74
60_76
60_76
59_74
59_74
57_72
57_72
59_74
59_74
60_78
78
76
76
78
78
76
76
78
78
76
76
75
75
76
60_76
61_69
69
67
67
69
69
67
67
69
69
67
67
66
66
67
50
61_67
50_62_66
50_62_66
66
69
66
69
66
66
62
57
62
57
54
54
50
38
50
81
38
81
42_74
74
72
72
74
74
72
72
71
71
72
42_72
43_71
71
72
72
74
43_74
48_72
72
71
71
69
48_69
50_67_71
50_67_71
38_66_71
71
69
69
71
71
66_69
38_69
43_67
67
79
79
74
74
71
71
67
67
62
62
59
43
59
55
55
38_62_67
67
66
66
67
67
66
66
67
67
66
66
64
64
66
38_66
38_69
69
67
67
69
69
67
67
69
69
67
67
66
66
67
38_67
38_71
71
69
69
71
71
69
69
71
71
69
69
68
68
69
38_69
38_72
72
71
71
72
72
71
71
72
72
71
71
69
69
71
38_71
38_74
74
72
72
74
74
72
72
74
74
72
72
71
71
72
38_72
38_74
74
73
73
74
74
73
73
74
74
73
73
71
71
73
62
38_73
50_55_62_74
55
54
54
55
55
54
54
55
55
54
54
52
52
54
54_62_74
57_72
57_72
55_71
55_71
57_72
57_72
55_71
55_71
57_72
57_72
55_71
55_71
54_69
54_69
55_71
55_71
59_74
59_74
57_72
57_72
59_74
59_74
57_72
57_72
59_74
59_74
57_72
57_72
55_71
55_71
57_72
57_72
60_76
60_76
59_74
59_74
60_76
60_76
59_74
59_74
60_76
60_76
59_74
59_74
57_73
57_73
59_74
59_74
60_78
78
76
76
78
78
76
76
78
78
76
76
75
75
76
60_76
61_69
69
67
67
69
69
67
67
69
69
67
67
66
66
67
50
61_67
50_62_66
50_62_66
66
69
66
69
66
66
62
57
62
57
54
54
50
38
50
81
38
42_74_81
74
72
72
74
74
72
72
71
71
69
42_69
43_71
71
72
72
74
43_74
48_72
72
71
71
69
48_69
50_67_71
50_67_71
38_66_71
71
69
69
71
71
66_69
38_69
43_67
67
74
74
71
71
74
43
74
38_50_72
72
69
69
66
66
69
38_50_69
43_67
67
86
86
83
83
86
43_86
38_50_84
84
81
81
78
78
81
38_50_81
43_74
74
79
79
78
43_78
48_76
76
74
74
72
48_72
50_71
50_71
38_71
71
69
69
67
67
69
38_69
43_67
67
74
74
71
71
74
43
74
38_50_72
72
69
69
66
66
69
38_50_69
43_67
67
86
86
83
83
86
43_86
38_50_84
84
81
81
78
78
81
38_50_81
43_74
74
79
79
78
43_78
48_76
76
74
74
72
48_72
50_71
50_71
38_71
71
69
69
67
67
69
38_69
43_67
31
67
31
43
43_67
67
79
79
78
78
79
79
74
74
74
74
72
72
74
43_74
43_70
70
70
70
69
69
70
70
67
67
67
67
66
66
67
67
62
43
55
55
54
54
55
55
50
50
50
50
48
48
50
50
46
46
46
46
45
45
46
46
43
43
43
43
41
41
43
62
43
39
79
79
77
77
79
79
75
75
75
75
74
74
75
39
75
39_70
70
70
70
68
68
70
70
67
67
67
67
65
65
67
39_67
39_63
63
67
67
63
63
58
58
55
55
51
51
46
46
43
39_43
39
39
75
63
75
63
56_75
56_75
51_58_73_75
58_73_75
60_72
72
70
60_70
61_68
68
68
68
67
67
65
65
67
51_61_67
51_60_68
68
63
51_60
63
68
68
56_75
56_75
51_58_73_75
58_73_75
60_72
72
70
60_70
61_68
68
68
68
67
67
65
65
67
51_61_67
56_60_68
68
78
56_60
78
77
77
54_58_75
54_58
53_60
60_75
61_73
73
72
61_72
63_70
70
70
70
69
69
67
67
69
53_63_69
53_61_70
70
65
53_61
65
70
70
58_77
58_77
53_60_75_77
60_75_77
61_73
73
72
61
63_72
70
70
70
70
69
69
67
67
69
53_63_69
53_61_70
70
65
53_61
65
70
70
58_77
58_77
53_60_75_77
60_75_77
61_73
73
72
61_72
63_70
70
70
70
69
69
67
67
69
53_63_69
58_61_70
58
61
46_82
70
82
73
73
80
80
72
46_72
46_79
79
70
70
77
77
68
46_68
46_76
76
67
67
73
73
65
46_65
48_64_72
64
48
48_84
72
84
76
76
82
82
73
48_73
48_80
80
72
72
79
79
70
48_70
48_77
77
68
68
75
75
67
48_67
56_74
56
65
65_74
55_72
55
63
63_72
53_71
53
62
62_71
51_72
51
60
60_72
50_74
50
58
58_74
48_75
48
56
56_75
46_74
46
55
55_74
44_72
44
53
53_72
43_55_74
74
79
79
74
74
71
71
67
67
62
55_62
59
59
55
43_55
43_67_72
72
71
71
72
72
71
71
72
72
71
71
69
69
71
43_71
43_74
74
72
72
74
74
72
72
74
74
72
72
71
71
72
43_72
43_76
76
74
74
76
76
74
74
76
76
74
74
72
72
74
43_74
43_77
77
76
76
77
77
76
76
77
77
76
76
74
74
76
43_76
43_79
79
77
77
79
79
77
77
79
79
77
77
76
76
77
43_77
43_79
79
78
78
79
79
78
78
79
79
78
78
76
76
78
67
43_78
55_60_67_79
60
59
59
60
60
59
59
60
60
59
59
57
57
59
59_67_79
62_77
62_77
60_76
60_76
62_77
62_77
60_76
60_76
62_77
62_77
60_76
60_76
59_74
59_74
60_76
60_76
64_79
64_79
62_77
62_77
64_79
64_79
62_77
62_77
64_79
64_79
62_77
62_77
60_76
60_76
62_77
62_77
65_81
65_81
64_79
64_79
65_81
65_81
64_79
64_79
65_81
65_81
64_79
64_79
62_78
62_78
64_79
64_79
65_83
83
81
81
83
83
81
81
83
83
81
81
80
80
81
65_81
66_74
74
72
72
74
74
72
72
74
74
72
72
71
71
72
55
66_72
67_71
67
62
62
59
59
55
55
50
50
47
47
43
43
38
38_71
31
86
86
79
79
77
31
77
79
79
47_77
77
76
76
74
47_74
36_48_76
76
77
77
79
36_48_79
41_77
77
76
76
74
41_74
43_72_76
43_72_76
43_71_76
76
74
74
76
76
71_74
43_74
36_72
72
84
84
79
79
76
76
72
72
67
67
64
64
60
36_60
43_67_72
72
71
71
72
72
71
71
72
72
71
71
69
69
71
43_71
43_74
74
72
72
74
74
72
72
74
74
72
72
71
71
72
43_72
43_76
76
74
74
76
76
74
74
76
76
74
74
73
73
74
43_74
43_77
77
76
76
77
77
76
76
77
77
76
76
74
74
76
43_76
43_79
79
77
77
79
79
77
77
79
79
77
77
76
76
77
43_77
43_79
79
78
78
79
79
78
78
79
79
78
78
76
76
78
67
43_78
55_60_67_79
60
59
59
60
60
59
59
60
60
59
59
57
57
59
59_67_79
62_77
62_77
60_76
60_76
62_77
62_77
60_76
60_76
62_77
62_77
60_76
60_76
59_74
59_74
60_76
60_76
64_79
64_79
62_77
62_77
64_79
64_79
62_77
62_77
64_79
64_79
62_77
62_77
61_76
61_76
62_77
62_77
65_81
65_81
64_79
64_79
65_81
65_81
64_79
64_79
65_81
65_81
64_79
64_79
62_78
62_78
64_79
64_79
65_83
83
81
81
83
83
81
81
83
83
81
81
80
80
81
65_81
66_74
74
72
72
74
74
72
72
74
74
72
72
71
71
72
55
66_72
67_71
67
62
62
59
59
55
55
50
50
47
47
43
43
38
38
31
71
86
86
79
79
31_77
77
79
79
35_47_77
77
76
76
74
35_47_74
36_48_76
76
77
77
79
36_48_79
53_77
77
76
76
74
53_74
55_72_76
55_72_76
43_71_76
76
74
74
76
76
71_74
43_74
48_72
72
91
91
88
88
91
48
91
43_55_89
89
86
86
83
83
86
43_55_86
48_84
84
79
79
76
76
79
48_79
43_55_77
77
74
74
71
71
74
43_55_74
48_72
72
67
67
64
64
67
48_67
43_55_65
65
62
62
59
59
62
43_55_62
48_60
60
62
62
64
64
65
48_65
53_67
67
69
69
71
71
72
53_72
55_76
76
74
74
76
76
74
55_74
43_76
76
74
74
72
72
74
43_74
48_72
72
91
91
88
88
91
48
91
43_55_89
89
86
86
83
83
86
43_55_86
48_84
84
79
79
76
76
79
48_79
43_55_77
77
74
74
71
71
74
43_55_74
48_72
72
67
67
64
64
67
48_67
43_55_65
65
62
62
59
59
62
43_55
62
48_60
60
62
62
64
64
65
48_65
53_67
67
69
69
71
71
72
53_72
55_76
76
74
74
76
76
74
55_74
43_76
76
74
74
72
72
74
43
74
48_72
72
74
74
76
76
77
48_77
53_79
79
81
81
83
83
84
53_84
55_88
88
86
86
88
88
86
55_86
43_88
88
86
86
84
84
86
43_86
36_84
36_84
