40_83
83
80
80
76
40
76
71
71
68
68
71
71
69_73
69
64
64
61
73
61
57_81
57
52
52
45
81
45
35_81
81
81
81
80
80
78_78
78
80
80
78
78
78
76
35_76
75
75
40_76
76
71
71
68
40
68
64
64
59
59
56
56
52_83
83
80
80
76
52
76
71
71
68
68
71
71
69_73
69
64
64
61
73
61
57_81
57
52
52
45
81
45
35_81
81
81
81
80
80
78_78
78
80
80
78
78
78
76
35_76
75
75
40_76
76
71
71
68
68
64
64
59
40_59
56
56
52
52
47
47
44
44
40
40
44
44
47
47
52_64
64
59
59
66
52
66
68
68
59
59
69
69
52_71
52
47
47
54
54
56
56
47
47_71
57
57
59_71
71
66
66
73
73
75
75
66
59_66
76
76
59_78
59
54
54
61
61
63
63
54
54_78
64
64
66_78
78
69
69
68
66
68
64_69
69
68
68
69
64
69
63_66_78
78
69
69
68
63_66
68
61_69
69
68
68
69
61
69
59_66_78
78
69
69
68
68
69
69
68
59_66_68
69
69
59_78
78
84
84
83
59
83
47_81
81
79
79
78
47
78
60_64_76
76
69
69
68
68
69
69
68
60_64_68
69
69
59_64_76
76
67
67
66
66
67
67
66
59_64_66
67
67
58_64_76
76
67
67
66
66
67
67
66
58_64_66
67
67
54_61_64_76
76
79
79
78
78
76
76
74
54_61_64_74
73
73
55_59_71
71
62
62
61
61
62
62
61
55_59_61
62
62
54_59_71
71
62
62
61
61
62
62
61
54_59_61
62
62
53_59_71
71
62
62
61
61
62
62
61
53_59_61
62
62
49_56_59_71
71
74
74
73
73
71
71
70
49_56_59_70
71
71
42_49_54_78
78
73
73
70
70
66
66
61
42_49_54_61
58
58
54
54
49
49
46
46
42
42
46
46
49
49
42_54_78
78
73
73
70
70
66
66
70
42_54_70
78
78
52_79
79
67
67
70
52
70
49_82
82
70
70
73
49
73
50_83
83
71
71
74
50
74
47_78
78
76
76
74
47
74
52_73
73
74
74
76
52
76
55_74
74
73
73
71
55
71
42_78
78
73
73
70
70
66
66
61
42_61
58
58
54
54
49
49
46
46
42
42
46
46
49
49
42_54_78
78
73
73
70
70
66
66
70
42_54_70
78
78
52_79
79
67
67
70
52
70
49_82
82
70
70
73
49
73
50_83
83
71
71
74
50
74
47_78
78
76
76
74
47
74
52_73
73
74
74
76
52
76
54_74
74
76
76
73
54
73
43_73
73
71
43
71
55_62_74
74
71
71
76
76
74
74
71
55_62_71
76
76
55_62_74
74
71
71
76
76
74
74
71
55_62_71
76
76
55_62_74
74
71
71
76
55_62
76
55_64_74
74
71
71
76
55_64
76
54_66_74
74
71
71
78
78
74
74
71
54_66_71
74
74
42_54_73
73
74
74
76
76
71
71
73
42_54_73
70
70
43_70
70
71
43
71
55_62_74
74
71
71
76
76
74
74
71
55_62_71
76
76
55_62_74
74
71
71
76
76
74
74
71
55_62_71
76
76
55_62_74
74
71
71
76
55_62
76
55_64_74
74
71
71
76
55_64
76
54_66_74
74
71
71
78
78
74
74
71
54_66_71
74
74
42_54_73
73
74
74
76
76
71
71
73
42_54_73
70
70
47_71
71
83
83
78
47
78
52_80
80
76
76
73
52
73
54_75
75
76
76
78
54
78
42_71
71
73
73
70
42
70
47_71
71
71
71
66
47
66
52_68
68
64
64
61
52
61
54_63
63
64
64
66
54
66
42_59
59
61
61
58
42
58
35_58
59
58
35
59
40_83
83
80
80
76
40
76
71
71
68
68
71
71
69_73
69
64
64
61
73
61
57_81
57
52
52
45
81
45
35_81
81
81
81
80
80
78_78
78
80
80
78
78
78
76
35_76
75
75
40_76
76
71
71
68
40
68
64
64
59
59
56
56
52_83
83
80
80
76
52
76
71
71
68
68
71
71
69_73
69
64
64
61
73
61
57_81
57
52
52
45
81
45
35_81
81
81
81
80
80
78_78
78
80
80
78
78
78
76
35_76
75
75
40_76
76
71
71
68
68
64
64
59
40_59
56
56
52
52
47
47
44
44
40
40
44
44
47
47
52_64
64
59
59
66
52
66
68
68
59
59
69
69
52_71
52
47
47
54
54
56
56
47
47_71
57
57
59_71
71
66
66
73
73
75
75
66
59_66
76
76
59_78
59
54
54
61
61
63
63
54
54_78
64
64
66_78
78
69
69
68
66
68
64_69
69
68
68
69
64
69
63_66_78
78
69
69
68
63_66
68
61_69
69
68
68
69
61
69
59_66_78
78
69
69
68
68
69
69
68
59_66_68
69
69
59_78
78
84
84
83
59
83
47_81
81
79
79
78
47
78
60_64_76
76
69
69
68
68
69
69
68
60_64_68
69
69
59_64_76
76
67
67
66
66
67
67
66
59_64_66
67
67
58_64_76
76
67
67
66
66
67
67
66
58_64_66
67
67
54_61_64_76
76
79
79
78
78
76
76
74
54_61_64_74
73
73
55_59_71
71
62
62
61
61
62
62
61
55_59_61
62
62
54_59_71
71
62
62
61
61
62
62
61
54_59_61
62
62
53_59_71
71
62
62
61
61
62
62
61
53_59_61
62
62
49_56_59_71
71
74
74
73
73
71
71
70
49_56_59_70
71
71
42_49_54_78
78
73
73
70
70
66
66
61
42_49_54_61
58
58
54
54
49
49
46
46
42
42
46
46
49
49
42_54_78
78
73
73
70
70
66
66
70
42_54_70
78
78
52_79
79
67
67
70
52
70
49_82
82
70
70
73
49
73
50_83
83
71
71
74
50
74
47_78
78
76
76
74
47
74
52_73
73
74
74
76
52
76
55_74
74
73
73
71
55
71
42_78
78
73
73
70
70
66
66
61
42_61
58
58
54
54
49
49
46
46
42
42
46
46
49
49
42_54_78
78
73
73
70
70
66
66
70
42_54_70
78
78
52_79
79
67
67
70
52
70
49_82
82
70
70
73
49
73
50_83
83
71
71
74
50
74
47_78
78
76
76
74
47
74
52_73
73
74
74
76
52
76
54_74
74
76
76
73
54
73
43_73
73
71
43
71
55_62_74
74
71
71
76
76
74
74
71
55_62_71
76
76
55_62_74
74
71
71
76
76
74
74
71
55_62_71
76
76
55_62_74
74
71
71
76
55_62
76
55_64_74
74
71
71
76
55_64
76
54_66_74
74
71
71
78
78
74
74
71
54_66_71
74
74
42_54_73
73
74
74
76
76
71
71
73
42_54_73
70
70
43_70
70
71
43
71
55_62_74
74
71
71
76
76
74
74
71
55_62_71
76
76
55_62_74
74
71
71
76
76
74
74
71
55_62_71
76
76
55_62_74
74
71
71
76
55_62
76
55_64_74
74
71
71
76
55_64
76
54_66_74
74
71
71
78
78
74
74
71
54_66_71
74
74
42_54_73
73
74
74
76
76
71
71
73
42_54_73
70
70
47_71
71
83
83
78
47
78
52_80
80
76
76
73
52
73
54_75
75
76
76
78
54
78
42_71
71
73
73
70
42
70
47_71
71
71
71
66
47
66
52_68
68
64
64
61
52
61
54_63
63
64
64
66
54
66
42_59
59
61
61
58
42
58
35_58
59
58
35
59
59_66
66
63
63
68
68
66
66
63
59_63
68
68
59_66
66
63
63
68
68
66
66
63
59_63
68
68
58_61_67
67
64
64
68
68
67
67
64
58_61_64
68
68
58_61_67
67
64
64
70
58_61
70
56_59_68
68
63
63
71
56_59
71
55_58_70
70
63
63
71
71
70
70
63
55_58_63
71
71
51_58_70
70
76
76
75
75
73
73
71
51_58_71
70
70
68_80
80
71
71
70
68
70
66_71
71
70
70
71
66
71
65_80
80
71
71
70
65
70
63_71
71
70
70
71
63
71
62_65_80
80
71
71
70
70
71
71
70
62_65_70
71
71
58_62_65_80
80
83
83
82
82
80
80
78
58_62_65_78
77
77
59_75
75
66
66
65
65
66
66
65
59_65
66
66
58_75
75
66
66
65
65
66
66
65
58_65
66
66
56_59_75
75
71
71
70
70
71
71
70
56_59_70
71
71
56_59_65_74_77
74
71
71
70
70
71
71
70
56_59_65_70
71
77
71
54_78
78
73
73
70
70
66
66
61
54_61
58
58
54
54
49
49
46
46
42
42
46
46
49
49
42_54_66_73
73
70
70
74
74
73
73
70
42_54_70
74
66
74
42_54_66_73
73
70
70
74
74
73
73
70
42_54_70
74
66
74
40_52_67_73
73
70
70
74
74
73
73
70
40_52_70
74
67
74
40_52_67_73
73
79
79
78
78
76
76
74
40_52_74
73
67
73
38_50_71
71
66
66
73
73
71
71
66
38_50_66
73
73
38_50_71
71
66
66
72
72
71
71
65
38_50_65
73
73
38_50_71
71
64
64
72
72
71
71
64
38_50_64
72
72
38_50_71
71
77
77
76
76
74
74
72
38_50_72
71
71
36_48_69
69
64
64
71
71
69
69
64
36_48_64
71
71
36_48_69
69
81
81
79
79
81
79
81
79
78
36_48_78
76
76
35_47_75
75
76
76
75
35_47
75
36_48_76
76
75
75
76
36_48
76
35_47_75
75
76
76
75
35_47
75
36_48_76
76
75
75
76
36_48
76
35_47_83
83
78
78
75
75
71
71
66
35_47_66
63
63
59
59
54
54
51
51
47
47
42
42
39
39
35_83
83
78
78
75
35
75
59_71
71
75
75
83
59
83
57_84
84
72
72
75
57
75
54_87
87
75
75
78
54
78
55_88
88
76
76
79
55
79
52_83
83
81
81
79
52
79
57_78
78
79
79
81
57
81
48_79
79
78
78
76
48
76
47_83
83
78
78
75
75
71
71
66
47_66
63
63
59
59
54
54
51
51
47
47
42
42
39
39
35_83
83
78
78
75
35
75
59_71
71
75
75
83
59
83
57_84
84
72
72
75
57
75
54_87
87
75
75
78
54
78
55_88
88
76
76
79
55
79
52_83
83
81
81
79
52
79
45_78
78
79
79
81
45
81
47_79
79
81
81
78
47
78
48_78
78
76
48
76
60_67_79
79
76
76
81
81
79
79
76
60_67_76
81
81
60_67_79
79
76
76
81
81
79
79
76
60_67_76
81
81
60_67_79
79
76
76
81
60_67
81
60_69_79
79
76
76
81
60_69
81
59_71_79
79
76
76
83
83
79
79
76
59_71_76
79
79
47_59_78
78
79
79
81
81
76
76
78
47_59_78
75
75
48_75
75
76
48
76
48_55_67
67
64
64
69
69
67
67
64
48_55_64
69
69
48_55_67
67
64
64
69
69
67
67
64
48_55_64
69
69
48_55_67
67
64
64
69
48_55
69
48_57_67
67
64
64
69
48_57
69
47_59_67
67
64
64
71
71
67
67
64
47_59_64
67
67
35_47_66
66
67
67
69
69
64
64
66
35_47_66
63
63
40_64
64
76
76
71
40
71
45_73
73
81
81
78
45
78
47_80
80
81
81
83
47
83
35_76
76
78
78
75
35
75
40_76
76
76
76
71
40
71
45_73
73
69
69
66
45
66
47_68
68
69
69
71
47
71
35_64
64
66
66
63
35
63
40_63
63
64
40
64
59_66
66
63
63
68
68
66
66
63
59_63
68
68
59_66
66
63
63
68
68
66
66
63
59_63
68
68
58_61_67
67
64
64
68
68
67
67
64
58_61_64
68
68
58_61_67
67
64
64
70
58_61
70
56_59_68
68
63
63
71
56_59
71
55_58_70
70
63
63
71
71
70
70
63
55_58_63
71
71
51_58_70
70
76
76
75
75
73
73
71
51_58_71
70
70
68_80
80
71
71
70
68
70
66_71
71
70
70
71
66
71
65_80
80
71
71
70
65
70
63_71
71
70
70
71
63
71
62_65_80
80
71
71
70
70
71
71
70
62_65_70
71
71
58_62_65_80
80
83
83
82
82
80
80
78
58_62_65_78
77
77
59_75
75
66
66
65
65
66
66
65
59_65
66
66
58_75
75
66
66
65
65
66
66
65
58_65
66
66
56_59_75
75
71
71
70
70
71
71
70
56_59_70
71
71
56_59_65_74_77
74
71
71
70
70
71
71
70
56_59_65_70
71
77
71
54_78
78
73
73
70
70
66
66
61
54_61
58
58
54
54
49
49
46
46
42
42
46
46
49
49
42_54_66_73
73
70
70
74
74
73
73
70
42_54_70
74
66
74
42_54_66_73
73
70
70
74
74
73
73
70
42_54_70
74
66
74
40_52_67_73
73
70
70
74
74
73
73
70
40_52_70
74
67
74
40_52_67_73
73
79
79
78
78
76
76
74
40_52_74
73
67
73
38_50_71
71
66
66
73
73
71
71
66
38_50_66
73
73
38_50_71
71
66
66
72
72
71
71
65
38_50_65
73
73
38_50_71
71
64
64
72
72
71
71
64
38_50_64
72
72
38_50_71
71
77
77
76
76
74
74
72
38_50_72
71
71
36_48_69
69
64
64
71
71
69
69
64
36_48_64
71
71
36_48_69
69
81
81
79
79
81
79
81
79
78
36_48_78
76
76
35_47_75
75
76
76
75
35_47
75
36_48_76
76
75
75
76
36_48
76
35_47_75
75
76
76
75
35_47
75
36_48_76
76
75
75
76
36_48
76
35_47_83
83
78
78
75
75
71
71
66
35_47_66
63
63
59
59
54
54
51
51
47
47
42
42
39
39
35_83
83
78
78
75
35
75
59_71
71
75
75
83
59
83
57_84
84
72
72
75
57
75
54_87
87
75
75
78
54
78
55_88
88
76
76
79
55
79
52_83
83
81
81
79
52
79
57_78
78
79
79
81
57
81
48_79
79
78
78
76
48
76
47_83
83
78
78
75
75
71
71
66
47_66
63
63
59
59
54
54
51
51
47
47
42
42
39
39
35_83
83
78
78
75
35
75
59_71
71
75
75
83
59
83
57_84
84
72
72
75
57
75
54_87
87
75
75
78
54
78
55_88
88
76
76
79
55
79
52_83
83
81
81
79
52
79
45_78
78
79
79
81
45
81
47_79
79
81
81
78
47
78
48_78
78
76
48
76
60_67_79
79
76
76
81
81
79
79
76
60_67_76
81
81
60_67_79
79
76
76
81
81
79
79
76
60_67_76
81
81
60_67_79
79
76
76
81
60_67
81
60_69_79
79
76
76
81
60_69
81
59_71_79
79
76
76
83
83
79
79
76
59_71_76
79
79
47_59_78
78
79
79
81
81
76
76
78
47_59_78
75
75
48_75
75
76
48
76
48_55_67
67
64
64
69
69
67
67
64
48_55_64
69
69
48_55_67
67
64
64
69
69
67
67
64
48_55_64
69
69
48_55_67
67
64
64
69
48_55
69
48_57_67
67
64
64
69
48_57
69
47_59_67
67
64
64
71
71
67
67
64
47_59_64
67
67
35_47_66
66
67
67
69
69
64
64
66
35_47_66
63
63
40_64
64
76
76
71
40
71
45_73
73
81
81
78
45
78
47_80
80
81
81
83
47
83
35_76
76
78
78
75
35
75
40_76
76
76
76
71
40
71
45_73
73
69
69
66
45
66
47_68
68
69
69
71
47
71
35_64
64
66
66
63
35
63
40_63
63
64
40
64
