73
69_73
69
73
76
76
73
78
74
74
78
76
73
76
73
61
37_49
61
37
49
62
38_50
38
50
62
52_64
40
52
40
64
33_45
57
57
73
33
45
69
73
69
73_81
73
81
83
74
74
83
81
73
81
73
61
49
37
37
61
49
62
50
38
50
38
62
52
64
40
52
40
64
45
33_57
57
33
45
73
69
73
76
69
73
76
69
73
69
78
74
78
74
76
73
73_76
61
49
37
37_61
49
62
38
50
38
50
62
52
64
40
52
40
64
45
33
57
57
33
45
73
69
73
69
81
81
73
73
74
74
83
83
81
73
81
73
61
37_49
37_49_61
62
38
50
50
38
62
52
40_64
52
40
64
45
33
57
57
64
64
61
57
61
57
66
33_45
66
62
62
68
68
64
69
45_64
33
64
69
61
64
57
61
57
66
66
62
33
45
62
68
68
64
64_69
33_45
64
69
61
64
61
57
59
59
57
69
66
33
69
66
62
62
71
68
45
71
68
64
64
73
45
33_69
73
64_69
64
61
61
57
59
57
59
33
69
66
66
69
62
62
71
68
45
71
68
64
64
73
45_69
33
73
69
76
73
76
73
69
69
78
78
74
33
80
74
45
80
76
76
81
45
33
76
81
73
76
69
73
33
69
78
74
78
45
80
74
80
76
76
81
64
61
76
64
61
57
57
66
66
62
62
76
74
68
81
68
62
74
62
73
69
69
64
81
61
73
64
81
57
61
74
66
57
66
62
83
68
62
74
83
68
69
81
81
69
73
73
61
71
61
71
69
69
62
81
81
71
72
62
72
71
64
69
64
69
68
68
69
81
79
79
69
81
73
73
61
71
61
71
69
69
62
81
81
62
71
71
69
64
64
69
68
68
69
52
52
76
73
49
69
49
45
45
54
73
54
50
76
50
74
71
56
56
52
52
69_73
57
71
74
57
52
52
69
59_71
73
59
52
52
61_71
69
61
52
52
63_68
63
69
63
63
68
52
52
68
64
64_68
64
68
68
71
64
68
52
71
68
64
64
73
57
52
69_73
69
75
54
57
71_75
76
54_56_71
71
76
56
68
52
64_71
68
64
73
57
52
69_73
75
69
54
57
54
75
71
56
76
71
76
56
59
56_80
59
71
56
52
71
61
61
57
52
80
69_78
63
69
63
57
76
64_68_78
68
76
64
59
56_59
80
71
52
56
71
61
61
52_57
80
78
57_63_69
78
69
59_63
76
59_64
76
68
64
66
56
68
66
64
64
57_76
56
57
76
66
66
64
59
59
64
63
63
64
76
74
74
76
68
64
66
56
68
66
64
64
76
57
56
76
66
57_66
64
59
64
63
63
59
64
52
64
76
76
65
52
65
74
74
64
64
72
62
72
62
71
64
71
64
72
72
62
62_71
60
71
69
60
68
69
68
69
53
71
69
53
62
62
52
71_72
69
52
60
69
60
72
74
71
50
50
59
59
74
72_76
48
71
76
72
48
57
57
77
68
50
50
68
59
59
76
69_77
48
76
48
57
69
57
71_74
47
74
71
47
56
56
45
72
69
72
81
69
64
64_72
72
45_71
55
67
81
71
79
67
64
64
71
53_69
55
71
65
69
79
65
77
62
62
69
52_67
69
53
77
64
67
64
60
76
60_67
50_65
67
52
76
62
65
62
59
74
59
65
64
48
65
50
74
60
64
57
60
72
64
57
62
47
48
64
72
59
62
55
59
71
55_62
60
45
71
47
64
60_62
57
69
64
60
57
60
69
45
59
59
59
40
52
59
56
52
59
56
59_64
64
59
59
40_68
64
64_68
75
75
76
76
59
71
56
59
56
52
61
61
52_57
71
69
63
57
63
57
57
64
68_69
64
64_68
68
64
71
68
71
76
76
71
71
80
76
80
83
76
83
71
83
68
71
68
64
73
64
73
69
81
75
83
75
69
76
76
80
81
68
78
80
76
78
76
80
69
68
78
80
69
76_78
71
76
75
75
71
76
64
76
64
80
76
78
75_76
80
75
73_76
78
73
71
75
76
71
69
73
75
69
68
71
73
71
68
69
66
66
68
64
69
64
64
69
68
64
71
69
57
71
69
57
59_68
69
66
68
47
59_66
64
63_64
52
47_63
64
52
67
64
67
83
66
67
66
52
67_71
84
83
52
84
69
71
67
51
69
51
66
67
52
51
66
52
51
67
66
67
83
67
66
71
67
84
52
52
83
84
69
71
67
51
69
51
66
67
67
52_66
51
52
51
66
67
67
84
66
69
67
52
69
71
86
84
86
65
71
52
69
65
50
50
68
69
68_69
48
48_50
50
69
64
69
84
64
69_72
48
72
71
83
84
83
65_71
50_64
50
48_65
64
62
50
48
48
62_69
50
63
69
81
63_64
48
69
64
69
71
67_79
81
79
71
64_67
64
66
47
63
63
66
63
63
48
67
64
52
47
64
67
59
59
66_69
64
81
64
66
52
60
69
60
67
64
79
81
67
79
59_64
47_59
66
63
63
59
66
59
52_67
64
47
64
59_67
59
81
66_69
64
64
52
60
66
69
60
64_67
79
81
79
67
64
59
47
59_66
63
66
59
63
59
67
52
64
47
64
52
67
71
67
71
83
67
64
83
64
72
57
69
72
84
64_69
64
72
84
71
72
55
57
67
71
67
64
83
71
64
83
71
55
69
54
66
69
81
63
66
69
63
81
54
67
52
69
64
67
79
60
64
60
69
50
79
69
52
71
66_71
78
62
66
69
62
69
78
48
50
71
64
71
76
60_64
69
60
47
69
48
71
76
66
71
75
63
66
59
63
75
47
59
71
69_71
51
67
69
67
66
52
67
66
51
67
64
64
69
57
52
57
66
69
67
66
59
67
64
59
64
66
47
63
66
63
64
52
47
64
71
83
67
71
67
64
52
83
57
64_72
69
72
84
64
69
72
64
84
71
72
55
57
67
71
67
83
64
71
64
83
55
71
54
69
66
69
66
81
63
69
63
81
54
67
52
69
67
64
64
60
79
60
67
67
79
50
66
52
66
62
78
62
59
66
59
78
48
50
64
66
60
64
76
57
60
57
64
64
76
48
63
47
47
59_63
63
47
59
66
63
66
71
71
69
67
69
51
47
67
66
67
52
66
51
67
64
69
64
57
52
66
57
69
67
59
66
67
64
66
64
59
47
63_66
63
64
47_52
64
59
68
59
83
68
64
64
66
47
52_83
63
66
69
63
69
66
66
68
52
47
52
64
68
83
64
71
64_71
64
35
66
83
63
66
63
69
69
66
66
68
40
35
64
68
40
64
71
83
83
64_71
64
66
35
63
66
63
71
71
66
66
68
40
35
40
68
69
69
71
57
69_71
57
59
68
69
66
68
66
47
64
59
64
63
63
64
52
47
64
59
59
68
83
68
64
64
66
47
83
52
49
63
49_66
63
69
69
66
66
68
52
47
52_64
68
64
71
83
83
71
64
64
66
35
63
66
63
69
69
66
66
68
40
35
64
68
64
71
83
40
83
71
66
35
63
66
63
69
69
66
66
68
40
35
40
68_69
69
57_71
71
69
57
59
68
69
66
68
59
47
66
64
63
64
47
52
63
64
64
59
52
45_59
61
61
57
57
45
47
56
56
63
63
47
35
54
54
63
63
64
40
35
59
64
59
56
56
52
52
54
54
52
52
54
54
52
54
54
40
52
73
69_73
69
73
76
76
73
78
74
74
78
76
73
76
73
61
37_49
61
37
49
62
38_50
38
50
62
52_64
40
52
40
64
33_45
57
57
73
33
45
69
73
69
73_81
73
81
83
74
74
83
81
73
81
73
61
49
37
37
61
49
62
50
38
50
38
62
52
64
40
52
40
64
45
33_57
57
33
45
73
69
73
76
69
73
76
69
73
69
78
74
78
74
76
73
73_76
61
49
37
37_61
49
62
38
50
38
50
62
52
64
40
52
40
64
45
33
57
57
33
45
73
69
73
69
81
81
73
73
74
74
83
83
81
73
81
73
61
37_49
37_49_61
62
38
50
50
38
62
52
40_64
52
40
64
45
33
57
57
64
64
61
57
61
57
66
33_45
66
62
62
68
68
64
69
45_64
33
64
69
61
64
57
61
57
66
66
62
33
45
62
68
68
64
64_69
33_45
64
69
61
64
61
57
59
59
57
69
66
33
69
66
62
62
71
68
45
71
68
64
64
73
45
33_69
73
64_69
64
61
61
57
59
57
59
33
69
66
66
69
62
62
71
68
45
71
68
64
64
73
45_69
33
73
69
76
73
76
73
69
69
78
78
74
33
80
74
45
80
76
76
81
45
33
76
81
73
76
69
73
33
69
78
74
78
45
80
74
80
76
76
81
64
61
76
64
61
57
57
66
66
62
62
76
74
68
81
68
62
74
62
73
69
69
64
81
61
73
64
81
57
61
74
66
57
66
62
83
68
62
74
83
68
69
81
81
69
73
73
61
71
61
71
69
69
62
81
81
71
72
62
72
71
64
69
64
69
68
68
69
81
79
79
69
81
73
73
61
71
61
71
69
69
62
81
81
62
71
71
69
64
64
69
68
68
69
52
52
76
73
49
69
49
45
45
54
73
54
50
76
50
74
71
56
56
52
52
69_73
57
71
74
57
52
52
69
59_71
73
59
52
52
61_71
69
61
52
52
63_68
63
69
63
63
68
52
52
68
64
64_68
64
68
68
71
64
68
52
71
68
64
64
73
57
52
69_73
69
75
54
57
71_75
76
54_56_71
71
76
56
68
52
64_71
68
64
73
57
52
69_73
75
69
54
57
54
75
71
56
76
71
76
56
59
56_80
59
71
56
52
71
61
61
57
52
80
69_78
63
69
63
57
76
64_68_78
68
76
64
59
56_59
80
71
52
56
71
61
61
52_57
80
78
57_63_69
78
69
59_63
76
59_64
76
68
64
66
56
68
66
64
64
57_76
56
57
76
66
66
64
59
59
64
63
63
64
76
74
74
76
68
64
66
56
68
66
64
64
76
57
56
76
66
57_66
64
59
64
63
63
59
64
52
64
76
76
65
52
65
74
74
64
64
72
62
72
62
71
64
71
64
72
72
62
62_71
60
71
69
60
68
69
68
69
53
71
69
53
62
62
52
71_72
69
52
60
69
60
72
74
71
50
50
59
59
74
72_76
48
71
76
72
48
57
57
77
68
50
50
68
59
59
76
69_77
48
76
48
57
69
57
71_74
47
74
71
47
56
56
45
72
69
72
81
69
64
64_72
72
45_71
55
67
81
71
79
67
64
64
71
53_69
55
71
65
69
79
65
77
62
62
69
52_67
69
53
77
64
67
64
60
76
60_67
50_65
67
52
76
62
65
62
59
74
59
65
64
48
65
50
74
60
64
57
60
72
64
57
62
47
48
64
72
59
62
55
59
71
55_62
60
45
71
47
64
60_62
57
69
64
60
57
60
69
45
59
59
59
40
52
59
56
52
59
56
59_64
64
59
59
40_68
64
64_68
75
75
76
76
59
71
56
59
56
52
61
61
52_57
71
69
63
57
63
57
57
64
68_69
64
64_68
68
64
71
68
71
76
76
71
71
80
76
80
83
76
83
71
83
68
71
68
64
73
64
73
69
81
75
83
75
69
76
76
80
81
68
78
80
76
78
76
80
69
68
78
80
69
76_78
71
76
75
75
71
76
64
76
64
80
76
78
75_76
80
75
73_76
78
73
71
75
76
71
69
73
75
69
68
71
73
71
68
69
66
66
68
64
69
64
64
69
68
64
71
69
57
71
69
57
59_68
69
66
68
47
59_66
64
63_64
52
47_63
64
52
67
64
67
83
66
67
66
52
67_71
84
83
52
84
69
71
67
51
69
51
66
67
52
51
66
52
51
67
66
67
83
67
66
71
67
84
52
52
83
84
69
71
67
51
69
51
66
67
67
52_66
51
52
51
66
67
67
84
66
69
67
52
69
71
86
84
86
65
71
52
69
65
50
50
68
69
68_69
48
48_50
50
69
64
69
84
64
69_72
48
72
71
83
84
83
65_71
50_64
50
48_65
64
62
50
48
48
62_69
50
63
69
81
63_64
48
69
64
69
71
67_79
81
79
71
64_67
64
66
47
63
63
66
63
63
48
67
64
52
47
64
67
59
59
66_69
64
81
64
66
52
60
69
60
67
64
79
81
67
79
59_64
47_59
66
63
63
59
66
59
52_67
64
47
64
59_67
59
81
66_69
64
64
52
60
66
69
60
64_67
79
81
79
67
64
59
47
59_66
63
66
59
63
59
67
52
64
47
64
52
67
71
67
71
83
67
64
83
64
72
57
69
72
84
64_69
64
72
84
71
72
55
57
67
71
67
64
83
71
64
83
71
55
69
54
66
69
81
63
66
69
63
81
54
67
52
69
64
67
79
60
64
60
69
50
79
69
52
71
66_71
78
62
66
69
62
69
78
48
50
71
64
71
76
60_64
69
60
47
69
48
71
76
66
71
75
63
66
59
63
75
47
59
71
69_71
51
67
69
67
66
52
67
66
51
67
64
64
69
57
52
57
66
69
67
66
59
67
64
59
64
66
47
63
66
63
64
52
47
64
71
83
67
71
67
64
52
83
57
64_72
69
72
84
64
69
72
64
84
71
72
55
57
67
71
67
83
64
71
64
83
55
71
54
69
66
69
66
81
63
69
63
81
54
67
52
69
67
64
64
60
79
60
67
67
79
50
66
52
66
62
78
62
59
66
59
78
48
50
64
66
60
64
76
57
60
57
64
64
76
48
63
47
47
59_63
63
47
59
66
63
66
71
71
69
67
69
51
47
67
66
67
52
66
51
67
64
69
64
57
52
66
57
69
67
59
66
67
64
66
64
59
47
63_66
63
64
47_52
64
59
68
59
83
68
64
64
66
47
52_83
63
66
69
63
69
66
66
68
52
47
52
64
68
83
64
71
64_71
64
35
66
83
63
66
63
69
69
66
66
68
40
35
64
68
40
64
71
83
83
64_71
64
66
35
63
66
63
71
71
66
66
68
40
35
40
68
69
69
71
57
69_71
57
59
68
69
66
68
66
47
64
59
64
63
63
64
52
47
64
59
59
68
83
68
64
64
66
47
83
52
49
63
49_66
63
69
69
66
66
68
52
47
52_64
68
64
71
83
83
71
64
64
66
35
63
66
63
69
69
66
66
68
40
35
64
68
64
71
83
40
83
71
66
35
63
66
63
69
69
66
66
68
40
35
40
68_69
69
57_71
71
69
57
59
68
69
66
68
59
47
66
64
63
64
47
52
63
64
64
59
52
45_59
61
61
57
57
45
47
56
56
63
63
47
35
54
54
63
63
64
40
35
59
64
59
56
56
52
52
54
54
52
52
54
54
52
54
54
40
52
40
64
64
66
66
64
40
64_68
68
64
64
69
69
64
52
64_71
71
52
64
52
68
64
52
68
64
64
69
52_61
52
69
61
64
64
52_59_71
52
59
71
64
64_73
52_57
73
52_57
64
52
62
64_68
62
52
64_68
64
69
61
52
52
61
69
64
64
59
71
52
52
71
59
64
73
64
52
73
57
57
52
64
52
68
64
62
62
52
68
64
64_69
61
52
52
69
61
64
64
59
52
71
59
52
71
64
64
73
45
57
73
69
69_71
45
69
71
57
73
69
73
69
69
74
74
69
57
76
69
76
57
69
57
73
67
69
67
57
69_73
69
74
57_66
66
57
74
69
64_69
76
57
64
57
76
69
69_78
57
78
62
62
57
69
57
73
67
69
67
57
73
69
69
74
66
57
57
66
74
69
64
69
76
57
57
64
76
69
69_78
57
62
78
62
57
69
57
67_73
69
67
57
69_73
74
66
69
57
57
66
74
69
64
57_69
76
64
57
76
69
69
78
50
69
78
50
81
69
74
69
74
76
69
45
69
81
76
69
79
69
79
69
78
50
45
50
69
78
74
69_81
69
74
45
76
69
69
76
69
79
81
69
79
50_69
78
45
50
69
78
76
69
81
69
76
69
47
75
71
81
75
71
81
71
81
71
80
52
47
52
80
71
83
76
71
71
76
71
78
47
71
78
83
71
81
71
81
71
80
52
47
52
80
71
83
76
71
71
76
47
71
78
83
71
78
71
81
71
81
71
80
52
47
52
77
80
76
77
76
74
72
74
71
72
71
69
64
69
68
68
69
64
65
69
81
80
62
81
65
80
81
81
62
83
68
83
74
72
74
64
68
71
72
72
71
69
64
72
77
77
76
69
74
76
72
74
72
71
69
71
64
69
68
68
69
64_65
69
81
81
80
62_65
81
80
62
81
83
68
83
74
74
72
64
68
72
71
71
72
64
69
72
81
81
71
69
64
71
79
79
64
69
65
69
77
77
65
67
60
67
76
60
76
65
62
65
74
74
64
57
62
64_72
72
62
57
53
62
71
60_71
53_57
57
69
60
71
52
69
52
69
71
64
68
69
66
68
66
64
64
62
64
76
60
62
59
60
57
59
57
74
76
69
72
74
71
72
69
71
69
67
69
81
65
67
64
65
62
64
62
79
81
74
77
79
76
77
76
74
74
72
74
83
71
72
69
71
69
64
64
81
83
76
80
81
78
80
78
76
76
74
76
72
80
74
71
72
80
71
81
69
69
83
81
84
62
83
84
86
84
62
64
86
83
84
83
52_64
81
52
80_81
80
81
45
45
77
81
57
76
77
76
74
72
74
71
72
71
69
52
57
69
68
68
52_53
69
69_71
50
72
53
71
72
74
50
52
72
74
71
72
71
69
40
52
69
68
68
69
45
40
45
69
64
64
72
84
69
72
84
69
71
55
67
71
67
64
83
64
71
71
53
69
55
83
65
69
65
62
81
62
69
69
67
52
53
81
64
67
64
60
79
60
67
50
52_65
67
79
62
65
62
59
77
59
65
48
64
50
65
77
60
64
60
57
76
57
64
76
62
47
64
48
59
62
59
55
74
55
62
74
45_60
62
47
57
60
72
53
57
60
53
72
60
43
45
64
59
64
55
71
59
59
55
71
41
43
59
64
57
64
57
53
69
53
62
41_62
69
40
64
59
64
56_59
40
52
56
59
64
59
64
50
52
68
48
50
47
48
68
69
48
47
69
71
71_72
50
48
72
74
72
50
52
74
71
72
71
40
69
52
69
68
68
69
45
40
69
64
64
72
84
45
72
64
84
71
64
55
67
71
67
64
83
71
64
83
69_71
53
55
65
69
81
65
62
62
69
81
53
52
69
67
64
67
64
60
79
60
67
79
50
52
65_67
62
65
62
59
77
77
59
65
48
50
65
64
60
64
76
60
57
64
57
76
48
47
62
64
62
59
59
55
74
55
62
74
62
60
45
47
57
60
53
72
57
60
53
60
43_45_72
64
59
64
55
71
59
62
71
55
62
64
41
43
57
64
69
53
41
57
62
53
69
62
64
40
64
59
56
59
40
52
56
59
64
59
64
50
52
68
48
50
47
48
68
69
48
47
71
69
72
50
71
48
72
74
72
50
52
74
71
72
71
69
40
52
69
68
68
69
45
40
69
64
81
64
73
64
73
71
81
64
40
45
64
71
64
74
64
74
45
64
40
73
64
73
81
64_69
64
69
81
64_71
40
45
64
71
64
74
64
74
64
45
73
40
73
64
64
81
69
64
69
81
64
71
40
45
64
71
64
74
64
74
64
73
45
40
73_74
74
76
50
50
76
74
45
52
73
74
73
71
71
40_52
69
69
68
68
45
69
40
69
64
64
81
73
64
73
81
64
71
40
45
64
71
64
74
64
74
64
73
45
40
64
73
81
64
69
64
69
81
64
71
40_45
64
64
71
74
74
64
64
73
45
40
64
73
81
64_69
64
69
81
64
71
40
45
64
64
74
71
64
74
64
73
45
73
40
74
74
76
45_50
76
74
50
74
73
52
73
71
71
52
40
69
69
68
68
45_69
40
69
64
64
45
66
50
50
62
66
62
61
52
69
61
69
52
40
59
68
59
68
69
45
40
69
64
61
64
61
57
57
59
62
59
45
64
62
68
64
68
69
45
64
69
61
57
61
57
64
59
62
59
62_64
45
64
68
68
45
69
64
69
61
57
61
57
64
59
62
59
45
64
62
68
64
68
45
61
52
64
57
69
45
61
52
64
57
69
