42
42
42
42
42
42
35
35
35_36_42_57_72_79_84_91
67
60
76_88
42_57
35
42
42
67_72_76
40_42
60
42
36
40
60
36
42
42
72_84
76_88
60
59
35
35_42
74_86
71_83
36
72
42
76
67
35
42
42
71_79
74
40_42
42
35
40
35
35_42
42
79
71
74
35
71_83
67
74_86
72_84
69_81
69
72
33
35_42
60_79_91
35
42
35
72
69
71
42_74_74_86
62
72_84
60
42
74
71
72_76
40_42_76_88
64
74_86
62
42
33
40
64
76
72
74
65
77
33
42_77_89
76_88
42
65
77
74
69_81
72_76
64
36
35_42_67_72_76_79_84_88_91
77_89
33
42
35
42
42
40_42_79
64
42
40
59
35_42
31
36
67
42
76_88
72_84
79_91
35_79
60
76
72
31_35_42_57
36
72_76_84_88
79_91
67
42_57
35
42
42
72_76_79
40_42
60
42
40
36
60
42
36
76_88
72_84
42
74_86
71_83
59
60
35_42
35
36
42
35
42
72
42
76
79
71_74_79
40_42
42
40
35
71
79
35_42
67_74
35
74_86
42
71_83
79_91
35
59
77
77_89
65_74
35_42_62_69_81
33_35
42
35
74
76
72
42_64_65_76_77_88
77_89
42
64
76
72
74
71
74_86
40_42
62
76_88
42
33
40
71
42
33
42
74
62
72
67_72_84
60
74_86
72
67
60_72_84
72
67
72_84
67
36
35_42_60_62_69_81
33
60
42
35
35_42
42
35
40_42
60
72
42
36
40
67
31_35_42
67
42
72_84
31_35
36_57_60_60_67_67_72_72_76_76_84_88
35_42
48_48_60_64_84_88
57
42
35
42
42
72
67_76
64
67_72_76
40_42
60
55_64
36
64
42
40
60
48
36
55
42
42
76
72
67
72
76
36
74
59
35_43_71
67_71_74
35_42
60
48
64
62
64
55
60
42
35
42
64
62
42
67
74
71
59
55_62
67_71_74
62
40_42
64
42
40
35
35
42_62
42
67
71
71
74
67
74
35_42
33
65
69
57_65_65_69_72_72
53
55
35
42
41_59_59
55
43_62
35
42
42
72
69
65
65_69_72
40_42
57_60
53
64
65
42
40
33
33
55
42
42_53
65
69
72
65
69
72
60_60_64
35_42
60_67_72_76
33_36
41
72_76
67
48_55
53
57
57
60
42
35
60
55
42
64
42
48
72
76
67
67_72_76
40_42
48
64
55
42
60
40
60
36
35_42
31
55_60
64
42
48
76
72
67
60
35
67
76
72
67_72_76
35_42
60
36_48_67_72_76
48_64
31
42
64
55_60
35
42
42
72
76
67
64
67_76
40_42_72
55_60_64
64
42
36
40
55
36
42
60
48
42
72
76
67
72
76
43
36
59
48_71_74
64
59
67_71_74
35_35_42_62
60
55
60
64
42
55
35
64
42
62
59
42
74
71
67
62
67_71_74
40_42
64
55_59
62
42
35
40
74
71
35
42_67
42
35
67
71
74
62
65
43_50
50
35_42_59
38_65_69_74
50_74
62
59_62
55
42
35
74
40
42
76
38_64
42
62
76
41_64
40_42_57
53_62
65
77
40
65
50
42_64
65
40
77
69
65
43
42
50
79
67
41
65
42
79
74
53_72
41
67
35_42
45
81
62
64
50
77
69
43
69
72
42_53_57_62
35
42
53_57
60
42_72
41
69_72
41_45
40_42
81
41
60
62
42
69
57
60
53
40
77
53
57
45_60
35_46
41
46
69_72
53
35
69
65
72
35_36_41_42_48_55_57_60_60_67_67_72_72_76
79
48
45_53
57
42_57
60
35
42
42
72
67_76
67_72_76
40_42
60
64
55
64
55
42
36
40
48
36_55
42
60
42
76
72
67
43
62
48
36
35_67_71_74
35_42_64
71
64
60
72
55
42
67
35
42
42
67
74
71
67_71_74
55_59_62
40_42
42
40
35
35
42
42
71
74
67
41
65_69_72
53
33_35_42
43_55
69
35
71
55_59
62
42
35
79
60
42
62_77
42
72
69
65
59
53_57_60
65_69_72
40_42_76
60
77
42
40
33
57
74
59
55
42
33
76
42_53
65
69
72
55
41
48
72
60
35_42_67
36
48_57_69
53
55
74
33_57
60
42
35
55_60_64
35_42
76
67_72
42
48
35
72_76
67
40_42
48_55_76
57
64
42
55_60
72
40
48
71
67_74
77
36
55_60
64
35_42
76
42
48
67
57_60
35
71
74
67
35_36_42_79
60_67_72
48
55
67
48
72
77
42
64
60
55
35
42
42
67_76
40_42_72
64
55
60
64
36
42
55
40
36_55
42
72
60
48
42
67
72
76
67
36_43
71
35_48_59
67_71_74
35_42
55_72
62
67
64
64
42_60
55
35
42
59
42
74
71
67
67_71_74
40_42
55_59_62
42
40
35
74
71
35
42_67
42
41
50_62_65_69_74
35_40_49_62
33
43
71
35_59
55_62
35_40_49
77
40_60
62
40
79
69
65_74
40
40
76
53_57_65_69_74
59_60
35_40
77
60
40
41
35_40
33
40
74
55
57
40
33
50_62
59_76
41
74
69
65
40
40
60
53
57
40
65
53
35_40_62
71
36_67_79
72
55
55
74
33
57
40
35_40
71
79
40
43
40
72_81
69
41
67
40
40
81
72
69
40
55
57
74
35_40
55_59_71_83
62
40
35_40
83
71
74
40
43
36
76
84
40_72
31
65
40
84
53
40
72
40
72
31
59
35_36_55_57_62_72
48_76
48
67_76
72
57
76
57
35
40
36
67
72_76
64
55_60
40_44_59
41
67_72_76
74
40
59
48
76
40_44
67
42
35_59
67
72
76
74
41
59
72
35
67
42
43
71
74
35_59_67
43
79
48
60
64
72
55
55
72
59
35
42
59
43
59
67
71
74
79
71
67_74
62
55_59
43
40_44_59
79
42
43
59
40_44
67
44
59
67
43
74
59
71
67
55
69
79
45_57_69_72_76
45_72
35_59
44
59
55
62
59
35
59
59
64
57_60
76_81
40_44_59
69_72_76
59
76
81
40_44
45
35
81
76
35
60
64
76
57
81
45
77
41
72
35_49_53
65_69_72
77
57
49
72
53
35
69
72
65
53_57_60
57_64
41_59
53
41_69
65_72
41
65
69
59
41
69
53
41
72
65_65
41
53
35_41_41_44_55_59_62
65
69_72
65
57
60
53_57
64
59
41
35_41_44
53
57_60
41
35_41_59
52_55
62
60
41_59
69
65
72
35_41
76
72
48
35_57_67_72_72_76_76
53
36
57
53
65
41_48
76
60
57
35
36
40
59
59
67
72_76
52
76
67_72
41
64
55_60
40_44_59
40
74
59
76
40_44
67
60
67
42
59
72
76
72
41
74
59
67
48_64_67
71_74
43
42
35_59
43_60
79
55
72
55
48
72
59
35
42
43
71
67
74
79
62
55_59_74
67_71
42_43
40_44_59
79
59
40_44
67
71
67
44
59
43
59
74
67
55
69
79
44
59
45
55_69_72_72_76
35_59
45_57
43
62
59
35
59
59
52_57_60_76
40_44_59
69
72
69
72
59
45_76
40_44
35
35
72
76
69
57
41
35_49
69
72
45
53
57
52
60
49
35
53
69
64_67
41_41_59
53
53_57_60_71
57
65
69
41
72
59
53
41_41
65
64
71
67
64
69
41_53_62
35_41_44_59
41
55
65
57
53_60
57
59
35_41_44
41
64
69
62
67
53_57
35_41_59_60
41
62
60
55
52_59
35_41
76
72
67
53
72
35_41_57_67_72_76_76
36_48
41
48_62
65
53_57_76
57
60
35
40
36
52
67
76
72
72_76
67
41
40_44_59_64
55_60
40
74
59
76
40_44
67
67
42_60
59
72
72
41
76
74
59
67
42
48
43
35_59_62
43
64_69_79
60
55
48
55
72
72
59
35
59
42
43_71
69
59
79
55_59_62
42
40_43_44_59_62
69_79
71
59
43
40_44
44
59
67
43
69
59
55
69
79
59_62
55
72
35_59_64
45_45
69
69
57
44
67
59
35
59
59
52
57_60
40_44_59_64
45
69
59
69
40_44
57
45
41
35_49_52
53_65_69_72
57_60
49
69
53
72
35
65
53_57_60
65
41_57_59_69_72
53
41
65
64
69
41
59
53
69
41
72
41
65
65
64
35_41_44_55_59
53
65_69_72
41
41
57
65
62
59
53_57
60
41
35_41_44
62
35_41_59
41_52_60
53_57_60_65
55
69
72
41
59
35_41
76
72
53
72
35_57_65_65_67_72_76_76
48
36
48
41
65
76
53_57
57
60
35
59
40
36
59
52
67_72_76
41_67_72_76
40_44_59
60_64
55
40
74
59
76
67
40_44
67
59_60
42
72
74
59
41
76
72
67
48
43
42
55
48
35_59
60_64
67
43_71_74_79
55
72
72
59
35
42
43
71
67
74
79
42
43
55_59_62
40_44_59
79
74
71
67
59
40_44
67
71
44
67
59
71
43
59
71
74
67
55
79
69
57
44_45
45
59_62
72
55_59_69_69_72_72_79_81
43
79
69_76
72
59
40
40
69
72_76
52
57_60_76
72
69
43_44
76
72
69
43
43_44
43
43_81
72_76
43
72
69
76
69
45
53
57
40
43_44
53_77
65
41
60
57
65
77
45
43
52
53
40
53
77
44
65
65
77
76
64
40
53
41
53_57
60
65
53
69
64_76
41
40
76
53_53_64
57
53
60
41
65
76
64
41
74
62
40
53
36_44
53_53_57_60
65
74
62
36
40
74
62
53
44
62_74
40
72
60
36
60
72
36
53
41_53_57
36_60
72
64
40
76
35_42_48_48_57_60_60_64_64_65_67_67_72_72_76_76
76
42_57
35
42
42
36
72
67_76
64
36
64
67_72_76
40_42
60
55_64
42
40
48
55
35_42
60
42
76
72
36_67
35
72
76
64
62
74
59
35_43_71
67_71_74
35_42
48
60
64
55
60
42
35
64
42
62
42
67
74
71
59
55_62
62
67_71_74
40_42_64
42
40
35
35
35_42
42
71
71
74
67
67
35
74
65
62
69
57_65_65_69_72_72
53
35_42
33
55
35
41_59_59
55
42
43_62
35
42
42
72
69
65
64
65_69_72
40_42
57_60
53_65
42
40
33
55
35_42
33
42_53
65
35
69
72
65
69
72
62_64
60
35_42
60_67_72_76
36
41
72_76
67
48_55
53
33_57
57
60
42
35
60
55
42
64
42
48
72
76
67
60_62
67_72_76
40_42
48
64
55
42
60
40
36
35_42
31
55_60
64
42
48
76
72
67
60
35
60
67
76
72
67_72_76
35_42
60
36_48_64_67_72_76
48
31
42
64
55_60
35
42
42
72
76
67
64
64
67_76
40_42_72
55_60_64
42
36
40
55
36
42
60
48
42
72
76
67
72
76
43
36
62_64
59
48_71_74
59
67_71_74
35_35_42
60
55
60
64
42
55
35
42
59
42
74
62_71
67
62
67_71_74
40_42
55_59
62
42
35
40
74
71
35
35_42_67
42
35
67
35
71
74
62
65
43_50_62_65_69_74
50
35_42_59_62
38
59_62_77_81
55
42
35
40
42
38
42
69
65_74
65_69_74
64
41
40_42_57
53_62_65
40
42
40
55
43
42
50_62
41
74
69
65
42
64
53_62_65_69_72
41_65
84
35_42
45
55
62
50
43
42_53_57_62
35
35_42
53_57
60
42_69_72
65
41
35
62
60
65_69_72
41_45
40_42
41
42
57
60
53
40
53
57
45_60
35_46
60
41
46
69_72
65_65
53
35
81
77_84
35_36_41_42_48_55_57_60_67_67_72_72_76
79
48
45_53
57
42_57
60
35
42
42
72
67_76
67_72_76
40_42
64
60
64
55_55
42
36
40
48
36_55
35_42
60
42
76
72
67
35
43
64
62
48
36
35_67_71_74
35_42
71
64
60
72
55
42
67
35
42
42
67
74
71
67_71_74
55_59_62
40_42
42
40
35
35
35_42
42
71
74
67
35
41
65_69_72
53
33_35_42
43_55
69
35
71
55_59
62
42
35
79
60
62
42
77
42
72
69
65
59_60
53_57_60
65_69_72
40_42_76
77
42
40
33
57
59_74
55
42
33
76
42_53
65
69
72
57
55
41
48
72
60
35_42_67
36
69
53
55
74
33_57
60
42
35
55_60_64
72_76
35_42
42
48
35
76
72
57
55
40_42
48_76
64
42
55_60
72
40
77
36
71_74
55_60
64
35_46
76
46
48
67
60
35
74
55_71
35_36_42_57_79
57_60_67_72
48
67
48
72
77
42
64
60
55
35_57
42
42
67_76
40_42_72
64
55_64
60
55
36
42
40
36_55
42
72
60
48
42
67
72
76
67
36_43
71
35_48_59
67_71_74
35_42
62
55_72
64
67
64
42_60
55
35
60
42
59_62
42
74
71
67
60
59
67_71_74
40_42
55_59_62
42
40
35
74
71
35
42_67
42
59
41
50_62_65_69_74
35_40_49_62
33
43
57
71
35_59
55_62
35_40_49
77
40
55
40
57_79
69
65_74
40
40
76
53_57_65_69_74
60
35_40
77
53
40
41
55
35_40
33
40
74
55
40
33
50_62
76
41
74
69
65
40
40
60
53_53
57
40
71
65
53
35_40_62_79
36
72
55
74
33
67
53
40
35_40
79
40
67
71
43
72
40
81
41
69
40
40
81
69
40
72
74
83
35_40
55_59
62_71
53
52
40
83
35_40
71
74
40
43
76
36
84
72
40
31
65
40
84
53
40
72
72
40
52
31
59
35_36_48_55_57_62_72_72_76
48
76_76
57
35
67
40
76
36
72
64
55_60
67_72_76
40_44_59
41
74
40
59
48
76
40_44
67
42
35_59
72
74
41
59
76
72
35
42_67
43
48
71
74
35_59
43_55
67
79
60
64
72
55
72
59
67
35
67
42
59
43
71
74
59
79
62
55_59
43
67
40_44_59
74
71_79
42
43
59
40_44
67
44
59
43
59
74
71
67
55
69
57_79
76
45_72
69
45_72
35_59
44
59
55
62
59
35
59
59
69
72_76
69_72_76
64
57_60
40_44_59
59
40_44
45
35
69
72
76
35
60
64
57
45
41
57_65_69_72
35_49
53
49
53
35
69
72
65
53_57_60
65
69_72
41_57_59
53
41
41_64
65
69
59
53
41
41
65
72
65
69
57
41
55
65_69_72
35_41_41_44_59_62_64
53
65
57
60
53
59
53
41
69
35_41_44_72
65
55
53
57_60
41
35_41_52_59_62
60
41_59
35_41
76
72
76
72
48
67
35_48_57_72_76
36
57
53
65
41
76
60
57
35
67
36
67
40
59
76
72
52
59
60
41
64
55_60
72
40_44_59
40_76
74
67
59
76
40_44
67
42
59
72
41
74
59
76
72
67
48
48_64
74
71
43
42
35_55_59
43_60
79
67
55
72
72
59
67
35
42
67
43
74
71
79
62
55_59
42_43
40_44_59
79
71
74
67
59
40_44
67
44
59
43
59
74
71
67
69
57_79
44
59
45_55
55_72
35_59
45
43
62
59
35
59
81
69
59
81
69
69_81
69_81
81
69
52_57_60
40_44_59
69
59
45
81
40_44
79
35_67
67
79
35
67
79
67_79
67_79
41_57
35_49
45
53
57
52
60
67
49
79
35
53
41_41_57_59_65_69_72_77
53_57_60
53
64
65
69
41
59
69
53
72
65
41_41
77
65
69
41_65_72_77
35_41_44_59_62
41
65
53_55_57
64
57
53_60
59
69
72
53
65_77
35_41_44
41
77
65_69_72
55
53_57
35_41_59_60_62
41
60
52_53
59
35_41
53
69
72
65_77
76
72
35_41_57_72_72_76_76
36_48
48
41
65
53_57_76
57
60
35
67
40
36
76
72
52
60
41_67_72_76
40_44_59_64
55_60
40
74
59
76
40_44
67
42
59
72
41
74
59
76
72
42
67
48
55
48
43
71
74
35_59
43_67
64_79
60
55
72
72
59
67
35
67
59
42
43
71
74
59
79
55_59_62
42
67
40_43_44_57_59
74
71_79
57_59
43
40_44
67
44
59
43
59
74
71
67
57
69
79
59_62
55
76
72
69
72
35_59_69_69_72_72_76_76
45_45
55
44
59
35
59
59
76
69
72
57
76
72
52
57_60
40_44_57_59
45
57_59
40_44
69
72_76
69
45
53
69_72
41
65
35_49_52
57_60
53
49
35
69_72
65
57
53
64_65_69
72
53_57_60
41_59
41
65
69
41
53
59
41
41
69
72
65
65
62
57
55_65
69_72
53
64
35_41_44_59
41
41
65
59
53_57
60
53
41
35_41_44_69
72
65
55
62_65_69
60
72
35_41_52_53_59
41
53_57_60
41
59
53
35_41
65
69
72
76
72
72
76
48_67
35_57_65_65_72_76
36
48
41
65
76
53_57
57
60
35
67
67
59_60
40
76
36
72
59
41
40_44_59
60_64
55
72
40_52
76
74
67
59
76
40_44
67
59
42
72
76
74
59
41
72
67
48_48
55
43
42
35_59_71_74
60_64
43_79
55
72
72
59
35
67
42
43
74
71
79
67
42
43
55_59_62
40_44_59_71
74
79
59
40_44
67
44
59
43
59
71
74
67
79
69
45
44_45
69
45_60_64
59_62
72
49_55_55_69_69_72_72_79
43
79
49
64
69
60
60_64_69
40
64
60
69
40
52
57_60
60_64_69
43_44_59
43_59
64
60
69
43_44
43
60_69
64
45
43
43
45
41
64_69
60
57_60_65
40
43_44_59
41
60
57
45
43_59
52
60
40
57
44
65
40
65
57_60
41_59
53_57
60
65
69
41_59
40
57_60
57
53
65
60
41
65
41
40
57_65
60
36_44_59
53_57_60
65
36_59
40_60
57
41
65
44
40
57_60_65
36_59
36_59
60
57
65
64
41_53_57
60
76
72
40
35_40_52_52_59_65_67_71_76_76
83
35_59
62_64
42
64_71
67
44_59
40
59
44
52
59
59
43
62
35_42_52_59
60_79
83
35_59
64_67
71
60
60
35_59
35_59
60
59
64_67_71
44_44_59
78
43
79
59
44
67
76
71
52
57_59_71
57_64_67_69_72_76
45_76_78
52
35_59
45
44
35_59
35_59
35_59
57_59
64
60_69
44_59
47
78
45
59
76
44
59
60
45
35_59
35_59
64
60
69
71
35_59
59_64_78
79
45
48
35_47_59
59
59_71
64
59
60
52
44_59_60_72
64
48
59
44
79
59_72
69
59
45_76
52
64
57
53
53_57_65_69_72
35_59_60_72_81
41_60_65_69
65
35_59
60
65
69
53
48
55_64
44_59
60_65_69
57
65
59
44
35_59
41
35_59
65_69
60
48
45_53
62_77
60_65_69
35_55_59
81
41
64
35_59
62
62
59
59
65
69
60
60
62
45
41
52
76
60_65_69
44_59
53
77
69
59
72
44
65
60
65
69
41
60
58
70
65_74
41
53
50
52
46_74
35_59
58_65_70
46_62
76
35_59
35_59
35_59
70
65
62
52
58_60
44_59
62_65_70
46
38_76
50
74
59
46
44
60
52
35_59
53
62
46
35_59
65
70
62
38
41
35_59
62_65_70_77
76
35_59
59
59
65
70
62
41_44_59
62_65_70
34
59
46
44
77
65
65_70
62
59
70
74
59
62
34
52_53
55_58
36
35_49
67_76
72
60
60
64_67
76
48
35_49
40
40
40
40
40
40
64_67
40_60
48
36_38
53_60
44
64
43
60_67
52
40
62
44
43
76
72
67
55_64
67
60
62
35_57
55
79
72
67_76
60_64_67
40
55_64_76
48
35_57
38
53
40
60
40
64
67
48
40_44
40
40
72
76
67
55
40
44
55
40
64
43
35
79
43
35
43
43
57
48
60
60_84
55_67_72_72_76_79
64_84
35
48
57
35
40
40
40
40
40
40
64
67
40_55
84
74
44_50
67_71_86
60
48
40
72
44
74
49
71
67_86
35
55
60
52
76
67
72
88
49
35
50
35_41
35_41
60
52
35_41_44_76
72
88
67
35_41
44
79
55_76
72
84
60
48
35_41
35_41
35_36_42_48_48_57_60_60_64_67_72_76
67
60
64
42_57
35
42
42
36
67
64
60
64
36
40_42
64
60_67
60
55_64
64
42
40
48
55
42
60
42
60_67
64
36
72
76
59_62
67
74
59
35_43_71
35_42
48
64
62
60
64
55
60
42
35
42
64
62
42
62
59
67
59
55_62
62
59_67
62
40_42
64
42
40
35
59
35
35_42_62
62
67
42
71
67
35
74
65
69
57_65_72
53_69
35_42_60_65
33
55
35
41_59_59
55
42
43_62
35
42
42
60
69
65
40_42
57_60
53_60
65_69
64
65
42
40
33
55
42
33
42_53
65_69
60
65
69
72
60_60_64_64
35_42_60_67
60
36
41
72_76
67
48_55
53
33_57
57
60
42
35
60
55
42
64
42
48
64
60
67
64
40_42_46_60_67
48
64
55
42
60
40_46
60
60
36
42
31
55_60
64
64
42_67
48
60
67
76
72
67_72_76
35_42_57
60
36_48
48_64
31
64_72
67
42
64
55_60
35_57
42
42
67
64_72
64
40_42
67_72
64
55_60_64
64
42
36
40
55
36
35_42
60
48
42
64
72
35_67
72
76
43
36
59
48_71_74
64
59
35_35_42_62
60
55
67
62_71
60
64
42
55
35
64
42
62
59
42
67
62
71
62
40_42
64
55_59
62
62_67_71
42
35
40
35
35_42
42
35_67
67_71
35
71
62
74
62
65
43
50_50_62
35_42_59_62
38
65_69
62
59_62_77_81
55
42
35
40
42
38
42
69
65
62
41_64
40_42_57
53_62
65_69
65
62
40
42
40
55
43
42
50_62
41
42
62
65_69
53
41_65
84
35_42
45
55_62
64
69
60_65
62
50
43
42_53_57_62
35
35_46
53_57
60
46
41
35
65
60_69
41_45
40_42_60_65_69
41
60
62
42
57
60
53
40
53
57
45_60
35_46
41
46
65
53
35
65_69
60
81
77_84
35_36_41_42_48_55_57_60_60_67_67_72_72_76
79
48
45_53
57
42_57
60
35
42
42
72
67_76
67_72_76
40_42
60
64
55
64
55
42
36
40
48
36_55
42
60
42
76
72
67
43
62
48
36
35_67_71_74
35_42_64
71
64
60
72
55
42
67
35
42
42
67
74
71
67_71_74
55_59_62
40_42
42
40
35
35
35_42
42
71
74
67
35
41
65_69_72
53
33_35_42
43_55
69
35
71
55_59
62
42
35
79
60
42
62_77
42
72
69
65
59
53_57_60
65_69_72
40_42_76
60
77
42
40
33
57
74
59
55
42
33
76
42_53
65
69
72
67
55
41
48
72
60
35_42_67
36
57_69
53
55
74
33_57
60
42
35
67
69
55_60_64
35_46
46
48
35
69
71
40_42
48_55_76
57
64
42
55_60
72
40
77
36
55_60
64
35_46
76
46
48
71
67
57_60
35
64
72
35_36_42_57_79
60
48
55
67
48
72
77
42
64
60
55
35_57
72
67
42
42
40_42
64
55
60
64
36
42
55
40
64
36_55
35_42
60
48
42
67
35
36_43
71
35_48_59
71
35_42_62_67
55_72
62
67
64
64
42_60
55
35
71
42
59
42
40_42_67
55_59_62
42
62
40
35
35
42
42
41
50
62
35_40_49_62
33
72
43
71
35_59
55_62
35_40_49
77
40_60
62
40
79
40
40
76
53_57
59_60
35_40
77
60
40
41
35_40
33
40
74
55
57
40
33
50
62
59_76
41
40
72
40
60
53
57
40
65
53
35_40_62
36
72
55_72
55
74
33
57
40
35_40
40
43
40
41
40
40
40
72
55
57
35_40
55_59
62
67
40
35_40
40
43
36
40
31
65
40
53
40
72
40
67
31
59
35_36_36_55_57_57_62_72
48_72
64_67
76
57
35
40
36
67
64
72
64
55_60
67_72
40_44_59_64
41
74
40
59
48
76
40_44
42
35_59
40
36
72
74
41
59
64
72
67
40
35
42
43
67
35_59_62
71
43
43_79
60
64
72
55
72
59
35
42
59
43
59
67_71
62
79
62
55_59
43
40_44_59
62_67_71
79
42
43
59
40_44
44
62
59
71
43
67
59
69
79
45
45_72
35_59
64_69_72
44
45
43
59
55
62
59
35
59
59
69
72
64
64
57_60
40_44_59
64_69_72
59
40_44
45
35
64
69
72
35
60
64
57
45
41
45
35_49
65_69_72
41
49
35
41
65
69
72
53_57_60
41_57_59
41_65_69_72
41
41_64
65
69
59
41
41
41
65
65
69
72
57
41
55
35_41_41_44_59_62_64
65_69_72
41
65
57
60
53
59
41
35_41_44
55
53
57_60
41
35_41_52_59_62
60
69_72
65
41_59
35_41
76
72
48
35_57_72_76
64_67_72
41
36
36
57
53
65
41
76
60
57
35
36
40
59
52
59
64_67
72
60
41
64
55_60
40_44_59_67_72
64
40
74
59
76
40_44
42
59
40
72
36
41
74
59
64
72
67
40
48_64
43
42
35_59
43_60
62_67_71
79
43
55
72
72
59
35
42
43
62_67
71
79
62
55_59
42_43
40_44_59_62_67
71
79
59
40_44
44
59
62
43
71
67
59
69
79
44
59
45
55_64_69_72_72
35_59
45
43
45
62
43
59
35
40_59
59
40
69
72
64
52_57_60
64_72
44_47_59_69
59
45
44_47
35
64
69
72
35
45
41
41
35_49
65_72
45_69
57
52
60
49
35
41
69
65_72
41_41_57_59
41
53_57_60_69
65_72
64
65
69
41
59
41
41_41
65
69
65
72
41
35_41_44_59_62
65_69_72
41_41
65
55_57
64
57
53_60
59
41
35_41_44
41
69
65
72
55
53_57
35_41_59_60_62
41
65_69_72
41
60
52
59
35_41
65_72
69
76
72
41
35_41_57_72_76
36_48
36_64_67_72
41
65
53_57_76
57
60
35
40
36
67
72
64
52
60
64
41_67_72
40_44_59_64
55_60
40
74
59
76
40_44
42
59
40
72
36
41
74
59
64
72
67
40
42
40
48
43
62_69
35_59
43
43
64_81
60
55
40
72
72
59
69
35
71
59
42
43
69
71
59
62_67
69
81
69
55_59_62
42_62
40_43_44_57_59
67_79
57_59
43
40_44
71
44
59
69
43
62
59
69_71
79
59_62
55
64
72
35_59
45_45
45
44
43
59
35
81
40_59
59
40
64
76
52
57_60
64
44_47_59
45
59
44_47
69
81
35
76
64
35
45
69
81
41
65
35_49_52
41
57_60
45
49
35
41
65
57
64
77
53_57_60
65
41_59
41
41
65
69
81
41
59
41_41
41
65
65
62
57
55
64
69
41
35_41_44_59
65
41
41
65
59
53_57
60
77
41
35_41_44
55
62
60
35_41_52_59
41
53_57_60
65
41
41_59
35_41
41
69
76
72
35_41_48_57_65_65_67_72_72_76_76
36
48
41
65
76
53_57
57
60
35
67
67
59_60
40
76
72
36
59
41_72
40_44_59
60_64
55_76
40_52
74
67
59
76
40_44
67
59
42
72
74
59
76
41
72
67
48
48
43_74
42_71
35_55_59
60_64
43_79
67
55
72
72
59
67
35
67
42
43
74
71
79
42
43
55_59_62
40_44_59
79
71
74
67
59
40_44
67
44
59
43
59
74
71
67
79
69
57
44_45
45
55_59_62
72
49_55_69_69_72_72_79
43
79
49
40
81
69
81
69
40
69_81
69_81
52_81
57_60
69
43_44_59
69
43_59
81
43_44
43
79
43_67
67
79
43
67
79
45
67_79
67_79
40
57
43_44_59
41
53
60
57
45_67
43_59
52
79
40
44
53
40
41_59_65_69_72_77
53_57
60
53
65
69
41_59
40_69
53
72
57
53
60
65
41
77
65
41
40
69
65_72_77
36_44_59
53_57_60
65
53
36_59
69
40
72
53
65_77
44
40
77
65_69_72
36_59
53
36_59
53
69
72
65_77
64
41_53_57
36_60
76
72
40
35_36_36_36_53_64_64_65_67_72_76
48_72
64_67
53
35
40
36
67
64
72
64
55_60
79_91
67_72
40_44_53_64
41
40
53
48
40_44
42
35
40
36
41
64
72
67
40
35_64
67
42
43
67
35_53_62_62_67_71
71
43_72
43
60
64
55
53
35
42
43
76_88
79_91
67_71
62
62
55_59
43
40_44_53
62_67_71
42
43
53
40_44
44
62
71
43
62_67
77_89
76_88
67
71
45
45
35_53_64_69_72
64_69_72
44
45
43
59
55
62
53
35
76_88
77_89
69
72
64
64
57_60
40_44_53
64_69_72
53
40_44
45
35
64
74_86
69
76_88
72
35
60
64
57
45
41
45
35_53_65
65_69_72
41
64
53
35
41
65
69
72
53_57_60
41
41_65_69_72
41
41
76_88
74_86
41
41
41
65
69
72
41
35_41_41_44
65_69_72
41
57
60
53
41
35_41_44
53
57_60
41
35_41
69_72
65
41
65
35_41
69
48
35_59_64_67
64_67_72
41
36
36
57
53
41
60
59
35
36
40
64_67
72
41
64
55_60
40_44_59_67_72
64
40
59
40_44
42
40
36
41
64
72
67
64
67
40
48_64
43
42
35_59_62_67_71
43_60
62_67_71
43
55
72
59
35
72_84
42
43
76_88
62_67
71
62
55_59
42_43
40_44_59_62_67
71
59
40_44
44
62
43
71
67_74_86
62
72_84
67
71
44
59
45
55_64_69_72
35_59_64_69_72
45
43
45
62
43
59
35
40
76_88
74_86
40
69
72
64
52_57_60
64_72
44_47_59_69
59
45
44_47
35
64
69_77_89
72
76_88
35
45
41
41
35_59_65
65_72
45_69
64
57
52
60
59
35
41
69
65_72
41_41
41
53_57_60_69
65_72
41
76_88
77_89
41
41_41
69
65
72
41
35_41_44
65_69_72
41_41
57
53_60
41
35_41_44
41
69
65
72
53_57
35_41_60
41
65_69_72
41
65
35_41_69
65_72
69
41
35_41_53_64_67
36_48
36_64_67_72
41
53_57
53
60
35
40
36
67
72
64
79_91
64
41_67_72
40_44_53_64
55_60_76_88
40
53
40_44
42
35
40
36
41
64
72
67
64
35_40
67
42
40
48
43
62_69
35_53_62_67_71
43
43
64
60
55
40
72
53
69
35
71
42
43_76_88
69
79_91
71
62_67
69
69
55_59_62
42_62
40_43_44_53
67
53
43
40_44
71
44
77_89
69
43
76_88
62
62
67_71
71
59_62
55
64
35_53_64_69_72
45_45
45
44
43
53
35
81
76_88
77_89
64
76
52
57_60
64
40_44_53
45
53
40_44
69
81
35
76
74_86
76_88
64
35
45
69
81
41
65
35_52_53_65
64
41
57_60
45
53
35
41
65
77
53_57_60_76_88
65
41
41
41
74_86
81
41
41_41
41
65
69
41
35_41_44
65
41
41
53_57
60
77
41
35_41_44
35_41
41
53_57_60
65
41
65
35_41
69
69
35_41_48_59_64_67_67_72_76
36
48
41
53_57
59
60
35
67
67
40
76
72
36
41_72
40_44_59
60_64
55_76
40
67
67_79
76_88
59
40_44
67
42
76
41
72
67
64
48
48
43_74
42_71
35_55_59_62_71
60_64
43
67
55
59
67
72
35
67_72_84
42_67_79
43
74
71
42
43
55_59_62
40_44_59
71
74
67
59
40_44
67
44
74_86
43
72_84
62
74
71
71
67
67
57
44_45
45
55_59_62
35_55_59_64_69_72
43
59
35
40
81
69
76_88
74_86
81
69
40
69_81
69_81
52_81
57_60
69
44_47_59
69
59
81
44_47
79
35_67
77_89
67
79
76_88
35
67
79
45
67_79
67_79
40
57
35_44_59_65
41_64
53
60
57
45_67
59
52
79
40
35_44
53
40
41_65_69_72_77
53_57
60
53_79_91
77_89
40_69
53
72
57
53
60
65
41
77
40
69
65_72_77
35_41_44
53_57_60
53
69
40
72
53
65_77
35_41_44
40
77
65_69_72
35_41
53
35_41
53
69
72
65_77
41_53_57
36_60
40
35_36_36_36_53_64_67_72_72_84
48_72
64_67
72
65_69
53
35
79_91
79_91
40
36
67
64
72
72_84
64
55_60
79_91
67_72
40_44_53_64
41
40
53
48
40_44
79_91
42
35
40
36
41
64
72
67
40
35_64
67
42
43
67
35_53_62_62_67_71
71
43_72
43
60
64
55
53
35
42
43
76_88
79_91
67_71
62
62
55_59
43
40_44_53
62_67_71
42
43
53
40_44
44
62
71
43
62_67
77_89
76_88
67
71
45
45
35_53_64_69_72
64_69_72
44
45
43
59
55
62
53
35
76_88
77_89
69
72
64
64
57_60
40_44_53
64_69_72
53
40_44
45
35
64
74_86
69
76_88
72
35
60
64
57
45
41
45
35_53_65
65_69_72
41
64
53
35
41
65
69
72
53_57_60
41
41_65_69_72
41
41
76_88
74_86
41
41
41
65
69
72
41
35_41_41_44
65_69_72
41
57
60
53
41
35_41_44
53
57_60
41
35_41
69_72
65
41
65
35_41
69
48
35_59_64_67
64_67_72
41
36
36
57
53
41
60
59
35
36
40
64_67
72
41
64
55_60
40_44_59_67_72
64
40
59
40_44
42
40
36
41
64
72
67
64
67
40
48_64
43
42
35_59_62_67_71
43_60
62_67_71
43
55
72
59
35
72_84
42
43
76_88
62_67
71
62
55_59
42_43
40_44_59_62_67
71
59
40_44
44
62
43
71
67_74_86
62
72_84
67
71
44
59
45
55_64_69_72
43_43_45_62_64_69_72_74_86
