79
60_88
55_76_79_84
52_72_79
72
48_67_76
42
35
48
72
55
67
48
36_82
48_64
48
48
82
48
35
48
81
48
81
48
81
48
81
35_48
79
48
48
79
48
48
35
77
48
48
77
48
76
48
35
48
48
76
48
48
77
35
48
48
76
48
48
35_72
48
48
48
35_48
77
48
48
76
48
72
41
53
48
35_53
48
48
48
35
48
48
48
48
48
35
48
48
48
29_48
38
35
48
38
29
48
38
29
48
38
29
48
35
48
48
48
48
35
48
48
48
48
35
48
48
48
48
35
48
72
48
72
48
48_55
82
35_36_70
48
48
82
48
82
48
81
35_69
48
48
81
48
81
67
48
35_70_79
70
48
79
48
79
48
69
65
35_48
69_77
48
48
48
35
48_67
67_76
64
48
48
76
48
74_77
65
62
48
35
48
48
76
48
64
60
35
48
72
48
48
48
64
35_67
48
77
48
48
76
48
53_65_69
29
48
35_72
51_60_65_69
48
48
48
35_48
48
48
48
35_48
48
48
48
35
48
38
29
48
38
29
29_48
38
29
48
38
35
48
48
48
48
48
35
48
48
48
48
35
48
48
48
48
35
48
79
48
81
48
55_64
67
35
51
48
79
31
48
48
48
48
33
35
36
48
77
40
48
76
43_48
51
65
48
72
53
69
35_45
48
48
48
48
35
48
72
48
72
48
51_58_70
53
48
46_74_82
35
48
48
82
48
82
57_69
48
51
45_72_81
35
48
81
48
81
48
55
43
48_51
48_67_72
79
35_64
48
48
79
48
60
65
48
51
41
35_53_69
48
48
77
48
48
35
48
48
48
48
35
48
48
48
48
35
48
48
77
48
77
35
58_62_70
46
51_70_74_77
34_35
46
46
77
46
70_74_77
35
46
46
46
79
46
51_57
35_69
41_41_60
72_77_81
41
41
81
41
81
41
72_77_81
35
41
82
41
81
41
81
48_55
67
41
48_64
35_46
36
48
72
48_84
83
48
48
35_84
48
72
84
48
83
48
84
35
48
48
72
84
48
83
48
35_84
48
72
48
84
48
79
83
48
77
35
58_84
46
70
46_53
57_65_77
35_62
46
77
46
46
47
46
47
45
77
35
46
43
46
43
79
46
41_49_60_69
41
81
57
35
41
41
81
41
82
48
45
41
35
41
41
41
81
41
36_48_55_64
57_67
48
81
35
48
72
79
84
48
83
48
35
48
84
48
72
48
84
83
48
35
48
84
48
72
48
84
83
48
35
48_84
48_72
84
48
83
48
79
65_84
70
46_62
34_53
35_79
57_58
46
46
77
46
48
46
35_77
48
46
46
79
33_45
31
46
29_49_57
41
60
35_81
69
41
41
81
41
47
43
41
29
82
35
41
41
41
81
41
31_57_59_62_67
43
81
35_50_55
43
67
79
43
79
78
43
43
79
35
43
67
43_79
78
43
43
79
35
43
67
79
43
78
43
33
79
43
35
67
43
79
35
43
72
78
43
35
36_48_64_67
72
48
82
35
48
48
82
48
48
35_81
48
81
48
81
48
81
48
35
79
48
48
79
48
35
48
77
48
48
77
48
76
48
35
48
48
76
48
35
48
77
48
48
76
48
48
35_72
48
48
48
48
35_77
48
48
76
48
72
53
48
48
41
35_65
51
48
48
48
48
35
48
48
48
48
35
48
48
48
48
38
29_35
48
38
29
48
38
29
48
38
29
35
48
48
48
48
48
35
48
48
48
48
35
48
48
48
48
35
48
72
48
72
48
55
35
48
82
36_70
48
48
82
48
82
69
48
81
35
48
48
81
48
81
48_67
70_79
70
35
48
79
48
79
48
69
65
48
69_77
35
48
48
48
64
67
48
35_67_76
48
48
76
48
74_77
48_65
35
62
48
48
76
48
60_64
35
48
72
48
48
48
64_67
35
48
77
48
48
76
31
48
53_69
65
69
29_65
48
35_51_72
48
48
48
48
35
48
48
48
35_48
48
48
48
48
38
41
35
48
38
41
41_48
38
48
38
41
35
48
48
48
48
48
35
48
48
48
48
35
48
48
48
48
35
48
79
48
81
48
33_35
55
51
31_48
67_79
35_60_64
48
48
48
33
48
35
36
48
77
40
48
76
43
48
45_51_53_65_69
48
72
35
48
48
48
48
35
48
72
43_48
72
45
48
46_58
51
70
48
82
35_74
48
48
82
48
82
51_57
45_69
48
81
35_72
48
81
48
81
48
55
43_48
48
79
64
35_51_67
48
48
79
48
48
53
35_41_49_65_69
48
48
77
48
48
35
48
48
48
48
35
48
48
48
48
35
48
36
48
77
35
29
48
77
34_58_62
46
35_70_77
51
46
46
77
46
77
35
46
46
46
79
34
46
57_69
60
35
41
51_81
41
41
41
81
41
81
41
81
35
41
82
41
81
40
41
79
38
64_67
48
55
48
57
35_36
48
48
38
48
38
35
48
38
48
38
48
38
48
38
35_48
38
48
38
38_48
38
48
38
35_48
38
48
38
48
38
48
38
35
70
46_62
65
34
58
69
46
38
46
38
70
65
38_72
46
64
35_74
38
46
65
46
65
38
70
46_69
65
38
38
46
67
67
35_57_60
38
41
69
41
69
38
41
68
38_69
41
38
70
41
38
35
41
72
65
38
41
69
38
67
41
60
65
38
41
34_38_58_62
35
46
70
38
69
46
65
38
46_70
65
38
72
46
65
38_74
35_46
65
38
70
46
64
31_69
38
46
65
67
38
46
67
29_57_60
35
38
41
69
69
68
41
38
69
41
65
38
70
41
60
38
41
38_72
35
41
38
69
33
41
67
38
65
41
38
34
58
46
38_62
35_70
46
38
69
46
65
38
70
46
65
38
72
46
65
38
35
74
46
65
38
70_84
46
67
38
36_69
46
38
38_67
41
35_60
69
38_57
41_69
41
68
38
41
70
38_69
41_70
69
38
41
35_67
38
72
41
38
69
67
41
65
38
41_65
65
38
35_48
67
38
36
60_64_67_76
48
67
38
74
48
67
38
76
48
67
38
77
36
48
35_67
38
79
48
69
38
76
40
48_74
67
38
48
72
38
41
35
41
65
38
65_69_77
41
38_48
41
38_47
41
38_43
38_41
35_41
81
81
76_79
48
82
77
76
81
72
77
72
72
77
82
74
69
82
82
72
69
81
60
81
81
67_70
76
79
79
65
69
77_79
77
58
72
69
57
70
67
55
65
69
53
64
67
60
48
57
46_65
77
60
45_69
77
77
46_62_65_70
77
77
82
69
60
81
53
72
72
72
65
77
81
60_64_67
79
48
79
64_67_72
52
76
67
55
79
60
67
67
34
46
35_65
49
46_62_65_70_70_74_77
46
46
65
46_47
65
47
46
35
46
79
43
34
46
67
46
60_69_77_81
41_57_72
35_41
69
53
41
41
69
45
41
70
45
41
35
41
41
41
41_52
69
41_50
36_64_67_72_79
49
76
48
35
67
48
48
48
65
43
48
36_76_84
43
48
69
35_52
48
43_82
55
48
47
69
36
48
67
41_65_72_77_81
57
69
41
53
35
45
41
48
41
65
77
65_69
70_79
41
67
36_81
72
41
41
55
35
69
69
77
41
65
33_70_79
46_57
41
67
69_72_81
41
34
82
42_49
77
46_65
74
35_70
58_62
46
46
65
47
46
70_74
47
77
46
36
35_65
58
46
82
43
86
46
67
38
46
60_69_81_84
57
77
35_41
69
41
57
41
41
69
45
41
70
89
45
41
35
36_60
41
41
41
69
41
36_55_84_88
49_79
64
48
35_65
67
48
48
65
47
48
69
48
47_76
48
84
35_43
48
79_88
43
48
69
48
41_57_65_81_84_89
49
41_69
35_67
55_64_67_79_88
41
38
57_65_69_81_84_89
38_41
65
55_64_79_88
38_67
41
57_81_84_89
38
41
35
69
65
41
81
41
81
41
31_60_67
64
48
79
35_51_60
60_64_67
48
55
48
64
48
55
33
48
35_60
36
48
77
55
40
48
64_76
43
55
48
45_65_65_69_69
60
48
72
35_51
53
48
65
48
53
48
41
48_60
35
53
48
72
65
48
43_72
45_53
48
46_62_70
70
70
48
51_74
82
65
35
65
48
62
48
82
70
48
82
60_69_69
45
48_51_65
81
69
35_72
65
48
81
60
48
81
69
48
43_64_67
67_67
51_64
48
79
72
35
64
48
60
48
79
67
48
65_65
57
41
69
48_57
65
35_60
60
48
57
48
77
65
48
60
48
35
57
48
65
48
60
48
35
57
48
48
65
48_60
48
57
35_48
65
48
60
35_48
77
57
65
48
77
35_62
65
46
51_77
62
34_58_58_65
62
46
58
46
77
65
46
77
62
46
35
58
46
65
46
79
36
62
38_46
51
65
35
41
60_81
41_60
69_69
60
41
57
41
81
65
41
81
35_60
41
81
41
41
57
82
41
81
65
60
41
81
64_64_67_67
48
60
35
46_52
58
48
48
60
48
55
48
53
48
35_60
48
58
48
60
48
55
48
35_60
42
48
58
48
60
48_55
48
47
35_60
48
47
58
48
77
38_60
48
77
36_58
58
46_65
34_62_77
65
35_49_58_62_65
46
62
46
77
58
65
46
77
46
62
35
46_58
46
79
34
65
46
62
57
41_41
81
60_65
35_65
60_69_69
60
41
57
41
81
65
41
81
29
35_41
81
60
41
57_82
33
41
81
65
60
41
81
40_51
48_64
60
67
35_64_67
58
48
48
60
55
48
36
48
51
60
35
48_58
48_60
48
55
48
35_60
48
58
48
60
55
48
48
60
35_43
48
58
47
48
77
60
58
48
77
58_62
65
46_65
77
62_65
35_46_49_58
46
62
46
77
58
46
65
77
46
35
62
58
46
46
45_65_79
43
46
62
41
35_41
57
81
65
60_60_65_65_69_69
41
60
57
41
81
65
41
81
35
60
41
81
41
57
41
82
65
41
81
60
41
81
64_64
67
67
60
51
48_52
52
35
58
48
60
48
55
48
48
51
48_60
35
58
48
60
48
55
48
48
60
35
48
58
48
60
48
55
36_48
35
38_60
36
48
58
38
36
48
38
60
36
48_55
38
48
60
35
58
48
60
60
48
59
55
60
48
48_64
35
60
48_64
58
63
48
60
64
55
48
67
48
35
60
66
48
58
67
48
60
48
55
48
38
35_60
36
48_58
38
36
72
35_48
60
38
36
36
38
48_55
35
48
60
48
58
64
63
48
60
64
55
48
35
67
48
64
55
67
48
66
48
60
67
58
48
35_72
48
60
71
55
48
72
48_60
58
48
35_36_38
60
48
36_38
55
48
35_36_38_76
60
48
36_38_58
48
35_60
60
48
58
72
48
55
71
48
60
55_72
48
35_76
60
48
58_72
48
60_71
48
55_72
48
64_79
35
48
55_76
48
82
60
48
55
48
36_38_58
72
35_48
38_60
36
48
36_38_58_79
35
48
36_38_60
48
35
48_60
58_72
48
71
60
48
55_72
48
76
60
35
48
72
58
48
71
60
48
55_72
48
79
60
48
35
58_76
48
82
60
48
55
48
76
38
48
64
36
35
38_48_60
36
84
58
48
35_36
38
38_60
36
48
64
35
48
55
48
72
60
71
48
58
72
60
48
76
48_55
35
72
48
60
58
48
79
76
48
60
82
48_55
35
81
48
60
48_82
58
48
60
48
36
38
35_64
36_48
38_60
88
58
36
48
38
36_60
38
49
