42
42
42
42
43
43
43
50_50
55
55
55
59_59
50
59_62
62
43
31_55
42_49_50_59
47_62
62
67
36
67
50
42
47
42
50
42
47
42
42
50
42
45
50
42
52
42
55
42
42
42_50
45_45
45
52
52
52
57
57_57
52
57
45
60
49
42
33_52
60_60
36_60
55
42
42
55
42
57
42
50
42
42
42
42
42
46
50
48
48
48
52
52
52
55
55
55
60
52_55_60
60
48_49
60
52
42
36_36
55
42
52
42
55
42
55
42
42
52
45
45
45
52
52
52
57
57
57
52
45_57
60_60
55
60
42_57
60
33_36
52
42_55
42
42
55
42
42
43
43
43
55
50
50
50
55
59
55
59
59
62
62_62
59_62_67
55
43_49_67
31
36
67
42
55
59
42
62
42
57
42
57
38
42
57
42
54
42_52
43
50
52
42
55
42
50
42
46
52
47
55
46
38
50_55
43
59
43
31_43_43
36_42_43
59
42
59
55
62
55_59
50_59_59_62
37_42_55
59
50
42
59
36_38
42
57
50
55
42_59
55
55
50
55_59
59
37
55
42
62_62
52_59_59
50
55_59
42
31
55
36_43
42
55
52
42
55
59_62
50_50_55_59
55
59
37_55
62
59
42
42
31
36
42_59
43
50
55_59
42
55
55
50_62
59_62
59_59
37
62
42
55
59
50
55
42_59
57
55
45
45
45
33
36_45
42
55
42
57_60
52_52
60_60_64
57
57
52
60
37
42
57
42_55
40
36_57
42
52_52_57
42_60
55
60
57_64
52_60
57
37_57
42
60
57
64
60
42_52_57
60
42
33_36_45
57
52
42
57
52_62
57_57_57_64
60
52_60_60
37
42
60
57
42
60
33
36
42
57
50_52
60
42
60
52_57
64
59_60_62
57
37
42
60
52
52
42_57_59_60
57
48
48
48
36_48
36
42
57
42
60
52_55
52_55_60
55_60
52
37_55_55_60
42
42
55
36
42
36
52_52_55
42
52_60
52
60
55
60
55
52_55_60
42
37_55
52
55
52_60
42
45
45
45_45_55
33
36_42
55
42
57
60
52
57_60_60
52_57_57
52_60
37
42_52
55
42
33_42
36
52
42_52
57_60
52
60
57
60
52_57_60
57
37_42
62
52
52_57
52_60
59
42
48
48
48_48
36
36
42
59
42
52_60
52_55
52_60
52_55
37_55_59_60
60_60
42
57
42
55
36
42_59
36
62
48
52
42_55
60
57
52
60
52_52_55
64
55_60
42_60
55_57
37
52
55
52
55
60
42
58
50_50_50
50
36
42
38
59
38
42
54_62
57_57
57_62
54_62
54_54_57
57_62
36
37_42
59
42
42
35_36
50
57
54_62
62
35
42
62
54_57
54_62_64
57
33_57
42_62_71
67
43
59
54
57_62
54
42
50
55
59
62
67
43_43
49
43
31
36_42
42
59
59
62
55_62
59
55
62
40_42_55_59
50
31
36_42
38_59
36
42
43
57
42
62
55
59
55
40_50_55_59
42
62
59
52_59_62
55
42
55
31_43
36
42
53
52
50
55
42
47
62
59
40
50_59_62
59_62
55
42
52
31_36
42
31
36
42
50_55
42
55
47_50
55_59_59_62_62_62
59
40
35
42
55
42
59
45
45
45
36
33_45
42
57
42
52_60
52_60
57_57
57_57
52_57_60_60
52
40
42
57
33
36_42
64
36_40
42
42
45
52
57
60
57
52
40
42
60
57_57_60
42
50
59
33
42
36
52
60
57
59
42
60
57
52
59
57
60
40
42
33
36_42
33
59
36
42
57
60
57_60
42_52
47
47
52_64
57_60
60
40
35_42
59
47
40_42
59
48
48_48
48
55
36_36
42
42
52
55_60
52
52_55_60
52
55_60_60
40_55
42
58
55
36
36_42_52
36_42
36
55
48_48
48
42
52_55
60
60
52
55_60
55_55
42_60
40
58
52
55_60
55
42
50_50
59
38
50_50
36_42
62
66
42
54
62
54_57
57
62
54_57
57_62
62
40_54_59
42
38
36_42
59
38
42
36
57
54_55
50
50
42
54
57_62
62
57
62
54_54_57
55
40_42_57
54
59_62
55
55
42
43
50
59
52
55
62
43
43_67
43
62
67
31
36
42_50
42
62
55
59
55
62
59
55_62
59
40
42
31
67
42
36
70
31
42
36_71
43
55
74
42
50
59_59_62_62
55
76
59_62
42
35
40
55
55
66
62
57
74
42
50_50
74
62
36
38_46
50
50
54
62
54
57_62_62_66
57_57
40_42
62
54_72
57_60
38
42_74
36_70
70
71
28_42
36
54
67
28
42_52
59
67
71
64
62
54
57
54_62
30
42
62_62
40_57
54_62
57
55
64
62
42
40
43
43_43
49
67
31_36_42
62
42
59
55_62
59_62
67
55
59_62
55_62
40_42_59
64
36_42
31
59
38
36
42
57
50
55
42
55
55
52
55_59
62
40_50
59
55
42
59
50
59
52_55
55
62
59
42
31_55
36
42
55
55
42
50
55_62
59
59
62
40
59
55
42
31_36
42
59
31
36
42
55
50_59
42
55_62
59_59_62
47_59_60_62
55_67_72
59
62
35_40
42
55
59
42
45_45
45
45
33
36
42
57
42
52_52_60
57_60
52
57
57
52_57_60_60
57
40
42
55
33_36_42
57
36_38
42
45
40_45
42
52_52_57
60
52
43
57
40_60
42
60
60
57_64
45
40_42
55
59
52
60
45_57
49
52_57_60
33
42
36
59
59
36_59
59
36
52
57
45_60
45
60
52_57
52
45
33
57
40_57_59
60
48
52
55
48
48
48
59
60
49
36_36
42
57
42
55
52
60_60_60
52_55_55_64
55
52
60
55
40
42
57
36
36_42
36_42
36
48
48
52
42
52
55_60
55_60_60
55
52
40
42_60
40_55
58
52_57_62
54
52
42
50
50
50
50_59
38
36_42
62
42
57
54_62
57_62
54_57
62
54_57_62_62
40_66
42
59
38
36_42
62
38_42
36
50
50
42
52
62
54_57
54_57
66
57_62
33_57
40_42
59_67
55_62
55_59_62
57
42
43
43
43
31
36
42
67
42
55
59_62
55
55_59_62
59
55_62_67
59_62
50_67
65
69
40
42
70
71
31_42
36
74
74
75
38_42
36
76
50
43
42
79
77
52
55
59_62
62_67
59_59_76
42_62
40
59_67
55_62
55
55
79
67
42
43_43
31_36
42
55
42
50_55
55
59_62_67
59_59_62_62
59
62
67
50
40_42
63
64
31
42
36
67
57
40
42
36
58
59
43
55
42_43
40
57
50
62
59
55_62
42_55_59
40_55_67
40_50
59
50
55_59
52_55
46
43
43
43
47
55
31_36_42_43_43
43
42_50
50_62
55
59
55_59
50_55
50_59
55_59
37_42
52
42
36
38_42
50
55
42_59
50
55_59
37_50_55
55
42
62
50_59
55
59
59_62
50
42
47
31
36
43
42
55
42
50
55
59_62
59
62
37_50_55_59
59
42
42
50
31
36
42
52_55
50
59
42
55
50_62
55_59_59
62
37_59
42
55
55
50
55_55
59
50_59
42
45
45
45
33_52
36_57
42
45_60
55
42
52
52_57
60
57_60
57
52_60
64
37_60
57
42
42
55
40
36
42
55
42_52_57
57
60
52
52
57_60_60
37
42
64
60
52_57_57
42_52_60_60_64
45
42
33_36
57
42
52
52_64
57_57_60
52_60
60_62_67
60
37_57
42
64
42_60
67
62
33
36
42
52
57_60
42_67
62
52
64
60
52_60
57_67
57_60
37
42
60
52
50
52
42_57_60
48
48
52
36
48
36
42_48
55
42
52
52_64
60_60
52_52_55_55_60
55_55
37_60
42
42
55
36_42
36
42
52
55
60
60
52_55_60_64
60
55
42
37
50
52_60_64
55
60
42
52
44
45
45_45
52
43_45
36_42
33
55
42
52_55_57_60
52_60_64
57_57_60
52
57
37_60
42
57
42
33_42
36
52
60
42_52
57
57
52
57
60
60
57_60_64
37_42
60
52
57
52
42
43
43_43
43
31_36
42
55
42
62
50_59_59
55_57
50
55_59
37
55_62
42_59
50
59
42
38
42_57
36
42
50_55
59
50
55
59
59
55_62
55
42
37
62_62
59_59
50_59
42_55
81
82
55
43
67_83
31_36_71
42
52
50
55
86
42
50
59_62_62
59_59
50_55
55
59_88
37_42_58
42
86
81_86
42
38
36
83
81
55
50_55
40_42_59
79
50
59_62
55_59_59
76
42_43
37
62
59
62
55
50_59
46_55
55
43
70
74
50
55
71
59
62
43
43
67
31_36_42_59
67
42
59
59
62
50_59_62
55
59
37_42
57
42
36_38
42
55
42
50
55
59
59
37_62
55
42
59_62
62
55_59
42
57
43
31_36
42
59
55
55
42
62_62
59_59
50_59
37_55_59
42
42
59_71
31_36
42
42
55
62
59
50
62_67
55_59_59
37
42
55
42
45
52
57
62
45
45_45
33
36
42
60
55
42
52_60
57_64
52_60
57
60
37
59
42
62
42
64
40
36
42
52
64
42_57
52
57
60
57
60
37_64
42
60
57
64
60
42
57
33_42
36
52
42
52
57
60
60
57
64
60
37
42
32
36_42
62
33
36
42
42
50
52_57
60
57_60
60
60_64
35_59
36_37
42
62
57
42
59
48
52
55
48
48_60
48
36
36
42
57
55
42
55
60
52_52
55_55
60
60_64
55
37
42
42_52
55
36_42
36
48
55
42
55
52_60
55_55
64
40_60
42
37
60
62_71
55
55
55
58
45
42
52
57
72
64
45
45
45
60
62
33
36_42
55
42
60
57
52
52_57_60
60
57
37
42
52
42
55
33
42
36
42
57
52
52_60
57
57_60
37_42
64
60
42
50
52
48
52
55
59
60
62
48
48_48
36_36
42
42
64
60
55
52_52_60_60
55
60
55
59
37
42
42
42_59
36_36_62
60
57
55
42
52
64
60_60
55_60_64
42
55
37
64
52
42
55
53
50
57
62
50
50
66
50
59
38
36
42
62
38
40
42
54
62
57
62
36_54_57
57_62
36_42_48_62
54
36_62
42
45
42
35
36_40
50
35_42
45
50
64
54_57_62
57_62
54_67
33
42_71
36_41
43
59
54
62
57
57_62
54
33_42
40
50
55
59
62
67
43
43
43
31
36_42
49
42
59_59_62_62
55_55_59
50
55
59
40_42
31
36_42
59
36_38
42
43
50
57
42
50
55
55_59
40_50_55
42
62
59
62
59
52
55
42
55
31_36
42
53
52
50
55
42
47
50_59_62
62
55_59
59
40
42
52
36
31_42
31
36
42
55
50_55
42
55
50_62
47_55_59
59
62
35
40_59
72
42
62
55
42
59
55
45
45
45
45
33
36
42
57
42
64
60
64
52_57
57_57_60
57_60_60
52
40
42
57
33_36_42
64
40
36
42
42
57
57
52
57_60_60
40_60
42
64
60_64
60
42
50
59
33_42
36
57
59
42
64
59_60
52
57_64
60
40_60
42
31_36_42
33
59
36
42
57
57
42
47
52_60
57
64_64_72
60
35
40
42
47
59
47
40_42
59
48
48
48
48
55
36_36
42
42
52
55_60
52
60
64
55_60
40_60
42_55
55
36
36_42_52
36_42
36
55
48
42
52
52_55
60
52
55_60_60_64
64
40_60
42_60
40_55
64
60
55
52
42
50
59
50
50
50
36_38_42
42
62
54
54_57
57
62
54_54_57_57_62
62
40_59
42
36_42
38
59
38_42
36
57
55
50
42
50_54
54
57_62
54_54_57_62
57_62
55
57_62
40_42_71
33_67
62
57
55
42
43
50
59
52
55
62
67
43
43
43
31_36
42_50
86
82
42
83
50
55_59_62_62
59_59
55
40
42
42
36
31
86
82
83
42
31_36
42
55
79
55
50
76
62
42
50_59
40_55_59_62
35_59
66_74
55_62
57
42
55
36
69
71
50
70
50
50
71
36_38
46
62
54_57
50
54_62_74
38_57
54
57_62_66
57
62
36_76
40_42
50
74
36_42
36
76
62_69
62
54_57
54_57
70
35_42
36
71
67
35_42_52
59
62
57
54
64_67
62
33
42_71
40
54
62
57
55_62
62
54_57
64
33_42
40
43
43
43
49
31
67
36_42
62
42
59_62
55_59
55
62_62
55_59_59_62
67
40_42
64
31
36_42
59
38
36
42
43_57
50
43
42
55
52
50
40_55_59
42_55
62
59
62
52_59
55
42
31_55
36
42
55
55
55
42
62
50_59
55_62
59_59
40
42
31_36
42
59
31
36
42
55
50_59
55
42
50
62
59
62
47_55_59
59
59
35_40
72
42
62
55
55_59
42
45
45_45
45
33_36
42
57
42
52
57
60_60_64
52_52_57_57_57_60_60
57
40
42
55
36_42
33
57
36_40
42
45
42
45
52_57
52_60
57
60
28
52
40
42
57
60_64
40_42
55
59
52_52_60
60
45_57_57
49
33_42_45
36
59
59
36_59
59
36
52
52_57
45_60_60
57_57
45_52_57_60
45
33
40_59
48
52
48_55
48
48
59
49_60
36
36_42
57
42
52
60_64
55
55_60
55
52_60
52
55_60
55
40
42
57
36_42
36
42
36
36
48
42_55
48
52
55_60_64
60
52_60
55
42
40_40
52
57_62
54
60
55_60_64
42
50
50
50
50
59
38
36_42
62
42
57_62_62
54_54
57
54
57
62_62
54_57_62
40
42
59
38
36_42
62
38
42
36
50
42
52
54_57
33_62
54_57
40_42_71
67
62
57
59_67
55
54_62
57
62
57
42
43_43
43
31
36
42
74_75
76
42
59
50_55_55_59_62_79
62
55_67_67
59_62
55_59
40
42
31
42
36
67
79
31_42
36
43
50_55
79
67
42
50
52
55
59
76
62
59
42
35
40
55
57_62
62_66
59
74
42
36
50
50
50_50_69
78
38
36
42
54
57_62
38
40
42
62
57
54_66
57
62
50_50
38
62
42_54
57
67_76
75
47_47
38
42
36
50_50
62
54_57
66
38_42
74
36_40
57_62
52_52_66
50_66_74
42
38
40
45_45
64_72
54_62
57
57_62_62
42_54
28_57
36_40
62_71
70
62
54_57
30_42
40
43
50
59
62
55
67
43_83
43_43_43_43
49
49
31
36_42
42
50_55_59_62
59_67
62
55_62
59
55_59
40_42
31
36_42_45_45
38
36
42
47_47
50_50
43_55
43
42
52_52
50
55_55
40_55
59_59
42
62
59
55_55_60
62
59
59
62_67
42
31
36
42
55
42_52_52
62
50_59
55_62
59
59
40
55_55
42_55
59
31
36
42
62
59_59
31
36
42
62_62
55
42
59_62
50
59_62
55
35
40_59
42
64_64
42
55
45
52_57
60
45
45_76
64
45
33
36
42
62_62
42
52
57
64
60_60
57_60_64
40
60_60
42
64
57
33_59_59_60
36_42
57_57
40
36
42
55_55
52_57
42
52
52_52
57_57
60_60_60
58
36_40
42
57
55_55
64
60
60
64
42
50_50
33_42
36
48_48
64
60
42
64
52_60
50_50_57
60
40
42
57
31_36_42
45_45
60_64
45
49
33_81
36
42
83
42
47_52
57_81
47_47_47_47_60
35_57
40
42
79
42
48
48
76
48_48_48_48_72
36_36
49
42
69
42
52
52
64
55_60_60_64
40
42_60
67
55_64
60
36
36_42
67
36_42
64
36
55
62
42
52
52
60
55
60
60_60_64_64
55
36_42
40
47
55_55_62
35
42
45_72_72
45
45
45
64
33
36_42
81
76
72
52
67_67
42
52
57
60
60
57_57_60_64
57
40
42
64_64
60
33_36_42_64
62_62
33_42
36
57
52
52
42
57
52_60_64
60_60
60
60
33_57
57_60
40_42
47
35
52
42
48_48_72
76
76_79
48
48
36
36
42
76
42
52
60
55
52_60
55_64
60
55
74
40
42
72
36_55
42_60_64
36
69
67
36
42
36
67
42
52
52
55
52_64
60_64
60
55
60
42
35_55
40
60_64_64_67
52
42
36
36
50
74_81
50_78
50
50
38
36
42
62_62
62
54_57
54
38
40
42
59_59
54
57_62
54_57
57_62
36
36_42_43
57_57
62_66
54
59
36
42
55_55
54
62
57
35
42
36_40
54_57
52_52_62
35
42
50_50
62_66
54_57_57_62_62_64
67
33_62
54_57
42_71
36_40
43
59
54
47_47
33
42
40
50
55
59
62
67
43
43
43
43_43
31_36_42_49
91
49
42
59
62
55_59
55
40_42_62
55_59
59_62
31
36_42
38_59
36
42
55
57
42
55
59_59
62_62
40_50_55
55
42
62
59
52
55
62
59
42
55
36
31
42
53
52
50
55
55
42
47
55_62
59
59
62
62
59
40
42
31_52
36
42
31
36
42
55
55
50_55
42
55_59_62
59
62
35_62
47_59
40
72
42
62
55
42
55
59
45
45
33
45_45
36
42
57
42
64_64
52_60_60
57
57
57_57_60_60
52
40
42
33_57
36_42
40_64
36
42
57
42
52
57
60_64
60
40
42
60_64
64
42_60
50
33_59
42
36
59
42
57
57
52_64
60
59_60_64
57_60
40
42
33
36_42
57
33
59
36
42
64
60
42
57
52
57
47_60
47_64_72
40_49
35_42
59
47
42
59
48
48_84
48
48
55
36_36
42
57
42
52
55_60
52
55
60_64
60
40_60
42_55
55
36
36_42_52
36
42
36
55
48
42
52
52_55
52_60
55_60
60_64
60_60
38_64
55
42
40
64
60
40_55
42
50
59
86
50_50
38
36_42
50
42
62
54
54_57
54_57_57_62
54_57_62
62
40_59
42
38
36_42
59
38_42
36
57
55
50
42
50
54
57_62
54
33_54_57
57_62
55
54
40_42_62_71
67
57_62
55
42
43
50
59
52
55
62
67
43
43
43
31
36_94
42_50
95
42
98
55_94
62
59
59_62
55_59_62
40
42
95
31
42
36
98
93
31_42
36_98
95
42
55
55
93
50
62
55
59
35
42
59_62
40_91
59_62_66
62
57
55
42
36
88
50_50
50
36_38
42_101
102
50
62
54
57
38
42
105
62_66
57
62
38_54_54_57_57
62
40_42_101
102
38
50
42
36
105
62
57
38
42
105
36_40_100
102
38
54_100
42_52
59
54
62
54_57_67
62_98
28_62
42_71
57
40
54
55_57_62_62
57
64
30
42_95
40
43
93
43_98
91
43
49
36_42
31
95
62
42
59
59_59_62
55_55_62_62
67
55
59
40_42_62
64
36_42
31
59
38
36
42
57
50
42
55
50
52
55
55
40_59
42_55
62
59
52_59_62
55
42
55
36
31
42
55
55
42
62_62
55_59_59
59_62
40
42
36
31_42
59
36
42
38
55
50_59
40_42
50
55
47_59_59_62
62
59
59
40
43_72
42
62
55
59
42
45
45
45
45
33
36
42
57
42
60_64
52_60
57
52_52_57_60
57_58
40_57
60
42
55
33_36_42
57
40
36
42
45
40_42_45
57
52
52_57
60
57
60
38_40
42
52
40
57
60_64
40
40_42
55
40
59
52
49_52_52
57_60_60
45_57
45_57
60_64
33_42_57
36_45_60
45_59
59
59
36_59
59
36
52_60
57
45
52_57
52_52_57_57_60_60
45
33_45_45_57
60
40_59
48
52
55
48
48_48
49
59
60
36_88
84
36_42
57
42
52_64
55_60
60
52_55
55
55
52_60
60
55
40
42
57
36
36_42
36
42
36
48
42
55
48
64
52_60
52_55_60_64
60
55
60_60
38
42_55
40
58
57_62
54
55
52
40
42
50
86
50_90
50_50
59
38
36_42
62
42
62
54
54_57
57_62
54_62
57
62
54_57_62
40
42
38
59
36_42
38_62
42
36
50
42_50
54
52
57_57_57_62_62
54_62
54
33_57
40_42_71
67
59_67
55
62
57
42
43_91
43
43
83
31_36_97
42
103
91_98
103
91
98
42
62
55_55
59
50_67
59_62
55
59_59_62
40_55
42_103
91_98
31
42
36
103
91
98
31
42
36
91_103
98
50
42_55
43
91_98_103
52
50
62
55_59
62_103
59_59
35_42_91_98
40
52_52
103
55_91
98
57_66
55_62
36_42
54_54_97
93
50
90
50_98
50
102
38
36_40
42
62
54
57_57_57
102
62_93_98
38_54_57
50
40
42
54
57
102
62_93_98
54_54
36
57
36_42_48_62_66
50
59_98_102
93
52_52
42
36_48
57
62
62
54_57
35
42
45_47_47
50
62
35_102
42_93
50_50_98
45
50
64
54_93_98_102
47_47_57_57_67
33_62_62
66
42_71
36_41
57
57
54_62
43_54_62
59
57_102
93
98
45_45
33
42
36_41
50
55
59
62
67
43
43_43
43
43
49
31_36_42
91
42
59
62
59
55_55
62
55
40_42_59
59
62
31
36_42
38_59
36
42
55
57
42
55
59
59_62
40_50_55
55
42
62
59
62
52_59
55
42
55
36
31
42
53
52
50
55
55
42
47
55
59
62_62
59
62
40
59
42
31
52
36
42
31
36
42
55
50_55
42
62
59
55
59_62
59_62
35
47
40
72
42
62
55
55
42
59
45
45
33
45
45
36
42
57
42
52_60_64
57_60_64
57
57_57_60_60
52
40
42
33_57
36_42
40_64
36
42
57
42_57
52
57
60
60_60
40
42
64
60
64
60
42
50
33_59
42
36
57
59
42_57
52_60_64
59_60
57
60_64
40
42
33
36_42
49
33
59
36
42
57
57
42
52
57
47_60
64_72
47
40_57
35_42
59
47
42
59
48
48_84
55
48_48
36_36
49
42
42
52
55_60
52
55_60_64
60
55
40
42_60
55
55
36
36_42_52
36
42
36
55
52
48
42
52_55
52_60_60_64
55_60
60_64
38
42_55
40_60
55_60
55
40_55
42
58
59
50
86
50
50
38
36_42
50
42
54_57_62
54_62
54_57
57
54_57_62
62
40_59
42
38
36_42
59
38_42
36
57
55
50
54
42
54
57_62
54
33_57
54_57_62_62_62
55
57
40_42_61_71
67
54
55
42
43
50
59
52
55
62
67
43_43
43
31
36_86_98
42_50
98
86
86_98
42
55_62
59
55_96
84
59
62
59_62
55
40
42
82
94
31
42
36
83_95
31_42
36
55
55
42
91
79
50
62
55_59_62_62
59_59
35
42_88
76
40
66
55_62
55_57
74_86
42
36
50
50
50_89
36_38
42
90
62
50_54
57
54_62
57
38
93
42
62_66
57
38_54_57
62
40_42
89
90
38_54
93
42
36
88
62_62_93
54
57_57
38
42
36_40
90
88
38
86
42_52
59
62
54_57_67
62_83
28
42_71
36_40
54_62
81
54_55_57
62
57
64
30
42
40
43
43
91
43
79
36_42
31
49
62
42
59
62
67
62
55_55_59_62
59_59
40_42_55_62
64
36_42
31
59
38
36
42
57
50
42
55
55
50
59
52
55
40_59
42_55
62
52_59_62
55_59
42
55
31_36
42
55
55
55
42
62
55_59
62
59_59_62
40
42
31
36
42
59
38
36
42
55
50_59
40
42
50_62
59
59
55
47_59
43
59
40
72
42
62
62
55
59
42
45
45
45
45
33
36
42
57
42
64
60
57
52_60
57
52_52_57_60
57
40_57
60
42
55
33
36_42
57
40
36
42
45
45
40_42
52
52_57
60
57
52_60_60
40
42
40
57
40_42
55
40
52
45_57_59
52
52_60_62
57_60_60
45_57_57_60_64
45_49
45
33_42
36
59
59
36_59
59
36
64
45_52_60
57_57
52_52_57_57_57_60_60
45_45
45_60
52
60
33_40_57_59
45
48
52
55
48
48
59
60
36_88
84
36
42_49
48
57
42
52
55_64
55_60
52_55_60
52_55_60
60
55
40
42
57
36
36_42
36
42
36
48_55
42
48
52
52_55_60_60_64_64
60
55
60
38_60
42
40_55
57_62
54
55
40_52
42
50
86
90
50
50
50
59
38
36_42
62
42
54
54_57
62_62
54_62
57_57
62
54_57_62
40
42
38
59
36_42
38_62
42
36
50
50
42
52
57_62
54
54_57_62
33_57
40_42_71
67
59_67
55
62
57_62
57
42
43_91
83
43
43
31_36
42
42
55
62
50_55_59_62_67
59_59_62
55
55
59
40
42
31
42
36
31
42
36
50
42_43
52
50
62
55_59
59
35_42
40
52_52
54_62
62
59
55
36_42
54_54
50_90
50
50
38
36_40
42
54_57_57_62
57
38
62
54
90
40_78
86
42
54
57
62
52_54_57_62
60
54_54_90
36_78
86
36_42_48
50
52_60
52_52
42_78_90
36_48
86
54_57_62
59
35_50
42
45_47_47_90
78
86
62
35_54
42_57
50_50_50
45_59
90
78
86
54
57
47_47_48_57
33_62
42_57
54
36_41_62
57_90
78
86
45_45
33
42
90
36_41
78_86
43
43
43
43
50
50
50_55_55
55
50
59_59
55_79
59_62_62
43_43_55_59_59
83
57
62
62
31_36
67
67_86
49
67
67_91
