58
50
43_67
62
57
62
60
74
67
58
74
74
74
72
72
67
55
58_62
57
60
67
67
62
67
69
69
57
60_62
55
58
50
43
50_67
58
43_57
60
57
60_74
62
67
74
58
74
74
74
74
72
72
67
58_62
55
60
57
67
67
67
67
62
67
69
69
57
62
60
58
55
62
50
43
60
57
50_55
43
62
58
67
62_67
58
43
50
55
51
55
67
58
63
58
63
69
67
55
51
69
53
50
58
70
65
58
70
74
50
65
53
74
55
48_63
60_75
72
75
48
63
60
55
72
53
43
77
65
60
77
65
60
77
43
53
77
53
45
75
65
60
60
65
75
77
53
45
77
58
53
46
74
62_65
53
46_58
74
72
65
62
70
72
70
40_55_58
74
62_67
67
62
74
55
40
58
74
74
42
57
60
69_72
62
69
62
72
60
57
42
74
74
58
43_55
70
62
43_58
55
69
70
55
51_67
60
69
51
60
55_62
67
69
69
50
55
58_62
67
62
55
67
55
38_60
69
58
50
54_55
70
69
69
70
60
58
43_55
38_79
54
67
69
55
58
55
55
65
65
67
63
63
79
62
72_74_86
69
62
86
60
60
58
86
58
72
86
43
57
84
57
84
69
55
79
67
43
70
74
79
43
53
53
55
63
51
79
51
70
48
67
72
79
81
48
72
81
50
57
63
74
66
69
50
48
48
46
74
76
46
66
69
76
45
78
57
45
78
70_74
55
43_79
43
67
55
67
65
43
65
70
74
63
63
62
86
69_74
72
79
86
62
60
86
60_86
58
86
58
86
57
84
43
69
72
57
74
84
70
55
43_67_79
79
43
53
79
79
53
51_79
63
55
51
70
79
48_67
81
72
48
72
81
50
74
66_69
57
63
50
48
48
76
46
69
66_74
46
78
45
76
45
70
74_78_79
67_81
81
55
43_57
43
74
79
67
70
41
41
55
79
67
58
39_55
69
81
58
39
55
67
79
81
69
58
70
38_53
82
70_82
86
74
38
53
74_86
58
63
55
36
87
75
87
36
84
72
75
55
63
72
84
91
45_55
60
79
91
79
91
79
45_55
60
79_91
55
62
47
89
77
89
77
62
79
91
47
55
79
91
55
60_63
48
87
75
63
74_86
60
55
48
87
75
72
86
74
84
84
58
53_72_77
43
89
77
89
77
89
43
77
89
58
60
75
45
87
53
87
75
77
89
45
60
77
89
58
46
62_74
86
86
74
72
84
46_62
58
60
51
48
84
70
82
72
70
69
81
82
48
69
51
60
58_81
55
50
74
62
79
67
74
62
67
69
60
38
81
50
55_58
79
54
70
81
82
69
81
69
70
82
38
67
81
58_79
50_69
55
43
54
60
79
86
60
57
58
55
67_86
86
43
50
86
84
84
50
79
67
55
43_58
60
57
67
67
69
67
57
60
62
55
58_79
69
62
43
50
67
62
60
55
50_58
43
57
62
74
62
60
57
67
55_58
74
74
74
74
74
72
43
50
62
72
62
67
43_50_55_58
57_60
55
55
55
55
57
55
62
50
50
60_62
57
58
67
60
62
43
50
55
43
50
70
74_79
74
70
62
74
72_79
55
69
62
62
62
74
69
60
72
43
50
60
70
74
79
50
43_55
70
74
79
62
74
72
69
55
62
62
62
74
69
72
60
43_50
60
70
79
74
43
50
55
74
70
79
62_72
69_74
55
43
50
62
74
69
60
72
60
43
50
70
55
74_79
70_74
79
62
69
72
74
55
43
50
62
74
69
72
60
60
50
55
43
70_74
79
79
74
70
50
43_55
34
46
46
46
34
46
41
46
34
41
46
46
34
46
41
34
46
41
46
46
46
41
34
46
34
41
46
46
46
41
34
46
34
70
65
41
62
46
62
46
65
70
46
41
34
46
34
72
65_69
41
46
65
69
46
72
46
41
34
77
70
74
70
74
77
34_46
70
74_77
41
46
46
34
70
46
41
77
74
34
46
41
46
46
74
65
70
34
74
65
70
46
41
41
34
46
70
65
62
46
62
65
46
72
70
65
69
34
72
46
41
65_69
46
41
72
34_65_69
46
65
69
46
72
46
41
77
74
34_70
74
70
77
46
41
74_77
34_70
46
70
77
74
46
34
46
41
41
46
34
70
46_74
65
70
46
65_74
34
46
41
41
38_50
74
69
65
50
65
69
50
38
50
45
50
38_45
74
69_73_76
50
50
38
69_73_76
50
45
81
74_77
74_77
81
50
38_81
74_77
45
50
50
38
50
45
45
50
38
50
74_77
81
50
77
69
74
38
69
50
74
45
77
45
50
38
74
65
69
50
65_69
74
50
76
69
69
45
38_50
76
45
50
38
76
69
50
69
50
76
45
38
50
74
81
77
74
77
81
45
50
38_74_81
77
50
74
50
77
81
38
50
45
45
38_50_77
69
74
50
74
77
69
50
45_50
38
45
52
48
45
69
81
45
45
52
48
40
45
69
83
71
45
52
59
40_57
81
57
71
45
59
40
83
52
45
84_88
40
72
76
72_76_84
45_88
52_57
60
72_84_88
45
76
45
45
40
45
76
88
84
45
40
72
40
45
72
84
45
40
40
45
52
72
58
55
57_60
43
40
74
86
84
43
43
55
38
43
74
58
51_55
60_86
75_87
38
43
43
51
60
38
55
38
75
87
86
91
38
74
79
79_91
86
74
38
86
91
79
74
58
55
43_62
43
43
38
43
86_91
74
38
43
79
38
43
38_43
86
74
62
38
55
58
43
74
86
94
39_58
63_82
55
38
63
55_94
82
58
39
81
93
82
81_94
93
79
91
82
94
81
93
79_91
93
82
94
81
58
55
62
41
94
82
55
62
41
58
45_58
61
55
94
82
61
55
58
45
82
94
81_93
82
94
81
93
79
91
94
82
93
81
79
91
82_94
93
81
82
55_58
61
45
94
55
58
61
45
82
67
86
79_98
99
98
98
99
99
98
79
82
98
99
50
86
99
98
98
99
99
98
86
81_98
77
74
99
38
50
67
99
98
86
98
81
99
77
98_99
74
98
99
74
99
98
74
84
75
79
96
72
98_99
84
79
98
75
96
72
98
94
67_79_82
98
74
94
96
94
96
94
67
96
74
94
50_67
82
96
38
67
94
96
94
69
96
69
96
94
79
96
62
38
72_76_81
93
50
94
93
93
94
94
93
93
94
94
93
72
93
76_94
81
94
93
62
67
93
94
74_77
38
94
93
93
94
94
93
93
50
94
94
93
93
94
74
77
94
93
94
74
38
91
50
82
75_79
67
74
93
91
74
91
93
74
91
93
74
91
93
38
93
91
72
74
82
91
93
75
93
91
79
67
72
93
81_89
77
67
91
89
67
89
91
67
89
91
67
50
89
91
91
89
69
75
79
87_91
67
77
81
79
75
87
89
89
50
62
38_77_86_89
80
69
74
89
86
89
86
89
87
86
80
86
87
74
87
86
62
86
81
74
87
77
87
81
86
74
55
74
81_86
77
87
87
86
86
87
87
86
55
86
55
50
38
87
87
81_86
86
57
87
55
74
87
86
50
87
75
79
84
38
50
77
57
86
84
84
86
84
86
84
86
86
84
84
86
84
86
75
50
55
82
86
74_77
79
84
82
55
38
55
82
84
82
84
55
50
55_82
84
82_84
82
57
84
55
50
82
84
84
81
50
38_75
72
74
57
77
82
81
81
82
82
81
81
38_43_55
82
75
50
43
55
82
72
81
81
45
57_82
45_57
82
81
79
74
70
82
50
38
81
79
79
81
81
79
43
55
79
50
38
81
43
55
81
79
45_79
57
81
57
45
81
79
70
81
74
69
77
72
50
38
79
77
77
79
77
79
72
69
79
70
67
75
43
55
50
38
43_55
75
77
67
70
75
72
45_57
77
57
45
75
74
72_74
66
68
69
50_74
38
68
74
76
74
76
69
69_74
66
69
75
70
67
50
77
75
75
70
72
77
72
67
75
72
72
66
69
74
66
74
69
38
62
62
50
34
53_58
62
34
58
50
53
50
34
53
58
50
58
34
53
62
62
50
38_54
57
38_57
50
54
50_54
57
38
62
50
38
54
57
62
58
74
70
65
70
65
74
58
74
65
70
58
65
70
74
62
58
62
66
69
74
50
66
74
69
50
66_74
69
50
66
69
74
50
62
62
62
43
71
74_79
43
55
67
67
55
54_66
71
74
79
54_66
52
64
52
64
62
78
86
50_81
81
86
62
78
50
60
48
60
48
86
74
47
59
74_86
59
47
72
45_57
88
72
88
45
57
43
83
55
74
71
74_83
71
55
43
54
42
54
42
79
83
76
52
40
79
76
83
84
40
84
52
69_76_81
36
76
69
81
48
36
48
69_72_74
36
69
36
72_74
50
50
79
74
71
43
43
67
55
67
55
71
74
54
79
66
54_66
52
64
52
64
78_81
86
62
50
81
86
78
62
50
60
86
48
86
60
48
74
86
59
47
74
86
59
47
72
88
45_57
72
88
45
57
71
74
83
43
55
74
83
71
55
43
81
54
42
81
54
42
79
67
71
52
40
71
67
79
83
40
83
52
81
62_69
36
62_69
81
48
36
48
72
69
74
38
69
72
74
50
38
50
75
83
71
47_59
75
71_83
57
45
47
59
45
57
73
71
76
55
43
73
76
71
55
43
42
54
75
71_78
75
54_78
71
42
71
79
40_52
71
79
76
40
52
76
60
48_81
69_76
76
81
69
78
60
48
78
47_59_83
71
73
45
57
73
83
59_71
47
57
45
73
71
76
43
55
73
71
76
55
43
75
71_78
54
42
75
78
71
54
42
76
71
79
52
40
76
79
71
76
52
40
76
69_76
81
60
48
76
69
81
78
48
60
78
71
83
59
47
71_83
45
47
59
59
44
76_88
52_62
45
70
70
62
52
44
59
88
76
84
72
60
57
45
52
84
72
72_84
84
72
57
60
52
56_59
45_52
47_71_83
83
71
72_84
52_84
72
56
47
59
81
69
57
48
52
81
69
69
81
52
69
81
57
67
79
55
49
64
48
67_79
71
83
64
55
83
71
49
69
81
54
50_62
81
69
54
62
72_74
62
62
50
62
72_74
62
74
71
79
43_67
43
55
67
55
54_66
71
66
74
54
52
64
52_64
79
62
50
78
86
62
50
60
48
78
60
86
48
59
47
86
74
59
74
47_86
45
57
72
88
72
45_57
88
71
83
43_74
55
71
55
43
54
83
42_74
54
42
83
76
52
40
76
83
84
76_79
40
76_79_84
52
81
76
69
36
76
81
69
48
36
48
74
69
72
38
38
50
74
69
72
50
74
71
79
43
43
67
55
67
71
74
55
54
66
79
54
66
64
52
64
52
62
50
78
86
81
81
86
62
78
50
60
48
86
86
60
48
59
47
86
74
74
59
47
86
57
88
71
45
71
88
57
45
71_74
83
55
43
74
71
83
55
43
81
54
81
54
79
52
40
67
69
69
67
79
83
40
52
83
81
62
36
69
62
69
81
48
36
48
74
38
72
72
74
50
38
50
75
71_83
47
59
75
71
83
45
57
59
47
57
45
73
76
71
43
55
73
71
76
55
43
75
42
78
54_71
75
71
78
54
42
71
79
52
40
71
79
76
40_52
76
60
48_81
69_76
74
74
76
81
69
78
60
48
78
75_83
71
47_59
75
83
71
45
57
59
47
45
57
73
76
71
55
43
73
76
71
55
43
42
75
78
54
71
75
78
71
54
42
71
79
52
40
71
79
76
52
76
40
69_81
76
48_60
76
81
69
78
48
60
78
59
47_75
83
71
75
83
71
45
59
47
45
52_59_62
44
88
76
62
44
52
59
88
76
57
60
45
52
72_84
84
72
84
72
57
52
84
60_72
45
56
59
52
71
47_83
71_83
84
72
52
84
72
47_56
59
81
57_69
52
48
81
69
81
69
52
81
57_69
48
55_79
64_67
49
79
67
64
83
71
55
49
71
83
69_81
54_62
50
69
81
62
54
62
74
62
62
74
50
62
62
55_59
43
79
71
69
79
69
67
43
79
71
55
59
62
79
59_64
55
52
83
71
67
83
71
67
79
52
59
55
64
79
67
62
55
47
86
74
55
62
47
64
45
60
74
76_88
86
64
60
45
88
81
66
57_60
69
50
76
81
69
74
76
74
78
66
60
57
76
50
79
78
81
79
83
81
84
54_60
62
50_83
78
74
72
50
83
84
81
50
83
50
83
81
84
83
50
86
78
50
72
84
88
50
54_86
62
90
50
60
88
79
91
71_74
59
43
55_62
90
79
91
71
62
55
43
59
83
45_71
57_66
60
83
71
66
45
79
67
60
57
79
67
62
47_55
74
86
86
74
47
55
62
60_64
45
88
76
64
60
45
76
88
66
57
60
50
81
69
81
69
74
76
74
78
50
57
66
76
60
79
78
81
79
83
81
54
62_84
60
50
78
72_83
74
50
83
84
81
50
83
50
83
81
83
50
84
72
78
50
86
84
50
88
60
54
62
86
50
90
88
74
79
91
71
43_55_59_62
90
79
91
71
55
43
59
62
83
71
59_64
55
52
83
71
79
67
52
55
59
64
79
67
86
74
59
55
47
86
74
81
55
59
47
83
81
78
74
72
54_60_84
50
62
76
76
83
50
78
86
72
74
84
86
50
88
62
54
60
50
90
88
90
59_62
55_79
43
71
91
79
71
91
55_59
43_62
83
71
52_59_64
55
83
71
67
79
55
52
64
59
67
79
74_86
55_59
47
74
86
55
81
47_59
83
81
54
50_60_62
78
74
72_84
83
84
78
50_86
74
72
86
88
50
62
60
54
90
50
88
90
71
74_91
79
59_62
55
43
71
74_91
79
43
55
62
59
81
86
57_60
50
81
86
50
57
60
59_79_91
62
55
43
91
79
55
43
62
59
86
81
57_60
50
81
86
50
57
60
59_62
55
43
79
91
79
91
55
43
62
59
57_86
50_60
81
50
81
86
57
60
59
62
55
43
91
79
79_91
55
43
62
59
81
86
60
50_57
86
81
50
57
60
59_62_79_91
43_55
79
91
55
43
62
59
95
83
55
59_62
83
95
55
62
59
67
79
55
43
31_31
79
67
43
55
31_31
