77
65
72_77
81
69
53
41
60
57
77
81
86
74
57_60
77
81
84
72
53
41
60
57
72
77
81
69
60
57
69
72
77
65
45
33
57
60
53
72
79
67
57
60
53
72
77
81
69
53
41
57
53
65
69
72
60
53
57
51
65
70
74
62
46
70
74
77
65
53
58
50
53
58
50
67
70
76
64
48
55
60
52
70
76
79
67
55
60
52
69
72
77
65
53
60
57
60
57
48
60
57
72
77
81
69
60
57
78
84
72
57
45
54
60
50
81
87
75
54
60
50
78_81
86
74
54
42
57
60
50
78
81
84
72
57_60
50
74
79
82
70
55
43
55
58
50
67
70
74
62
55
58
50
68
71
77
65
53
56
59
49
79
67
72
77
81
69
48
65_69
72
60
57
53
57
53
70
79
67
48
55
58
52
70
77
65
58
55
69
72_77
65
53
41
57
60
53
76
79
84
72
36_48
81
84
89
77
53
41
65
53
41
69
60
57_65
60
65
57
74
41
72
60
65
57
60
65
57
69
41
65
60
65
57
60
65
57
67
41
69
60
65
57
60
65
57
60
46
34
62
62
65
58
65
62
65
58
48
36
64
60
64
58
60
64
67
58
67
41
65
60
57_65
60
57_65
45
63
65
60
63
65
60
65
46
34
70
62
65
58
62
65
58
70
43
31
72
60
64
58
60
64
58
74
41
72
60
65
57
60
65
57
65
50
38
69
62
65
57
63
69
60
54
42
69
55
43
67
64
67
60
64
67
60
72
43
31
74
62
65
67
59
62
65
67
59
71
48
36
72
64
67
60
64_67
60
52
40
60
58_67
60
65
58
65
53
41
69
60
57_65
60
65
57
74
41
72
60
65
57
60
65
57
69
41
65
60
57_65
60
65
57
67
41
69
60
65
57
60
65
57
69
34_46
70
62
65
58
62
65
58
62
46
34
65
62
65
58
62
67
58
67
45
33
69
64
69
61
64
69
61
49
37
64
67
57
64
67
57
69
50
38
72
62_66
60
62
66
60
75
54
42
74
62
60_69
62
69
60
72
55
43
70
62
67
58
62
67
58
62
65
59
56
49
37
65
67
67
48
36
69
65
69
60
65
69
60
60
48
36
67
64
58_67
60
65
58
65
60
65
57
53
41
65
60
65
57
48
60
57_65
45
60
65
57
41
67
67
67
48
36
67
60
64
55
60
64
55
67
69
48
36
69
63
60_66
63
66
60
66
67
48
36
67
60
64
55
60
64
55
72
67
48
36
67
60
64
55
70
64
60
67
67
69
53
41
69
65
60
65
60
72
68
53
41
74
65
60
65
60
72
67
48
36
76
60
64
55
60
64
55
67
52
40
60
64
55
60
64
55
76
69
53
41
69
65
60
65
60
74
69
41_53
69
65
60
65
60
74
67
52
40
67
60
64
55
60
64
55
72
67
48
36
67
60
64
55
60_64
55
72
45
33
72
62
66
60
62
66
60
72
50
38
71
62
66
60
62
66
60
69
43
31
74
62
67
59
62
59_67
47
35
59
62
65
55
59
62
65
55
67
67
48
36
67
60
64
55
60
64
55
67
69
48
36
69
63
66
60
63
66
60
66
67
48
36
67
60
64
55
60
64
55
72
67
48
36
67
60
55_64
70
64
60
67
69
53
41
69
65
60
65
60
72
68
53
41
74
65
60
65
60
72
67
48
36
76
60
64
55
60
64
55
67
52
40
60
64
55
60
64
55
76
69
53
41
69
65
60
65
60
74
69
53
41
69
65
60
60_65
74
67
52
40
67
60
64
55
60
64
55
72
67
48
36
67
60
64
55
60
64
55
72
43
31
72
60
64
55
71
60
64
55
43
31
69
59
65
55
59
65
55
71
60
64
55
48
72
60
64
55
43
60
64
55
40
58
60
64
55
36
72
41
72
60
65
57
60
65
57
41
71
59
65
56
59
65
56
74
41
72
60
65
57
60
57_65
45
63_65
60
63
65
60
65
46
34
70
62
65
58
70
62
58_65
46
34
65
62
65
58
61
67
58
67
41
69
65
69
60
65
60_69
53
41
65
69
60
65
69
60
69
54
42
69
63
69
60
69
63
69
60
54
42
69
63
69
60
63
69
60
69
55
43
67
64
67
60
64
67
60
52
40
64
67
60
64
67
60
72
50
38
71
65
59_67
65
67
59
67
43
31
74
65
67
59
65
67
59
71
48
36
72
64
67
60
64
67
60
43
60
64
58
60
64
58
72
41
72
60
57_65
60
65
57
72
41
71
59
65
56
59
65
56
74
41
72
60
57_65
60
65
57
45
63
65
60
63
65
60
65
46
34
70
62
65
58
62
65
58
70
46
34
65
62
58_65
62
67
58
67
45
33
69
64
69
61
64
69
61
49
37
64
67
57
64
57_67
69
50
38
72
62
60_66
62
66
60
75
54
42
74
62
69
60
62
69
60
72
55
43
70
62
67
58
62
62
67
58
65
59
56
49
37
65
67
67
48
36
69
60
57_65
60
60
57_65
48
36
67
60
64
58
60
64
58
65
53
41
65
60
65
57
48
60
57_65
45
60
65
57
41
81
69
84
72
54
42
57
60
50
87
75
57
60
50
86
74
54
42
57
60
50
72_84
57
60
50
82
70
55
43
55
58
50
74
62
55
58
50
77
65
53
56
59
49
79
67
81
69
48
57
53
72
60
57
53
70_79
67
52
55
60
48
69
72
77
65
69_72
77
65
53
41
57
53_60
76_79
84
72
48
36
81
84
89
77
53
41
65
53
41
69
60
65
57
60
65
57
74
41
72
60
65
57
60
65
57
69
41
65
60
65
57
60
65_67
57
41
69
60
65
57
60
65
57
60
46
34
62
62
65
58
65
62
65
58
48
36
64
60
58_64
60
64
67
58
67
41
65
60
65
57
60
65
57
45
63
65
60
63
65
60
65
46
34
70
62
65
58
62
65
58
70
31_43
72
60
64
58
60
64
58
74
41
72
60
65
57
60
65
57
65
50
38
69
62
65
57
63
69
60
54
42
69
55
43
67
64
67
60
64
67
60
72
43
31
74
62
65
67
59
62
65
67
59
71
48
36
72
64
60_67
64
67
60
52
40
60
67
58
60
65
58
65
53
41
69
60
57_65
60
65
57
74
41
72
60
65
57
60
65
57
69
41
65
60
65
57
60
65
57
67
41
69
60
65
57
60
65
57
69
46
34
70
62
65
58
62
65
58
62
46
34
65
62
65
58
62
67
58
67
45
33
69
64
69
61
64
61_69
49
37
64
67
57
64
67
57
69
50
38
72
62
66
60
62
66
60
75
54
42
74
62
69
60
62
69
60
72
55
43
70
62
67
58
62_67
58
62
65
59
56
49
37
65
67
67
48
36
69
65
69
60
65
69
60
60
48
36
67
64
67
58
60
65
58
65
60
65
57
53
41
65
60
57_65
48
60
65
57
45
60
65
57
41
67
67
67
48
36
67
60
64
55
60
64
55
67
69
48
36
69
63
66
60
63
66
60
66
67
48
36
67
60
64
55
60
64
55
72
67
48
36
67
60
64
55
70
64
60
67
69
53
41
69
65
60
65
60
72
68
53
41
74
65
60
65
60
72
67
48
36
76
60
64
55
60
64
55
67
52
40
60
64
55
60
64
55
76
69
53
41
69
65
60
65
60
74
69
53
41
69
65
60
65
60
74
67
52
40
67
60
64
55
60
64
55
72
67
48
36
67
60
64
55
60
64
55
72
45
33
72
62
60_66
62
66
60
72
50
38
71
62
66
60
62
66
60
69
43
31
74
62
67
59
62
67
59
47
35
59
62
65
55
59
62
65
55
67
67
48
36
67
60
64
55
60
64
55
67
69
48
36
69
63
66
60
63
66
60
66
67
48
36
67
60
64
55
60
64
55
72
67
48
36
67
60
64
55
70
64
60
67
69
53
41
69
65
60
65
60
72
68
53
41
74
65
60
65
60
72
67
48
36
76
60
64
55
60
64
55
67
40_52
60
64
55
60
64
55
76
69
53
41
69
65
60
65
60
74
69
53
41
69
65
60
65
60
74
67
52
40
67
60
64
55
60
64
55
72
67
48
36
67
60_64
55
60
64
55
72
43
31
72
60
64
55
71
60
64
55
43
31
69
59
65
55
59
65
55
71
60
64
55
48
72
60
64
55
43
60
64
55
40
58
60
64
55
36
72
41
72
60
65
57
60
65
57
41
71
59
56_65
59
65
56
74
41
72
60
65
57
60
65
57
45
63
65
60
63
65
60
65
46
34
70
62
65
58
70
62
58_65
46
34
65
62
58_65
61
67
58
67
41
69
65
69
60
65
69
60
53
41
65
69
60
65
69
60
69
54
42
69
63
69
60
69
63
69
60
54
42
69
63
69
60
63
69
60
69
55
43
67
64
67
60
64
67
60
52
40
64
67
60
64
67
60
72
50
38
71
65
67
59
65
67
59
67
43
31
74
65
67
59
65
67
59
71
48
36
72
64
67
60
64
67
60
43
60
64
58
60
64
58
72
41
72
60
65
57
60
65
57
72
41
71
59
56_65
59
65
56
74
41
72
60
65
57
60
65
57
45
63_65
60
63
65
60
65
46
34
70
62
65
58
62
65
58
70
46
34
65
62
65
58
62
67
58
67
45
33
69
64
69
61
64
69
61
49
37
64
67
57
64
67
57_69
50
38
72
62
66
60
62
66
60
75
54
42
74
62
69
60
62
69
60
72
55
43
70
62
67
58
62
62_67
58
65
59
56
49
37
65
67
67
48
36
69
60
65
57
60
60
65
57
48
36
67
60
64
58
60
64
58
65
53
41
65
60
57_65
48
60
65
57
45
60
65
57
41
69_81
72_84
54
42
57
60
50
75_87
57
60
50
86
74
54
42
57
60
50
84
72
57
60
50
82
70
55
43
55
50_58
74
62
55
58
50
77
65
53
56
59
49
79
67
81
69
48
57
53
72
60
57
53
70
79
67
52
55
48_60
69
72
77
65
69
72
77
65
53
41
57
60
53
76
79
84
72
48
36
81
84
89
77
53
41
