31
31
31
31
31
31
31
31
55
55
57
33_33_36_42_45_45_48_52_52_54_57_57_60_60_60_64_64_69_76_82
57
60
36
42
54_54_82_82
45
62
60
48
42_45_54_54_82_82
52
60
42
57
64
48_54_54_82_82
45
48
40_45_46_48_52_54_54_57_60_64_82_82
40
46
54_54_82_82
48
60
42_48_54_54_82_82
64
57
52
45
48
33
42
33_36_45_48_52_54_54_57_60_64_82_82
36
33
45
60
57
64
42_54_54_82_82
52
48
42
33_36_45_48_52_54_54_57_60_64_82_82
36
33
48
52
33_36_42_45_54_54_82_82
45
36
45
42_60
57
64
48_52_54_54_82_82
48
52
40_45_46_48_52_54_54_57_60_64_82_82
40
46_48
45
54_54_82_82
42_45_54_54_82_82
52
42
60
48_52_54_54_82_82
45
64
57
52
48
33
31_31_33_36_42_43_43_45_47_50_50_52_54_54_55_55_57_59_59_60_60_62_62_62_64_69_71_74_76_82_82
36
42
43
54_54_82_82
47
42_43_54_54_82_82
59
50
42
55
62
62
43
47_54_54_82_82
31
47
40_43_46_47_50_54_54_55_59_62_82_82
62
40
46
47
54_54_82_82
43
59
50
55
31_42_43_54_54_62_82_82
31
42
43
31_36_43_47_50_54_54_55_59_62_82_82
36
31
59
47
43
42_54_54_82_82
55
62
50
62
62
42
31_36_43_47_50_54_54_55_59_62_82_82
36
47
43
36_42_54_54_82_82
50
60
62
36
42
59
62
55
43_50_54_54_82_82
31
43
50
62
31_40_43_46_47_50_54_54_55_59_62_82_82
60
40
47
46
43
54_54_82_82
42_43_54_54_82_82
50
60
62
42
47_50_54_54_82_82
43_59
62
55
47_50
31
29_29_31_36_41_41_42_43_45_48_48_50_53_53_54_54_55_57_57_59_60_60_62_62_65_69_71_72_74_82_82
36
42
41
54_54_82_82
45
41_42_54_54_82_82
57
48
60
42
57
53
60
45_48_54_54_82_82
41
29
48
45
29_40_41_45_46_48_53_54_54_57_60_82_82
45
40
46
54_54_82_82
41
57
48
53
41_42_45_54_54_82_82
60
45
29
42
41
29_36_41_45_48_53_54_54_57_60_82_82
36
41
45
48
29_42_54_54_82_82
57
53
60
42
29_36_41_45_48_53_54_54_57_60_82_82
36
45
36_42_54_54_82_82
41
36
48
42
57
53
29
60
41_54_54_82_82
41
29_40_41_45_46_48_53_54_54_57_60_82_82
40
46
41
54_54_82_82
45
57
45
41_42_54_54_82_82
48
45
42
45
45_54_54_82_82
57
53
60
41
45
45
26_26_28_29_36_41_41_42_45_48_50_50_50_53_54_54_57_60_62_62_62_65_72_74_82_82
50
29
28
36
42
41
54_54_82_82
45
41_42_50_54_54_82_82
42
57
53
50_54_54_82_82
62
41
26
50
45
50
26_40_41_45_46_50_53_54_54_57_62_82_82
40
46
54_54_82_82
45
41
57
41_42_45_54_54_82_82
57
53
50
62
26
45
42
41
29_36_41_45_50_53_54_54_57_62_82_82
36
26_29_41_42_48_50_50_54_54_60_62_62_65_72_74_82_82
41
57
50
53
45
62
29
42
29_36_54_54_82_82
41_45_48_53_57_60
36
36_42_54_54_82_82
45
41
36
48
42
57
53
54_54_82_82
29
60
41
41
29_40_46_54_54_82_82
41_45_48_53_57_60
45
40
46
41
54_54_82_82
45
55
42_54_54_82_82
41_57
48
42
57
54_54_82_82
55
45
57
53
60
41
45
29
29_33_33_36_41_42_45_45_48_48_52_52_53_54_54_57_57_57_60_60_60_60_64_64_65_69_69_72_76_82_82
60
57
36
42
54_54_82_82
45
62
60
48
42_45_54_54_82_82
52
60
42
57
64
48_54_54_82_82
45
48
40_45_46_48_52_54_54_57_60_64_82_82
40
46
54_54_82_82
48
60
42_48_54_54_82_82
64
57
52
45
48
33
42
33_36_45_48_52_54_54_57_60_64_82_82
36
33
45
60
57
64
42_54_54_82_82
52
48
42
33_36_45_48_52_54_54_57_60_64_82_82
36
33
48
52
33_36_42_45_54_54_82_82
45
36
45
42_60
57
64
48_52_54_54_82_82
48
52
40_45_46_48_52_54_54_57_60_64_82_82
40
46_48
45
54_54_82_82
42_45_54_54_82_82
52
42
60
48_52_54_54_82_82
45
64
57
52
48
33
31_31_33_36_42_43_43_45_47_50_50_52_54_54_55_55_57_59_59_60_60_62_62_62_64_69_71_74_76_82_82
36
42
43
54_54_82_82
47
42_43_54_54_82_82
59
50
42
55
62
43
47_54_54_82_82
62
31
47
40_43_46_47_50_54_54_55_59_62_82_82
62
40
46
47
54_54_82_82
43
59
50
55
31_42_43_54_54_62_82_82
31
42
43
31_36_43_47_50_54_54_55_59_62_82_82
62
36
31
59
47
43
62
42_54_54_82_82
55
50
62
42
31_36_43_47_50_54_54_55_59_62_82_82
36
47
43
62
36_42_54_54_60_82_82
50
36
42
59
62
55
43_50_54_54_82_82
31
43
50
62
31_40_43_46_47_50_54_54_55_59_62_82_82
60
40
47
46
43
54_54_82_82
60
42_43_54_54_82_82
50
62
42
47_50_54_54_82_82
43_59
62
55
47_50
31
29_29_31_36_41_41_42_43_45_48_48_50_53_53_54_54_55_57_57_59_60_60_62_62_65_69_71_72_74_82_82
36
42
41
54_54_82_82
45
41_42_54_54_82_82
57
48
60
42
57
53
60
45_48_54_54_82_82
41
29
48
45
29_40_41_45_46_48_53_54_54_57_60_82_82
45
40
46
54_54_82_82
41
57
48
53
41_42_45_54_54_82_82
60
45
29
42
41
29_36_41_45_48_53_54_54_57_60_82_82
36
41
45
48
29_42_54_54_54_82_82_82
57
53
60
42
29_36_41_43_45_48_53_54_54_54_57_60_82_82_82
43
36
45
36_42_54_54_82_82
41
36
48
42
57
53
29
60
41_54_54_82_82
41
29_40_41_43_45_46_48_53_54_54_54_57_60_82_82_82
43
40
46
41
54_54_54_82_82_82
57
45
41_42_45_54_54_82_82
48
45
42
45
45_54_54_82_82
57
53
60
41
45
45
26_26_28_29_36_41_41_42_45_48_50_50_50_53_54_54_57_60_62_62_62_65_72_74_82_82
50
29
28
36
42
41
54_54_82_82
45
41_42_50_54_54_82_82
42
57
53
50_54_54_82_82
62
41
26
50
26_40_41_45_46_50_53_54_54_57_62_82_82
45
50
40
46
54_54_82_82
45
41
57
41_42_45_54_54_82_82
53
57
50
62
45
26
45
42
41
29_36_41_45_50_53_54_54_57_62_82_82
36
26_29_41_42_48_50_50_54_54_60_62_62_65_72_74_82_82
41
57
50
53
45
62
29
42
29_36_54_54_82_82
41_45_48_53_57_60
36
36_42_54_54_82_82
45
41
36
48
42
57
53
54_54_82_82
29
60
41
57
41
60
29_40_46_54_54_82_82
41_45_48_53_57_60
40
46
41
54_54_82_82
45
57
42_54_54_60_82_82
41
48
42
54_54_82_82
45
57
53
60
41
45
64
29
29_33_33_36_41_42_45_45_48_48_52_52_53_54_54_57_57_57_60_60_60_60_64_64_65_69_69_72_76_82_82
36
42
54_54_82_82
45
64
48
64
42_45_54_54_82_82
57
52
60
42
57
64
48_54_54_82_82
45
64
48
40_45_46_48_52_54_54_57_60_64_64_82_82
40
46
54_54_82_82
48
64
60
42_48_54_54_82_82
64
57_64
52
45
48
33
42
64
62
33_36_45_48_52_54_54_57_60_64_82_82
36
33
45
60
57
64
42_54_54_82_82
52
48
42
33_36_45_48_52_54_54_57_60_64_82_82
36
33
48
52
33_36_42_45_54_54_82_82
62
45
60
36
45
42_60
57
64
48_52_54_54_82_82
48
52
40_45_46_48_52_54_54_57_60_64_82_82
40
46_48
45
54_54_82_82
60
42_45_54_54_82_82
60
52
42
60
48_52_54_54_82_82
45
64
57
52
48
33
31_31_33_36_42_43_43_45_47_50_50_52_54_54_55_55_57_59_59_60_60_62_62_62_64_69_71_74_76_82_82
60
62
36
42
43
54_54_82_82
47
42_43_54_54_82_82
59
50
42
55
62
43
62
47_54_54_82_82
31
47
40_43_46_47_50_54_54_55_59_62_82_82
62
40
46
47
54_54_82_82
43
59
50
55
31_42_43_54_54_62_82_82
62
60
31
42
43
31_36_43_47_50_54_54_55_59_62_82_82
62
60
36
31
59
47
43
42_54_54_82_82
55
50
62
42
31_36_43_47_50_54_54_55_59_62_82_82
36
47
43
36_42_54_54_82_82
50
36
42
59
62
55
43_50_54_54_82_82
31
43
62
50
31_40_43_46_47_50_54_54_55_59_62_82_82
60
40
47
46
43
54_54_82_82
42_43_54_54_62_82_82
50
60
42
47_50_54_54_82_82
43_59
62
55
47_50
31
29_29_31_36_41_41_42_43_45_48_48_50_53_53_54_54_55_57_57_59_60_60_62_62_65_69_71_72_74_82_82
62
64
36
42
41
54_54_82_82
45
41_42_54_54_82_82
48
42
57
53
60
45_48_54_54_82_82
41
29
48
45
29_40_41_45_46_48_53_54_54_57_60_82_82
45
40
46
54_54_82_82
41
57
64
48
53
41_42_45_54_54_82_82
60
60
45
29
42
41
29_36_41_45_48_53_54_54_57_60_82_82
36
41
45
48
29_42_54_54_82_82
57
53
60
42
29_36_41_45_48_53_54_54_57_60_82_82
36
60
57
45
36_42_54_54_82_82
41
36
48
42
57
53
29
60
41_54_54_82_82
41
57
64
29_40_41_45_46_48_53_54_54_57_60_82_82
40
46
41
54_54_82_82
45
62
41_42_54_54_82_82
48
64
42
45_54_54_82_82
57
53
60
41
45
26_26_28_29_36_41_41_42_45_48_50_50_50_53_54_54_57_60_62_62_62_65_72_74_82_82
29
28
36
42
41
60
54_54_82_82
62
45
60
57
41_42_50_54_54_82_82
42
57
53
50_54_54_82_82
62
41
26
50
26_40_41_45_46_50_53_54_54_57_62_82_82
40
46
54_54_82_82
45
41
57
41_42_45_54_54_82_82
53
50
62
26
45
42
41
29_36_41_45_50_53_54_54_57_62_82_82
36
26_29_41_42_48_50_50_54_54_60_62_62_65_72_74_82_82
41
57
50
53
45
62
29
42
29_36_54_54_82_82
41_45_48_53_57_60
36
36_42_54_54_82_82
45
41
36
57
48
42
57
53
54_54_82_82
29
60
41
41
29_40_46_54_54_82_82
41_45_48_53_57_60
40
46
41
54_54_82_82
45
42_54_54_82_82
41
48
42
54_54_82_82
45
57
53
60
41
45
29
29_33_33_36_41_42_45_45_48_48_52_52_53_54_54_57_57_57_60_60_60_60_64_64_65_69_69_72_76_82_82
64
36
42
54_54_82_82
45
48
64
42_45_54_54_82_82
64
52
60
42
57
64
48_54_54_82_82
45
48
64
40_45_46_48_52_54_54_57_60_64_82_82
64
40
46
54_54_82_82
48
64
60
42_48_54_54_82_82
64
57
52
45
64
48
33
42
33_36_45_48_52_54_54_57_60_64_82_82
62
64
36
33
45
60
57
64
42_54_54_82_82
52
48
42
33_36_45_48_52_54_54_57_60_64_82_82
36
33
48
62
52
33_36_42_45_54_54_82_82
60
45
36
45
42_60
57
64
48_52_54_54_82_82
48
52
40_45_46_48_52_54_54_57_60_64_82_82
40
46_48
45
54_54_82_82
60
60
42_45_54_54_82_82
52
42
60
48_52_54_54_82_82
45
64
57
52
48
33
31_31_33_36_42_43_43_45_47_50_50_52_54_54_55_55_57_59_59_60_60_62_62_62_64_69_71_74_76_82_82
62
60
36
42
43
54_54_82_82
47
42_43_54_54_60_82_82
62
59
50
42
55
62
43
47_54_54_82_82
31
47
62
40_43_46_47_50_54_54_55_59_60_62_82_82
40
46
47
54_54_82_82
43
59
50
55
31_42_43_54_54_62_82_82
60
62
31
42
43
62
60
31_36_43_47_50_54_54_55_59_62_82_82
36
31
59
47
43
42_54_54_54_82_82_82
55
50
62
42
31_36_43_47_50_54_54_54_55_59_62_82_82_82
36
47
43
36_42_54_54_82_82
50
36
42
59
62
55
43_50_54_54_82_82
31
43
50
60
62
31_40_43_46_47_50_54_54_54_55_59_62_82_82_82
40
47
46
43
54_54_54_82_82_82
60
62
42_43_54_54_82_82
50
42
47_50_54_54_82_82
43_59
62
55
47_50
31_64
29_29_31_36_41_41_42_43_45_48_48_50_53_53_54_54_55_57_57_59_60_60_62_62_65_69_71_72_74_82_82
62
36
42
41
54_54_82_82
45
41_42_54_54_82_82
48
42
57
53
60
45_48_54_54_82_82
41
29
48
45
29_40_41_45_46_48_53_54_54_57_60_82_82
45
40
46
54_54_82_82
41
57
48
53
41_42_45_54_54_82_82
60
64
60
45
29
42
41
29_36_41_45_48_53_54_54_57_60_82_82
36
41
45
48
29_42_54_54_82_82
57
53
60
42
29_36_41_45_48_53_54_54_57_60_82_82
36
60
57
45
36_42_54_54_82_82
41
36
48
42
57
53
29
60
41_54_54_82_82
41
64
57
29_40_41_45_46_48_53_54_54_57_60_82_82
40
46
41
54_54_82_82
45
62
41_42_54_54_82_82
64
48
42
45_54_54_82_82
57
53
60
41
45
26_26_28_29_36_41_41_42_45_48_50_50_50_53_54_54_57_60_62_62_62_65_72_74_82_82
29
28
36
42
41
54_54_82_82
60
62
45
60
57
41_42_50_54_54_82_82
42
57
53
50_54_54_82_82
62
41
26
50
26_40_41_45_46_50_53_54_54_57_62_82_82
40
46
54_54_82_82
45
41
57
41_42_45_54_54_82_82
53
50
62
26
45
42
41
29_36_41_45_50_53_54_54_57_62_82_82
36
26_29_41_42_48_50_50_54_54_60_62_62_65_72_74_82_82
41
57
50
53
45
62
29
42
29_36_54_54_82_82
41_45_48_53_57_60
36
36_42_54_54_82_82
45
41
36
48
42
57
53
54_54_82_82
29
60
41
41
29_40_46_54_54_82_82
41_45_48_53_57_60
40
46
57
41
54_54_82_82
45
42_54_54_82_82
41
48
42
54_54_82_82
45
57
53
60
41
45
29
26_29_36_41_41_42_45_48_50_50_53_53_53_54_54_57_57_57_57_60_62_62_65_69_69_72_74_82_82
50
26
36
42
41
54_54_82_82
45
41_42_50_54_54_82_82
42
57
53
50_54_54_82_82
62
26
41
50
40_41_45_46_50_53_54_54_57_62_82_82
62
26
40
46
54_54_82_82
64
62
45
41
57
41_42_45_54_54_82_82
53
62
64
50
62
45
42
41
26
62
60
36_41_45_50_53_54_54_57_62_82_82
26
36
62
42_54_54_82_82
41
57
50
53
60
45
26
62
42
36_54_54_82_82
41_45_50_53_57_62
26
36
62_64
36_42_54_54_82_82
45
41
36
50
42
26
57
53
54_54_82_82
62
41
26
41
26
40_46_54_54_82_82
62
41_45_50_53_57_62
26
40
64
46
41
54_54_82_82
45
62
60
42_54_54_82_82
41
50
42
54_54_82_82
45
57_60
53
62
41
45
41
26_29_36_41_42_45_48_48_50_53_54_54_57_57_60_60_60_62_72_74_82_82
29
50
26
36
42
41
54_54_82_82
45
41_42_54_54_82_82
48
42
57
53
60
45_48_54_54_82_82
29
41
48
45
62
40_41_45_46_48_53_54_54_57_60_82_82
29
45
40
46
54_54_82_82
41
57_62
60
48
53
41_42_45_54_54_82_82
29
60
45
42
41
62
29_60
36_41_45_48_53_54_54_57_60_82_82
36
41
45
48
42_54_54_54_82_82_82
57
53
60
29
42
62
29_60
36_41_45_48_53_54_54_54_57_60_82_82_82
36
29
60
29_57
45
36_42_54_54_82_82
41
36
48
42
57
53
60
41_54_54_82_82
41
40_41_45_46_48_53_54_54_54_57_60_82_82_82
40
46
41
54_54_54_82_82_82
45
41_42_54_54_82_82
57
48
42
45_54_54_82_82
57
53
60
41
45
41
50
26
26_29_36_41_42_45_48_50_50_53_54_54_57_57_60_60_62_62_72_74_82_82
29
36
42
41
54_54_82_82
45
41_42_50_54_54_82_82
42
57
53
50_54_54_82_82
62
26
41
50
26
40_41_45_46_50_53_54_54_57_62_82_82
62
40
46
54_54_82_82
64
62
45
41
57
41_42_45_54_54_82_82
26_62
53
50
62
64
45
42
41
62
26
36_41_45_50_53_54_54_57_60_62_82_82
36
26
42_54_54_82_82
41
60
57
50
53_62
45
62
42
26
36_54_54_82_82
41_45_50_53_57_62
36
36_42_54_54_82_82
45
62_64
41
36
50
42
57
53
54_54_82_82
26
62
41
41
62
40_46_54_54_82_82
26
41_45_50_53_57_62
64
40
46
41
54_54_82_82
45
62
60
42_54_54_82_82
41
50
42
54_54_82_82
45
57
53
62
41
45
60
41
26_29_36_41_45_46_48_48_50_53_54_54_57_57_60_60_60_62_72_74_82_82
29
62
26
50
36
41
54_54_82_82
45
41_46_46_54_54_82_82
48
64
62
57
53
64
60_60
45_48_54_54_82_82
41
48
45
29
40_41_45_46_46_48_53_54_54_57_60_82_82
45
29
40
54_54_82_82
41
57
48
53
41_45_46_46_54_54_82_82
60
45
60
41
36
29
57
43_47_50_54_54_55_59_62_82_82
36
31
43
57
47
50
67
43
29_31_46_46_48_50_53_54_54_55_57_59_60_60_62_62_67_69_72_74_82_82
59
55
41_62
31
43_47_50_54_54_55_59_62_82_82
40
31
40
40
47
46_46_54_54_82_82
40
40
43
40
50
59
55
62
43_54_54_82_82
40
64
67
40
43
31
43_46_46_47_50_54_54_55_59_62_82_82
40
31
40
43
40
54_54_82_82
62
64
47
40
62
40
43_46_46_54_54_82_82
60
50
40
47_54_54_82_82
31
59
55
62
43
47
43
31_36_36_36_42_46_48_48_50_52_54_54_55_55_59_60_60_62_62_67_74_82_82
76
72
60
67
64
55
48
52
36
42
76
72
54_54_82_82
48
52
76
42_54_54_82_82
72
48
55_72
76
42
52
54_54_82_82
60
64
36
67
48
52
76
36_40_46_54_54_82_82
72
67
60
48_64
55
52
40
72
76
46
54_54_82_82
52
55
55
52
36
42_54_54_72_82_82
76
60
64
55
67
52
72
48
76
42
36
36_54_54_82_82
48
67
52_55_60
64
36
60
67
76
36_72
42_54_54_82_82
60
48_64
55
67
52
72
76
42
36
36_54_54_82_82
48
67
60
55_64
52
65
65
36
36
72
76
36_36_42_54_54_82_82
48
55
52
72
36
76
48
55
42
52
64
67
54_54_82_82
67
64
60
48
55
52
72
76
40_46_54_54_82_82
67
60
64
48
55
52
40
72
76
46
64
62
54_54_82_82
48
62
36
72
76
42_54_54_82_82
62
36
48
72
76
52
55
42
64
52
54_54_82_82
55
48
67
60
55
52
47_48
35_36
76
36
71
35
36_42_48_54_54_59_60_82_82
76
71
59
67
64
55
52
47_47
76
36
59
71
42
60
76
71
54_54_82_82
47
76
42_54_54_82_82
71
47
55
71
52
76
42
52
55
35_54_54_82_82
59
64
67
47
55
52
76
40_46_54_54_82_82
71
59
35_67
47_64
55
52
40
71
76
46
54_54_82_82
47
52
35
47
42_54_54_71_82_82
52_76
64
59
67
71
76
55
62
42_52
47
35
36_54_54_82_82
67
47_59
64
52
55
36
35
76
67
71
42_54_54_54_82_82_82
59
64
47
67
55
52
71
76
42
35
67
59_64
36_54_54_54_82_82_82
47
52
55
35
36
71
76
47
36_42_54_54_82_82
35
67
36
71
76
52
55
47
55
42
64
67
54_54_82_82
64
59
55
47
35
71
76
67
40_46_47_54_54_54_59_82_82_82
64
55
52
35
40
71
76
64
46
62
47
54_54_54_82_82_82
62
35
47
62
71
76
52
42_54_54_82_82
55
35
71
76
42
67
64
55
52
59
54_54_82_82
55
47
52
47
45
57
33
60
33
35
62
35
57
59_60_64
36_42_45_54_54_55_57_59_60_82_82
52_76
48
43
45
69
47
36
42
76
69
43
54_54_82_82
45
45
48
76
42_54_54_82_82
69
52
69
76
42
48
52
60
54_54_82_82
57
33
64
45
52
48
33
64
57_60
76
52
40_45_46_54_54_82_82
69
48
40
69
76
46
54_54_82_82
48
52
52
60
48
42_54_54_69_82_82
33
76
60
57
64
48
52
45
69
76
42
33
60
64
45
57_60
36_54_54_82_82
52
48
36
33
60
67
76
45
69
42_54_54_82_82
64
48_57
52
60
69
76
42
33
45
57
64
60
52
48
36_54_54_82_82
36
67
48
64_69
76
45
36_42_54_54_82_82
52
69
33
36
76
64
42
45
64
52
60
33
57
48
54_54_82_82
64
48
52
45
33
33
64
57_69
60_76
40_46_54_54_82_82
45
52
48
69
76
40
46
45
54_54_82_82
62
64
48
62
33
69
45_76
42_54_54_82_82
62
52
33
69
76
42
52
48
64
60
57
54_54_82_82
45
52
48
31
55
33
43
33_45
74
31_57
67
55_62
59
36_42_45_50_52_54_54_55_57_59_60_82_82
43_74
50
47
67
36
74
67
42
74
67
54_54_82_82
43
47
43
74
42_54_54_82_82
67
50
67
74
42
47
59
55
62
43
31
54_54_82_82
47
62
62
31
59
43_55
50
47
74
40_46_54_54_82_82
67
64
40
67
74
46
50
43
54_54_82_82
64
47
43
50
31
64
55
59
50
42_54_54_67_82_82
62
74
43
67
74
42
31
62
55
59
43
50
47
36_54_54_82_82
36
55
59
43
50
62
31_47
74
67
42_54_54_82_82
65
64
67
74
42
31
62
55
43
59
50
47
36_54_54_82_82
36
47
50
65
67
74
36_42_54_54_82_82
64
31
67
36
74
50
31
42_59
55
62
43
50
54_54_82_82
31
31
64
62
62
55
59
50
67
74
43_47
40_46_54_54_82_82
40
67
74
46
43
54_54_82_82
47
31
62
60
31
43
67
74
42_54_54_82_82
50
59
67
74
62
55
42
47
50
31
43
54_54_82_82
50
47
43
29
41
53
29
55_60
53
57
41
45
36_42_48_48_50_53_54_54_55_57_59_60_82_82
72
31
65
36
42
72
65
54_54_82_82
41
45
41
72
42_54_54_82_82
65
48
65
72
42_45
57
53
41
60
54_54_82_82
29
45
29
60
53
57
41
48
45_72
40_46_54_54_82_82
65
40
65
72
46
54_54_82_82
45
60
48
48
45_55
42_54_54_65_82_82
72
57
45
53
48
60
41
55
65
72
42
29
60
53
57
41
48
45
36_54_54_82_82
29
55
36
55
53
57
41
60
72
48
45
65
42_54_54_82_82
55
65
72
29
42
60
53
57
41
48
45
36_54_54_82_82
29
36
55
41
65
45
72
64
36_42_54_54_82_82
48
36
65
72
41
42
48
45
57
60
53
48_54_54_82_82
45
29
41
29
60_65
72
53_57
40_46_54_54_82_82
48
41
45
40
65
72
46
41
54_54_82_82
65
72
42_54_54_82_82
41
45
62
48
64
65
72
57
42
60
45
53
48
41
54_54_82_82
45
48
31
55
31
29
43
74
41_53_67
29
36_42_48_50_53_54_54_55_57_59_60_62_82_82
74
43
55_67
62
59
50
47
36_74
67
42
74
67
54_54_82_82
43
47
50
74
42_54_54_82_82
67
43
67
74
42
47
59
62
55
50
43
31
54_54_82_82
50
47
74
31
40_46_54_54_82_82
67
62
55
59
43
50
47
40
67
74
46
47
50
54_54_82_82
43
62
55
43
31
50
47
42_54_54_67_82_82
74
59
55
47
50
62
43_55
67
74
42
31
55
36_54_54_82_82
59_62
55
43
50
47
36
55
55
59
55
74
62
31_43_67
42_54_54_54_82_82_82
50
47
67
74
42
31
62
55
59
43
36_54_54_54_82_82_82
50
47
36
65
55
67
74
36_42_54_54_82_82
43
50
47
31
67
36
74
43
50
42
47
62
50
59
47
54_54_82_82
55
43
31
67
74
40_46_54_54_54_82_82_82
62
55_59
50
43
47
67
74
40
46
43
54_54_54_82_82_82
31
47
65
64
65
50
43
67
65_74
42_54_54_82_82
31
67
74
59
42
47
62
50
55
43
54_54_82_82
47
50
57
55
31
33
31
45_57
60
36_42_43_45_50_52_54_54_55_57_59_60_62_64_82_82
76
52
33
48
69
36
42
76
69
54_54_82_82
45
48
45
76
42_54_54_82_82
69
52
69
76
48
42
60
45
57
54_54_82_82
64
33
52
52
48
64
76
40_46_54_54_82_82
62_69
64
57
60
45
52
48
33
40
69
76
46
45
54_54_82_82
48
62
42_54_54_69_82_82
45_76
60
52
69
76
42
48
60
52
36_54_54_82_82
45
57
64
52
48
36
33
74
31
31
67
42_50_52_54_54_55_57_59_60_60_62_82_82
43_55_59_62
43_55
47_50
62
33
45
57
67
74
42
55
47
31
59
50
36_54_54_82_82
43
62
55
36
31
62
67
74
62
55
36_42_54_54_82_82
59
50
43
47
64
55
45
45
67
36
74
42
54_54_82_82
43
47
67
74
43
40_46_50_53_54_54_55_57_59_60_62_82_82
40
47
67
74
59
43
55_62
46
50
47
54_54_82_82
29_64
65
72
31
53
29
60
53_57
42_54_54_82_82
41
41_48
45
60
43
55
31
43_43
62
65
72
42
54_54_82_82
72
65
36_42_54_54_82_82
72
36
29
42
65
45_54_54_82_82
29
53
45
57
60
29
48
72
42_54_54_82_82
65
45
29
45
48
60
53_57
65
72
42
57
53
60
45
48
29
41
54_54_82_82
29
72
40_46_54_54_82_82
65
60
53
41
57
48
45
43
40
43
65
72
46
54_54_82_82
41
45
41
42_54_54_65_82_82
72
29
65
57
72
53
60
48
42
41
29
36_54_54_82_82
41
53_60
57
48
45
36
72
65
29
42_54_54_82_82
41_53
45
57
60
48
65
72
42
29
36_54_54_82_82
53
60
41
57
48
45
36
65
72
36_42_54_54_82_82
41
45
29_36
65
72
48
42
54_54_82_82
41
29
57_60
45
53
45
29
41
65
72
40_46_54_54_82_82
29
60
53
41
57
48
45
59
59
40
65
72
46
54_54_82_82
41
29
45
65
72
42_54_54_82_82
41
29
48
65
72
60
42
57
53
60
45
48
54_54_82_82
41
45
48
29
65
72
36_41_42_45_48_53_54_54_57_60_82_82
65
72
36
42
45
41
54_54_82_82
48
29
29
72
41_42_45_54_54_82_82
65
29
65
72
42
45
53
57
29
60
48_54_54_82_82
41
48
29
72
40_41_45_46_48_53_54_54_57_60_82_82
65
40
65
72
46
54_54_82_82
45
41
48
53
41_42_45_48_54_54_65_82_82
57_72
29
60
45
65
72
48
41
42
29
36_41_45_48_53_54_54_57_60_82_82
36_62
45
41
53
72
57
48_65
29
42_54_54_82_82
62
60
65
72
42
29
36_41_43_45_48_53_54_54_57_60_82_82
43
36
65
41
72
45
36_42_54_54_82_82
48
29
65
36
72
42
53
57
60
41_45_48_54_54_82_82
29
45
48
41_62
29
60
65
72
40_41_45_46_48_53_54_54_57_60_82_82
29
65
72
40
46
41
54_54_82_82
45
29
48
60
57
65
72
41_42_45_48_54_54_82_82
29
57_65
53_72
45
48
60
42
41
54_54_82_82
29
64
57
33_33_36_42_45_45_48_52_52_53_54_54_57_57_57_60_60_60_60_64_64_69_76_82_82
29
41
53
36
42
54_54_82_82
45
64
48
64
42_45_54_54_82_82
52
60
42
57
64
48_54_54_82_82
45
64
48
40_45_46_48_52_54_54_57_60_64_64_82_82
40
46
54_54_82_82
48
64
60
42_48_54_54_82_82
64
57_64
52
45
48
33
42
64
62
33_36_45_48_52_54_54_57_60_64_82_82
36
33
45
60
57
64
42_54_54_54_82_82_82
52
48
42
33_36_45_48_52_54_54_54_57_60_64_82_82_82
36
33
48
52
33_36_42_45_54_54_82_82
62
45
60
36
45
42_60
57
64
48_52_54_54_82_82
48
52
40_45_46_48_52_54_54_54_57_60_64_82_82_82
40
46_48
45
54_54_54_82_82_82
60
42_45_54_54_82_82
60
52
42
60
48_52_54_54_82_82
45
64
57
52
48
33
31_31_33_36_42_43_43_45_47_50_50_52_54_54_55_55_57_59_59_60_60_62_62_62_64_69_71_74_76_82_82
60
62
36
42
43
54_54_82_82
47
42_43_54_54_82_82
59
50
42
55
62
43
62
47_54_54_82_82
31
47
40_43_46_47_50_54_54_55_59_62_82_82
62
40
46
47
54_54_82_82
43
59
50
55
31_42_43_54_54_62_82_82
62
60
31
42
43
31_36_43_47_50_54_54_55_59_62_82_82
62
60
36
31
59
47
43
42_54_54_82_82
55
50
62
42
31_36_43_47_50_54_54_55_59_62_82_82
36
47
43
36_42_54_54_82_82
50
36
42
59
62
55
43_50_54_54_82_82
31
43
62
50
31_40_43_46_47_50_54_54_55_59_62_82_82
60
40
47
46
43
54_54_82_82
42_43_54_54_62_82_82
50
60
42
47_50_54_54_82_82
43_59
62
55
47_50
31
29_29_31_36_41_41_42_43_45_48_48_50_53_53_54_54_55_57_57_59_60_60_62_62_65_69_71_72_74_82_82
62
64
36
42
41
54_54_82_82
45
41_42_54_54_82_82
48
42
57
53
60
45_48_54_54_82_82
41
29
48
45
29_40_41_45_46_48_53_54_54_57_60_82_82
45
40
46
54_54_82_82
41
57
64
48
53
41_42_45_54_54_82_82
60
60
45
29
42
41
29_36_41_45_48_53_54_54_57_60_82_82
36
41
45
48
29_42_54_54_82_82
57
53
60
42
29_36_41_45_48_53_54_54_57_60_82_82
36
60
57
45
36_42_54_54_82_82
41
36
48
42
57
53
29
60
41_54_54_82_82
41
57
64
29_40_41_45_46_48_53_54_54_57_60_82_82
40
46
41
54_54_82_82
45
62
41_42_54_54_82_82
48
64
42
45_54_54_82_82
57
53
60
41
45
26_26_28_29_36_41_41_42_45_48_50_50_50_53_54_54_57_60_62_62_62_65_72_74_82_82
29
28
36
42
41
60
54_54_82_82
62
45
60
57
41_42_50_54_54_82_82
42
57
53
50_54_54_82_82
62
41
26
50
26_40_41_45_46_50_53_54_54_57_62_82_82
40
46
54_54_82_82
45
41
57
41_42_45_54_54_82_82
53
50
62
26
45
42
41
29_36_41_45_50_53_54_54_57_62_82_82
36
26_29_41_42_48_50_50_54_54_60_62_62_65_72_74_82_82
41
57
50
53
45
62
29
42
29_36_54_54_82_82
41_45_48_53_57_60
36
36_42_54_54_82_82
45
41
36
57
48
42
57
53
54_54_82_82
29
60
41
41
29_40_46_54_54_82_82
41_45_48_53_57_60
40
46
41
54_54_82_82
45
42_54_54_82_82
41
48
42
54_54_82_82
45
57
53
60
41
45
29
29_33_33_36_41_42_45_45_48_48_52_52_53_54_54_57_57_57_60_60_60_60_64_64_65_69_69_72_76_82_82
64
36
42
54_54_82_82
45
48
64
42_45_54_54_82_82
64
52
60
42
57
64
48_54_54_82_82
45
48
64
40_45_46_48_52_54_54_57_60_64_82_82
64
40
46
54_54_82_82
48
64
60
42_48_54_54_82_82
64
57
52
45
64
48
33
42
33_36_45_48_52_54_54_57_60_64_82_82
62
36
64
33
45
60
57
64
42_54_54_82_82
52
48
42
33_36_45_48_52_54_54_57_60_64_82_82
36
33
48
62
52
33_36_42_45_54_54_82_82
60
45
36
45
42_60
57
64
48_52_54_54_82_82
48
52
40_45_46_48_52_54_54_57_60_64_82_82
40
46_48
45
54_54_82_82
60
60
42_45_54_54_82_82
52
42
60
48_52_54_54_82_82
45
64
57
52
48
33
31_31_33_36_42_43_43_45_47_50_50_52_54_54_55_55_57_59_59_60_60_62_62_62_64_69_71_74_76_82_82
62
60
36
42
43
54_54_82_82
47
42_43_54_54_60_82_82
62
59
50
42
55
62
43
47_54_54_82_82
31
47
62
40_43_46_47_50_54_54_55_59_60_62_82_82
40
46
47
54_54_82_82
43
59
50
55
31_42_43_54_54_62_82_82
60
62
31
42
43
62
60
31_36_43_47_50_54_54_55_59_62_82_82
36
31
59
47
43
42_54_54_82_82
55
50
62
42
31_36_43_47_50_54_54_55_59_62_82_82
36
47
43
36_42_54_54_82_82
50
36
42
59
62
55
43_50_54_54_82_82
31
43
50
60
62
31_40_43_46_47_50_54_54_55_59_62_82_82
40
47
46
43
54_54_82_82
60
62
42_43_54_54_82_82
50
42
47_50_54_54_82_82
43_59
62
55
47_50
31_64
29_29_31_36_41_41_42_43_45_48_48_50_53_53_54_54_55_57_57_59_60_60_62_62_65_69_71_72_74_82_82
62
36
42
41
54_54_82_82
45
41_42_54_54_82_82
48
42
57
53
60
45_48_54_54_82_82
41
29
48
45
29_40_41_45_46_48_53_54_54_57_60_82_82
45
40
46
54_54_82_82
41
57
48
53
41_42_45_54_54_82_82
60
64
60
45
29
42
41
29_36_41_45_48_53_54_54_57_60_82_82
36
41
45
48
29_42_54_54_54_82_82_82
57
53
60
42
29_36_41_45_48_53_54_54_54_57_60_82_82_82
36
60
57
45
36_42_54_54_82_82
41
36
48
42
57
53
29
60
41_54_54_82_82
41
64
57
29_40_41_45_46_48_53_54_54_54_57_60_82_82_82
40
46
41
54_54_54_82_82_82
45
62
41_42_54_54_82_82
64
48
42
45_54_54_82_82
57
53
60
41
45
26_26_28_29_36_41_41_42_45_48_50_50_50_53_54_54_57_60_62_62_62_65_72_74_82_82
29
28
36
42
41
54_54_82_82
60
62
45
60
57
41_42_50_54_54_82_82
42
57
53
50_54_54_82_82
62
41
26
50
26_40_41_45_46_50_53_54_54_57_62_82_82
40
46
54_54_82_82
45
41
57
41_42_45_54_54_82_82
53
50
62
26
45
42
41
29_36_41_45_50_53_54_54_57_62_82_82
36
26_29_41_42_48_50_50_54_54_60_62_62_65_72_74_82_82
41
57
50
53
45
62
29
42
29_36_54_54_82_82
41_45_48_53_57_60
36
36_42_54_54_82_82
45
41
36
48
42
57
53
54_54_82_82
29
60
41
41
29_40_46_54_54_82_82
41_45_48_53_57_60
40
46
57
41
54_54_82_82
45
42_54_54_82_82
41
48
42
54_54_82_82
45
57
53
60
41
45
29
26_29_36_41_41_42_45_48_50_50_53_53_53_54_54_57_57_57_57_60_62_62_65_69_69_72_74_82_82
50
26
36
42
41
54_54_82_82
45
41_42_50_54_54_82_82
42
57
53
50_54_54_82_82
62
26
41
50
40_41_45_46_50_53_54_54_57_62_82_82
62
26
40
46
54_54_82_82
64
62
45
41
57
41_42_45_54_54_82_82
53
62
64
50
62
45
42
41
26
62
60
36_41_45_50_53_54_54_57_62_82_82
26
36
62
42_54_54_82_82
41
57
50
53
60
45
26
62
42
36_54_54_82_82
41_45_50_53_57_62
26
36
62_64
36_42_54_54_82_82
45
41
36
50
42
26
57
53
54_54_82_82
62
41
26
41
26
40_46_54_54_82_82
62
41_45_50_53_57_62
26
64
40
46
41
54_54_82_82
45
62
60
42_54_54_82_82
41
50
42
54_54_82_82
45
57_60
53
62
41
45
41
26_29_36_41_42_45_48_48_50_53_54_54_57_57_60_60_60_62_72_74_82_82
29
50
26
36
42
41
54_54_82_82
45
41_42_54_54_82_82
48
42
57
53
60
45_48_54_54_82_82
29
41
48
45
62
40_41_45_46_48_53_54_54_57_60_82_82
29
45
40
46
54_54_82_82
41
57_62
60
48
53
41_42_45_54_54_82_82
29
60
45
42
41
62
29_60
36_41_45_48_53_54_54_57_60_82_82
36
41
45
48
42_54_54_82_82
57
53
60
29
42
62
29_60
36_41_45_48_53_54_54_57_60_82_82
36
29
60
29_57
45
36_42_54_54_82_82
41
36
48
42
57
53
60
41_54_54_82_82
41
40_41_45_46_48_53_54_54_57_60_82_82
40
46
41
54_54_82_82
45
41_42_54_54_82_82
57
48
42
45_54_54_82_82
57
53
60
41
45
41
50
26
26_29_36_41_42_45_48_50_50_53_54_54_57_57_60_60_62_62_72_74_82_82
29
36
42
41
54_54_82_82
45
41_42_50_54_54_82_82
42
57
53
50_54_54_82_82
62
26
41
50
26
40_41_45_46_50_53_54_54_57_62_82_82
62
40
46
54_54_82_82
64
62
45
41
57
41_42_45_54_54_82_82
26_62
53
50
62
64
45
42
41
62
26
36_41_45_50_53_54_54_57_60_62_82_82
36
26
42_54_54_54_82_82_82
41
60
57
50
53_62
45
62
42
26
36_54_54_54_82_82_82
41_45_50_53_57_62
36
36_42_54_54_82_82
45
62_64
41
36
50
42
57
53
54_54_82_82
26
62
41
41
62
40_46_54_54_54_82_82_82
26
41_45_50_53_57_62
64
40
46
41
54_54_54_82_82_82
45
62
60
42_54_54_82_82
41
50
42
54_54_82_82
45
57
53
62
41
45
60
41
26_29_36_41_45_46_48_48_50_53_54_54_57_57_60_60_60_62_72_74_82_82
29
62
26
50
36
41
54_54_82_82
45
41_46_46_54_54_82_82
48
64
62
57
53
64
60_60
45_48_54_54_82_82
41
48
45
29
40_41_45_46_46_48_53_54_54_57_60_82_82
45
29
40
54_54_82_82
41
57
48
53
41_45_46_46_54_54_82_82
60
45
60
41
36
29
57
43_47_50_54_54_55_59_62_82_82
36
31
43
57
47
50
67
43
29_31_46_46_48_50_53_54_54_55_57_59_60_60_62_62_67_69_72_74_82_82
59
55
41_62
31
43_47_50_54_54_55_59_62_82_82
40
31
40
40
47
46_46_54_54_82_82
40
40
43
40
50
59
55
62
43_54_54_82_82
40
64
67
40
43
31
43_46_46_47_50_54_54_55_59_62_82_82
40
31
40
43
40
54_54_82_82
62
64
47
40
62
40
43_46_46_54_54_82_82
60
50
40
47_54_54_82_82
31
59
55
62
43
47
43
31_36_36_36_42_46_48_48_50_52_54_54_55_55_59_62_62_65_67_74_77_77_82_82
77
72
72
60
67
64
55
48
52
36
42
77
72
54_54_82_82
48
52
77
42_54_54_82_82
72
48
55_72
77
42
52
54_54_82_82
60
64
36
67
48
52
76
36_40_46_54_54_64_65_76_76_77_77_82_82
72
67
60
48_64
55
52
40
72
76
46
54_54_82_82
52
55
55
52
36
42_54_54_72_82_82
76
60
64
55
67
52
72
48
76
42
36
36_54_54_82_82
48
67
52_55_60
64
36
60
67
76
36_72
42_54_54_82_82
60
48_64
55
67
52
72
76
42
36
36_54_54_82_82
48
67
60
55_64
52
65
65
36
36
72
76
36_36_42_54_54_82_82
48
55
52
72
36
76
48
55
42
52
64
67
54_54_82_82
67
64
60
48
55
52
72
76
40_46_54_54_82_82
67
60
64
48
55
52
72
76
40
46
64
62
54_54_82_82
48
62
36
72
76
42_54_54_82_82
62
36
48
72
76
52
55
42
64
52
54_54_82_82
55
48
67
60
55
52
47_48
35_36
77
36
71
35
36_42_48_54_54_64_65_76_76_77_77_82_82
77
71
72
59
67
64
55
52
47_47_72
77
36
71
42
77
71
54_54_82_82
47
77
42_54_54_82_82
71
47
55
71
52
77
42
52
55
35_54_54_82_82
59
64
67
47
55
52
76
40_46_54_54_64_65_76_76_77_77_82_82
71
59
35_67
47_64
55
52
40
71
76
46
54_54_82_82
47
52
35
47
42_54_54_71_82_82
52_76
64
59
67
71
76
55
62
42_52
47
35
36_54_54_82_82
67
47_59
64
52
55
36
35
76
67
71
42_54_54_82_82
59
64
47
67
55
52
71
76
42
35
67
59_64
36_54_54_82_82
47
52
55
35
36
71
76
47
36_42_54_54_82_82
35
67
36
71
76
52
55
47
55
42
64
67
54_54_82_82
64
59
55
47
35
71
76
67
40_46_47_54_54_59_82_82
64
55
52
35
40
71
76
64
46
62
47
54_54_82_82
62
35
47
62
71
76
52
42_54_54_82_82
55
35
71
76
42
67
64
55
52
59
54_54_82_82
55
47
52
47
45
33
60
33
35
62
35
57
60_64
36_42_45_54_54_55_57_64_65_72_76_76_77_77_82_82
52_77
48
43
45
69
47_72
36
42
77
69
43
54_54_82_82
45
45
48
77
42_54_54_82_82
69
52
69
77
42
48
52
60
54_54_82_82
57
33
64
45
52
48
33
64
57_60
76
52
40_45_46_54_54_64_65_76_76_77_77_82_82
69
48
40
69
76
46
54_54_82_82
48
52
52
60
48
42_54_54_69_82_82
33
76
60
57
64
48
52
45
69
76
42
33
60
64
45
57_60
36_54_54_82_82
52
48
36
33
60
67
76
45
69
42_54_54_54_82_82_82
64
48_57
52
60
69
76
42
33
45
57
64
60
52
48
36_54_54_54_82_82_82
36
67
48
64_69
76
45
36_42_54_54_82_82
52
69
33
36
76
64
42
45
64
52
60
33
57
48
54_54_82_82
64
48
52
45
33
33
64
57_69
60_76
40_46_54_54_54_82_82_82
45
52
48
69
76
40
46
45
54_54_54_82_82_82
62
64
48
62
33
69
45_76
42_54_54_82_82
62
52
33
69
76
42
52
48
64
60
57
54_54_82_82
45
52
48
31
33
43
33_45
74
31
67
55_62
59
36_42_45_50_52_54_54_55_57_59_62_64_71_72_74_76_76_82_82
43_74
50
47
67
36_74
67
42
74
67
54_54_82_82
43
47
43
74
42_54_54_82_82
67
50
67
74
42
47
59
55
62
43
31
54_54_82_82
47
62
62
31
59
43_55
50
47
74
40_46_54_54_82_82
67
64
40
67
74
46
50
43
54_54_82_82
64
47
43
50
31
64
55
59
50
42_54_54_67_82_82
62
74
43
67
74
42
31
62
55
59
43
50
47
36_54_54_82_82
36
55
59
43
50
62
31_47
74
67
42_54_54_82_82
65
64
67
74
42
31
62
55
43
59
50
47
36_54_54_82_82
36
47
50
65
67
74
36_42_54_54_82_82
64
31
67
36
74
50
31
42_59
55
62
43
50
54_54_82_82
31
31
64
62
62
55
59
50
67
74
43_47
40_46_54_54_82_82
67
74
40
46
43
54_54_82_82
47
31
62
60
31
43
67
74
42_54_54_82_82
50
59
67
74
62
55
42
47
50
31
43
54_54_82_82
50
47
43
29
41
29
60
53
57
41
45
36_42_48_48_50_53_54_54_55_57_59_60_60_65_69_71_74_82_82
72
31
65
62
36
42
72
65
54_54_82_82
41
45
41
72
42_54_54_82_82
65
48
65
72
42_45
57
53
41
60
54_54_82_82
29
45
29
60
53
57
41
48
45_72
40_46_54_54_82_82
65
40
65
72
46
54_54_82_82
45
60
48
48
45_55
42_54_54_65_82_82
72
57
45
53
48
60
41
55
65
72
42
29
60
53
57
41
48
45
36_54_54_82_82
29
55
36
55
53
57
41
60
72
48
45
65
42_54_54_82_82
55
65
72
29
42
60
53
57
41
48
45
36_54_54_82_82
29
36
55
41
65
45
72
64
36_42_54_54_82_82
48
36
65
72
41
42
48
45
57
60
53
48_54_54_82_82
45
29
41
29
60_65
72
53_57
40_46_54_54_82_82
48
41
45
40
65
72
46
41
54_54_82_82
65
72
42_54_54_82_82
41
45
62
48
64
65
72
57
42
60
45
53
48
41
54_54_82_82
45
48
31
31
29
43
74
41_67
29
36_42_48_50_53_54_54_55_57_59_59_60_62_65_67_69_71_82_82
74
43
55_67
62
59
50
47
60
36_74
67
42
74
67
54_54_82_82
43
47
50
74
42_54_54_82_82
67
43
67
74
42
47
59
62
55
50
43
31
54_54_82_82
50
47
74
31
40_46_54_54_82_82
67
62
55
59
43
50
47
40
67
74
46
47
50
54_54_82_82
43
62
55
43
31
50
47
42_54_54_67_82_82
74
59
55
47
50
62
43_55
67
74
42
31
55
36_54_54_82_82
59_62
55
43
50
47
36
55
55
59
55
74
62
31_43_67
42_54_54_82_82
50
47
67
74
42
31
62
55
59
43
36_54_54_82_82
50
47
36
65
55
67
74
36_42_54_54_82_82
43
50
47
31
67
36
74
43
50
42
47
62
50
59
47
54_54_82_82
55
43
31
67
74
40_46_54_54_82_82
62
55_59
50
43
47
67
74
40
46
43
54_54_82_82
31
47
65
64
65
50
43
67
65_74
42_54_54_82_82
31
67
74
59
42
47
62
50
55
43
54_54_82_82
47
50
31
33
31
45_57
60
36_42_43_45_50_52_54_54_55_57_57_59_60_62_64_67_69_71_72_82_82
76
59
52
33
48
69
36
42
76
69
54_54_82_82
45
48
45
76
42_54_54_82_82
69
52
69
76
48
42
60
45
57
54_54_82_82
64
33
52
52
48
64
76
40_46_54_54_82_82
62_69
64
57
60
45
52
48
33
40
69
76
46
45
54_54_82_82
48
62
42_54_54_69_82_82
45_76
60
52
69
76
42
48
60
52
36_54_54_82_82
45
57
64
52
48
36
33
74
31
31
67
42_50_52_54_54_54_55_55_57_59_60_60_62_67_69_71_72_82_82_82
43_55_59_62
43
47_50
62
33
45
67
74
42
57
55
47
31
59
50
36_54_54_54_82_82_82
43
62
55
36
31
62
67
74
62
55
36_42_54_54_55_82_82
59
50
43
47
64
45
45
67
36
74
42
54_54_82_82
43
47
67
74
43
40_46_50_53_54_54_54_55_57_59_60_62_82_82_82
47
67
74
40
59
43
55_62
46
50
47
54_54_54_82_82_82
29_64
65
72
31
29
60
53_57
42_54_54_57_82_82
41_55
41_48
45
60
43
31
43_43
65
72
65_67_69_71
42
54_54_82_82
72
65
36_42_54_54_82_82
72
36
29
42
65
45_54_54_82_82
29
53
45
57
60
29
48
72
42_54_54_82_82
65
45
29
45
48
60
53_57
65
72
42
57
53
60
45
48
29
41
54_54_82_82
29
72
40_46_54_54_82_82
65
60
53
41
57
48
45
43
40
43
65
72
46
54_54_82_82
41
45
41
42_54_54_65_82_82
72
29
65
57
72
53
60
48
42
41
29
36_54_54_82_82
41
53_60
57
48
45
36
72
65
29
42_54_54_82_82
41_53
45
57
60
48
65
72
42
29
36_54_54_82_82
53
60
41
57
48
45
36
65
72
36_42_54_54_82_82
41
45
29_36
65
72
48
42
54_54_82_82
41
29
57_60
45
53
45
29
41
65
72
40_46_54_54_82_82
29
60
53
41
57
48
45
59
59
40
65
72
46
54_54_82_82
41
29
45
65
72
42_54_54_82_82
41
29
48
65
72
60
42
57
53
60
45
48
54_54_82_82
41
45
48
29
29_29_36_41_42_44_48_48_53_53_53_54_54_56_56_56_57_60_60_60_82_82
29
65
41
72
65_69
57
53
36
42
65
72
44
29
54_54_82_82
41
48
29
65
41_42_48_54_54_82_82
72
72
65
42
48
29
60
44_54_54_82_82
53
56
41
44
62
29
65
40_41_44_46_48_53_54_54_56_60_82_82
72
40
72
65
46
54_54_82_82
44
29
62
60
42_44_54_54_72_82_82
65
60
53
56
48
41
72
65
42
44
29
62
60
36_41_44_48_53_54_54_56_60_82_82
36
65
72
42_54_54_82_82
29
44
41
53
48_56
60
72
65
42
29
36_41_44_48_53_54_54_56_60_82_82
36
62
60
72
65
36_42_54_54_82_82
44
41
72
36
65
48
29
42
60
56
53
41_44_48_54_54_82_82
29
48
44
41
29
72
65
40_41_43_44_46_48_53_54_54_56_60_82_82
43
62
29
60
72
65
40
46
41
44
54_54_82_82
48
29
72
65
60
41_42_48_54_54_82_82
29
62
72
65
42
48
54_54_82_82
53
41
53
56
60
56
29
56
60
64
29
72
55
36
36_36_42_48_52_52_54_54_55_55_55_60_82_82
64
72
48
36_64
53
72
42
64
72
54_54_82_82
48
64
42_48_54_54_82_82
55
72
72
64
42
55
57
54_54_82_82
48
52
36
60
55
64
57
40_46_48_52_54_54_55_60_82_82
72
60
36
40
72
64
46
48
54_54_82_82
36
36
42_48_54_54_62_72_82_82
64
60
48
72
64
42
36
60
36_48_54_54_82_82
36
62
52
55_60
48
36
48
36
47
64
71
35_42_47_47_52_54_54_55_59_59_60_82_82
35
62
48
60
55
71
64
60
42
36
55
52
47
60
55
36_54_54_82_82
35
36
71
35_64
36_42_47_52_54_54_55_60_82_82
60
62
71
36
64
42
54_54_82_82
57
60
71
64
40_45_46_54_54_82_82
57
47
60
35
45
71
64
40
46_52
55
60
52
54_54_82_82
47
60
59
69
64
33_45
59
33_42_45_45_48_52_52_54_54_57_57_60_60_60_82_82
60
47
55
69
64
35
42
54_54_82_82
45
48
36_42_54_54_82_82
69
64
33_36
42
69
64
45_48_54_54_82_82
57
52
60
33
45
48
33
60
69
42_45_48_52_54_54_57_57_60_82_82
64
33
64
69
42
52
57_60
48
45
54_54_82_82
33
69
40_45_46_48_52_54_54_57_60_82_82
64
33
40
64
69
46
54_54_82_82
48
42_48_54_54_64_82_82
69
45
33
64
69
57
52
60
48
42
36_45_48_52_54_54_57_60_82_82
33
36
33
69
33_64
42_54_54_82_82
48
45
52
57
64
69
60
42
33
36_45_48_52_54_54_57_60_82_82
36
48
64
33
69
36_42_45_54_54_82_82
36
64
69
42
45_48_54_54_82_82
57
60
52
48
33
45
64
69
40_45_46_48_52_54_54_57_60_82_82
33
40
64
69
46
48
54_54_82_82
45
33
64
69
41_42_54_54_82_82
33
64
69
57
42
45_48_54_54_82_82
33
52
41_60
57
48
45
60
52
65
45
29_36_41_42_43_45_48_48_53_53_54_54_57_57_57_60_60_82_82
53_62
43_69
45
57
29
33
36
60
42
65_69
54_54_82_82
29
41
45
48
65
41_42_45_48_54_54_82_82
69
62
60
29
48
69
65
42
29_41
53
45_54_54_82_82
60
57
62
60
65
40_41_45_46_48_53_54_54_57_60_82_82
69
29
40
69
65
46
48
41
54_54_82_82
45
41_42_45_48_54_54_69_82_82
29_60
65
60_62
53_57
48
69
65
42
45
41
60
62
36_41_45_48_53_54_54_57_60_82_82
29
36
29
29
65
69
42_54_54_54_82_82_82
29
69
65
41
42
45_48
36_41_45_48_54_54_54_82_82_82
36
45
29
29
69
65
36_42_45_54_54_82_82
62
60
29_48
69
36_41
65
45
42
29
54_54_82_82
53
57
60
62
60
69
65
29
40_41_45_46_48_53_54_54_54_57_60_82_82_82
69
65
40
41
46
48
45
54_54_54_82_82_82
29
69
65
62
60
41_42_45_54_54_82_82
29
69
65
29
42
60
53
41
29_48_54_54_82_82
57
45
29
48
60
53
29_29_36_41_42_44_48_48_48_53_53_53_54_54_56_56_56_57_57_60_60_60_82_82
65
62
68
29
53
36
42
65
68
54_54_82_82
29
44
41
48
65
41_42_44_48_54_54_82_82
68
29
68
65
42
29
44
48
41
54_54_82_82
53
29
56
60
29
65
40_41_44_46_48_53_54_54_56_60_82_82
68
29
40
68
65
46
54_54_82_82
44
29
42_44_54_54_68_82_82
65
48
68
65
42
41
44
60
53_62
29
56
60
36_41_44_48_53_54_54_56_60_82_82
29
36
44
41
29
62
48
60
65
68
41_42_44_48_54_54_82_82
29
68
65
42
36_54_54_82_82
44
29_36
41
29
60_62
68
65
36_41_42_44_54_54_82_82
29
68
36
65
53_56
60
48
44
41
29
42
62
60
54_54_82_82
29_68
65
40_41_44_46_48_53_54_54_56_60_82_82
68
65
40
44
46
54_54_82_82
60
62
29
41
48
68
65
29
41_42_48_54_54_82_82
68
65
42
48
41
54_54_82_82
53_60
56
53
29
56
36
48
60
36_36_42_48_48_48_52_52_54_54_55_55_60_60_82_82
64
55
72
53
29
36
72
42
56
64
48
54_54_82_82
55
64
42_48_54_54_82_82
72
72
64
42
48
52
36_55
55
60
54_54_57_82_82
64
57
36_40_46_48_52_54_54_55_60_82_82
72
60
40
72
64
46
54_54_82_82
48
36
42_48_54_54_72_82_82
36
64
62
55
60
36
72
64
42
48
60
36
36_47_54_54_55_82_82
62
60
52
36
47
36
55
60
55
64
47
71
35_36_42_47_47_52_54_54_55_59_59_60_82_82
60
35
62
60
48
48
71
64
42
35
36_54_54_82_82
36
47
71
64
36_42_47_54_54_82_82
60
35
62
36
71
64
52
60
55
42
47
57
60
54_54_82_82
35
71
64
57
40_46_47_52_54_54_55_60_82_82
35
60
40
71
64
46
35
54_54_82_82
52
55
47
60
33_69
64
59
47
33_42_45_45_48_52_54_54_57_57_57_60_60_82_82
55
45
62
47
69
64
60
59
42
35
54_54_82_82
36_42_54_54_82_82
33
69
64
36
48
42
45
69
64
60
52
57
33
45_48_54_54_57_82_82
57
45
48
33
62
33_69
42_45_48_52_52_54_54_57_57_60_60_82_82
64
67
52
57
60_64
69
42
48
52_57
33
45
60
54_54_82_82
33
69
40_45_46_48_52_54_54_57_60_82_82
64
40
64
69
46
54_54_82_82
48
67
42_48_54_54_64_82_82
69
69
33
48
64
69
42
45
52
57
60
36_45_48_52_54_54_57_60_82_82
33
48
36
52
57
45
33
69
33
64
42_45_48_52_54_54_57_82_82
64
69
42
60
33
48
57
45
52
36_54_54_82_82
36
69
64
69
72
33
36_42_45_48_52_54_54_57_60_82_82
64
36
69
42
48
33
72
54_54_82_82
45
74
33_64
69
40_45_46_48_54_54_82_82
64
69
40
46
57
33
52
60
48
54_54_82_82
45
74
33
72
64
69
74
42_43_45_47_50_54_54_55_59_62_82_82
74
64
69
57
43
42
60
45
45
54_54_82_82
52
47
50
33
43
31
57
33
45
31_36_42_43_47_50_54_54_55_59_62_82_82
62
71
36
42
62
71
55
62
59
43_47_50_54_54_55_59_62_82_82
31
47
59
50
43
31
62
42_43_47_50_54_54_59_82_82
67
71
72
31
71
62
42
55
62
47
50
69
59
54_54_82_82
67
43
31
62
40_43_46_47_50_54_54_55_59_62_82_82
71
69
72
40
71
62
46
50
47
54_54_82_82
43
42_43_47_54_54_71_82_82
62
31
47
71
62
42
72
59
62_72
55
36_47_50_54_54_55_59_62_82_82
31
36
72
62
67
71
42_54_54_82_82
62
55
59
71
47_62
42
50
31
43
69
36_43_47_50_54_54_55_59_62_82_82
67
36
31
69
71
62
47
36_42_54_54_82_82
72
43
71
36
62
42
50
43_47_54_54_82_82
55
31_62
59
72
43
47
72
71
62
40_43_46_47_50_54_54_55_59_62_82_82
31
71
62
40
46
50
47
43
54_54_82_82
31
47
71
62
72
67
42_43_43_54_54_82_82
31
50
71
62
42
31
55
69
62
67
59
47_50_54_54_82_82
43
50
47
69
62
59
29
43
36_41_41_41_42_43_45_47_48_48_53_53_53_54_54_55_57_57_60_60_82_82
65
72
47_69
29_71
43
71
31
36
42
65
69
57
54_54_82_82
72
29
45
41
48
29
72
65
41_42_45_54_54_57_82_82
69
69
65
42
29
48_54_54_82_82
41_53
60
57
48
45
72
67
65
40_41_45_46_48_53_54_54_57_60_82_82
69
29
40
69
65
46
45
67
69
45_54_54_82_82
41
45
57
69
72
41_42_45_53_54_54_69_82_82
65
29
48
69
65
60
42
41_45
67
72
29
36_41_45_48_53_54_54_57_60_82_82
36
53
57
65
60
41_69
69
42_54_54_54_82_82_82
45
67
48
69
29_65
42
72
36_41_45_48_53_54_54_54_57_60_82_82_82
69
29
36
29
48
45
72
69
65
67
41
36_42_54_54_82_82
29
36
69
65
42
67
29
69
57
53
41_45_54_54_82_82
60
45
41
69
69_72
65
40_41_45_46_48_53_54_54_54_57_60_82_82_82
29
40
69
65
46
45
48
41
72
67
48_54_54_54_82_82_82
29
48
69
65
29_67
41_42_54_54_82_82
69
69
65
42
53
45_48_54_54_82_82
60
57_69
72
41
53
48
41
60
48
45
29
43
31
57_67
31_36_41_42_43_43_45_48_50_53_54_54_55_55_55_59_59_62_82_82
62
72
71
29
36
48
42_50
62
45
71
43
67
69
43_54_54_82_82
69
72
62
42_50_54_54_82_82
71
50
71
62
42
31
43
55
47_54_54_82_82
67
59_72
62
47
67
69
62
40_43_46_47_50_54_54_55_59_62_82_82
71
31
40
71
62
46
50
43
47
54_54_82_82
69
72
31
42_43_47_50_54_54_71_82_82
67_72
62
50
59
47
43_55
71
62
42
62
31
67
69
57
36_54_54_82_82
36
57
62
69
67
71
42_43_47_50_54_54_55_59_62_72_82_82
31
71
62
42
67
72
31
36_54_54_82_82
50
36
43
47
31
31
71
62
36_42_43_47_50_54_54_82_82
69
67
71
36
62
47_50
43
31
42
54_54_82_82
55_69_72
59
62
64
67
72
71
62
67
40_43_46_47_50_54_54_55_59_62_82_82
31
71
62
40
46
69
67
54_54_82_82
62
31
64
55
50
59
62
47
43
71
62
62
42_54_54_82_82
72
69
60
31
71
62
42
31
43
43_55
59
54_54_82_82
55
72
31_36_36_36_42_48_48_52_54_54_55_65_77_77_82_82
77
72
72
60
67
64
55
48
52
36
42
77
72
54_54_82_82
48
52
77
42_54_54_82_82
72
48
55_72
77
42
52
54_54_82_82
60
64
36
67
48
52
76
36_40_46_54_54_64_65_76_76_77_77_82_82
72
67
60
48_64
55
52
40
72
76
46
54_54_82_82
52
55
55
52
36
42_54_54_72_82_82
76
60
64
55
67
52
72
48
76
42
36
36_54_54_82_82
48
67
52_55_60
64
36
60
67
76
36_72
42_54_54_82_82
60
48_64
55
67
52
72
76
42
36
36_54_54_82_82
48
67
60
55_64
52
65
65
36
36
72
76
36_36_42_54_54_82_82
48
55
52
72
36
76
48
55
42
52
64
67
54_54_82_82
67
64
60
48
55
52
72
76
40_46_54_54_82_82
67
60
64
48
55
52
72
76
40
46
64
62
54_54_82_82
48
62
36
72
76
42_54_54_82_82
62
36
48
72
76
52
55
42
64
52
54_54_82_82
55
48
67
60
55
52
47_48
35_36
77
36
71
35
36_42_48_54_54_64_65_76_76_77_77_82_82
77
71
72
59
67
64
55
52
47_47_72
36_77
71
42
77
71
54_54_82_82
47
77
42_54_54_82_82
71
47
55
71
52
77
42
52
55
35_54_54_82_82
59
64
67
47
55
52
76
40_46_54_54_64_65_76_76_77_77_82_82
71
59
35_67
47_64
55
52
40
71
76
46
54_54_82_82
47
52
35
47
42_54_54_71_82_82
52_76
64
59
67
71
76
55
62
42_52
47
35
36_54_54_82_82
67
47_59
64
52
55
36
35
76
67
71
42_54_54_82_82
59
64
47
67
55
52
71
76
42
35
67
59_64
36_54_54_82_82
47
52
55
35
36
71
76
47
36_42_54_54_82_82
35
67
71
36
76
52
55
47
55
42
64
67
54_54_82_82
64
59
55
47
35
71
76
67
40_46_47_54_54_59_82_82
64
55
52
35
71
76
40
64
46
62
47
54_54_82_82
62
35
47
62
71
76
52
42_54_54_82_82
55
35
71
76
42
67
64
55
52
59
54_54_82_82
55
47
52
47
45
33
60
33
35
62
35
57
60_64
36_42_45_54_54_55_57_64_65_72_76_76_77_77_82_82
52_77
48
43
45
69
47_72
36
42
77
69
43
54_54_82_82
45
45
48
77
42_54_54_82_82
69
52
69
77
42
48
52
60
54_54_82_82
57
33
64
45
52
48
33
64
57_60
76
52
40_45_46_54_54_64_65_76_76_77_77_82_82
69
48
40
69
76
46
54_54_82_82
48
52
52
60
48
42_54_54_69_82_82
33
76
60
57
64
48
52
45
69
76
42
33
60
64
45
57_60
36_54_54_82_82
52
48
36
33
60
67
76
45
69
42_54_54_82_82
64
48_57
52
60
69
76
42
33
45
57
64
60
52
48
36_54_54_82_82
36
67
48
64_69
76
45
36_42_54_54_82_82
52
36
69
33
76
64
42
45
64
52
60
33
57
48
54_54_82_82
64
48
52
45
33
33
64
57_69
60_76
40_46_54_54_82_82
45
52
48
40
69
76
46
45
54_54_82_82
62
64
48
62
33
69
45_76
42_54_54_82_82
62
52
33
69
76
42
52
48
64
60
57
54_54_82_82
45
52
48
31
33
43
33_45
74
31
67
55_62
59
36_42_45_50_52_54_54_55_57_59_62_64_71_72_76_76_79_82_82
43_74
50
47
67
36_74
67
42
74
67
54_54_82_82
43
47
43
74
42_54_54_82_82
67
50
67
74
42
47
59
55
62
43
31
54_54_82_82
47
62
62
31
59
43_55
50
47
74
40_46_54_54_82_82
67
64
40
67
74
46
50
43
54_54_82_82
64
47
43
50
31
64
55
59
50
42_54_54_67_82_82
62
74
43
67
74
42
31
62
55
59
43
50
47
36_54_54_82_82
36
55
59
43
50
62
31_47
74
67
42_54_54_54_82_82_82
65
64
67
74
42
31
62
55
43
59
50
47
36_54_54_54_82_82_82
36
47
50
65
67
74
36_42_54_54_82_82
64
31
67
36
74
50
31
42_59
55
62
43
50
54_54_82_82
31
31
64
62
62
55
59
50
67
74
43_47
40_46_54_54_54_82_82_82
67
74
40
46
43
54_54_54_82_82_82
47
31
62
60
31
43
67
74
42_54_54_82_82
50
59
67
74
62
55
42
47
50
31
43
54_54_82_82
50
47
43
29
41
29
60
53
57
41
45
36_42_48_48_50_53_54_54_55_57_59_60_60_69_71_77_79_82_82
72
31
65
62
36
42
72
65
54_54_82_82
41
45
41
72
42_54_54_82_82
65
48
65
72
42_45
57
53
41
60
54_54_82_82
29
45
29
60
53
57
41
48
45_72
40_46_54_54_82_82
65
40
65
72
46
54_54_82_82
45
60
48
48
45_55
42_54_54_65_82_82
72
57
45
53
48
60
41
55
65
72
42
29
60
53
57
41
48
45
36_54_54_82_82
29
55
36
55
53
57
41
60
72
48
45
65
42_54_54_82_82
55
65
72
29
42
60
53
57
41
48
45
36_54_54_82_82
29
36
55
41
65
45
72
64
36_42_54_54_82_82
48
65
36
72
41
42
48
45
57
60
53
48_54_54_82_82
45
29
41
29
60_65
72
53_57
40_46_54_54_82_82
48
41
45
65
72
40
46
41
54_54_82_82
65
72
42_54_54_82_82
41
45
62
48
64
65
72
57
42
60
45
53
48
41
54_54_82_82
45
48
31
31
29
43
74
41_67
29
36_42_48_50_53_54_54_55_57_59_59_60_62_69_71_77_79_82_82
74
43
55_67
62
59
50
47
60
36_74
67
42
74
67
54_54_82_82
43
47
50
74
42_54_54_82_82
67
43
67
74
42
47
59
62
55
50
43
31
54_54_82_82
50
47
74
31
40_46_54_54_82_82
67
62
55
59
43
50
47
40
67
74
46
47
50
54_54_82_82
43
62
55
43
31
50
47
42_54_54_67_82_82
74
59
55
47
50
62
43_55
67
74
42
31
55
36_54_54_82_82
59_62
55
43
50
47
36
55
55
59
55
74
62
31_43_67
42_54_54_82_82
50
47
67
74
42
31
62
55
59
43
36_54_54_82_82
50
47
36
65
55
67
74
36_42_54_54_82_82
43
50
47
31
67
36
74
43
50
42
47
62
50
59
47
54_54_82_82
55
43
31
67
74
40_46_54_54_82_82
62
55_59
50
43
47
67
74
40
46
43
54_54_82_82
31
47
65
64
65
50
43
67
65_74
42_54_54_82_82
31
67
74
59
42
47
62
50
55
43
54_54_82_82
47
50
31
33
31
45_57
60
36_42_43_45_50_52_54_54_55_57_57_59_60_62_64_71_72_79_81_82_82
76
59
52
33
48
69
36
42
76
69
54_54_82_82
45
48
45
76
42_54_54_82_82
69
52
69
76
48
42
60
45
57
54_54_82_82
64
33
52
52
48
64
76
40_46_54_54_82_82
62_69
64
57
60
45
52
48
33
40
69
76
46
45
54_54_82_82
48
62
42_54_54_69_82_82
45_76
60
52
69
76
42
48
60
52
36_54_54_82_82
45
57
64
52
48
36
33
74
31
31
67
42_50_52_54_54_55_55_57_59_60_60_62_71_72_79_81_82_82
43_55_59_62
43
47_50
62
33
45
67
74
42
57
55
47
31
59
50
36_54_54_82_82
43
62
55
36
31
62
67
74
62
55
36_42_54_54_55_82_82
59
50
43
47
64
45
45
36
67
74
42
54_54_82_82
43
47
67
74
43
40_46_50_53_54_54_55_57_59_60_62_82_82
47
40
67
74
59
43
55_62
46
50
47
54_54_82_82
29_64
65
72
31
29
60
53_57
42_54_54_57_82_82
41_55
41_48
45
60
43
31
43_43
65
72
69_71_77_79
42
54_54_82_82
72
65
36_42_54_54_82_82
36_72
29
42
65
45_54_54_82_82
29
53
45
57
60
29
48
72
42_54_54_82_82
65
45
29
45
48
60
53_57
65
72
42
57
53
60
45
48
29
41
54_54_82_82
29
72
40_46_54_54_82_82
65
60
53
41
57
48
45
43
43
40
65
72
46
54_54_82_82
41
45
41
42_54_54_65_82_82
72
29
60
65
57
72
53
60
48
42
41
29
57
36_54_54_82_82
41
53_60
57
48
45
36
57
72
67
65
29
42_54_54_82_82
41_53
45
57
60
48
65
72
42
29
36_54_54_82_82
53
60
41
57
48
45
36
65
72
36_42_54_54_82_82
41
45
29
65
36
72
48
42
54_54_82_82
41
64
29
67
57_60
45
53
45
29
41
65
72
40_46_54_54_82_82
29
60
53
41
57
48
45
59
59
65
72
40
46
54_54_82_82
41
62
64
29
45
65
72
62
42_54_54_82_82
41
60
29
48
65
72
42
57
53
60
45
48
54_54_82_82
41
45
48
29
36_36_36_42_48_48_52_53_54_54_55_57_60_65_77_77_82_82
29
77
41
72
72
69_77
60
67
57_64
55
48
52
36
42
77
72
54_54_82_82
48
52
77
42_54_54_82_82
72
48
55_72
77
42
52
54_54_82_82
60
64
36
67
48
52
76
36_40_46_54_54_64_65_76_76_77_77_82_82
72
67
60
48_64
55
52
40
72
76
46
54_54_82_82
52
55
55
52
36
42_54_54_72_82_82
76
60
64
55
67
52
72
48
76
42
36
36_54_54_82_82
48
67
52_55_60
64
36
60
67
76
36_72
42_54_54_54_82_82_82
60
48_64
55
67
52
72
76
42
36
36_54_54_54_82_82_82
48
67
60
55_64
52
65
65
36
36
72
76
36_36_42_54_54_82_82
48
55
52
72
36
76
48
55
42
52
64
67
54_54_82_82
67
64
60
48
55
52
72
76
40_46_54_54_54_82_82_82
67
60
64
48
55
52
72
76
40
46
64
62
54_54_54_82_82_82
48
62
36
72
76
42_54_54_82_82
62
36
48
72
76
52
55
42
64
52
54_54_82_82
55
48
67
60
55
52
47_48
35_36
77
36
71
35
36_42_48_54_54_64_65_76_76_77_77_82_82
77
71
72
59
67
64
55
52
47_47_72
36_77
71
42
77
71
54_54_82_82
47
77
42_54_54_82_82
71
47
55
71
52
77
42
52
55
35_54_54_82_82
59
64
67
47
55
52
76
40_46_54_54_64_65_76_76_77_77_82_82
71
59
35_67
47_64
55
52
40
71
76
46
54_54_82_82
47
52
35
47
42_54_54_71_82_82
52_76
64
59
67
71
76
55
62
42_52
47
35
36_54_54_82_82
67
47_59
64
52
55
36
35
76
67
71
42_54_54_82_82
59
64
47
67
55
52
71
76
42
35
67
59_64
36_54_54_82_82
47
52
55
35
36
71
76
47
36_42_54_54_82_82
35
67
71
36
76
52
55
47
55
42
64
67
54_54_82_82
64
59
55
47
35
71
76
67
40_46_47_54_54_59_82_82
64
55
52
35
71
76
40
64
46
62
47
54_54_82_82
62
35
47
62
71
76
52
42_54_54_82_82
55
35
71
76
42
67
64
55
52
59
54_54_82_82
55
47
52
47
45
33
60
33
35
62
35
57
60_64
36_42_45_54_54_55_57_64_65_72_76_76_77_77_82_82
52_77
48
43
45
69
47_72
36
42
77
69
43
54_54_82_82
45
45
48
77
42_54_54_82_82
69
52
69
77
42
48
52
60
54_54_82_82
57
33
64
45
52
48
33
64
57_60
76
52
40_45_46_54_54_64_65_76_76_77_77_82_82
69
48
40
69
76
46
54_54_82_82
48
52
52
60
48
42_54_54_69_82_82
33
76
60
57
64
48
52
45
69
76
42
33
60
64
45
57_60
36_54_54_82_82
52
48
36
33
60
67
76
45
69
42_54_54_82_82
64
48_57
52
60
69
76
42
33
45
57
64
60
52
48
36_54_54_82_82
36
67
48
64_69
76
45
36_42_54_54_82_82
52
36
69
33
76
64
42
45
64
52
60
33
57
48
54_54_82_82
64
48
52
45
33
33
64
57_69
60_76
40_46_54_54_82_82
45
52
48
40
69
76
46
45
54_54_82_82
62
64
48
62
33
69
45_76
42_54_54_82_82
62
52
33
69
76
42
52
48
64
60
57
54_54_82_82
45
52
48
31
33
43
33_45
74
31
67
55_62
59
36_42_45_50_52_54_54_55_57_59_62_64_71_72_76_76_79_82_82
43_74
50
47
67
36_74
67
42
74
67
54_54_82_82
43
47
43
74
42_54_54_82_82
67
50
67
74
42
47
59
55
62
43
31
54_54_82_82
47
62
62
31
59
43_55
50
47
74
40_46_54_54_82_82
67
64
40
67
74
46
50
43
54_54_82_82
64
47
43
50
31
64
55
59
50
42_54_54_67_82_82
62
74
43
67
74
42
31
62
55
59
43
50
47
36_54_54_82_82
36
55
59
43
50
62
31_47
74
67
42_54_54_82_82
65
64
67
74
42
31
62
55
43
59
50
47
36_54_54_82_82
36
47
50
65
67
74
36_42_54_54_82_82
64
31
67
36
74
50
31
42_59
55
62
43
50
54_54_82_82
31
31
64
62
62
55
59
50
67
74
43_47
40_46_54_54_82_82
67
74
40
46
43
54_54_82_82
47
31
62
60
31
43
67
74
42_54_54_82_82
50
59
67
74
62
55
42
47
50
31
43
54_54_82_82
50
47
43
29
41
29
60
53
57
41
45
36_42_48_48_50_53_54_54_55_57_59_60_60_69_71_77_79_82_82
72
31
65
62
36
42
72
65
54_54_82_82
41
45
41
72
42_54_54_82_82
65
48
65
72
42_45
57
53
41
60
54_54_82_82
29
45
29
60
53
57
41
48
45_72
40_46_54_54_82_82
65
40
65
72
46
54_54_82_82
45
60
48
48
45_55
42_54_54_65_82_82
72
57
45
53
48
60
41
55
65
72
42
29
60
53
57
41
48
45
36_54_54_82_82
29
55
36
55
53
57
41
60
72
48
45
65
42_54_54_82_82
55
65
72
29
42
60
53
57
41
48
45
36_54_54_82_82
29
36
55
41
65
45
72
64
36_42_54_54_82_82
48
65
36
72
41
42
48
45
57
60
53
48_54_54_82_82
45
29
41
29
60_65
72
53_57
40_46_54_54_82_82
48
41
45
65
72
40
46
41
54_54_82_82
65
72
42_54_54_82_82
41
45
62
48
64
65
72
57
42
60
45
53
48
41
54_54_82_82
45
48
31
31
29
43
74
41_67
29
36_42_48_50_53_54_54_55_57_59_59_60_62_69_71_77_79_82_82
74
43
55_67
62
59
50
47
60
36_74
67
42
74
67
54_54_82_82
43
47
50
74
42_54_54_82_82
67
43
67
74
42
47
59
62
55
50
43
31
54_54_82_82
50
47
74
31
40_46_54_54_82_82
67
62
55
59
43
50
47
40
67
74
46
47
50
54_54_82_82
43
62
55
43
31
50
47
42_54_54_67_82_82
74
59
55
47
50
62
43_55
67
74
42
31
55
36_54_54_82_82
59_62
55
43
50
47
36
55
55
59
55
74
62
31_43_67
42_54_54_54_82_82_82
50
47
67
74
42
31
62
55
59
43
36_54_54_54_82_82_82
50
47
36
65
55
67
74
36_42_54_54_82_82
43
50
47
31
67
36
74
43
50
42
47
62
50
59
47
54_54_82_82
55
43
31
67
74
40_46_54_54_54_82_82_82
62
55_59
50
43
47
67
74
40
46
43
54_54_54_82_82_82
31
47
65
64
65
50
43
67
65_74
42_54_54_82_82
31
67
74
59
42
47
62
50
55
43
54_54_82_82
47
50
31
33
31
45_57
60
36_42_43_45_50_52_54_54_55_57_57_59_60_62_64_71_72_79_81_82_82
76
59
52
33
48
69
36
42
76
69
54_54_82_82
45
48
45
76
42_54_54_82_82
69
52
69
76
48
42
60
45
57
54_54_82_82
64
33
52
52
48
64
76
40_46_54_54_82_82
62_69
64
57
60
45
52
48
33
40
69
76
46
45
54_54_82_82
48
62
42_54_54_69_82_82
45_76
60
52
69
76
42
48
60
52
36_54_54_82_82
45
57
64
52
48
36
33
74
31
31
67
42_50_52_54_54_55_55_57_59_60_60_62_71_72_79_81_82_82
43_55_59_62
43
47_50
62
33
45
67
74
42
57
55
47
31
59
50
36_54_54_82_82
43
62
55
36
31
62
67
74
62
55
36_42_54_54_55_82_82
59
50
43
47
64
45
45
36
67
74
42
54_54_82_82
43
47
67
74
43
40_46_50_53_54_54_55_57_59_60_62_82_82
47
40
67
74
59
43
55_62
46
50
47
54_54_82_82
57
29_64
65
72
31
29
60
53_57
42_54_54_82_82
41_55
41_48
45
60
43
31
43_43
65
72
69_71_77_79
42
54_54_82_82
57
72
65
36_42_48_48_53_53_54_54_57_57_60_60_60_82_82
29
72
41
65
29_41
36_72
29
42
72
65_65
45_54_54_82_82
53
57
60
41
48
72
42_54_54_82_82
65
48
65
72
42_45
41
41
54_54_82_82
45
29
60
53
57
41
48
45_72
40_46_54_54_82_82
65
40
65
72
46
54_54_82_82
45
60
48
48
45_55
42_54_54_65_82_82
72
57
45
53
48
60
41
55
65
72
42
29
60
53
57
41
48
45
36_54_54_82_82
29
55
36
55
53
57
41
60
72
48
45
65
42_54_54_82_82
55
65
72
29
42
60
53
57
41
48
45
36_54_54_82_82
29
36
55
41
65
45
72
64
36_42_54_54_82_82
48
65
36
72
41
42
48
45
57
60
53
48_54_54_82_82
45
29
41
29
60_65
72
53_57
40_46_54_54_82_82
48
41
45
65
72
40
46
41
54_54_82_82
65
72
42_54_54_82_82
41
45
62
48
64
65
72
57
42
60
45
53
48
41
54_54_82_82
45
48
31
31
29
43
74
67
36_42_48_50_53_54_54_55_57_59_59_60_62_82_82
74
43
55_67
62
69_77
59
50
47
60
29_41
36_74
67
42
74
67
54_54_82_82
43
47
50
74
42_54_54_82_82
67
43
67
74
42
47
59
62
55
50
43
31
54_54_82_82
50
47
74
31
40_46_54_54_82_82
67
62
55
59
43
50
47
40
67
74
46
47
50
54_54_82_82
43
62
55
43
31
50
47
42_54_54_67_82_82
74
59
55
47
50
62
43_55
67
74
42
31
55
36_54_54_82_82
59_62
55
43
50
47
36
55
55
59
55
74
62
31_43_67
42_54_54_82_82
50
47
67
74
42
31
62
55
59
43
36_54_54_82_82
50
47
36
65
55
67
74
36_42_54_54_82_82
43
50
47
31
67
36
74
43
50
42
47
62
50
59
47
54_54_82_82
55
43
31
67
74
40_46_54_54_82_82
62
55_59
50
43
47
67
74
40
46
43
54_54_82_82
31
47
65
64
65
50
43
67
65_74
42_54_54_82_82
31
67
74
59
42
47
62
50
55
43
54_54_82_82
47
50
31
33
31
45_57
60
36_42_43_45_50_52_54_54_55_57_57_59_60_62_64_82_82
76
59
52
33
48
69
36
42
76
69
54_54_82_82
45
48
45
76
42_54_54_82_82
69
52
69
76
48
42
60
45
57
54_54_82_82
64
33
52
52
48
64
76
40_46_54_54_82_82
62_69
64
57
60
45
52
48
33
40
69
76
46
45
54_54_82_82
48
62
42_54_54_69_82_82
45_76
60
52
69
76
42
48
60
52
36_54_54_82_82
45
57
64
52
48
36
33
74
31
31
67
42_50_52_54_54_54_55_55_57_59_60_60_62_82_82_82
43_55_59_62
43
47_50
62
33
45
67
74
42
57
55
47
31
59
50
36_54_54_54_82_82_82
43
62
55
36
31
62
67
74
62
55
36_42_54_54_55_82_82
59
50
43
47
64
45
45
67
36
74
42
54_54_82_82
43
47
67
74
43
40_46_50_53_54_54_54_55_57_59_60_62_82_82_82
47
67
74
40
59
43
55_62
46
50
47
54_54_54_82_82_82
57
29_64
65
72
31
29
60
53_57
42_54_54_82_82
41_55
41_48
45
60
43
31
43_43
65
72
42
54_54_82_82
57
72
65
36_42_48_48_53_53_54_54_57_57_60_60_60_82_82
29
72
41
65
29_41
72
36
29
42
72
65_65
45_54_54_82_82
53
57
60
41
48
72
42_54_54_82_82
65
48
65
72
42_45
41
41
54_54_82_82
45
29
60
53
57
41
48
45_72
40_46_54_54_82_82
65
40
65
72
46
54_54_82_82
45
48
48
60
45_55
42_54_54_65_82_82
72
57
45
53
48
60
41
55
65
72
42
29
60
53
57
41
48
45
36_54_54_82_82
29
55
36
55
53
57
41
60
72
48
45
65
42_54_54_82_82
55
65
72
29
42
60
53
57
41
48
45
36_54_54_82_82
29
36
55
41
65
45
72
64
36_42_54_54_82_82
48
36
65
72
41
42
48
45
57
60
53
48_54_54_82_82
45
29
41
29
60_65
72
53_57
40_46_54_54_82_82
48
41
45
40
65
72
46
41
54_54_82_82
65
72
42_54_54_82_82
41
45
62
48
64
65
72
57
42
60
45
53
48
41
54_54_82_82
45
48
31
31
29
43
74
67
36_42_48_50_53_54_54_55_57_59_59_60_62_82_82
74
43
55_67
62
59
50
47
29_41
60
36_74
67
42
74
67
54_54_82_82
43
47
50
74
42_54_54_82_82
67
43
67
74
42
47
59
62
55
50
43
31
54_54_82_82
50
47
74
31
40_46_54_54_82_82
67
62
55
59
43
50
47
40
67
74
46
47
50
54_54_82_82
43
62
55
43
31
50
47
42_54_54_67_82_82
74
59
55
47
50
62
43_55
67
74
42
31
55
36_54_54_82_82
59_62
55
43
50
47
36
55
55
59
55
74
62
31_43_67
42_54_54_82_82
50
47
67
74
42
31
62
55
59
43
36_54_54_82_82
50
47
36
65
55
67
74
36_42_54_54_82_82
43
50
47
31
67
36
74
43
50
42
47
62
50
59
47
54_54_82_82
55
43
31
67
74
40_46_54_54_82_82
62
55_59
50
43
47
67
74
40
46
43
54_54_82_82
31
47
65
64
65
50
43
67
65_74
42_54_54_82_82
31
67
74
59
42
47
62
50
55
43
54_54_82_82
47
50
31
33
31
45_57
60
36_42_43_45_50_52_54_54_55_57_57_59_60_62_64_82_82
76
59
52
33
48
69
36
42
76
69
54_54_82_82
45
48
45
76
42_54_54_82_82
69
52
69
76
48
42
60
45
57
54_54_82_82
64
33
52
52
48
64
76
40_46_54_54_82_82
62_69
64
57
60
45
52
48
33
40
69
76
46
45
54_54_82_82
48
62
42_54_54_69_82_82
45_76
60
52
69
76
42
48
60
52
36_54_54_82_82
45
57
64
52
48
36
33
74
31
31
67
42_50_52_54_54_55_55_57_59_60_60_62_82_82
43_55_59_62
43
47_50
62
33
45
67
74
42
57
55
47
31
59
50
36_54_54_82_82
43
62
55
36
31
62
67
74
62
55
36_42_54_54_55_82_82
59
50
43
47
64
45
45
36
67
74
42
54_54_82_82
43
47
67
74
43
40_46_50_53_54_54_55_57_59_60_62_82_82
47
40
67
74
59
43
55_62
46
50
47
54_54_82_82
57
29_64
65
72
31
29
60
53_57
42_54_54_82_82
41_55
41_48
45
60
43
31
43_43
65
72
42
54_54_82_82
72
65
36_42_54_54_82_82
29
41
41
36_72
29
29
42
65
45_54_54_82_82
29
53
45
57
60
29
48
72
42_54_54_82_82
65
45
29
45
48
60
53_57
65
72
42
57
53
60
45
48
29
41
54_54_82_82
29
72
40_46_54_54_82_82
65
60
53
41
57
48
45
43
43
40
65
72
46
54_54_82_82
60
41
45
41
42_54_54_65_82_82
72
29
65
57
72
53
60
48
42
41
29
36_54_54_82_82
41
53_60
57
48
45
36
72
65
29
42_54_54_54_82_82_82
41_53
45
57
60
48
65
72
42
29
36_54_54_54_82_82_82
53
60
41
57
48
45
36
65
72
36_42_54_54_82_82
41
45
29
65
36
72
48
42
54_54_82_82
41
29
57_60
45
53
45
29
41
65
72
40_46_54_54_54_82_82_82
29
60
53
41
57
48
45
59
59
65
72
40
46
54_54_54_82_82_82
41
29
45
65
72
42_54_54_82_82
41
29
48
65
72
42
57
53
60
45
48
54_54_82_82
41
45
48
29
50
74
67
36_42_50_54_54_55_59_59_59_62_82_82
53_55_57_60
57
41_43_43_62
36_74
29_31
42
67
54_54_82_82
31
47
31
50
74
42_54_54_59_82_82
67
47
31
55
47
43_50_62
62
55_59
67
74
42
59
55
62
47
50
31
54_54_82_82
31
74
40_46_54_54_82_82
67
62
55
43
59
50
47
45
45
40
67
74
46
54_54_82_82
43
47
43
42_54_54_67_82_82
74
31
67
59
74
55
62
50
42
43
36
31
57
54_54_82_82
43
36_55_62
59
50
47
57
74
67
67
31
42_54_54_82_82
43_55
47
59
62
50
67
74
42
31
54_54_82_82
40
55
62
43
59
50
47
40
40
67
74
42_54_54_82_82
40
40
43
47
31
67
74
40
50
42
54_54_82_82
43
40
64
31
67
59_62
47
55
47
40
31
43
67
74
46_54_54_82_82
40
31
62
55
43
59
50
47
61
61
67
74
46
40
40
54_54_82_82
43
62
64
31
40
47
67
74
62
40
42_54_54_82_82
43
60
31
50
67
40
74
42
59
55
62
47
50
54_54_82_82
43
47
50
50_55_59_62
31
43
31
48_52_54_54_55_59_59_60_64_67_82
48
48
54_54
52
55
48_54_54_59_60
52_54_54_55
64
67
60
55
48
52
48_52_54_54_55_60_60_64_67_67
48
54_54
48_52_54_54_59_67
55
52_54_54_55
48
60
64
67
55
52
60
47
47_52_54_54_54_55_59_59_60_64_67
48
54_54_54
47
52
64
59_67
55
47_52_54_54_55_59_60_64_67_67
54_54
52
52_54_54_54_59_67
67
64
47
59
55
52
54_54_54
45_48_52_54_54_57_59_60_60_64
45
54_54
47
45
54_54_60_67
48
52
45_52_54_54
52
48_52_54_54_59_67
60
57
45
64
52
48
54_54
45_48_52_54_54_57_59_60_60_64
45
54_54
48
45_54_54_60_67
52
60
57
64
45
45_48_52_54_54_57_60_64
45
54_54_59_67
45
48
60
50
52
64
57
52
50
45_48_52_54_54_57_60_64
45_54_54_59_60
48
45
45
52
54_54
60
64
57
50
45_48_52_54_54_57_60_60_64_67
52
48
52
50
54_54
45
45_54_54_59_67
52
60
64
48_52_54_54
57
45
52
48
52
43_47_50_54_54_55_59_59_60_62
43
54_54
43
47
43_47_54_54_60_67
50
59
47
50_54_54_55
62
43
50
43_47_50_54_54_55_59_59_62_67
47
43_54_54
43
43
54_54_59_60
50
55
59
62
43_47_50_54_54_55_59_62
54_54_54_60_67
55
47
59
62
50
43
43_47_50_54_54_54_55_59_62
54_54_59_67
47
43
43_54_54
55
62
59
50
43
47_50_54_54_54_55_59_59_60_62
43
47
54_54_54
50
47_54_54_60_67
59
62
55
50_54_54
47
43
50
43
41
41_45_48_53_54_54_57_59_60_67
54_54
41
45
41_54_54_59_60
45_54_54
57
41
53
60
48
45
41_45_48_53_54_54_57_60_60_67
54_54
41
45
41_54_54_59_67
57
53
48
60
41
41_45_48_53_54_54_57_60
41
41
54_54_59_60
41
53
45
57
60
48
41_45_48_53_54_54_57_60
41_54_54_60_67
45
41
41
48
54_54
53
57
60
41
41
41_45_48_53_54_54_57_59_60_67
45
41
45_54_54
45
41_54_54_59_60
48
57
53
45_48_54_54
60
41
48
45
43_47_50_54_54_55_59_59_60_62
43
41
43
54_54
47
43_54_54_59_60
50
59
55
47_50_54_54
62
50
43
47
43_47_50_54_54_55_59_60_62_67
47
54_54
43
50
43_50_54_54_59_67
59
55
50
62
43
43_47_50_54_54_55_59_62
43
54_54_54_59_60
43
43
47
59
50
55
62
43_47_50_54_54_54_55_59_62
47
54_54_60_67
50
43
43_54_54
43
55
59
62
47_50_54_54_54_55_59_59_62_67
43
47
54_54_54
50
55
59
54_54_59_60
62
47_50_54_54
43
50
47
43
48
48_52_54_54_55_59_60_60_64_67
48
54_54
52
55
48_54_54_59_60
52_54_54_55
64
67
60
48
55
52
48_52_54_54_55_60_60_64_67_67
54_54
48
52
55
48_54_54_59_67
52_54_54_55
64
67
60
55
48
52
48
47_47_52_54_54_55_59_59_59_64_67
52
55
59_67
47_64
54_54
47_52_54_54_55_59_59_64_67_67
52
54_54
52_54_54_59_67
67
47
64
55
59
52
54_54
45_47
45_48_52_54_54_57_59_60_60_64
45
45_54_54
45
48
52
45_54_54_60_67
48_52_54_54
52_60
48
57
64
48_52_54_54_59_67
52
48
45
54_54
45_48_52_54_54_57_59_60_60_64
48
52
54_54
45
45_52_54_54_60_67
57
60
64
52
45
45_48_52_54_54_57_60_64
48
57
50
54_54_54_59_67
60
64
45
45
52
52
50
45_48_52_54_54_54_57_60_64
48
54_54_59_60
45
52
45_52_54_54
57
60
64
52
45
50
52
45_48_52_54_54_54_57_60_60_64_67
48
52
50
45_54_54_54
45_54_54_59_67
52
64
60
57
48_52_54_54
45
52
48
48_52_54_54_55_59_60_60_64_67
52
48
54_54
48
52
48_54_54_60_67
55
64
52_54_54
67
60
48
52
48_52_54_54_55_59_60_64_67_67
48
54_54
52
48_54_54_59_60
64
55
52_54_54_55
67
60
48
55
52
48
47_52_54_54_55_59_59_60_64_67
47
54_54
59_67
47_64
55
52
47_52_54_54_55_59_59_60_64_67
54_54
47
47_54_54_60_67
67
59
64
55
47
52
54_54
47
45
45_48_52_54_54_57_59_60_64_67
54_54
48
45
52
54_54_59_60
45_54_54
48_52_54_54_60_67
60
57
64
48_52
45_54_54
45_48_52_54_54_57_59_60_64_67
54_54
48
45
52
45_54_54_59_67
60
57
64
45
45_48_52_54_54_57_60_64
54_54_54_59_67
57
50
48
60
45
52
45
64
52
50
45_48_52_54_54_54_57_60_64
48
54_54_59_60
52
45
45_54_54
60
57_64
48_52_54_54_54_57_60_60_64_67
50
52
48
52
50
54_54_54
52
64
48_54_54_59_67
60
57
45
52_54_54
48
52
48
48_52_54_54_55_59_59_60_64_67
52
54_54
48
52
48_54_54_59_60
55
64
52_54_54
67
60
48
52
48_52_54_54_55_60_60_64_67_67
48
54_54
52
48_54_54_59_67
64
55
52_54_54_55
67
60
48
55
52
48
47
47_52_54_54_55_59_59_60_64_67
54_54
59_67
47_64
55
52
47_52_54_54_55_59_60_64_67_67
54_54
47
47_54_54_59_67
67
59
64
55
47
52
54_54
47
45
45_48_52_54_54_57_59_60_60_64
54_54
48
45
52
54_54_60_67
45_54_54
48_52_54_54_59_67
60
57
64
48_52
45_54_54
45_48_52_54_54_57_59_60_60_64
54_54
48
45
52
45_54_54_60_67
60
57
64
45
45_48_52_54_54_57_60_64
45
54_54_54_59_67
57
48
60
45
50
52
64
52
50
45_48_52_54_54_54_57_60_64
48
54_54_59_60
52
45
45_54_54
60
57_64
50
48_52_54_54_54_57_60_60_64_67
52
48
52
50
54_54_54
52
64
48_54_54_59_67
60
57
45
52_54_54
48
52
43_47_50_54_54_55_59_59_59_62
43
52
47
50
50_54_54
43
50
43_54_54_59_60
59
62
55
47_50_54_54
43
50
47
43_47_50_54_54_55_59_60_62_67
47
50
54_54
47_54_54_59_67
55
59
62
43
47
43_47_50_54_54_55_59_62
50
47
54_54_59_60
43
62
55
59
43_47_50_54_54_55_59_62
43
47
54_54_60_67
43_54_54
62
50_59
55
43
43_47_50_54_54_55_59_59_62_67
43
54_54
47
50
43_54_54_59_60
47_54_54
43
59_62
55
47
43
43_47_50_54_54_55_59_59_60_62
43
47
50
43
50_54_54
50
43_54_54_59_60
55_59
62
47_50_54_54
43_50
47
43_47_50_54_54_55_59_60_62_67
47
50
54_54
47_50_54_54_59_67
62
59
55
43
47
43_54_54_55_59_62
50
43
55
59_62
54_54_54_59_60
43_47_50_54_54_54_55_59_62
54_54_60_67
43
47
50
43_47_50_54_54
62
55_59
47
50
43
43_47_50_54_54_54_55_59_59_62_67
54_54_54
47
43
43_54_54_59_60
50
48_54_54_62
48
59
55
48
43
43
52
52
48
59
55
48_52_54_55_59_60_67
67
55
59
67
55
48_67
59
48_52_55_59_67
52
55
59
67
52
48
48
52
59
55
67
48_67
59
55
52
