64
52_76
88
88
95
95
88_93
88_93
47_64_69
57_95
52
95
93
93
69
48_57_71
59
47
88
88
95
95
88_93
48
88_93
59
48_64
52_95
71
95
93
93
52
54_64_66
55_67_98
66
54
76
98
48
57_67_76
45_55
69
95_98
95_98
88
88
95
95
95
95
88
88
76
93_95
78
45_93_95
47
93
93
78
79
98
98
48
47
95_98
95_98
88
88
95
95
95
95
88
48_88
47
93_95
93_95
79
57
40_47_81
74
69
62
93
93
83
81
74
83
40
62
38
38
38
38
43_62_74_74
36_55_67
36
55
71
62
67
71
74
43
43_74
36
36
74
42
42
62
67
71
62
67
71
43
39
39
39_43
39
38_42
38_42
43
62
40_66
42
42
36
36
69
62_66
69
40
62
43_67
36_42_71
36_42
43
42
42
47_72
62_67
71
72
39
39
39_74_76
39
38_42
38_42
71_74_76
42
42
47
74
59
36
36
40_64_71_71
42
42
67
64
59_67
71
40
36
36
40_71
71
42_71
42
59
64
67
59
64_67
40
39
39
39
39
38
38_40
42
42
40
59
42
38_42_62
36
36_66
59_62
66
38
59
36
36
40_42_64
42
67
59
64_67
72
59
40_64
42
42
67
59
64_67
39
39
39
39
38
38
42
42
72
71
46
46
44
44
62
36
36
43_67_74_74
71
62
67
71
74
43
36
36
43_74
74
42
42
62
67_74_76
71
67
62_71
43
39
39
38_42
38_42
39
39
43_74_76
43
62
36_42
36_42
66
40_69
69
62_66
40_74_76
42
42
36_62
36
43_67_74_76
71
42
42
43
47_72
71
67
62
72
39
39
42
42
38
38
39_74_76
39
42
42
71_74_76
47
74
36_42
36_42
40_71
71
40
36
36
40_71_71
71
42_59
42
64_71
67
59_64
67
59
64
67
59
64_67
40
39
39
39
39
38_42
38_42
40
40
36_42_59
36_42
38_62
66
59_62
66
38
36_42_59
36_42
40_64
67
64
59
67
72
59
40_64
42_67
42
59
64
67
39
39
38_39
38_39
42
42
72
71
46
46
62
43_67_74_74
36_55_71
36
55
67
62_71
74
43
43_74
36
36
74
42
42
62
67
71
62_67
43_71
39
39
39
39
43
38_42
38_42
43
62
40_66
42
42
69
36
36
62_69
66
40
62
43_67
36_42_71
36_42
43
42
42
67
47_72
71
62
72
39
39
39
39
74_76
38_42
38_42
71_74_76
42
42
47
74
59
36
36
40_64_71_71_88
42
42
67
59
64_67
71
40
36
36
40_71
71
42_71_83_88
42
59
64
67
64
59
67
40
39
39
39
39
38
38_40_83_86
42
42
40
59
62
42
38_42_81_86
36
36_66
59_62
66
38
59
36
36
40_42_64
42
67
59_64
67
72
59
40_64
42
42
67
67
59_64
39
39
39
39
38
38
42
42
72
71
46
46
44_62
44
67
36
36
43_71_74_74_81
62_67
71
74
43
36
36
43_74
74
42
42
62
67_74_76
71
62_67
71
43
39
39
38_42
38_42
39_43_74_76
39
43
36_42
36_42
62
40_66
69
66
69
62
40_74_76
42
42
36_62
36
43_67_74_76
71
42
42
43
47_72
62
71
67
72
39
39
42
42
38
38
74_76
39
39
42
42
71_74_76
47
74
36_42
36_42
40_71_88
71
40
36
36
40_71_71
71
42_59
42
64_71_83_88
67
59_64
67
59
64
67
59
64
40
67
39
39
38_39_42
39
38_42
40_83_86
40
59
36_42
36_42
38_62_81_86
66
59_62
66
38
71
36_42_59
36_42
40_64
67
59_64
67
72
59
40_64_74
42_67
42
59
64
67
74
39
39
38
38
76
42
42
39
39
72
76
46
46
74
74
43_62_74_81_83
36_55_67
36
55
71
62
67
71
74
43
43_74
36
36
74
42
42
62
67
71
83
62
67
71
43
39
39
39_43_83
39
38_42
38_42
43
62
40_66
42
42
36
36
69
62_66
69
40
83
62
43_67_81
36_42_71
36_42
81
43_79
42
42
47_72
62_67
71
72
39
39
79
39_81
39
38_42
38_42
74
42
42
47
74
81
59
36
36
40_64_71_83
42
42
67
64
59_67
71
40
36
36
40_71
71
42_83_86
42
59
64
67
59
64_67
86
40
39
39
39
39
38
38_40_83
42
42
40
83
59
42
38_42_62_81
36
36_66
59_62
66
38
81
59
36
36
40_42_64_81
42
67
59
64_67
72
59
40_64_79_81
42
42
67
59
64_67
39_79
39
39
39
38
38
81
42
42
72
46
46
81
44
44
62
36
36
43_67_74_83
71
62
67
71
74
43
36
36
43_74
74
83
42
42
81
62
67
71
67
62_71
81
43
39
39
38_42
38_42
39
39
43_83
43
62
36_42
36_42
66
40_69_81_83
69
62_66
40
81
42
42
36_62
36
43_67_81
71
42
42
43_79_81
47_72
71
67_79
62
72
39
39
42
42
38
38
39_79
39
42
42
74_79_83
47
74
36_42
36_42
40_71_81
83
71
40
36
36
40_71_79
81
71
42_59
42
64_76
67
79
59_64
67
59
64_74
67
76
59
64_67
40
39
39
39
39
38_42
38_42
40
40
36_42_59
36_42
38_62_74_76
66
59_62
66
38
36_42_59
36_42
40_64_76
67
64
59
67
72
59
40_64_74
42_67
42
59
64
67
39
39
38_39
38_39
74_76
42
42
72
76
46
46
74
74
62
42_43_67_74_83
42
36_71
36
67
62_71
74
43
43_74
36
36
74
42
42
62
67
71
83
62_67
43_71
39
39
39
39
43_83
38_42
38_42
43
62
40_66
42
42
69
36
36
62_69
66
40
83
62
43_67_81
36_42_71
36_42
81
43_79
42
42
67
47_72
71
62
72
39_79
39
39
39
81
38_42
38_42
74
42
42
47
74
81
59
36
36
40_64_71_83
42
42
67
59
64_67
71
40
36
36
40_71
71
42_83_86
42
59
64
67
64
59
86
67
40
39
39
39
39
38
38_40_83
42
42
40
83
59
62
42
38_42_81
36
36_66
59_62
66
38
81
59
36
36
40_42_64_81
42
67
59_64
67
72
59
40_64_79_81
42
42
67
67
59_64
79
39
39
39
39
38
38
81
42
42
72
46
46
81
44_62
44
67
36
36
43_71_74_83
62_67
71
74
43
36
36
43_74
74
83
42
42
81
62
67
71
62_67
71_81
43
39
39
38_42
38_42
39_43_83
39
43
36_42
36_42
62
40_66_81_83
69
66
69
62
40
81
42
42
36_62
36
43_67_81
71
42
42
43_79_81
47_72
62
71
67_79
72
39
39
42
42
38
38
79
39
39
42
42
74_79_83
47
74
36_42
36_42
40_71_81
83
71
40
36
36
40_71_79
81
71
42_59
42
64_76
67
79
59_64
67
59
64_74
67
76
59
64
40
67
39
39
38_39_42
39
38_42
40
40
59
36_42
36_42
38_62_74_76
66
59_62
66
38
36_42_59
36_42
40_64_76
67
59_64
67
72
59
40_64_74
42_67
42
59
64
67
39
39
38
38
74_76
42
42
39
39
72
76
46
46
74
74
43_55_59_59_62_62_67_67_74_74_86
36_55_62_67
36
55
71
62
67
71
74
43
43_74
36
36
74
42
42
74
62
67
71
62
67
71
43
59_67
62
39
39
59
39_43_62_74
39
38_42_67
38_42
43
62
40_66
42
42
36
36
69
62_66
69
40
74
59
62
67
62
59
43_62_67_71
36_42_66_71
36_42
71
43_72
42
42
47_72
62_67
71
72
39
39
72
39_74
39
38_42
38_42
74
74_76
42
42
47
74
59
62
66
59_66
36
36
40_59_62_64_64_71_83_86_88
42
42
62_67
64
59_67
71
40
36
36
40_71
71
42_74_76_83_88
42
59
64
67
59
64_67
40
39
39
39
39
38
38_40_83_86
42
42
40
74
59
42
38_42_62_71_81_86
36
36_66
59_62
66
38_71
59
62_66
59_67
36
36
40_42_59_64_64_71
42
67
59
64_67
72
59
40_64_71_72
42
42
67
59
64_67
39
39
39
39
38
38
72_74
42
42
72
74
46
46
74
59_67
64
44
44
62_67
36
36
43_62_62_64_67_74_81_83_86
59_71
62
67
71
74
43
36
36
43_74
72_74
74
42
42
71_72
62
67
71
67
62_71
43
62
67
39
39
59
38_42
38_42
39_67
39
43_59_71_74
62
43
72_74
62
36_42
36_42
66
40_69_71_72
69
62_66
40
71
67
59
42
42
36_59_62_62
36
43_62_67_71
66_71
71
42
42
43_72
47_72
71
67
62
72
39
39
72
42
42
38
38
39_74
39
42
42
72_74_74
47
74
62
59_66
36_42_66
36_42
59_62
40_62_64_71_83_86_88
71
40
36
36
40_71
72
71
42_59
42
64_71_83_88
67
59_64
67
59
64
67
59
64_67
40
39
39
39
39
38_42
38_42
40_83_86
40
36_42_59
36_42
38_62_81_86
66
59_62
66
71
38
59
66
62
36_42_59_59
36_42
67
40_64_64_71
67
64
59
67
72
59
40_64_71_74
42_67
42
59
64
67
74
39
39
38_39
38_39
69
42
42
72
79
79
69
46
46
45
45_67_78
78
79
79
64_67
59
67
62
42_43_55_55_59_59_59_62_64_67_67_67_67_74_74_78_81_83_86
42
36_62_71
36
67_78
62_71
74
43
43_74
36
36
74
42
42
74
62
67
71
62_67
43_71
59_67
62
39
39
59
39
39
43_62_74
38_42_67
38_42
43
62
40_66
42
42
69
36
36
62_69
66
40
74
59
62
67
59_62
43_62_67_71
36_42_66_71
36_42
71
43_72
42
42
67
47_72
71
62
72
39_72
39
39
39
74
38_42
38_42
74
74_76
42
42
47
74
59
62
66
59_66
36
36
40_59_62_64_64_71_83_86_88
42
42
62_67
59
64_67
71
40
36
36
40_71
71
42_74_76_83_88
42
59
64
67
64
59
67
40
39
39
39
39
38
38_40_83_86
42
42
40
74
59
62
42
38_42_71_81_86
36
36_66
59_62
66
38_71
59
62_66
59
67
36
36
40_42_59_64_64_71
42
67
59_64
67
72
59
40_64_71_72
42
42
67
67
59_64
39
39
39
39
38
38
72_74
42
42
72
74
46
46
74
59_67
64
44_62
44
67_67
36
36
43_62_62_64_71_74_81_83_86
59
62_67
71
74
43
36
36
43_74
72_74
74
42
42
71_72
62
67
71
62_67
71
43
62
67
39
39
59
38_42
38_42
67
39_43_59_71_74
39
62
43
72_74
36_42
36_42
62
40_66_71_72
69
66
69
62
40
71
67
59
42
42
36_59_62_62
36
43_62_67_71
66_71
71
42
42
43_72
47_72
62
71
67
72
72
39
39
42
42
38
38
74
39
39
42
42
72_74_74
47
74
62
59_66
36_42_66
36_42
59_62
40_62_64_71_83_86_88
71
40
36
36
40_71
72
71
42_59
42
64_71_83_88
67
59_64
67
59
64
67
59
64
40
67
39
39
38_39_42
39
38_42
40_83_86
40
59
36_42
36_42
38_62_81_86
66
59_62
66
38
59
66
62
36_42_59_59
36_42
67
40_64_64
67
59_64
67
72
59
40_64
42_67
42
59
64
67
71
39
39
38
38
42
42
39
39
72
79
79
46
46
78
45
45
78
79
79
64_67
59
43_55_59_62_64_67_74_74_78_81_83_86
36_55_67
36
55
71
62
67_78
71
74
43
43_74
36
36
74
62
42
42
62
64_67
71
62
62
67
71
43
39
39
39_43_67
39
38_42
38_42
64
69
43
67
62
40_66_71
42
42
36
36
69
69
62_66
69
71
40
62
71
43_67
36_42_71
36_42
69
43
42_71
42
69
47_72
62_67
71
72
39
39
69
39_74_76
39
38_42
38_42
71_74_76_83_86
42
42
47
74
69
59
36
36
40_64_71_71
42
42
67
64
59_67
71
40
36
36
40_71
71
42_62_71
42
59_64
62_64
67
59
64_67
40
39
39
39_67
39
38
38_40
42
42
64
69
40
67
59
71
42
38_42_62
36
36_66
69
59_62
66
71
38
70
59_71
36
36
40_42_64
42
67
59
64_67
70
71
72
59_74
40_64
42
42
67
59
64_67
74
68
39
39
39
39
38
38
69_83_86
42
42
68
72
71
69
67
46
46
81_86
67
44
44
62
36
36
43_67_74_74
71
62
67
71
74
43
36
36
43_74
74
62
42
42
62
64_67_74_76
71
62
67
62_71
43
39
39
38_42
38_42
39
39
43_67_74_76
64
69
43
67
62
36_42
36_42
66
40_69_71
69
69
62_66
71
40_74_76
42
42
36_62_71
36
43_67_74_76_81_83
71
42_69
42
43
71
69
47_72
71
67
62
72
39
39
42
42
38_69
38
39_74_76
39
42
42
71_74_76
47
74
69
36_42
36_42
40_71
71
40
36
36
40_71_71
71
42_59
42
62_64_71
67
59_64
67
59_64
62_64
67
59
64_67
40
39
39
39
39
38_42_67
38_42
40
64
69
40
67
36_42_59_71
36_42
38_62
66
69
59_62
66
71
38
70
36_42_59_71
36_42
40_64
67
64
59
67_70
71
72
59
74
40_64
42_67
42
59
64
67
74
68
39
39
38_39
38_39
69_83_88
42
42
68_72
71
69
46_67
46
67
62
42_43_67_74_74
42
36_71
36
67
62_71
74
43
43_74
36
36
74
62
42
42
62
64_67
71
62
62_67
43_71
39
39
39
39
43_67
38_42
38_42
64
69
43
67
62
40_66_71
42
42
69
36
36
69
62_69
66
71
40
62_71
43_67
36_42_71
36_42
69
43
42_71
42
69
67
47_72
71
62
72
39
39
39_69
39
74_76
38_42
38_42
71_74_76_83_88
42
42
47
74
69
59
36
36
40_64_71_71
42
42
67
59
64_67
71
40
36
36
40_71
71
42_62_71
42
59_64
62_64
67
64
59
67
40
39
39
39_67
39
38
38_40
42
42
64
69
40
67
59
62_71
42
38_42
36
36_66
69
59_62
66
71
38
70
59
71
36
36
40_42_64
42
67
59_64
67_70
71
72
59_74
40_64
42
42
67
67
59_64
74
68
39
39
39
39
38
38
69_83_86
42
42
72
68
71
69
67
46
46
81_86
67
44_62
44
67
36
36
43_71_74_74
62_67
71
74
43
36
36
43_74
74
62
42
42
62
64_67_74_76
71
62
62_67
71
43
39
39
38_42
38_42
39_43_67_74_76
39
64
69
43
67
36_42
36_42
62
40_66_71
69
69
66
69
62
71
40_74_76
42
42
36_62_71
36
43_67_74_76_81_83
71
42_69
42
43
71
69
47_72
62
71
67
72
39
39
42
42
38_69
38
74_76
39
39
42
42
71_74_76
47
74
69
36_42
36_42
40_71
71
40
36
36
40_71_71
71
42_59
42
62_64_71
67
59_64
67
59_64
62_64
67
59
64
40
67
39
39
38_39_42_67
39
38_42
40
64
69
40
67
59
36_42_71
36_42
38_62
66
69
59_62
66
71
38
70
36_42_59_71
36_42
40_64
67
59_64
67_70
71
72
59_74
40_64
42_67
42
59
64
67
74
68
39
39
38
38
69_83_88
42
42
39
39
68_72
71
69
46_67
46
67
43_62_74_88
36_55_67
36
55
71
62
67
71
74
43
43_74
36
36
74
86
42
42
88
86
62
67
71
62
67
71
43
39
39
39_43_86
39
38_42
38_42
43
86
62
40_66_83
42
42
36
36
69
62_66
69
40
83
62
43_67_86
36_42_71
36_42
43
42
42
86
47_72_88
62_67
71
72
39
39
39
39
38_42
38_42
88
74_88
42
42
47
74
59
36
36
40_64_71_88
42
42
67
64
59_67
71
40
36
36
40_71
71
42_86
42
88
86
59
64
67
59
64_67
40
39
39
39
39
38
38_40_86
42
42
40
59
42
38_42_62_83_86
36
36_66
59_62
66
38
83
59
36
36
40_42_64_86
42
67
59
64_67
72
59
40_64
42
42
67
59
64_67
39_86
39
39
39
38
38
81
42
42
72
79_81
46
46
79
44
44
62
36
36
43_67_74_88
71
62
67
71
74
43
36
36
43_74
74
88
42
42
86
86
62
67
71
67
62_71
43
39
39
38_42
38_42
39
39
43_86
43
62
36_42
36_42
66
40_69_83_86
69
62_66
40
83
42
42
36_62
36
43_67_86
71
42
42
43
47_72
71
67
62
72
39
39
86
42
42
38
38
39_88
39
42
42
74_83_88
47
74
36_42
36_42
40_71
71
40
36
36
40_71
71
42_59
42
64
67
59_64
67
59
64_86
67
83
59
64_67
40
39
39
39
39
38_42
38_42
40_86_88
40_86
88
86
36_42_59
36_42
38_62_88
66
59_62
66
38
36_42_59
36_42
40_64
67
64
59
67
72
59
40_64
42_67
42
59
64_88
67
39
39
38_39
38_39
42
42
72
79
79
46
46
45
45_78
78
79
79
62
42_43_67_74_78_88
42
36_71
36
67_78
62_71
74
43
43_74
36
36
74
86_88
42
42
86
62
67
71
62_67
43_71
39
39
39
39
43_86
38_42
38_42
43
62
40_66_83_86
42
42
69
36
36
62_69
66
83
40
62
43_67_83
36_42_71
36_42
43
42
42
67
47_72_81_83
71
62
72
39
39
39
39
38_42
38_42
81
74
42
42
47
74
59
36
36
40_64_71
42
42
67
59
64_67
71
40
36
36
40_71
71
42_74
42
59
64_76
67
74
64
59
67
40
39
39
39
39
38
38_40_76_79
42
42
40_79
59
62
42
38_42_76
36
36_66
59_62
66
38
76
59
36
36
40_42_64_81
42
67
59_64
67
72
59
40_64
42
42
67
67
59_64
76_81
39
39
39
39
38
38
42
42
72
46
46
76
44_62
44
67
36
36
43_71_74_88
62_67
71
74
43
36
36
43_74
74
42
42
86_88
86
62
67
71
62_67
71
43
39
39
38_42
38_42
39_43_86
39
43
36_42
36_42
62
40_66_83_86
69
66
69
62
40
83
42
42
36_62
36
43_67_86
71
42
42
43
47_72
62
71
67
72
39
39
42
42
38
38
86_88
39
39
42
42
74_83
88
47
74
36_42
36_42
40_71
71
40
36
36
40_71
83
71
42_59
42
64_81
67
59_64
67
59
64_81_83
67
59
64
40
67
39
39
38_39_42
39
38_42
40_81_83
40
59
36_42
36_42
38_62_79
66
81
59_62
66
38
79
36_42_59
36_42
40_64_83
67
59_64
67
72
59
40_64_83_88
42_67
42
59
64
67
88
39
39
38
38
81
42
42
39
39
72
79
79
81
46
46
78_79
45
45
78
79
79
43_55_59_59_62_62_67_67_74_74_78_79_86
36_55_62_67
36
55
71
62
67_78
71
74
43
43_74
36
36
74
42
42
74
62
67
71
62
67
71
43
59_67
62
39
39
59
39_43_62_74
39
38_42_67
38_42
43
62
40_66
42
42
36
36
69
62_66
69
40
74
59
62
67
62
59
43_62_67_71
36_42_66_71
36_42
71
43_72
42
42
47_72
62_67
71
72
39
39
72
39_74
39
38_42
38_42
74
74_76
42
42
47
74
59
62
66
59_66
36
36
40_59_62_64_64_71_83_86_88
42
42
62_67
64
59_67
71
40
36
36
40_71
71
42_74_76_83_88
42
59
64
67
59
64_67
40
39
39
39
39
38
38_40_83_86
42
42
40
74
59
42
38_42_62_71_81_86
36
36_66
59_62
66
38_71
59
62_66
59_67
36
36
40_42_59_64_64_71
42
67
59
64_67
72
59
40_64_71_72
42
42
67
59
64_67
39
39
39
39
38
38
72_74
42
42
72
74
46
46
74
59_67
64
44
44
62_67
36
36
43_62_62_64_67_74_81_83_86
59_71
62
67
71
74
43
36
36
43_74
72_74
74
42
42
71_72
62
67
71
67
62_71
43
62
67
39
39
59
38_42
38_42
39_67
39
43_59_71_74
62
43
72_74
62
36_42
36_42
66
40_69_71_72
69
62_66
40
71
67
59
42
42
36_59_62_62
36
43_62_67_71
66_71
71
42
42
43_72
47_72
71
67
62
72
39
39
72
42
42
38
38
39_74
39
42
42
72_74_74
47
74
62
59_66
36_42_66
36_42
59_62
40_62_64_71_83_86_88
71
40
36
36
40_71
72
71
42_59
42
64_71_83_88
67
59_64
67
59
64
67
59
64_67
40
39
39
39
39
38_42
38_42
40_83_86
40
36_42_59
36_42
38_62_81_86
66
59_62
66
71
38
59
66
62
36_42_59_59
36_42
67
40_64_64_71
67
64
59
67
72
59
40_64_71_74
42_67
42
59
64
67
74
39
39
38_39
38_39
69
42
42
72
79
79
69
46
46
45
45_67_78
78
79
79
64_67
59
67
62
42_43_55_55_59_59_59_62_64_67_67_67_67_74_74_78_81_83_86
42
36_62_71
36
67_78
62_71
74
43
43_74
36
36
74
42
42
74
62
67
71
62_67
43_71
59_67
62
39
39
59
39
39
43_62_74
38_42_67
38_42
43
62
40_66
42
42
69
36
36
62_69
66
40
74
59
62
67
59_62
43_62_67_71
36_42_66_71
36_42
71
43_72
42
42
67
47_72
71
62
72
39_72
39
39
39
74
38_42
38_42
74
74_76
42
42
47
74
59
62
66
59_66
36
36
40_59_62_64_64_71_83_86_88
42
42
62_67
59
64_67
71
40
36
36
40_71
71
42_74_76_83_88
42
59
64
67
64
59
67
40
39
39
39
39
38
38_40_83_86
42
42
40
74
59
62
42
38_42_71_81_86
36
36_66
59_62
66
38_71
59
62_66
59
67
36
36
40_42_59_64_64_71
42
67
59_64
67
72
59
40_64_71_72
42
42
67
67
59_64
39
39
39
39
38
38
72_74
42
42
72
74
46
46
74
59_67
64
44_62
44
67_67
36
36
43_62_62_64_71_74_81_83_86
59
62_67
71
74
43
36
36
43_74
72_74
74
42
42
71_72
62
67
71
62_67
71
43
62
67
39
39
59
38_42
38_42
67
39_43_59_71_74
39
62
43
72_74
36_42
36_42
62
40_66_71_72
69
66
69
62
40
71
67
59
42
42
36_59_62_62
36
43_62_67_71
66_71
71
42
42
43_72
47_72
62
71
67
72
72
39
39
42
42
38
38
74
39
39
42
42
72_74_74
47
74
62
59_66
36_42_66
36_42
59_62
40_62_64_71_83_86_88
71
40
36
36
40_71
72
71
42_59
42
64_71_83_88
67
59_64
67
59
64
67
59
64
40
67
39
39
38_39_42
39
38_42
40_83_86
40
59
36_42
36_42
38_62_81_86
66
59_62
66
38
59
66
62
36_42_59_59
36_42
67
40_64_64
67
59_64
67
72
59
40_64
42_67
42
59
64
67
71
39
39
38
38
42
42
39
39
72
79
79
46
46
78
45
45
78
79
79
64_67
59
43_55_59_62_64_67_74_74_78_81_83_86
36_55_67
36
55
71
62
67_78
71
74
43
43_74
36
36
74
62
42
42
62
64_67
71
62
62
67
71
43
39
39
39_43_67
39
38_42
38_42
64
69
43
67
62
40_66_71
42
42
36
36
69
69
62_66
69
71
40
62
71
43_67
36_42_71
36_42
69
43
42_71
42
69
47_72
62_67
71
72
39
39
69
39_74_76
39
38_42
38_42
71_74_76_83_86
42
42
47
74
69
59
36
36
40_64_71_71
42
42
67
64
59_67
71
40
36
36
40_71
71
42_62_71
42
59_64
62_64
67
59
64_67
40
39
39
39_67
39
38
38_40
42
42
64
69
40
67
59
71
42
38_42_62
36
36_66
69
59_62
66
71
38
70
59_71
36
36
40_42_64
42
67
59
64_67
70
71
72
59_74
40_64
42
42
67
59
64_67
74
68
39
39
39
39
38
38
69_83_86
42
42
68
72
71
69
67
46
46
81_86
67
44
44
62
36
36
43_67_74_74
71
62
67
71
74
43
36
36
43_74
74
62
42
42
62
64_67_74_76
71
62
67
62_71
43
39
39
38_42
38_42
39
39
43_67_74_76
64
69
43
67
62
36_42
36_42
66
40_69_71
69
69
62_66
71
40_74_76
42
42
36_62_71
36
43_67_74_76_81_83
71
42_69
42
43
71
69
47_72
71
67
62
72
39
39
42
42
38_69
38
39_74_76
39
42
42
71_74_76
47
74
69
36_42
36_42
40_71
71
40
36
36
40_71_71
71
42_59
42
62_64_71
67
59_64
67
59_64
62_64
67
59
64_67
40
39
39
39
39
38_42_67
38_42
40
64
69
40
67
36_42_59_71
36_42
38_62
66
69
59_62
66
71
38
70
36_42_59_71
36_42
40_64
67
64
59
67_70
71
72
59
74
40_64
42_67
42
59
64
67
74
68
39
39
38_39
38_39
69_83_88
42
42
68_72
71
69
46_67
46
67
62
42_43_67_74_74
42
36_71
36
67
62_71
74
43
43_74
36
36
74
62
42
42
62
64_67
71
62
62_67
43_71
39
39
39
39
43_67
38_42
38_42
64
69
43
67
62
40_66_71
42
42
69
36
36
69
62_69
66
71
40
62_71
43_67
36_42_71
36_42
69
43
42_71
42
69
67
47_72
71
62
72
39
39
39_69
39
74_76
38_42
38_42
71_74_76_83_88
42
42
47
74
69
59
36
36
40_64_71_71
42
42
67
59
64_67
71
40
36
36
40_71
71
42_62_71
42
59_64
62_64
67
64
59
67
40
39
39
39_67
39
38
38_40
42
42
64
69
40
67
59
62_71
42
38_42
36
36_66
69
59_62
66
71
38
70
59
71
36
36
40_42_64
42
67
59_64
67_70
71
72
59_74
40_64
42
42
67
67
59_64
74
68
39
39
39
39
38
38
69_83_86
42
42
72
68
71
69
67
46
46
81_86
67
44_62
44
67
36
36
43_71_74_74
62_67
71
74
43
36
36
43_74
74
62
42
42
62
64_67_74_76
71
62
62_67
71
43
39
39
38_42
38_42
39_43_67_74_76
39
64
69
43
67
36_42
36_42
62
40_66_71
69
69
66
69
62
71
40_74_76
42
42
36_62_71
36
43_67_74_76_81_83
71
42_69
42
43
71
69
47_72
62
71
67
72
39
39
42
42
38_69
38
74_76
39
39
42
42
71_74_76
47
74
69
36_42
36_42
40_71
71
40
36
36
40_71_71
71
42_59
42
62_64_71
67
59_64
67
59_64
62_64
67
59
64
40
67
39
39
38_39_42_67
39
38_42
40
64
69
40
67
59
36_42_71
36_42
38_62
66
69
59_62
66
71
38
70
36_42_59_71
36_42
40_64
67
59_64
67_70
71
72
59_74
40_64
42_67
42
59
64
67
74
68
39
39
38
38
69_83_88
42
42
39
39
68_72
71
69
46_67
46
67
43_55_59_59_62_62_67_67_74_74_86
36_55_62_67
36
55
71
62
67
71
74
43
43_74
36
36
74
42
42
74
62
67
71
62
67
71
43
59_67
62
39
39
59
39_43_62_74
39
38_42_67
38_42
43
62
40_66
42
42
36
36
69
62_66
69
40
74
59
62
67
62
59
43_62_67_71
36_42_66_71
36_42
71
43_72
42
42
47_72
62_67
71
72
39
39
72
39_74
39
38_42
38_42
74
74_76_88
42
42
47
74
59
62
66
59_66
36
36
40_59_62_64_64_71_83_86_88
42
42
62_67
64
59_67
71
40
36
36
40_71
71
42_74_76_83_88
42
59
64
67
59
64_67
40
39
39
39
39
38
38_40_83_86
42
42
40
74
59
42
38_42_62_71_81_86
36
36_66
59_62
66
38_71
59
62_66
59_67
36
36
40_42_59_64_64_71
42
67
59
64_67
72
59
40_64_71_72
42
42
67
59
64_67
39
39
39
39
38
38
72_74
42
42
72
74
46
46
74
59_67
64
44
44
62_67
36
36
43_62_62_64_67_74_81_83_86
59_71
62
67
71
74
43
36
36
43_74
72_74
74
42
42
71_72
62
67
71
67
62_71
43
62
67
39
39
59
38_42
38_42
39_67
39
43_59_71_74
62
43
72_74
62
36_42
36_42
66
40_69_71_72
69
62_66
40
71
67
59
42
42
36_59_62_62
36
43_62_67_71
66_71
71
42
42
43_72
47_72
71
67
62
72
39
39
72
42
42
38
38
39_74
39
42
42
72_74_74
47
74
62
59_66
36_42_66
36_42
59_62
40_62_64_71_83_86_88
71
40
36
36
40_71
72
71
42_59
42
64_71_83_88
67
59_64
67
59
64
67
59
64_67
40
39
39
39
39
38_42
38_42
40_83_86
40
36_42_59
36_42
38_62_81_86
66
59_62
66
71
38
59
66
62
36_42_59_59
36_42
67
40_64_64_71
67
64
59
67
72
59
40_64_71_74
42_67
42
59
64
67
74
39
39
38_39
38_39
69
42
42
72
79
79
69
46
46
45
45_67_78
78
79
79
64_67
59
67
62
42_43_55_55_59_59_59_62_64_67_67_67_67_74_74_78_81_83_86
42
36_62_71
36
67_78
62_71
74
43
43_74
36
36
74
42
42
74
62
67
71
62_67
43_71
59_67
62
39
39
59
39
39
43_62_74
38_42_67
38_42
43
62
40_66
42
42
69
36
36
62_69
66
40
74
59
62
67
59_62
43_62_67_71
36_42_66_71
36_42
71
43_72
42
42
67
47_72
71
62
72
39_72
39
39
39
74
38_42
38_42
74
74_76
42
42
47
74
59
62
66
59_66
36
36
40_59_62_64_64_71_83_86_88
42
42
62_67
59
64_67
71
40
36
36
40_71
71
42_74_76_83_88
42
59
64
67
64
59
67
40
39
39
39
39
38
38_40_83_86
42
42
40
74
59
62
42
38_42_71_81_86
36
36_66
59_62
66
38_71
59
62_66
59
67
36
36
40_42_59_64_64_71
42
67
59_64
67
72
59
40_64_71_72
42
42
67
67
59_64
39
39
39
39
38
38
72_74
42
42
72
74
46
46
74
59_67
64
44_62
44
67_67
36
36
43_62_62_64_71_74_81_83_86
59
62_67
71
74
43
36
36
43_74
72_74
74
42
42
71_72
62
67
71
62_67
71
43
62
67
39
39
59
38_42
38_42
67
39_43_59_71_74
39
62
43
72_74
36_42
36_42
62
40_66_71_72
69
66
69
62
40
71
67
59
42
42
36_59_62_62
36
43_62_67_71
66_71
71
42
42
43_72
47_72
62
71
67
72
72
39
39
42
42
38
38
74
39
39
42
42
72_74_74
47
74
62
59_66
36_42_66
36_42
59_62
40_62_64_71_83_86_88
71
40
36
36
40_71
72
71
42_59
42
64_71_83_88
67
59_64
67
59
64
67
59
64
40
67
39
39
38_39_42
39
38_42
40_83_86
40
59
36_42
36_42
38_62_81_86
66
59_62
66
38
59
66
62
36_42_59_59
36_42
67
40_64_64
67
59_64
67
72
59
40_64
42_67
42
59
64
67
71
39
39
38
38
42
42
39
39
72
79
79
46
46
78
45
45
78
79
79
64_67
59
43_55_59_64_66_67_78_81_83
36_55
36
55
78
43
43
36
36
42_56
42_56
56
56
56
56
43
39
39
56
56
39_43
39
38_42
38_42
43
56
40_56
42
42
36
36
56
56
40
56
56
66
56
56
43_67
36_42
36_42
43_56
56
42
42
56
56
47
56
56
39
39
56
56
39
39
38_42
38_42
42_56
42_56
47
56
56
67
56
56
36_56
36_56
40_69_88
42
42
40
36
36
40
42_83_88
42
56
56
56
56
56
56
40
39
39
39_56
39_56
38
38_40_83_86
42
42
40
42
38_42_81_86
36_56
56
36
56
56
38
56
56
69
56
56
36
36
40_42_67
42
72
61
61
40
42
42
39
39
39
39
38
38
42
42
72
79
79
63
63
46
46
78
78
79
79
67
44
44
36
36
43_78_81
78
43
36
36
43
42
42
66
56
56
56
56
56
56
43
39
39
38_42
38_42
39_56
39_56
43
43
66
36_42
36_42
40_62
56
56
56
56
40
56
56
42
42
36_56
36_56
43_62_67
42
42
43
56
56
56
56
47
56
56
67
39
39
42
42
38_56
38_56
39_66
39
66
42
42
64
56
56
47
56
56
56
56
36_42_56
36_42_56
40_88
64
40
36
36
40
42
42
66_83_88
56
56
56
56
66
56
56
40
39
39
39
39
38_42
38_42_56
56
40_66_83_86
40
66
36_42
36_42
38_62_81_86
56
56
56
56
38
56
56
36_42
36_42
56
56
40_62_67
72
61
61
40
42
42
67
39
39
38_39
38_39
66
42
42
72
79
79
66
46
46
63_64_78
63
78
79
79
42_43_62_64_78_81
42
36
36
78
43
43
36
36
69
42_56
42_56
56
56
69
56
56
43
62
39
39
39_56
39_56
43_69
38_42
38_42
43
69
56
40_56_69
42
42
36
36
56
56
40
56
56
69
56
56
43_69
36_42
36_42
69
43_56_69
56
42
42
56
56
47
56
56
39
39
39_56
39_56
38_42
38_42
69
69
42_56
42_56
47
56
56
69
56
56
36_56
36_56
40_69_88
42
42
40
36
36
40
42_83_88
42
56
56
56
56
56
56
40
39
39
39_56
39_56
38
38_40_69_71_83_86
42
42
40
42
38_42_69_71_81_86
36_56
56
36
56
56
38
56
56
56
56
36
36
40_42_67_69
42
72
61
61
40
42
42
67
39
39
39
39
38
38
42
42
72
79
79
63
63
46
46
78
78
79
79
44
44
36
36
43_78_81
78
43
36
36
43
42
42
69
56
56
56
56
56
56
69
43
39
39
38_42
38_42
56
56
39_43_69
39
43
69
36_42
36_42
40_69
56
56
56
56
40
56
56
69
42
42
36_56
36_56
43_69
69
42
42
43_69
56
56
56
56
47
56
56
69
39
39
42
42
38_56
38_56
69
39
39
69
42
42
69
56
56
47
56
56
56
56
69
36_42_56
36_42_56
40_69_88
40
36
36
40
42
42
83_88
56
56
56
56
56
56
40
39
39
38_39_42
39
38_42_56
56
40_69_71_83_86
40
36_42
36_42
38_69_81_86
56
56
71
56
56
38
56
56
36_42
36_42
56
56
40_67
69
72
61
61
40
42
42
39
39
38
38
42
42
39
39
72
67
79
79
46
46
63_78
63
78
79
79
43_55_59_59_62_62_67_67_74_74_78_81_86
36_55_62_67
36
55
71
62
67_78
71
74
43
43_74
36
36
74
42
42
74
62
67
71
62
67
71
43
59_67
62
39
39
59
39_43_62_74
39
38_42_67
38_42
43
62
40_66
42
42
36
36
69
62_66
69
40
74
59
62
67
62
59
43_62_67_71
36_42_66_71
36_42
71
43_72
42
42
47_72
62_67
71
72
39
39
72
39_74
39
38_42
38_42
74
74_76
42
42
47
74
59
62
66
59_66
36
36
40_59_62_64_64_71_83_86_88
42
42
62_67
64
59_67
71
40
36
36
40_71
71
42_74_76_83_88
42
59
64
67
59
64_67
40
39
39
39
39
38
38_40_83_86
42
42
40
74
59
42
38_42_62_71_81_86
36
36_66
59_62
66
38_71
59
62_66
59_67
36
36
40_42_59_64_64_71
42
67
59
64_67
72
59
40_64_71_72
42
42
67
59
64_67
39
39
39
39
38
38
72_74
42
42
72
74
46
46
74
59_67
64
44
44
62_67
36
36
43_62_62_64_67_74_81_83_86
59_71
62
67
71
74
43
36
36
43_74
72_74
74
42
42
71_72
62
67
71
67
62_71
43
62
67
39
39
59
38_42
38_42
39_67
39
43_59_71_74
62
43
72_74
62
36_42
36_42
66
40_69_71_72
69
62_66
40
71
67
59
42
42
36_59_62_62
36
43_62_67_71
66_71
71
42
42
43_72
47_72
71
67
62
72
39
39
72
42
42
38
38
39_74
39
42
42
72_74_74
47
74
62
59_66
36_42_66
36_42
59_62
40_62_64_71_83_86_88
71
40
36
36
40_71
72
71
42_59
42
64_71_83_88
67
59_64
67
59
64
67
59
64_67
40
39
39
39
39
38_42
38_42
40_83_86
40
36_42_59
36_42
38_62_81_86
66
59_62
66
71
38
59
66
62
36_42_59_59
36_42
67
40_64_64_71
67
64
59
67
72
59
40_64_71_74
42_67
42
59
64
67
74
39
39
38_39
38_39
69
42
42
72
79
79
69
46
46
45
45_67_78
78
79
79
64_67
59
67
62
42_43_55_55_59_59_59_62_64_67_67_67_67_74_74_78_81_83_86
42
36_62_71
36
67_78
62_71
74
43
43_74
36
36
74
42
42
74
62
67
71
62_67
43_71
59_67
62
39
39
59
39
39
43_62_74
38_42_67
38_42
43
62
40_66
42
42
69
36
36
62_69
66
40
74
59
62
67
59_62
43_62_67_71
36_42_66_71
36_42
71
43_72
42
42
67
47_72
71
62
72
39_72
39
39
39
74
38_42
38_42
74
74_76
42
42
47
74
59
62
66
59_66
36
36
40_59_62_64_64_71_83_86_88
42
42
62_67
59
64_67
71
40
36
36
40_71
71
42_74_76_83_88
42
59
64
67
64
59
67
40
39
39
39
39
38
38_40_83_86
42
42
40
74
59
62
42
38_42_71_81_86
36
36_66
59_62
66
38_71
59
62_66
59
67
36
36
40_42_59_64_64_71
42
67
59_64
67
72
59
40_64_71_72
42
42
67
67
59_64
39
39
39
39
38
38
72_74
42
42
72
74
46
46
74
59_67
64
44_62
44
67_67
36
36
43_62_62_64_71_74_81_83_86
59
62_67
71
74
43
36
36
43_74
72_74
74
42
42
71_72
62
67
71
62_67
71
43
62
67
39
39
59
38_42
38_42
67
39_43_59_71_74
39
62
43
72_74
36_42
36_42
62
40_66_71_72
69
66
69
62
40
71
67
59
42
42
36_59_62_62
36
43_62_67_71
66_71
71
42
42
43_72
47_72
62
71
67
72
72
39
39
42
42
38
38
74
39
39
42
42
72_74_74
47
74
62
59_66
36_42_66
36_42
59_62
40_62_64_71_83_86_88
71
40
36
36
40_71
72
71
42_59
42
64_71_83_88
67
59_64
67
59
64
67
59
64
40
67
39
39
38_39_42
39
38_42
40_83_86
40
59
36_42
36_42
38_62_81_86
66
59_62
66
38
59
66
62
36_42_59_59
36_42
67
40_64_64
67
59_64
67
72
59
40_64
42_67
42
59
64
67
71
39
39
38
38
42
42
39
39
72
79
79
46
46
78
45
45
78
79
79
64_67
59
43_55_55_59_59_59_62_62_64_67_67_67_74_74_78_81_83_86
36_55_62_67
36
55
71
62
67_78
71
74
43
43_74
36
36
74
42
42
74
62
67
71
62
67
71
43
59_67
62
39
39
59
39_43_62_74
39
38_42_67
38_42
43
62
40_66
42
42
36
36
69
62_66
69
40
74
59
62
67
62
59
43_62_67_71
36_42_66_71
36_42
71
43_72
42
42
47_72
62_67
71
72
39
39
72
39_74
39
38_42
38_42
74
74_76
42
42
47
74
59
62
66
59_66
36
36
40_59_62_64_64_71_83_86_88
42
42
62_67
64
59_67
71
40
36
36
40_71
71
42_74_76_83_88
42
59
64
67
59
64_67
40
39
39
39
39
38
38_40_83_86
42
42
40
74
59
42
38_42_62_71_81_86
36
36_66
59_62
66
38_71
59
62_66
59_67
36
36
40_42_59_64_64_71
42
67
59
64_67
72
59
40_64_71_72
42
42
67
59
64_67
39
39
39
39
38
38
72_74
42
42
72
74
46
46
74
59_67
64
44
44
62_67
36
36
43_62_62_64_67_74_81_83_86
59_71
62
67
71
74
43
36
36
43_74
72_74
74
42
42
71_72
62
67
71
67
62_71
43
62
67
39
39
59
38_42
38_42
39_67
39
43_59_71_74
62
43
72_74
62
36_42
36_42
66
40_69_71_72
69
62_66
40
71
67
59
42
42
36_59_62_62
36
43_62_67_71
66_71
71
42
42
43_72
47_72
71
67
62
72
39
39
72
42
42
38
38
39_74
39
42
42
72_74_74
47
74
62
59_66
36_42_66
36_42
59_62
40_62_64_71_83_86_88
71
40
36
36
40_71
72
71
42_59
42
64_71_83_88
67
59_64
67
59
64
67
59
64_67
40
39
39
39
39
38_42
38_42
40_83_86
40
36_42_59
36_42
38_62_81_86
66
59_62
66
71
38
59
66
62
36_42_59_59
36_42
67
40_64_64_71
67
64
59
67
72
59
40_64_71_74
42_67
42
59
64
67
74
39
39
38_39
38_39
69
42
42
72
79
79
69
46
46
45
45_67_78
78
79
79
64_67
59
67
62
42_43_55_55_59_59_59_62_64_67_67_67_67_74_74_78_81_83_86
42
36_62_71
36
67_78
62_71
74
43
43_74
36
36
74
42
42
74
62
67
71
62_67
43_71
59_67
62
39
39
59
39
39
43_62_74
38_42_67
38_42
43
62
40_66
42
42
69
36
36
62_69
66
40
74
59
62
67
59_62
43_62_67_71
36_42_66_71
36_42
71
43_72
42
42
67
47_72
71
62
72
39_72
39
39
39
74
38_42
38_42
74
74_76
42
42
47
74
59
62
66
59_66
36
36
40_59_62_64_64_71_83_86_88
42
42
62_67
59
64_67
71
40
36
36
40_71
71
42_74_76_83_88
42
59
64
67
64
59
67
40
39
39
39
39
38
38_40_83_86
42
42
40
74
59
62
42
38_42_71_81_86
36
36_66
59_62
66
38_71
59
62_66
59
67
36
36
40_42_59_64_64_71
42
67
59_64
67
72
59
40_64_71_72
42
42
67
67
59_64
39
39
39
39
38
38
72_74
42
42
72
74
46
46
74
59_67
64
44_62
44
67_67
36
36
43_62_62_64_71_74_81_83_86
59
62_67
71
74
43
36
36
43_74
72_74
74
42
42
71_72
62
67
71
62_67
71
43
62
67
39
39
59
38_42
38_42
67
39_43_59_71_74
39
62
43
72_74
36_42
36_42
62
40_66_71_72
69
66
69
62
40
71
67
59
42
42
36_59_62_62
36
43_62_67_71
66_71
71
42
42
43_72
47_72
62
71
67
72
72
39
39
42
42
38
38
74
39
39
42
42
72_74_74
47
74
62
59_66
36_42_66
36_42
59_62
40_62_64_71_83_86_88
71
40
36
36
40_71
72
71
42_59
42
64_71_83_88
67
59_64
67
59
64
67
59
64
40
67
39
39
38_39_42
39
38_42
40_83_86
40
59
36_42
36_42
38_62_81_86
66
59_62
66
38
59
66
62
36_42_59_59
36_42
67
40_64_64
67
59_64
67
72
59
40_64
42_67
42
59
64
67
71
39
39
38
38
42
42
39
39
72
79
79
46
46
78
45
45
78
79
79
64_67
59
43_55_55_59_59_59_62_62_64_67_67_67_74_74_78_81_83_86
36_55_62_67
36
55
71
62
67_78
71
74
43
43_74
36
36
74
62
42
42
74
62
64_67
71
62
62
67
71
43
59_67
62
39
39
59
39_43_62_67_74
39
38_42_67
38_42
64
69
43
67
62
40_66_71
42
42
36
36
69
69
62_66
69
71
40
74
59
62
67
62
59_71
43_62_67_71
36_42_66_71
36_42
71
69
43_72
42_71
42
69
47_72
62_67
71
72
39
39
72
69
39_74
39
38_42
38_42
74
74_76
42
42
47
74
69
59
62
66
59_66
36
36
40_59_62_64_64_71_83_86_88
42
42
62_67
64
59_67
71
40
36
36
40_71
71
42_62_74_76_83_88
42
59_64
62_64
67
59
64_67
40
39
39
39_67
39
38
38_40_83_86
42
42
64
69
40
67
74
59
71
42
38_42_62_71_81_86
36
36_66
69
59_62
66
71
38_71
70
59
62_66
59_67_71
36
36
40_42_59_64_64_71
42
67
59
64_67
70
71
72
59_74
40_64_71_72
42
42
67
59
64_67
74
68
39
39
39
39
38
38
69_72_74
42
42
68
72
74
69
67
46
46
74
67
59_67
64
44
44
62_67
36
36
43_62_62_64_67_74_81_83_86
59_71
62
67
71
74
43
36
36
43_74
72_74
74
62
42
42
71_72
62
64_67
71
62
67
62_71
43
62
67
39
39
59
38_42
38_42
39_67
39
43_59_67_71_74
62
64
69
43
67
72_74
62
36_42
36_42
66
40_69_71_71_72
69
69
62_66
71
40
71
67
59
42
42
36_59_62_62_71
36
43_62_67_71
66_71
71
42_69
42
43_72
71
69
47_72
71
67
62
72
39
39
72
42
42
38_69
38
39_74
39
42
42
72_74_74
47
74
69
62
59_66
36_42_66
36_42
59_62
40_62_64_71_83_86_88
71
40
36
36
40_71
72
71
42_59
42
62_64_71_83_88
67
59_64
67
59_64
62_64
67
59
64_67
40
39
39
39
39
38_42_67
38_42
40_83_86
64
69
40
67
36_42_59_71
36_42
38_62_81_86
66
69
59_62
66
71
71
38
59_70
66
62
36_42_59_59_71
36_42
67
40_64_64_71
67
64
59
67_70
71
59
74
40_64_71_74
42_67
42
59
64
67
74
74
68
69_69_81_91
68
69_69
67
67
67
64_67
59
67
55_59_64_67_83_91
62
64
62
67
64
69
67
71
69
71
71
69
71
69
69
69
