60
56
51
44
32
60
46
61
62
56
56
47
32
63
48
68
63
56
56
48
44
65
49
47
62
63
56
51
48
44
63
68
55_63
46
39
61
60
56_60
51
44
32
60
56
53
41
41
37
37
61
62
56
56
47
35
63
48
36
47_75
35
63
58
55
46
34
70
65
56
62
58
53
46
34
63
58
55
39_46
39
67
63
61
63
60
51
44_63
44
55
47
47
63
56
51
48_63
48
58
49
49
63
59
50
50_63
50
60
51
51
51
65
61
53
44_65
44_53
68
60
52
68
61
53
67
63
55
67
65
61
56
65
60
57
65
61
58
44_65
44
60
56
63
58
55
63
55
51
61
56
53
61
63
58
55
63
60
56
56
44_60
44
50
51
61
46_61
46
63
48_63
48
55
63
56
51
46_63
34
57
61
58
61
56
55
53
51
60
60
60
55
52
48_60
48
36
48
48
48
48
48
48
48
48
48
48
48
48
48
48
48
48
48
48
48
48
48
48
48
48
48
48
48
48
48
48
48
48
48
48
48
48
48
48
48
48
48
48
48
56
56_56
48
51
48
48
36
51
58
55_58
46
34
51
60
56_60
44
32
51
61
58_61
43
31
51
60
56_60
44
32
51
51
51
60
56_60
44
32_44
51
51
58
55_58
49
37_49
51
51
56
56_56
48
36_48
51
51
58
58
53
49
37_49_53
56
56
56
56
60
60
51
51
39_51
56
56
61
61
49
53
41_53
63
56_63
56
65
65
56
57
57
57
63
58_63
58
43
43_55_58
51
51
61
58_61
43
31_43
50
50
60
56_60
53
44
32_44_53
51
51
51
51
56
56
58
56_58
56
37
37_56
53
53
58
55_58
55
39
39_51_55
53
53
51
51
49
49
56
56_56
48
44
32_44_48
32
44
51
56
60
63
68
80
80
63_68
48
51
82
70
61
46
51
84
60_72
44
51
43
58
73
75
85
51
84
72
44_60
51
51
49_63
82
51_70
81
69
84
72
51
82
70
79
63_67
48
80
51
68
69_81
49_65
56
82
70_77_80
50
65
71_83
56
51_63
84
72
56
53
65
85
80
73
87
56_75
68_77_89
56
87
54_75
81
69
63
55_70_85
73_75_82
63
84
68_80
72_75
56
67
65
63
49_82
77
65
56
68
76
81
84
67_75
51_73
82
80
80
72
44
63
60
56
51
48
44
82
58_58
43_70
51
43
46
82
57_57_70
42
42
46
43_58_58
43
82
46
70
56_83
41_56_71
50
41
74_86
46
84
72
84
72
46
44_58
50
53
44
82
46
70
43_58_82
51_58_70
51
39
91
39_82
63_79_87
46
82
51_75
79
55_67_70
58
49
37
49
77
58
77
48_65_67_70
58
48
36
54
55
57
58_64_76
61
60
84
41_68
56_60_72
48
41
48
84
40_55_67
72
40
48
41_56_68
41
84
48_72
43_70_84
58_60_72
48
43
75_87
48
85
73
85
73
48
64
46_52
46
84
72
48
44_65_84
53_60_72
53
44
79
76
48
77_80
79_83
80
84
58
58
85_88
65_84_89
46_56_56
58
46
53_83_92
56
82
58_80
86
39_63
55_79_87
58
39
46
51
55
58
63
70
75
91
79
82_94
99
87
85_97
60
56
60
51
44
84
96
82
94
80
92
60
56_89
77
60
51
44
87
75
84
72
80
68
80
68
46
67
79
61
65
77
61
75
63
62
56
62
51
47
63
75
75
63
80
68
63_68_80
63
48
79
67
82
70
80
68
56_89
77
87
75
72
84
80
68
63
68
56_80
63
48
79
67
82
70
80
68
65_80
68
65
49
82
70
80
68
82
70
80
68
82
70
80
68
82
70
80
68
82
70
80
68
82
70
80
68
56
47
82
70
80
68
82
70
80
68
62
82
70
62
80
68
82
70
80
68
82
70
63
80
56_68_70
63
48
82
68
80
70
68
82
70
80
68
82
70
80
68
82
79
67
63_80
68
63
51
82
70
84
72
89
77
75
87
92
80
82
55_94
46
84
96
60
87
56_72_99
60
51
44
96
84
94
82
92
80
60_89
77
72
60
51
44
87
75
72
84
80
68
80
68
46
79
67
61
73_77
65
61
75
63
63
56_75
63
51
48
74
62
77
65
75
63
63_75
63
56_75
63
51
47
80
68
80
68
79
67
79
67
70
82
82
70
80
68
63_79
58_75
67
63
55
46
96
84
82
94
91
79
89
77
46
75
87
65_84
77
72
65
56
82
70
62_79
56_74
67
62
53
77
65
74
62
70
58
63_70
51
55_75
58_67
63
58
39_46
75
75
67
67
70
70
63
63
62
65
63
63
63
60_63
56
44
65
67
68
70
72
63
75
58_63
55
77
75
77
75
77
75
77
75
77
75
74
63
75
60_63
56
77
80
83
84
87
65
89
56_61_65
49
44
93
94
68_96
68
97
101
97
52
96
94
89
67
67
85
84
65_82
65
53
77
79
77
73
70
65_70
57_65
54
44
69
72
70
72
73
63_75
58_63
55
77
79
80
82
84
61
85
56_61
53
87
89
91
63
58_63_79
55
92
80
94
82
60
84_96
56_60
51
44
99
87
101
89
99
87
96
84
94
82
92
80
46
91
79
89
77
61_87
75
61
84
72
82
70
63_80
68
55_63
48
67_79
82
70
80
68
75
72
72
63
60_63
53
46
53_63
46
34
69
70
72
73
76
77
61
58_61
61
81
84
84
86
87
89
55
77
89
87
60
60_60
60
75
87
60
88
60_60
60
48
55
52
48
36
100
96
91
88
84
79
76
88
84
79
76
72
67
64
60
55
52
49
36
49
41
48
40
44_53
52
43
53
56
47
55
52
48
61
53
60
52
65
56
64
55
68
65
59
64
67
60
73
65
72
64
77
68
76
67
80
77
71
76_79
67
72
64
58
48
85
77
84
76
89
80
88
79
92
89
83
88_91
84
97
96
95
94
91
88
85
84
82
79
77
76
85
84
83
82
79
76
73
72
71
72
73
74
75
76
77
78
79
41_68_77_80
65
60
41
48_60
48_60
49_61
76_79
48_60
76_79
77_80
48_60
67_79_82
47_59_64
48
48
82_85
48_60
82_85
76_79
36
72_80_84
29_41_68
48_60
41
48_60
48_60
49_61
71_79
48_60
71_79
72_80
48_60
60_72_80
52_60_64
48
48
73_82
48_60
73_82
67_76
36
68_72_80
29_41_60
48
41
48_60
71_79
48_60
71_79
49_61
72_80
48_60
70_79
68_77
48_60
55_72_76
34_46
53
46
34
73_77
53
72_75
70_73
34_46
56_70_73
36_48
53
48
36
67_71
48_60
67_71
68_72
48_60
68_72
49_61
71_77
48_60
71_77
72_80
48_60
64_72_80
36_58
48
48
36
70_79
48
70_79
67_72
36
65_67_72
29_41_56
53
41
41
68_77
48_60
68_77
67_72
48_60
68_77
49_61
48_60
48_60
47_59
48_60
48_60
56_77
73
68
34_46_53
49
37
53_65
53_65
56_68
72_76
53_65
72_76
73_77
53_65
58_73_77
34_46
46
34
72_82
53_65
72_82
73_77
41
80
56
72
29
53
48
41
53
65
65
53
56
68
76
72
65
53
76
72
77
73
65
53
77
61_73
34_46
53
46
34
82
72
61
53
58
82
72
77
73
41
61_80
41_73
68
29
56
41
29
56_61
53
68
64
56
44
68
64
45
57
73
56_65
44
73
65
78
56_70
44
78
60_70
44
44
32
66_72
56_63
72
66
65
73
44
68_73
61_65
37
56
44
37
53_65
65
53
52_64
53
65
65
53
56_68
65
53
65
53
57_72
41_69
65
65
53
41
48
60
60
48
61
49
71
68
48_60
68_71
72
69
48
60
73
70
58
34
49
34
79
76
79
76
49_58
55_61
67
72
57
69
41
65
53
41
41
60
48
48
60
49_61
68
71
48_60
68_71
72
69
48_60
73
61
70
34_58
55
46
34
79
76
79
76
61
49_55
58
67
60_72
69
41
57
51
41
41
68_71
71
68
48
53_60
57
72
69
70_73
58
34
58_61
54
46
34
82
73
82
73
49_58_61
54
80
72
80
72
70_78
70
78
58
54
49_61
77
68
77
58
68
36_58_60
55
48
36
76
67
67_76
70_79
79
70
48
67
65
67
65
73
58
73
58
67
64
64_67
72
60
41
57_57
57_63
65
53
41
72
29
64
64
56
65
57
72
65
53
57
66
58
66
58
67
59
63
67
59
68
60
72
68
60
69
61
41
62
70
74
66
57
77
66
57
67
58
67
53_58
68
59
76
68
59
69
60
74
69
60
70
62
70
62
72
64
74
70
41_50
41
29
72
69
69_72
67_70
72
67
70
52
69
65
69
65
64_67
70
67
64
55
62
65
72
65
62
64
67
29_41
60
65
69
48
48
53
53
55
70
55
57
72
57
60
60
65
72
62_69
31
43
43
31
50
50
55
70
67
55
57
57
58
58
62
69
65
62
67
67
64
36
48
36
48_60
48
60
49_61
60
48
47_59
46
58
43_55
36
41
29
68_80
77
68
60
41
29
48_60
48
60
49_61
79
76
48
60
79
76
80
77
48_60
82
67_79
47
59_64
48
36
36
85
82
48
60
85
82
79
76
36
84
72_80
29
41_68
48_60
41
29
48
60
60
48
61
49
79
71
48_60
79
71
80
72
48_60
80
60
72
52_64
60
48
48
36
82
73
48_60
82
73
76
67
36
80
68_72
41
29_60
48
41
29
48_60
79
71
60
48
79
71
61
49
80
72
60
48
79
70
77
68
48_60
76
55
72
34
46
53
46
77
73
53
75
72
73
70
46
34
72
56
68
48
36
53
48
71
67
48_60
71
67
72
68
48_60
72
60_68
49_61
56
77
71
48_60
77
71
80
72
48_60
80
72
38
38
39
38
39
77
71
38
39
38
77
71
39
38
36
72
68
38
72
68
39
39
71
67
63
51
71
67
72
68
63
51
72
60
68
64
52
56
80
72
51
63
80
72
84
80
63
51
84
80
40
40
41
40
41_80
72
40
41
40
80
72
41
40
38
72
68
40
72
68
41
41
71
67
72
68
77
68
48_53_56
60
80
72
84
77
89
68_80
60
53
84
79
84
79
48_53_56_60
80
77
80
65_77
43_61
53
43
79
73
79
73
53_61
77
70
65_72
77
44_60
53
44
67
71
67_71
60
65
68_72
68
72
70
73_76
70_73
76
60_65
68
72_77
77
65_72
68
46_56
62
46
80
74
80
73
80
72
58_65
74
71
74
70
75
63_70
67
51_55_58
63
39_46
87
79
70
82
75
67
82
75
67
79
70
63
79
70
63
75
67
58
75
67
58
70
63
55
70
63
55
67
58
51
67
58
51
82
75
67
82
75
67
79
70
63
79
70
63
75
67
58
75
67
58
70
63
55
70
63
55
67
58
51
67
58
51
63
55
39
46
55_63
55
46
39_51_55_63
51
39_55
51_63
51_63
55
51_55_63
51
39_55
51_63
51_63
51_63
51_63
56
56
41_56
51_63
57
51_57_63
51
42_57
51_63
51_63
58
51_58_63
43_58
87
81
51_63
82
75
79
51_63
70
63
51_63
51
69
75
51_63
70
63
67
51_63
58
58
51
51_58_63
51
43_58
51_63
51_63
59
51_59_63
51
44_59
51_63
51_63
51_63
51_63
56
56
41_56
51_63
58
51_58_63
51
43_58
85_94
51_63
89
80
87
79
82
51_63
70
63
58
51_58_63
58
73
82
51_63
77
68
67
75
70
51_63
58
51
51_63
51
43
61
70
51_63
65
63
55
58
51_63
46
58
39
51_58_63
70
51_51_63
43_58
43
51_63
51_63
51_63
51_63
58
51_58_63
70
51_51_63
43_58
43
51_63
51_63
51_63
51_63
51_63
51_63
51_63
51_63
59
59
71
44_59
44
51_63
51_63
60
51_60_63
72
51_51_63
45_60
45
51_63
51_63
51_63
51_63
61
51_61_63
73
51_63
46_61
46
85
94
51_63
51_63
80_89
79
87
82
51_63
51_63
70
63
51_63
51_51_63
82
73
51_63
51_63
77
68
75
67
70
51_63
51_63
58
39_61
51
51_61_63
73
51_55_63
46_61
46_55
51_63
51_63
51_63
51_63
63
51_63_63
75
51_54_63
45_63
45_54
51_63
51_63
51_63
51_63
51_63
51_63
51_63
51_63
60
60
72
60
51_63
51_63
61
51_61_63
73
51_55_63
46_61
46_55
85_89
84
79_82
77
70
61
63
61
73
61
73
77
72
70
67
65
58
63
65
61
60
55_58
53
46
55
39
57
58
61
65
51
58
67
69
70
77
73
75
82
91
81
82
89
85
88
87
60_99
51_56_87
72
51
44_60_68
89_101
32_44_51
99
87
101
89
99
87
101
89
99
87
101
89
99
87
98
86
60_99
87
56
72
51
44_60_68
32_44_51
96
84
94
82
92
80
77_89
87
75
85
73
84
72
82
70
80
61
68
58
73
46_61
34_46
79
67
77
65
62_77
65
59
74
51
47_62_68
35_47_51
62_74
75
63
76
64
79
67
77
65
63
63_75
60
75
48_63
36_48_51
80
68
84
72
87
75
92
80
84_96
99
99
51
99
99
99
99
99
99
99
99
99
99
104
63
56_63_92
75
56
48_63_68
36_48_56
99
87
97
85
84_96
94
82
92
80
65
92
80
65
77
56
49_65_68
37_49_56
91
79
89
77
88
76
91
79
89
77
94
82
92
80
91
79
62_89
77
62
74
47_62
35_47
87
75
86
74
63_89
63_77
75
56
48_63_68
36_48_56
87
75
85
73
72_84
82
70
80
68
63_79
63_67
75
63
82
70
80
68
79
67
65_77
75
63
73
61
55
39
39_39_51
72
60
70
58
68
56
67
55
53_65
63
60
51_60
44
51_60
72
56
44_60_68
65
32_44_51
63
65
63
65
63
65
63
62
63
60
60
44_60
72
56
44_60_68
32_44_51
65
67
68
72
73
75
46
77
34_46
75
77
75
77
61
61
46_61
75
73
61
77
75
77
75
77
62
47_62
62
74_75
56
47_62_68
35_47_51
77
75
77
75
77
75
77
75
74
63
63_75
48_63
75
48_63
36_48_51
77
79
80
84
85
86
47
56
47
35_47
87
91
92
95
99
99
46_55_63_63
58_63
75
55
46_63_70
34_46_55
103
101
99
98
97
96
84
56
46_72
34_56_60
95
83
94
82
65_92
65
80
77
65
91
79
89
77
62
87
62
75
74
56
46_62_65
34_56_58
86
74
89
77
92
80
89
77
86
74
87
63
63
75
55
39_46_63_67
39_55_58
94
91
87
82
70
63
63
63
75
63_67
79
75
70
67
58
51
67
63
58
55
39
32
63
51_60
75
39_51
44_68_72
32_51_60
44
48
51
56
60
63
32
63
59
75
39_51
44_68_71
32_51_59
44
47
51
56
59
63
32
63
60
75
51
39
44_68_72
32_51_60
44
48
51
56
60
63
65
32
56_61
77
51
44_68_73
32_53_61
41
44
49
53_68
80
56
61
65
68
73
77
80
67
85
79
67
89
92
101
65_97
77
65_73
92
89
85
80
77
73
68
65
61
65
44_56
77
53
44_65_73
32_53_56
53
56
61
65
68
73
77
63
44
57
75
54
44_63_72
32_54_57
54
57
60
63
69
72
75
61
44
58
73
55
44_63_70
32_55_58
55
58
61
63_63
75
67
73
75
60
44_51_56
72
51
44_60_68
32_51_56
51
56
60
63
68
72
75
56
58
51
46
34_51_58
72
75
87
61
58
73
61
73
75
87
63
60
60
75
51
48_63_68
36_51_60
68
75
87
87
84
80
75
63
46
53_58
75
53
46_65_70
34_53_58
53
58
63
65
70
77
87
85
61
73
82
77
73
70
65
61
58
46
46
34_46_58
53
56
60
60_61
72
65
68
72
60
36
55_60
72
52
48_64_67
36_48_55
48
52
55
60
64
67
72
76
79
88
84
79
76
72
67
64
76
72
67
64
60
55
48
68
36
56_63
68
56
56_56_63
36_39_48
39
44
50
51
56
62
63
70
34
58_63_67
67_70
58
58_58_63
34_39_46
39
43
50
51
55
61
63
72
32_60_63_68
68_72
60
60_60_63
32_39_44
39
44
50
51
56
61
63
73
31_61_63_70
70_73
61
61_61_63
31_39_43
39
43
50
51
55
62
63
72
44
60_63_68
68_72
60
60_60_63
32_39_44
51
56
60
63
68
72
75
87
84
80
75
72
68
63
60
72
32
60_63_68
68_72
60
60_60_63
32_44
39
44
50
51
56
62
63
70
37
58_63_67
67_70
58
58_58_63
37_37_49
43
46
50
51
55
58
63
68
36_56_63_68
68
56
56_56_63
36_36_48
39
44
50
51
55
62
63
70
37
58_65_68
68_70
58
58_58_65
37_37_49
44
46
49
53
56
58
65
67
77
80
89
82
80
77
72
39
60_63_68
68_72
60
60_60_63
39_39_51
44
48
51
63
60
56
51
73
41
61_68
68_73
61
61_61_68
41_44_53
44
49
55
68
56_75
63
75
63
63_63
61
65
61
77
41
65_68_73
73_77
65
65_65
44
49
55
56_68
61
65
61
75
42
63_63_70
70_75
63
63_63
43_51_55
51
57
69
63
43
51
58
70
63
73
43
61_63_70
70_73
61
61_61_63
43_51_55
46
51
58
73
70
63
61
72
44_60_63_68
68_72
60
60_60_63
44_51_56
51
56
60
72
84
80
75
72
68
63
60
56
51
48
44
70
37
65_65_68
68_70
58
58_58_65
37_37_49
44
46
53
56
58
61
70
70
39_63_63_67
67_70
58
58_58_63
39_39_51
46
49
55
58
61
63
70
51
61
61
56
61
67
68
70
68
68
56
56_56
73
75
80
68
44
60_68_68
68
56
56_56_60
32_44
51
56
59
60
63
68
72
56
63
68
71
72
75
80
87
87
84
80
75
72
68
63
56
56
63
68
71
72
75
80
84
68
75
80
83
84
87
92
99
96
92
87
84
80
75
72
68
63
60
56
32
68
47
59
71
71
68
64
59
33
66
47
59
71
71
66
63
59
32
68
47
59
71
71
68
64
59
30
69
47
59
71
71
69
63
59
28
68
44
59
71
71
83
83
95
95
92
88
83
83
80
76
71
28
68
44
59
71
71
68
64
59
33
66
47
59
71
71
66
63
59
32
64
47
59
71
71
68
64
59
33
66
49
61
73
73
66
64
61
57
69
73
85
85
78
76
73
59
68
68
71
83
83
80
76
71
61
69
69
76
81
81
71
80
80
81
81
57_64
49
73
82
83
84
85
86
87
88
66_89
51
57_71
90
88
87
85
83
82
81
81
52_59
63_69
83
83
90
87
95
95
83
83
64
68
92
87
83
80
75
71
68
63
80
74
71
68
62
59
56
63
39
60_68
51
39
47
48
56
59
60
63
68
65
39
61_70
49
53
58
60
61
65
70
67
39
49
51
55
58
68
61
63
68
68
32_60_63_68
60_68
51
44
39
44
48
51
39
51
56
60
63
48
36
36
68
72
75
80
56
72
68_75_78_80
63_84
43
44
32
43
43
43
43
43
43
43
43
43
43
43
72
68_84
43
43
43
43
43
43
43
43
43
43
43
43
70
43
43
43
43
43
43
73
85
43
43
43
43
43
56
43
78
81
74
86
71
43
43
43
43
43
43
43
43
43
43
43
43
75
87
72
43
43
43
43
43
43
43
43
43
43
43
43
32
43
43
43
43
43
43
43
43
43
43
43
56
43
75_78_81
72
87
43
43
43
43
43
43
43
43
43
43
43
43
77
68_89
71
43
43
43
43
43
43
43
43
43
43
43
43
78
69
43
43
43
43
43
43
72
84
43
43
43
43
43_56
43
73
65_80
68
85
43
43
43
43
43
43
43
43
43
43
43
43
64_79
43
43
43
43
43
43
43
43
43
43
43
43
72
63_80
84
43
43
43
43
43
43
43
43
43
43
43
43
73_76
82
37_56_64
43
44
37
43
43
43
43
43
44
43
43
43
49
43
43
43
52
84
43
43
43
56
43
43
43
61
43
43
43
64
43
43
43
52
43
43
56
43
43
61
43
43
64
81
43
43
68
43
43
73
43
43
82
79
73
44
84
80
76
82
73_79
84
80
76
79_82
73
80
84
76
79
82
73
64
80_84
76
79_82
73
80_84
76
73_82
80_84
76
82
79
44_73
61
84
80
76
82
79
73
80
84
76
79
73_82
84
80
76
79
82
73
56
84
80
76
82
73_79
84
80
76
79_82
73
80
84
76
79
73_82
44
52
80
84
76
73_79_82
84
80
76
82
79
73
80
84
76
81
73
49
76
82
73
72
87
75_80
44
63
48
56
36_48
51
55
58
34_46
51
56
60
32_44
51
58
61
31_43
89
87
51
75
63
56
60
32_44
77
75
51
63
51
65
63
51
51
56
60
32_44
51
55
58
37_49
51
56
56
36_48
56
53
58
37_49
91
89
56
77
65
79
77
56
65
63
56
60
39_51
89
87
56
75
56
61
41_49_53
56
63
65
94
92
56
80
70
58
58
63
43_51_55
89
87
58
75
51
58
61
43_51_58
84
82
51
70
77
56
60
44_51_56
75
63
51
73
72
60
70
51
68
53
56
58
37_49
69
70
72
70
51
55
58
39_49
77
75
84
82
89
87
96
94
51
56
44
44_48
44
92
44
44
44
99
44
44
44
96
44
44
44
92
44
44
44
87
44
44
44
84
44
44
44
80
44
44
44
75
44
44
72
44
44
68
44
44
63
44
44
60
44
44
56
44
44
32_51
44
44
39
48
44
51
56
48
51
60_60
56
51
44
32
56_63
60_68
63_72
68
60_75
56
51
44
32
72_80
84
75
80
87
68
44_60
56
75
44
51
44_84
44_80
32
44_87
44_92
44
44
44
44
44
44
44
44
44
44
44
44
44
44
44
44
44
44
44
44
44
44
44
44
44
44
44
44
44
44
44
44
44
44
44
44
44
44
44
44
44
44
44
44
44
44
44
44
44
44
44
44
44
44
44
44
44
44
44
44
44
44
44
44
44
44
44
