60
48_60
48_60
48
36
48_60
48_60
48_60
48
48_60
62
60
48
48
56
41
48
48
48
48
48
48
48
48
63
60
57
42
64
60
48_60
60_64
58
43
43_58
48_60
48_60
65
60
48_60
60_65
60
44
44_60
48_60
66
61
63_66
60
45
45_60
45
67
64
60_67
48_60_64_67
60
46
46_60
46
60
48_60
60
48_60
68
60_64
60_68
48_60_64_68
58
36
58_60
36
48
48
48
60
48_60
48
48
48
48
48
48
48
48
48
48
48
48
48
48
48
69
60_65
60_69_69
48_65_69
48_57
41
57_60
41
48
69
60
60_69
48
48
41
41
69
60
60_69
48
48
41
41
68
60
60_68
48
48
40
40
69
60
60_69
48
48
41
41
69
60
48
41
41
69
60
48
41
41
68
60
48
40
40
69
60
48
41
41
69
60
48
41
41
69
60
48
41
41
68
60
48
40
40
69
60
48
41
41
69
60
48
41
86
69
60
48
41
84
68
83
60
80
48
41
86
72
69
60_84
65
48
41
81
77
74
72
69
60
69
48
41
81
60
53_77
72
69
69
60
48
41
70
68
71
60
68
48
41
74
60
69_72
60
53
48
41
69
65
62
69
57_60_60
48
41
69
48
65
41
60
69
57_60
48
41
58
65_67
59_59
38
50
38_43
64
43
61
59
47
50
38_43
62
53
65
69
66
59
50
50
38_43
69
55
66
59
65_67
71
59
50
38_43
77
64_72_75
48_58
48
36_43
77
55
76
58
79
64
77
67
81
70
78
76
81
79
82
80
86
83
68
60
80
48
40
86
72
69
84
60
65
48
41
81
77
74
69
60_72
69
48
41
81
60
77
53
72
69
69
60
48
41
70
68
71
60
68
48
41
74
60
72
69
60
53
48
41
69
65
62
69
57_60_60
48
41
69
48
65
41
60
57_69
60
48
41
60
69
59
59
38
57
38
64
45
59_61
47
57
38
62
53
65
69
65
68
59
50
57
38
71
57
69
59
71
65
74
65
59
57
38
77
64
62_75
52
56
40
59_77
62_75
76
64
78
80
76_81
60_72
69
57
45
64
60
57
93
93
70
94
65
86
62
45
33
82_96
77_94
45
33
74_89
86
82
70
65_81
74
62
45
33
84
70
82
65
62_77
74
70
65
62
70
69
64_69
49
61
45
33
68
52
69
57
73
61
76
64
80
69
73_81
80
81
85
88
93
70
65_86_94
62
45
96
82
94
77
45
89
74
86
82
81
70
65_74
62
45
84
70
65_82
77
62
70
74
65
62
70
69
45_64_69
61
45
68
69
73
61
76
64
69
81
84
82
77_82
62
70
65
70
62
62_65
81
82
77
74
50
70
69
45_69
64
61
45
68
69
73
76
69
64
61
81
84
82
62_65_77_82
70
70
62
62_65
81
82
77
74
50
70
69_69
61
61
52
45
69
52
45
70
69
68
69
74
73
77
76
81
80
82
81
82
81
80
81
86
85
89
88
94
93
57
57
91
92
57
57_77
53
50
94
81
93
86
89
65
86
62
57
50
82
65
65_81
62
57
50
89
69
74
86
81
69
65_77
60
43_50
79
69
65_80
69
60
43_50
83
65
81
62
77
57
74
74
72
71
74
65
67
59
55
76
65
74
62
71
71
57
69
69
67
67_67
52_64
48_60
55_60
48
72
76
79
69_69
52_60_64
45
57_60
45
81
69
69
60_64
52
45
57_60
45
72
76
81
64
64
48_52_60
57
57_60
48
76
64_64
48_52_57
60
57_60
48
69
72
76
67
43_59_67
62
50
50_59
45
79
67
43
62_67
50
59
50_59
45
71
74
79
79
43
91
90
74
36_43
77_93
91
84
88
64
60_84
55
48
81
64
64_79
60
55
48
67
88
84
72
79
69_78
65
60
36_43
79
69
69
65_80
60
36_43
65_83
81
62
55_77
74
74
72
71_74
65
67
59
48
76
65
62_74
71
71
55
69
69
67
67
67
64_64
48_55
60
48
72
76
79
69
69
60
63
66
54
48
81
69
69
60_63
66
54
48
72
75
81
70
70
60_62
67
55
55
82
70
70
62
60_67
55
55
74
79
82
74
74
65_70
60
53
48
86
74_74
60_70
65
53
48
79
82
86
79
58_64_67_70_79
48
52
36
91
79
48_58_79
67_70
64
52
36
91
82
79
69
66
74
70
67
60
74
79
82
74_81
43_74
70_74
65_70
65
55
86
79
43_79
70_72_82
36
64_70
64
48
91
82
79
69
66
74
70
67
60_60
74
79
82
74_81
74
43_70_74
74
70
65
55
65
86
79
36_79
70_72_82
48
60_79
70_72
64
48
48_64
48
91
88
82
79
80
81
48_64
58
82
83
84
85
86
87
80
60_76_80
70_72
48
48_60
88
89
90
91
92
93
94
95
96
72
97
73
98
74
99
75
100
76
101
77
78_102
103
79
104
80
69_105
81_81
60_65
69_77_81
69_72
48_57
41
41_48
41
69
81
60
69
69_72
48
41
41_48
41
69
81
60
69
69_72
48
41
41_48
41
68
80
60
68
68_72
48
40
40_48
40
69
81
60
69
69_72
48
41
41_48
41
69
60
60_69
48
41
53
69_86
60
60_69
48
41
53
84
68_83
60
60_68
48
40
52
86
69_84
60
60_69
48
41
53
69
60
48
41
69
60_98
86
48
41
96
84
95
68
60
48_83
40
98
86
69_96
60
48_84
41
69
60
48
41
86
69
60
48
41
84
68
83
60
80
48
41
86
72
69
60_84
65
48
41
81
77
74
72
69
60
69
48
41
81
60
53_77
72
69
69
60
48
41
70
68
71
60
68
48
41
74
60
69_72
60
53
48
41
69
65
62
69
57_60_60
48
41
69
48
65
41
60
69
57_60
48
41
58
65_67
59_59
38
50
38_43
64
43
61
59
47
50
38_43
62
53
65
69
66
59
50
50
38_43
69
55
66
59
65_67
71
59
50
38_43
77
64_72_75
48_58
48
36_43
77
55
76
58
79
64
77
67
81
70
78
76
81
79
82
80
86
83
68
60
80
48
40
86
72
69
84
60
65
48
41
81
77
74
69
60_72
69
48
41
81
60
77
53
72
69
69
60
48
41
70
72
42_71
69
60
42
74
72
69
60
51
62
54
63
57
69
60
72
63
66
75
81
72
84
72_87
60_67_79
51
43
89
72
88
72
67
60_67
52
43
84
79
76
72_75
60_67_67
52
43
77
60
76
55
72
67
72
60_67
52
43
64
76
44_63
64_72
52
44
65
64
63
64
72
76
52
71
56
60_72
76
64
84
68
88
77
89
45_65_72
57
53
45
88
89
84
81
65
77
76
65
65
57_65
53
60_77
80
65
81
72
84
72
89
66_90
56
44_60
72
51
44
89
90
87
84
75
78
77
56
75
78
60
83
66
72_84
74
87
72
90
67
67
59_62_91
59_71
50
43
90
91
86
83
55
43
31
79
68_78
63
60_63_68
68
60
43
31
79
80
84
87
55
55
43
92
69_93
64_69
61_64
69
61
55
43
92
93
88
85
55
76
81
80
76
81
80
81
73
85
71
88
69_93
61_64
64_69
69
61
92
93
88
55_85
43
31
81
70
80
65
62_65_70
70
62
43
31
81
82
86
89
55
55
43
94
95
71
63_66
66_71_71
63
55
43
94
95
90
55_87
78
83
81
78
82
83
87
75
90
71
95
96
72
64
67_72
67_72
64
95
96
91
88
55
43
31
84
73
67_73_85
64_67
73
64
43
31
84
85
88
91
55
55
43
97
98
74
69
65_71_74_74
65
55
43
97
98
95
55_89
43
31
86
76
67_73_88
70_76
73_76
67_70
43
31
87
88
91
94
55
55
43
100
62_71_77_101
55_62_67_74_77
74
71_77
67_71
55
43
100
98
96
95
86
93
86_90
91
93
95
83
77_81_96
74
98
100
101
77_79
59
74
53
43
100
98
96
71
62
95
69
93
62
90
67
91
93
59
95
57_96
98
100
55_101
53
43
43
100
98
96
95
93
65_71_91
55_62
89
88
86
84
83
81
79
50_53
43_59
77
76
74
72
71
69
67
65
64
62
60
43
59
31
57
55
53
52
50
48
47
45
55
55
55
43
55_55
55
43
43
43
41
40
55
55
38
36_55
24_55
55
55_55
52_55
36_43
36_43
36
48
55
52_55
55
52_55
55
52_55
64
55_64
55_64
48_55_60_60
48_60
48
48_55
48
55_64
48_60
64
55_64
55_64_64
48_55_60_60
48_60
48
48_55
48
55_64
48_60
55_64
48_60
55_64
48_60
69
55_65
60_65_69_69
60_65_65
60
36_43
36_43
36
48
55_65
60
69
55_65
60_65_69_69
60_65_65
60
36_43
36_43
36
48
55_65
60
55_65
60
55_65
60
74
55_65
74
62_65_71_74
48_62_65_71
59
48
48_55
48
55_65
59
74
55_65
74
62_65_71_74
48_62_65_71
59
48
48_55
48
55_65
59
55_65
59
71
55_65
65_71
62_71
59
69
55_65
69
65_65_69_69
62_65_69
59
48
55_65
59
67
55_64
67
64_64_67_67
64_64_67
60
48
48_55
48
48
55_64
60
55_64
60
55_64
60
69
60_64
69
64_64_69_69
57_60_60_64
57
45
45_57
45
60_64
57
69
60_64
69
64_64_69_69
57_60_60_64
57
45
45_57
45
60_64
57
60_64
57
60_64
57
64
60_64
64
60_64_64
57_60_64
57
48
48_57
48
48
60_64
57
64
60_64
64
60_64_64
57_60_64
57
48
48_57
48
48
60_64
57
60_64
57
60_64
57
67
59_62
55_67
62_67_67
55_59_59_62
50
43
43_50
43
43
59_62
50
67
59_62
55_67
62_67_67
55_59_59_62
50
43
43_50
43
43
59_62
50
59_62
50
59_62
50
55
55
55
55_55
55
36_43
43
36
55
55
55
55
55
55_55
52_55
36_43
36_43
36
48
55
52_55
55
52_55
55
52_55
64
55_64
55_64_64
48_55_60_60
48_60
48
48_55
48
55_64
48_60
64
55_64
55_64_64
48_55_60_60
48_60
48
48_55
48
55_64
48_60
55_64
48_60
55_64
48_60
69
55_65
60_65_69_69
60_65_65
60
36
36_43
36
48
55_65
60
69
55_65
60_65_69_69
60_65_65
60
36
36_43
36
48
55_65
60
55_65
60
55_65
60
74
55_65
74
62_65_71_74
48_62_65_71
59
48
48_55
48
55_65
59
74
55_65
74
62_65_71_74
48_62_65_71
59
48
48_55
48
55_65
59
55_65
59
71
55_65
65_71
62_71
59
69
55_65
69
65_65_69_69
62_65_69
59
48
55_65
59
67
55_64
67
64_64_67_67
64_64_67
60
48
48_55
36
48
55_64
60
55_64
60
55_64
60
72
64_69
64_72
64_69_72_72
52_64_69_72
60
45
45_57
33
64_69
60
72
64_69
64_72
64_69_72_72
52_64_69_72
60
45
45_57
33
64_69
60
64_69
60
64_69
60
71
59_68
64_72
64_68_71_71
52_64_68_72
64
52
52_59
40
59_68
64
71
59_68
64_71
64_68_71_71
52_64_68_71
64
52
52_59
40
59_68
64
59_68
64
59_68
64
59_68
59
59
59_68
59
59_68
64
64
59_68
64
59_68
64
59_68
64
64
84_88
64
72_76
69_76
52
45
45_64
33
64
52
64
84_88
64
72_76
69_76
52
45
45_64
33
64
64
52
72
60
60
72
60
60
66
83_87
63
71_75
66_75
54
57
57_66
45
66
63
54
66
83_87
63
71_75
66_75
54
57
57_66
45
66
63
54
71
59
59
71
59
59
65
83
62
68_71
65_71
53
45
45_59
33
65
62
53
65
83
62
68_71
65_71
53
45
45_59
33
65
62
53
71
59
59
71
84
59
72
72
59
64
86
62
68_74
65_74
52
57
57_59
45
64
62
52
64
84
60
69_72
64_72
52
57
57_60
45
64
60
52
69
57
57
69
57
57
63
83
63
66_71
63_71
51
45
45_54
33
63
63
51
63
83
63
66_71
63_71
51
45
45_54
33
63
63
51
71
59
59
71
59
59
63
78
63
63_66
59_66
51
57
57_59
45
63
63
51
63
78
63
63_66
59_66
51
57
57_59
45
63
63
51
69
59
57
69
59
57
62
81
62
62_69
59_69
50
45
45_53
33
62
62
50
62
80
62
62_68
59_68
50
45
45_53
33
62
62
50
71
59
59
71
81
59
69
69
59
62
83
62
71
71
50
62
62
50
60
76
60
60_64
57_64
48
45
52
33
60
60
48
64
60
52
64
60
52
69
76_88
64
69_76
64_69
57
45_52
45_52
33
69
64
57
68
77_89
59_62
68_77
64_68
52
45_52
45_52
33
76_88
76
68
59_62
52
68
59_62
52
69
59_62
69
69
52
71
59_62
52_71
71
52
71
59_62
52
64
60_64
57_64
64
57
64
60_64
57
64
60_64
57
64
60_64
59
59
69
76_88
60_64
60_69_76
69
60
45_52
33
69
60_64
60
68
77_89
59_62
52_68_77
64_68
52
45_52
45_52
33
76_88
76
68
59_62
52
68
59_62
52
69
59_62
69
69
52
71
59_62
52_71
71
52
71
59_62
52
64
60_64
57_64
64
57
64
60_64
57
64
60_64
57
64
60_64
59
59
64
84
60_64
60_69_72
60_64
60
57
45
64
60_64
60
64
84
60_64
52_69_72
60_64
52
57
45_57
45
64
60_64
52
72
60_64
52
72
60_64
52
64
84_88
60_64
72_76
64_64_72
52
57
44_56
45
64
60_64
52
64
84_88
60_64
72_76
64_64_72
52
56
44_56
44
64
60_64
52
76
60_64
52
76
60_64
52
67
84_91
60_64
72_79
67_69_74
52
56
43_55
44
67
60_64
52
67
84_91
60_62
72_79
67_67_74
55
55
43_55
43
67
60_62
55
79
60_62
55
79
60_62
55
77
60_62
62
62
55
62
77
60_62
55
74
83
59_62
62_71
62
55
62
74
59_62
55
71
59_62
55
71
59_62
59
59
55
59
67
59_62
55
57
57_57
55
55
57
43
59_62
55
55_67
55_64
55
55
55_55
52_55
48
36_55
36
48
55_64
52_55
55_64
48_60
55_64
48_60
76
76
55_64
64
55_64_64
48_55_60_60
48_60
36_43
48_55
36
55_64
48_60
76
76
55_64
64
55_64_64
48_55_60_60
48_60
36_43
48_55
36
55_64
48_60
55_64
48_60
55_64
48_60
81
81
55_65
65_69
60_65_69_69
60_65_65
60
48
36_43
48
48
55_65
60
81
81
55_65
65_69
60_65_69_69
60_65_65
60
48
36_43
48
48
55_65
60
55_65
60
55_65
60
86
86
55_65
74
62_65_71_74
62_65_71
59
36_43
48_55
36
55_65
59
86
86
55_65
74
62_65_71_74
62_65_71
59
36_43
48_55
36
55_65
59
55_65
59
83
83
55_65
65_71
62_71
59
81
81
55_65
69
65_65_69_69
62_65_69
59
55_65
59
79
79
55_64
67
64_64_67_67
64_64_67
60
48_55
48
55_64
60
55_64
60
55_64
60
81
81
60_64
69
64_64_69_69
57_60_60_64
57
45
45_57
33
60_64
57
81
81
60_64
69
64_64_69_69
57_60_60_64
57
45
45_57
33
60_64
57
60_64
57
60_64
57
76
76
60_64
64
60_64_64
57_60_64
57
48
48_57
36
48
60_64
57
76
76
60_64
64
60_64_64
57_60_64
57
48
48_57
36
48
60_64
57
60_64
57
60_64
57
79
79
59_62
67
62_67_67
55_59_59_62
50
43
43_50
31
43
59_62
50
79
79
59_62
67
62_67_67
55_59_59_62
50
43
43_50
31
43
59_62
50
59_62
50
59_62
50
55
55
55
55_55
55
43
55
55
55
55
55
55_55
52_55
36_43
36_43
36
48
55
52_55
55
52_55
55
52_55
55_64
64
55_64_64
48_55_60_60
48_60
36_43
48_55
36
55_64
48_60
55_64
64
55_64_64
48_55_60_60
48_60
36_43
48_55
36
55_64
48_60
55_64
48_60
55_64
48_60
69
55_65
60_69_69
60_65_65
60
48
36_43
48
55_65
60
69
55_65
60_65_69_69
60_65_65
60
60
36_43
48
48
55_65
60
55_65
60
55_65
60
74
55_65
59_67_74
62_65_71
59
36_43
48_55
36
55_65
59
74
55_65
59_67_74
62_65_71
59
36_43
48_55
36
55_65
59
55_65
59
71
55_65
71
62_71
59
69
55_65
69
62_69
59
55_65
59
67
55_64
60_67
64_64_67
60
48_55
48
55_64
60
55_64
60
55_64
60
69
60_64
60_69_69
60_64_64
57
45
45_57
33
60_64
57
69
60_64
60_69_69
60_64_64
57
45
45_57
33
60_64
57
60_64
57
60_64
57
64
60_64
60_64_64
60_64_64
52
48
48_57
36
60_64
52
64
60_64
60_64_64
60_64_64
52
48
48_57
36
60_64
52
60_64
52
60_64
52
67
59_62
59_67_67
59_62_62
55
43
43_55
31
59_62
55
67
59_62
59_67_67
59_62_62
55
43
43_55
31
59_62
55
59_62
55
59_62
55
55
55
48
36
43
55
55
55_67
60
64_67
55_60_64_67
55
48
48
36
48
43
43
48
48
43
43
55_67
60
60_64
55_60_64
48
48
48
36
48
43
43
48
48
43
43
60
60
48_60
60
48
48
48
36
48
60
60
48_60
48
48
36
48
60
60
48_60
48
48
36
48
60
60
48_60
48
48
36
48
60
60
87_90
48_60_80
51
48
48
86
75
84
72
86
75
90
87
80
68
86
75
84
72
68
86
75
87
90
80
86
75
84
72
74
86
75
92
71
74
50
47
86
74
83
80
74_86
90
71
74
86
83
78
86
74
91
71
74_86
83
79
74_86
61_85
70_88
49
46
73
84
82
78
73_84
88
85
70
66
73_84
82
78
66
84
73
85
70_88
84
73
82
78
72
84
73
60
69_90
72
48
45
84
72
81
78
72_84
88
69
84
72
81
76
84
72
89
69
84
72
81
77
84
72
84
60
57_65_87
48
41
72_83
81
77
83
72
87
65_84
60
83
72
77_81
60
72_83
87
65
84
83
72
84
69_77
72_86
60_93
65_87
57
69
48
41
86
84
60
86
65
93
57_87
64
86
53_84
63
86
87_93
48
86
84
41
63
87
88
64
40_56
64
52
40
83
82
83
84
77_93
69
87
93
69
84
77
87
86
87
80
88
47
40_64
83
88
80
40_47
64
83
82
83
93
84
69_77
87
93
84
69
77
87
86
87
80
88
40_47
64
83
88
80
40_47_56_64
40
47
83
82
83
76
71
64
68_76
71
70
71
64
59
64
56
52
59
58
59
36
47
52
56
59
64
68
71
60
91_94
72
64_67
55
52
90
88
90
94
91
76
72
90
79
88
72_84
72
90
79
91
94
76
90
79
88
84
78
90
79
96
66
75_78
78
54
51
90
78
87
84
90
78
94
75
90
78
87
82
90
78
95
75
90
78
87
83
90
78
58_92
89
74
53
50
77_88
86
82
88
77
89
92
74
70
88
77
86
82
70
70
77
88
89
92
74
88
77
86
82
76
88
77
64_94
76
73
76
52
49
88
76
82_85
88
76
92
73
88
76
85
81
88
76
93
73
76_88
85
81
88
76
64_88
90
72
52
48
84
76
83
81
84
76
88_90
72
69
84
76
83
69_81
69
84
76
90
88
72
84
76
83
81
76
84
76
93
76
60
76
58
88
67
70_82
76_91
70_88
79
82
67
60_88
79
79
82
67
79
70
82
76
78
79
76
70
76
76
67
63
75_83
71
59
71
59
47
78
77
78
67_72
79_84
82
79
84
72
67
82
81
82
83
69_75
59_66
71
78
83
66
59_69_75
71
78
77
78
79_84
67_72
82
79
67_72
84
82
81
82
83
75
59_69
66
71
78
83
69_75
59_66
71
59
47
78
77
78
71
66
66
63_83
63_71
71
66
65
66
59
54
64
67
47_84
64_72
72
67
66
67
64
55
58
52_82
47
70
55
54
55
52
43
87
66_95
35_83
63
71
35
90
89
90
83
78
83
71
75
71
78
77
78
71
66
67_76_84
59
64
72
47
79
78
79
76
67
64
59_70
70
67
66
67
64
55
71
66
63
63
47_71
47
66
63
66
66
66_78
78
66
70_78
64
66
60
66_78
58
48
76
70
66
64
66
63
47
54_63
59
47
66
65
66
66
66_78
78
66_70
66_78
60_64
66_78
58
48
76
70
66
64
66
71
63
54
47_63
59
47
66
63
59
63
66
71
75
78
83
87
90
95
71
76
54
35
42
47
51
54
59
63
66
71
75
78
71
83_83
66_75
42
35
71
71
36
69
48
64
52
56
64
57
60
64
67
47
62
35
47
50
62
54
55
59
55
34_46
50
55
66
61
58
64
62
62
35
47
50
67
54
71
55
59
74
72
65
50
38
53
58
68
59
62
68
71
48
36_64
52
56
69
57
60
76
67
38
45
74
48_66
60
50_54
72
64
69
66
67_71
31_43
50
54
59
55
62
59
84
72
38_50
38
53
58
77
80
59_68
74
62
80
68
83
80
48_76
36_71
36
52
56
81
69
59
60
79_88
38
38
45
86
50
78
54
83
74
57
62
84
66_76
81
72
83
74
79
43
71
43
50
55
59_59
43
50
55
67_71
59
59
31
47
51
66
55_63
59
66
63
67
64
31
47
71
67
52
76
55
71
59
59
79
76
79
72
31_69
60
51
54
75
57
60
75
76
67
43_71
59
59
54
71
55
52
47
31
47
51
66
63
55
59
66
63
67
64
31
47
67_71
52
76
71
55
59
59
79
76
82
36
79
64
52
55
82
78
60
64
82
76
75_83
35
59
66
63
59
54
51
82
70
67_79
35
64
64
47
35
47
82
78
52
55
82
60
76
83
71
35_66_75
59
63
47
35
42
47
51
54
59
63
71
75
78
71
83
95
93
64_87
57
69
52
52
36
89
88
84
76
72
75
81
64
77
76
72
64
64
60
59
62
62
67
55
47
35
61
62
67
73_79
74
71
62
73
74
79
85_91
86
58
55
46
34
62
67
74
78
79
90
61
66
88
86
64
79
78
62
76
74
62
59
62
47
35
62
67
71
67
74
86
71
71
74
79
83
74
86
98
89_96
65
72
62
50
38
93
92
86
84
80
77
74
77_83
68
81
79
74
71
68
68
65
62
60_64
71
56
48
36
64
68
71
88
79
80
72
69
57
76
80
81
100
92
93
91
67
98
74
64
52
40
95
94
88
86
82
79
76
85
79
70
83
81
76
73
70
69
67
64
62
66
73
58
50
38
66
70
73
81_90
82
74
71
59
78
81
83
102
93
95
38_72_76
72_76
38
38
45
52
53
54
57
60_60_64_69
64_69
57
50
57
54
52
50_68_71
68_71
45
38_69_72
69_72
45
52
53
54_71_75
71_75
57
60_60_72_76
72_76
57
50
62
63
66
69_78_81
78_81
72
55_59_62_79_83
79_83
43
74
70
71
74_79
74_79
71
55_66
55
50_62
50
50
59
67
71_74
67
61
71_74
62
59_67_71
59
55
55
62
58
59
62_67
67_71
59
54_62
62
50_62
59
59
59
55
59_62
55
49
62
50
38_84_88
72_76
38
45
52
53
54
57
60_60_76_81
64_69
57
50
57
54
52
50_80_83
68_71
45
38_81_84
69_72
45
52
53
54_83_87
71_75
57
60_60_84_88
72_76
57
50
62
63
66
69_90_93
78_81
72
59_67_74_91_95
79_83
55
43
31
86
82
83
86_91
74_79
83
55_78
55
50_62
50
50
59
79
83_86
79
73
71_74
74
59_79_83
59
55
55
74
70
71
74_79
67_71
71
62_66
62
50_62
59
59
59
67
71_74
67
61
62_67
62
91_94
79_82
43
31
86
81
82
86_91
74_79
82
55_78
55
50_62
50
50
58
79
82_86
79
73
70_74
74
58_79_82
58
55
55
74
69
70
74_79
67_70
70
62_66
62
50_62
58
58
58
67
70_74
67
61
67
62
27_39_87
82_87
75
39
39
82
79
75
55_58_67_82
82
70
70
55_58_67_82
82
58_63
70
55
79
75
70
34_46_86
86
74
74
34_46_86
79_86
74
46
34
82
79
74
46_55_70
82
70
67
46_55_62
82
58_62
70
50_55
67
70
74
84
72
79
86
74
82
27_39_87
82_87
75
39
39
82
79
75
55_58_67_82
82
70
70
55_58_67_82
82
58_63
70
55
79
75
70
34_46_86
86
74
74
34_46_86
79_86
74
46
34
82
79
74
46_55_58_70_70
82
70
67
46_55_58_62_70
82
58_62
70
50_55
67
70
72_74
84
72
74_79
86
74
82
37_49_76_82_88
88
58_64
76
55_67
49
37_49
37
81
79
76
64_70_70
79_82
58_67
70_76
67_70
55_64
61
52_55
49
58_69
55_67_70
79_82
58_67
70_76
67_70
55_64
61
52_55
49
49_64
52_58
46_57
43_55_79
88_91
67_73
79_82
76_79
67_70
52
40_52
40
37_52
37_55_79
88_91
67_73
79_82
76_79
67_70
52
40_52
40
43_57
46_58
52_64
49_67_73
85
70
79_82
70_73
67
64
55_58
52
55_68
58_70_73
85
70
79_82
70_73
67
64
55_58
52
64_76
61_79
67_81
70_82
76_88
73_82_91
88_94
70_79
82_85
70_76
67_76
55
43_55
43
79_93
82_94
82_85_98
88_94
70_79
55_67_83_85
55_67_70_76
67_76
55
43_55
43
55_67
55_67
55_67
55_67
55_67
55_67
55_67
55_67
73_76
76
67_70
73_76
67_70
67_70
37_49_82_88
37
37_49
37
81
79
76
64_70_70
70
67
55_58_67_70
64_67
64
49
49
49
58_69
55_67_70
70
67
55_58_67_70
64_67
64
49
49
49
49_64
52_58
46_57
43_55_79
79
76
76_79
67_70
70
37
37_49
37
37_52
37_55_79
79
76
76_79
67_70
70
37
37_49
37
43_57
46_58
52_64
49_67_76
76
70
55_58_70_76
64_67
67
49
49
49
55_69
58_70_76
76
70
55_58_70_76
64_67
67
49
49
49
64_76
61_79
67_81
70_82
76_88
73_82_91
82
70_79
79_82
70_76
76
37
37_49
37
79_93
82_94
82_85_98
82
70_79
79_82
70_76
76
37
37_49
37
55_67
55_67
55_67
55_67
55_67
55_67
76
76
70
70_76
64_70
64
49
37_43
37
76
76
70
70_76
64_70
64
49
37_43
37
82
76_82
76
70_76
58_64_70
70
49
37_43
37
82
76_82
76
70_76
58_64_70
70
49
37_43
37
55_67
55_67
55_67
64
64
64
58
37_43
58
37
64
64
64
58
37_43
58
37
70
64
64_70
58
37_43
58
37
36_70
64
48
48_64_70
58
36_43
58
36
43
48
52
55
58
64
48
48
67
70
76
79
48
48
81
82
48
48
48
48
36_71
65
48
48_68_71
62
48
62
36
44
50
53
56
59
65
48
48
68
71
77
80
48
48
82
83
48
48
48
48
60_72
64
48_60
48_60_67_72
60
48
58_64
36
67
70
72
76
48_60
48_60
79
84
69_75_78_90
66_69
48_60
48_60_69_75
60
60_66
60_76
67_70
70_76
60
48
60_67
36
67
70
72
79
48_60
48_60
82
88
72_75_78_81_90
69_72
48_60
48_60_72_78
63
63_69
48_79
70_72
48_60
48_60_72_79
64
48
64_70
36
48
58
48
64
48
48
67
48
72
48
76
48
48_79
48
60
48_60
48_60
48
70
48
48
76
48
79
48
48
84
48_60
48_60
48
88
48
48
91
48_60
48_60
48
48
48
48_60
48_60
48
48
48
48
48
48
48
48
48
48
48
48
48
48
48
48_80
70_72
48_60_80
48_60_72_80
64
48
64_70
36
48
58
48
64
48
48
68
48
72
48
76
48
48_80
48
60
48_60
48_60
48
70
48
48
76
48
80
48
48
84
48_60
48_60
48
88
48
48
92
48_60
48_60
48
48
48
48_60
48_60
48
48
48
48
48
48
48
48
48
48
48
48
48
48
65
48_69
69_72
81
60_65
57_69_81
53_60_72_81
48_57_77
41
65_69
41
48
81
84
89
93
69
81
60
57_69
53_60_69_72
48
41
57_60
41
69
81
60
57_69
53_60_69_72
48
41
57_60
41
68
80
60
56_68
52_60_68_72
48
40
56_60
40
69
81
60
57_69
53_60_69_72
48
41
57_60
41
69
60
69
53_60
48
41
41
69_86
60
69
53_60
48
41
41
84
68_83
60
68
53_60
48
40
40
86
69_84
60
69
53_60
48
41
41
69
60
48
41
41
69
60_98
86
48
41
41
96
84
95
68
60
48_83
40
40
98
86
69_96
60
48_84
41
41
69
60
48
41
86
69
60
48
41
84
68
83
60
80
48
41
86
72
69
60_84
65
48
41
81
77
74
72
69
60
69
48
41
81
60
53_77
72
69
69
60
48
41
70
68
71
60
68
48
41
74
60
69_72
60
53
48
41
69
65
62
69
57_60_60
48
41
69
48
65
41
60
69
57_60
48
41
58
65_67
59_59
38
50
38_43
64
43
61
59
47
50
38_43
62
53
65
69
66
59
50
50
38_43
69
55
66
59
65_67
71
59
50
38_43
77
64_72_75
48_58
48
36_43
77
55
76
58
79
64
77
67
81
70
78
76
81
79
82
80
86
83
68
60
80
48
40
86
72
69
84
60
65
48
41
81
77
74
69
60_72
69
48
41
81
60
77
53
72
69
69
60
48
41
70
68
71
60
68
48
41
74
60
72
69
60
53
48
41
69
65
62
69
57_60_60
48
41
69
48
65
41
60
57_69
60
48
41
60
69
59
59
38
57
38
64
45
59_61
47
57
38
62
53
65
69
65
68
59
50
57
38
71
57
69
59
71
65
74
65
59
57
38
77
64
62_75
52
56
40
59_77
62_75
76
64
78
80
76_81
60_72
69
57
45
64
60
57
93
93
70
94
65
86
62
45
33
82_96
77_94
45
33
74_89
86
82
70
65_81
74
62
45
33
84
70
82
65
62_77
74
70
65
62
70
69
64_69
49
61
45
33
68
52
69
57
73
61
76
64
80
69
73_81
80
81
85
88
93
70
65_86_94
62
45
33
96
82
94
77
45
33
89
74
86
82
81
70
65_74
62
45
33
84
70
65_82
77
62
70
74
65
62
70
49_69_69
64
61
45
33
52_68
57_69
61_73
64_76
69_80
73_81
80
81
85
57_88
57
93
92
57
57_77
53
50
94
81
93
86
89
65
86
62
57
50
82
65
65_81
62
57
50
89
69
74
86
81
69
65_77
60
43_50
79
69
65_80
69
60
43_50
83
65
81
62
77
57
74
74
72
71
74
65
67
59
55
76
65
74
62
71
71
57
69
69
67
67_67
52_64
48_60
55_60
48
72
76
79
69_69
52_60_64
45
57_60
45
81
69
69
60_64
52
45
57_60
45
72
76
81
64
64
48_52_60
57
57_60
48
76
64_64
48_52_57
60
57_60
48
69
72
76
67
43_59_67
62
50
50_59
45
79
67
43
62_67
50
59
50_59
45
71
74
79
79
43
91
90
74
36_43
77_93
91
84
88
64
60_84
55
48
81
64
64_79
60
55
48
67
88
84
72
79
69_78
65
60
36_43
79
69
69
65_80
60
36_43
65_83
81
62
55_77
74
74
72
71_74
65
67
59
48
76
65
62_74
71
71
55
69
69
67
67
67
48_52
60_64
60
48
72
76
79
67_69
60
45_64
52
60
45
81
69
45_52_69
64
60
60
45
72
76
81
64_64
48_57
60
52
57
48
76
64_64
60
48_57
52
57
48
69
72
76
67_67
50_62
59
43
59
43
79
67
67
62
43
50_59
59
43
71
74
79
67
43
55
76
67
64
48
55
36_48
79
84
88
91
98
96
76
91
72
88
67
84
64
79
60
76
55
72
64_67
48_60
55
36_48
72
55
76
60
79
64
84
67
93
72
91
76
88
72
84
67
79
64
76
60
72
55
67
52
64
48
60
43
60
55
36_60
52
36_43
60
43
64
48
67
52
72
55
81
60
79
64
76
60
72
55
67
52
64
48
60
43
55
36
60
43
64
48
67
52
72
55
81
60
79
64
76
60
72
55
67
52
64
48
60
43
55
36_60
60
43
64
48
67
52
72
55
76
60
79
84
64
85
84
85
84
85
84
85
84
85
84
85
84
60
60
85
84
85
84
85
86
44_60
68_72
51
44
63
89
51
87
56
84
60
80
63
77
68
75
72
84
68
80
63
75
60
72
56
73
51
74
44
77
51
75
56
72
60
68
77
65
62_67
77
51_71
71_77
51
51
61
65
63
63
75
75
75
44_51
72_75
60
44
60
89
51
87
56
84
60
80
63
68_72
77
68
75
72
63
84
68
80
63
75
60
72
56
73
51
74
44
77
51
75
56
72
60
68
77
65
62
67
71
51_77
71_77
51
51
61
65
63
63
75
75
68_72
51
44
51
72_75
51
44
60
75
80
84
79
51_60
56
72
82
80
56_60
51
72
84
87
92
83
41
48
80
85
72_84
48
41
68_80
53
41
41_53
89
92
96
82
56
58_62_67
79
91
86
74
58_62
56_67
68_79
58
46
46_58
91
94
98
87
39_46
75
99
87
75
39
46
67_75
51
39
46_51
91
94
99
98
101
99
91
97
87
95
85
91
82
86
89
87
79
85
75
82
73
79
70
74
77
75
63
63_67
51
51
39
73
58
70
51
73
75
87
86
72
63_68
44
60
44
51
32
89
51
87
56
84
60
80
63
77
68
75
72
84
68
80
63
75
60
72
56
73
51
74
44
77
51
75
56
72
60
77
68
65
62
77
67_71_77
71
61
51
51
39
65
63
63
75_75
75
75
68_72
44
60
44
51
32
89
51
87
56
84
60
80
72
63
77
68
63_75
72
84
68
80
63
75
60
72
56
73
51
74
44
77
51
75
56
72
60
68
77
65
62_77
67_71
71_77
61
51
51
39
65
63
63
75
75
75
72
68_72
44_51
60
44
51
32
75
80
84
72
79
60
56
82
72_80
60
56
84
87
92
80
83
41_48
56
41
86
80_84
68_72
41
48_56
60_65
41
29
89
92
96
79
86
53_67_71
43_59
62
43
88
89
79
53_67_71
59
43
62_65
43
31
91
93
95
96
76
43_72
55_64
48
98
100
76
43_67_72
36
55_64
48
36
96
91
88
84
79
88
72
84
67
79
64
76
60
72
55
67
52
76
60
72
55
67
52
64
48
60
43
55
40
52_67
36_67
55_67
67
55
55
55
43
48
52
55
60
79
76
37_55_67
49_55_67_70_79
67_67_76
67_70
67
43_49
37
43
61_73
40
52
64_76
57
45
81
69
43_55
79
67
49
37
61
73
40_52
64
76
38_50
62
74
42_54
78
66
77
77
45
57_71_77
65_67_77
71
65
50
38
81
69
77
65
43_55_55_67
55_67_71_77
65_67_77
67_71
65
43_50
38
43
79
67
40
52
64
76
74
62
53
41_67_74
62_74
67
62
53
41
65_77
74
53_62
41
55_67_67_74
62_62_74
67
62
43_53
41
65
77
42
54
66_78
72
60
72
60_60_72
60
52
40
43
55
67_79
72
40_52_60
55_67
55_67_67_72
60_60_72
55_67
60
43_52
40
43
76
64
42_54
67_78
66
55
67
55_55_67
55
51
39
55
43
67_79
67
51_55
39_55_67
55_67_67
55_55_67
55_67
48
43_51
39
43
75
63
42_54
78
66
43
55
67_79
40_52
52
40
64_76
54
42
66_78
43
55
67_79
79
37_49_76
55_67
55_67_70_79
67_67_76
67_70
67
43_49
37
43
73
61
40
52
76
64
57
45
69_81
43_55
79
67
37_49
61
73
52
40
64
76
38
50
74
62
42
54
66_78
77
57_77
45_71_77
65_67_77
71
65
50
38
81
69
77
43_65
55_55_67
55_67_71_77
65_67_77
67_71
65
43_50
38
43
79
67
40_52
64_76
74
62
53
41_67_74
62_74
67
62
53
41
65
77
74
62
41_53
55_67_67_74
62_62_74
67
62
43_53
41
77
65
42_54
72
66_78
60
72
60_60_72
60
52
40
43_55
67_79
72
52_60
55_67
40_55_67_67_72
60_60_72
55_67
60
43_52
40
43
64
76
42_54
66
67
78
55
67
55_55_67
55
51
39
43_55
79
67
67
55
39_51_55_67
55_67_67
55_55_67
55_67
48
43_51
39
43
63
75
54
42
78
66
55
43
67_79
40_52
52
40
64
76
54
42
66_78
43
55
67
79
82
91_94
43_70
31_67_71_79_82
59_64_70_73
73
41
41
29
55_67
49
61_73
52
76
64
55
67_79
58
70_82
61
85
73
64
76_88
67
79
91
82
82_94
70
70_82
70
82_94
81
81_93
29_41_69
64_69_76_81
57_64_69_81
49
41
41_49
29
65
48
60_72
79
79_91
49_67
79
79
73
61
79
79_91
41_69_74
29
62_69_74_79
57_69_79
50
41_50
65
49
61
73
77
77_89
50
77
77
62_74
77
77_89
41_67_73
29
61_69_73_77
57_67_67_77
52
41
41_52
29
65
50
74
62
76
76_88
52_76
76
76
64
76
76_88
29_65_69
41_62_69_69_76
57_65_65_76
53
41
41_53
29
65
52
64_76
74
74_86
53
74
74
65_77
74
74_86
62_69
42
30_60_69_69_74
57_62_62_74
54
42
42_54
30
66
53
65_77
67
81
54
69
69
78
66
55_64_72_72
67_76_76_79_84
55_67
43_55_67
31_60_67_67_72
55_64_64_67
55
43
43_55
31
79
89
88
84
79
76
72
67
64
60
55_59_65_71
74_83
43_55_62_71
55_67
62_67_67_71
55_62_65_65
55_67
43
43_55
31
67
65
55
62
53
59
50
56
47
55
43
64
55
62
53
59
50
55
47
53
43
52
55_60_64_72
76_84
43
36_60
72
48_60_64
48
36_48
36
48
48
48
48
48
48
60
60_60
60
48
48
48
60
60_60
52_60
52
48
48
48
48
48
48
68
68_68
68
48
48
48
68
68_68
53_68
53
48
48
48
48
48
48
73
73
73
48
48
48
73
73
58_73
58
48
48
48
48
70
70
48_70
48
68
68
68
48
48
48
67
67
48_67
48
36_48
36
48
48
48
48
48
48
68
64
68_68
64
48
48
48
68
65
68_69
56_65
56
48
48
48
48
48
48
77
65_77
48
48
48
77
65
65_70_77
58_65
61
48
48
48
48
48
48
82
82
70
48
48
48
82
64_70
55_64_70_82
60_64_70
55
48
48
48
48
79
79
48
67
48
77
77
65
48
48
48
76
76
60
48
48_65
48
36_48
36
80
77_80
68
48_72_77
68_68_72
65
48
36_48
36
70
70
72
53
72
53
41_53
41
73
53_73
65_73_73
65
53
41_53
41
67
67
58
68
68
58
46_58
46
85
82_85
73
58_65_74_77
70_70_74
70
58
46_58
46
55
55
43_55
43
53
53
41_53
41
51_63_79
51
51
39_51
39
63
51
84
84
72
63
51
51
84
84
72
56_63_72_79
51_60_72
56
56
44_56
44
80
80
68
80
68
79
79
67
79
67
77
77
65
77
65
53
53
53
41_53
41
65
65
51
65
51
51
39_51
39
65
65
49_65_70
53_65
49
49
37_49
37
65
53
70
70
65
53_70
70
70
65
53_70
61
61
82
82
70
60
60
82
82
70
49_70_75
63_70
58
49
49_58
37
79
79
67
77
77
65
75
75
63
63
51
63
51
51_63
51
51
51
80
80
68
51_63_68_75
51_63_68
51
48
48_51
36
60
60
60
68
60
60
60
65
65
65
65
73
85
73
65_68_73
61_65_68_68
65
46
46_65
34
61
61
61
60
60
60
58
58
58
70
82
70
70
68
80
68
68
67
79
67
67
58_67
63_67_67
58
51
51_58
39
55
55
55
53
53
53
84
84
72
72
51_72
60
51
48
48_51
36
80
80
68
68
79
79
67
67
77
77
65
65
56_65
56_65_65
56
49
49_56
37
53
53
53
51
51
51
82
82
58
70
49_64
46_58_58_64
49
46
42_49
34
78
78
77
77
76
76
73
73
70
70
68
68
66
66
66
66
61
61
60
60
64
58
64
46_58
58
46
42_46
34
56
56
54
54
65
57
53_65
53_53_57_57
53
41
41_48
29
87
75
85
73
48
84
72
48
82
70
81
69
57
78
66
57
75
63
73
61
63
72
60
63
70
58
61
69
57
60
69
58
57
41
49
29
70
58
72
60
53
73
61
53
76
64
77
65
61
81
69
61
82
70
84
72
66
85
73
65
87
75
63
89
77
61
64
58
54
42
30
88
76
86
74
49
85
73
49
83
71
82
70
58
79
67
58
76
64
74
62
64
73
61
64
71
59
62
70
58
61
70
62
59
58
42
50
30
71
59
73
61
54
74
62
54
77
65
78
66
62
82
70
62
83
71
85
73
67
86
74
66
88
76
64
90
78
62
59
53_62
53
43
50
31
89
77
59_88
76
59_86
74
77
65
65_74
62
73
65
61
44
32
74
62
76_76
64
74_77
65
83
71
72
71_86
74
62
53
45
33
89
77
62_88
76
62
86
74
77
65
65
74
62
73
65
61
53_62
46
34
74
62
76
79
64
77
77
65
65
62
86
74
76
89
74
77
71_74_79
68
65
47
35
82
80
77
74
62_65
71
62_65_67
62_65
70
68
65
62
65_74
71
59_62_67
65_74
70
68
65
69
59
65
74_77
71
62
74
65
65
74_77
77
68
80
71
83
74
86
77
89
80
92
83
95
94
71
68
65
50
38
96
95
92
89
62
65_71
86
77_82
74
62
65_71
84
83
80
74_77_77
62
65_74
74
70
62_65_74_77
62
65_74
72
71
68
65_77_89
65
77
62
65_77_89
65
77
68
71
74
77
83
72
83
69
81
65
48
86
77
84
72
81
77
74
72
60
57
69
53
48
81
65
77
60
72
69
60
57
53
48
70
59
71
56_68
53
48
74
65
72
60
57
60
53
48
69
65
62
60
60
57
57
60
53
48
69
53
65
48
60
57
58
59
59
59
36_65
50
36_43
64
43
61
47
62
53
65
69
66
48
64
69
55
66
59
67
65
71
65
77
75
58
48_69
48
36_43
77
55
76
58
79
64
77
67
81
70
78
67_76
81
79
82
80
60
86
83
56_80
72
48
41
86
72
84
57
65
48
41
81
77
74
72
57_69
48
41
81
60
77
53
72
69
57
48
41
70
71
56
68
48
41
74
60
72
53_57
48
41
69
65
62
60_60
57
60
69
48
65
41
60
57
60
59
59
57
38_69
53
38
64
45
61
47
62
53
65
69
68
50
67
71
57
69
59
71
65
74
65
77
62_75
52_56_56_62
64
64
52
40
76
71
72
74
75
76
72
77
78
79
80
84
83
60
57_60
45_52
69
52
45
81
76
72
69
64
60
57
52
48
45
40
33
45
48
52
57
60
64
69
69
72
76
81
84
88
93
62
94
70_86
53
45
33
96
82
94
77
89
74
86
82
81
74
65
84
70
82
65
77
62
74
67
70
61_69
49_69
52
45
68
52
69
57
73
61
76
64
80
69
81
73
80
81
85
88
93
94
62
86
70
53
45
33
93
82
94
77
89
74
86
82
81
65_74
84
70
82
65
77
62
74
67
70
61
69
49_69
52
45
68
52
69
57
73
61
76
64
80
69
81
73
80
81
85
88
93
62_94
62_70
65
56_70
53
44
32
93
94
89
86
82
81
82
86
89
93
94
62_95
53_62_65
65
71_71
62
43
31
94
95
89
86
83
71_82
83
86
89
93
71
95
74_98
48_55_64_64
58_74
70
36
36
96
94
93
91
89
72
88
72
86
84
82
81
79
77
76
60
77
79
81
82
84
86
70
70
88
89
91
93
94
96
98
100
101
103
105
69
48_65
41_57
48_60_77_81
60_69
60
41
41_53
41
69
60
48_60
60_69
48
41
41_53
69
60
48_60
60_69
48
41
41_53
68
60
48_60
60_68
48
40
40_52
69
60
48_60
60_69
48
41
41_53
69
60
48_60
48
41
69_86
60
48_60
48
41
84
68_83
60
48_60
48
40
86
69_84
60
48_60
48
41
69
60
48_60
48
41
69
60_98
86
48
41
96
84
95
68
60
48_83
40
98
86
69_96
60
48_84
41
69
60
48
41
86
69
60
48
41
84
68
83
60
80
48
41
86
72
69
60_84
65
48
41
81
77
74
72
69
60
69
48
41
81
60
53_77
72
69
69
60
48
41
70
68
71
60
68
48
41
74
60
69_72
60
53
48
41
69
65
62
69
57_60_60
48
41
69
48
65
41
60
69
57_60
48
41
58
65_67
59_59
38
50
38_43
64
43
61
59
47
50
38_43
62
53
65
69
66
59
50
50
38_43
69
55
66
59
65_67
71
59
50
38_43
77
64_72_75
48_58
48
36_43
77
55
76
58
79
64
77
67
81
70
78
76
81
79
82
80
86
83
68
60
80
48
40
86
72
69
84
60
65
48
41
81
77
74
69
60_72
69
48
41
81
60
77
53
72
69
69
60
48
41
70
72
42_71
69
60
42
74
72
69
60
51
62
54
63
57
69
60
72
63
66
75
81
72
84
72_87
60_67_79
51
43
89
72
88
72
67
60_67
52
43
84
79
76
72_75
60_67_67
52
43
77
60
76
55
72
67
72
60_67
52
43
64
76
44_63_76
64_72
52
44
65
64
63
64
72
76
52
71
56
60_72
76
64
84
68
88
89
77
57_72
65
45
88
60
89
57
88
60
84
65
77
69
78
76_90
72
57
66
45
57
88
60
90
57
88
60
84
66
78
69
76
77
78
84
88
90
79_91
76
73
58
67
46
58
88
61
91
58
88
61
85
64
79
70
80_92
76
59_74
68
47
59
89
62
92
59
89
62
86
65
80
71
93
81
69
61_76
69
49
61
88
64
93
61
88
64
85
69
81
73
79
80
81
85
88
93
82_94
76
60_79
70
48
60
91
64
94
60
91
64
88
67
82
72
83_97
76
80
64
59_68
71
47
59
95
93
92
90
88
87
85
83
81
80
78
76
75
75
75
71
59
47_54_57
69
47
76
78
80
81
83
85
87
88
90
92
93
95
97
99
76_100
76
28_71
64
68
40_47
35
40
44
47
52
56
59
64
68
71
76
52
56
59
64
68
83
88
92
83
88
92
95
100
64
64
64
64
64
64
62
29_41
62
62
45
53
57
57
57
57
61
69
62
57
57
57
60
28_40_60
60
43
52
55
55
55
55
57
67
59
27_39
43
51
55
59
59
59
67
57
57
57
55
59
55
55
55
28
40_55
55
48
60
60
60
52
55_64
64
64
59_67
67
67
67
60
65
31_43
65
65
52
55
61
58
61
61
70
60
61
61
61
61
64
41
29_64
64
50
53
62
57
62
62
61
69
62
69
31_43
69
60
53
57
67
58
67
58
59_67
65
65
59
62
62
62
62
64
64
36
64
64
67_76
43
72
52
76
48
88
79
55
84
64
86
74_81
41
53
57
81
69
61
62
69
81
72_79
84
52
40
52
55
67_79
59
60
64
51
39
51
55
83
71
59
81
69
63
67
79
67_79
40
52
52
72
84
55
76
88
59
60
79
91
64
82
77
89
43
55
55
58
73
85
64
67
85
73
88
76_81
41
53
53
57
86
74
62
65
81
69
55
43
70_79
61
73_76
67
69
77
55
68_74
72
65
67
76
71
64
72
60
76
72
67
64
55
48
64
60
72
76
55
52
43
36
48
52
65_71
68
56
62
68
71
69
64_72
36
48
72_76
69
52
72_76_81
57
60
76_81_84
74_84
77
36
56
59
62
79
80
65
86
84
79
76
72
83
36
82
81
52
80
79
57
78
77
75
60
77
76
64
72
71
69
62_72
65_65_69
62
36
59
36
50
53
68
65
59
62
65
68
64_69
64
60
36
60
48
72
69
52
72
76
57
76
81
60
81_84
87
84
41_69
75
53
41
53
83_87
57
60
81_87
65
69
88
76
80
40_68
52
40
47
52
56
59
64
68
71
76
80
76
76
83
88
74_80
86
60
74
57
41
83
81
77
74
69
68_69_74
69
71
69
65
69
62
69
57
72
52_60
72
55
40
54
55
67
60
63
64
64_67
67
66
67
72_79
75
76
51_59
55
39
54
55
67
59
62
63
55
63
71
66
67
69
79
71
74
67
75
60
60
52_67
55
40
54
55
60_67
72
63
64
64
72
76
66
67
72_79
79
75
76
82
70
89
67
77
61
43
86
85
79
76
67
76
70
73
74
73
67
64
73
61
58
69
65
43_76
62
43
43
43_53
43
57
43
61
43
43
62
74
43
69
43
43
70
67
55_77
61
43
64
43
43
70
43
72
43
43
73
73
43
82
43
43
69
43_65
76
62
43
53
43
43
57
43
61
43
43
62
74
43
69
43
43
73
70
55_77
67
43
43_64
43
70
43
72
43
43
73
76
43
82
43
43
74
69
43
79
65
43
43
53
43
43
57
43
61
43
43
62
77
43
69
43
43
81
69
55
77_81
72_74
65
43
43
43
69
43
43
72
62
43
74
65
43
43
81
69
43
84
74
43
43
93
86
77
43
84
74
81
69
74
65
72
62
69
55
71
71_79
55_67
65
65_71
67_71
65
43
43
74
71
67
62
59
60
72
55_67
60_72
36_48_55_64_67_72
60_64_64_72
64
36_43
36_43
36
48
55_67
55_67
55_67
67
55_67
67
55_67
71
55_67
55_67
55_67_71
51_55_63
51
36_43
36_43
36
48
55_67
48
48
69
55_67
69
48
55_67
48
48
67
55_67
67
48
55_67
48
48
67
55_67
67
52_55_64
52
48
55_67
55_67
72
55_67
72
55_67
55_67
76
55_67
60_72
55_67_76
60_64
48_55
43
36_43
36
48
55_67
55_67
81
55_67
81
55_67
55_67
79
55_67
55_67
79
59_63_67_71
53
43
55_67
43
43
55_67
43
55_67
43
43
55_67
43
43
43
55_67
43
43
75
55_67
75
53_55
47
36_47
36
43
55_67
43
43
55_67
45
45
43
55_67
43
43
75
55_67
75
43
43
43
55_67
43
43
76
55_67
55_67_76
60_64_67_72
52_55
43
36_43
36
43
55_67
55_67
55_67
48
48
55_67
55_67
67
55_67
67
60_64
52
52
52
55_67
55_67
55_67
57
57
55_67
55_67
55_67
55_67
55_67
59_62_65_65
53
55
36_55
36
43
55_67
55_67
55_67
67
55_67
67
55_67
71
55_67
55_67_71
59_63_63
51
43
36_43
36
43
55_67
43
43
69
55_67
69
43
55_67
43
43
67
55_67
67
43
55_67
43
43
67
55_67
67
60_60_64_64
52
43
55_67
55_67
72
72
55_67
72
55_67
55_67
76
76
60_72
60_72
55_67_76
60_64
52
43
36_43
36
43
60_72
60_72
79
79
60_72
79
60_72
60_72
84
84
60_72
84
64_72
60_72
60_72
60_72
60_72
48
48
48
60_72
80
80
60_72
60_72
56_68_80
60_64
52
52
36_52
36
48
60_72
60_72
50
50
50
60_72
80
80
60_72
80
48
48
48
60_72
81
81
60_72
60_72
57_69_81
60_65_65_72
48
48
41_48
29
48
60_72
60_72
60_72
53
53
53
60_72
60_72
60_72
57
57
57
60_72
60_72
60_72
62
62
62
60_72
60_72
60_72
60_72
58_70
64_64_67_72
60
60
41_60
48
60_72
60_72
60_72
72
72
60_72
72
60_72
76
76
60_72
76
60
56
56
56
48
60_72
48
48
74
74
60_72
74
48
60_72
48
48
72
72
60_72
72
48
60_72
48
48
72
72
60_72
60_72
57_69_72
60_65_65_72
57
57
57
48
60_72
60_72
77
77
60_72
77
60_72
60_72
81
81
60_72
57_69_81
60_65
48
48
41_48
29
48
60_72
60_72
84
84
60_72
84
60_72
60_72
84
84
60_72
58_70_76_84
64_64_67_72
60_72
60_72
60_72
60_72
48
48
48
60_72
80
80
60_72
60
80
60
52
52
41_52
29
48
60_72
60_72
50
50
50
60_72
80
80
60_72
80
48
48
48
60_72
81
81
60_72
65_69
57_69_77_81
60_65_65_72
48
48
41_48
29
48
60_72
60_72
60_72
53
53
53
60_72
60_72
72
72
60_72
72
57
57
57
60_72
60_72
60_72
62
62
62
60_72
60_72
60_72
60_72
58_70
64_64_67_72
60
60
41_60
29
48
60_72
60_72
60_72
72
72
60_72
72
60_72
76
76
60_72
76
60
56
56
56
48
60_72
48
48
74
74
60_72
74
48
60_72
48
48
72
72
60_72
72
48
60_72
48
48
72
72
60_72
57_69_72
60_65_65_69
57
57
57
48
60_72
60_72
72
65_69
77
77
60_72
77
60_72
72
65_69
60_72
81
81
60_72
60_72
72_81
65_69
48
48
41_48
29
48
60_72
60_72
72
65_69
84
84
60_72
84
60_72
72
65_69
60_72
88
88
76
72_76
64_72_84
60_72_72_76
42
42
30
48
48
48
64_72_84
60_72_72_76
48
48
48
64_72_84
60_72_72_76
60
60
60
48
48
48
84
84
72
64_72_84
60_72_72_76
64
64
64
48
48
48
64_72_84
60_72_72_76
62
62
62
48
48
48
84
84
72
60_64_72_84
60_72_72_76
60
60
60
48
48
48
76
76
64
60_64_72_84
60_72_72_76
60
60
43_60
31
48
48
48
64_72_84
60_72_72_76
48
64
48
64
64
48
72_84
60_72_72_76
48
48
48
84
84
72
64_72
64_67_72_84
60_72_72_76
67
43
43_67
48
48
48
64_72_84
60_72_72_76
48
72
48
72
48
84
84
72
64_72
64_72_84
60_72_72_76
48
48
48
88
88
76
72_76
64_72_84
60_72_72_76
44
44_44
32
48
48
48
64_72_84
60_72_72_76
48
48
48
64_72_84
60_72_72_76
60
60
60
48
48
48
84
84
72
64_72_84
60_72_72_76
64
64
64
48
48
48
64_72_84
60_72_72_76
62
62
62
48
48
48
84
84
72
60_64_72_84
60_72_72_76
60
60
60
48
48
48
76
76
64
60_64_72_84
60_72_72_76
60
60
45_60
33
48
48
48
64_72_84
60_72_72_76
48
64
48
64
64
48
72_84
60_72_72_76
48
48
48
88
88
76
72_76
64_67_72_84
60_72_72_76
67
45
67
48
48
48
64_72_84
60_72_72_76
48
72
48
72
48
88
88
76
72_76
64_72_84
60_72_72_76
48
48
48
91
88_91
79
76_79
76_79
64_67_67_76
67_76
46
64_67
34
48
88
76_79
64_67_67_76
67_76
46
64_67
88
76_79
64_67_67_76
67_76
46
64_67
88
88
76
55_64_76_79
64_67_67_76
67_76
46
64_67
88
76_79
64_67_67_76
67_76
46
64_67
88
88_88
76
55_64_76_79
64_67_67_76
67_76
46
64_67
79
79_88
67
55_76_79
64_67_67_76
67_76
47
64_67
35
88
76_79
64_67_67_76
67_76
47
64_67
88
76_79
64_67_67_76
67_76
47
64_67
88
88
76
67_76
64_76_79
64_67_67_76
67_76
47
64_67
88
76_79
64_67_67_76
67_76
47
64_67
88
88_88
76
67_76
55_64_76_79
64_67_67_76
67_76
47
64_67
91
88_91
79
67_76
64_67_76_79
64_67_67_76
67_76
48
64_67
36
48
48
48
88
76_79
64_67_67_76
67_76
48
64_67
48
48
48
88
76_79
64_67_67_76
67_76
48
64_67
48
48
48
88
88
76
64_76_79
64_67_67_76
67_76
48
64_67
48
48
48
88
76_79
64_67_67_76
67_76
48
64_67
48
48
48
88
88_88
76
64_76_79
64_67_67_76
67_76
48
64_67
48
48
48
94
88_94
82
67_76
67_70_76_79
64_67_67_76
67_76
48
64_67
36
48
48
48
88
76_79
64_67_67_76
67_76
48
64_67
48
48
48
88
76_79
64_67_67_76
67_76
48
64_67
48
48
48
91
88_91
79
64_67_76_79
64_67_67_76
67_76
48
64_67
48
48
48
88
76_79
64_67_67_76
67_76
48
64_67
48
48
48
91
88_91
79
64_67_76_79
64_67_67_76
67_76
48
64_67
48
48
48
100
48_91_94
88
67_76
67_70_76_79
64_67_67_76
67_76
48
64_67
36
48
64
60
55
70_76
64
48_58
57
48
69
70
64
71
72
55
60
74
63_75
59
47
54
47
83
78
63
75
71
54
59
69
62
68_74
56
46
58
46
67
68
62
69
52_56
70
74
61
45_57_73
52
45
81
76
61
73
52_57
69
67
60
66
60_72
44
54
44
65
66
60
71
50_72
54
74
67_75
60
43
55
43
81
60_79
76
71
52_55
72
62
43_73
59
53
43
76
59_74
71
69
63
53
55
65
63
63
60
36
55
36
69
67
64
60
64
62
52_55
60
76
64
48_70
64
48
48
69
70
64
71
72
55_60
76
71
47_63_75
54
47
83
78
63
75
71
54_59
69
74
62
62_68
46
52
46
67
68
62
69
70
52
56
74
69
45_61_73
52
45
81
76
61
72
69
57
52
67
66
60
44_72
60
50
44
65
60_66
71
54_72
50
74
75
67
43
55
52
43
81
79
60
76
55
71
52
72
73
59
43
55
43
76
59
57_74
71
53_55_69
55
65
36
55_64
52
48
60
55
60
64
67
76
76
70
48
67
70
61_69
67
69
58
70
81
75
48_69
66
48
75
66_72
71
72
60
57
75
74
47_74
68
65
47
68
67
62
65
67
58
57
68
79
73
67
46
64
46
73
72
61
70
52_72
55
73
72
72
45_66
63
45
66
65
60
63
51_65
54
66
72
77
65
44
62
44
72
68
60
65
68
50_53
72
76
71
43
43
71
67
59
65
67
55
75
71
75
65
48
55
48
71
67
60
65
67
72
55
64_76
71
79
76
34_79
46_72
72
46
76
74
64
72
55
74
60
76
75_84
33_84
45_72
72
45
78
75
63
72
75
60
54
78
77
74
32_77
71
44
71
44
74
62_72
71
59_72
53
74
84
76
84
43_72
31
55
43
79
60_76
72
76
55
52
79
72
75
42_68_75
30
54
42
72
70
63
68
70
54
56
72
73_80
29_41_80
53
41
77
73
61
68
53_73
56
77
72_75
75
68
30
42
54
42
72
70
63
68
70
56
54
72
72_80
80
41_80
60_68_72_80
53_60_68
53
41
41_53
41
48
73
72
68
65
56
56
60
68
65
53
65
61
60
56
65
53
65
48
70_78
78
70
51
39_61_66_66_73
54_58_70
61_66
39
39_51
39
46
54
66
58
61
63
51_70
70
58
78
66
75
75
70
73
40
51
72
47
72
54_66
70
70
58
61
78
39_49_68
56_66_73_78
51_60_68
56_66
39
39
39
44
54
66
61
56
66
61_66
51
54
56
78
75
66_75
72
63
73
68
39_48
44
56_66
75
75
63
60
80
48_80
37
60_65_65_72
49_56
56_65
37
37_68
37
44
65
53
60
56
80
80
49
60
68
56
65
85
77_85
73
68
70
37
46
82
44_82
70
65_80
80
53
68
56
58
78
78
70
37
46_58_65_70
49_54_66
58_65
37
37_54
37
42
65
53
58
49
61
58
61
54
65_70_77
70
70
37
46
42
53
65_70
70
58
46
78
36
58_63_78
48_54
58_63
36
36_54
36
42
51_63
58
54
58_78
48_78
54
63_75
82
82
70
66
36_46
80
42
80
51
63_78
78
58
54
36
48_77
57_63_77
48_53
57_63
48
36_53
41
53
65
57
63
65
78
78
47_59
75
69
47
51
66
78
69
75
77
79
79
34_46
75
70
46
39
67
55
58
63
67
82
82
70
44_56
77
70
44
53
70
82
74
77
82
87_87
82
43_75_75
55
70
72
43
82
79
75
70
58
67
86
74
74
62_67
70
67
62
58
67
55
73
85
76
52_58_73
43_70
74
76
77
79
81
83
85
86
88
89
91
93
95
97
86
57_86_98
42_50_74
74
69
42
93
90
86
81
57
78
84_84
84
72
62_72
80
77
72
68
62
65
71
83
83
41_50_56_71
68
74
68
41
72
74
75
77
79
80
83
84
86
87
89
91
93
95
96
84
40_84
72
67
79
67
52
40
91
60
88
55_86
52
84
85
85
73_82
40
70
52
40
91
61_85
82
81
52
55
79
86
41_80_86
74
77
69
53
41
86
81
62
77
76
53_57
74
93
87_93
72_81
42
84
75
54
42
81
75
63
74
54
57_73
72
67
91
43_88_91
79
55_67_72_76
67_84
76
55
43_55
43
72_79
76
57
75_78
72
56
71_74_77
55
70
73
75
53
68_71_74
52
67
72
71
71
79_83
65_69
31_43
74_77
55_67
62
43
43_55
31
65
49
64
43
67
65
50
62
52
61
64
62
53
57
59
64
36_79_84
60
48_60_72_76
64_67
36_43
36_48
36
43
55
48
64
52
62
67
67
60
71
55_65
55
71
36_43
36
59
65
69
69
71
67
75
67
79
67
36_67
43
55
52
72
60
72
64
69
76
55_65
48_76
72
36_43
36
55
67
64
72_81
81
76
81
79
36_80
55_65
79
71
79
43
78
47
77
53
76
83
55
43
43
74
59
75
73
55_65
65_75
67
47
47
36
72
71
45
45
69
75
68_77
75
43
43
67
76
36_55_64_76
43
76
67
43
43
36
72
68
67
48
48
64
60
67
56
67
52
52
55
52
48
57
57
44
43
55_65
36
67
55
55
36
43
53
47
59
67
63
67
67
71
48
71
51
43
43
36
55
69
65
59_69
71
67
75
67
79
67
36_55_64
67
52
52
52
43
55
48
60_72
52
72
64
69
76
48
76
48
48
36
55
67
60
72_79
64_79
76
79
84_84
36_84
43_83
82
46
81
48
88
55_80
48
48
79
58
80
60_64_78
80
70
52
52
36
77
76
50
50
74
73
80
80
80
48
48
72
81
81
41
65
48
81
69
48
48
41
77
73
72
53
53
69
65
61
57
57
60
57
53
62
62
49
48
64
41
67
58
60
60
41
48
58
52
64
72
68_72
72
76
53_76
68
56
56
60
70_74
74
64
76
80
72
72
56
56
84
72
72
65
41
69
57
57
57
41
48
57
53
65_77
77
69
72
81
81
53
48
48
41
60
69
65
84
84
77
81
84
88
84_88
42_64
60_64
72_76
60_64
42
76
48
60_84_88
52
72_76
60_64
64
84_88
69
72_76
60_64
72
84
55_84_88
72
72_76
60_64
55
43
60
72_84_88
64
72_76
60_64
76
84
79_84_88
72
72_76
60_64
84
76
84_88
44_64
72_76
60_64
56
44
48
84_88
52_60
72_76
60_64
64
68
84_88
72_76
60_64
72
84
84_88
72
57
72_76
60_64
57
45
60
64_84_88
72
72_76
60_64
76
84
81_84_88
72
72_76
60_64
84
88
44_84_88
76
72_76
60_64
56
44
48
84_88
60
52
72_76
60_64
64
68
84_88
72_76
60_64
72
84
57_84_88
72
72_76
60_64
57
45
60
72
84_88
64
72_76
60_64
76
81_84
84_88
72
72_76
60_64
84
76
46_79_88
64
64_67
76_79
55_64
58
46
52
79_88
55_64
76_79
55_64
67
72
79_88
76_79
55_64
74
88
59_79_88
76
76_79
55_64
59
47
64
79_88
79
67
76_79
55_64
83
88
88
79_88
76
76_79
55_64
91
91_94
79_82_88
79_88
47
40_67_70_79_82
76_79
55_64
60
48_60
48
64
48_70
58_76
57
48
69
70
64
71
60_72
55
74
63
47_75
59
54
47
83
78
63
75
54_71
59
69
68
62_74
56
46
58
46
67
62_68
69
70
56
52
74
61
45_73
57
52
45
81
76
61
73
69
52_57
67
72
60_66
44_60
54
44
65
66
60
71
50
72
54
74
67
75
60
43
55
43
81
60
79
76
71
52
55
72
62
59_73
43
53
43
76
74
59
71
63
53_55_69
65
63
36_60_63
55
36
69
64
67
60
64
62
55
52
60
70_70_76
48
64
48
48
69
70
64
71
72
55
60
76
71_75
63
47
54
47
83
78
63
75
71
59
54
69
68_68
74
62
46
52
46
67
68
62
69
70
52
56
74
69
61_73
45
52
45
81
76
61
73
69
52_57
67
66
66
60_72
44
50
44
65
66
60
71
72
50_54
74
67_75
60
43
52
43
43
81
43
43
79
60
43
76
43
43
71
52_55
43
72
43
43
67_73
65
43
59
43
76
43
43
74
59
43
71
43
43
53_68
50
43
67
43
43
64
43
60
43
81
43
43
79
60
43
76
43
43
71
52
55
43
72
43
43
75
69
64
43
61
43
77
43
43
76
61
43
73
43
43
52_70
55
43
69
43
43
69
43_65
62
43
43
43
81
62
43
77
43
43
76
57
53
43
74
43
43
69_75
43
64
61
43
43
77
43
43
76
61
43
73
43
43
70
52_55
43
69
43
43
65
43
62
43
82
43
43
81
62
43
77
43
43
76
53
57
43
74
43
43
75
72
69
43
63
43
43
86
43
43
63
84
43
81
43
43
79
60
57
43
78
43
43
72_81
55_60
64_67
64
43
43
79
76
72
69
67
64
60
54
55
57
59
60
55_65_71
62
53_55_65_71
59
43
55_65
43
64
65
67
69
71
72
74
76
67
55_77
55_67
67
43
79
81
83
84
86
88
89
91
93
95
76_96
55_64
36_55_64_76
67_72
48
36_43
36_43
43
48
52
59
55
64
60
48
55
60
64
76
67
71
72
79
76
72
67
81
64
81
60
65
81
55
55_65
55_65_81
67_75
55
43
43_53
43
71
75
77
83
79
79
87
79_84_88
79
36_64
55_64_79
72_76
48
36_43
43_52
36
43
48
52
55_76
59_64
76
60
67
48
67
64_67
55
60
64
76
67_71
72
79
76
72
67
81
64
81
60
65
81
55_65
55_55_65_81
71_75
55
43
43_53
43
71
75
77
83
79
79
87
79_79
64_84_88
36_55_64_79
72_76
48
36_43
43_52
36
43
48
52
59
64_76
55
76
60
67
55_64
43
55_64_67
64_67
48
36_43
36_48
48
52
55
67
79
59_64
79
60
76
48
76
55
60
64
71_72
67_76
72
72
84
55
55_64
55_64_84
72_76
48
36_43
36_48
60
64
67
79
71_79
76
79
72
76
48
76
55
60
64
71_76
67_72
84
72
67
55_79
55_64
67
72_76
48_60
36_43
36_48
36
60
64
67
72_75
64
76
79
64
76
76
88
60_76
64
67
72
72_79
84
83_88
72
84
67
79
55_64
67_67
72_76
48_60
36_43
36_48
36
72
76
79
84_87
79
91
91
79
88
84
84_96
55_64_72
72_84
48_60
48
48_60
48
76
79
84
90
88_96
91
84
77_77_80
72
80
84
86
91_96
89
92
72
76_79
76
79
84
89_92_96
91
77_84
77_80
72
80
84
86
89_96
91
92
60
76_79
64
67
72
76_78
84
79
68_72
65_84
68_72
65_68_77_80
72
65
65
53_60
68
72
74
77_84
79
80
67_72
60
67_72
60_67_76_79
64
60
48
64
67
72
77
80
84
79
68_72
84
68_72
65_65_68_77_80
72
65
65
53_60
68
72
74
79
77
84
80
67_72_79
76
64_67_72_72_84
60_88
60_67_67_76_79
64
60
48
43
77_83
91
67
79
55_86
62
59
55
83_86
55_62
67_74
55_62_67_74_74_79
59_62_67_71_71
43_55_67
43
43_55
43
36
88
84_91_96
52_55
60_64
48_55
84_88
55_64
72_76
60_64_64_76_76_79
48_55_67_72_72
55_67
36_43
36_43
36
48
48
48
48
48
48
48
48
48
48
48
48
48
48
48
48
48
48
48
48
48
48
48
48
48
48
