42
42
42
42
42
42
42
42
31_44
44
44
44
42
42
38_44
31
44
44
44
44
44
42
42
38
36_44
44
44
44
44
44
42
42
44
44
44
44
44
44
42
42
36
33_44
44
35
33
43_44
35
44
44
44
42
42
43
38_44
44
44
44
44
44
42
42
38
36_44
44
36_36_44
44
36
36_44
36
36
44
36
24_42
42
44_48
24
44
44
44
48
43_44
44
42_48
43
42
44
44
48
31_44
44
44
44
42
42
38_44
31
44
44
44
44
44
42
42
36_44
38
44
44
44
44
36
44
36_42
42
44
35
36
44
36_44
35
35
36
44
35
36_44
44
42
42
30_44
36
44
30
31_44
44
44
44
42
42
31_38_44
44
44
44
44
44
42
42
36_44
38
44
44
44
44
44
42
42
44
44
44
44
44
36
44
36_42
42
36
28_44
28
30
44
30
31_44
44
44
44
44
44
37_42
42
37
38_44
31
44
44
44
44
44
44
44
44
44
37_42
42
37
38
36_44
44
44
44
44
44
44
44
44
44
37_42
42
37
44_48
44
36
48
44_50
44
50
44_48
44
44
44
44
44
37_42_43
48
37
42
36_37
43
37
44
44
44
44
31_44
36
44
44
44
44
44
37_42
42
37
38_44
44
31
44
44
44
44
44
44
44
44
37_42
42
37
38
36_44
44
44
44
24_44
36
44
44
44
24
24_44
44
37_42
42
37
44_48
24
44
44
44
44
44
44
44
44
44
37_42
37
42
37
37
28_44
48
44
28_30_44
44
31_44
30
44
44
44
44
44
37_42
42
37
38_44
31
44
44
44
44
44
44
44
44
44
37_42
42
37
37_44
38
44
44
44
36_44
37
44
44
44
44
44
37_42_48
42
37
36
44
44
44_47
48
44
44_48
47
44
48
47
44_47_48
44
44
44
24_37_42_48
37
42
37
37
30_44
24
44
44
44
30
31_44
44
44
44
44
44
37_42
42
37
31
38_44
44
44
44
44
44
44
44
44
44
37_42
42
37
38
36_44
44
44
44
44
44
44_48
44
44
44
37_42
42
37
44
44
44
44
44
44
44
44
36
44
44
36_37_42
37
42
37
37
44
44
44
36
44_48
35_35_44
35
44
44
44
37_42
37
42
44
35
44
35_35_44
35
44
44
44
37_42
37
42
44
35
44
35_35_44
35
44
44
44
37_42
37
42
46
46
35
35_35_46
35
46
35_46
35
46
31_40_46
35
40
46
46
46
31
28_35_55
55
35
28
28_35_46
35
28
46
28_35
28
28_40_46
35
40
46
35_35_46
28
46
35
46
46
35
31_35_46
46
35
40_43_46
31
40
43
46
35_43
46
35
43
46
43
43
28_35_46
35
46
28
28_35_46
35
28
46
28_35
28
28_40_46
35
40
46
35_35_46
28
46
35
46
46
35
31_35_46
46
35
40_46
31
40
46
31_35
35
46
31
46
31
31
28_35_46
35
46
28
28_35_46
35
28
46
28_35
28
35
28_40_46
40
46
28_35_35_46
46
35
46
46
35
31_35_46
46
35
40_46
31
40
46
31_35
35
46
46
33_35_46
31
46
35
33
33_46
46
33
33_35
35
33
33_40
40
33
33_40
40
33
35_35_46
35
46
35
35
35
35
35
36_40
40
35_37_46
36
35
46
37
38_40
40
38
38_40
40
38
39_46
46
39
40_40
40
28_35_55
40
55
35
28
28_35_46
35
28_46
28_35
28
35
28_40_46
46
40
35_35_46
28
35
46
46
46
35
31_35_46
46
35
40_46
40
46
35
35
31
31_46
46
31
28_35_46
35
46
28
28_35_46
35
28
46
28_35
28
35
28_40_46
40
46
35_35_46
28
35
46
46
46
31_35_35_46
46
35
40_46
40
46
35
35
31
31_46
46
31
28_35_46
35
46
28
28_35_46
35
28
46
28_35
28
35
28_40_46
40
46
35_35_46
28
35
46
46
46
35
31_35_46
35
46
40_46
40
46
35
35
31
31_46
46
31
33_35_46
35_46
33
33_46
46
33
33_35
35
33
33_40_40
40
40
33
33
33
35_35_46
46
35
35
35
35
35
35
36_40
40
35_37_46
36
35
46
37
38_40_46
40
46
38
39_40
40
40_46
39
46
40
40
31_40_57
57
42
42
42
42
37_44
44
37
38_42
31
42
42
42
44
44
42
42
42
42
37_44
44
37
38
36_42
42
42
42
44
44
42
42
42
42
37_44
44
37
42
42
42
42
44
44
42
42
42
42
37_44
37
44
37
37
36
33_42
42
35_42
42
33
43_44
35
44
44
44
44
44
37_42
42
37
43
38_44
44
44
44
44
44
44
44
44
44
37_42
42
37
38
36_44
44
44
44
36_36_44
44
44
44
44
36
44
36_37_42
42
37
44
44
35_44
36
44
36_44
35
44
35
36
35
36_44
44
44
44
37_42
37
42
37
37
30_44
36
44
44
44
30
31_44
44
44
44
44
44
37_42
42
37
31_38_44
44
44
44
44
44
44
44
44
44
37_42
42
37
36_44
38
44
44
44
44
44
44
44
44
44
37_42
42
37
44
44
44
44
44
44
44
44
44
36
44
36_37_42
37
42
37
37
36
28_44
44
28
30_44
44
30
30_31_44
30
44
44
44
44
44
37_42
42
37
38_44
31
44
44
44
44
44
44
44
44
44
37_42
42
37
37_44
38
44
44
44
36_44
37
44
44
44
44
44
37_42_48
42
37
36
44
44
44_47
48
44
44_48
47
44
48
47
44_47_48
44
44
44
24_37_42_48
37
42
37
37
30_44
24
44
44
44
30
31_44
44
44
44
44
44
37_42
42
37
31
38_44
44
44
44
44
44
44
44
44
44
37_42
42
37
38
36_44
44
44
44
44
44
44_48
44
44
44
37_42
42
37
44
44
44
44
44
44
44
44
36
44
44
36_37_42
37
42
37
37
44
44
44
36
44_48
35_35_44
35
44
44
44
37_42
37
42
44
35
44
35_35_44
35
44
44
44
37_42
37
42
44
35
44
35_35_44
35
44
44
44
37_42
37
42
35_44
35
35
44
35_40_44
40
47
44
47
44_45
45
40
40
44
31_40_42
35
40
42
35_41_44
35
41
44
31
28_35_55
55
35
28
28_35_46
35
28
46
28_35
28
28_40_46
35
40
46
35_35_46
28
46
35
46
46
35
31_35_46
46
35
40_43_46
31
40
43
46
35_43
46
35
43
46
43
43
28_35_46
35
46
28
28_35_46
35
28
46
28_35
28
28_40_46
35
40
46
35_35_46
28
46
35
46
46
35
31_35_46
46
35
40_46
31
40
46
31_35
35
46
31
46
31
31
28_35_46
35
46
28
28_35_46
35
28
46
28_35
28
35
28_40_46
40
46
28_35_35_46
46
35
46
46
35
31_35_46
46
35
40_46
31
40
46
31_35
35
46
46
33_35_46
31
46
35
33
33_46
46
33
33_35
35
33
33_40
40
33
33_40
40
33
35_35_46
35
46
35
35
35
35
35
36_40
40
35_37_46
36
35
46
37
38_40
40
38
38_40
40
38
39_46
46
39
40_40
40
28_35_55
40
55
35
28
28_35_46
35
28_46
28_35
28
35
28_40_46
46
40
35_35_46
28
35
46
46
46
35
31_35_46
46
35
40_46
40
46
35
35
31
31_46
46
31
28_35_46
35
46
28
28_35_46
35
28
46
28_35
28
35
28_40_46
40
46
35_35_46
28
35
46
46
46
31_35_35_46
46
35
40_46
40
46
35
35
31
31_46
46
31
28_35_46
35
46
28
28_35_46
35
28
46
28_35
28
35
28_40_46
40
46
35_35_46
28
35
46
46
46
35
31_35_46
35
46
40_46
40
46
35
35
31
31_46
46
31
33_35_46
35_46
33
33_46
46
33
33_35
35
33
33_40_40
40
40
33
33
33
35_35_46
46
35
35
35
35
35
35
36_40
40
35_37_46
36
35
46
37
38_40_46
40
46
38
39_40
40
40_46
39
46
40
40
28_35_40_55
55
35
28
28_35_46
35
28
46
28_35
28
28_40_46
35
40
46
35_35_46
28
46
35
46
46
35
31_35_46
46
35
40_43_46
31
40
43
46
35_43
46
35
43
46
43
43
28_35_46
35
46
28
28_35_46
35
28
46
28_35
28
28_40_46
35
40
46
35_35_46
28
46
35
46
46
35
31_35_46
46
35
40_46
31
40
46
31_35
35
46
31
46
31
31
28_35_46
35
46
28
28_35_46
35
28
46
28_35
28
35
28_40_46
40
46
28_35_35_46
46
35
46
46
35
31_35_46
46
35
40_46
31
40
46
31_35
35
46
46
31_33_35_46
33
46
35
33
33
33_46
46
33
33_35
35
33
33_40
40
33
33_40
40
33
35_35_46
35
46
35
35
35
35
35
36_40
40
35_37_46
36
35
46
38_40
37
40
38
38_40
40
38
39_46
46
39
40_40
40
33_35_53
40
53
35
33
35
35
35_53
53
35
35_35
35
35
35_40_53
40
53
35
33_35
35
33
35_53
53
53
35
53
35
35
35_53
53
35
35_40_53
40
53
35
33
53
33
53
33
33
33_35_53
35
33_53
35
35
35_53
53
35
35_35
35
35
35_40_53
40
53
35
33_35
35
33
35_53
53
53
35
53
35
35
35_53
53
35
35_40_53
40
53
35
33
53
33
53
33
33
33_35_53
35_53
33
35
35
35_53
53
35
35_35
35
35
35_40_53
40
53
35
33_35
35
33
35_53
53
53
35
53
35
35
35_53
53
35
35_40_53
40
53
35
33
53
33
53
33
33
33_35_53
53
35
33
35
35
35_53
53
35
35_35
35
35
35_40_53
40
53
33_35_35
35
33
35_53
53
53
35
53
35_46
46
35
35
35
35_40_53
53
40
33_35
30_53
33
53
40
40
30
33_35_55
55
35
33
35
35
35_53
53
35
35_35
35
35
35_40_53
40
53
35
33_35
35
33
35_53
53
33
35
33
35
35
35_53
53
35
35_40_53
40
53
33_35
53
33
53
33
33
33_35_53
53
35
33
35
35
35_53
53
35
35_35
35
35
35_40_53
40
53
35
33_35
35
33
35_53
53
33_53
35
53
33
35
35
35_53
53
35
35_40_53
40
53
33_35
53
33
53
33
33
33_35_53
53
35
33
35
35
35_53
53
35
35_35
35
35
35_40_53
40
53
35
33_35
35
33
35_53
53
33_53
35
53
33
35
35
35_53
53
35
35_40_53
40
53
33_35
53
33
53
33
33
33_35_53
53
35
33
35
35
35_53
53
35
35_35
35
35
35_40_53
40
53
35
33_35
35
33
35_53
53
33_53
35
53
33
35_45
35_45
35_53
53
35
35_40_53
40
53
33_35
53
53
33
33
33
33_35_55
55
35
33
35
35
35_53
53
35
35_35
35
35
35_40_53
40
53
35
33_35
35
33
35_53
53
35
35
35
35
53
53
35
35_40_53
35_40
53
35
35
35_53
53
35
33_35_53
53
35
33
35
35
35_53
35
53
35_35
35
35
35_40_53
40
53
35
35_35
35
35
35_53
53
53
53
35
35
53
53
33
35
33
35_40_53
40
53
35
35_53
53
35
33_35_53
53
35
33
35
35
35_53
53
35
35_35
35
35
35_40_53
40
53
35
35_35
35
35
35_53
53
33_35_53
53
33
35
53
35
53
35
35
35_40_53
40
35
53
35
35
35_53
53
35
33_35
33
35
35_40
40
35
35
35
35_35
35
35
35_40
40
35
35_35
35
35
35_40
40
40
40
45
45
35
31_40
40
40
40
43
43
31
28_35_55
55
35
28
28_35_46
35
28
46
28_35
28
28_40_46
35
40
46
35_35_46
28
46
35
46
46
35
31_35_46
46
35
40_43_46
31
40
43
46
35_43
46
35
43
46
43
43
28_35_46
35
46
28
28_35_46
35
28
46
28_35
28
28_40_46
35
40
46
35_35_46
28
46
35
46
46
35
31_35_46
46
35
40_46
31
40
46
31_35
35
46
31
46
31
31
28_35_46
35
46
28
28_35_46
35
28
46
28_35
28
35
28_40_46
40
46
28_35_35_46
46
35
46
46
35
31_35_46
46
35
40_46
31
40
46
31_35
35
46
46
33_35_46
31
46
35
33
33_46
46
33
33_35
35
33
33_40
40
33
33_40
40
33
35_35_46
35
46
35
35
35
35
35
36_40
40
35_37_46
36
35
46
37
38_40
40
38
38_40
40
38
39_46
46
39
40_40
40
28_35_55
40
55
35
28
28_35_46
35
28_46
28_35
28
35
28_40_46
46
40
35_35_46
28
35
46
46
46
35
31_35_46
46
35
40_46
40
46
35
35
31
31_46
46
31
28_35_46
35
46
28
28_35_46
35
28
46
28_35
28
35
28_40_46
40
46
35_35_46
28
35
46
46
46
31_35_35_46
46
35
40_46
40
46
35
35
31
31_46
46
31
28_35_46
35
46
28
28_35_46
35
28
46
28_35
28
35
28_40_46
40
46
35_35_46
28
35
46
46
46
35
31_35_46
35
46
40_46
40
46
35
35
31
31_46
46
31
33_35_46
35_46
33
33_46
46
33
33_35
35
33
33_40_40
40
40
33
33
33
35_35_46
46
35
35
35
35
35
35
36_40
40
35_37_46
36
35
46
37
38_40_46
40
46
38
39_40
40
40_46
39
46
40
40
28_35_40_55
35_55
28
28_35_46
35
28
46
28_35
28
28_40_46
35
40
46
40
40
35_35_46_57
28
57
46
35
46
46
35
31_35_46
46
35
40_43_46
31
40_43
46
35_43
46
35
46
43
43
43
28_35_46
35
46
28
28_35_46
35
28
46
28_35
28
28_40_46
35
40
46
35_35_46
28
46
35
46
46
35
31_35_46
46
35
40_46
31
40
46
31_35
35
46
31
46
31
31
28_35_46
35
46
28
28_35_46
35
28
46
28_35
28
35
28_40_46
40
46
28_35_35_46
46
35
46
46
35
31_35_46
46
35
40_46
31
40
46
31_35
35
46
46
31_33_35_46
33
35
46
33
33
33_46
46
33
33_35
35
33
33_40
40
33
33_35
35
33
35_46
46
35
35
35
35_35
35
35
36
35_37_46
36
35
46
35
35
38_40
37
40
38
38_40
40
38
39_46
46
39
40_40
40
28_35_40_55
35_55
28
28_35_46
35
28
46
28_35
28
28_40_46
35
40
46
40
40
35_35_46_57
28
57
46
35
46
46
35
31_35_46
46
35
40_43_46
31
40_43
46
35_43
46
35
46
43
43
43
28_35_46
35
46
28
28_35_46
35
28
46
28_35
28
28_40_46
35
40
46
35_35_46
28
46
35
46
46
35
31_35_46
46
35
40_46
31
40
46
31_35
35
46
31
46
31
31
28_35_46
35
46
28
28_35_46
35
28
46
28_35
28
35
28_40_46
40
46
28_35_35_46
46
35
46
46
35
31_35_46
46
35
40_46
31
40
46
31_35
35
46
46
28_31_35_46
35
46
28
28_35_46
35
28
46
28_35
28
35
28_40_46
40_46
28
35_35_46
35
46
31_35_57
35
35_57
31
