42
42
42
42
42
42
42
42
46
46
42
42
42
42
46
46
36_36_48_48_55_55_60_60
36
36
60
36
55
48
48_60
55
36
42
42
36_36_48_48_55_55_60_60
36
36
55
60
36
48
60
55
48
36
42
42
55
36
36
55
58
42
42
58
55
36
36
55
60
42
42
36
36
36_36_48_48_55_55_60_60
36
36
55
48
36
60
60
48_55
36
42
42
36_36_48_48_55_55_60_60
36
36
60
36
55
48
36
60
55
48
42
42
60
55
36
36
55
58
42
42
58
55
36
36
60
42
42_55
36
36
36_36_48_48_55_55_60_60
36
36
48
55
60
55
36
60
48
36
42
42
36_36_48_48_55_55_60_60
36
36
60
55
48
36
48
55
60
36
42
42
60
55
36
36
55
58
42
42
58
55
36
36
55
60
42
42
36
36
36_36_48_48_55_55_60_60
36
36
48
36
55
60
55
48
60
36
42
42
36_36_48_48_55_55_60_60
36
36
55
48
36
55
60
60
48
36
42
42
60
55
36
36
58
42
55
42
58
55
36
36
60
55
42
42
36
36
36_48_48_55_55_60_60
36
36
48
48
60
55_60
55
36
42
42
36_48_48_55_55_60_60
36
36
60
36
55
48
60
48
55
42
42
60
72
72
77
36
36
77
77
42
42
77
76
36
36
76
74
72
42
42
74
72
74
36
36
34_46_46_53_53_58_58
36
36_74
58_58
46_46
53_53
34
72
72
42
42
34_46_46_53_53_58_58_72
36
36
46_46
58_58
53_53
34
42
42
53
36
36
53
55
58
42_55
42
58
53
36
36
55
53
55
60
42
42
36
36
72
36_48_48_55_55_60_60
36
36
48
60
48
55_60
55
36
42
42
36_48_48_55_55_60_60
36
36
60
48_55
60
55
48
36
42
42
72
72
77
36
36
77
77
42
42
77
76
36
36
76
74
60
72
42
42
74
72
74
36
36
34_46_46_53_53_58_58
36
36_74
58
58
53
53
46
46
34
72
72
42
42
34_46_46_53_53_58_58_72
36
36
58
53
53
58
46
46
34
42
42
53
36
36
53
55
58
42
55
42
58
53
36
36
53_55
55
60
42
42
36
36
72
36_48_48_55_55_60_60
36
36
48
48
60
55_60
55
36
42
42
36_48_48_55_55_60_60
36
36
60
36
55
48
60
48
55
42
42
72
72
60_77
36
36
77
77
77
77
42
42
77
76
36
36
76
74
42
42
36
46
58
36
62
46
34_46_53_58_62_65
36
36
46
65
62
42
58
42
62
65
58
36
36
42
46
42
62
65
58
62
58
74
46
65
74
46
74
58_77
62
36
36
65
77
77
46_77
79
62
58_65
42
42
62
58_65
46
79
76
36
36
53
46
58
62
76
74
42
62_65
46
58
42
62
46
65
58
50
36
36
34_53
57
38_50_53_57_60_65_69
36
65
36
62
69
50
69
53
42_65
57_62
42
38
38
36
36
50
53
57
74
69
62
65
50
65
42_53_62_69
57
42
53
50_57_65
69
62
57
76
76
76
36
36
53
50
76
65
62_69_79
42_50
53_57
42
53
50
57
79
69
65
62
62
57
65_69
76
36
36
53
50
69
65
60
76
74
65_69
62
72
74
42
42
65
69
62
72
38
55
76
36
36
59
62
43_43_43_55_59_62
36
36
67
76
74
43
36_62
42_55_59
36_42
74
59
55
62
43
55
59
62
43_50_74
36
36
50
57_62
36
36
43
57
62
62
55_59
43
36
42
36_42
59
55
55
62
59_62
43
67
46
46
43
43_43_55_55_59_59_62_62
36
67
36
59
62
55
59
55
62
43
43
43
59
55_62
38
38
59
55_62
67
43
74
38
43
36_42
41
36_42
41
43
62
55_59
74
59
55
62
45
43
45
43
62
31_55_59_67_71_74_79
36
38_38
36_38
59
62_71
55
74
67
79
55
43
55
43
59_62
55_67_71_74
38
38
74
59
55
62
71
67
74
31
43_55_76
36
38_42_43
36_38_42
43
55
67_71_74
38_55_59_62
38
59
55
62
71
67
74
43
43
55
36_38
36_38
76
43
55
34_46_46_46_58_58_62_62_65_65_77
36_42_49
36_42_49
34
77
34
42
42
65
62
58
46
38_58_58_62_62_65_65_77
38
42
34
38_42
46
62
65
58
38
77
38
36
42
36_42
58
62
65
38
41_58_58_77
36
42
36_42
41
77
58
41_46_46_77
58
36_42
36_42
62
58
65
46
46
46
43_58_58_62_62_65_65
38
42
41
38_42
77
62
65
58
62
58
65
43
41_77
36
42
36_42
41_41_53_53_57_57_60_60
36
42
36_42
41
41
42
42
41
38_53_57_60
38
42
38_42
41
57
53
60
36
42
53
36_42
38
36_53_53
36_42
36_42
41
53
36
53
77
60
57
57
53
36_41_41_76
36
42
36_42_60
41
76
41
38_53_53_57_57_60_60_77
38
42
36_38_42
53
57
53
57
60
60
77
36_79
38
36_42
36_42
48_48
36_42
36
36_42
79
36_55_76
42
42
48
33_55_60_60_64_64_67
55
38_42
38
42
36
55
60
64
60
64
36
42
36_42
67
33
31_55_60_67
36
42
36_42
67
55
60
31
31_48_55
36_42
36_42
55
48
33_55_60_60_64_65_67
38
42
38_42
31
55
60
64
65
60
67
33
36_60_64_67_67_72_76
36
42
36_42
55
36
42
36_42
55
67
72
76
36
36_48_55_67_72_76
42
60
64
42
67
76
72
67
55
48
40_55_60_60_64_64_67_67_74
36
38
42
38_42
64
60
55
74
64
67
60
40
67
36
36
42
36_42
36
43_55_62_67_67_72
36
42
36_42
76
43
48
55
43_48_76
36_42
72
36
42
67
67
62
43
48
45_55_60_60_64_67_69
38
42
38_42
67
55_69
60
60
64
45
43
36
42
36_42
43
34_46_46_62_65_70_74
36_76
42
36
42
34
74
34_72
42
42
38_58_58_62_62_65_65
34
38
42
38_42
46
65
62
58
38
62
65
58
38
36_42
36_42
46
38_41_58
36_42
36_42
41
58
41_46
36
42
36_42
70
65
62
41
46
46_58_58_62_62_65_65
38
42
38_42
62
65
62
58
65
58
46
41
36_42
36
42
72
41
29_41_41_60_65_69
36
42
36_42
29
29
42
42
29
33_53_53_57_57_60_60
38
42
38_42
41
53
57
60
33
33
36_42
36_42
33
36_48_53_76
36
42
36_42
53
60
57
41
53
36
48
36_41
36
42
36_42
76
60
65
41
69
41_53_53_57_57_60_60_69
38_42
36
38
42
53
57_57
53
60
41
36
60
69
36
41_48_67
36_42
36_42
36_48
41
36_42
36_42
36
36_55
42
42
55
33_55_60_60_64_64_67
38
42
38_42
36
48
60
55
64
33
33
36
42
36_42
31_55
36_42
36_42
33
55
31
31_48
36
42
36_42
48
33_55_55_60_64
38
42
31
38_42
60
55
55
64
60
64
48
67
33
31_60_64_67_72_76
36_42
36_42
64
60
67
36_55
31
36_42
36_42
55
72
76
36
36_48_48_72_76
42
42
72
76
48
33_55_60_60_64_64_67_69_74
38
42
38_42
36
67
60
64
55
33
74
69
33_55
64
36_42
36_42
60
67
55
31_55_60_62_67_67_72
36_42
33
36_42
55
31
60_62
31_48_55
36
42
67
36_42
67
72
55
48
33_48_55_60_60_64_64_67_69_74
38
42
31_38_42
55_60
60
64
64
67
69_74
33
31
36_42
36_42
31
34_46_46_46_58_58_62_62_65_65_77
36_42_49
36_42_49
34
77
34
42
42
65
62
58
46
38_58_58_62_62_65_65_77
38
42
34
38_42
46
62
65
58
38
77
38
36
42
36_42
58
62
65
38
41_58_58_77
36
42
36_42
41
77
58
41_46_46_77
58
36
42
36_42
62
58
65
46
46
46
43_58_58_62_62_65_65
38
42
41
38_42
77
62
65
58
62
58
65
43
41_77
36
42
36_42
41_41_53_53_57_57_60_60
36_42
36_42
41
41
42
42
41
38_53_57_60
38
42
38_42
41
57
53
60
36_42
53
36_42
38
36_53_53
36
42
36_42
41
53
36
53
77
60
57
57
53
36_41_41_76
36
42
36_42_60
41
76
41
38_53_53_57_57_60_60_77
38
42
36_38_42
53
57
53
57
60
60
77
36_79
38
36_42
36_42
48_48
36_42
36
36_42
79
36_55_76
42
42
48
33_55_60_60_64_64_67
55
38
42
38_42
36
55
60
64
60
64
60
36
46
36_46
67
33
60
31_55_60_64_67
36
42
36_42
67
76
55
60
31
31_48_55
36
42
36_42
64
55
48
33_55_60_60_64_65_67_67
38
42
38_42
31
55
60
64
38
38
65
60
67
33
36_60_64_67
36_38_42
36_38_67
42
48
60_64_67
36_38_50_50_50_53_57_62_62_65_65_69_77
36_38_46
36_38_46
65
50_62
69
50
77
42
42
38
38_50_50_62_65_69_77
36_38
46
36_38
46
65
69
50
62
50
57
65
53
62
50
42_77
38
42
29_41_41_43_53_53_57_57_60_60_76
36_38
46
36_38_46
43
57
53
60
41
76
36_42
36
42
29
29_41_53_57_60_76
36
38_46
36
38_46
53_53
57
41
60
41_60
57
76
29
36
42
36_42
31_43_43_43_55_55_59_59_62_62_76
36
38_42
36_38_42
42
42
43
31
36
42
36_42_55_62
59
76
31_43_55_59_62_74
36
38_46
36_38_46
43
43
55
59
62
43
31
36_46
36_46
43
31_43_55_59_62
36_38
42
36
38_42
42
42
43
31
55
43
62
59
36
38_42
36_38_42
31_43_55_59_62
36
38_46
36_38_46
43
59
43
62
55
38
38
43
62
59
55
36
38
36_38
31
29_41_41_41_53_53_57_57_60_60
36_46
49
74
36_46
49
57
53
41_57_60
53
41
60
41
29
60_65_67_72
42
42
36
36
42
42
72
72
36
36
72
72
42
42
72
74
36
36
74
69
72
69
42
42
65
60
67
36_36_48_48_55_55_60_60_60
36
36
48
55
60
55
36
60
48
36
42
42
36_36_48_48_55_55_60_60
36
36
60
55
48
36
48
55
60
36
42
42
60
55
36
36
55
58
42
42
58
55
36
36
55
60
42
42
72
36
36
36_36_48_48_55_55_60_60
36
36
48
36
55
60
55
48
60
36
42
42
36_36_48_48_55_55_60_60
36
36
55
48
36
55
60
60
48
36
42
42
60
55
36
36
58
42
55
42
58
55
36
36
60
55
42
42
36
36
36_48_48_55_55_60_60
36
36
48
48
60
55_60
55
36
38
42
38_42
36_48_48_55_55_60_60
36
36
60
36
55
48
60
48
55
38_42
38_42
60
72
72
77
36
36
77
36
36
77
38
42
38_42
77
76
36
36
76
74
36
36
72
38
42
38_42
74
72
74
36
36
34_46_46_53_53_58_58
36
36_74
58_58
46_46
53_53
34
72
72
38_42
38_42
34_46_46_53_53_58_58_72
36
36
46_46
58_58
53_53
34
38
42
38_42
53
36
36
53
55
36
36
58
38_42_55
38_42
58
53
36
36
55
36
36
53
55
60
38
42
38_42
36
36
72
36_48_48_55_55_60_60
36
36
48
60
48
55_60
55
36
38_42
38_42
36_48_48_55_55_60_60
36
36
60
48_55
60
55
48
36
38
42
38_42
72
72
77
36
36
77
36
36
77
38
42
38_42
77
76
36
36
76
74
36
36
60
72
38
42
38_42
74
72
74
36
36
34_46_46_53_53_58_58
36
36_74
58
58
53
53
46
46
34
72
72
38
42
38_42
34_46_46_53_53_58_58_72
36
36
58
53
53
58
46
46
34
38
42
38_42
53
36
36
53
55
36
36
58
38_42
55
38_42
58
53
36
36
53_55
36
36
55
60
38
42
38_42
36
36
72
36_48_48_55_55_60_60
36
36
48
48
60
55_60
55
36
38
42
38_42
36_48_48_55_55_60_60
36
36
60
36
55
48
60
48
55
38
42
38_42
72
72
60_77
36
36
77
77
36
36
77
77
38
42
38_42
77
76
36
36
36
36
76
74
38_42
38_42
36
46
58
36
62
46
34_46_53_58_62_65
36
36
46
65
62
38
42
58
38_42
62
65
58
36
36
38
42
46
38_42
62
65
58
62
58
74
46
65
74
46
74
58_77
62
36
36
65
77
77
36
36
46_77
79
62
58_65
38
42
38_42
62
58_65
46
79
76
36
36
53
46
58
62
36
36
76
74
38
42
62_65
46
58
38_42
62
46
65
58
50
36
36
34_53
57
38_50_53_57_60_65_69
36
65
36
62
69
50
69
53
38_65
42_57_62
38
42
38
38
36
36
50
53
57
74
69
62
65
50
65
38_53_62_69
42_57
38_42
53
50_57_65
69
62
57
76
76
76
36
36
53
50
76
36
36
65
62_69_79
38_50
42_53_57
38_42
53
50
57
79
69
65
62
62
57
65_69
76
36
36
53
50
69
65
60
76
74
36
36
65_69
62
72
74
38_42
38_42
65
69
62
72
38
55
76
36_38
46
36_38
46
59
62
43_43_43_55_59_62
36_51
36_51
67
76
74
36
36
43
38_62
42_51_55_59
38_42
51
74
59
55
62
43
55
59
62
43_50_74
36
36
50
57_62
36_51
36_51
43
57
62
36
36
62
55_59
43
38
42_51
38_42_51
59
55
55
62
59_62
43
67
36
36
43
43_43_55_55_59_59_62_62
36_51
67
36_51
59
62
55
59
55
62
43
43
43
59
55_62
36_38
36_38
59
55_62
38
38
67
43
74
38
43
38
42_48
38_42_48
43
62
55_59
74
59
55
62
36
41
43
36
41
43
62
31_55_59_67_71_74_79
38_38
38
59
62_71
55
74
67
79
55
43
55
43
59_62
55_67_71_74
36
38_45
36_38
45
74
59
55
62
71
67
74
31
43_55_76
38_42
43
38
42
43
55
67_71_74
38_55_59_62
38
59
55
62
71
67
74
43
43
55
36_38_46
36_38_46
76
43
55
34_46_46_46_58_58_62_62_65_65_77
36
42_49
36_42_49
34
77
34
42
42
65
62
58
46
38_58_58_62_62_65_65_77
38_42
34
38
42
46
62
65
58
38
77
38
36_42
36_42
58
62
65
38
41_58_58_77
36
42
36_42
41
77
58
41_46_46_77
58
36
42
36_42
62
58
65
46
46
46
43_58_58_62_62_65_65
38_42
41
38_42
77
62
65
58
62
58
65
43
41_77
36
42
36_42
41_41_53_53_57_57_60_60
36_42
36
42
41
41
42
42
41
38_53_57_60
38
42
38_42
41
57
53
60
36
42
53
36_42
38
36_53_53
36_42
36_42
41
53
36
53
77
60
57
57
53
36_41_41_76
36_42
36_42
60
41
76
41
38_53_53_57_57_60_60_77
38
42
36_38_42
53
57
53
57
60
60
77
36_79
38
36_42
36
42
48_48
36
42
36
36_42
79
36_55_76
42
42
48
33_55_60_60_64_64_67
55
38
42
38_42
36
55
60
64
60
64
36
42
36_42
67
33
31_55_60_67
36_42
36
42
67
55
60
31
31_48_55
36
42
36_42
55
48
33_55_60_60_64_65_67
38_42
38
42
31
55
60
64
65
60
67
33
36_60_64_67_67_72_76
36_42
36
42
55
36
42
36_42
55
67
72
76
36
36_48_55_67_72_76
42
60
64
42
67
76
72
67
55
48
40_55_60_60_64_64_67_67_74
36
38
42
38_42
64
60
55
74
64
67
60
40
67
36
36
42
36_42
36
43_55_62_67_67_72
36_42
36_42
76
43
48
55
43_48_76
36_42
72
36_42
67
67
62
43
48
45_55_60_60_64_67_69
38
42
38_42
67
55_69
60
60
64
45
43
36_42
36_42
43
34_46_46_62_65_70_74
36_76
42
36_42
34
74
34_72
42
42
38_58_58_62_62_65_65
34
38
42
38_42
46
65
62
58
38
62
65
58
38
36_42
36
42
46
38_41_58
36_42
36_42
41
58
41_46
36
42
36_42
70
65
62
41
46
46_58_58_62_62_65_65
38_42
38_42
62
65
62
58
65
58
46
41
36_42
36_42
72
41
29_41_41_60_65_69
36
42
36_42
29
29
42
42
29
33_53_53_57_57_60_60
38
42
38_42
41
53
57
60
33
33
36
42
36_42
33
36_48_53_76
36_42
36
42
53
60
57
41
53
36
48
36_41
36_42
36_42
76
60
65
41
69
41_53_53_57_57_60_60_69
38
36_42
38_42
53
57_57
53
60
41
36
60
69
36
41_48_67
36_42
36_42
36_48
41
36
42
36_42
36
36_55
42
42
55
33_55_60_60_64_64_67
38_42
38_42
36
48
60
55
64
33
33
36_42
36_42
31_55
36
42
36_42
33
55
31
31_48
36
42_48
36_42_48
48
33_55_55_60_64
38_42_45
31
38_42
45
60
55
55
64
60
64
48
67
33
31_60_64_67_72_76
36
45_46
36_45_46
64
60
67
36_55
31
36_42
41
36_42
41
55
72
76
36
36_48_48_72_76
38_42
38
42
72
38
76
38
48
33_55_60_60_64_64_67_69_74
38
42
38_42
36
67
60
64
55
33
74
69
33_55
64
36_38_42
36
38_42_60
67
55
31_55_60_62_67_67_72
36
38_42
33
36_38_42
55
38
38
31
60_62
31_48_55
36
38_42
67
36_38_42
67
72
55
48
33_48_55_60_60_64_64_67_69_74
38_42
38
31_42
55_60
60
64
64
38
38_67
69_74
33
31
36_38_42
36_38_42
31
34_46_46_46_58_58_62_62_65_65_77
36
42_49
36_42
49
34
77
34
42
42
65
62
58
46
38_58_58_62_62_65_65_77
38
42
34
38_42
46
62
65
58
38
77
38
36_42
36
42
58
62
65
38
41_58_58_77
36
42
36_42
41
77
58
41_46_46_77
58
36
42
36_42
62
58
65
46
46
46
43_58_58_62_62_65_65
38_42
41
38_42
77
62
65
58
62
58
65
43
41_77
36_42
36_42
41_41_53_53_57_57_60_60
36
42
36_42
41
41
42
42
41
38_53_57_60
38
42
38_42
41
57
53
60
36_42
53
36_42
38
36_53_53
36_42
36_42
41
53
36
53
77
60
57
57
53
36_41_41_76
36
42
36_42_60
41
76
41
38_53_53_57_57_60_60_77
38_42
38_42
36
53
57
53
57
60
60
77
36_79
38
36_42
36_42
48_48
36
42
36
36_42
79
36_55_76
42
42
48
33_55_60_60_64_64_67
55
38
42
38_42
36
55
60
64
60
64
60
36
46
36_46
67
33
60
31_55_60_64_67
36_42
36
42
67
76
55
60
31
31_48_55
36
42
36_42
64
55
48
33_55_60_60_64_65_67_67
38_42
38
42
31
55
60
64
38
38
65
60
67
33
36_60_64_67
36_38
42
36_38_42_67
48
60_64_67
36_38_50_50_50_53_57_62_62_65_65_69_77
36
38_46
36_38_46
65
50_62
69
50
77
42
42
38
38_50_50_62_65_69_77
36
38_46
36_38_46
65
69
50
62
50
57
65
53
62
50
42_77
38
42
29_41_41_43_53_53_57_57_60_60_76
36
38_46
36_38_46
43
57
53
60
41
76
36
42
36_42
29
29_41_53_57_60_76
36_38_46
36_38_46
53_53
57
41
60
41_60
57
76
29
36
42
36_42
31_43_43_43_55_55_59_59_62_62_76
36_38
42
36_38_42
42
42
43
31
36_42
36
42_55_62
59
76
31_43_55_59_62_74
36
38_46
36_38
46
43
43
55
59
62
43
31
36
46
36_46
43
31_43_55_59_62
36
38_42
36_38_42
42
42
43
31
55
43
62
59
36
38_42
36_38_42
31_43_55_59_62
36
38_46
36
38_46
43
59
43
62
55
38
38
43
62
59
55
36
38
36_38
31
29_41_41_41_53_53_57_57_60_60
36
46_49
74
36_46
49
57
53
41_57_60
53
41
60
41
29
60_65_67_72
38
42
38_42
36
36
38_42
38_42
72
72
36
36
72
72
38
42
38_42
72
74
36
36
74
69
72
69
38_42
38_42
65
60
67
36_60
36_42
49
36_42_49
60
48
48
60
42
42
36
60
36_48_60
38_42
51
38
42_51
48
60
60
60
48_60
36
42
36_42
36
36_48_60
36
42_51
36_42_51
60
60
48_48
48
48
60_60
36_42
36_42
36
60
60
36_48_48
38
42_51
38_42_51
48
48
60_60
60
60
48_48
36
42
36_42
36
48
48
36_60_60_64_67
36
42_51
36_42_51
64
60_67
60
48_48
48
48
52_55_60_64_67
42
42
36
64
60
67
55
36_48_48_55_76
38
42_51
52
38_42_51
48
48
55
55_57_60_64_67
60
64
67
55_57
76
48_48_60
36
42
36_42
36
48
48
60
36_60_60_60_64_67_74
36_42_51
36_42_51
60
64
60_67
60
48_48_62
48
48
62
55_60_60_64_64_67
36
42
36_42
36
74
60
64
60
64
67
55
36_48_48_67_72
38
42_51
38_42_51
72
67
48
48
55_60_60_64_67_69
60
64
69
60
36
55
67
48_48_72_72
36
38_46
36_38
46
48_48
72
34_46_46_58_58_62_62_65_65_74
36
42_49
36_42
49
46
62
46
62
58
65
34_58
65
74
42
42
38
42
38_42
34_46_46_58_58_62_62_65_65
36
42
36_42
42
42
34
34
36
42
36_42
31
38
42
62
38_42
65
34
58
46
46
65
62
58
31
29
36_42
36_42
34_46_46_53_58_58_62_62_65
29
36_42
36_42
62
46_65
58
58
46
62
53
34
42
42
38
42
38_42
34_46_46_53_58_58_62_62_65_76
36
42
36_42
42
42
62
58_76
65
46
74
42
42
53
58
46
74
31_72
62
38
42
38_42
34
72
31
29
36_42
36_42
29
36_48_48_52_55_55_60_60_64_64_72
36_42
36_42
60_64
55_64
60
55
48
52
48
36
72
74
42
42
74
76
38_42
38
42
36_48_48_52_55_55_60_60_64_64
36
42
36_42
42
42
36_42
36_42
36
33
38_42
38_42
60
64
52
48
55
64
60
55
48
31
36
42
33
36_42
31_76
36_48_48_55_55_60_60_64_64
36
42
36_42
64
64
55_60
48
60
48_55
36
42
42
76
38
42
38_42
36_48_48_55_55_60_60_64_64
36
42
36_42
76
79
42
42
64
55
60
55
64
60
48
48
42
42
79
33_76
38
42
38_42
36
33
31
36
42
36_42
76
34_46_46_58_58_62_62_65_65_74
31
36
42
36_42
65
46
62
58
62
46
65
58
34
74
72
42
42
38
42
38_42
34_46_46_58_58_62_62_65_65
36_42
36_42
42
42
36
42
36_42
72
31
38
42
34
38_42
46
65
58
62
62
65
58
31
29
46
36_42
36
42
29
34_46_46_58_58_62_62_65_65
36_42
36_42
62
58
65
46
62
46
65
58
34
42
42
76
38
42
38_42
34_46_46_58_58_62_62_65_65
36_42
36
42
76
58_62
46
74
42
42
65
58
62
42
46
65
42
74
31_72
38
42
38_42
34
31
29
36_42
36_42
72
29
38_48_50_50_53_55_57_57_62_62_65_65_74
36_42
36_42
55
48
42
42
38
42
38_42
62
65
50
57
50_65
36
46
36_46
65
38
50
38_62_65
42
42
57
65
53
50_62
62
65
36
42
36_42
74
62_65_69_76
38
42
38_42
65
69
62
36
42
36_42
38
76
31_43_43_55_59_62_79
36_42
36_42
42_55
41_62
59
41_42
43_55_55_59_59_62_62
38
42_45
38_42_45
59
62
55
62
55
59
36_38
42
36_38_42
31
43_55_55_59_59_62_62
42
48
42_48
43
59_62
55
62
59
43
55
79
43
43_55_59_62
38
42
38_42
43
59
55
62
43
43_43_55_59_62
38
41_42
38_42
41
43
43
38_55_59_62
55
59
62
59
55
62
38
31_43
36_38
42
36_38
42
43
31
34_46_46_58_62_62_65
36_42_49
36_42_49
34
62
34_65
42
42
65
62
58
65
46
38_58_58_62_62_65_65_67
38
42
34
38_42
46
62
65
58
38
67
38_65
36
42
36_42
58
62
65
38
65
41_58_58_68
36
42
36_42
67
68
41
67
58
41_46_46_65
58
36_42
36
42
65
46
46
43_58_58_62_62_65_65_67
38
42
41
38_42
62
65
58
62
58
65
43
67
41_65
36
42
36_42
65
41_41_53_57_60_69
36
42
36_42
41
69
41_72
42
42
72
41
38_53_57_60_74
38
42
38_42
41
57
53
60
74
72
36
42
53
36_42
38
36_53_53_75
36_42
72
36_42
41
74
75
53
36
74
60
57
53
36_41_41_72
36
42
36_42
41
72
41
38_53_53_57_57_60_60_74
38
42
36_38_42
53
57
53
57
60
60
74
36_72
38
36_42
36
42
72
48_48_72
36_42
36
36_42
36_55
42
42
48
33_55_60_60_64_64_67
55
38_42
38_42
36
55
60
64
60
64
36
42
36_42
67
33
31_55_60_67
36
42
36_42
67
55
60
31
31_48_55
36
42
36_42
55
48
72
33_55_60_60_64_65_67
38_42
38
42
31
55
60
64
65
60
67
33
36_60_64_67_72_76
36
42
36_42
72
55_76_79
36
42
76
36_42
55
36
76
79
36_48_55_72_76
42
60
64
42
67
55
48
72
76
40_55_60_60_64_64_67_74_77
36
38_42
38_42
64
60
55
74
77
64
60
40
67
36_72_76
36
42
36_42
36
43_55_62_67
36_42
36_42
43
48
55
43_48
36
42
36_42
67
62
43
48
45_55_60_60_64
38
42
38_42
76
55
60
72
60
64
45
43
36_42
36_42
43
34_46_46_58_62_65_74
36_42
36_42
34
74
34_70
42
42
65
62
58
46
38_58_58_62_62_65_65
38
42
34
38_42
46
70
62
65
65
58
38
65
38_62
36_42
36
42
58
62
65
38
41_58_58_74
62
36_42
36_42
41
74
58
41_46_46_70
58
36
42
36_42
46
46
43_58_58_62_62_65_65
38_42
41
38_42
62
65
58
62
58
65
43
70
41
36_42
36
42
41_41_53_57_60_72
36
42
36_42
41
41_69
42
72
42
41
38_53_57_60
38
42
38_42
41
57
53_69
60
65
36_42
53
36
42
38
36_53_53_60
36_42_65
36_42
41
53
36
60
57
53
36_41_41_57
60
36
42
36_42
41
41
38_53_53_57_57_60_60
38
42
36_38_42
53
57
53
57
60
57
60
53
36
38
36_42
36
42
53
48_48_55
36
42
36
36_42
36_55
42
42
48
33_55_60_60_64_64_67
55
38
42
38_42
36
55
60
64
60
64
36_42
36_42
67
33
31_55_60_67
36_42
36_42
67
55
60
31
31_48_55
36
42_48
36_42_48
55
48
33_55_60_60_64_65_67
38_42_45
38_42_45
31
55
60
64
65
60
67
33
36_60_64_67
36
45_46
36_45_46
55
55_60
36
41_42
36_41_42
55
60
57
36
57
36_48_55_55
38_42
60
64
38_42
67
38
55
38
48
40_55_60_60_64_64_64_67
55
36
38
42
38_42
64
60
55
62
64
64
60
40
67
36_60
36
38_42
36_38_42
62
60
36
43_55_62_67_67
36
38_42
36_38
42
67
43
48
65
55
38
38
65
43_48_64
36_38_42
36
38_42
67
62
43
48
64
45_55_60_60_64_72
38
42
38_42
55
60
69
60
38
72
64
38
45
69
43_67
36_38
42
36_38_42
43_67
34_46_46_46_58_58_62_62_65_65_77
36
42_49
36_42
49
34
77
34
42
42
65
62
58
46
38_58_58_62_62_65_65_77
38_42
34
38_42
46
62
65
58
38
77
38
36_42
36_42
58
62
65
38
41_58_58_77
36
42
36_42
41
77
58
41_46_46_77
58
36
42
36_42
62
58
65
46
46
46
43_58_58_62_62_65_65
38
42
41
38_42
77
62
65
58
62
58
65
43
41_77
36
42
36_42
41_41_53_53_57_57_60_60
36_42
36_42
41
41
42
42
41
38_53_57_60
38
42
38_42
41
57
53
60
36_42
53
36_42
38
36_53_53
36
42
36_42
41
53
36
53
77
60
57
57
53
36_41_41_76
36
42
36_42_60
41
76
41
38_53_53_57_57_60_60_77
38_42
38
36_42
53
57
53
57
60
60
77
36_79
38
36
42
36_42
48_48
36
42
36
36_42
79
36_55_76
42
42
48
33_55_60_60_64_64_67
55
38_42
38_42
36
55
60
64
60
64
60
36
46
36_46
67
33
60
31_55_60_64_67
36_42
36
42
67
76
55
60
31
31_48_55
36_42
36_42
64
55
48
33_55_60_60_64_65_67_67
38
42
38_42
31
55
60
64
38
38
65
60
67
33
36_60_64_67
36
38_42
36_38_42_67
48
60_64_67
36_38_50_50_50_53_57_62_62_65_65_69_77
36
38_46
36_38
46
65
50_62
69
50
77
42
42
38
38_50_50_62_65_69_77
36
38_46
36_38_46
65
69
50
62
50
57
65
53
62
50
42_77
38
42
29_41_41_43_53_53_57_57_60_60_76
36_38_46
36_38_46
43
57
53
60
41
76
36_42
36_42
29
29_41_53_57_60_76
36_38_46
36_38_46
53_53
57
41
60
41_60
57
76
29
36_42
36
42
31_43_43_43_55_55_59_59_62_62_76
36
38_42
36_38_42
42
42
43
31
36
42
36_42_55_62
59
76
31_43_55_59_62_74
36_38
46
36_38
46
43
43
55
59
62
43
31
36_46
36_46
43
31_43_55_59_62
36
38_42
36_38_42
42
42
43
31
55
43
62
59
36
38_42
36_38
42
31_43_55_59_62
36_38
46
36
38_46
43
59
43
62
55
38
38
43
62
59
55
36_38
36_38
31
29_41_41_41_53_53_57_57_60_60
36
46_49
74
36_46
49
57
53
41_57_60
53
41
60
41
29
60_65_67_72
38_42
38
42
36
36
38
42
38_42
72
72
36
36
72
72
38
42
38_42
72
74
36
36
74
69
72
69
38
42
38_42
65
60
67
72
29_41_41_41_53_53_57_57_60_60
36_46_49
36_46_49
57
53
41_57_60
53
41
60
41
29
60_65_67_72
38
42
38_42
36
36
38_42
38_42
72
72
36
36
72
46
46
72
38
42
38_42
72
74
36
36
74
69
38
38
72
69
38
41_42
38_41_42
65
60
67
38
38
36_60
36
42
36_42
60
48
42
42
48
60
46
46
36
60
36_48_60
36
46_49
36_46_49
48
60
60
60
48_60
36
36_48_60
36
36
60
60
48_48
48
48
60_60
36
60
60
36_48_48
36
42
36_42
48
48
60_60
60
60
48_48
36
48
48
36_60_60_64_67
36
36
64
60_67
60
48_48
38
38
48
48
52_55_60_64_67
48
48
36
64
60
67
55
36_48_48_55
36_38_42
52
36_38_42
48
48
55
55_57_60_64_67
41
41
60
64
67
55_57
48_48_60
38
38
36
48
48
60
36_60_60_60_64_67
36_45
36_45
60
64
60_67
60
48_48_62
38
38
48
48
62
55_60_60_64_64_67
38
38
36
60
64
60
64
67
55
36_48_48_67
36
38_42
36_38
42
72
67
48
48
55_60_60_64_67_69
38
38
60
64
69
60
36
55
67
48_48_72
38
38
48_48
72
34_46_46_46_58_58_62_62_65_65_77
36_42
49
36_42_49
34
77
34
42
42
65
62
58
46
38_58_58_62_62_65_65_77
38_42
34
38
42
46
62
65
58
38
77
38
36_42
36_42
58
62
65
38
41_58_58_77
36
42
36_42
41
77
58
41_46_46_77
58
36_42
36
42
62
58
65
46
46
46
43_58_58_62_62_65_65
38
42
41
38_42
77
62
65
58
62
58
65
43
41_77
36
42
36_42
41_41_53_53_57_57_60_60
36_42
36
42
41
41
42
42
41
38_53_57_60
38
42
38_42
41
57
53
60
36
42
53
36_42
38
36_53_53
36_42
36_42
41
53
36
53
77
60
57
57
53
36_41_41_76
36_42
36_42_60
41
76
41
38_53_53_57_57_60_60_77
38_42
38
36_42
53
57
53
57
60
60
77
36_79
38
36_42
36_42
48_48
36
42
36
36_42
79
36_55_76
42
42
48
33_55_60_60_64_64_67
55
38
42
38_42
36
55
60
64
60
64
36_42
36_42
67
33
31_55_60_67
36
42
36_42
67
55
60
31
31_48_55
36
42
36_42
55
48
33_55_60_60_64_65_67
38_42
38
42
31
55
60
64
65
60
67
33
36_60_64_67_67_72_76
36
42
36_42
55
36_42
36
42
55
67
72
76
36
36_48_55_67_72_76
42
60
64
42
67
76
72
67
55
48
40_55_60_60_64_64_67_67_74
36
38
42
38_42
64
60
55
74
64
67
60
40
67
36
36
42
36_42
36
43_55_62_67_67_72
36_42
36_42
76
43
48
55
43_48_76
36
42
72
36_42
67
67
62
43
48
45_55_60_60_64_67_69
38_42
38
42
67
55_69
60
60
64
45
43
36_42
36_42
43
34_46_46_62_65_70_74
36_76
42
36_42
34
74
34_72
42
42
38_58_58_62_62_65_65
34
38
42
38_42
46
65
62
58
38
62
65
58
38
36_42
36_42
46
38_41_58
36
42
36_42
41
58
41_46
36
42
36_42
70
65
62
41
46
46_58_58_62_62_65_65
38_42
38
42
62
65
62
58
65
58
46
41
36_42
36_42
72
41
29_41_41_60_65_69
36
42
36_42
29
29
42
42
29
33_53_53_57_57_60_60
38
42
38_42
41
53
57
60
33
33
36
42
36_42
33
36_48_53_76
36_42
36_42
53
60
57
41
53
36
48
36_41
36
42
36_42
76
60
65
41
69
41_53_53_57_57_60_60_69
38_42
36
38
42
53
57_57
53
60
41
36
60
69
36
41_48_67
36_42
36
42
36_48
41
36_42
36_42
36
36_55
42
42
55
33_55_60_60_64_64_67
38
42
38_42
36
48
60
55
64
33
33
36
42
36_42
31_55
36_42
36
42
33
55
31
31_48
36_42_48
36_42_48
48
33_55_55_60_64
38
42_45
31
38
42_45
60
55
55
64
60
64
48
67
33
31_60_64_67_72_76
36_45_46
36_46
45
64
60
67
36_55
31
36
41_42
36_42
41
55
72
76
36
36_48_48_72_76
38
42
38_42
72
38
76
38
48
33_55_60_60_64_64_67_69_74
38
42
38_42
36
67
60
64
55
33
74
69
33_55
64
36_38_42
36_38_42_60
67
55
31_55_60_62_67_67_72
36
38_42
33
36_38_42
55
38
38
31
60_62
31_48_55
36
38_42
67
36_38_42
67
72
55
48
33_48_55_60_60_64_64_67_69_74
38_42
38
31_42
55_60
60
64
64
38
38
67
69_74
33
31
36
38_42
36_38_42
31
34_46_46_46_58_58_62_62_65_65_77
36
42_49
36_42
49
34
77
34
42
42
65
62
58
46
38_58_58_62_62_65_65_77
38
42
34
38_42
46
62
65
58
38
77
38
36
42
36_42
58
62
65
38
41_58_58_77
36_42
36_42
41
77
58
41_46_46_77
58
36_42
36_42
62
58
65
46
46
46
43_58_58_62_62_65_65
38
42
41
38_42
77
62
65
58
62
58
65
43
41_77
36_42
36
42
41_41_53_53_57_57_60_60
36
42
36_42
41
41
42
42
41
38_53_57_60
38_42
38_42
41
57
53
60
36
42
53
36_42
38
36_53_53
36_42
36_42
41
53
36
53
77
60
57
57
53
36_41_41_76
36_42
36_42
60
41
76
41
38_53_53_57_57_60_60_77
38
42
36_38_42
53
57
53
57
60
60
77
36_79
38
36_42
36_42
48_48
36
42
36
36_42
79
36_55_76
42
42
48
33_55_60_60_64_64_67
55
38
42
38_42
36
55
60
64
60
64
60
36_46
36
46
67
33
60
31_55_60_64_67
36
42
36_42
67
76
55
60
31
31_48_55
36
42
36_42
64
55
48
33_55_60_60_64_65_67_67
38_42
38
42
31
55
60
64
38
38_65
60
67
33
36_60_64_67
36_38
42
36_38_42_67
48
60_64_67
36_38_50_50_50_53_57_62_62_65_65_69_77
36_38
46
36_38
46
65
50_62
69
50
77
42
42
38
38_50_50_62_65_69_77
36
38_46
36_38_46
65
69
50
62
50
57
65
53
62
50
42_77
38
42
29_41_41_43_53_53_57_57_60_60_76
36
38_46
36_38
46
43
57
53
60
41
76
36
42
36_42
29
29_41_53_57_60_76
36_38
46
36_38_46
53_53
57
41
60
41_60
57
76
29
36_42
36
42
31_43_43_43_55_55_59_59_62_62_76
36
38_42
36
38_42
42
42
43
31
36
42
36_42_55_62
59
76
31_43_55_59_62_74
36
38_46
36_38_46
43
43
55
59
62
43
31
36
46
36_46
43
31_43_55_59_62
36_38
42
36_38
42
42
42
43
31
55
43
62
59
36
38_42
36_38_42
31_43_55_59_62
36_38_46
36_38
46
43
59
43
62
55
38
38
43
62
59
55
36_38
36_38
31
29_41_41_41_53_53_57_57_60_60
36
46_49
74
36_46_49
57
53
41_57_60
53
41
60
41
29
60_65_67_72
38_42
38_42
36
36
38
42
38_42
72
72
36
36
72
72
38
42
38_42
72
74
36
36
74
69
72
69
38_42
38_42
65
60
67
36_60_60
36_42
36_42
60
48
42
42
48
60
46
46
36
60
36_48_60_72
36_46
49
36_46_49
60
48
60
60
60
48_60
36
36_48_60_60
36
36
72
60
60
48_48
48
48
60_60
36
60
60
60
36_48_48_72
36
42
36_42
48
48
60_60_67
72
60
60
67
48_48_60
36
48
48_60
36_60_60_64_67_72
36
36
64
60_67
60
48_48
38
38
48
48
72
52_55_60_64_67
48
48
36
64
60
67
55
36_48_48_55
36_38_42
52
36_38_42
48
48
55
55_57_60_64_67
41
41
60
64
67
55_57
48_48_60
38
38
36
48
48
60
36_60_60_60_64_67
36
45
36_45
60
64
60_67
60
48_48_62
38
38
48
48
62
55_60_60_64_64_67
38
38
36
60
64
60
64
67
55
36_48_48_67
36
38_42
36_38
42
72
67
48
48
55_60_60_64_67_69
38
38
60
64
69
60
36
55
67
48_48_72
38
38
48_48
72
34_46_46_46_58_58_62_62_65_65_77
36_42_49
36_42_49
34
77
34
42
42
65
62
58
46
38_58_58_62_62_65_65_77
38
42
34
38_42
46
62
65
58
38
77
38
36_42
36_42
58
62
65
38
41_58_58_77
36_42
36
42
41
77
58
41_46_46_77
58
36_42
36_42
62
58
65
46
46
46
43_58_58_62_62_65_65
38
42
41
38_42
77
62
65
58
62
58
65
43
41_77
36_42
36_42
41_41_53_53_57_57_60_60
36
42
36_42
41
41
42
42
41
38_53_57_60
38_42
38
42
41
57
53
60
36_42
53
36_42
38
36_53_53
36
42
36_42
41
53
36
53
77
60
57
57
53
36_41_41_76
36_42
36
42_60
41
76
41
38_53_53_57_57_60_60_77
38
42
36_38_42
53
57
53
57
60
60
77
36_79
38
36
42
36_42
48_48
36
42
36
36_42
79
36_55_76
42
42
48
33_55_60_60_64_64_67
55
38
42
38_42
36
55
60
64
60
64
36
42
36_42
67
33
31_55_60_67
36_42
36_42
67
55
60
31
31_48_55
36_42
36_42
55
48
33_55_60_60_64_65_67
38_42
38_42
31
55
60
64
65
60
67
33
36_60_64_67_67_72_76
36_42
36
42
55
36
42
36_42
55
67
72
76
36
36_48_55_67_72_76
42
60
64
42
67
76
72
67
55
48
40_55_60_60_64_64_67_67_74
36
38
42
38_42
64
60
55
74
64
67
60
40
67
36
36
42
36_42
36
43_55_62_67_67_72
36_42
36
42
76
43
48
55
43_48_76
36_42
72
36_42
67
67
62
43
48
45_55_60_60_64_67_69
38
42
38_42
67
55_69
60
60
64
45
43
36_42
36_42
43
34_46_46_62_65_70_74
36_42_76
36_42
34
74
34_72
42
42
38_58_58_62_62_65_65
34
38
42
38_42
46
65
62
58
38
62
65
58
38
36
42
36_42
46
38_41_58
36_42
36
42
41
58
41_46
36_42
36_42
70
65
62
41
46
46_58_58_62_62_65_65
38
42
38_42
62
65
62
58
65
58
46
41
36
42
36_42
72
41
29_41_41_60_65_69
36_42
36_42
29
29
42
42
29
33_53_53_57_57_60_60
38
42
38_42
41
53
57
60
33
33
36_42
36
42
33
36_48_53_76
36
42
36_42
53
60
57
41
53
36
48
36_41
36
42
36_42
76
60
65
41
69
41_53_53_57_57_60_60_69
38_42
36
38_42
53
57_57
53
60
41
36
60
69
36
41_48_67
36
42
36_42
36_48
41
36_42
36_42
36
36_55
42
42
55
33_55_60_60_64_64_67
38
42
38_42
36
48
60
55
64
33
33
36
42
36_42
31_55
36
42
36_42
33
55
31
31_48
36
42_48
36_42_48
48
33_55_55_60_64
38_42
45
31
38_42
45
60
55
55
64
60
64
48
67
33
31_60_64_67_72_76
36_45_46
36_45_46
64
60
67
36_55
31
36
41_42
36_41_42
55
72
76
36
36_48_48_72_76
38
42
38_42
72
38
76
38
48
33_55_60_60_64_64_67_69_74
38
42
38_42
36
67
60
64
55
33
74
69
33_55
64
36_38
42
36_38_42_60
67
55
31_55_60_62_67_67_72
36
38_42
33
36_38_42
55
38
38
31
60_62
31_48_55
36_38_42
67
36_38
42
67
72
55
48
33_48_55_60_60_64_64_67_69_74
38
42
31_38_42
55_60
60
64
64
38
38
67
69_74
33
31
36
38_42
36_38_42
31
34_46_46_46_58_58_62_62_65_65_77
36
42_49
36_42
49
34
77
34
42
42
65
62
58
46
38_58_58_62_62_65_65_77
38
42
34
38_42
46
62
65
58
38
77
38
36
42
36_42
58
62
65
38
41_58_58_77
36
42
36_42
41
77
58
41_46_46_77
58
36
42
36_42
62
58
65
46
46
46
43_58_58_62_62_65_65
38_42
41
38
42
77
62
65
58
62
58
65
43
41_77
36_42
36_42
41_41_53_53_57_57_60_60
36
42
36_42
41
41
42
42
41
38_53_57_60
38
42
38_42
41
57
53
60
36_42
53
36
42
38
36_53_53
36_42
36
42
41
53
36
53
77
60
57
57
53
36_41_41_76
36
42_48
36_42_48_60
41
76
41
38_53_53_57_57_60_60_77
38
42_45
38
36_42_45
53
57
53
57
60
60
77
36_79
38
36
45_46
36
45_46
48_48
36_42
41
36
36
41_42
79
36_55_76
38_42
38_42
38
38
48
33_55_60_60_64_64_67
55
38
42
38_42
36
55
60
64
60
64
60
36
38_42
36_38_42
67
33
60
31_55_60_64_67
36
38_42
36_38_42
67
76
55
38
60
38
31
31_48_55
36
38_42
36_38_42
64
55
48
33_55_60_60_64_65_67_67
38_42
38_42
31
55
60
64
38
38
65
60
67
33
36_60_64_67
36
38_42
36_38_42_67
48
60_64_67
36_38_50_50_53_57_62_62_65_65_69_69
36
46_49
36_46
49
65
50_62
69
38
69
38_50_62_65_69_74
36
42
36_42
65
69
50
62
57
65
53
62
50
38
74
29_41_43_53_53_57_57_60_60_77
36
36
43
57
53
60
38
48_77
38_48
29
29_53_57_60_81
36
38_42_45
36
38_42
45
38
38
53_53
57
60
41_60
57
81
29
38
38
31_43_43_55_55_59_59_62_62_83
36_46
49
36_46
49
83
81
81
31_79
38
38_55_62
59
79
31_55_59_62_81
36
42
36_42
43
81
79
79
55
59
62
43_77
31
38
38
77
43
31_55_59_62_79
36_38
36_38
79
77
77
31
55
43_76
62
59
38_48
38_48
76
38
38
31_55_59_62_77
36
42_48
36_42_48
43
59
43
62
55
77
76
38
45
38_45
62
59
55
76
74
38
41
38_41
31
74
36_48_48_55_55_60_60_64_74
36_46_49
36_46_49
48
60
55
64
60
55
48
36
74
