93
95
93
91
89
88
86
84
83
93
93
76_88
88
76
76
88
81
93
88
76
66
78
66
78
78
66
71
83
66_78
79
67
67
79
67
81_81
69
69_69
69_81
69_81
69
69
69_69_81
81
74
57_74
86
69_74_86
71_74
59_74
74_86_86
57
74_86
69_74
74
86
73_85_85
55_67_73
73
66_71
83
54_83
71
71
52_69
69
64
69_81_81
71
66
54_71_83
71_83
83
83
71_71
55_67
71
71_71_83
55
67_71_83
66_70_70
70
82_82
54
47_59_71
71
71_83
83
40
52
40
40
40
40
40
40
40
40
40
40
40
40
40
40
40
40
40
40
40
40
40
40
40
40
40
40
40
40
40
62
62
40
40
40
40
40
40
40
40
40
40
40
40
40
40
40
40
40
40
40
40
40
40
40
40
40
40
40
40
40
40
40
40
67
40
40
40
40
40
40
40
40
40
40
40
40
40
40
40
40
40
40
40
40
40
40
40
40
40
40
40
40
40
40
40
72
40
40
40
40
40
40
40
40
40
40
40
40
40
40
40
40
40
40
40
40
40
40
40
40
40
40
40
40
40
40
40
40
40
40
40
40
40
40
40
40
40
40
40
40
40
40
40
40
40
40
40
40
40
40
40
40
40
77
40
40
40
40
40
40
40
40
40
40
40
40
40
40
40
40
40
40
40
40
40
40
40
40
40
40
40
40
40
40
40
40
60_64_64_72_72_76
76
72
64_72_76
60_76
40_64
64_76
59_76
40
64_71_71
40
40
40
40
40
40
40
40
40
40
40
40
40
40
40
40
40
40
40
40
40
40
40
40
40
40
40
40
40
40
40
40
40
40
40
40
