45
50
66
48
67
62
60
59
43
50
62
50
64
62
50
45
50
66
48
67
62
60
59
43
64
50
62
64
62
50
45
66
50
62
62
64
66
62
50
59
43
55_62
64
59
62
57
45_61
57
59
59
57
57
38
50
54
57
54
50
43
59
55
59
61
45
57
59
57
66
38
54
50
66
50
66
54
67
57
67
67
62
50
62
60
60
43
55_59
59
55
59
62
59
59
45_61
57
57
64
59
61
47
59_62
62
59
62
64
66
62
61
59
61
45_61
57
57
62
59
64
57
57
57
66
66
38_54
50
66
50
54_67
57
62
62
50
60
60
43
55_59
59
55
60
59
62
62
62
64
61
45_57
57_62
57_64
57
38
54
57
66
50
66
54
67
57
67
62
62
50
60
59
43_59
55
55
62
62
64
55
62
57_61
45
57
57
57_61
38
54
57
50
50_66
66
54
66
67
57
67
62
62
50
60
43
55_59_59
62
55
62
59
64
62
64
61
45_57
62
57
62
64
61
57
47
59
62
59
62
62
64
62
62
61
59
61
45
61
57_64
59
61
64
61
57
62
61
54_57
38_50
36
66
50
62
52
40
54
57_64
36_52
62
50
36
40_52_57
50
36
43_62
59
36
57
62
55
64
40
57
62
62
36
45_61
57
36
57
59
40
59
57
57
38
36
50
40
57
36
54
36
57
50
40
59
36
43
36
55
40_59
55
36
45_61
57
36
40
59
36
57
66
36
54
38
57
66
66
50
66
66
40
54
67
36_54_57
67
67
36
50
62
40
60
36
59
43_55
59
36
55
55
55
59
40
62
36
45_61
57
57
36
40_64
62
57
36
61
47_59
36_62
59
62
59
40
62
64
36
36_62
59
61
40
62
36_61
45_61_64
36_59
57
57
62
59
40
64
64
36
57
36
57
57
40
45
57
57
66
36
38
57
54
50
66
50
66
40
52
67
67
36
57
62
40
50
60
36
43
55_59_62
57
59
36
55
55
55
55
40
57
62
36
61
45_59
57
57
36
55
55
59
40
55
55_61
59
36
57
38
50
50
66
66
40
52
67
36
57
62
36
60
40
50
59
55
43
36_62
59
55
55
57
40
62
36
45_61
57
57
36
57_59
40
59
57
61
57
57
36
54_57
38
66
66
50
66
66
52
40
67
57
36
67
67
62
36
59
50
40
55_57
43
62
59
36
55
55
59
61
40
62
62
36
61_64
45
57
62
57
36
61
61
40
61
57_64
47_62
59
36
54_62
59
40
64
62
36
62
36
54
61
40
57
61
45
57
61_62
36_59_64
64
57
62
40
36
59
36
57
40
36
38
54_57
36_50
50
66
62
52
64
54
62
57
50
43
62
59
55_57
62
55
64
57
62
62
45
64
57_61
59
57
59
59
57
57
38
50
52
57
52
50_57
52
59
43
55
59
55
45
61
57
57
61
57
57
66
54
38_57
66
50
66
66
50
67
52
67
62
54
57_62
60
55
59
43_57
55
59
55
55
62
55
55
57
55
45
59
55
61
57
55
59
61
59_62
47
59
62
62
64
64
62
62
61
59
61
61
61
45
61
57
62
59
62
64
64
57
57
57
66
38
57
52_54
66
50
67
52
54
57
62
50
62
52
60
59
43_55_59_59
55
55
55
57
55
62
57
45
57_61
59
57
57
57
59
57
61
38_57
50
50
66
66
52
66
57_67
67
67
52
62
50
62
55
60
43_59
59
55
62
62
62
55_64
64
45
61
62
57
57
59
57
57
38
66
50
66
52
67
57
67
54
62
50
62
60
55
43_59
59_62
57
55
57
62
57
45
62
59
62
61_62
47_59
59
62
62
59
64
62
62
61
59
61
64
45_57
59_61
57
62
59
64
64
62
40
57
40
45
40
36
38_52
54_57
50
66
67
52
40
66
36
57
67
36
52
40_66
54
36
50
36
43
55_59_62
57
55
64
57
40
36
62
62
57
45_61
57_59
36_57
57
40
59
36
57
36
38
50
40
52
36
57
36
52
40
54
36
50
36
43_59
55
40_57
36_59
45_61
36
57
57
40
59
57
36_61
57
36
66
43
66
50
66
66
38_40
66
52
36_67
67
62
57
36
62
50
40
60
55
36
59
62
43
36
55
57
59
40
62
36
45
57
59
36
57
61
40
62
62
36
62
62
47
36
61
54
61
59
40
62
64
36
64
62
36_62
62
54
40
61
36_61
45
36
52
61
57
40
62
59
36
64
64
62
59
62
36
57
40
57
59
36
57
38
36
50
66
66
52
40
66
54
36
67
67
57
36
62
54_62
40
60
50
36
60
43
59
36
60
55
59
57
40
59
36
45
57
36
59
55
57
61
40
62
36
57
38
36
50
66
66
40
66
54
67
36
67
36
62
62
57
40
50
36
55
59
43
55_62
62
40
59
36
62
64
62
45
36
57
40
57
59
55
36
38
50_66
54_66
40
36_67
57
67
54
62
36
50
60
40
59
55
43
59
36_55
55
40
62
36
55
45
59
61
36
57
61
40
59
61
57
61
36
47
61
59
62
40
62
64
36
59
62
36
62
62
62
40
59
62
62
59
36
61
43
62
40
64
36
62
36
40
57
36
38
36
50_66
52
54
57
64
50
62
43
62
55_59
57
55
57
64
62
62
45
57
59
59
57
38
50
52
54
67
57
54
55
55
66
43
67
57
45
59
66
67
57
57
57
66
66
38
54
57
66
66
50
66
52
67
54
67
67
62
62
57
50
43
62
59
57
55
55
57
62
45
59
57
62
61
47_61_62
59
54
61
59
62
62
64
62
54
61
61
43
62
57
64
45
59
57
61
57
50
57
66
38
54
52
57
66
50
66
66
52
67
57
50
62
52
62
57
62
50
60
60
59
43
59
55
59
57
59
59
45
57
57
59
57
61
57
66
38
66
50
66
52
67
54
67
57
50
54
62
50
59
57
43_55
62
55
64
57
62
62
45
59_61
57
57
57
59
61
57
66
38
66
50
52
66
54
57
50
62
55
43_62
55_59
55
62
59
55
64
61
45
57
57
62
59_62
61
61
47_59_62
54
59
62
64
62
62
62
59
61
54
57_59_61
64
45
52
62
57
59
64
62
61
36
64
57
38_78
36_74
52_54
57
50
52
40
54_57
36
52
36
40
57
52
36
50
55
43_62
36_57
59
55
40_57
76
79
36
62
45_61
59_64
57
52
74_78
36
40_76
57_79
59
36
78
74
36_57
38_52_54
50
52
40
54_57
36
52
36
50
40
55
36
43
59_62
57
55
36
55
78
74
40
57
79
76
36_62
36
64
45_57_61
59
78
74
52
40
57
76_79
36
59
36
74
78
62
38
64
50_66
69
