42
42
42
42
40
42
42
43
43
43
43
43
42
42
42
40
42
42
42
43
43
43
43
42
66
42
66
42
64
40
42
42_64
61
61
43
43
59
43
43
58
43
42
58
42
42
59
58
40
42
61
42
61
43
43
43
43
36
30
43
42
30
66
30
42
30
66
42
40
28
40
64
30
42
36
30
42_64
36
61
61
31
43
40
31
43
59
31_43
36
31
43_58
31
43
36
59
30
42
30_42
58
42
30
40
28
40
59
30
36
42
61
30_42
36
58
31
43
40
31
43
31
43
36
31
43
31
43
36
30
42
66
30
42
30
66
42
40
28
40_64
30_36
42
30_42
64
36
61
61
31
43
40
31
43
59
31
43
36
31
43
59
31
43
36
58
30_42
30
42_59
30
42
58
40
28
40
59
30
42
36
30
42_61
36
63
43
31
40
43
31
43
31
36
43
31
31
43
36
30
42_66
30
42
66
30
42
40
64
28
40
30
42
36
64
30
42
36
61
61
31
43
40
59
31_43
31_43
36
59
31
43
31
58
36_43
30_42
30_42_59
30
42
58
40
28
40
30_36_59
42
30
42_61
36
58
58
31_43
40
43
31
40
43
31
40
43
31
40
30_31_42
36
30
58_70_73
30
58_70
73
30
40
71
68
28_56
30
36
56_68
71
30
36
54_66
70
68
51_63
70
54
66
31_43
31
40
71
68
56
31
31
36
31
30_42
31
36
73
30
70
58
30
30
73
70
58
40
28
56_68_71
30
36
30
71
68
56
36
54_66
70
68
51_63
31_43_70
40_54
66
31
71
56
31_68
31_36
31
30_31_42
36
30
58
70
58_73
30
58
30
70
58_73
40
56
71
28
68
56
30_36
30
56
71
68
56
36
54
70
54_66
54
54_66
70
43
31
31
40
31
54
54_66
70
31
54
36_54_66
70
31
54
54_66
70
30_31_42
52_52
64
36_71
30
52
70
52
64
50
30
49
70
30
49
61
40
28
30
36
62
30
36
61
59
58
43
31
31
40
31
59
31
40
58
31
36
30_42
31
36
30_70
58
70_73
30
73
70
30_70
58
40
68
71
68
28_56
30
36
68
71
56
68
30
36
66_66_70
54
68
51
63
70
31_66
43_54
66
31
40
68
31_71
56
68
31
36
31
30_42
31
36
70
73
30
70
58
30
70_73
30_70
58
40
68
71
28
56_68
30
36
68
68_71
30_56
36
66_66
54_70
68
51_63_64
31
66
66_70
31_43
54
40
31
68
68
56_71
31_66
54
36
31
30_42
31
36
30_70
70_73
58
30
70
73
30_58_70
40
68_68
56
28_71
30
36
71
68
30_68
54
56
36
70
54
66_66
66_66_70
54
31_43
31
40
66_66
54
31
31_54
66_66
36
54_66
66
31
30
42
64
52_64
31
36
64
30_52_64
30
61
49
61
30
40
28
30
36
30
36
31
43
31
40
31
31
40
31
30
42
31
36
31
30
66
30
30
66
40
28
64
30
30
64
36
61
36
61
31
40
31
59
31
59
31
58
31
36
30
59
30
58
30
40
59
28
30
61
30
36
58
36
31_31
40_43
31
31
40
31
30
42
31
36
30
66
30
30
66
40
28
64
30
30
64
30_36
61
36
61
40
31
31
59
31
31
58
42
31
36
30
58
30
59
30
58
40
58
28
30
59
61
30
42
36
36
31_31
43
40
31
31
40
31
40
30
42
31
36
30
66
30
30_66
40
28_64
30
64
30
36
61
36
61
61
31
40
31
59
31
31
58
42
31
36
30
58
30
59
30
58
40
58
28
30_59
30
61
36
58
36
31
31_43
40
31
31
31
30
31
42
36
30
66
30
30
66
40
64
28
30
30
64
36
61
36
61
31
40
31
59
31
31
58
31
36
30
59
30
58
30
40
59
28
30
61
30
36
63
36
31
31_43
40
31
40
31
40
40
31
30_42
30_36
30
58_70_73
70
30
73
70_70
58
30
40
71
68
28
30_56_68
36
30
68
56_68
71
36
70
66_66
54
63_68
63
51
31
31_43
66
70
54_66
40
31
71
68
68
56
31
40
31
31
30_42
36
73
30
70
70
58
30
30_73
70
70
58
40
28
68_71
68
56
30
30
68
68
56
71
36
66
66
70
54
66_68
54_63
31
40_66
70
31
40_68
68
56_71
31
43
31_66
40
31
40
30_42
31
36
30
70
73
70
58
30
30
73
58_70_70
40
71
28_68
56_68
30
30
68_71
68
56
36
66
70
66
54
66
70
66
54
43
31
31
40
31
66
54
66
31_54
66
66
40
54
31_66
66
30
42
64
31_52
64
36
30
64
52_64
30
61
49
61
30
40
28
74
30
30
36
73
71
70
43
31
31
40
71
31
70
31
40
31_40
30_42
31_36
70
30
73
58_70
30
70
30_73
70
58
40
68
71
28
68
56
30
68
71
30_68
56
36
66_70
66
54
36
68
66
54
64
31
66
31_43_70
40
31
71
68
56
31
40
31
40
30_42
31
36
70_73
30
58_70
30
30_73
70
70
58
40
28
68
71
56_68
30
30
68
56_68
71
36
66
54_66_70
36
68
63
51_63
70
66
31
43
31_54_66
40
68
71
31
56
68
66
31_70
66
54
40
31
40
30
42
31_40
30
70
73
58_70
30
30
70_70
58_73
40
68
56_68_71
28
30
68
68
30_56_71
36
66
70
66
54
36
66
54_66
70
31_43
31
66
40_54
31
66
31
66
54
66
31_66
52
64
30
42
31
64
36
30
64
52
64
30
30
61
49_61
40
28
30
30
36
31_43
31
40
31
51_63
31
51_63
75
31
52_64
64_76
52
30_42
30
40
40
28
28
64
76
71
70
52
40
40
52
75
44
52
73
40
71
46
70
46
46
71
70
46
71
64
70
46
75
46
46
52
46
46
46
46
73
71
70
71
70
30
36_42
66
66
30
40
64
28
36
30
64
36
61
61
31
40
31
59
31
36
58
31
36
31
30
30_59
30
58
40
28
59
36
30
30
61
36
58
31
40
43
31
31
31
40
40
31
30_42
31
36
30
66
30
66
30
40
64
28
30_36
64
30
36
61
61
31
40
59
31
31
36
59
31
58
31
36
30
59
30
58
30
40
58
28
30
59
30
61
36
58
36
43
31
31
40
31
31
36
31
36
30
42
31
36
30
66
30
30
66
40
64
28
30
36
30
64
36
61
61
40
31
59
31
36
31
59
31
36
31
58
30
30
59
30
58
40
58
28
30
36
59
30
61
36
58
43
31
40
31
31
36
31
31
30_42
36
31
30
66
30
30
66
40
28
64
30_36
30
64
36
61
61
31
40
31
59
31
36
31
58
30
36
59
58
59
61
40
40
40
30_42
36
30
70
73
70
70
73
70
58
30_40
68
56_68
71
36
30
68
68
56_71
36
66_70
54_66
30
66
68
63
51
43
31
31
40
54_66
70
31
56_68_71
68
31
40
31
36
31
30_42
36
30
70
73
70
58
30
30
70_73
58_70
40
28
68
71
56_68
30
36
30
68
56_68
71
36
54_66
66
70
68
66
54
66_70
31
43
31_40
71
68
56
68
31
70
31
40
31_40
36
31
30
42
73
30_70
70
58
30
73
30_70
70
58
40
71
68
28_56_68
36
30
30
68
56_68
71
36
66_70
54_66
54
66
66_70
31
31
43
66
54
40
31
66
31
66_66
54
40
54
31
66
36
64
30_42
31_52
64
36
30
52_64
64
30
61
49
30_61
40
28
74
30
36
30
36
73
71
70
31
43
31
40
31
71
31
40_70
31
36
30
31_42
36
30_70
73
58_70
30
70
30_70
58
73
40
68
28
71
68
56
30
36
30_68
68_71
56
36
66
70
54_66
63
68
51_63
66
70
43_66
31_54
31
40
68_71
31_56
68
70
31
40
31
40
31
30_42
36
73
30_70
70
58
30
30_70_73
70
58
40
28_68
68_71
56
30
36
30
56_68_71
68
36
54_66
66_70
63_68
51_63
66_70
31_43_54_66
31
40
68
56_68_71
31
66
66
54
31_40_70
31
40
31
30
42
36
73
30_70
58_70
30
73
30
70
58_70
40
71
28
68_68
56
36
30
30_68_68
56
71
36
70
54_66_66
66_70
66
54
43
31
31
40_66
54
66
31
54_66
66
31
40
54_66
66
31
40
54_66
42
31
30_64
36_52
64
30
64
52_64
30
30
49
61_61
40
28
36
30
30
36
74
73
71
70
43
31
31
40
31
71
31
40_70
31
40
31
30_42
36
30
58_70
70
73
30
30_73
70
58_70
40
71
68_68
56
28
30
36
56_68_71
68
30
36
66
70
66
54
66_66
54
68
70
31_43
40
31
68
68
56
31
40
31
40
31
31
30_36_42
70_73
30_70
58
30
73
30_70_70
58
40
71
28_68
30_56_68
36
30
68_71
56
68
36
66
70
54_66
66
54
66
43
31
31
40
71
31
68
56
68
70
31
40
31
40
30_42
31
36
30
58_70_73
70
30
70
30_73
70
58
40
68
28_71
56_68
36
30
30_68
56_68_71
36
66
70
54_66
66
70
54_66
31
31_43
40
66
54
31
66
66
54
31
66
70
40
66
54
31
66
36
54
66
31_64
30_42
52
36
64
30_64
52_64
30
49
61
61
30
40
28
74
36
30
30
36
73
71
70
31_43
31
40
71
31
40
70
31
40
31
40
70
58_94
46
30
42
31
36
30
40
92
68
56
28
36
30
30
36
90
31
40
31
43
54
66
31
31
59
71
36_71
31
30_31_42
36_95
30
30
30
40
28
58_70
94
30_70
36
30
36
31
43
31
40
31
31
36
31
36
58_70_82
30_42
54
30_31
36_42
30
30_42_54
30
42
54
30
40
40
52
28
80
56
68
68
54
36_42
30
54
42
30
36
54
31_43
43
31_55_66
40
66
78
31_55
43
74
62_74_86
31_55
36_43
31_55
43
30
42
43
31
55
36
42
54
30
42_54
30
54
42
30
61_73
73
40
40
52
28
73
73
61
30_54
42_85
36
30_54
36
40_43
31
55
55
30_40
55
40
55
58_70
82
30_30_42
70
42
55
36
54
54
54
30
42
40
52
56_68
80
68
54
36
28
54
30
36
42
43_54
31_66
55
40_43_66
78
31
55
31
43
83
31_55_59_71
71
43
36
55
31
43
30_43
31_42
55
36
30_42
54
54
30_42
54
30_42
70
58_70
40
28_40
52
58_70_70
82
30
36_54
42
30
42_54
36
54
42
43
31
31
43
55
40
31
55
43
31
43
55
40
31
43
36_55
58
70
31_70
58
30_43
42_55
36
30_42
54
54
42
30
54
42
30
40
40
52
28
56
68
56_68
54
42
36
30
54
42
36
54
54
43
31_66
66
31_43
40_55
31
55
43
62
74
62_74
31
36_55
43
31
55
43
30
42
31
36
43_55
30
42_54
30
42_54
30
54
42
73
73
61
40
40
28
52
73
61_73
61
30
36_54
42
42
30_54
36
40
36
43
31
36
40
36
36
70
58
30
30_70
30_36_42
30
30
30
40
28
68
56_68
28
36
30
30
30
36
54
66
66
31
31
40_43
31
31
31
31
31
71
36
31
31
30_31
42
31_36
59
71
30
30
30
30
30
40
28
58_70_70
36
28_30
30
30
36
31_40_43
31
31
31_31
31
31
40
31
36
31
58_70
31_70
30_31_42
36
30
30
30
30
30
30
40
28
56_68
68
30
28
36
30_30
36
54
66
66
31
40
31
31
43
31
31
74_74
31_62
31
36
31
31
30_42
31
31
36
30_30
30
30
30
30
73
73
61
40
28
30
73
73
61
36
30
36
31
31
31
31
30
