24_26_62
21_103
23_107
101
105
60
63_77
62
77
62
60
63
62
60
58
86
62
60
63
62
60
58
74
62
62
60
58
67
65
43
41
40
41
40
35_46
62
38
35
36
35
60
35
38
36
46_63
35
38
62
35
36
35
35
60
38
58
36
35
46
62
38
35
36
35
58
35
38
58
36
46
35
67
65
38
35
36
35
35
38
36
46
35
62
38
35
36
35
35
60
38
36
35
46_63
38
35_62
36
35
35
60
38
58
36
35
46
38_62
35
36
35
35
60
38
58
36
46_58
35
38
35
36
35
35
38
36
46
35
62
38
35
36
35
35
60
58
38
36
46_63
35
38
62
35
36
35
35
58
38
36
46
35
62
38
35
36
35
35_58
58
38
36
46
35
38_58
35
36
35
35
38
36
34
35
62
34_62
38
34
35
34
36
34_62
35
34
34_63
35
65
38
34_65
36
34_63
35
35
34_62
38
62
35
34
36
34_63
35
34
35
65
38
67
36
34_67
35
34_65
35
38
34
34
35
36
34
35
34_65
34
35
34_70
38
69
36
34_67
35
34
35
38
34_63
35
63
36
34
35
34_63
34
35
63
38
62
34_36
35
34
35
62
38
34_62
35
34
36
34
35
34_62
34
35
34_63
38
65
36
34_65
35
34_63
35
34_62
38
35
62
36
34
35
34_63
34
35
65
38_67
34_67
36
34_35_65
35
34
38
34
35
34
36
34_65
35
34
34_70
35
38_69
34_67
36
34_67
35
35
34_63
38
63
35
34_36
34_63
35
34
63
35
38_62
34
36
35
34_62
63
34_65
38
34_62_70
35
34
36
34
35
34
34
35
38
34_62
36
63
34_62
35
63
38
34_65
58_65
35
34
36
35
34
34
35
38
34_62
36
63
35
34_62
63
34_65
38
35
34_62_70
36
34
35
34
34
35
34
38
36
34_62
63
35
34_62
63
34_38_65
34_58_65
35
34
36
35
34
34
34
35
38
34
36
46
35
62
38
62
35
36
35
60
35
38
36
46_63
35
38
62
35
36
35
60
35
58
38
36
46
35
62
38
35
36
35
60
35
58
38
36
46_67
35
38
65
35
36
35
35
38
36
46
35
62
38
35
36
35
60
35
58
38
36
46_63
35
38
62
35
36
35
60
35
58
38
58
36
35
46
38
62
35
36
35
60
35
58
38
58
36
46
35
58
38
35
36
35
35
38
36
35
34
62
38
34_62
34_35
36
34
35
34_62
34
35
34_63
38
65
36
34_65
35
34_63
35
38
34_62
35
34_62
36
34
35
34_63
34
34_65
35
67
38
34_67
36
34_65
35
35
34
38
34
35
34
36
34_65
35
34
34_70
35
38
69
36
34_67
35
34
35
38
34_63
35
34_63
36
34
35
34_63
34
34_35_63
38
62
34
36
34
35
35
62
38
34_62
35
34
36
34
35
34_62
34
35
34_63
38
65
34_65
36
35
34_63
35
38
34_62
35
34_62
36
34
35
34_63
34
35
34_65
38
67
34_67
36
35
34_65
35
34_38
34
35
36
34
34_65
35
34
34_35_70
38
69
36
34_67
35
34
35
34_63
38
35
34_63
36
34
35
34_63
34
35
34_63
38
62
34
36
34_62
35
63
38
34_65
34_62_70
35
36
34
35
34
34
35
34
38
34_62
36
63
34_62
35
63
34_65
38
34_58_65
35
34
36
35
34
34
35
34
38
36
34_62
63
35
34_62
63
38
34_65
34_62_70
35
36
34
35
34
34
35
34
38
34_36_62
63
35
34_62
63
38
34_65
34_58_65
35
34
36
34
35
34
34
35
38
36
34_62
63
34_62
35
63
34_38_65
34_62_70
35
34
36
34
35
34
34
35
38
34_62
36
63
34_62
35
63
34_65
38
34_58_65
35
34_36
35
34
34
35
34
38
36
34
35
35_47
58_62
58_62
55_60
56_63
63
58_62
63
35
35_47
56_63
63
63
63
60_67
55_60
60
55_62
58
35_47
35
60_68
60_68
68
68
60_68
59_67
59_67
67
59_67
67
59_67
64
35
35_47
59_66
57_65
59_66
62_70
57_65
35
53_65
35
62
35
67
35
34
35
62
38
34_62
35
34
36
34
35
34_62
34
35
34_63
38
65
34_36_65
35
34_63
35
34_62
38
34_62
35
34
36
34_63
35
34
34_65
35
67
38
34_67
36
34_65
35
35
34
38
34
35
34
36
34_65
35
34
34_70
35
38_69
34_36_67
35
34_67
35
38
34_63
35
34_63
36
34
35
34_63
34
35
34_63
38
62
36
34
35
34
35
62
34_62
38
34_35
36
34
35
34_62
34
34_35_63
38_65
34_36_65
34_35_63
35
38
34_62
35
34_62
36
34
35
34_63
34
35
34_65
67
38
34_67
36
35
34_65
35
38
34
35
34
36
34
35
34_65
34
35
34_70
38
69
34_67
36
35
34_67
35
34_63
38
34_63
35
34
36
34_35_63
34
34_63
35
62
38
34
36
34_62
35
63
35
34_65
38
34_62_70
35
34_36
34
35
34
34
35
38
34_62
36
35
63
34_62
35
63
35
38
34_65
34_35_58_65
36
34
35
34
34
35
34
38
36
34_62
63
35
34_62
63
35
34_65
38
34_62_70
35
36
34
35
34
34
34
35
38
34_62
36
63
34_62
35
63
35
34_65
38
35
34_58_65
36
34
35
34
34
35
34
38
36
34_62
63
35
34_62
63
35
34_38_65
34_62_70
35
36
34
35
34
34
34_35
38
34_62
36
63
35
34_62
35
63
38
34_65
35
34_58_65
36
34
35
34
34
34_35
38
36
34_62
63
35
34_62
35
63
38
34_65
34_62_70
35
34
36
34
35
34
34
35
38
34_62
36
63
34_62
35
63
35
34_65
38
34_58_65
35
34_36
34
35
34
34
35
38
34
36
34_62_65_70
35
38
