55
62
67
62
55
57
60
67
60
48
60
67
60
48
50
62
67
62
55
62_100
67
62_100
57
100
60
100
100
100
67
100
60
48
60
100
67
60
100
50
62
67
36
100
36
62
55
59
62
67
100
62
57
36
36
60
59_100
67
60
60
36
48
36
60
100
67
36
60
55
36
50_62
36
60
62
59_100
67
57
36
62
55
36
36_60
67_100
59
36
60
36
36
57
36
60
57
59
100
67
60
36
60
36
48
36_55
60
36
67
100
36
60
36
62
50
60
36
62
36
59_67_100
36
57_62
36
55
60
36_57
100
67
59
36
60
36
57
36
59
36
60
57
100
59
67
60
36_60
36
48
62
55
36
67_100
36
62
62
36
50
36
60
36_62
59
100
67
36
57
62
36
55
55
36
69
60
100
67
67
36
60
60
36
36
59
57
36
60
60
62
67
100
60
36
57
48
36
36_60
36
67
100
36_60
50
36
62
36
67
100
36
62
36
43
36_55
59
62
36
55
43
67
100
62
36
36
45_57
36_57
36
62
57
59
67
100
60
36_62
55
36
36
60
48_50
36
55
62
36
36
67
100
36
62
55
55
36_50
38
62
62
36_62
60
67
59
100
36
62
57
38
57
43
36_55_59
55_62
43
100
59
67
98
43
59
100
62
57_64
45_60
45
59
57
100
57
60
100
59
98
67
60
45
60
100
60_64
36_67
48
55
36
48
100
55
100
60
98
67
55
36
100
55_60
62
50
66
62
38_38_100
69
50
60_100
62
59
67_98
57
62
100
43
59
55_62
31_36
43
55
36
59
62
38
98
59
67
36
43_62
33_57
45
57_60_64
36_45_59
36_60
57
40_67_100
59
36
45_60
60
36_60_67
24_64
36_48
36
36
60
40
98
67
36
55
36_60
38
66
62
26
36_69
38_62
50
36
62
60
40
98
67
59
38
36
57
62
43
31_43_59
55_55_55
36_62
36
62
69
40
98
67
67
36
43_62
60
57_60_64
33_45
36
57
45
60
36
62
59
40
98
67
60
45
36
62
62
36
24
60
64_67
36
57
36
48
36
55
60
40
98
67
36
36
60
38
62_66
26
69
36
38
50
36_62
40_67
98
40
38
62
40
43_59_67
31_62
66
36_43_55_62
62
36
67
40
98
43
62
36
57
45
45
33
60
36_57_64
62
36
40
67_98
67
45_62
36
64
36
48_60
64
48
36
36
60
36
67
40
98
36
69
60_66
36
38_62_66
38_50
50
36
60_71
67
36
67
40
98
60
36
43
31_59
55_62
55
43
36
62
36
66
67
40
62
98
36
62
43
33
45_57_57
60_64
45
36
62
36
67
40
98
62
36_45_64_67
36_48
60
64
36
48
36
60
36
67
40
98
36
66
60_69
36
66
62
38_50
38
50
36
62
36_67_71
40
67_98
40
62
40
43
55_59
36_62
31_43_55
36
62
40_66
98
62_67
36
43
62
45
64
33_57_57_60
36_45
36
62
40
67_98
36
64_67
62
45
60
36_48_64
36
48
36
36
60
40
67
98
36
36_60_69
66
38_50
38_66
50_62
36
62_67
36
71
67
40
98
62
40
36
43
31
43_55_59
55_62
36
62
36
62_66
67
40
98
43
36_62
45
57
45
57
33
36_60
64
36_62
40
67
98
45
36
62_67
64
36_60
67
64
48
36
36_48
36
60
40
98
67
36_36
69
66
60
62
38_50_66
38
36
50
36
67
62
71
40
67
40
62
40
43
43_55
31
36
55
36
40_59
98
60
59
36
55
43
36
59
45_57
36
57
60
40
98
59
60
36
60
45
57
36
36
48
36
40
98
60
48
36
55
36
55
38
50
62
36
62
36
60
40_98
59
60
50
57
36_38
43
36
55
36_59
67
40_98
59
43
55
36_59
45_48
36
36
57
67
40
98
59
48
45
36
60
36
48
36
55
36
40
67_98
36
48
36_55
55
36
38
50
62
36_60
60
40
67_98
59
55
36
57
55
43
36
55
43
60
36
59
59
43
40_67
98
59
36_43_55
59
60
45_57
36
59
45_62
57
36
59
45
67
40
98
59
57
36_45
60
48
36
36
55
62
36
55
36
67
40_55_98
36
48
36
38
62
62
36
36_38
50
60
38
40
67_98
59
36
38_57_62
55
55
43
36
43
62
69
43
40
67_98
67
43
36_55
62
62
45
57
36
59
45
60
60
45
67
40
98
62
45
57
36
66
57
66
36
36_48_57
66
64
36
60
55
36_40
98
67
36
36_48
60
50
38
36
38
50
36
38
40
67
38
55
55
40_50
40
43_66
36_55
59
31_62
62
43
55_57
36
60
40_98
67
43
36
55
60
57
60_64
33
45
45
36_57
36
62
67
40_98
67
36_45_64
62
60_64
36
48
36
48
36
60
36
67
40
98
48
36_69
36
66
60
62_66
38
50
50
38
36
71
62
67
36
40
67_98
62
40
36
59
43_55
31_62
55
43
62
36
66
62
67_98
40
43
36_62
55
33_45
60
57
64
45
36
57
36_62
40
98
67
62
36
45_67
64
36_36_48_60
64
48
62
36
60
36
40_67_98
36_48
36
66_69
66
38
60_62
38_50
36
71
36
50
67
67_98
40
40
60
40
43_55_59
62
31
43_55
36
36
60
66
40_98
62
67
36_43
55
33
45
45_57_60
64
36
57
36
62
40
98
62
67
36
67
62_64
45
36
48
36_60_64
36_48
36
60
40
98
67
69
36
60
66
36
38_62_66
50
50
38
36
60_71
36
67
40
98
67
36
60
55
36_43_43
55
59_62
31
62
62
36
66
62
67
40_98
36_55
43
62
45
33_36_57_57
45
64
60
62
36_62
66
62
40_67
98
36
67
64
62
36_60_64
48
62
36_48
36
36_60
40
98
67
66
36_60
69
50
66
38
62
50
36_38
71
36
67
62
40
98
67
36
62
36
59
43_55
62
78
31_74
55
43
60
36
40
67
98
62
36_43
55
33_45
45
36_57_57_60
64
62
36
67
40
98
57
36_45_79
76
36_64
36_48_48
60
36
62
36
67
40
98
36_62
36_76_79
38_62_78
38_50_66
81
50
36
62
36
67
40
38
76
62_79
40
40
55
43_43
31_55
55_59
36_62
74_78
36_62
67
40_98
43
76_79
62
36
55
33
45_57
60
45
57_64
36
62
36
67
40
98
45
62
36
60
36_48_48
36_64
36
36
60
40_98
67
36
36
60_78_81
38_50_66
62
38
36_50
36
62
76_79
67
40_78_98
74
60
76
36_79
55
43_43_55
59
31
36
36
67
40
98
55
59
36
45
57
36
59
40
67
36
57
60
36
48
57
36
40
67
36_48
62
38
50
36
60
40
59
67
36
57
50
36
43
31_55
36
43
57
59
67
59
43
36
43
43
36_55
59
45
57
33
36
45
59
45
67
36
45
57
60
45
36_48
55
36_36
48
36
67
48
48
55
55
38
62
50
38_38
60
50
59
36_38
67
50
57
38
50
36
31
43
55
59
43
36
60
43_98
40
43_59
67
43
36
55
43
60
33_36
57
45
36
57_60
45
40_98
59_67
45
45
36
57
45
60
36
48
36
36_55
36
60
36
48
40
98
36_67
55
36
36
48
36
55
60
38_38
36
50
62
36
60_62
38
40
98
59
67
38
50
57
36_38
62
31
43_55
36_55
36
55
43_69
67
59
40_98
55_67
43_62_67
36_43
60
43_62
33
59
36
45_57
62
45_57
60
40_60
57_98
45
62
67
45_57_62
36
45
36
36_48
36_55
60
36
60
36
60_64
36_67
40
98
36
48
48
36
60
38
38
50
36
38
62
62
36
38
66
62
67
40
40
50
62
38
40
55
40
55_59
31
62
43_55
66
62
36
62
36
43
67
40_98
43
55
36_62
55
36
33_57
60
64
45
57
36
60
45
40
98
66
67
60
36
67
45
60_64
60
36_64
36
36
48
36
60
40_67
98
48
36_36_69
66
48
60
38_66
62
38
36
50
71
36_67
60
50
40
67
98
55
38
36
60
55_59
43_62
31
55
36
36
60
43
66_67
40_98
62
57
43
36
60
55
33
57_60
45_64
57
36
36
60
40
98
45_67
67
64
36
45_60
60
36
60
36_64
36
48
36
60
40
98
67
48
36
66_69
60_62
36
48
38
66
62
36_50
38
67
71
36
62
40_50
98
67
55
36
62
38
55
59
62
31
36
43
55
36_62
43
62
40
98
66
67
57
36
43
62
55
33
57_60
45_64
36
57
36
62
40
98
67
45
66
36_60
67
45
62
64
60
36
64
36_36_48_62
36
62
40
98
67
60_69
36_66
36_62
48
66
62
36_38
38
50
67_71
50
36
40
98
50
67
55
62
36
38
55_59
31
36_62
55
43
36
62
40
67_98
66
62
55
55
36
43
62
33_57
60
57_64
45
36
36
62
40
98
45
67
36
60
67
62_64
45
60
36
36_64
36_62
48
36
60
40
98
48
67
36
36
48
69
66
60
66
38_62
36
38
50
36
67_71
62
40
50
67
40
40
67
62_71
40
59_62
55
31
36
43
55
36
62
40_98
43
67
36_43_55
62
55
57
60
33_36_64
57
45
36
62
40
98
67
45
36
45
62
60
57
60
36
36_64
36
48
36
62
40_98
67
48
36
36
67
62
67
48
36_69
38_66
62
38
50
36
67
62
40_98
66
67
50
36
62_66
55
43
36
55
59
55_62
31
67
62
40
98
67
43
36
55
64
43
62
55
57
33
36_60
64
57
45
36
62
62
40_67_98
45
60
36
45_62
62
57
60
36_64
67
36
36_48
36
62
67
98
40
48
36_66
36
62
67
66
67
50
38
62_66
67
36_38_50
69
69
36
62
71
50
67
67
40_69_98
62
36
66
67
59_62
55
31
55
43
36
60
66
36
67
43
40_98
43
55
36_64
60
45
57
33_36
57_60_64
62
60
36
45
67
98
40
60
57
45
36
60
36
64_67
36
48
36
60
36
40
98
67
67
48
36
36
66
60
36
38_66
62
50
38
36
62
40
50
98
67
36
62
62
43_59_67
62
31
43
55
62
