42
42
42
42
52
56
59
63
71
56
59
63
71
56
59
63
59
56
63
52
63
52
56
71
59
56
63
59
59
56_63
71
73
63
54
58
59
59
63
58
73
63
54_58_59
59
73
58
63
73
54_59
58
63
58
63
73
59
71
63
56
52
59
56
59
63
63
56_59
71
63
59
56
52
52_59
71
56
63
56
59
63
63
56
59
59
63
56
71
52_71
54
52_70
52_66
59
49
66
76
78
54
61_66
46
75
47
63
61
54
66
61
54
46
66
73
73
71
44_63
59_73
54
51
75
66
66
61
54
66
46
66
78
80
78
78
66
63
61
47
54
80
75
73
61
54
46
71
71
66
68
54
44
51_59
66
66
61_66
46
54
76
78
61
66
75
47
49
66
61
54
73
71
61
46
54
66
73
71
73
75
59
51
44
54
63
66
66
61
46_54_80
78
54
46
66
47_54
61
63
73
75
73
71
75
54
61
46
73
71
71
66
68
59
54
44_51
66
73
75
73
71
61
78
73
46_54_82
73
54
46
66
71
47_54
75_83
61
63
47_54
66
47_54
68
66
68
54
73
61
46_82
66
59
71
54
80
44_51
40
78
78
40
83
85
40
36
87
38
40
40
41
43
85
82
41
45
47
48
50
52
61
82
78
53
55
58
57
59
42
60
62
66
64
42
58
61_82
61
30_35_36_49
78
73
54
49
42
51
61
66
42
30
35_36
49
54
54_61
38_40
42
30_43_49
35_36_41_51_66
44
45
46
63
59
47
54_59
66_75
83
35_36_51_53
63
35_83
59
47
63
47
41
51
63
59
34
38_40_47
54_66
59
47_63
35_36
66
51
35
54
38_40_41_51_53
59_63
54
66
47
47_59
82
78
63_66
54
51
35
80
61_75
35
58
42
82
78
66
42
58
61_82
30_61
35_36_51_73
54
49
42
78
82
51
61
66
42
30
35_36
49
54
54_61
38_40
42
30_49
35_36_41_51_66
63
59
44
82
78
83
51_59
80
66
71_80
32_35_36_51_53
63
59
44
63
44
41
51
63
59
30
38_40_44
51_66
78
59
44_63
35_36
66
32
51
51
78
38_40_41_51_53_85
83
87
59_63
51
66
44
44_59
82
63_66
51
85
32_51
78
82
61
32
58
83
80
42
66
42
58
61_82
61
30_35_36_51
78
73
54
49
42
81
85
80
83
51
53
61
66
42
30
35_36
49
54
78
82
54_61
38_40
42
30_43_49
35_36_41_51_66
44
45
46
63
59
47
54_59
66_75
35_36_51_53
63
35_83
59
47
63
47
83
41
51
63
59
34
38_40_47
54_66
59
47_63
35_36
66
51
35
54
38_40_41_51_53
59_63
54
66
47
47_59
82
63_66
54
78
51
35
80
61
35
75
58
42
78
66
42
58
82
61_82
30_61
35_36_51_73
80
54
49
42
83
78
51
82
61
66
42
30
35_36
49
54
80
54_61
83
38_40
42
30_49
35_36_41_51_66
63
59
44
51_59
80
66
71
32_35_36_51_53
63
59
44
63_80
44
75
41
51
63
59
30
38_40_44
51_66
78
59
44_63
35_36
66
32
51
51
78
85
38_40_41_51_53
87
83
59_63
51
66
44
44_59
63_66
51
32_51
85
82
78
61
32
82
58
42
66
42
58
61_82
61
30_35_36_51
78
73
54
49
42
51
53
61
66
42
30
35_36
49
54
54_61
38_40
42
30_43_49
35_36_41_51_66
44
45
46
63
59
47
54_59
66_75
83
35_36_51_53
63
35_83
59
47
63
47
41
51
63
59
34
38_40_47
54_66
59
47_63
35_36
66
51
35
54
38_40_41_51_53
59_63
54
66
47
82
47_59
63_66
54
51
35
78
80
61
75
35
58
42
78
82
66
42
58
61_82
30_61
35_36_51_73
54
49
42
82
78
51
61
66
42
30
35_36
49
54
78
54_61
38_40
42
30_49
82
35_36_41_51_66
63
59
44
83
78
51_59
80
66
71
32_35_36_51_53
63_80
59
44
63
44
41
51
63
59
30
38_40_44
51_66
59
44_63
35_36
66
32
51
51
38_40_41_51_53
59_63
51
66
44
44_59
63_66
51
32_51
64
32
78
61
45
80
64
45
61
64_76
61
33_83
35_36_51_73_81
57
81
52
45_85
51_83
32
80
53
61
64
45
35_36
52
57
57_61
81
38_40
45
52
30
35_36_41_51_64
78
64
56
40
47_56
64_80
71
28_35_36_51_53
64
52
40
59
40_83
80
41
51
59
52
38_40_40
47_64
52
40_59
35_36
64
51
47
39
38_40_41_51_53
76
80
52_59
47
64
40
40_52
59_64_83
47
51
80
61
78
58
82
42
66
42
58
61
61_82
35_36_51
30
73
54_78
49
42
51
61
66
42
30
35_36
49
54
54_61
38_40
42
49
30
35_36_41_51_66
61
58
42
49_58
66
35_36_51_53
30_61
54
42
61
42
41
51
61
54
46
38_40_42
49_66
54
42_61
35_36
66
51
49
54_61
38_40_41_42_49_51_53
66
42
42_54
61_66
49
37
66
35
51
66
66
42
61
34_35_36_42_61
54
73
49
78
42
61
66
42_75
34
35_36
49
54
66
54_61
70
39_40_42_82
42
49
66
54
66
35_35_36_42_63
59
63
47
42
70
63
82
59
40_47
54_66
59
47_63
61
35_36_42
66
35
54
63
70
39_40_42_82
59_63
35
54
66
47
73
47_59
63_66
54
61
42
71
59
61
73
66
42
61
34
35_36_42_61
54
49
42
68
61
61
66
42
34_35_36
71
49
54
63
63
54_61
70
39_40_42_82
42
49
66
51
56
66
32_35_36_42_59
59
63
44
42
70
63
82
59
40_44
51_66
59
44_63
35_36_42
66
32
51
59_63
70
39_40_42_51_82
66
66
44
44_59
63_66
51
66
30
42
66
32
66
42
61
34_35_36_42_61
54
49
80
42
78
61
66
42
34
35_36
49
54
66
80
54_61
70
39_40_42_82
42
49
66
54
66
35
35_36_42_63
59
63
75
47
42
70
63
82
59
40_47
54_66
59
47_63
35_36_42
66
35
54
66
73
70
39_40_42_82
59_63
54
66
47
71
47_59
63_66
54
37_42
35
66
42
73
61
34
35_36_42_61
54
49
42
71
61
66
42
35_36
34
49
54
71
63
54_61
70
39_40_42_82
42
49
66
51
66
32_35_36_42_59
59_68
63
44
42
70
63
82
59
35_40_44
51_66
59
44_63
61
35_36_42
66
37
51
63
39
66
59_63
70
39_40_42_51_82
66
66
44
44_59
63_66
51
66
61
37_42
66
59
35
61
66_80
42
61
34
35_36_42_61
54
49
42
78
61
61
66
42
34
35_36
49
54
66
54_61
70
39_40_42_82
42
49
66
75
54
63
66
35_36_42_63
35
59
63
47
42
70
63
82
59
40_47
54_66
59
47_63
35_36_42
66
35
54
70
39_40_42_82
59_63
54
35_66
47
47_59
63_66
54
42
71
66
42
61
34
35_36_42_61
54
73
49
71
42
61
66
42
34_35_36
49
54
63
54_61
70
39_40_42_82
42
49
66
73
51
66
35_36_42_59
32
59
63
44
75
42
70
63
82
59
40_44
51_66
59
44_63
66
35_36_42
66
32
51
68
59_63
70
39_40_42_51_82
66
44
44_59
63_66
51
66
66
30
42
66
63
66
32
66
80
66
42
61
34_35_36_42_61
54
49
78
42
61
66
42
35_36
34
49
54
66
54_61
70
39_40_42_82
42
49
66
75
54
66
35_36_42_63
35
59
63
47
42
70
63
82
59
40_47
54_66
59
47_63
35_36_42
66
35
54
71
73
70
39_40_42_82
59_63
54
66
47
47_59
63_66
54
37_42
71
35
66
42
61
34
35_36_42_61_73
54
49
66
42
66
61
66
42
34
35_36
49
54
63
54_61
70
39_40_42_82
42
66
49
66
51
66
35_36_42_59
32
59
63
44
42
70
63
82
59
40_44
51_66
59
44_63
35_36_42
66
32
51
66
59_63
70_73
39_40_42_51_82
66
44
44_59
63_66
51
75
44
42
73
71
66
42
61
35_36_42_61_73
54
49
71
42
61
66
42
44
35_36
49
54
66
54_61
70
39_40_42_82
42
49
66
54
66
47
35_36_42_63
59
63
47
42
70
63
82
59
40_47
54_66
59
47_63
35_36_42
66
47_66
54
70
39_40_42_71_82
59_63
54
66
47
66
47_59
63_66
54
42_49
68
66
47
71
66
42
61
46
35_36_42_61_66
54_68
49
42
61
66
42
35_36
46
49
54
63
54_61
70
39_40_42_82
42
49
66
51
66
35_36_42_44_59
59
63
44
42
70
82
63
38_40
59
44_78
51_66
38_40_59
44_63
42_78
66
44
51
36
83
59_63_85
70
38_40_42_51_82
66
35
44
87
38
40
44_59
63_66
51
44
38_40
41
43
45
85
42_45_82
47
48
50
52
61
82
78
41
53
58
55
57
42
59
60
66
42
58
61_82
61
30_35_36_49
78
62_73
54
49
42
64
51
61
66
42
30
35_36
49
54
54_61
38_40
42
30_43_49
35_36_41_51_66
44
45
46
63
59
47
54_59
66_75
83
35_36_51_53
63
35_83
59
47
63
47
41
51
63
59
34
38_40_47
54_66
59
47_63
35_36
66
51
35
54
38_40_41_51_53
59_63
54
66
47
47_59
82
78
63_66
54
51
35
80
61_75
35
58
42
82
78
66
42
58
61_82
30_61
35_36_51_73
54
49
42
78
82
51
61
66
42
30
35_36
49
54
54_61
38_40
42
30_49
35_36_41_51_66
63
59
44
82
78
83
51_59
80
66
71_80
32_35_36_51_53
63
59
44
63
44
41
51
63
59
30
38_40_44
51_66
78
59
44_63
35_36
66
32
51
51
78
38_40_41_51_53_85
83
87
59_63
51
66
44
44_59
82
63_66
51
85
32_51
78
82
61
32
58
83
80
42
66
42
58
61_82
61
30_35_36_51
78
73
54
49
42
81
85
80
83
51
53
61
66
42
30
35_36
49
54
78
82
54_61
38_40
42
30_43_49
35_36_41_51_66
44
45
46
63
59
47
54_59
66_75
35_36_51_53
63
35_83
59
47
63
47
83
41
51
63
59
34
38_40_47
54_66
59
47_63
35_36
66
51
35
54
38_40_41_51_53
59_63
54
66
47
47_59
82
63_66
54
78
51
35
80
61
35
75
58
42
78
66
42
58
82
61_82
30_61
35_36_51_73
80
54
49
42
83
78
51
82
61
66
42
30
35_36
49
54
80
54_61
83
38_40
42
30_49
35_36_41_51_66
63
59
44
51_59
80
66
71
32_35_36_51_53
63
59
44
63_80
44
75
41
51
63
59
30
38_40_44
51_66
78
59
44_63
35_36
66
32
51
51
78
85
38_40_41_51_53
87
83
59_63
51
66
44
44_59
63_66
51
32_51
85
82
78
61
32
82
58
42
66
42
58
61_82
61
30_35_36_51
78
73
54
49
42
51
53
61
66
42
30
35_36
49
54
54_61
38_40
42
30_43_49
35_36_41_51_66
44
45
46
63
59
47
54_59
66_75
83
35_36_51_53
63
35_83
59
47
63
47
41
51
63
59
34
38_40_47
54_66
59
47_63
35_36
66
51
35
54
38_40_41_51_53
59_63
54
66
47
82
47_59
63_66
54
51
35
78
80
61
75
35
58
42
78
82
66
42
58
61_82
30_61
35_36_51_73
54
49
42
82
78
51
61
66
42
30
35_36
49
54
78
54_61
38_40
42
30_49
82
35_36_41_51_66
63
59
44
83
78
51_59
80
66
71
32_35_36_51_53
63_80
59
44
63
44
41
51
63
59
30
38_40_44
51_66
59
44_63
35_36
66
32
51
51
38_40_41_51_53
59_63
51
66
44
44_59
63_66
51
32_51
64
32
78
61
45
80
64
45
61
64_76
61
33_83
35_36_51_73_81
57
81
52
45_85
51_83
32
80
53
61
64
45
35_36
52
57
57_61
81
38_40
45
52
30
35_36_41_51_64
78
64
56
40
47_56
64_80
71
28_35_36_51_53
64
52
40
59
40_83
80
41
51
59
52
38_40_40
47_64
52
40_59
35_36
64
51
47
39
38_40_41_51_53
76
80
52_59
47
64
40
40_52
59_64_83
47
51
80
61
78
58
82
42
66
42
58
61
61_82
35_36_51
30
73
54_78
49
42
51
61
66
42
30
35_36
49
54
54_61
38_40
42
49
30
35_36_41_51_66
61
58
42
49_58
66
30_35_36_51_53
61
54
42
61
42
41
37
42_51
61
54
38_40_42
49_66
54
42_61
35_36
66
42_51
49
37
54_61
30_38_40_41_49_51_53
66
42
42_54
61_66
49
37_51
75
71
75
52
83
35_36_38_46_56_63_71_80
63
59_75
56
75
56
59
63
75
63
71
80
35_36_63_71
56
59
63
70
39_40_42_82
75
63
78
59
35_36_38_46_56_63_71
56
63
52
41
42
70
82
40_63
35_36_46_63
52
38_56_63_71_71
56
71
59
56
70
39_40_42_63_82
63_71
59
59
56_63
63_71
71
71
71
42
63
70
73
63
54
78
58
35_36_42_46_56_63_73_82
73
59
70
70
63
59
63
70
35_36_63_73
58
73
70
39_40_42_82
70
63
63
35_36_42_46_56_63_73
73
54_58_59
41
42_73
70
82
59
73
40_63
58
63
35_36_46
75
42_54_56_59_63_75
75
58
63
70
39_40_42_63_82
71
58
63
73
63_73
59
70
42
71
52
83
35_36_40_46_56_63_71_80
63_70
59_75
56
70
56
59
63
70
63
71
35_36_63_71
56
70
59
63
70
39_40_42_82
63_68
59
35_36_40_46_56_63_71
56_68
63
52
41
42
70
82
40_63
35_36_46_63
68
52
42_56_63_71
56
71
59
73
56
70
39_40_42_63_82
63
59
68
59
56_63
45_63_71
71
42
66
63
73
63
54
78
58
35_36_42_46_56_63_73_82
73
59
63
63
59
63
35_36_63_73
58
73
70
39_40_42_82
63
63
35_36_42_46_56_63_73
54_58_59
41
42
70
82
59
73
40_63
58
63
35_36_46
75
42_54_56_59_63_75
58
63
70
39_40_42_63_82
58
63
73
63_73
59
75
35_42
37
71_75
52
83
35_36_40_46_56_63_71_80
63
59_75
56
75
56
59
63
75
63
71
80
35_36_63_71
56
59
63
70
39_40_42_82
75
63
78
59
35_36_40_46_56_63_71
56
63
52
41
42
70
82
40_63
35_36_46_63
66_71
52
40_56_63_71
56
71
59
71
56
70
39_40_42_63_82
71
63
59
66
59
56_63_71
63_71
71
42_71
70
63
73
63
54
78
58
35_36_42_46_56_63_73_82
73
59
70
70
63
59
63
35_36_63_70_73
58
73
70
39_40_42_82
63
70
63
35_36_42_46_56_63_73_73
54_58_59
41
73
42
73
70
82
59
73
40_63
58
63
35_36_46
75
42_54_56_59_63_75_75
58
63
70
71
39_40_42_63_82
58
63
73
42_63_73
59
42
70
71
52
83
35_36_40_46_56_63_71_80
70
63
59_75
56
70
56
59
63
70
63
71
70
35_36_63_71
56
59
63
70
39_40_42_82
63
68
59
35_36_40_46_56_63_71
56_68
63
52
41
42
70
82
40_63
35_36_46_63
52
40_56_63_71
56
71
59
56
70
39_40_42_63_82
63
59
59
63
56_63_71
71
42_42
44
63
35_36_46_47_52_56_71
71_71
66
54
70
35_36_46_52_70
70
70
39_40_42_82
66
35_36_42_46_52_56_66_66
41
42
70
82
40
59
35_36_46
59
35_56_59_68
70
39_40_42_82
42_49
66
66
42
61_73
46_61
54
49
78
75
61
66
42
49
54
46_66
54_61
42
49
66
42
75
54
66
47
63
59
63
47
70
63
59
47
54_66
59
47_63
66
60
54
47_59_63
82
64
54
66
47_59
63_66
54
46
73
75
66
42
61
46
61
54
73
49
71
71
75
75
61
66
42
49
54
46_63
54_61
42
49
66
42
51
66
59
44
59
63
44
70
63
59
44
51_66
59
44_63
66
60
51
66
66
44_59_63
82
64
51
66
44_59
63_66
51
46
66
42
61_80
46_61
54
49
78
75
83
61
66
42
49
54
46_66
54_61
42
49
66
42
82
54
66
47
63
59
63
47
78
70
63
59
47
54_66
59
47_63
66
60
54
75
47_59_63
82
64
54
66
47_59
63_66
54
46
75
73
66
42
61
46
61
54
49
71
71
75
61
66
42
49
54
46_63
54_61
42
49
66
42
51
66
59
44
59
63
44
68
70
63
59
44
51_66
59
44_63
66
60
51
44_59_63
82
64
51
66
44_59
66
63_66
51
46
66
78
80
66
42
61
46_61
54
49
78
80
75
61
66
42
49
54
46_66
78
54_61
42
49
66
42
73
54
66
47
63
59
75
63
47
70
63
59
47
54_66
59
47_63
66
60
54
71
47_59_63
82
64
54
66
75
73
47_59
63_66
54
46
71
66
42
61
46
61
54
49
73
75
61
66
42
49
54
46_63
54_61
42
49
66
42
73
78
51
66
59
44
59_75
63
44
70
63
59
44
51_66
59
44_63
66
60
51
44_59_63
82
64
51
66
44_59
63_66
51
46
66
42
61
46_61
54
49
75
61
66
42
49
54
46_66
54_61
42
49
66
42
54
66
47
63
59
63
47
70
63
59
47
54_66
59
47_63
66
60
54
47_59_63
82
64
54
66
47_59
63_66
54
46
66
42
61
46
61
54
49
75
61
66
42
49
54
46_63
54_61
42
49
66
42
51
66
46_59
44
59
63
44
70
60
82
64
70
63
66
64
73
82
75
62
73
71
73
46_78
46
85
71
54
61
75
66
59
87
47
47
54
59
70
66
60
82
64
68
66
68
46_85
46
54
61
75
66
59
83
44_44
54
59
70
78
66
78
60
78
82
64
83
82
85
46
46
82
54
61
75
83
66
78
59
47
87
47
61
54
59
70
63
66
60
71
70_82
64
68
46_85
46
54
61
75
66
59
83
44_44
54
59
70
38_40
78
66
38_40
78
60
83
85
38_40_82
64
35
36
87
38
38_40
40
41
43
85
45_82
45
47
48
50
52
61
82
78
41
53
55
58
57
59
42
60
62
66
64
42
58
61_82
61
30_35_36_49
78
73
54
49
42
51
61
66
42
30
35_36
49
54
54_61
38_40
42
30_43_49
35_36_41_51_66
44
45
46
63
59
47
54_59
66_75
83
35_36_51_53
63
35_83
59
47
63
47
41
51
63
59
34
38_40_47
54_66
59
47_63
35_36
66
51
35
54
38_40_41_51_53
59_63
54
66
47
47_59
82
78
63_66
54
51
35
80
61_75
35
58
42
82
78
66
42
58
61_82
30_61
35_36_51_73
54
49
42
78
82
51
61
66
42
30
35_36
49
54
54_61
38_40
42
30_49
35_36_41_51_66
63
59
44
82
78
83
51_59
80
66
71_80
32_35_36_51_53
63
59
44
63
44
41
51
63
59
30
38_40_44
51_66
78
59
44_63
35_36
66
32
51
51
78
38_40_41_51_53_85
83
87
59_63
51
66
44
44_59
82
63_66
51
85
32_51
78
82
61
32
58
83
80
42
66
42
58
61_82
61
30_35_36_51
78
73
54
49
42
81
85
80
83
51
53
61
66
42
30
35_36
49
54
78
82
54_61
38_40
42
30_43_49
35_36_41_51_66
44
45
46
63
59
47
54_59
66_75
35_36_51_53
63
35_83
59
47
63
47
83
41
51
63
59
34
38_40_47
54_66
59
47_63
35_36
66
51
35
54
38_40_41_51_53
59_63
54
66
47
47_59
82
63_66
54
78
51
35
80
61
35
75
58
42
78
66
42
58
82
61_82
30_61
35_36_51_73
80
54
49
42
83
78
51
82
61
66
42
30
35_36
49
54
80
54_61
83
38_40
42
30_49
35_36_41_51_66
63
59
44
51_59
80
66
71
32_35_36_51_53
63
59
44
63_80
44
75
41
51
63
59
30
38_40_44
51_66
78
59
44_63
35_36
66
32
51
51
78
85
38_40_41_51_53
87
83
59_63
51
66
44
44_59
63_66
51
32_51
85
82
78
61
32
82
58
42
66
42
58
61_82
61
30_35_36_51
78
73
54
49
42
51
53
61
66
42
30
35_36
49
54
54_61
38_40
42
30_43_49
35_36_41_51_66
44
45
46
63
59
47
54_59
66_75
83
35_36_51_53
63
35_83
59
47
63
47
41
51
63
59
34
38_40_47
54_66
59
47_63
35_36
66
51
35
54
38_40_41_51_53
59_63
54
66
47
82
47_59
63_66
54
51
35
78
80
61
75
35
58
42
78
82
66
42
58
61_82
30_61
35_36_51_73
54
49
42
82
78
51
61
66
42
30
35_36
49
54
78
54_61
38_40
42
30_49
82
35_36_41_51_66
63
59
44
83
78
51_59
80
66
71
32_35_36_51_53
63_80
59
44
63
44
41
51
63
59
30
38_40_44
51_66
59
44_63
35_36
66
32
51
51
38_40_41_51_53
59_63
51
66
44
44_59
63_66
51
32_51
64
32
78
61
45
80
64
45
61
64_76
61
33_83
35_36_51_73_81
57
81
52
45_85
51_83
32
80
53
61
64
45
35_36
52
57
57_61
81
38_40
45
52
30
35_36_41_51_64
78
64
56
40
47_56
64_80
71
28_35_36_51_53
64
52
40
59
40_83
80
41
51
59
52
38_40_40
47_64
52
40_59
35_36
64
51
47
39
38_40_41_51_53
76
80
52_59
47
64
40
40_52
59_64_83
47
51
80
61
78
58
82
42
66
42
58
61
61_82
35_36_51
30
73
54_78
49
42
51
61
66
42
30
35_36
49
54
54_61
38_40
42
49
30
35_36_41_51_66
61
58
42
49_58
66
30_35_36_51_53
61
54
42
61
42
41
37
42_51
61
54
38_40_42
49_66
54
42_61
35_36
66
30_51
49
37
54_61
38_40_41_42_49_51_53
66
42
42_54
61_66
49
49_51
71
52
50_63_71
46
63
59
56
56
59
63
75
63
71
63_71
56
46
59
63
63
46_59
63_71
56
63
52
70
63
63
46_60
52
63_71
56
71
59
56
63_82
64
63
54
59
59
46_56_63
63_71
71
63
73
63
54
54_58
63_73
46
59
63
75
59
46_63
63_73
58
73
63
63
46_63_73
75
54_58_59
70
59
73
63
58
63
60_75_75
54_59_63_75
46_58
63
63_82
64
58
63
73
46
63_73_75
59
68
47
49
71
52
52_75
46_63_71
63
59
56
75
56
59
63_75
75
63
71
63_71_80
46
56
59
63
75
78
63
59
63_71
56
46
63
52
70
63
63
46_60
52
54
63_71
56
71
59
56
73
63_82
64
63
59
59
56_63
54
63_71
46
71
71
73
63
75
73
63
54
46
58
63_73
54_73
59
63
75
59
63
63_73
46
58
73
63
46_63
63_71_73
54_58_59
70
59
73
63
58
63
73
60_75
46
54_59_63_75
58
63
75
63_82
64
73
58
63
73
46
54_63_73
59
59
51
59
51
59
71
52
63_71
46_52_75
63
59
56
68
51
75
56
59_75
63
75
63
71
63_71
80
56
46
59
63
75
63
46_59
63_71
56
63
52
80
70
75
63
63
46_60
52
63_71_78
56
54_71
59
56
63_82
64
63
59
59
46_56_63
63_71
71
63
73
63
54
54
58
63_73
46
59
63
75
59
59
46_63
63_73
58
73
63
63
46_63_73
54_58_59
66
70
70
51
59
73
63
58
63
60_75
54_59_63_75
46_47_58
63
49
71
63_82
64
58
63
73
46
47_63_73
59
73
53
49
71
71
52
46_52_63_71
63
59
56
56
59
63_68
75
63
59
71
63_71
46
56
59
63
63
59
63_71
56
46
63
52
70
63
70
63
46_60
52
63_71
56
71
59
51
71
56
63_82
64
63
59
59
56_63
63_71
46
71
73
56
63
63
59
63
46
52
56
71
59
59
71
56_68
75
63
59
59
56_63
46
71
53
51
63
52
46
56
71
59
51
68
56
70
63
59
52
59
56_63
71
60
46
59
56
53
63
59
63
52
82
56_64
71
59
46
47
56
63
59
59
56_63
71
63
59
51
63
52
56
71
59
53
56
63
59
59
56_63
71
51
56
63
59
63
52
56
71
59
59
56
56
63
59
59
56_63
71
53
63
52
56
71
59
28
56
63
59
51
59
56_63
71
51
56
63
59
53
63
52
56
71
59
59
56
63
59
59
56_63
71
63
52
56
71
59
51
56
63
59
59
56_63
71
56
63
59
63
52
56
71
59
56
63
59
59
56_63
71
63
52
56
71
59
56
63
59
59
56_63
71
56
63
59
63
52
56
71
59
56
63
59
59
56_63
71
