53
53
55
36_48
48
55
36
48
36
53
53
55
48
36
55
56
32_32_44
56
32
44
32
32_44
58
32
58
44
55
36_48
48
55
36
48
36
53
53
55
48
55
36
56
44
32
56
44
32
56
56
58
44
32
58
58
58
32
44
58
58
56
48
36
48
36
56
55
55
48
36
53
53
55
48
36
55
56
56
44
32
44
32
56
56
56
32_44
56
58
44_58
32
56
56
43
31
55
55
55
55
55
55
53
53
55
56
55
55
56
47
55
53
47
31
43
53
55
36
36_48
48
36
55
48
36
53
53
48_55
36
55
56
32_44
32
56
36
44
32
56
56
56
32
44
56
58
58
32
44
56
56
55
36
36_48
32
48
36
55
55
36_48
55
53
53
55
55
48
36
56
32
36
56
44
32
32
44
56
56
56
44
32
56
58
58
60
60
32
60
44
60
36
56
48
32_36
48
36
56
55
55
36
48
53
53
55
48
36
55
56
32
44
32
36
56
44
32
56
56
56
44
32
56
58
58
32_44
56
56
31
43
31
55
32
55
55
62
62
55
55
55
53
53
56
55_56
47
55
47
31
43
65
36
31
36_48
36
36_48
36
65
67
36
36
38
67
38
36
36_48
36
36
36
36
36
36
35_65
35
36
65
38
67
48
36
38
67
36_68
36
36
32
32_44
36
68
36
44
32
36
36
38
38
68
32_36_44
36
36
36
36
36
68
36
70
36
38
32_44
38
70
36
67
36
32
36
36_48
36
36_48
36
67
63
36
36
63
38
38
36
48
36
36
36
36
36
36
68
36
68
36
68
38
48
36
38
68
36_68
36
32
68
32_44
36
36
36
44
32
36
36
68
38
68
38
36
68
44
32
36
36
36
36
68
36
36
70
36
38
32
44
70
38
36
70
36
70
36_48
36
32
36
68
48
36
36
68
36_67
36
67
38
38
36_48
36
36
36
36
36
36
36
65
36
65
38_48
67
36
38
67
36
68
36
32
68
36_44
32
36
44
32
36
36
36
38
38
68
36
32_44
36
36
36
36
68
36
70
36
36
38
38
32
44
36
36
70
31_67
32
36
43
31
36
36
36
67
43
67
38
38
67
36
43_67
36
36
36
43
36
36
67
36_65
36
65
38
67
38
36
36
67
67
36
43_47
36
43
36
36
43
38
38
47
36
36
36
36
47
43
36
36
36
47
36
38
43
67
31
38
43
67
36
52
36
52
67
71_71
40
28
31
36_40
55
52
36
52
36
36
38
52
38
71
72
36
72
71
36
55
52
59
36
36
36
36
36_72
71
36
72
71
38
52
38
52
40
59
36
36
24
36
28
72
40
36_67
71
71
52
36_55
36
36
36
38
48
52
38
67
66
36
52
36
55
36
36
48
36
36
66
64
36
36
52
38_48
36
36
24
38
48
64_71
36
36
28
40
43_47
71
40
55_59
72
36
36
36
36
52
38
38
52
71
72
71
72
36
36
36
36
28
36
71
36
72
71
72
36
36
43
47
52
59
38
55
52
40
38
40
67
36
71
36
40
36
43
72
36
71
52_55
36
36
36
36
48
38
52
38
66_67
36_52
36_55
36
48
36
36
36
40
36
66
43
64
52
36
36
48
38
36
48
38
55
71
64
36
55
36
43
47_50
43
55
31_59
71
72
36
36
36
55
36
38
38
71
72
71_72
36
36
36
71
36
72
71
36
36
71
71
36
72
36
59
71
55
43
66
47
50
38
31
55
43
66
38
66
36
36
66
38
50
54_57
26
38
57
66_66
71
36
66
36
66
36
36
66
50
67
38
57
38
67
54
50
36_69
36
36
69
66
36
66
36
36
26
66
38
36
50
54
57
36
66
57
54
64
50
38
57
50
38
38
36
36
45
33
57_61
59_64
61_69
33
57
36
66
36
57
36
36
45
38
38
61
36
57
36
36
36
45
36
36
36
57
36
38
61
45
38
45
33
36
36
36
33
36
36
36
38
45
38
36
45
36
33_57
36
59
61_64
64
36
61_64
45
36
36
36
36
64
38
45
33
38
45
64
36
52
36
52
64
69
40
64_71
67_71
28
36_71
40
59
55
36
36
36
38
52
55
38
71
52
72
72
36
71
36
36
36
36
72
36
71
36
71
67
40
36
28
71_72
38
52
38_52
59
64
71
40
67
36
36
60
36_67_72
64
36
24_52
55
36
71
36
36
36
48
38
52
38
67
36
66
52
36
36
36
64
66
48
64
36
36
64
36
36
24
48
36_60
38
52
55_64
67
36
38
48
64
36
64
36
40
71
64
67
28_40
55_59
71
64
72
36
71
36
36
36
52
55
38
38
71
59_72
72
55
71
36
36
36
36
52
36
72
36
71
36
71
40
67
36
28
71
71
71_72
38_59
40
55
38_59
64
36
36
36
60_64
24
67
72
36_52_55
36_71
67_71
36
36
36
48
38
52
38
67
66
36
52
36
55
36
64
66
36
48
64
36
24
64
36
36
36
36
60
67
38_55
36
36
52
64
55
36
38
64
36
64
36
64
72
59
43
31_67_71
71
62
43_55_59
36
36
55
36
36
55
38
38
71
59
72
72
36_62_71
36
36
55
36
36
71
36
72
72
71
36
59
43
31_62
36
59
59
38
67
67
55
71
38_43
55
62
67
36
66
36
66
66
69
62
38_71
66
26
36
66
54
38_57
36
66
36
66
36
66
38_67
54
50
38
57
67
36
69
54
36
36
36
66
69
50
36
26
66
36
38
36
66
57
54
36
57
62
38
66
66
64
69
50
38
50
38
36
36
69
45
33_36
33_69
61_73
66_71_76
57_64
36
36
45
57
36
64
45
61
38
57
38
57
61
36
57
36
36
36
36
57
36
45
36
61
36
38
57
45
38
57
36_61
36
36
45
57
64
36
45
73
36
36
57
45
38
64
61
38
45_69
57
36
36
45
57
36
33
64
36
36
36
65
61
36
57
36
57
65
76
67
38
45
33
69
61_67
38
45
67
36
57
71
36
57
67
36_48
72
36
48
36_36
72
36
36
38
38
48
72
36
36
36
48
36
36
72
36
36
65
48
36
36
36
65
36_67
38
48
38
67
48
68
36
48
36
36
68
32_44
68
36
44
68
32
36
36
36
38
38
68
44
32_68
36
36_44
68
36
36
68
36
44
70
36
32
36
32_36
70
44
68
38
38_68
44
32
67
36_44
36
48
36
72
67
36_48
72
36
36
36
36
38
38
67
36_72
36
72
36
36
36
36
67
36
48_65
36
36
48
36
65
36_67
38
38
67
48
36_68
36
48
36
68
68
32
44
68
36
44
36
68
36
32
36
68
44
38
44
38
68
44
32
68
36
68
36
36
44
36
32_36
68
36
32
70
36
36
32
44
38
38_70
68
32
36
32
44
36
68
67
72
36_48
36
72
48
36
36
67
36
36
38
38
67
72
36
36
72
36
36
36
36_67
36
65
36
48
36
36_65
48
38
67
36
38
67
36
68
36
48
36
48
68
36
68
32
68
36
32
36
36
38
44
38
44
68
36_68
32
68
36
36
32
36
36
68
36
32
36
70
36
38
44
32
38
44
70
44
32_68
36
32
44
36
68
31_43
67
67
36
43
36
36
67
36
67
67
38
67
38
67
43
67
36
36
36
36
43
36
67
36
65
36
36
65
38
68
43
38
67
31
68
43
67
36
36
67
67
67
36_47
31
36
36
36
43
38
47
38
47
36
43
36
36
79
36
36
67
36
47
50_65
36
36
50
67
43
38
31
36
79
36
38_43
65
67
36
67
36
67
48_84
36
72
36
72_84
48
36_36
67
36
36
38
38
72_84
36
36_48
72_84
36
48
36
36
36
36
65
36
48
36
36
65
38
48
67
36
38
67
36
68
48
36
36
48
68
68_80
36
44
32
68
80
36
44
32
36
36
38
38
68_80
36
68
44
32
36
36
44
36
36
68
36
36
70
44
32
68
36
80
44
70
38
68
32
38
68
36
67
44
32
36
44
84
72
36
36_48
72
84
48
36
36
67
36
65
36
65
38
38
36
84
72
48
36
67
36
48
36
36
36
67
36
36
48
65
36
36
84
72
48
65
38
67
36
38
67
36
48
68
36
48
36
36
32
80
44_68_68
80
68
36_44
32
36
68
36
38
68
38
68
80
32
44
36
68
36
36
44
68
36
70
36
36
44
70
32_36
68
80
44_72
36
44
32
38
44
38
72
44
36
72
32
44
36
72
72_84
36_48
36
68
67
48_72_84
67
36
36
68
36
67
36
67
38
38
84
72
36
48
36
36
48
36
36
36
84
72
36
48
67
36
36
36
48
67
65
48
38
36
48
38
65
67
48
36
48
36
36
67
68
80
68
32_44
36
44
68_80
36
32
36
68
36
38
38
36
68_68_80
44
32
36
80
68
36
80
44
68
36
36
68
36
36
44
70
32
36
80
68
38_44
32
38
70
36
44
68
32
36
44
68
67
79
43
31
36
67
36
67
43
36_67
36
38
38_67
36
67
36
36
36
36
36
36
79
36
65
67
38
38
36
36
65
36
71
74
67
43
68
36
67
36
47
36_43
38
47
50
38
36
68
67
36
36
36
71
43
74
50
36
36
43
36
47
47
36
67
38
43
31_67
38
43
52
67
36
52
36
67
52_71
64_71
28_52
55_59
71
36
36
36
52
36
40
40
38
59
55
38
71
67_72
72
71
52
36_64
71
36
36
52
36
52
40
36
72
36
71
55
52
36
55
52
36
52
64
67
71_72
28
40
40
52
38
40
38
64
48
36
36
48
48
67
67
52
36
55
72
71
71
36
36
36
48
36
48
38
38
67
66
67
36
66
36
36
48
36
36
66
52_64
36
48
36
66
55
36
48
38
52
40
40_48
36
38
48
64
55
71
52
36
64
55
36
64
71
72
40
40_67
59
36_52
55
36
36
52
59
52
36
38
52
55
71
38
64
67_72
71
36
55_71
52_72
71
36
36
36
52
55
36
36
71
59
36
72
36
71
59
72
38
52
52
40
38_52
40
52
36
62
52
64
36
52
72
71
60
36
36
62
36_52_71
67
55
36
36
36
48
38
52
48
38
67
55
36
66
52
36
36_48
36
36
36
48
66
64
36
36
38
55
52
36
55_60
38
36
36
48
48
36
64
71
72
43
36
59_71
55_59
67
55_62
43
36
55
36
36
38
55
59
38
71_72
36_71
72
59
36
36
55
36
36
36
71
36
55
72
59
43
67
36
71
72
38
62
59
55
62
38
55
43
36
67
62_71
36
67
50
62_66
38_66
69
36
66
71
38_54
57
36
66
36
66
36
66
38
66
50
57
54
38
66
36
67
36_54
36
67
36
64
64
50
36
36
64
36
57
69
54
57
36
66
38
50_62
38
50
50
38
38
36
57
36
57
69
45
36
64
33_66
61
57
64
36
57
36
45
57
64
45
36
59
38
57
64
61
59
38
57
61
36
59
36
36
57
36
36
36
36
61
59
36
38
45
61
38
45
36
61
57
36
36
57_57
69_76
45
64
36
45
36
36
57
38
64
45
64
38
45
36
57
36
36
36
36
36
57
36
61_64
36
76
61
69
64
38
45
45
33
38
45
64_69
36
52
36
64
52
71
71
36_52
40_40
55
59
36
40
36
36
64
38
40
38
71
40
72
72
55
71
71
36
40
36
36
36
36
64
72
36
71
36
52
71
36
59
52
52
71
71_71
72
38
40
55
38
67
40_71
55
36
36
36
60_67
64
36
36_55
52
36
36
36
48
38
52
38
67
52
72
66
36
55
71
36
48
36
36
36
36
64
66
36
60
36
36
55
38
52
38
55
67
36
48
71
36_64
48
36
64
52
64
55
40_52_59
40_59_67
36
71
72
36
52
36
36
55
52
38
59
38
71
55
72
72
36
71
52
36
36
71
36
72
71
36
59
55
71
36
36
36_71
59
72
52
52
40
38
36_40
52
59
36
38
52
36
52
36
36
48
60
36
67
52_71
55
72
36
71
36
36
36
52
48
38
55
38
67
66
52
36
36
36
36
66
36
64
36
48
36
55
52
55
36_36
60
48
38
67
48
36
38_64
48
36_55
36
55
64
71
71
43
59_72
36_55
36
55
36
36
55
38
55
59
38
71
59_72
36
72
59
71
36
36
55
36
59
36
71
67
36
72
59
59
36
55
71
36
71_71
72
59
38
55
55
38
43
71
67
36
54
67
36
67
62_66
50
38
66_66
71
36
38
66
36
66
36
66
36
66
38
50
54
38
66
67
36
54
36
36
67
69
36
54
36
50
36
69
66
36
57
66
57
36
50_66
38
62
66
38
50
38
50
38
66
64
36
57
36
57
69
45_64
66
36
33
61
57
36
57
36
57
36
59
38
45
38
59_61
61
36
57
36
45
36
36
57
36
64
36_61
57
61
36
36
64
57
38
45
38
33
61
45
57
36
36
57
61
33
69
81
36
36
36
36
45
38
61
38
64
36
45
36
36
64
36
64
36
36_53
61
36
81
57
69
36
45
38_45
33
53
45
38
61
55
64
69
57
36
55
36_57
55
36_48
36
48
36
36
55
48
36
48
53
53
36
55
55
56
44
32
56
44
32
44
32
44
58
32
58
56
56
55
36_48
48
36
55
55
48
36
48
55
53
53
36_55
55
56
56
44
32
44
32
56
32_44
44
56
58
32
58
56
56
36
48
56
48
36
56
55
55
55
55
48
36
48
53
53
36
55
55
56
56
44
32
44
32
56
56
56
44
32
44
56
58
44
32
58
44
56
44
32
32
44
56
43_55
31
55
55
55
55
43_55
53
53
43
56
55
55
56
55
55
47
55
43
50
55
47
65
50
43
31_65_67
43
67
67
48
36
48
36_36
36
67
36
36
38
38
36_48
36
36
36
48
36
36
36
36
65
48
36
36
65
48
38
67
36
38
67
36
68
48
36
36
48
36
68
68
32
44
36
68
44
32
36
36
38
38
68
36_68
44
32_68
36
36
44
36
36
68
36
36
70
44
36
32
38
68_70
44
32
38
68
36
67
44
32
36
44
36
60
48
36
36
48
60
36
67
36
63
36
63
38
38
36
60
36_48
36
48
36
36
67
60
36
36
67
36
48_65
36
36
65
48
38
67
36
38
67
68
36
48
36
48
36
56
68
36
32
44
36
44
32
36
68
36
38
68
38
44_68
32
36
36
44
68
36
70
36
36
36
70
44
32
36
72
36_44
32
38
72
38
72
32
44
36
44
36
60
72
56
68
36_48
36
48
36
36
68
67
36
36
67
38
38
36
48
36
48
36
67
36
36
36
36
48
36
36_67
65
36
48
36_65
38
67
38
67
36
48
36
68
48
36
56
32
44
60_68
36
44
32
36
36
36
68
38
68
38
32
68
36
36
36
36
68
36
44
36_70
36
44
36
44
38
32
44
38
70
68
44
36
44
68
36
55
67
31_56
36
67
36
67
36
67
36
67
38
67
38
67
36
36
36
36
67
36
36
65
36
36
65
68
43
38
38
68
67
36
36_67
43_67
47
36
36
43
36
36
38
38
36
47
36
36
36
31
47
36
47
36
36
47
36_47
38
55
31_43
38
31
43
67
43
36
52
67
36
52
67
36
71
40
52
52_55
40_59_71
59
64_67
36
52
36
36
55
52
59
38
38
72
71
71
55_72
36
36_52
55
72
36
71
59
36
59
71
52
72
38
52
40
52
38
40
59
71
52
67
36
36
52
48_60
36
72
52_71
36_55
36
36
36
36
48
38
52
55
38
67
66
52
36
36
36
36
36
66
64
36
48
36
36
36
48
60
55
38
52
55
38
36
71
48
64
36
48
36
59
40_52
71
72
40
59
41_55
36
41
36
36
36
52
38
55
59
38
71_72
55
72
71
36
52
36
36
36
36
36
71
59
71
72
36_55_72
36
59
52
38_52
59
40
40
52
38
52
67
36
71
36
52
52
36
55_60
36
48
72
71
36
36
36
36
52
48
38
55
38
52_66_67
36
36
48
36
36
36
36
66
64
36
36
48
36
52
38_60
48
36
38
48
71
36_64
52
36
52
64
59
43_62
55
40_55
52_71
72
36
36
52
40
36
36
59
38
55
38
72
71
71
36_43_55_72
36_59
36
36
36
71
36_72
71
59
55
36
72
36_59
55
67
71
43
38
55
67
59
55
43
67
66
38
54
36
62
66
36
62
66
38_50
66
66
36
71
38
66
36
66
36
36
66
67
38
50
54
38
67
36_69
57
36
50
36
66
36_69
66
36
57
36
66
36
54
36
38
50_54
38_66
64
50
50
38
38
36
62
57
36
66
57_69
64
36_66
57
33
61
57
36
33
36
69
45
33
45
33
36
38
45
33
45
57
33
61
38
81
36
61
45
33
36
57
36
45
36
45
57
36
45
36
36
57_61
36
57
38
59
38
36
45_59
61
36
33
45
33
61
36
64
45
36
36
61
64
45
36
61
38
59
38
36
59
45_64
36
36
36
61
45
64
36
36
57
36
59_81
61
69
59
36
38_64
45
64
33
45
69
52_64
38
36
36
52
59
40_52
64_64_67
71
36_40_71
55_59
36
36
36
52
55
38
59
52_71
38_72
72
55
36
71
36
36
36
36
36
55
59
72
71
36
59
36
72
71
52
38
52_52
40
40_59
52
38
36
36
52
60
36
36_55
52
36_48_72
67_71_71
36
36
36
52
48
38
55
67
38
66
36
52
36
36
36
48
36
36
52
66
64
55
36
36
55
48
60
36
38
48
36
48
36_38
52
71
64
36
52
72
59_71
52
40
36
40
55_59
52
36
52
36
36
55
38
52
59
38
72
71
36
71
55
72
36
36
36
52
36
36
71
36_59
71
72
72
55
52
36_40
59
38
52
59
52
40
38
36
52
67
71
36
52
60
36_48
36_52
55_72
36
71
36
36
52
48
36
55
38
52
38_67
66
36
36
36
36
52
36
36
48_48
55
66
36_64
36
60
36
48
55
38
36
48
55
71
38_64
36
55
64
36
59_62
59
43
55_55
43
71
36
72
36
55
36
36
55
59
38
38_72
59
71
72
36
71
55
36
36
71
36
59
72
36
55
59
71
59_72
36
43
36
62
67
59
55
55_67
71
38
36
43
54_67
38
66
36
36
66_69
50_62_66
38
38_66
36_66
71
66
36
66
36
36
67
66
50
38
54
38
67
36
54
69
36
50
36
36
66
69
50
38
62
66
66
54
36
69
36
66
36
57
57
36
66
64
38
50
38
50
38
36
57
36
57
64
69
45_66
36
45
61
57
36
57
57
36
57
57_69
45
36
38
57
57
81
38
36_57
36
57
36
36
45
36
36
36
57
61
36
57
38
59
38_57
36
59
45
36
57
61
45
36
36
36
36
57
38
61
38_57
36
59
36
36
36
59
64
36
36
61
36
69
64
57_65
36
38
57
61
45
65
67
36
38
36
67
57
69
81
36_48
45
60
67
36
48
36
60
36
67
48
36
60
65
60
65
48
67
36
67
68
68
32_44
56
44
32
56
56
44
32_68
68
70
70
68
32
44
68
67
56
36
48
60
48
67
36
60
65
65
60
48_67
36
67
65
65
67
48
36
67
68
56
60
44
68
63
44
56
63
