37
37
37
37
55_55_67
56_67_67_79
57_57_69_69_69_81
56
58_58_70_70_70_82
34_46_62
70
34_58
35_36
70
74
65
63
60
38
56
72
67
74
70
65
58_58_70
56
70
41_74
60_60_72
62
58
36_56
65
38
65
58_58_70
56
70
67_74
56
67
67
36
57_57_69
36
48
72
76
36_56
64
67
40
56
60_76
72
67
67
55_55_67
72
56
43
72_76
53_53_65
36_56
64
67
60
40
52_52_64
40
67
56_76
72
56_67
41_41_53_53_65
56
36_56_72
69
65
53
56_72
57
38_72
69
67
65
53
56
36
36
72
69
36_56
57_57_69
65
53
34
57
72
74
67_69
56
53_53_65
53
65
65
56
29
72
56
65_65_77
36_56_72
41_69
60_65
53
65
36
56
24_69_72
67
60
53
56_65
57
38
26
36_56
72
69
60
53
57_65
28
40
67
56
72
53_60
57
65
56
29
56
41
36_56
65
53
69_72
33_56
67
57
65
56
36
60
69_72
36_56
65
53
69
72
29
67
56
56_65
56
34_46
34
36_56_62_74
70
58
65
56
70
74
67
38
53
65
62
65
56
70_74
41
36_56
58
65
38
70_74
53_67
56
65
58
56_62
36
56
48
36_72
36_56_76
67
67
56
76
67
40
72
64
67
56
43_72_76_76
36_43_56_72
91
60
88
67
84
64_71_76
72
67
56
40
72_75
60_67
43_88
56
36
48
56
76
36_56_72
36
76
72
60
67
96
64
56
76
40
67
72
72
67
56
43
43_76
36_56
64
72
33_67
56_60
67
45
56
67
56
34_46
34_36_56
70_74
89
65
65
56
67
38
86
74
70
62
82
65
56
41
41
70_74
36_56
58_65
62_70
74
67
38_56
58
65
56
34
46
56
74
34
70
36_56
65
58
56
62
67
38_74
70
65
62
65
56
41
41
74
36_56_70
58
65
34_65
62
67_70
56_74
58
62
56
36_48
56
36
36_56
76
72
67
40_67
56
67
76
72
64
56
67
43
43
76
36_56_72_72_84
76
72
60
67
40
64_74_84
71
75
67
56_76
72
67
43_56_67
76_76
76
84
56
36_72
48
36_36_56
72
60
67
67
34
56_76
67
72
64
56
67
38
36_56
33_76
72
67
60
64
67
40
31
67
56
33
76
67
60
67
56
72
29
56
36_56
41
65
56
67
29_60
72
57
65
56
31
72
36_56
69
53
41
53
65
33
57
67
56_72
69
45
53
65
56
34
56
34_74
46
70
36_56
65
56_77
62_74
70_74
67
38
58
56
65
41
53_77
36_56
74
70_74
62
65
58
67
38_56
74
70
53
56_65_77
74
36_56
48
36_36_56
74
72_77
76
36
55
67
76
56
72
67
40
60_76
72
64
56
67
43
76
36_43_56_76
72_72
67
55
76
40
71_72_79
75
67
56
60
76
72
64
67
43
56
76
56
36_72
76_84
36_48_56
36_72
55
67
56
76
72
67
40_60
64
67
56
76
72
43
36_56
43
55
67
33
76
64
72
67
56
60
45
33
67
56
56
74
34_46_70
36_56
34_74
77
65
65
56
70_74
67
38
62
65
56
70
74
41
58
36_56
65
34
70
74
67
56
58
67
56_67
76
72
56
36
36
72
36_56
76
48
64
67
40
56
67
72_76
60
64
67
56
43_76
36_56
72
60
67
40
40
76
67
56_72
67
56
29
56_72_81
77
36_56
72
41_69
74
60
63
65
33
56
57_67_72
69
65
53
56
72
69
36
36_36_56
81
84
65
53
69_72_82
79
33_67
56
57
65
36
56
53
69
56_72
29_41
36_56_77
81
65
60
53
57
56
36_67
69_72
36
57
60
56
38_38
36_56
75
60_69_72
57_60_65
40
62_77
40_67
56
72
69
56
56
79
41_63
81
36_56
41_57_60_84
63
69_75
72
57
81
75
63_84
45
56
51
67_72
69
63
60
63
56
75
79
48
36
63_72_81_84
69
36_56
63
51
45
60
67_69_72
56
63
77
62
56_57_63
75
60
75
41_56
72
69
41
36_56
63
51
75
84
81
72
69
56
39_60
67
75
75
60
63
57
56
81_84
38
62_72_77
43_69
36_56
63
57_60
36
45
69
72
67
56
75
60
60
57
65
56
34
60
75
74
56
34_70
46
36_56
53
65
74
58
58
38_56
74
70
67
58
62
56
65
41
74
70
41
74
36_56_70_82
53
65
70_74
75_82
58_72
38
67
56
58
62
65
56
34
74_77_82
46
70_74
56
36_56
34
65
53
70_74
56
62
38_58
67
65
58
62
53
56
70_74
41_41
62
74
36_56
58
62
53
65
29
42
64
70_74
74
67
56
58_62
53
65
56
43_65
31
56_74
36_56_74
71
67
53_55
62
35
59_71_74
56
67
67
53_55
65
56
38
71
74
65
38
36_56
74
55_67
35
59_71_74
62
67
56
64
67
55
72
56
31
43
62
71_74
56
31
36_56
71
62
67
53_55
71_74
59
56
33
67
71
59
62
67
56
71
72_74
60
35
55
36_56
67
59
67
74
59
71
35_47_74
67
56
55
56
67
60
48_72
36_56
36_56
72
76
36
55
67
56
76
72
60
40_67
64
67
56
43
43
79
76
36_56
72
76
55
67
79
40
72
67_76_76
56
64
79
64
55
60
67
76
56
72
36_36
48_56
70_76
36_56
55
67
40_70_76
56
58
67
64
55
67
56
43
59
38
70_76
36_56
60
58_64
55
67
40
70_76
40
58
67
56
55
67
56
57
56_69_72
36_56
41_77
41
65
60
72
45_56_69
67
57
53
65
56
29_48
57
69_72
36_56
77
65
53
45
72
69
67
56
60
57
58_77
53_57_60
65
56
29_60
69_72
41_75
41
56
36_56
51_65
72
69
57
56
67
29
75
57_60
60
65
56
43_69_72
77
62
31
36_56
31
65
57_60
33
45
69_72
33
67
56
60
57
60_75
65
56
34_60_75
46
56
34_70_74
36_56
53
65
74
58
58
56
70_74
67
38
58
62_65
56
74
70
41_74_82
36_56_70
41
65
53
72_82
70_74_75
58
67
56
38
58
65
41_62
56
34
34_82
74_77
70_74
46_56
36_56
65
53
70_74
56
67
38
58
65
58
62
56
41_41_70
74
36_56
53
65
34
70
53_74
58
67
56
62
60
67
77
47
35
56
79
48
36_72
56
76_76
36
36_56
76
67
55
72
76
40
56_60_72
67
79
76
77
62_64
67
56
60
43
43_76
72
36_56_76
55
67
40
55
60_64
76
74
67_72
56
58
64
55
67
56
70
76
57
36
48
72
56_70_76
36_56
36
38
79
82
55
67
40
76
70
56
58
67
74
58
58
67
55
64
56
57
70_76
43
72
43
36_56
58
55_67
40
70
55
70
40
76
67
56
58
55
56
41
69
53_56
72
69
36_56
29
27
53
63
57
33_56
69_72
67
57
60
65
56
36
72
69
36
36_56
53
65
55
57
69_72
33
56
67
56
53
65
65
57
56
29
41
29
56_72
69
36_56
53
65
56
69_72
29_57_67
65
53
56
46
34
36_56_72
69
34
53_60
57
35
69
47
72
67
35_56
60
57
56
56
36_76
48
36_36_56
72_76
72
67_72
67
40
56
64_67
76
67
72
60
56
67
43
72_84
36_43_56_76
72
60
67_72
74
86
64
74
40
71
76
67
56
59
67
72
76
88
56
43
36
48
76
56
70
36_56
36
74_86
58
67
76
70
56
70
67
43
34
64
67
56
33
76
70
69
36_56
67
72_84
67
64
31
67
40
70
82
70
76
67
56
67
58
56
29_65
69
41_72
81
56
69
36_56
53
65
33
72
69
56
67
57
57
60
65
56
36
69_72
36
36_56
67
70
53
65
33
68_71
57
69_72
67
56
72
65_69
65
56
41
56
29_29
69_72
36_56
57
65
53
36_56
69_72
67
36
60_65
57
53
56
38
38_72
69
36_56
65
53_60
57
40
40
72
69
67
56
57_60
53
56
65
41_56
41_72
69
36_56
53
65
56
45
57_72
69
67
65
65
56
29
69_72
48
36_56
53
65
72
45
69
45_67
56
57_60
65
56
34
56
34
46
36_56
69_72
53
65
38_56
72
67
58
62
65
56
41
74
36_56
70
58
53
65
34
67_74
56_70
62
65
56
58
36
56
48
36_56
72
76
36
55
67
56
40
67
76
72
60
64
67
56
43
79
36_43_56
76
72_72_76
76
67
55
72
67
56
40_71_76
75
72
60
79
64
43_67
56
36
56
76
36_76
48_72
72
36_56
76
55
67
56
40
72
76
67_72
60
64_67
84
56
76
43_43
72
36_56
64
55
67
40
45_67
56
76
72
55_64
56
65
56
36_56
34
34
46
74
70
65
53
56
38_70_74
67
58
58
65
62
56
41_74
70
36_56
41
65
53
74
38_70
67
56
58
58
41_65
56_62
34
56
34
46_74
70
36_56
53
65
56
58
70
67_74
38
58
62
56_65
41
41
36_56_70
74
53
65
34
53_67
56_70
74
62
67
56
58
56
36_36_48
36_56
72
76
55_67
40
56
76
67
72
60_72
76
64
67
56
76
43
72
43
36_56
55
67
71
40_75
67
56
72_76
60
67
76
64_72
43
56
56
76
36_48
70
36_56
36
67
64
55
56
70_76
36_67
24
55
64
67
56
72
38
26
70_76
36_56
77_81
55_64_67
40
28
70
76_76
67_79
56
64
67
56
56
29
36_56_69_72
41
53
65
56
72
69
67
33_57
57
60
56
65
36
36_56
36
72
69
53
65
29
69
67
56
60_72
57
45
65
56
56
46
36_56
34
70_74
45
53
65
56
70_74
38_67
58
58
65
62
56
41
70_74
34_36_56
53_65
34
70
67_74
56
62
56
58
67
36
36
56
48
36_56
72
76
55
67
40
56
76
67
60_72
64
67
56
43
76
43_72_76
72
36_56
77
81
67
55
76
72
40_67
56_60
71_75
64
67
43_56
76
72
36_48
56
76
72
36_56
36_76
79
72
67
55
76
72
56
40
67
60
64_67
56
76
72
43
43
36_56
67
55
64
40_60_76
67
56_72
55
65
56
74
34_77
46
56
36_56
34
70
74
65
62
56_74
70
67
38
58
53
65
56
46_74
36_56
70
41
53_65
34
67
56_70
74
58
62
67
58
62
56
36_72
56
76_76
36
48
36_56
72
67
55
76
56
40_72
67
60
67
64
56
72_76
43
36_56
38
67
55
40
40_67
56_76
72
64
56
67
56
41_41
36_56
72_77
72
74
53
65
38
56
72
67
57_69
57
65
56_60
36
72
69
36_56
36
65_69
77
65
53
33
67
70_79
69_72
67
56
57
65
53_65
56
29
56
29_69_72
41
36_56_69_72
81
65
60
53
57
56
72
69
67
24
36
60
53_65
56
57
26
24
38
36_56_63_69_72
75
75
60
57
53_60
65
28
40_65_77
77
62_67
56
72
69
65
53
57
60
56
79
67
41_56
63
29
79
36_56
81_84
63
72
51
72
69
56
57
60
33
63_67
63
84
81
51_57_60
63
56
36
79
63
36
63
36_56
81
84
63
51
57
33_60
67
56
63
72
65
77
62_82
77_79
60
57
36
51
63
56
63
63
75
29_60
75
29_56
72
41_69
81
36_56
77
63
51
29
69_72
56
57_60
67
63
60
75
57_60
51_63
63
56
65_77_77
31_62_72
69
43
31
36_56
63
57_60
33
33_69
45_72
67
56
63
60_75
75
57_60
65
56
60_75
75
34_56_70_74
34
46
36_56
53
65
62
74
58
74
38_56
70_74
67
58
62
65
62
58
56
41
70
74
36_56
41_82
86_94
65
53
70_74
96
84_87
38
67
56_58
65
58
41
56
62
65
34
70_74
34
56
89_98
86
46
36_56
65
53
38_70_74
56
67
58
65
58
62
53
56
70
74_74
86
41_62_74
41
36_56
53
65
88
76
74
70
34_38_64_74
46
67
56
53_62
58
67
56
89
31
74_77
56_65_74_79_83_91
43
36_56
31_71
53
67
55
79_83
91
35
62
56
71_74
67
59
59_62
74
67
56
38_71
74
74
65
38
36_56
89
77
67
53
55
35_62_71_74
67
56
76
88
64
59_62
72
67
56
31
43
86
62
74
71_74
31_56_71
77
83
36_56
62
53
55
83
77
67
62
71_74
56
35
67
62
71
59
67
56
72_84
38
71_74
38
60
36_56
72
53
55
67
71
83
35_71
74
74
53_62
67
56
59
59
67
55
56
84
72
60_72_76
56_72
36_36
48
36_56
67
55
56
76
72
67
40_58
64
58
67
56
72_76
36_43_56_76
72_84
43
67
55
74
84
76
72
40_67
56
58
76
58_84
67
55
43
56_64
36_76
56
72
48
36_56
36
58
55_64_67
72_76
33_56
67
36_48
67
55_64
58
56
59
76
72
38
31_60
36_56
72
67
64
55_58
29
58_72_76
40_67
56
82
70
55_58
64_65
56
70
69
81
56_57
41
36_56
70
74
27
69
53
65
56
29
57
67_69_72_74_81
57
33_55_65
60
56
57_69
69_72
36
36_56
36
53
65
58
70
72
69
53
33
67_82
56
57
60
70
65
53_57_60
56
72
29
41
60
29_56
72
69
36_56
72_84
65
51
69
57_72
29_56
67
65
77
57
60
60_63
56
69
72
31
43
31
77
62
36_56
86
74
65
57
60
69
72
33
45
33
67
56
72
84
57_60
60_65
63
75
56
84
34
60
46_56
74
70
75
36_56
34
53
65
70
82
58
74
70_74
56
38
58
67
62
65
58
62
56
41
70_70_74_82
74
36_56
41
65
53
75_84
72
58
70_74
38_67
56
58
62_65
56
74
77_86
34
56
70_74
46
34_36_56
65
53
70_74
56
58
38
67
58
62_65
56
70_74
41
41
36_56
53
65
70
74
34_67
56
74
58
60
62
67
35_47
56
76
64
56_72_76
36
76
36_48_56
36
76
72
79
67
55
40
56_76
60
72
67
65_77
67
64_77
67
56
76
64_72_76
43
43
62
36_56
67
55
76
60
40
71
76
62_67
56
55_60_64_74
58
67
64_74
60
55
56
36
72
48
60
36_72
76
56
57_70
36_56
67
55
24
70
76
56
58
67
55_58
58
67
64
74
56
58
26
43_70_70
76
72
57
36_56
58_67
55
64
70
76
28_40_55_70
67
56
58
55_65
56
29
53_69
57
41_69
69
56
72
36_56
65
53
69_72
33_57
56
67
57
65
60
56
72
36
36_65_69_69
77
36_56
65
55
53
67_70
56_79
69_72
33
67
56
57
65
57
65
56
53
69
29_56_72
69_81
29_36_56_72
41
53
65
56
33_67
69_72
57
65
53
65
56
69_72
36_56
36
36_74
65
53
35
69
67
56_72
74
60
57
57
47
35
56
56
36_36_56
36_48
72
72_84
76
76
67
72
55
55
67
56
40
67_76
72
60
60
84
74
74
60_67
64
56
76
72
43
36_56_72
72
84
43
62
67
55
60
40
76
67_72
56
60
58
74
67
60_64
72
56
57
58_72_76
36
56
36_48_70
36_56
70
67
55
58_70
76
56
40_67
64
60
70
70
64
60_67
55
56
76
43_70
57_69
36_43_56
69
67
64
55_60
40
55_70_76
40_67
70
67
56
65
55_64
56
53
65
53_69_72
56
41_41_69
36_56_72
53
65
56_69_72
57
38_67
65
57
60
56
36
55
36_72
69
36_56
65_72
53
60
33
56
69
69_72
67
56
57_60
65
57_60_65
53_56
29_57
41
56
69_72
81
36
65
65
69
77
69_77
56_67
29_77
67
65
69
56
70_72
77
79
70
55_55_67
31_36_55_56_58_67_67_67_79
69
56
72
57_57_57_69_69_69_81
60_81
69_72
77
33_56_67
70
58_58_70_70_70_82
58_62_74
34_46_62_70_74_82
70_74
34_58_58_70
77
35_36_49
77
70
74_77
63
60
56
72
38_67
58_58_70_77
56
58_62_70
74_77
60_60_72
77
58
62_62
58
36_41_56
70
58_65
58_58_62_70
56
74_77
38_67
77
67
56
60
76
72
67
57_57_69
36
48_79
72_76
36_36_56_72_76
79
64
67
72_76_76
56_72
60
40_67
79
55_55_67
67
72
56
53_53_65
71_76
72
77
36_43_56_75
76
64_70
67
60
52_52_64
40
76
76
72_76
72
40_67
56
56
77
65_77
72_77
41_53_53_65_81
56
36_41_56
69_72
53
65
56_69_72
57
38
84
67
81
53
77
65
56
84
36_89
36_36_56_72
69
57_57_69
81
72
53
57
77
72
34_67_69
56_69
53_53_65
72
53
65
65
56
77
65
69
81
84
77
72
89
56
77
65_65_77
89
29_29_36_49_56_65_69
77
41
86
84
