32
32
32
44
47_59_62_71
42
40
40_50_62_66_74
42
52_64_67_76
42
31_35_52_55_62_64_67_76
49
43
50
44
55
59
62
67
42
50_62_66_74
40_55_64
43
50
55
59
42
62
67
55
47_59_62_71
42
50_62_66_74
43
31_35
50
55
59
44_62
67
55_64
43_52_64_67_76
50
42
55
59
62
67
40
43
50
55
42
59
62
67
52_64_67_76
42
33_35_57_66
45
52
44_57
61
64
69
46
52_64_67_76
40_57_64
45
52
57
42_61
64
69
47_59_62_71
33_35_57
42
50_62_66_74
45
52
33_35_57_57
61
64
69
44
52_64_67_76
57_66
42
52_64_67_76
45
40
52
57
61
42_64
69
45
52
57_62
52_57_64_67_76
61
64
42_69
26_35_54
38
45
50
44_54
57
62
42
38
40_59_62
45
50
54
42
57
62
42
38
45
50
26_35_54_54_57
57
62
44
57_69_74_81
38_59
45
50
42_54
57
62
54_66_69_78
40_62
38
45
42_50
54
57
62
52_64_67_76
54_66_69_78
42
52_64_67_76
50_62_66_74
26_35_38_45_50_57
50
54
57
44
62
38
45
50
54
42
57
62
38_40_59
45
50
42_54
57
62
26_35
42
38
45
50
54
26_35_50_57
57
62
44
38
45
50
54_57_69_74_81
57_59_62
62
42
38
50_62_66_74
45
50
30_40
54
57
62
42
52_64_67_76
33_40
42
31_35_55_62
43
44_50
55
59
62
67
42
52_64_67_76
40_55_64
43
50
55
42_59
62
67
47_59_62_71
42
50_62_66_74
31_35_62
43
50
44
55
59
62
67
55_64
43
52_64_67_76
50
55
42_59
62
67
40
43
50
55
42_59
62
67
57_66
52_64_67_76
42
33_35
45
52
57
44
61
64
69
46
45
40_57_64
52
52_57_64_67_76
61
42
64
69
33_35_57
47_59_62_71
42
57_69_74_81
33_35_57
45
52
57
44
61
64
69
52_64_67_76
57_64
45
52
57
42_61
64
69
45
40
52
57
61
42
64
50_62_66_74
69
45
52_62
57
50_61_62_66_74
64
42
69
26_35_54_57
38
45
44_50
54
57
62
42
40_59_62
38
45
50
42
54
57
62
42
52_64_67_76
38
45
26_35_50_57
50
54
57
44_62
38
45
59_64
50_55_67_72_79
54
57
42_62
38
45
50
57_69_72_81
40_54
57
62
42
52_64_67_76
59_62
42
50_62_66_74
26_35_38_50_57
45
50
54
44
57
62
38
45
50
54
50
57
62
42
38
45
40_59
50
54
42_57
62
26_35_50
42
38
45
50
30_35_54_57_62
57
62
44
38
45
50
30_59_62
54
57
62
42
33_40_57
42
50
38_45
45
50
42
54
57
62
26_35_50_57
44
42
38
45
50
50_59
40
54
57
42_62
50
42
26_35_50_57
38_44
45
50
54
57
62
50
38
42
45
50
54
57
62
59
40
42
57_62
38
45
42_50
54
57
62
26_35_50_57
44
50
42
59_62
40
38
45
42_50
54
57
62
26_35
42
26_35_50_57
38
45
44_50
54
57
62
38
50_59
45
50
54
42
57
62
38
40_45
50
54
42
57
62
55_62
42
31_35_43_55_62
50
55
44
59
62
67
55
42
55_64
40_43
50
55
42
59
62
67
55
42
43
50
55
59
31_35_55_62
62
67
44
43
50
55
55_59_64
62
67
42
43
50
55
40_59
62
42_67
43
50
55_55_62
59
62
42
67
31_35
44
55
42
55_64_67
40
42
31_35
42
43
31_35_50_55_62
55
59
44
62
67
43
50
55_64
55
59
42_62
67
43
50
40
55
59
42
62
67
43
50
55
55_64
59
62
42_67
33_35_57_64
44_45
52
57
61
64
69
42
57_66
40
45
52
42_57
61
64
69
57
42
33_35_57_64
45
52
57
44
61
64
69
57_66
45
52
42
57
61
64
69
40
42
57_64
45
52
42
57
61
64
69
33_35
44
57
45
42
52
57
61
64
69
45
52
57_66
40_57
61
64
42
69
33_35
42
33_35_57_64
45
52
44
57
61
64
69
57_66
45
52
57
42
61
64
69
45
40_52
57
61
42
64
69
57_62
42
26_35
38
45
44_50
54
54
57
62
38
45
50
54
42
57
62
38
45
50
59_62
40
54
57
42_62
50
42
38
26_35_45_50_57
50
54
44_57
62
38
59_62
45
50
54
42
57
62
38
45
40_50
54
57
42
62
38
57_57_62
45
50
54
42
57
62
38
26_35
38
42_45
50
54
57
62
38_50
45
50
46_54
57
62
38_57_62
40
45
50
42_54
57
62
26_35_50
42
35_38_62
38
45
44
50
54
57
62
35_57
38
45
42_50
54
57
62
33_59_62
40
42
57_62
38
45
42
50
54
57
62
26_35_54
44
42
38
45
50
59_62
40_54
57
62
42
42
26_35_50_57
38
45
44
50
54
57
62
38_59_62
45
50
42_54
57
62
57
40
38
45
50
42
54
57
62
50_57
38
45
42_50
54
57
62
26_35
44
42
59_62
40
42
26_35
42
38
26_35_45_57_62
50
54
44
57
62
59_62
38
45
50
42
54
57
62
38
45
57_62
40
50
54
42_57
62
55_62
42
31_35_55_62
43
50
55
44
59
62
67
55
42
43
55_64
40
50
55
42_59
62
67
55
42
43
31_35_55_62
50
55
59
44
62
67
55_64
43
50
42
55
59
62
67
40
42
55_62
43
50
55
42
59
62
67
31_35
44
55
42
55_64_67
40_43
50
55
42
59
62
67
31_35
42
31_35_55_62
43
50
44_55
59
62
67
43_55_64
50
55
42_59
62
67
40
43
50
42_55
59
62
67
57_64_69
42
33_35
45
52
44
57
61
64
69
42
57_66
40_45
52
57
42
61
64
69
57
42
33_35_57_64
45
52
44
57
61
64
69
57_66
45
42
52
57
61
64
69
57
40
42
28_57_64_69
45
52
57
42
61
64
69
33_35
44
45
52
57
61
42
64
69
45
52_57_66
40
57
61
42_64
69
33_35
42
45
52
57
33_35_57_64
61
64
69
44
45
52_57_66
57
61
42_64
69
40_45
52
57
42
61
64
69
54_57_57_62_62
42
26_35_38_54
45
50
44
54
57
62
42
59_62
38_40
45
46_50
54
57
62
26_35_57_62
38
45
50
54
57
62
50_55
38
45
50
54
57
62
57
40
50
38
45
50
54
57
62
26_35_53
54
57_62
38
45
40_50
54
57
62
26_38_57_62
40
45
50
42_54
57
62
26
40
38
44
45
50
54
57
62
28_54_55_62
48
38
42_45
50
54
57
62
30_55_57_62_66
38_45
45
42_50
54
57
62
38
33_59_67
45
41
50
54
42
57
62
31_35_49_55_62_62_69
43
50
44
55
59
62
67
42
43
50_55_59_64_67
40
55
59
42
62
67
43
50
31_55_55
59
62
42
67
43
31_35_55_57_62_66
50
55
44_59
62
67
55_59_64_67
42
43_55
40
50
55
42_59
62
67
43
50
57_69
55
59
42_62
67
33_35_45_62_69
52
57
44_61
64
69
42
45
52
57_59_64_67
40_57
61
42_64
69
45
52
33_35_57_57
61
64
42
69
45
52
33_35_57_57_57_64_66_69
61
64
44
69
57_59_66_67
42
45_62_69
40
52
57
42
61
64
69
45
52
57
57_61_62_69
64
69
42
26_35_38_50
45
50
54
44
57
62
64
69_74
42
57
40
38_69
45
64
42_50
54
57
62
62
38
26_45_59
50
54
59
42_57
62
38
26_35
45_62
66_69_74
50
44_54
57
62
42
59
40
38
45
42
50
54
57
62
57
38
57
45
50
42_54
57
62
64
26_35_38_50
45
50
54
44
57
62
69_74
42
57_62
40
38
45
42_50
54
57
62
38
26_35_45_59
50
54
42_57
62
38_62
26_35
45
64_66_69_74
50
44_54
57
62
54_62
42
57_62_66
40
38
45
42
50
54
57
62
38
62_62_69
45
50
42_54
57
62
31_35_55_62
43
50
44
55
59
62
67
42
43
50_55_59_64_67
40
55
59
42
62
67
43
50
31_55_55_57_66
59
62
42
67
43
31_35_55_57_62_66
50
55
44_59
62
67
55_59_64_67
42
43_55
40
50
55
42_59
62
67
43
50
35_54_57_62_66
55
59
42_62
67
33_35_45_62_69
52
57
44_61
64
69
42
45
52
57_59_64_67
40_57
61
42_64
69
45
52
33_35_57_57
61
64
42
69
45
52
33_35_57_57_57_64_66
61
64
44
69
57_59_66_67
42
45_59_62_69
40
52
57
42
61
64
69
45
52
57
61_62_62_69
64
69
42
26_35_38_50
45
50
78
54
44
57
62
62
69_74
42
62_66
40
38
45
42_50
54
57
62
38
26_45_50
50
54
42_57
62
38
26_35_62
45
66_69_74
50
44_54
57
62
42
59_64
40_76
38
45
42
50
54
57
62
38
57_62_74
45
50
42_54
57
62
26_35_38_62_76
45
50
54
44
57
62
64
69_74_74
42
40_71
38
45
42_50
54
57
62
38
69
26_35_45_64
50
54
42_57
62
38
30_35_66
45
66_69
50
44_54
57
62
33_62_69
42
62_64_69
40
38
45
42
50
54
57
62
38
35_55_62_62_69
45
48
50
42_54
57
62
31_35_49_55_62_62_69
43
50
44
55
59
62
67
42
43
50_55_59_64_67
40
55
59
42
62
67
43
50
31_55_55
59
62
42
67
43
31_35_55_57_62_66
50
55
44_59
62
67
55_59_64_67
42
43_55
40
50
55
42_59
62
67
43
50
57_62_66_69
55
59
42_62
67
33_35_45
52
57
44_61
64
69
57
42
45
52
59_64_67_69
40_57
61
42_64
69
45
52
33_35_57_57
61
64
42
69
45
52
33_35_57_57_64_66_67_69
61
64
44
69
54_62_64_69
42
45_57_62_66_66
40
52
57
42
61
64
69
45
52
57
57_61_62_66_66
64
69
42
26_35_38_50_69_74
45
50
54
44
57
62
57
42
59
40_59
38
45
42_50
54
57
62
38
26_45_57_62
50
54
42_57
62
64
38
26_35_50
45
50
44_54
57
62
62
67
42
59
40
38_64
45
42
50
54
57
62
38
57
45
50
42_54
57_62
62
64
26_35_38_50
45
50
54
44
57
62
62
59_62
40
38
45
42_50
54
57
62
38
26_35_45_57
50_62
54
42_57
62
38
30_35_61
45_48
50
44_54
57
62
57
45
42
33_54
40
38
45
42
50
54
57
62
38
45
50
42_54
57
62
26_35_38_50_57
45
50
44_54
57
62
42
38
45
50
50_59
40
54
57
42_62
50
42
26_35_50_57
38_44
45
50
54
57
62
50
38
42
45
50
54
57
62
59
40
42
57_62
38
45
42_50
54
57
62
26_35_50_57
44
50
42
59_62
40
38
45
42_50
54
57
62
26_35
42
26_35_50_57
38
45
44_50
54
57
62
38
50_59
45
50
54
42
57
62
38
40_45
50
54
42
57
62
55_62
42
31_35_43_55_62
50
55
44
59
62
67
55
42
55_64
40_43
50
55
42
59
62
67
55
42
43
50
55
59
31_35_55_62
62
67
44
43
50
55
55_59_64
62
67
42
43
50
55
40_59
62
42_67
43
50
55_55_62
59
62
42
67
31_35
44
55
42
55_64_67
40
42
31_35
42
43
31_35_50_55_62
55
59
44
62
67
43
50
55_64
55
59
42_62
67
43
50
40
55
59
42
62
67
43
50
55
55_64
59
62
42_67
33_35_57_64
44_45
52
57
61
64
69
42
57_66
40
45
52
42_57
61
64
69
57
42
33_35_57_64
45
52
57
44
61
64
69
57_66
45
52
42
57
61
64
69
40
42
57_64
45
52
42
57
61
64
69
33_35
44
57
45
42
52
57
61
64
69
45
52
57_66
40_57
61
64
42
69
33_35
42
33_35_57_64
45
52
44
57
61
64
69
57_66
45
52
57
42
61
64
69
45
40_52
57
61
42
64
69
57_62
42
26_35
38
81
45
44_50
54
54
57
62
38
45
50
54
42
57
62
38
45
50
59_62
40
54
57
42_62
50
42
38
26_35_45_50_57
50
54
44_57
62
38
59_62
45
50
54
42
57
62
38
45
40_50
54
57
42
62
83
38
57_57_62
45
50
54
42
57
62
38
26_35
77
38
42_45
50
54
57
62
76
74
38_50
45
50
46_54
57
62
38_57_62
40
45_71
50
42_54
57
62
26_35_50
69
42
71
35_38_62
38
45
44
50
54
57
62
74
35_57
38
45
42_50
54
57
62
33_59_62
40
42
57_62
38
45
42
50
54
57
62
26_35_54
69
44
42
38
45
50
59_62
40_54
57
62
42
42
26_35_50_57
38
45
44
50
54
57
62
38_59_62
45
50
42_54
57
62
57
40
38
45
50
42
54
57
62
77
50_57
38
78
45
42_50
54
57
62
26_35
44
42
76
59_62
40
42
74
26_35
42
38_74
26_35_45_57_62
50
54
44
57
62
59_62
38
45
50
42
54
57
62
38
45
57_62
40
50
54
42_57
62
55_62
42
31_35_55_62_71_74
43_78
50
55
44
59
62
67
55
42
43
55_64
40
50
55
42_59
62
67
55
42
43
31_35_55_62
50
55
59
44
62
67
55_64
71_74_78
43
50
42
55
59
62
67
40
42
55_62
43
50
55
42
59
62
67
31_35_77_78
44
55
42
55_64_67
40_43
50
55_76
42
59
62
67
31_35
74
42
31_35_55_62
74
43
50
44_55
59
62
67
43_55_64
50
55
42_59
62
67
40
43
50
42_55
59
62
67
57_64_69
42
33_35
45_69
52
44
57
61
64
69
42
57_66
40_45
52
57
42
61
64
69
57
42
33_35_57_64
45
52
44
57
61
64
69
57_66
45
42
52
57
61
64
69
57
40
42
28_57_64_69
45
52
57
42
61
64
69
33_35
44
45
52
57
61
42
64
69
45
52_57_66
40
57
61
42_64
69
33_35
42
45
52
57
33_35_57_64
61
64
69
44
45
52_57_66
57
61
42_64
69
40_45
52
57
42
61
64
69
54_57_57_62_62
42
26_35_38_54
45
74
50
44
54
57
62
42
59_62
38_40
45
46_50
54
57
62
26_35_57_62
38
45
50
54
57
62
50_55
38
45
50
54
57
62
57
40
77
50
38
78
45
50
54
57_79
62
26_35_53
54
57_62
38
45
40_50
54
57
62
26_38_57_62
40
45
50
42_54
57
62
26
40
38
44
45
50
54
57
62
28_54_55_62
48
38
42_45
50
54
57
62
76
73
72
30_55_57_62_66
38_45_75
45
42_50
54
57_71
62
69
70
67_68
66
65
64
63
62
61
38_59
33_59_67
45
41
50
54_58
42
57
56
62
54
52
51
49
47
31_35_49_55_62_62_69
43
50_67
44
55
59
62
67
42
43
50_55_59_64_67
40
55
59
42
62
67
43
50
31_55_55
59
62
42
67
43
31_35_55_57_62_66
50
55
44_59
62
67
55_59_64_67
42
43_55
40
50
55
42_59
62
67
43
50
57_69
55
59
42_62
67
33_35_45_62_69
52
69
57
44_61
64
69
42
45
52
57_59_64_67
40_57
61
42_64
69
45
52
33_35_57_57
61
64
42
69
45
52
33_35_57_57_57_64_66_69
61
64
44
69
57_59_66_67
42
45_62_69
40
52
57
42
61
64
69
45
52
57
57_61_62_69
64
69
42
26_35_38_50_69
45
50_74
54
44
57
62
69_74
42
57
59
57
40
38_69
62
45
42_50
54
57
62
38
26_45_59
50_57
54
42_57
62
38
26_35_64
45
66_69_74
50
44_54
57
62
42
59
40
38
62
45
42
50
54
57
62
38_59
57
45
50
42_54
57
62
64
26_35_38_50
45
50
54
44
57
62
69_74
42
62_67
57
40
38
45
42_50
54
57
62
38
62
26_35_45_59
50_66
54
42_57
62
38
26_35
45
64_66_69_74
50
44_54
57
62
54_62
42
57_62_66
40
38
45
42
50
54
57
62
38
62_62_69
45
50
42_54
57
62
31_35_55_62
43
50
44
55
59
62
67
42
43
50_55_59_64_67
40
55
59
42
62
67
43
50
31_55_55_57_66
59
62
42
67
43
31_35_55_57_62_66
50
55
44_59
62
67
55_59_64_67
42
43_55
40
50
55
42_59
62
67
43
50
35_54_57_62_66
55
59
42_62
67
33_35_45_62_69
52
57
44_61
64
69
42
45
52
57_59_64_67
40_57
61
42_64
69
45
52
33_35_57_57
61
64
42
69
45
52
33_35_57_57_57_64_66
61
64
44
69
57_59_66_67
42
45_59_62_69
40
52
57
42
61
64
69
45
52
57
61_62_62_69
64
69
42
26_35_38_50
45
50
54
44
57
62
62
69_73_74
78
42_74
62_66
40
38
45
42_50
54
57
62
38
26_45_50
50
73
54
74
42_57
78
62
38
26_35_62
45
66_69_74
50
44_54
57
62
42
59_64_76
40
38
45
42
50
54
57
62
38
57_62
45
50_74
42_54
57
62
26_35_38_62
45
50_78
54
44
57
62
64
69_74_76
42
74
40
38
45
42_50
54
57
62
38
26_35_45_64
50
69_74
54
42_57
62
38
30_35_66
45
66_69
50
44_54
57
62
33_62_69
42
62_64_69
40
38
45
42
50
54
57
62
38
35_55_62_62_69
45
48
50
42_54
57
62
31_35_49_55_62_62_69
43
50
44_67
55
59
62
67
42
43
50_55_59_64_67
40
55
59
42
62
67
43
50
31_55_55
59
62
42
67
43
31_35_55_57_62_66
50
55
44_59
62
67
55_59_64_67
42
43_55
40
50
55
42_59
62
67
43
50
57_62_66_69
55
59
42_62
67
69
33_35_45
52
57
44_61
64
69
57
42
45
52
59_64_67_69
40_57
61
42_64
69
45
52
33_35_57_57
61
64
42
69
45
52
33_35_57_57_64_66_67_69
61
64
44
69
54_62_64_69
42
45_57_62_66_66
40
52
57
42
61
64
69
45
52
57
57_61_62_66_66
64
69
42
74
69
26_35_38_50
45
50
54
44
57
62
50
42
52
59
40
38
54
45
46_50
54
57
62
38_62
26_45_57
50
54
57
62
64
38
26_35_50
45
50
54
57
62
67
72
62
64
59
40
38
45
50
54
57
62
62
38
57
45
50
54
57
62
26_35_38_50_64
45
50
54
57
62
62
48
72
59
38_64
48
45
50
54
57
62
62
38
26_45_57
50
48
54
42_57
62
38
30_61
45
48_50
44_54
57
62
57
45
42
40_73
33_54_72
67
38_68
40
45
42
50
54
57
62_65_71
70
66
64
63
69
68
62
61
66
59
67
64
58
63_65
38
35_56_61
45_62
50
54_59
42_54
57_60
62
52
57
51
55
49
53
47_50
33_35_45_49_57_57_64_69_76_81
69_81
45_73
52_64_76
52
44_57_57_69_81
61
64
61_73_85
69
42
45
57_66
40
52_73
57_69_81
42_61
64
69
33_35_57_64
42
33_35_57_64
45
52
57
44
69
61_73_81
64
69
57_64
45
52
57_73
42_69_81
61
64
69
45
57_66
40
41_52
57_81
73
42_61_69
64
69
45
52_57_64
57
61
42_64
69
31_35_43_55_55_62_67_74_79
43_67_71
44_50_62_74_79
50
55_67_79
55
57_59_69_81
62
67
42
55_64
40_43
71
50_67_79
55
42
59
62
67
31_35_55_62
67
42_71_79
31_35_55_62
43
44_50
55
59
62
67
55_62
43
50_71
55_67
79
42
59
62
67
55_64
40
41_43
50
67_71
55_79
42
59
62
67
55_62
42
33_35_45_52_57_57_57_64_64_69_69_76_76_81_81
45
81
52_69
73
44_57
61
64
72
69
57_64
42
45
57_66
40
52
57_73
69_81
42_61
64
69
33_35_57_57_64_66
42
33_35_57_61_64_69
45_73_81
52_69
57
44
61
64
69
57_61_64_69
45
52
69_73
57_81
42
61
64
69
45
57_61_66_69
40
41_52
57
42_61
69_81
64_73
69
45
52_57_62_64_69
57
61
42_64
69
31_35_43_50_55_55_62_62_62_67_69_74_74_79
43
44_67_71
50
79
55
59
62
67
42
40
46
35
35_62_62_62_69
55
31_55
40
41
55
35_43_55_59_62_69
43
50
55
59
62
67
55_59_67
40
55_55_64_64
40_43
50
55
59
62
67
55_62
40
48
55_62
48
43
50
44
55
59
62
67
69
45
43
45
50
55
42_59
62
67
40
62
55_62
40
43
50
55
42_59
62
67
64
35
42
31_35_49_55_62
55_62
59
43
50
44
55
59
62
67
42
64
40_55_64
43
50
55_55
59_62
59
42
62
67
59
31_35_55
42
62
43
31_35
50
55
59
44_62
67
55_64
64
43_59
55
50
62
42
55
59
62
67
40
43
50
55
42
59
62
67
64
55
42
33_35_57_66
45
52
44_57
61
64
69
60
57_64
61
46
67
40_57_64
45
52
57
42_61
64
69
69
57_61
33_35_57
64
42
64
45
52
33_35_57_57
61
64
69
44
57
57_62_66
42
45_61
40_64
52_64
57
61
42_64
69
45
52_57
57_62
57
61_62
64
42_69
57_66
26_35_54_62
38
45
50
44_54
57
62
42
57_66
38
40_59_62
45
50
54
42
57
62
26_35
42
38
45
50
64
26_35_54_54_57
57
62
44
67
38_59
45
50
62
42_54_57
57
62
69
40_62
38
45
42_50
54
57
62
64
57
42
26_35_38_45_50_57
50
54
57
44
62
38_57_62
66
45_62
50
54
42
57
62
38_40_59
45
50
42_54
57
62
26_35
62
57_66
42
38
45
64
50
54
26_35_50_57
57
62
44
38
45
50_67
54
33_57_59_62
57
62
42
38
71
45
50
38_40
54_57
66
57_62
62
42
57_72
30_40
42
62
59
31_35_55_62
43
44_50
55
59
62
67
42
74
40_55_59_62_64
43_55
50
55
42_59
62
67
71
71
31_35
42
69
31_35_62
43
50
44
55
59
62
67
55_59_62
71
55_64
43
50
55
42_59
62
67
69
59
40
43
50
55
42_59
62
67
55
57_66_71
42
33_35_69
45
52
57
44
61
64
69
71
61
57_64
46
57
66
45
40_57_64
52
57
61
42
64
69
64
57
33_35_57_61_62
64
42
59
62
33_35_57
45
52
57
44
61
64
69
57
57_64_64
45_61
52
57
42_61
64
69
45_64
40
52
57
61
42
64
69
45_62
52_62
57
57
61
64
42
69
26_35_54_57_64
38
45
44_50
54
57
62
74
42
40_59_62
57_62
38_66
45
50
42
54
57
62
26_35
76
42
38
57
45_62_66
26_35_50_57
50
54
57
44_62
38
45
59_64
50_57
54
57
42_62
38
45
76
50
40_54
57
62
46
62
57
33_59_62
76
35_38_38_50_57
45
76
50
54
57
62
38
45
50
54
50_57
57
62
74
71
38
45
40_59
50
54_76
57
62
71
33_35_50_57_62
66
74
42
38
45
50
35_35_54_57_62
57
62
44
71
38
45
50
33_40_54_59_62_62_66
54_57
57
62
42
69
62
30_48_57_57_66
74
42
26_45_50_59_67
38
45
74
50
42
54
57
62
69
31_35_49_55_62_62_69
43_74
59_67
67
50
44
55
59
62
67
42
43_59
50_55_59_64_67
40_67
55
59
42
62
67
43
50
31_55_55
59
62
42
67
43
31_35_55_57_62_66
50
55
44_59
62
67
59
67
55_59_64_67
42
43_55
40
50
55
42_59
62
67
43
50
57_69
55
59
42_62
67
57
64_69
33_35_45_61_62_69
52
57
44_61
64
69
42_57
61_64
45
52
57_59_64_67
40_57
61
42_64
69
45
52
33_35_57_57
61
64
42_69
57_61_69
45
52
33_35_57_57_57_64_66_69
61
64
44
69
57_59_66_67
57
61_64
42
45_62_69
40
52
57
42
61
64
69
45
52
57
57_61_62_69
64
69
42_57
26_35_38_50
45
50
54
44
57
62
69_74
42
80
54_57
62
81
57
40
38_69
45
42_50
54
57
62
38
26_45_59
50
54
42_57
62
38
26_35_54
45
57_62_66_69_74
50
44_54
57
62
83
57
42
54
59
40_78
38
45
42
50
54
57
62
76
74
38
57
45
66
50_54
57
42_54
57
62
69
26_35_38_50
45
50
54
44
57
62
71
69_74
42
54_69
57
40
38_74
45
42_50
54
57
62
38
26_35_45_59
50_57
62
54
42_57
62
38
26_35
45
64_66_69_69_74
50
74
44_54
57
62
54_62
42
54
57_66
57_62_66
40
38
62
45
42
50
54
57
62
62
38
62_62_69
45
50
54
42_54
57
62
31_35_55_59_62
43_62
50
44
55
59
62
67
42
59
43_62
50_55_59_64_67
40
55
59
42
62
67
43
50
31_55_55_57_66
59
62
42
67
43
31_35_55_57_62_66
50
55
44_59
62
67
55_59_64_67
42
59
62
43_55
40
50
55
42_59
62
67
43
50
35_54_57_62_66
55
59
42_62
62_67
33_35_45_62_69
61
52_52_57
57
44_61
64
69
57
42
45
52
52
57_59_64_67
40_57
61
42_64
69
45
52_57
61_64
33_35_52_57_57
61
64
42
69
45
52
33_35_57_57_57_64_66
61
64
44
69
64
52
57_57_59_66_67
42
45_59_62_69
40_61
52
57
42
61
64
69
45
52
57_57
61_62_62_69
64
69
42
54_62
26_35_38_50_69_74
45
50
54
44
57
62
62
69_74
54
42
64
62_66
40_54_57
38_62
45
42_50
54
57
62
38
26_45_50
50
62
54
42_57
62
62
38
26_35_62
45
66_69_74
50
44_54
57
62
66
57
42
59_64
40
38
45
42
50
54
57
62
38
57_62
45
50
42_54
57
62
64
26_35_38_62_66
45_57
50
54
44
57
62
64
69_74
67
42
40
38
45
42_50_64
54
57
62
38
26_35_45_64
50
54
54
62_62
42_57
62
38
30_35_66
45
66_69
50_62
44_54
57
62
33_62_69
54_62
42
57_66
62_64_69
40
38
45
42
50
54
57
62
38_54
35_55_62_62_69
45
48
50
42_54
57
62
59
55_62
31_35_49_55_62_62_69_71_74_79
43
50
44
55
59
62
67
42
43
50_55_55_59_62_64_67
40_59
55
59
42
62
67
43
50
31_55_55
59
62
42
67
43
31_35_55_57_62_66
50
55
44_59
62
67
55_59_64_67_67
59
55
42
43_55
40
50
55
42_59
62
67
43
50
57_62_66_69
55
59
42_62
67
57
33_35_45_73_76_81
64
52_61
57
44_61
64
69
57
42_57_61
64
45
52
59_64_67_69
40_57
61
42_64
69
45
52
33_35_57_57
61
64
42
69
45
52
33_35_57_57_64_66_67_69
61
64
44
69
54_62_64_64_69
57
42
45_57_62_66_66
40_61
52
57
42
61
64
69
45
52
57
57
57_61_62_66_66
64
69
42
26_35_38_50_57_66_89
45
50
54_90
44
57
62
42
54_59_62
40
38
45
42_50
54
57
62
38
26_45_57
50
54
42_57
62
38
26_35_50
45
50
44_54
57
62
62
42
57
54_62
89
59
40
38
45
42
50
54
57_88
62
86
38
57
45
50
42_54
57
62
54
26_35_38_50_86
45
50
54
44
57_66
62
88
62
57
54_62
66
42
59_83
40
38
45
42_50
54
57
62
38_66
54_57
26_35_45_57
81
50
54
42_57
62_65
83
38
30_35_61
45
50
44_54
57
62
81
54_57_62
62
42
33_54_57_66
40
38
45_57
42
50
54
57
62
38
54_59_67
45
50
42_54
57
62
31_35_55_62_62_69_71_74_79
55_59
43_62
50
44
55
59
62
67
42
43_55_59
50_55_59_62_64_67
40
55
59
42
62
67
43
50
31_55_55
59
62
42
67
43
31_35_55_57_62_66
50
55
44_59
62
67
55_59_64_67
62
55
42_59
43_55
40
50
55
42_59
62
67
43
50
57_62_66_69
55
59
42_62
67
33_35_45_57_61_73_76_81
52
52
57
44_61
64
69
57
42
57
52_61
45
52
59_64_67_69
40_57
61
42_64
69
45
52
33_35_57_57
61
64
42
57_61_69
52
45
52
33_35_57_57_64_66_67_69
61
64
44
69
57
64
52_54_62_64_69
42
45_57_62_66_66
40_61
52
57
42
61
64
69
45
52
57
52
57_61_62_66_66
64
69
42
26_35_38_50_69_74
45
50
54
44
57
62
42
54
62
59
40_57
38
45_54
42_50
54
57
62
38_57
26_45_57
50
54
42_57
62
62
38_54
26_35_50
45
50
44_54
57
62
57_66
54_62
62
42
59
40
38
45
42
50
54
57
62
38
57
45_57
50_54
42_54
57
62
26_35_38_50_54_57_64
45_62
50
54
44
57
62
62
67
64
54
59
40
38
45
50
54
57
62
62
38
26_35_45_57_57_62_66
54
50
54
57
62
38
30_35_61
45_48
50
54
44_57
62
66
57
54
57
45
42
33_54_62
40
38
57
45
42_50
54
57
62
54
38
57
45
50
54
42_57
62
31_35_52_55_62_64_67_67_74_76
49
59
43_67
50
44
55
59
62
67
42
50_62_66_74
59
40_55_64
43_67
50
55
59
42
62
67
55
47_59_62_71
42
50_62_66_74
43
31_35
50
55
59
44_62
67
59
67
55_64
43_52_64_67_76
50
42
55
59
62
67
40
43
50
55
42
59
62
67
52_64_67_76
42
57
64
33_35_57_61_66_69_76
45
52
44_57
61
64
69
57
46_61_64
52_64_67_76
40_57_64
45
52
57
42_61
64
69
47_59_62_71
33_35_57
69
42_57_61
50_62_66_74
45
52
33_35_57_57
61
64
69
44
52_64_67_76
57_66
57
61_64
42
52_64_67_76
45
40
52
57
61
42_64
69
45
52
57_62
52_57_64_67_76
61
64
57
42_69
26_35_54_69_74
38
45
50
44_54
57
62
42
54_57
62
38
40_59_62
45
50
54
42
57
62
42
38
45
50
26_35_54_54_54_57
57_57_62
62
44
57_69_74_81
38_59
57
45
50
42_54
57
62
54_66_69_78
54
40_62
38
45
42_50
54
57
62
52_64_67_76
54_66_69_78
66
54
57
42
52_64_67_76
50_62_66_74
26_35_38_45_50_57
50
54
57
44
62
38
45
50
54
42
57
62
54
38_40_59
45
50
42_54
57
62
26_35
57
62
42
38
45
50
54
26_35_50_57
57
62
44
38
45
50
54_57_69_74_81
57_59_62
62
42_54
38
50_62_66_74
45
50_57_66
30_40
54
57_62
62
42
62
52_64_67_76
33_40
54
42
31_35_55_62_67_74
59
67
43
44_50
55
59
62
67
42
52_64_67_76
59
40_55_64
43_67
50
55
42_59
62
67
47_59_62_71
42
50_62_66_74
31_35_62
43
50
44
55
59
62
67
59
67
55_64
43
52_64_67_76
50
55
42_59
62
67
40
43
50
55
42_59
62
67
57_66
52_64_67_76
42
57
64
33_35_61_69_76
45
52
57
44
61
64
69
57
46_61_64
45
40_57_64
52
52_57_64_67_76
46_61
64
69
33_35_57
47_59_62_71
69
57_61
57_69_74_81
33_35_57
45
52
57
61
64
69
52_64_67_76
57_64
45
52_57
61_64
57
61
64
69
45
40
52
57
61
64
50_62_66_74
69
45
52_62
57
50_61_62_66_74
57_64
69
26_35_54_57_69_74
38
45
50
54
57
62
40
54_57
62
59_62
40
38
45
50
54
57
62
40
52_64_67_76
38
45_48
26_50_54_57
50
48_57_62
54
57
62
38
45
45
59_64
50_55_57_67_72_79
45
54
57
62
38_40
45
50
54
57_69_72_81
54
40
57
62
52_64_67_76
35_59_62
50_62_66_74
26_35_49_54_57_62_69_74
38
45
54
57
62
48
45
41
35
