73
73
73
30_30
73
73
73
73
73
26_26
28_28
73
30_30
68_70_81
73
70
73
40
44
70
70
73
44
70
73
70
73
70
40_44
69
28_28
70_73
44
69
30_30
73
70
44
70
73
70
40
44
69
73
70
44
73_73
70
44
70
73
73
70
40_44
26_26
69
28_28
44
73
35_70
69
30_30
70
35
73
44
70
73
70
40
44
69
33_33
44
70_73
32_32
70
73
44
70
73
70
37_37
40
44
69
44
35
70_73
69
73
85
30_30_35_56_61
52_70
70
44
85
73
84
70
40
44
69
81
44
73
70
83
70
73
44
70
81
73
83
70
40
44
85
26_26
69
52
56_61
28_28
44_73
70
35
81
69
83
70
30_30_61_73
52_56
35
85
44_70
73
81
40_70
44
83
69
73
70
44
70
73
44
70
73
70
40_44
83
69
28_28_35_44
70_73
69
85
35_61
52_56_70
73
30_30
81
70
44
73
78
70
40_44
69
76
44_70
73
70
73
44_70
73
70
40_44
69
26_26_61
52_56
73
44
70
35
28_28
71
69
73
73
70
52_61
35_56
30_30
76
74
70
44
71
73
73
70
40_44
81
69
44
33_33
70
73
88
70
78
32_32
73
54
59
62
76
70
44
73
73
62
40_54_58_59
37_37_44_70
86
71
69
73
44
35
70
73
30_30_35
52_56_61_70
73
44_70
73
69
40
44
71
70
69
69
71
44
70
73
70_73
73
70
44
73
70
40
44
26_26
52_56_61
69
73
44
28_28
70
35
69
61
52_56
35
70
30_30_73
70
44
73
69_70
40_44
69
71
70_73
44
73
70
69
44
66
70
73
66_70
40
44
69
70
44_73
28_28_35
69
35_61
52_56_73
30_30_70
70
44
73
70
40_69
44
69
73
71
44
70
70
73
69
44_70
66
73
70
66
40
44
26_26
69
56
52_61
28_28
73
70
44
35
69
66
30_30_56_61_70
52
73
35
68
70
44
73
70
69
40_44
69
33_33
73
70
44
71
70
73
54_59_62
32_32
73
70
44
73
70
37_37
54_59_62_69
40_44
69
71
70
73
44
35
69
70
30_30
35
73
61
52_56
70
44
73
69
70
40_44
71
69
69
44
73
70
71
73
70
73
44
70
73
70
40_44
26_26
56_61
52
69
28_28
35_44_70_73
69
30_30
52_61
56
35
70
73
44
70
73
69_70
40
44
69
44
71_73
70
69
70
73
66
70
44
73
66_70
40
44
69
44
28_28_73
35
70
69
30_30
35_70
61_73
52_56
70
44
73
70
40_44
69
69
44
73
71
70
73
70
69
44
70
66
73
70
66
40_44
26_26
52_61
56
69
28_28
44
73
70
35
69
66
30_30
73
70
35_52_56_61
68
44
70
73
40_44
69
70
69
33_33_44
73
73
70
54
32_32
59
62
73
70
44
70
73
37_37
69
54_70
40_44_59_62
71
69
35_73
44
70
69
70
30_30_69
35_73
52_61
56
70
44
66
73
40_44
70
69
44
70
73_73
70
73
69
70
44
73
70
76
40
44
26_26
69
52_61
56
28_28
73
44
35_70
73
69
30_30_35
70
56_73
52_61
44_70
80
73
40_44
70
69
73
44
70
76
73
80
70
80
44
70
73
78
70
40_44
69
73
28_28
70_76
35_44
69
70
56_61
35
52
30_30
73
70
44
78
73
70
40
44
69
70
44
73
74
70
73_76
76
44_70
73
70
74
40
44
26_26_61
52_56
69
44
28_28_73
70_73
35
69
30_30
52_56_61
73
35_70
70
44
73
73
70
44
40
71
69
33_33
70_73
44
69
54
59_62
32_32_70
71
73
73
44
70
73
54_59_62_70
37_37_69
40_44
69
70
35_44
73
69
70
69
35
30_30
61_73
52_56
70
44
66
73
70
40_44
69
44_70
73
73
69
70
73
44
70
76
73
73
70
40
44
26_26
56
52_61
69
35_44
28_28
70
73_80
76
69
35
30_30_70
61
52_56
73
70
44
73
70
40_44
69
73
70
44
74
78
73
70
44
70
80
73
44_70
40
69
76
28_28
44
70
35
73
69
78
35_70
73
30_30
56
52_61
70
44
73
70
40_44
69
70
44
73
74
70
76
73
70
44
78
73
40_44_70
61
52_69_74
26_26_56
35
73
70
28_28
44
73
69
35
70
52_56_61
30_30
73
70
44
73
70
44
40
69
70
44
73
33_33
70
54_59_62_73_73
32_32
74
76
70
44
73
78
70
40
37_37_44
54_59_62
69
35_70
73
44
69
85
35
52_70
30_30_56_61
80
70
71_80
44
73
80
70
40_80
44
78
78
70_76
76
44
73
73
69
70
71
73
73
70
44
71
73
74
76
40
44_73
70
76
61
26_26_52_56
69
44
35
78
70_78_79
28_28
69
80
61
35_52_56
70
30_30
80
80
70
71
44
73
70_76_78
80
44
40
78
70_76
76
44
73
69_73
70
71
73
73
70
44
71
73
73
70
83
73
40_44
76
69
76
78
70
28_28
35
44_78
69
80
85
35_70
30_30
56_61
52
80
70
44
71
80
73
80
70
40_44_80
78
78
76
44
70
76
73
73
69
71
70
73
73
71
70
44
73
73
73
70
44
40
76
76
61
26_26_52_56
69
78
78
44
28_28
35
70
69
80
61
35_52_56
70
30_30
80
70_71
80
44
73
76
40_70
44
76
76
44_70
33_33
69
78
88
70
54_59_62_78
71
32_32
54_59_62
73
70
44
73
71
73
70
86
73
37_37
40
44_54_59_62
36_36
69
62
54
70
44
35_76
69
85
35
70_80
30_30
61
52_56
80
71
44_70_80
73
80
40
44_70
80
78
78
76
44_70
76
73
69_73
70
71
73
71
70
44
73
73
73
70
40_44
76
76
56_61
52
26_26
69
78
70
44
78
28_28_35
69
80
70
56_61
52
35
30_30
80
80
44_70
71
73
80
70
80
40_44
78
76
76
70
73
44
73
69
70
71
73
73
70
44_71
73
73
70
83
73
40_44
76
26_26
69
76
78
28_28
44
70_78
35
69
80
85
70
30_30
35
52_56_61
80
71
44
70_80
73
80
44_80
40_70
78
78
44_76
70
76
73
69
71
70
73
73
44
71
70
73
73
70
73
40
44
76
26_26
52
56_61
76
78
28_28
70
44_78
35
69
80
30_30
70
52_56_61
35
80
70
44
80
71
73
76
70
40_44_76
33_33
76
70
44
69
88
78
32_32
71
70
54_78
59
62
73
54_59_62
71_73
44_70
73
40_44
86
70
37_37_73
54
59
62
59
54
62
69
35
71
44
70
69
73
35
30_30
52_56_61_70
44_70
78
73
40_44
70
69
44_73
71
70
69
73
70
73
44_70
70
40_44
56
52_61
69
26_26
44
35
70
73
28_28
69
61
35_52_56
70
73
30_30
70
44
73
44_70
69
40
73
70
44
71
69
69
73
70
44
70
73
66
70
40_44
69
35_44
70
61_73
28_28_56
52
69
35_70_73
56
30_30
52_61
44_70
73
70
40_44
69
44
70_73
73
69
73
70
78
44
70
73
69
70
40
44
26_26
61
52_56
69
28_28
44
70
73
35
69
66
30_30
61
52_56_70
35
73
44_70
66
73
68
70
40_44
33_33
44_70
73
68
69
70
32_32
69
73
54_59_62
44
70
71
73
37_37_40_44
70
54
62
59
73
69
35
70_73
44
69
35
70
30_30_73
56
52_61
44
70
69
73
44
40
70
73
70
44
73
69
69
70_73
44
70_71
69
73
40_44
70
26_26
52_56_61
66
69
28_28
35
44
70
73
69
30_30
61
35_56
52
70
73
44_70
73
40_44_70
70
44
78
70
73
69
70
73
73
69_70
44
71
73
70
40_44
69
66
70
35
44
73
28_28
69
70
61
35_52_56
73
30_30
70
44
70
69
40
44
70
73
73
44
69
70
71
73
44
70
69
73
70
40_44
61
52_56
69
26_26
35
70
28_28_44
69
35_52_61_66
56
70
30_30
73
70
44
66
68_70
40_44
70_73
33_33
44
69
68
70
54_69
59_62
32_32
73
70
44
71
73
70
40_44
54_59_62
37_37_73
69
70
73
44
69
70
56
52_61
35
30_30
69
73
70
44
73
66
40
44
70
44
73
70
73
69
70_73
69
44
70
73
40_44
76
70
56
52_61
26_26
69
35_44_73
28_28
70
73
69
35_52_56_61
70
73
30_30
44_80
70
73
40_44
70
44
70_73
69
70
80
73
44
70
80
73
70
78
40_44
69
70
28_28_73
44
76
69
70
35_52_73
56_61
30_30
70
44
78
73
40_44
70
70
73
44
69
74
76
70
73
44
70
76
73
70
74
40_44
26_26
52_56_61_69
44
70
28_28
35
73
73
69
70
61
35_52_56
30_30
73
70
44_73
73
40_44_70
71
73
44_70
33_33
69
69
73
70
71
54
59_62
32_32
70
44
73
73
70
40_44
69
37_37
69
54_59
62
70
44
35_73
69
70
73
35
52_61
56
30_30
70
69
44
66
73
40_44
70
44
70_73
73
69
69
73
70
44
70
76
73
73
40_44
70
26_26
69
61
56
35_52
28_28_73
70
80
44
69
76
35
56
30_30_70
52_61_73
70
44
73
40
44
70
44
70
73
76
69
78
79
73
70
70
44
80
81
73
70
44
40
83
69
26_26
70
73
28_28
44
35
69
80
70
61
52_73
56
30_30
35
78
70
44
73_76
70
40_44
70
73
44
69
70
73
78
70
44
76
73
70
40_44
74
56
52_61
28_28
73
70
35
44
73
69
30_30_35
52_56_61_73
70
73
44_70
73
44
40
70
74
70
33_33
44
73
69
70
73
32_32_54_59_62
76
69
70
44
78
73
70
40
37_37_44
58_62_76
54
59
74
35
76
70
78
44_73
74
78
69
80
35
30_30_70_80_85
61
52_56
80
70_71
44
73
80_80
40_44
70
78
78
76
44
76
70
73
73
69
71
70
69
73
73
44
71
70
73
73
70
73
40_44
76
76
56_61
26_26_52
78
28_28_70
35_79
78
44
69
80
80
61
52_56
30_30_35_70
80
80
70
44
71
73
80
70
80
44
40
78
78
76
76
70
44
73
73
69
70
71
69
73
70
73
44
71
73
73
70
73
40_44
83
76
76
78
70
35
44
78
28_28
69
80
80_85
61
52_56
70
35
30_30
80
80
70
71
44
73
80
70
80
40_44
78
78
76
70_76
44
73
73
69
70
71
69
73
73
44_70
71
73
73
70
73
40
44
76
76
52_56_61
26_26
78
70_78
35
44
28_28
80
69
80
70
30_30_35_52_61
56
80
80
70
71
44
73
76
70
76
44
40
76
44
70
33_33
69
78
88
70
78
71
54
59_62
32_32
69
62
54
59
73
70
44
71
73
73
70_86
73
44
37_37_40_54_59_62
59
54_62
70
35
76
44
69
85
80
35
70
52_56_61
30_30
80
71
44
70
80
73
80
44
40_70
80
78
78
76
44
70
76
69
73
76
71
70_73
73
69
71
70
44
73
73
70
73
40_44
26_26_76
76
52_56_61
78
70
28_28
44
78
35
69
80
70
61
52_56
30_30
35
80
70_80
44
71
73
80
80
70
40_44
78
78
76
70
44
76
73
73
69
70
71
73
69
73
71
70
44
73
73
83
70_73
40
44
76
76
78
28_28
44
70_78
35_56_61
52
69
80
30_30_85
35
70
56_61
52
80
80
71
44_70
73
80
80
44
40
70
78
78
76
76
44
70
73
69
73
70
71
69
73
44
73
71
70
73
73
70
40_44
73
26_26
76
56
61
52_76
28_28_78
44
35
70_78
69
80
30_30
52_56_61
35
70
80
71
44
70_78
73
76
44
40
80
70
78
33_33_76
76
44
70
69
78_88
32_32_71_78
54_59_62_70
59
62
54
76
73
69
73
78
71
70
44
73
76
40_44
86
37_37
70
78
54_59_62
73
59_76
54_62
73
70
35
44
69
85
80
70
30_30
35
79
61
52
56
80
71
44
70
80
73
80
44
40_76
70
78
76
70
80
44
73
78
69
70
71
69
73
73
73
70
44
71
73
73
44
40
70
76
26_26
52_56_61
73
78
35
28_28
44
70_76
69
80
35
52
56_61
70
30_30
80
80
44
71
70
73
80
80
40_44
70
78
76
76
44_70
73
78
69
70
71
69_73
73
73
44_70_71
73
73
70
40_44_83
76
73
78
35_56
52_61_70
76
44
28_28
69_78
80
85
35_70
52_56_61
30_30
80
80
70
44
71
73
80
80
70
40_44
78
76
76
70
44
73
78
69
70
71
73
73
69
73
44
70
71
73
73
70
44
40
76
26_26
61
52_56
73
78
70
44
35
28_28
76
78
80
35
70
56
52_61
30_30
80
44
70_80
71
73
76
70
40_44
76
76
44_70
33_33
69
78
70_78_88
71
54_59_62
32_32
59_62
54_69
73
70
44
71
73
73
70
76
86
54
40_59_62
44
37_37
54_59_62
70
44
35
76
69
85
70
52_56
61
35
30_30
44_70
71
73
70
40_44
44
70
69
70
71
69
71
44
70
73
70
40_44
26_26
44
56_61_70
35_52
28_28
69
35_52_56_61
70
30_30
70
44
71
73
44_70
40
44
70
69
70_71
69
73
44_71
70
73
70
83
40_44
35_44
28_28
70
69
61
52
35_85
70
82
30_30
83
52
56
71
44
70
73
83
61
56
52
40_44
70
44
70
69
70_71
69
73
71
44
70_81
83
73
70
44
40
85
26_26
44
70
35
28_28
83
69
61
52
70
35
30_30
56
81
44_70
71
52_61
56
73
40
44
70
44
33_33
70
69
71
70
88
59
54_62
32_32
60
69
59
54_62_73
71
70
76
44
73
54_62
59
81
70
40_44
86
37_37
59
70
54_62
44
35
59
69
80
70
85
30_30_35_56
61_81
52
53
44_70
71_76
78
73
76
40_44
70
73
44
70
69
70
71
69
73
70
71
44
73
70
40_44
61
52
26_26
70
44
28_28
35
69
52_56_61
70
30_30_35
44
70_71
81
73
40_44
83
70
70
44_85
69
81
70
71
73
69
44_71
70
73
40
70_83
44
83
52_61
44
28_28
35
70
69
85
80
35
52_56_61
70
81
30_30
51
71
44
70_76
73
78
76
40
44
70
73
44
70
69
70
71
69
73
44
70_71
73
40_44_70
26_26
52_61
56
35
44_70
28_28
35
70
61
52_56
30_30
71
44_70_81
73
83
40_44
70
85
44_70
69
88
70
81
71
59
54
62
59
62_69
54_73
70
71
44
73
70
85
40_44
83
54
59_62
60
59_62
54
35_70
44
69
70
35
83
56
52_61
70
44
71
85
73
40_44
70
44
70
93
69
70
92
88
70
85
44
70
71
40
44
52_61
73
44
35_71
70
69
61
52
35_56
70
44_71
70
73
40_44
70
44
70
93
69
70
92
71
69
73
88
44
70
71
73_85
70
83
40_44
35_70
44
52_61
56
35_70_85
61
52
56
44
71
70
73
40_44_70
70
44
93
69
70
71
92
69
73
70
71
44_88
73
85
70
40_44
52_56_61
70
35_44
92
52
69
35_61
52_56_70
44
70
71
73
40_44
70
44
28_28_70
69
70
88
54_59_62
30_30
62_69
54_59
70
44
33_33
70
86
40
44
54
32_32_59
62
59
54_62
70
44
35
37_37
38_38
69
70
35
66
30_30
62
59_60
44
70
59_62
54
66
40_70
44
66
30_30
44
70
66
69
70
30_30
69
66
44
70
66
54_59
30_30_62
70
64
40_66
44
28_28
35
70
44_62
69
35
54
25_25
49_57_70
61
61
44
70
49_54_57
61
25_25_40_44_70
70
61
44
69
70
25_25
69
70
54_61
44
45
62
57
49
64
70
25_25
40
44
66
62
54
26_26
68
35_44
49
70
57
69
73
35_73
70
68
70
44_61_64_65
37_37
73
70
40_44
37_37
64
61_68
70
73
44
69
68
61_64
37_37_70
73
74
69
44
70_73
74
78
76
70
40_44
37_37
74
74
70
73
35_44
69
73
35
70
73
37_37
44
70
68
61_64
38_38
73
70
38_38
40_44
61_68
60
70_73
37_37
44
69
73
70_78
61_64
35_35_68
71
69
70
33_33
44
73
71
61
64_68
70
69
32_32_40_44
71
69
44
35
68_70
69
66
35_70
30_30_66
44
70
66
70
40_44
59
30_30
54
63
70
44
54_59
62
69
66
70
30_30
69
66
44_70
70
64
30_30
54_59
62
44
40
62
70
28_28_62
35
44
69
70
61_61
49
54
35
57
25_25
70
44
25_25
70
40_44
70
44
69
61
25_25
70
62
69
44_49_70
57_64
25_25
70
54
66
40
44
61
26_26
49_70
54
35_68
44_57
69
73
74
37_37
70
35
44
70
64
68
73
37_37
70
40_44
61_64_68
44
70
73
73
69
68
61_64
37_37
70
69
74
44
70
78
37_37
40
44
70
61
64_68
35
70_74
44
69
35
37_37
64_68
61_73_78
70
44
70
37_37_74
40_44_70
70
44
69
37_37
70
59_68
73
73
38_38
74
69
74
73
37_37
44
70
73
71
73
73
40
44
37_37
36_36
70
59
71
62_68_72
71
44
35
68
35_35
69
70
69
67
69
35
70_85
32_32
51
30_30
44_80
52
70
73
80
68
30_30_70
40_44_52
56_60
78
66
76
64
70
44
61_73
73
69
70
69
73
70
44
73
70
73
40_44
76
26_26
61
78
28_28
70
35
64
66
69_71
80
73
30_30_52_56_62
70
35
80
80
44
44
70
73
78
80
40_44
70
78
76
76
70_71
73
73
69
76
73
70
69
44
70
44
73
70
76
40_44
73
78
70
56
28_28_52
35
60
76
83
80
69
78
80
70
35
52_56
30_30_60_85
80
70
44
44
71_80
73
80
40_44_70_80
78
78
71
76
76
70
73
73
69
70
71
73
69
73
44
70
71
44
73
70
40_44
76
26_26
73
78
28_28
70
35_76
52_56_60
69
78
80
30_30
70
35_52_60
56
80
44
44_70_71
80
73
76
70
76
40
44
33_33
76
70
52
56_61
69
76
88
32_32
71_78
70
78
73
71
44
44
54_62
59_70
73
86
40
37_37
44
70
76
54
59
62
35_71
76
70
73
51
69
85
61
30_30_35_56
52
70
80
69
80
44_71
80
44_70
73
80
40_71
44_70
80
78
78
76
76
70
73
69
70
71
73
73
44
71
70
73
44
73
73
70
44
40
76
26_26
78
28_28
61_70
52_56
35
69
80
70
30_30
52_56_61
35
69
80
70
44
44_71
80
73
76
70
80
40
44
78
76
70
76
69
78
78
70
71
73
73
73
70
71
44_44
76
83
70
40_44
78
28_28
70
35
69
30_30_85
80
70
52_61
56
35
69
80
44_44
71
70_80
73
80
80
44
40_70
78
78
76
76
70
78
78
69
70
71
73
73
44
71
70
44_73
73
73
44_70
40
26_26
76
52
56_61
28_28
78
35
70
69
30_30
80
61
52_56
35_70
69
80
44_71
44
70
78
73
76
70
40_44_76
80
76
33_33
70
69
32_32
88
71_78
54
59
62_70
78
59_62
54
73
76
44
44
70
37_37_86
73
40_44_54
59_71
62
70_73
59
54_62
76
35
70
69
80
85
30_30
52
56_61
35
70
69
80
44
71
44
70
73
80
44
70
40
78
76
70
73
72
69
71
70
73
73
44
71
70
73
73
44
40
70
76
52_56
26_26_61
44
78
35
28_28
70
69
80
52_56_61
35
30_30
70
69
80
44
71
70
73
80
44_70
40
78
76
70
44
69
78
70_71
73
76
71
44
70
73
73
44
40_83
70
76
44
28_28
76_80
35
70
69
80
85
80
35
70
30_30
56
52_61
69
80
70
44_71
73
80
40
44
70
78
76
76
70
44
73
69_85
70
71
69
73
70
44
71
73
73
40_44_70
26_26
76
52
56_61
28_28
78
35
44
70
69
30_30
35
80
52_56_61
70
80
71
44
70
73
76
40_44
80
70
33_33
76
44
70
69
88
71_78
32_32
54
59_62_70
81
54_62
59
73
69
70
44
71
73
70
73
54_59_76_86
44_62
37_37
40
73
54
59_62
35
70
44
69
35
85
52_56
61
70
30_30
61
71
44
70
73
69
44
40
73
70
74
73
44
70
69
69
70
71
69
73
44
70
71
73
44_70
40
51
61
56
26_26
35_44
70
28_28
69
30_30
70
35_61
52_56
44
61
71
70
69
73
73
44
40
70
74
73
70
44
69
69
70
71
73
44_70
71
73
44
40_70
83
28_28
35
44
70
69
85
35
70
56_61
52
30_30
69
44
70
61_71
73
69
40_44
70_73
74
70_73
44
69_69
70
71
73
44
70
71
73
44
40
70
26_26
52_56_61
28_28_35
44
70
69
52_61
35_56
70
30_30
69
71
70
44_61
73
69
40
44
70_73
74
44
70_73
33_33
69
69
66_70_88
54_71
59
62
32_32
54
59
62
69
73
70
66_71
44
64
73
61
70
86
37_37_44_54
40_59
62
59
54_62
69_70
35
44
66
69
85
35_70
30_30_52_56_61
44
61_71
70
73
69
73
44
40
70
74
73
44
70
69_69
70
71
69
73
44
71
70
73
40_44
70
52_61
26_26_56
24_24
44
35
28_28_70
69
70
35_52_56_61
30_30
70
71
44_61
69
73
44
40
70_73
74
70
73
44
69
69
70
69
44
70
70
40_44
83
70
35_44
56
28_28_52_61
53
69
85
35_70
61
56
52
30_30
71
44
61_70
73
69
73
70
40
44
74
73
70
44
69
69
70
69
44
70
70
44
40
26_26
61
52_56
28_28
35_70
44
69
30_30
35
70
52_56_61
44
61
70
71
69
73
44
40
73
70
74
73
33_33
44
70
69
69
88
66
71
70
54_59
62
32_32
54_59_69
62
69_73
66
70
44_71
64
73
61
86
70
37_37_54
59
44_62
40
54_59_62
35_69_70
74
44
66_69
85
30_30_70
52_56_61
35
61
44
70_71
69
73
73
44_70
40
74
73
44_70
69
69
70
71
69_73
70
44
71
73
70
40_44
26_26
52
56_61
28_28
35
44
70
69
30_30
61
35_52_56_70
44
61
70
71
73
69
40_44_73
70
74
73
70
44
69
69
70
69
44
70
70
44
40
26_26
35_52_61
56
44_70
83
85
30_30
35
61_70
52_56
70
71
44
61
73
69
40
44
70_73
74
44
70
73
69
69
70
69
70
44
44_70
40
26_26
61
52_56
28_28
44
35
70
52
35
56
30_30_52
61
70
44_61_70
71
69
44
40_73
70
74
33_33
44
70_73
69
69
88
70
66
54_59
32_32_62
54
59
62
69
69
66
70
44
64
61_70_86
40_44
37_37
54
59_62
54_62
59
69_70
44
35
66
85
35_70
52_61
56
30_30
70
61
71
44
69
40_44
70
73
74
70
44
73
69
69
70
69
70
44
70
40
44
52_56
61
26_26
70
44
35
28_28
61_70
52_56
35
30_30
70
44
61
71
69
70
73
40_44
74
70
73
44
69
69
70
44
70
40
44_83
28_28
35
35_52_56_61
85
30_30
71
