36
64
67
71
52
36
54
40
36
71
36
76
40
54
71
74
36
67
64
67
36
48
40
54
64
48
67
60
64
36
36
67
45
54
40
57
62
67
79
36
66
79
62
78
66
57
64
76
62
36
66
52
64
67
36
64
67
71
54
40
76
79
79
36
52
36
54
40
91
36
64
60
48
36
60
64
48
54
40
64
67
86
36
62
45
57
36
57
62
66
45
66
40
54
88
62
91
88
57
59
86
67
52
64
71
36
64
36
40
54
36
76
36
54
40
74
36
64
60
67
48
36
60
64
54
40
48
67
36
62
45
57
36
57
66
54
40
67
79
45
66
57
79
66
78
62
76
64
57
52
36
64
67
36
71
54
40
36
76
52
36
64
67
52
79
71
54
40
52
71
79
36
48
60
64
36
48
67
64
60
54
91
40
48
36
90
45
57
36
62
45
66
54
40
86
62
57
62
88
52
36
64
67
36
71
52
40
54
36
52
64
36
64
67
71
52
40
54
76
74
52
36
48
60
36
64
48
67
64
54
40
48
45
36
57
36
62
66
45
40
54
79
66
79
78
62
76
59
52
36
64
67
36
71
52
40
54
36
74
52
36
64
91
67
71
40
54
36
48
60
36
64
48
64
67
60
40
54
60
48
60
36
45
57
62
36
66
45
62
54
40
83
81
57
62
84
83
86
45
36
57
60
64
81
84
86
83
36
40
54
36
81
45
84
57
36
88
86
60
64
40
54
45
57
60
64
36
76
52
40
55
59
36
40
54
36
76
40_79
36
52
83
55
59
40
54
79
76
36
81
45
57
60
64
36
81
41
40
54
36
81
45
36
84
57
88
60
64
40
54
36
78
39
63
66
36
40
54
36
39
36
63
78
40
39
54
80
63
66
36
54
36
64
67
71
52
36
88
91
40
54
64
52
95
67
71
36
48
64
67
60
59
36
40
54
48
60
64
67
36
55
59
43
62
36
40
54
43
59
55
62
36
57
63
45
62
64
66
36
66
40_45
57
62
54
36
71
64
67
52
36
40
54
52
71
64
67
36
60
64
48
67
36
40
54
48
67
60
64
36
55
59
62
43
36
40
54
43
55
62
59
36
66
47
63
59
36
40
54
47
59
63
66
36
52
64
67
71
36
40
54
71
64
52
67
36
48
64
60
67
36
54
40
48
60
64
67
36
43
55
59
62
36
40
54
43
55
59
62
36
57
62
66
45
36
54
40
66
45
57
62
36
43
55
59
60
62
36
54
40
55
43
59
62
36
43
36
55
59
54_62
40
36
42
54
59
62
36
54
40
36
36
54
40
36
64
52
67
71
36
40
54
64
71
52
67
60
48
64
67
48
60
64
67
62
57
66
45
66
62
45
57
55
43
59
62
42
54
62
59
64
67
52
71
67
64
52
71
48
60
64
67
48
64
60
67
66
62
57
45
45
57
62
66
52
64
67
71
64
52
67
71
52
64
71
67
52
64
64
62
67
71
64
76
48
64
60
67
60
48
48
60
64
67
45
62
57
66
57
62
45
57
45
62
66
62
66
62
57
52
62
67
64
52
64
52
67
64
71
64
67
64
48
60
64
60
67
48
67
64
60
67
79
48
60
64
66
45
78
57
62
66
45
62
74
45
57
64
76
52
64
67
64
52
71
64
67
79
52
64
67
71
52
78
64
52
64
62
48
60
64
48
67
60
67
48
60
45
57
62
66
45
67
79
79
45
62
78
62
76
64
57
52
64
76
67
71
52
91
52
64
52
64
67
71
64
86
88
48
60
64
60
67
48
67
64
60
60
45
57
62
66
45
91
66
90
62
88
57
86
88
45
57
60
64
45
60
57
64
57
64
60
45
64
57
60
57
60
52
40
55
59
40
52
52
40
55
59
52
55
59
57
60
64
45
45
57
57
60
64
45
39
66
63
39
63
39
63
66
52
67
64
64
67
71
52
64
67
71
48
60
64
67
48
60
64
67
55
43
59
62
43
59
55
62
45
57
62
66
66
62
45
57
67
64
71
52
52
64
67
71
48
64
60
67
48
60
64
67
43
55
59
62
43
55
62
59
63
59
47
66
47
66
63
59
52
64
67
71
52
64
67
71
48
64
60
67
48
60
64
67
43
55
59
62
43
55
59
62
57
62
66
45
66
45
57
62
60
57
64
43
59
55
43
62
59
55
43
62
62
55
59
43
42
54
59
62
64
67
52
64
67
71
52
64
67
71
48
64
60
67
48
60
64
67
60
64
57
45
65
57
62
66
45
43
59
55
62
54
42
59
62
64
67
71
52
52
71
64
67
60
48
64
67
48
64
60
67
66
62
57
45
45
57
62
66
45
57
62
45
45
66
57
62
57
59
52
64
71
67
52
64
67
52
67
71
64
50
62
52
64
67
67
71
52
71
67
64
52
67
71
67
50
64
48
62
64
52
53
64
67
67
71
52
71
67
50
64
48
62
47
60
59
47
59
64
47
59
64
59
59
64
52
52
64
64
67
52
71
64
67
64
48
65
69
60
60
48
60
64
67
60
43
43
55
59
43
62
62
57
59
45
62
57
45
62
66
57
64
52
67
71
64
71
52
67
64
48
60
64
67
60
48
64
67
60
60
43
55
57
60
59
62
59
55
43
55
59
62
61
59
47
66
63
47
66
59
63
59
64
52
67
64
71
52
71
67
64
48
60
64
60
67
67
48
60
64
60
43
55
55
43
55
59
62
55
45
57
59
60
45
60
52
64
64
52
67
71
64
52
64
52
64
67
71
64
51
63
67
71
63
63
51
67
71
63
51
63
67
71
67
63
67
64
67
52
71
64
52
64
67
71
64
48
60
64
67
60
48
60
64
45
57
66
62
45
62
57
66
43
55
59
62
54
42
59
62
64
67
71
52
52
71
64
67
48
60
64
67
48
60
64
67
62
45
57
66
66
45
62
57
55
59
43
62
42
54
59
62
64
67
71
52
71
52
64
67
60
64
48
67
48
60
64
67
66
45
62
57
66
57
45
62
55
59
62
43
42
54
62
59
64
67
71
52
52
71
64
67
60
67
64
48
48
60
64
67
45
62
57
66
66
62
45
57
45
45
57
45
55
59
62
62
59
55
59
43
55
62
59
55
59
50
48
48
67
64
60
60
48
