35_42
40_42
35
42
35
35_42
42
35
40_42
42
35
35_42
35_42
40_42
35
42
35
35_42
42
35
40_42
42
35
35_42
35_42
40_42
35
42
35
35_42
42
35
40_42
42
35
35_42
35_42
40_42
35
42
35
35_42
42
35
40_42
42
35
35_42
35_42
34_40
46
42
35_38_42_57
42
38
40_42
43
42
45
35_42
31
35_42
31
40_42
35
33
42
35
38
35_38_42
42
35
38
40_42
43
42
45
35
35_42
31
35_42
31
40_42
35
33
42
35
38
35_38_42
42
38
40_42
43
42
45
35_42
31
35_42
31
40_42
35
33
42
35
38
35_38_42
42
35
38
40_42
43
42
45
35
35_42
31
35_42
31
40_42
35
33
42
35_38_42_50
57
62
66
42
38
40_42
43
42
45
35_42
31
35_42
31
40_42
35
33
42
35
38_38
35_38_42_50
57
62
66
42
35
38
40_42
43
42
45
35
35_42
31
35_42
31
40_42
35
33
42
35
38
35_38_42_50
57
62
66
42
38
40_42
43
42
45
35_42
31
35_42
31
40_42
35
33
42
35
38
35_38_42_50
57
62
66
42
35
38
40_42
43
42
45
35
35_42
31
35_42
31
40_42
35
33
42
35
35_38_42_49_50_57
57
62
66
42
38
40_42
43
42
45
43
35_42_50
31
55
62
67
35_42
31
40_42
35
33
42
35
38_38
50
35_35_38_42
57
62
66
42
35
38
40_42
43
42
45
35
43
35_42
31
50
55
62
67
35_42
31
40_42
35
33
42
35
38_50
35_38_42
57
62
66
42
38
40_42
43
42
45
43
35_42
31
50
55
62
67
35_42
31
40_42
35
33
42
35
38
35_38_42_50
57
62
66
42
35
38
40_42
43
42
45
35
43
18_35_42_50
31
55
62
67
18_35_42
17
17
31
18_40_42
18
33
42
38_50
57
62
66
38
43
45
31
31
33
38_38
38
38
43
45
31
31_34_40_42
33_42_44
38_50
35_38_42_50
57
62
66
42
38
40_42
43
42
45
35_42
31
35_42
31
40_42
35
33_42
35
38
35_38_42_50
57
62
66
42
35
38
40_42
43
42
45
35
35_42
31
35_42
31
40_42
35
33
42
35_38_42_50
57
62
66
42
38
40_42
43
42
45
35_42
31
35_42
31
40_42
35
33
42
35
38_38
35_38_42_50
57
62
66
42
35
38
40_42
43
42
45
35
35_42
31
35_42
31
40_42
35
33
42
38
35_38_42_50
57
62
66
42
38
40_42
43
42
45
35_42
31
35_42
31
40_42
35
33
42
35
38
35_38_42_50
57
62
66
42
35
38
40_42
43
42
45
35
35_42
31
35_42
31
40_42
35
33
42
35_38_42_50
57
62
66
42
38
40_42
43
42
45
35_42
31
35_42
31
40_42
35
33
42
35
38_38
35_38_42_50
57
62
66
42
35
38
40_42
43
42
45
35
35_42
31
35_42
31
40_42
35
33
42
38
35_38_42_50
57
62
66
42
38
40_42
43
42
45
35_42
31
35_42
31
40_42
35
33
42
35
38
35_38_42_50
57
62
66
42
35
38
40_42
43
42
45
35
35_42
31
35_42
31
40_42
35
33
42
35_38_42_49_50_57
57
62
66
42
38
40_42
43
42
45
43
35_42_50
31
55
62
67
35_42
31
40_42
35
33
42
35
38_38_50
35_38_42
57
62
66
42
35
38
40_42
43
42
45
35
43
35_42
31_50
55
62
67
35_42
31
40_42
35
33
42
38
35_38_42_50
57
62
66
42
38
40_42
43
42
45
43
35_42
31
50
55
62
67
35_42
31
40_42
40
33
42_43
38
38_46_50_62
57
62
66
38
43
45
31
31
33
62
38
38
43
45
31
31
33
38_38
38_62
38
43
45
31
62
31
33
38
38
43
45
31
74
40
31
40
74
40
33
45
38
35_38_42_49_57
42
38
40_42
43
42
45
35_42
31
35_42
31
40_42
35
42
33
35
35_38_42
42
35
38
40_42
43
42
45
35
35_42
31
35_42
31
40_42
35
33
42
35
38_38
35_38_42_62_69_74_78
42
38
40_42
43
42
45
35_42
31
35_42
31
40_42
35
33
42
35
38
35_38_42
42
35
38
40_42
43
42
45
35
35_42
31
35_42
31
40_42
35
33
42
35
38_50
35_38_42_49_50_57
57
62
66
42
38
40_42
43
42
45
35_42
31
35_42
31
40_42
35
33
42
35
35_38_42_50
57
62
66
42
35
38
40_42
43
42
45
35
35_42
31
35_42
31
40_42
35
33
42
35
38_38
35_38_42_50
57
62
66
42
38
40_42
43
42
45
35_42
31
35_42
31
40_42
35
33
42
35
50_62
57
62
66
50
35_38_42
57
62
66
42
38
40_42
43
42
45
43
35_42
31
50
55
62
67
35_42
31
40_42
35
33
42
35
38_50
35_38_42
57
62
66
42
35
38
40_42
43
42
45
35
43
35_42_50
31
55
62
67
35_42
31
40_42
35
33
42
35
38
50
35_38_42
57
62
66
42
38
40_42
43
42
45
43
35_42
31
50
55
62
67
35_42
31
40_42
35
33
42
35
38
50
35_38_42
57
62
66
42
35
38
40_42
43
42
45
35
35_42_43
31
50
55
62
67
35_42
31
40_42
35
33
42
35
50
57
62
66
39
39
39
39
39
39
39
39
39
39
39
50
39
39
39
39
39
39
39
39
39
39
39
50
35_38_42_49_50_57
57
62
66
42
38
40_42
43
42
45
43
35_42
31
50
55
62
67
35_42
31
40_42
35
33
42
35
38
35_38_42_50
57
62
66
42
35
38
40_42
43
42
45
35
43
35_42
31
50
55
62
67
35_42
31
40_42
35
33
42
35
38
35_38_42_50
57
62
66
42
38
40_42
43
42
45
43
35_42
31
50
55
62
67
35_42
31
40_42
35
33
42
35
38
35_38_42_50
57
62
66
42
35
38
40_42
43
42
45
35
43
35_42
31
50
55
62
67
35_42
31
40_42
35
33
42
35
38
35_38_42_49_50_57
57
62
66
42
38
40_42
43
42
45
43
35_42
31
50
55
62
67
35_42
31
40_42
35
33
42
35
38
35_38_42_50
57
62
66
42
35
38
40_42
43
42
45
35
43
35_42
31
50
55
62
67
35_42
31
40_42
35
33
42
35
38
35_38_42_50
57
62
66
42
38
40_42
43
42
45
43
35_42
31
50
55
62
67
35_42
31
40_42
35
33
42
35
38
38
38
43
45
31
31
33
38
35_38_42_49_50_57
57
62
66
42
38
40_42
43
42
45
43
35_42
31
50
55
62
67
35_42
31
40_42
35
33
42
35
38
35_38_42_50
57
62
66
42
35
38
40_42
43
42
45
35
43
35_42
31
50
55
62
67
35_42
31
40_42
35
33
42
35
38
35_38_42_50
57
62
66
42
38
40_42
43
42
45
43
35_42
31
50
55
62
67
35_42
31
40_42
35
33
42
35
38
35_38_42_50
57
62
66
42
35
38
40_42
43
42
45
35
43
35_42
31
50
55
62
67
35_42
31
40_42
35
33
42
35
38
49_50_57
57
62
66
