39_85
39
85
39
39
36_46_55_58_62_65
36
46
70
70
36_39_40_44
55
58
65
62
39
36
40
44
42_55_58_62_65
42
36_44
36
44
42
42
36_39_40_44
39
36
44
40
42
62
65
58
42
55
36_44_57_60_62_65
36
44
42
42
36_39_40_44
36
39
40
44
42
42
57
65
62
60
36_44_57_60_62_65
36
44
39_42_85
85
39
42
36_39_40_44
39
57
36
40
65
60
62
44
42
42
36_46_60_62_69
36
46_69
67_70
62
70
67
36_39_40_44_65
65
60
39
36
40
44
42_58_62_67
42
36_44
36
44
42
42
36_39_40_44
58
67
62
39
36
44
40
42
42
36_44_55_60_64
36
44
42
42
36_39_40_44
36
39
40
44
55
42
64
60
42
36_44_55_60_64
36
44
39_42_85
85
39
42
55
64
60
36_39_40_44
39
36
40
44
42
42
36_46_55_58_62_65
36
46
70
70
36_39_40_44
55
58
65
62
39
36
40
44
42_55_58_62_65
42
36_44
36
44
42
42
36_39_40_44
39
36
44
40
42
62
65
58
42
55
36_44_57_60_62_65
36
44
42
42
36_39_40_44
36
39
40
44
42
42
57
65
62
60
36_44_57_60_62_65
36
44
39_42_85
85
39
42
36_39_40_44
39
57
36
40
65
60
62
44
42
42
36_46_60_62_69
36
46_69
67_70
62
70
67
36_39_40_44_65
65
60
39
36
40
44
42_58_62_67
42
36_44
36
44
42
42
36_39_40_44
58
67
62
39
36
44
40
42
42
36_44_55_60_64
36
44
42
42
36_39_40_44
36
39
40
44
55
42
64
60
42
36_44_55_60_64
36
44
39_42_85
85
39
42
55
64
60
36_39_40_44
39
36
40
44
42
42
31_36_46_55_58_62_65_98
98
36
31
46
43_70
43
70
34_36_39_40_44_98
98
55
58
65
62
39
36
40
44
34
39_42_55_58_62_65
42
36_44_98
39
98
36
44
42_51
51
42
36_39_39_40_44_98
98
39
36
44
40
42
39
62
65
58
42
39
55
39
36_41_43_44_57_60_62_65_98
43
98
36
41
44
42
42
36_39_40_41_44_98
98
36
39
40
44
42
39
42
57
65
62
60
41
39
36_38_44_57_60_62_65_98
38
98
36
44
38_39_42_85
38
85
39
42
36_38_39_40_44_98
98
39
57
36
40
65
60
62
44
38
36_42
36
42
38
38
31_36_46_60_62_69
36
46_69
31
43_67_70
62
43
70
67
34_36_39_40_44_65
65
60
39
36
40
44
34
39_42_58_62_67
42
36_40_44
40
39
36
44
42_51
51
42
36_39_39_40_44
58
67
62
39
36
44
40
42
39
42
43
43
36_44_45_55_60_64
36
45
43
44
42_43_45
42
43
45
43
36_39_40_44_45
36
39
40
44
45
55
42
64
60
43
42
43
36_44_45_55_60_64
36
45
44
38_39_42_85
85
39
42
55
64
38_60
36_39_40_41_44
39
36
40
44
41
42_43
42
31_36_46_55_58_62_65_98
43
98
36
46
31
43_70
43
70
34_36_39_40_44_98
98
55
58
65
62
39
36
40
44
34
39_42_55_58_62_65
42
36_44_98
39
98
36
44
42_51
51
42
36_39_39_40_44_98
98
39
36
44
40
42
39
62
65
58
42
39
55
39
36_41_44_57_60_62_65_98
98
36
41
44
42
42
36_39_40_41_44_98
98
36
39
40
44
42
42
57
65
62
60
36_38_44_57_60_62_65_98
41
98
38
36
44
38_39_42_85
38
85
39
42
36_38_39_40_44_98
98
39
39
57
39
36
40
65
60
62
44
36_38_42
42
36
38
38
31_36_46_60_62_69
36
46_69
31
43_67_70
62
43
70
67
34_36_39_40_44_65
65
60
39
36
40
44
34
39_42_58_62_67
42
36_44
39
36
44
42_51
51
42
36_39_39_40_44
58
67
62
39
36
44
40
42
42
43
39
36_43_44_45_55_60_64
45
36
43
44
43
42_45
42
43
45
43
36_39_40_44_45
36
39
40
44
45_55
42
64
60
43
42
43
36_44_45_55_60_64
36
45
44
38_39_42_85
85
39
42
55
38
64
60
36_39_40_41_44
39
36
40
44
41_42_43
42
31_36_46_55_58_62_65_98
43
98
36
31
46
43_70
70
43
34_36_39_40_44_98
98
55
58
65
62
39
36
40
44
34
39_42_55_58_62_65
42
36_44_55_67_98
39
39
98
39
36
55_67
44
42_51_55_67
51
42
55_67
36_39_39_40_44_58_70_98
98
39
36
44
40
42
39_58_70
62
65
58
42
39_55_67
55
55_67
39
36_41_44_57_60_62_62_65_74_98
98
62_74
36
41
44
42_62_74
42
62_74
36_39_40_41_44_62_74_98
98
36
39
40
44
42
62_74
39
42
57
65
41
62
60
39
36_38_44_57_60_62_65_98
98
38
36
44
38_39_42_85
38
85
39
42
36_38_39_40_44_98
98
39
57
36
40
65
60
62
44
36_42
38
36
42
38
31_36_46_60_62_69
38
36
46_69
31
43_67_70
43
62
70
67
34_36_39_40_44_65
65
60
39
36
40
44
34
39_42_58_62_67
42
55_67
55_67
36_44_62_74
39
39
39
36
62_74
44
42_51_63_75
51
63_75
42
36_39_39_40_44_62_74
58
67
62
39
36
44
40
62_74
42_58_70
39
58_70
42
43
43
36_44_45_55_60_60_64_72
36
43
45
44
42_45
43
60_72
42
45
43
36_39_40_44_45_60_72
43
74
60_72
36
39
40
62
44
45
74
55
42_60_72
64
60
62
43
42
60_72
43
36_44_45_55_60_64
45
36
44
38_39_42_85
85
39
42
55
64
38_60
36_39_40_41_44
39
36
40
44
42_43
41
42
31_36_46_55_58_62_65_98
43
98
36
46
31_43_70
43
70
34_36_39_40_44_98
98
55
58
65
62
39
36
40
44
34
39_42_55_58_62_65
42
39
36_39_44_55_67_98
39
39
98
39
36
55_67
44
42_51_55_67
51
42
55_67
36_39_39_40_44_58_70_98
98
39
36
44
40
42
39
62
65
58_70
58
42
39_55_67
55
55_67
39
36_41_44_57_60_62_62_65_74_98
98
62_74
36
41
44
42_62_74
42
62_74
36_39_40_41_44_60_72_98
98
74
60_72
36
39
40
62
44
74
42
62
39
42
41_57
65
62
60
39
36_38_44_57_60_62_65_98
98
38
36
44
38_39_42_85
38
85
39
42
36_38_39_40_44_98
98
39
57
36
40
65
60
62
44
36_42
38
42
36_38
31_36_46_60_62_69
38
36
46_69
31
43_67_70
62
43
70
67
34_36_39_40_44_65
65
60
39
36
40
44
34
39_42_58_62_67
42
55_67
55_67
36_44_62_74
39
39
39
36
62_74
44
42_51_63_75
51
63_75
42
36_39_39_40_44_62_74
58
67
62
39
36
44
40
62_74
42_58_70
39
39
39
58_70
42
43
43
36_44_45_55_60_60_64_72
45
36
43
44
43
42_45
60_72
42
43
45
43
36_39_40_44_45_60_72
74
60_72
36
39
40
62
44
45
74
55
42_60_72
64
60
62
60_72
43
42
43
36_44_45_55_60_64
36
45
44
38_39_42_85
85
39
42
55
64
60
38
36_39_40_41_44
39
36
40
44
41
42_43
42
43
31_36_46_55_58_62_65_98
98
36
31
46
43_70
70
43
34_36_39_40_44_98
98
55
58
65
62
39
36
40
44
34
39_42_55_58_62_65
42
36_44_55_67_98
39
39
98
39
36
55_67
44
42_51_55_67
51
42
55_67
36_39_39_40_44_58_70_98
98
39
36
44
40
42
39
58_62_70
65
58
42
39_55_67
55
39
36_44_55_57_60_62_62_65_67_74_98
41
98
62_74
36
44
41
42_62_74
62_74
42
36_39_40_40_40_40_41_44_60_72_98
40
98
74
36
39_60_72
40
62
44
74
42
62
39
42
41_57
65
62
60
39
36_38_39_44_57_60_62_65_98
39
98
38
36
44
38_39_42_85
38
85
39
42
36_38_39_40_44_98
98
39
57
36
40
65
60
62
44
36_42
38
42
36
38
38
31_36_46_60_62_69
36
46_69
31
43_67_70
62
43
70
67
34_36_39_40_44_65
65
60
39
36
40
44
34
39_42_58_62_67
42
67
36_37_44_55_62_74
37
39
67
39
39
55
36
62_74
44
42_51_63_75
51
63_75
42
36_39_39_40_44_62_74
58
67
62
39
36
44
40
62_74
42_58_70
39
58_70
42
43
43
36_44_45_55_60_60_64_72
45
36
43
44
43
42_45
43
60_72
42
45
43
36_39_40_44_45_60_72
74
60_72
36
39
40
62
44
74
55
42_60_72
64
60
62
45
43_60_72
42
43
36_44_45_55_60_64
45
36
44
38_39_42_85
85
39
42
55
38
64
60
36_39_40_41_44
39
36
40
44
41
42_43
42
31_36_46_55_58_62_65_98
43
98
36
31
46
43_70
43
70
34_36_39_40_44_98
98
55
58
65
62
39
36
40
44
34
39_42_55_58_62_65
42
36_44_55_67_98
39
39
98
39
36
55_67
44
42_51_55_67
51
42
55_67
36_39_39_40_44_58_70_98
98
39
36
44
40
42
39
62
65
58
42
58_70
39_55_67
55
55_67
39
36_41_44_57_60_62_62_65_74_98
41
98
62_74
36
44
42_62_74
62_74
42
36_39_40_41_44_60_72_98
98
74
36
39_60_72
40
62
44
74
42
62
39
42
41_57
65
62
60
39
36_38_39_44_57_60_62_65_98
39
98
38
36
44
38_39_42_85
38
85
39
42
36_38_39_40_44_98
98
39
57
36
40
65
60
62
44
38
36_42
36
42
38
31_36_46_60_62_69
38
36
46_69
31
43_67_70
43_62
70
67
34_36_39_40_44_65
65
60
39
36
40
44
34
39_42_58_62_67
42
67
67
36_44_62_74
39
39
39
62_74
36
44
42_51_63_75
51
63_75
42
36_39_39_40_44_62_74
58
67
62
39
36
44
40
62_74
42_58_70
39
58_70
42
43
43
36_44_45_55_60_60_64_72
45
36
43
44
43
42_45
60_72
42
43
45
43
36_39_40_44_45_60_72
74
60_72
36
39
40
62
44
45
74
55
42_60_72
64
62
60
60_72
43
42
43
36_44_45_55_60_64
36
45
44
38_39_42_85
85
39
42
55
64
38
60
36_39_40_41_44
39
36
40
44
42_43
41
42
36_39_44_55_58_62_65
43
36
44
39
42_51
42
51
36_39_39_40_44
39
36
40
44
39
39_42
42
39
36_39_44_67
39
36
44
42_69
67
42
69
36_39_40_44_70
39
36
44
40
70
42_72
42
39
58
55
62
65
39
36_41_44_57_60_62_65
36
41
44
42
42
72
36_39_40_41_44_67_69
67
36
39
40
44
69
42_67
39
42
41
67
36_38_44_65
39
38
36
44
38_39_42_85
38
85
39
42
36_38_39_40_44
39
36
40
44
36_42
38
65
57
60
62
42
65
36
38
31_36_44_55_58_62_65
38
36
44
31
42_43_67
65
42
67
43
31_36_39_40_44_67
39
36
67
31_40
44
31_42_70
42
31
70
36_44_67
67
36
44
42_67
42
67
36_39_40_44_65
39
65
36
44
40
41_42_65
41
42
43_67
65
43
31_36_44
31
36
43_65
44
43_67
65
31_42_62
62
42
31
33_36_39_40_44_62
36
39
40
44
34_42_60
62
33
42
34
60
36_44_58
36
31
44
33_39_42_85
31
85
39
42
31_36_39_40_44
33
39
55
62
36
40
58
44
31
42
42
38
38
36_39_44_55_58_62_65_84_84
58
36
44
39
84_84
42_51_81_81
42
81_81
36_37_39_39_40_44_77_77
51
37
39
36
40
44
39
77_77
39_42_79_79
42
39
36_39_44_55_67
39
36
44
55
42_57_69
67
42
57
69
36_39_40_44_58_70
79_79
39
36
44_70
40
58
42_60_72
42
39_55
58
62
65
39
36_41_44_57_60_62_65
41
36
44
60
72
42_58_70
58
70
42
36_39_40_41_44_62_74
36
39
40
62
74
44
42_58_70
60
70
58
39_72
42
41
39
36_38_44
38
36
44
60
72
38_39_42_58_70_85
38
85
39_58
42
70
36_38_39_40_44
39
36
40
44
36_42
38
65
57
60
42
62
36
38
38
31_36_44_55_58_62_67_70
36
70
67
44
31
42_43_65_69
42
65
69
31_36_39_40_44_62_67
43
39
62
36
31
40
44
67
31_42_60_65
42
65
60
31
36_44_60_67
65
36
60
62
67
44
65
62
42_58_62
58
62
42
36_39_40_44_60_62_62
62
39
62
36
44
40
62_65
60
65
62
41_42_58_62
42
41
43
43
31_36_44
31
36
43
44
43
31_42
42
31
33_36_39_40_44
36
39
40
44
34_42
33
42
34
36_44
36
31
44
33_39_42_85
31
85
39
42
33
31_36_39_40_44
58_58
55
62
39
36
40
44
62
31
42
42
36_39_44_55_58_62_65
36
44
39
42_51
42
36_39_39_40_44
51
39
36
40
39
44
39_42
42
39
36_39_44_67
39
36
44
42_69
67
42
69
36_39_40_44_70
39
70
36
44
40
42_72
42
39
58
55
62
65
39
36_41_44_57_60_62_65
36
41
44
42
42
72
36_39_40_41_44_67_69
67
36
39
40
44
69
42_67
42
67
41
36_38_44_65
36
38
44
38_39_42_85
85
38
39
42
36_38_39_40_44
39
36
40
44
36_42_42
38
42
65
65
57
60
62
42
36_38
31_36_44_55_58_62_65
38
36
44
31
65
42_43_67
42
67
31_36_39_40_44_67
43
67
39
36
31
40
44
31_42_70
42
31
70
36_44_67
67
36
44
42_67
42
67
36_39_40_44_62
39
36_62
44
40
41_42_65
42
43
41
43
31_36_44_67
65
67
31
36
43
44
43
31_42_67
42
31
33_36_39_40_44
67
36
39
40
44
33_34_42
42
34
36_44
36
31
44
33_39_42_85
31
85
39
42
33
31_36_39_40_44
39
55
62
36
40
58
44
31
42
42
36_39_44_55_58_62_65_84_84
36
44
39
42_51_81_81
84_84
42
81_81
36_39_39_40_44_77_77
51
39
36
40
39
44
77_77
39_42_79_79
42
39
36_39_40_44_55_67
39
40
36
44
42_57_69
67
55
42
69
57
36_39_40_44_58_70
79_79
39
70
36
44_58
40
42_60_72
42
39_55
58
62
65
39
36_41_44_57_60_62_65
36
41
60
44
42_58_70_72
58
70
42
36_39_40_41_44_62_74
36
39_62
40
74
44
42_58_70
70
58
39_60_72
42
41
36_38_44
39
38
36
44
72
38_39_42_58_70_85
60
38
85
39
42
70
58
36_38_39_40_44
39
36
40
44
38
36_42_67
65
57
60_67
42
62
36
38
31_36_38_44_55_58_62_74
36
74
44
31
42_43_75
42
75
31_36_39_40_44_74
43
39
36
31
74
40
44
31_42_72
42
72
31
36_44_70
36
44
42
42
70
36_39_40_44_67
39
36
44
40
41_42_67_74
42
43
41
43
31_36_44
31
36
43
74
44
43
31_42_75
42
31
75
31_36_39_40_44_74
36
39
40
31
44
74
31_42_72
42
72
31_36_44_70
36
44
70
39_41_42_67_85
41
85
39
42
31
67
31
36_39_40_41_44_72
58
55
62
43
39
41
36
40
44
72
42_70
70
42
41_72
43
41
36_46_55_58_62_65_70_98
72
31
98
36
31
46
43_70
70
43
34_36_39_40_44_98
98
55
58
65
62
39
36
40
44
34
39_42_55_58_62_65
42
36_44_55_67_98
39
39
98
39
36
55_67
44
42_51_55_67
51
42
55_67
36_39_39_40_44_58_70_98
98
39
36
44
40
42
58_70
39
62
65
58
42
39_55_67
55
70
55_67
36_41_44_57_60_62_62_65_74_98
39
98
62_74
36
41
44
42_62_74
42
62_74
36_39_40_41_44_62_74_98
98
36
39
40
44
42
62_74
39
42
57
65
41
62
60
39
36_38_39_44_57_60_62_65_98
39
38
38
38_98
36
44
38_39_42_85
38
85
39
42
36_38_39_40_44_98
98
39
57
36
40
65
60
62
44
38
36_42
42
36
38
31_36_46_60_62_69
38
36
46_69
31
43_67_70
62
43
70
67
34_36_39_40_44_65
65
60
39
36
40
44
34
39_42_58_62_67
42
55_67
55_67
36_44_62_74
39
39
39
36
62_74
44
42_51_63_75
51
63_75
42
36_39_39_40_44_62_74
58
67
62
39
36
44
40
62_74
42_58_70
39
39
39
58_70
42
43
43
36_44_45_55_60_60_64_72
45
36
43
44
43
42_45
60_72
42
43_45
43
36_39_40_44_45_60_72
74
60_72
36
39
40
62
44
45
74
55
42_60_72
64
60
62
43
42
60_72
43
36_44_45_55_60_64
36
45
44
38_39_42_85
85
39
42
55
64
60
36_39_40_41_44
38
39
36
40
44
42_43
41
42
31_36_46_55_58_62_65_98
43
98
36
31
46
43_70
43
70
34_36_39_40_44_98
98
55
58
65
62
39
36
40
44
34
39_42_55_58_62_65
42
36_44_55_67_98
39
39
98
39
36
55_67
44
42_51_55_67
51
42
55_67
36_39_39_40_44_58_70_98
98
39
36
44
40
42
39
62
65
58_70
58
42
39_55_67
55
37
55_67
37
39
36_41_44_57_60_62_62_65_74_98
98
62_74
36
41
44
42_62_74
42
62_74
36_39_40_41_44_60_72_98
98
74
60_72
36
39
40
62
44
74
42
62
42
57
65
62
60
39
41
36_38_44_57_60_62_65_98
39
98
38
36
44
38_39_42_85
38
85
39
42
36_38_39_40_44_98
98
39
57
36
40
65
60
62
44
38
36_42
42
36
38
38
31_36_46_60_62_69
36
31_46_69
43_67_70
62
43
70
67
34_36_39_40_44_65
65
60
39
36
40
44
34
39_42_58_62_67
42
55_67
55_67
36_44_62_74
39
39
39
36
62_74
44
42_51_63_75
51
63_75
42
36_39_39_40_44_62_74
58
67
62
39
36
44
40
62_74
42_58_70
39
58_70
42
43
43
36_44_45_55_60_60_64_72
45
36
43
44
43
42_45
60_72
42
43
45
43
36_39_40_44_45_60_72
74
60_72
36
39
40
62
44
74
55
45
42_60_72
64
60
62
60_72
43
42
43
36_44_45_55_60_64
45
36
44
38_39_42_85
85
39
42
55
38
64
60
36_39_40_41_44
39
36
40
44
41
42_43
42
31_36_46_55_58_62_65_98
43
98
36
31
46
43_70
43
70
34_36_39_40_44_98
98
55
58
65
62
39
36
40
44
34
39_42_55_58_62_65
42
36_44_55_67_98
39
98
36
55_67
44
42_51_55_67
51
42
55_67
36_37_39_39_40_44_58_70_98
37
98
39
36
44
40
42
39
58_62_70
65
58
42
39_55_67
55
39
36_41_44_55_57_60_62_62_65_67_74_98
98
62_74
36
41
44
42_62_74
62_74
42
36_39_40_41_44_60_72_98
98
74
36
39_60_72
40
62
44
74
42
62
42
57
65
62
60
41
36_38_44_57_60_62_65_98
98
36
38
44
38_39_42_85
85
38
39
42
36_38_39_40_44_98
98
39
57
36
40
65
60
62
44
36_42
38
42
36
38
31_36_38_46_60_62_69
36
46_69
31
43_67_70
62
43
70
67
34_36_39_40_44_65
65
60
39
36
40
44
34
39_42_58_62_67
42
67
36_44_55_62_74
67
39
39
39
55
36
62_74
44
42_51_63_75
51
63_75
42
36_39_39_40_44_62_74
58
67
62
39
36
44
40
62_74
42_58_70
39
58_70
42
43
43
36_44_45_55_60_60_64_72
45
36
43
44
43
42_45
60_72
42
43
45
43
36_39_40_44_45_60_72
74
60_72
36
39
40
62
44
45
74
55
42_60_72
64
60
62
41_60_72
42
41
36_44_46_55_60_64
48
36
46
44
48
39_42_46_85
85
46
39
42
55
64
60
36_39_40_41_44
39
36
40
44
42_43
41
42
31_36_46_55_58_62_65_98
43
98
36
46
31
43_70
43
70
34_36_39_40_44_98
98
55
58
65
62
39
36
40
44
34
39_42_55_58_62_65
42
36_44_55_67_98
39
39
98
39
36
55_67
44
42_51_55_67
51
42
55_67
36_39_39_40_44_58_70_98
98
39
36
44
40
42
39
62
65
58
42
58_70
39_55_67
55
55_67
39
36_41_44_57_60_62_62_65_74_98
98
62_74
36
41
44
42_62_74
62_74
42
36_39_40_40_41_44_60_72_98
40
98
74
36
39_60_72
40
62
44
74
42
62
39
42
57
65
62
60
41
39
36_38_44_57_60_62_65_98
98
38
36
44
38_39_42_85
38_85
39
42
36_38_39_40_44_98
98
39
57
36
40
65
60
62
44
36_42
38
42
36
38
38
31_36_46_60_62_69
36
46_69
31
43_67_70
62
43
70
67
34_36_39_40_44_65
65
60
39
36
40
44
34
39_42_58_62_67
42
67
67
36_44_62_74
39
39
39
62_74
36
44
42_51_63_75
51
63_75
42
36_39_39_40_44_62_74
58
67
62
39
36
44
40
62_74
42_58_70
39
58_70
42
43
43
36_44_45_55_60_60_64_72
36
45
43
44
43
42_45
60_72
42
43_45
43
36_39_40_44_45_60_72
74
60_72
36
39
40
62
45
44
74
55
42_60_72
64
62
60
60_72
43
42
43
36_44_45_47_55_60_64
47
36
45
44
38_39_42_85
85
39
42
55
38_64
60
36_39_40_41_44
39
36
40
44
41
42_43
42
36_39_44_55_58_62_65
43
36
44
42_51
39
42
36_39_39_40_44_51
39
36
40
44
39
39_42
42
39
36_39_44_67
39
36
44
42_69
67
42
69
36_39_40_44_70
39
36
44
40
70
42_72
42
39
58
55
62
65
39
36_41_44_57_60_62_65
36
41
44
42
42
72
36_39_40_41_44_67_69
67
36
39
40
44
69
42_67
39
42
41
39
67
36_38_44_65
38
36
44
38_39_42_85
38
85
39
42
36_38_39_40_44
39
36
40
44
36_42
38
65
57
60
62
42
36
65
38
31_36_44_55_58_62_65
38
36
44
31
42_43_67
65
42
67
43
31_36_39_40_44_67
39
36
67
40
31
44
31_42_70
42
31
70
36_44_67
67
36
44
42_67
42
67
36_39_40_44_65
39
65
36
44
40
41_42_65
41
42
43_67
65
43
31_36_44
31
36
43_65
44
43
67
65
31_42_62
62
42
31
33_36_39_40_44_62
36
39
40
44
33
34_42_60
62
32
32
42
34
60
36_44_58
36
31
44
33_39_42_85
31
85
39
42
33
31_36_39_40_44
39
55
62
36
40
58
44
31_42
42
38
36_39_44_55_58_62_65_84_84
38
58
36
44
39
84_84
42_51_81_81
54
54
42
81_81
36_39_39_40_44_77_77
51
39
36
40
44
39
77_77
39_42_79_79
42
39
36_44_55_67
36
44
55
42_57_69
67
42
57
69
36_39_40_44_58_70
79_79
39
36
44_70
40
58
42_60_72
42
39_55
58
62
65
39
36_41_44_57_60_62_65
36
41
44
60
72
42_58_70
58
70
42
36_39_40_41_44_62_74
36
39
40
62
74
44
42_58_70
60
70
58
39_72
42
41
39
36_38_44
38
36
44
60
72
38_39_42_58_70_85
38
85
39_58
42
70
36_38_39_40_44
39
36
40
44
36_42
38
65
57
60
42
62
36
38
31_36_38_44_55_58_62_67_70
38
38
36
70
67
44
31_42_43_65_69
42
65
69
31_36_39_40_44_62_67
43
39
62
36
31
40
44
67
31_42_60_65
42
65
60
31
36_44_60_67
65
36
60
62
67
44
65
62
42_58_62
58
62
42
36_39_40_44_60_62_62
62
39
62
36
44
40
62_65
60
65
62
41_42_58_62
41
42
43
43
31_36_44
36
31
43
44
43
31_42
42
31
33_36_39_40_44
36
39
40
44
33_34_42
42
34
36_44
36
31
44
33_39_42_85
31
85
39
42
33
31_36_39_40_44
58_58
55
62
39
36
40
44
62
42
31
42
36_39_44_55_58_62_65
36
44
39
42_51
42
36_39_39_40_44
51
39
36
40
44
39
39_42
42
39
36_39_44_67
39
36
44
42_69
67
42
69
36_39_40_44_70
39
70
36
44
40
42_72
42
39
58
55
62
65
36_39_41_44_57_60_62_65
36
41
44
42
42
72
36_39_40_41_44_67_69
67
36
39
40
44
69
42_67
39
42
41
67
39
36_38_44_65
36
38
44
38_39_42_85
38
85
39
42
36_38_39_40_44
39
36
40
44
36_42
38
65
65
57
60
62
42
36
38
31_36_44_55_58_62_65
38
36
44
65
42_43_67
31
42
67
43
31_36_39_40_44_67
67
39
36
40
31
44
31_42_70
42
70
31_36_44_67
67
36
44
42_67
42
67
36_39_40_44_62
39
36_62
44
40
41_42_65
41
42
43
43
31_36_44_67
65
67
31
36
43
44
43
31_42_67
42
31
33_36_39_40_44
67
36
39
40
44
34_42
33
42
34
34
34
36_44
36
31
44
33_39_42_85
31
85
39
42
31_36_39_40_44
33
39
55
62
36
40
58
44
31
42
42
36_38
36
38
36_39_44_55_58_62_65_84_84
36
44
39_42_51_81_81
84_84
42
81_81
36_39_39_40_44_51_77_77
39
36
40
44
39
77_77
39_42_79_79
42
36_39_40_44_55_67
40
36
44
42_57_69
67
55
42
69
57
35_36_39_40_44_58_70
35
79_79
39
70
36
44_58
40
42_60_72
42
39_55
58
62
65
39
36_39_41_44_57_60_62_65
39
36
41
60
44
42_58_70_72
58
70
42
36_39_40_41_44_62_74
36
39_62
40
74
44
42_58_70
70
58
39_60_72
42
41
39
36_38_39_44
39
38
36
44
72
38_39_42_58_70_85
60
38
85
39
42
70
58
36_38_39_40_44
39
36
40
44
36_42_67
38
65
57
60_67
42
36_62
38
31_36_44_55_58_62_74
38
36
74
44
31
42_43_75
42
75
31_36_39_40_44_74
43
39
36
74
40
31
44
31_42_72
42
72
31
31_36_44_70
31
36
44
42
42
70
36_39_40_44_67
39
36
44
40
41_42_67_74
42
41_43
43
31_36_44
31
36
43
74
44
43
31_42_75
42
31
75
31_36_39_40_44_74
36
39
40
31
44
74
31_42_72
42
72
31
36_44_70
36
44
70
39_41_42_67_85
43
41
85
39
42
67
36_39_40_44_72
58
55
62
39
36
40
41
43
44
72
42_70
70
42
41_43_72
43
31_36_46_55_58_62_65_70_98
72
98
36
31
46
43_70
70
43
34_36_39_40_44_98
98
55
58
65
62
39
36
40
44
34
37_39_42_55_58_62_65
37
42
36_39_39_44_55_67_98
39
39
98
39
36
55_67
44
42_51_55_67
51
42
55_67
36_37_39_39_40_44_58_70_98
37
98
39
36
44
40
42
58_70
39
62
65
58
42
39_55_67
55
70
55_67
39
36_41_44_57_60_62_62_65_74_98
98
62_74
36
41
44
42_62_74
42
62_74
36_39_40_40_41_44_62_74_98
40
98
36
39
40
44
42
62_74
39
42
57
65
62
60
41
36_38_44_57_60_62_65_98
39
98
38
36
44
38_39_42_85
38
85
39
42
36_38_39_40_44_98
98
39
57
36
40
65
60
62
44
36_42
38
42
36
38
38
31_36_46_60_62_69
36
46_69
43_67_70
31
62
43
70
67
34_36_39_40_44_65
65
60
39
36
40
44
34
39_42_58_62_67
42
55_67
55_67
36_44_62_74
39
39
39
36
62_74
44
42_51_63_75
51
63_75
42
36_39_39_40_44_62_74
58
67
62
39
36
44
40
62_74
42_58_70
39
39
39
58_70
42
43
43
36_44_45_55_60_60_64_72
36
43
45
44
43
42_45
60_72
42
45
43
43
36_39_40_44_45_60_72
74
60_72
36
39
40
62
44
45
74
55
42_60_72
64
60
62
43
42
60_72
43
36_44_45_55_60_64
36
45
44
38_39_42_85
85
39
42
55
38
64
60
36_39_40_41_44
39
36
40
44
41
42_43
42
31_36_46_55_58_62_65_98
43
98
36
46
31
43_70
43
70
34_36_39_40_44_98
98
55
58
65
62
39
36
40
44
34
39_42_55_58_62_65
42
36_44_55_67_98
39
39
98
39
36
55_67
44
42_51_55_67
51
42
55_67
36_39_39_40_44_58_70_98
98
39
36
44
40
42
39
62
65
58_70
58
42
39_55_67
55
55_67
39
36_41_44_57_60_62_62_65_74_98
98
62_74
36
41
44
42_62_74
42
62_74
36_39_40_41_44_60_72_98
98
74
60_72
36
39
40
62
44
74
42
62
42
57
65
62
60
41
36_38_44_57_60_62_65_98
98
38
36
44
38_39_42_85
38
85
39
42
36_38_39_40_44_98
98
39
57
36
40
65
60
62
44
38
36_42
36_42
38
38
31_36_46_60_62_69
36
46_69
43_67_70
31
62
70
43
67
34_36_39_40_44_65
65
60
39
36
40
44
34
39_42_58_62_67
42
55_67
55_67
36_44_62_74
39
39
39
36
62_74
44
42_51_63_75
51
63_75
42
36_39_39_40_44_62_74
58
67
62
39
36
44
40
62_74
42_58_70
39
58_70
42
43
43
36_44_45_55_60_60_64_72
45
36
43
44
43
42_45
60_72
42
45
43
43
36_39_40_44_45_60_72
74
60_72
36
39
40
62
45
44
74
55
42_60_72
64
60
62
60_72
43
42
43
36_44_45_55_60_64
36
45
44
38_39_42_85
85
39
42
55
64
60
38
36_38_39_40_41_44
38
39
36
40
44
42_43
41
42
31_36_46_55_58_62_65_98
43
98
36
31
46
43_70
43
70
34_36_39_40_44_98
98
55
58
65
62
39
36
40
44
34
39_42_55_58_62_65
42
39
36_44_55_67_98
39
98
39
36
55_67
44
42_51_55_67
51
42
55_67
36_39_39_40_44_58_70_98
98
39
36
44
40
42
39
58_62_70
65
58
42
39_55_67
55
36_41_44_55_57_60_62_62_65_67_74_98
39
98
41_62_74
36
44
42_62_74
62_74
42
36_39_40_40_40_41_44_60_72_98
98
40_74
40
36
39_60_72
40
62
44
74
42_67
62
67
39
42
57
65
41
62
60
39
36_38_39_44_57_60_62_65_72_98
39
38_98
36
44
38_39_42_85
38
85
39
42
72
36_38_39_40_44_70_98
98
39
57
36
40
65
60
62
70
44
38
36_42_67
36
42
38
38
67
31_36_46_60_62_65_69
36
46_69
31
43_67_70
43
62
70
67
34_36_39_40_44_65
65
60
39
36
40
44
34
39_42_58_62_67
42
67
36_44_55_62_74
39
67
39
39
55
36
62_74
44
42_51_63_75
51
63_75
42
36_39_39_40_44_62_74
58
67
62
65
39
36
44
40
62_74
42_58_70
39
58_70
42
43
43
36_44_45_55_60_60_64_72
45
36
43
44
42_45
43
60_72
42
43
45
43
36_39_40_44_45_47_60_72
47
74
60_72
36
39
40
62
44
45
74
55
42_60_72
64
60
62
41_60_72
42
36_43_44_55_60_64
41
36
43
44
39_41_42_85
85
39
42
41
55
64
60
36_39_40_43_44_45
45
39
36
40
44
43
42_46
42
46
31_36_46_55_58_62_65_98
98
36
46
31
43_70
43
70
34_36_39_40_44_98
98
55
58
65
62
39
36
40
44
34
39_42_55_58_62_65
42
36_40_44_49_55_67_98
40
39
49
39
98
39
36
55_67
44
42_51_55_67
51
42
55_67
36_39_39_40_44_58_70_98
98
39
36
44
40
42
39
62
65
58
42
58_70
39_55_67
55
55_67
39
36_41_44_57_60_62_62_65_74_98
98
41
62_74
36
44
42_62_74
62_74
42
36_39_40_40_40_41_44_60_72_98
98
74
36
39_60_72
40
62
44
74
42
62
39_67
42
57
65
62
41
60
67
39
36_38_44_57_60_62_65_72_98
98
36_38
44
38_39_42_85
38
85
39
42
72
36_38_39_40_44_70_98
98
39
57
36
40
65
70
60
62
44
38
36_42_42_67
42
42
67
36_38_65
38
65
31_36_46_60_62_67_69
36
70
67
46_69
43_67_70
31
43_62
70
67
34_36_39_40_44_65
65
60
39
36
40
44
34
39_42_58_62_67
42
67
67
36_44_62_74
39
39
39
62_74
36
44
42_51_63_75
51
63_75
42
36_39_39_40_44_62_74
58
67
62
39
36
44
40
62_74
42_58_70
39
58_70
42
43
43
36_44_45_55_60_60_64_72
36
43
45
44
43
42_45
60_72
42
43_45
43
36_39_40_44_45_60_72
74
60_72
36
39
40
62
44
74
45
55
42_60_72
64
62
60
60_72
70
43
42
43
36_44_45_55_60_64
45
36
44
38_39_42_85
85
39
42
55
64
38
60
36_39_40_41_44
39
36
40
44
41
42_43
42
43
36_41_44
36_44
41
36_39
39
36
36
36
36_39
39
36
86
86
36_41
41
36
36_39
36
39
36
36
39_85
85
39
36_39
39
36
86
86
36_41
41
36
36_36_39
39
36
34
36
32
34
32
29
36
36
32
29
32
36_39
39
36
29_86
29
86
36_36_41
41
36
34
36
32
34
32
29
36_39
36
39
29
32
32
32_36
32
36
32_39_85
32
85
39
34_36_39
39
36
32_86
32
34
86
29_36_41
41
36
29
29
29
36_36_39
39
36
34
36
32
34
32
29
36
36
32
29
32
29_36_39
29
39
36
32
32
29_86
29
86
36_36_41
41
36
34
36
32
34
32
29
36_39
36
39
29
32
32
29_36
29
36
39_84_85_85
84
85
39
85
36_39_41_46_51
43
39
46_51
41
36
82_84
82
41
43
84
41
31_36_55_57_58_62_65_82_98
98
31
36
57
43_70
43
70
82
34_36_39_40_44_77_79_98
98
55
58
65
77
62
39
36
40
44
34
39_42_55_58_62_65
42
79
36_37_44_77_98
37
39
39
98
39
36
44
42_51
51
42
77
36_39_39_40_44_72_74_98
98
72
39
36
44
40
72
74
72
42_70
39
62
65_70
58
42
39_67
55
39
36_41_44_57_60_62_65_70_98
67
98
41
36
44
42
42
70
36_39_40_40_41_44_72_98
40
98
36
39
40
72
44
42
39
42
57
65
41_62
60
39
36_38_44_57_60_62_65_98
38
98
36
44
38_39_42_85
38
85
39
42
36_38_39_40_44_62_98
98
39
57
36
40
65
60
62
65
62
44
65
36_42_67
38
36
42
38_65
67
38
65
31_36_46_60_62_69_70
36
70
46_69
43_67_67_70
31
62
67
43
70
70
67
34_36_39_40_44_65
65
60
39
36
40
44
70
34
39_42_58_62_67
42
36_44_70
39
39
39
36
70
44
42_51_67
51
67
42
70
36_39_39_40_44
58
67
62
39
36
44
40
70
42
39
39
39
42
43
43
36_44_45_55_60_64_73
73
36
43_72
45
44
42_45_70
43
72
70
42
43_72
45
43
36_39_40_44_45_70
72
36
39
40
67
70
44
45
67
55
42_65
64
60
65
41_67
42
41
36_44_47_55_60_64_65
67
48
36
47
65
62
44
39_42_46_60_85
48
62
85
39
42
46
62
60
55
62
64
60
36_39_40_41_44_60
39
36
40
60
58
44
41
42_43_55_57
58
57
42
55
53
43
31_36_46_55_58_62_65_98
98
36
53
46
31
43_53_70
43
70
53
34_36_39_40_44_53_98
98
55
58
65
53
62
39
36
55
40
44
34
39_42_55_58_62_65
55
42
36_44_98
39
40_40
98
40
40
36
44
42_51
51
42
36_39_39_40_44_98
98
39
36
44
40
42
39
62
65
58
42
39
55
39
36_39_39_41_44_57_60_62_65_98
98
36
41
44
42_50
42
53
50
53
36_39_40_40_41_44_55_98
40
98
36
39
40
58
55
44
42_53
58
39_55
42
57
65
62
53
60
41
39
36_38_44_57_58_60_62_65_98
55
98
38
36
57
58
44
57
38_39_42_60_85
38
85
60
39
42
60
36_38_39_40_44_62_98
60
98
39
57
36
40
65
60
62
62_65
44
65
38
36_42_70
70
42
36
38_67
38
31_36_46_60_62_69
36
46_69
43_67_70
31
62
43
70
67
67
34_36_39_40_44_65_65_67
65
60_65
39
36
40
44
67
34
39_42_58_62_65_67
42
65
36_44_60
39
39
39
60
36
62
44
42_51_60
62
51
60
42
36_39_39_40_44_58
58
67
62
39
36
44
40
58
42_55
39
55
42
43
43
36_44_45_53_55_60_64
53
36
43_55
45
44
43
42_45_58
55
42_58
45
43
43
36_39_40_44_45_55
36
39
40
58
55
45
44
55
58
42_60
64
60
60
43
42
43
36_44_45_55_60_60_64
45
36
60
62
44
62
38_39_42_65_85
85
39
65
42
55
64
60
36_39_40_41_44_65
38
39
36
40
65
67
44
67
41
42_43_70
42
70
67
31_36_46_55_58_62_65_98
43
98
36
46
31
43_70
43
43_43
43
70
43
36_39_40_44_98
34
98
55
58
65
62
39
36
40
44
67
39_42_55_58_62_65
34
42
36_44_55_67_98
39
39
98
39
36
55_67
44
42_51_55_67
51
42
55_67
36_39_39_40_44_58_70_98
98
39
36
44
40
42
39
58_70
62
65
58
42
39_55_67
55
55_67
39
36_39_41_44_57_60_62_62_65_74_98
39
98
62_74
41
36
44
42_62_74
42
62_74
36_39_40_40_41_44_62_74_98
40
98
36
39
40
44
42
62_74
39
42
57
41
65
62
60
39
36_38_44_57_60_62_65_98
38
98
36
44
38_39_42_85
38
85
39
42
36_38_39_40_44_98
98
39
57
36
40
65
60
62
44
36_42
38
36
42
38
38
31_36_46_60_62_69
36
46_69
43_67_70
31
43
62
43
43
70
67
34_36_39_40_44_65
65
60
39
36
40
44
34
39_42_58_62_67
42
55_67
55_67
36_44_49_62_74
39
49
39
39
36
62_74
44
42_51_63_75
51
63_75
42
36_39_39_40_44_62_74
58
67
62
39
36
44
40
62_74
39_39_42_58_70
39
58_70
42
43
43
36_44_45_55_60_60_64_72
45
36
43
44
43
42_45
60_72
42
45
43
43
36_39_40_44_45_60_72
74
60_72
36
39
40
62
44
45
74
55
42_60_72
64
60
62
43
42
60_72
43
36_44_45_55_60_64
45
36
44
38_39_42_85
85
39
42
55
38
64
60
36_39_40_41_44
39
36
40
44
42_43
41
42
31_36_46_55_58_62_65_98
43
98
36
31
46
43_70
43
70
34_36_39_40_44_98
98
55
58
65
62
39
36
40
44
34
39_42_55_58_62_65
42
36_37_44_55_67_98
37
39
98
36
55_67
44
42_51_55_67
51
42
55_67
36_39_39_40_44_58_70_98
98
39
36
44
40
42
39_62
65
58_70
58
42
39_39_55_67
55
39
55_67
39
36_41_44_57_60_62_62_65_74_98
98
41
62_74
36
44
42_62_74
42
62_74
36_39_40_41_44_60_72_98
98
74
60_72
36
39
40
62
44
74
42
62
39
42
57
65
62
60
41
39
36_38_44_57_60_62_65_98
38
98
36
44
38_39_42_85
38
85
39
42
36_38_39_40_44_98
98
39
57
36
40
65
60
62
44
38
41_42
42
43
41
43
31_36_46_60_62_69
36
46_69
31
43_67_70
43
62
70
67
34_36_39_40_44_65
65
60
39
36
40
44
34
39_42_58_62_67
42
55_67
55_67
36_44_62_74
39
36
62_74
44
42_51_63_75
51
63_75
42
36_39_39_40_44_62_74
58
67
62
39
36
44
40
62_74
39
39_42_58_70
39
58_70
42
43
43
36_44_45_55_60_60_64_72
36
43_45
44
43
42_45
60_72
42
43
45
36_39_40_43_44_45_60_72
74
60_72
36
39
40
62
44
74
55
42_45_60_72
64
60
62
60_72
43
42
43
36_44_45_55_60_64
36
45
44
38_39_42_85
85
39
42
55
38
64
60
36_39_40_41_44
39
36
40
44
41
42_43
42
43
31_36_46_55_58_62_65_98
98
36
31
46
43_43_70
43
43
43
43
70
34_36_39_40_44_98
98
55
58
65
62
39
36
40
44
34
39_42_55_58_62_65
42
36_44_55_67_98
39
39
98
39
36
55_67
44
42_51_55_67
51
42
55_67
36_39_39_40_44_58_70_98
98
39
36
44
40
42
39
58_62_70
65
58
42
39_55_67
55
39
36_41_44_55_57_60_62_62_65_67_74_98
98
62_74
41
36
44
42_62_74
62_74
42
36_39_40_41_44_60_72_98
98
74
36
39_60_72
40
62
44
74
42
62
39
42
57
65
62
60
41
39
36_38_44_57_60_62_65_98
98
38
36
44
38_39_42_85
38
85
39
42
36_38_39_40_44_98
98
39
57
36
40
65
60
62
44
36_38_42
36
42
38
38
31_36_46_60_62_69
36
46_69
31
43_67_70
43
62
70
67
34_36_39_40_44_65
65
60
39
36
40
44
34
39_42_58_62_67
42
67
36_44_55_62_74
67
39
39
39
55
36
62_74
44
42_51_63_75
51
63_75
42
36_39_39_40_44_62_74
58
67
62
39
36
44
40
62_74
39_42_58_70
58_70
42
43
43
36_44_45_55_60_60_64_72
36
43_45
44
43
42_45
60_72
42
43
45
43
36_39_40_44_45_60_72
74
60_72
36
39
40
62
44
74
45_55
42_60_72
64
60
62
43_60_72
42
43
36_44_45_55_60_64
36
45
44
39_41_42_85
85
39
41
42
55
64
60
36_39_40_43_44
39
36
40
44
43
41_42
42
41
31_36_46_55_58_62_65_98
33
98
36
33
46
31
43_70
43
70
34_36_39_40_44_98
98
55
58
65
62
39
36
40
44
34
39_42_55_58_62_65
42
36_44_55_67_98
39
98
36
55_67
44
42_51_55_67
51
42
55_67
36_37_39_39_40_44_58_70_98
37
98
39
36
44
40
42
39
62
65
58
42
58_70
39_55_67
55
55_67
39
36_41_44_57_60_62_62_65_74_98
98
41
62_74
36
44
42_62_74
62_74
42
36_39_40_41_44_60_72_98
98
74
36
39_60_72
40
62
44
74
42
62
39
42
57
41
65
62
60
39
36_38_44_57_60_62_65_98
38
98
36
44
38_39_42_85
38
85
39
42
36_38_39_40_44_98
98
39
57
36
40
65
60
62
44
36_42_42
38
42
36
42
38
38
31_36_46_60_62_69
36
46_69
31
43_67_70
43
62
70
67
34_36_39_40_44_65
65
60
39
36
40
44
34
39_42_58_62_67
42
67
67
36_44_62_74
39
39
39
62_74
36
44
42_51_63_75
51
63_75
42
36_39_39_40_44_62_74
58
67
62
39
36
44
40
62_74
42_58_70
39
58_70
42
43
43
36_44_45_55_60_60_64_72
36
43_45
44
43
42_45
60_72
42
43
45
43
36_39_40_44_45_60_72
74
60_72
36
39
40
62
44
74
45
55
42_60_72
64
62
60
60_72
43
42
43
36_44_45_55_60_64
36
45
44
38_39_42_85
85
39
42
55
64
60
36_39_40_41_44
38
39
36
40
44
41
42_43
42
43
36_46_55_58_62_65
36
46
70
70
36_39_40_44
55
58
65
62
39
36
40
44
42_55_58_62_65
42
36_44
36
44
42
42
36_39_40_44
39
36
44
40
42
62
65
58
42
55
36_44_57_60_62_65
36
44
42
42
36_39_40_44
36
39
40
44
42
42
57
65
62
60
36_44_57_60_62_65
36
44
39_42_85
85
39
42
36_39_40_44
39
57
36
40
65
60
62
44
42
42
36_46_60_62_69
36
46_69
67_70
62
70
67
36_39_40_44_65
65
60
39
36
40
44
42_58_62_67
42
36_44
36
44
42
42
36_39_40_44
58
67
62
39
36
44
40
42
42
36_44_55_60_64
36
44
42
42
36_39_40_44
36
39
40
44
55
42
64
60
42
36_44_55_60_64
36
44
39_42_85
85
39
42
55
64
60
36_39_40_44
39
36
40
44
42
42
36_46_55_58_62_65
36
46
70
70
36_39_40_44
55
58
65
62
39
36
40
44
42_55_58_62_65
42
36_44
36
44
42
42
36_39_40_44
39
36
44
40
42
62
65
58
42
55
36_44_57_60_62_65
36
44
42
42
36_39_40_44
36
39
40
44
42
42
57
65
62
60
36_44_57_60_62_65
36
44
39_42_85
85
39
42
36_39_40_44
39
57
36
40
65
60
62
44
42
42
36_46_60_62_69
36
46_69
67_70
62
70
67
36_39_40_44_65
65
60
39
36
40
44
42_58_62_67
42
36_44
36
44
42
42
36_39_40_44
58
67
62
39
36
44
40
42
42
36_44_55_60_64
36
44
42
42
36_39_40_44
36
39
40
44
55
42
64
60
42
36_44_55_60_64
36
44
39_42_85
85
39
42
55
64
60
36_39_40_44
39
36
40
44
42
42
36_41_44
41
36_44
36_39
39
36
36
36
36_39
39
36
86
86
36_41
41
36
36_39
36
39
36
36
39_85
85
39
36_39
39
36
86
86
36_41
41
36
36_39
39
36
36
36
36_39
39
36
86
86
36_41
41
36
36_39
36
39
36
36
39_85
85
39
36_39
39
36
86
86
36_41
41
36
36_36_39
39
36
34
36
32
34
32
29
36
36
32
29
32
36_39
39
36
29_86
29
86
36_36_41
41
36
34
36
32
34
32
29
36_39
36
39
29
32
32
36
36
32_39_85
32
85
39
34_36_39
39
36
34
32_86
32
86
29_36_41
41
29
36
29
29
36_36_39
39
36
34
36
32
34
32
29
36
36
32
29
32
36_39
39
36
29_86
29
86
36_36_41
41
36
34
36
32
34
32
29
36_39
36
39
29
32
32
36
36
32_39_85
32
85
39
32_36_39
39
32
36
34
32_86
34
32
86
29_36_41
41
29
36
29
29
36_36_39
39
36
34
36
32
34
32
29
36
36
29
32
32
36_39
39
36
29_86
29
86
36_36_41
41
36
34
36
32
34
32
29
36_39
36
39
29
32
32
36
36
32_39_85
32
85
39
32_36_39
39
32
36
34
32_86
34
32
86
29_36_41
41
36
29
29
29
34_36_36_39
34
39
36
34
36
32
34
32
29
36
36
32
29
32
36_39
39
36
29_86
29
86
36_36_41
41
36
34
36
32
34
32
29
36_39
36
39
32
29
32
36
36
39_85
85
39
36_39
39
36
29_86
29
86
29_36_41
41
36
29
29
29
36_36_39
39
36
34
36
32
34
32
29
36
36
32
29
32
36_39
39
36
29_86
29
86
36_36_41
41
36
34
36
32
34
32
29
36_39
36
39
32
29
32
36
36
32_39_85
32
85
39
32_36_39
34
39
36
32
32_86
34
32
86
29_36_41
41
29
36
29
29
36_36_39
39
36
34
36
32
34
32
29
36
36
29
32
32
36_39
39
36
32
32
29_86
29
86
36_36_41
41
36
34
36
32
34
32
29
36_39
36
39
32
29
32
36
36
39_85
85
39
29
29
36_39_41_46_51
43
39
46_51
36
41
41
43
41
31_36_55_57_58_62_65_98
98
36
31
57
43_70
43
70
34_36_39_40_44_98
98
55
58
65
62
39
36
33
40
44
34
33
39_42_55_58_62_65
42
39
36_44_98
39
98
39
36
44
42_51
51
42
36_39_39_40_44_98
98
39
36
44
40
42
39
62
65
58
42
39
55
39
36_41_44_57_60_62_65_98
98
36
41
44
42
42
36_39_40_41_44_98
98
36
39
40
44
42
39
42
57
65
62
60
41
36_38_44_57_60_62_65_98
39
38
98
36
44
38_39_42_85
38
85
39
42
36_38_39_40_44_98
98
39
57
36
40
65
60
62
44
36_38_42
42
36
38
38
31_36_46_60_62_69
36
46_69
31
43_67_70
43_62
70
67
34_36_39_40_44_65
65
60
39
36
40
44
34
39_42_58_62_67
42
36_44
39
39
39
36
44
42_51
51
42
36_39_39_40_44
58
67
62
39
36
44
40
42
39
42
43
43
36_44_45_55_60_64
36
43
45
44
43
42_45
42
43
45
43
36_39_40_44_45
47
47
36
39
40
44
45
55
42
64
60
43
42
43
36_44_45_55_60_64
36
45
44
38_39_42_85
85
39
42
55
64
38
60
36_39_40_41_46_51
43
39
41
36
40
46_51
43
41
41
31_36_55_57_58_62_65_98
98
36
31
57
43_70
43
70
34_36_39_40_44_98
98
55
58
65
62
39
36
40
44
34
39_42_55_58_62_65
42
36_44_98
39
49
98
49
36
44
42_51
51
42
36_39_39_40_44_98
98
39
36
44
40
42
39
62
65
58
42
39
55
39
36_41_44_57_60_62_65_98
98
41
36
44
42
42
36_39_40_40_41_44_98
40
98
36
39
40
44
42
39
42
57
65
62
60
41
36_38_44_57_60_62_65_98
39
38
98
36
44
38_39_42_85
38
85
39
42
36_38_39_40_44_98
98
39
57
36
40
65
60
62
44
38
36_42
42
42
42
36
38
38
31_36_46_60_62_69
36
46_69
31
43_67_70
43
62
70
67
34_36_39_40_44_65
65
60
39
36
40
44
34
39_42_58_62_67
42
36_44
39
39
39
36
44
42_51
51
42
36_39_39_40_44
58
67
62
39
36
44
40
42
39
39
39
42
43
43
36_44_45_55_60_64
36
43
45
44
43
42_45
42
45
43
43
36_39_40_44_45
36
39
40
44
45
55
42
64
60
43
42
43
36_44_45_55_60_64
36
45
44
38_39_42_85
85
39
42
55
64
60
36_39_40_41_44
38
39
36
40
44
41
42_43
42
43
36_39_44_55_58_62_65
36
44
39
42_51
42
36_39_39_40_44
51
39
36
40
44
39
39_42
42
39
36_44
36
44
42
42
36_39_40_44
39
36
44
40
42
42
39
58
55
62
65
39
36_41_44_57_60_62_65
36
41
44
42
42
36_39_40_41_44
36
39
40
44
42
39
42
41
39
36_38_39_44
39
38
36
44
38_39_42_85
38
85
39
42
36_38_39_40_44
39
36
40
44
36_42
38
65
57
60
62
36
42
38
38
31_36_44_55_58_62
36
44
31_42_43
42
43
31_36_39_40_44
39
36
40
31
44
31_42
42
31
36_44
36
44
42
42
36_39_40_44
39
36
44
40
41_42
41
42
43
43
31_36_44
31
36
43
43
44
31_42
42
31
33_36_39_40_44
36
39
40
44
34_42
33
42
34
36_44
36
31
44
33_39_42_85
31
85
39
42
33
31_36_39_40_44
39
55
62
36
40
58
44
31
41_42
41
42
36
36
36_44_55_58_62_65_84_84
39
36
44
84_84
42_51_81_81
39
42
81_81
36_37_39_39_40_44_77_77
51
37
39
36
40
44
39
77_77
39_42_79_79
42
39
36_44_55_67
36
44
55
42_57_69
67
42
57
69
36_39_40_44_58_70
79_79
39
36
44_70
40
58
42_60_72
42
39_55
58
62
65
39
36_41_44_57_60_62_65
36
41
44
60
72
42_58_70
58
70
42
36_39_40_41_44_62_74
36
39
40
62
74
44
42_58_70
60
70
58
72
42
36_38_44
41
36
38
44
60
72
38_39_42_58_70_85
38
85
39_58
42
70
36_38_39_40_44
39
36
40
44
36_42
38
65
57
60
42
62
36
38
38
31_36_44_55_58_62_70
36
70
44
31
42_43_69
42
69
43
31_36_39_40_44_67
39
36
31
40
44
67
65
31_42
42
65
31
36_44_67
65
36
62
67
44
65
62
42_62
62
42
36_39_40_44_62
39
62
36
44
40
65
65
41_42_62
42
41_43
43
31_36_44
31
36
43
44
43
31_42
42
31
33_36_39_40_44
36
39
40
44
34_42
33
42
34
36_44
36
31
44
33_39_42_85
31
85
39
42
33
31_36_39_40_44
58
55
62
39
36
40
44
62
42
31
42
36_39_44_55_58_62_65
36
44
39
42_51
42
36_39_39_40_44
51
39
36
40
44
39
39_42
42
39
36_44
36
44
42
42
36_39_40_44
39
36
44
40
42
42
39
58
55
62
65
39
36_41_44_57_60_62_65
36
41
44
42
42
36_39_40_41_44
36
39
40
44
42
39
42
41
36_38_39_44
38
36
44
38_39_42_85
38
85
39
42
36_38_39_40_44
39
36
40
44
36_42
38
65
57
60
62
42
36
38
38
31_36_44_55_58_62
36
44
31
42_43
42
31_36_39_40_44
43
39
36
40
31
44
31_42
42
36_44
31
36
44
42
42
36_39_40_44
39
36
44
40
41_42
41
42
43
36_44
43
31
36
43
31
44
43
31_42
42
31
33_36_39_40_44
36
39
40
44
33
34_42
42
34
36_44
36
31
44
33_39_42_85
31
85
39
42
33
31_36_39_40_44
39
55
62
36
40
58
44
31
42
42
38
38
36_39_44_55_58_62_65_84_84
36
44
39_42_51_54_81_81
84_84
39_39
54
42
81_81
36_39_39_40_44_77_77
51
39
36
40
44
39
77_77
39_42_79_79
42
39
36_39_40_44_55_67
39
40
36
44
42_57_69
67
55
42
69
57
36_39_40_44_58_70
79_79
39
70
36
44_58
40
42_60_72
42
39_55
58
62
65
39
36_41_44_57_60_62_65
36
41
60
44
42_58_70_72
58
70
42
36_39_40_41_44_62_74
36
39_62
40
74
44
42_58_70
70
58
39_60_72
42
41
39
36_38_44
38
36
44
72
38_39_42_58_70_85
60
38
85
39
42
70
58
36_38_39_40_44
39
36
40
44
38
36_42
65
57
60
42
36_62
38
38
31_36_44_55_58_62
36
44
31
42_43
42
43
31_36_39_40_44
39
36
40
31
44
31_42
42
31
36_44
36
44
42
42
36_39_40_44
39
36
44
40
41_42
42
41
43
43
31_36_44
31
36
43
44
43
31_42
42
31
31_36_39_40_44
36
39
40
31
44
31_42
42
31
36_44
36
44
39_41_42_85
41
85
39
42
31
31
36_39_40_41_44
58
55
62
43
39
36
40
41
44
42_46
43
42
46
31_36_46_55_58_62_65_98
98
36
31
46
43_70
70
43
34_36_39_40_44_98
98
55
58
65
62
39
36
40
44
34
39_42_55_58_62_65
42
36_44_55_67_98
39
39
98
39
36
55_67
44
42_51_55_67
51
42
55_67
36_39_39_40_44_58_70_98
98
39
36
44
40
42
39
58_70
62
65
58
42
39_55_67
55
39
55_67
36_41_44_57_60_62_62_65_74_98
98
62_74
36
41
44
42_62_74
42
62_74
36_39_40_40_41_44_62_74_98
40
98
36
39
40
44
42
62_74
39
42
57
65
62
41_60
39
36_38_44_57_60_62_65_98
38
98
36
44
38_39_42_85
38
85
39
42
36_38_39_40_44_98
98
39
57
36
40
65
60
62
44
38
36_42
36
42
38
38
31_36_46_60_62_69
36
46_69
31
43_67_70
62
43
70
67
34_36_39_40_44_65
65
60
39
36
40
44
34
39_42_58_62_67
42
36_37_44
37
39
36
44
42_51
51
42
36_39_39_40_44
58
67
62
39
36
44
40
42
39
39
39
42
43
43
36_44_45_55_60_64
36
43
45
44
42_43_45
42
43
45
43
36_39_40_44_45
36
39
40
44
45
55
42
64
60
43
42
43
36_44_45_55_60_64
36
45
44
38_39_42_85
85
39
42
55
64
60
36_39_40_41_44
38
39
36
40
44
41
42_43
42
43
31_36_46_55_58_62_65_98
98
36
31
46
43_70
43
70
34_36_39_40_44_98
98
55
58
65
62
39
36
40
44
34
39_42_55_58_62_65
42
36_44_55_67_98
39
39
98
39
36
55_67
44
42_51_55_67
51
42
55_67
36_39_39_40_44_58_70_98
98
39
36
44
40
42
39
62
65
58_70
58
42
39_55_67
55
55_67
39
36_41_44_57_60_62_62_65_74_98
98
41
62_74
36
44
42_62_74
42
62_74
36_39_40_40_40_41_44_60_72_98
98
74
60_72
36
39
40
62
44
74
42
62
39
42
41
57
65
62
60
39
36_38_44_57_60_62_65_98
98
38
36
44
38_39_42_85
38
85
39
42
36_38_39_40_44_98
98
39
57
36
40
65
60
62
44
38
36_42
36
42
38
38
31_36_46_60_62_69
36
31
46_69
43_67_70
43
62
70
67
34_36_39_40_44_65
65
60
39
36
40
44
34
39_42_58_62_67
42
36_44
39
39
39
36
44
42_51
51
42
36_39_39_40_44
58
67
62
39
36
44
40
39
39_42
39
42
43
43
36_44_45_55_60_64
36
43
45
44
42_45
43
42
43
45
36_39_40_43_44_45
36
39
40
44
45
55
42
64
60
38
42
38
36_44_46_55_60_64_72_74
46
48_72
36
44
39_42_46_72_85
74
48
85
46
39
42
72
55
64
60
36_39_40_40_41_46_51_70
39_40
36
40
70
46_51
41
43_72
73
72
43
31_36_55_57_58_62_65_72_98
73
98
36
57
31
43_70
43
70
34_36_39_40_44_98
98
55
58
65
62
39
36
40
44
34
72
39_42_55_58_62_65_70
42
36_44_55_67_98
39
39
98
39
36
55_67
44
42_51_55_67
51
42
55_67
36_39_39_40_44_58_70_98
98
39
36
44
40
42
39
58_62_70
65
58
42
39_55_67
55
36_39_41_44_55_57_60_62_62_65_67_74_98
98
62_74
36
44
41
42_62_74
62_74
42
36_39_40_41_44_60_72_98
70
98
74
36
39_60_72
40
62
44
74
42_72
62
39
41
42
57
65
62
60
39
36_38_44_57_60_62_65_98
98
36
38
44
38_39_42_85
85
39
42
38
36_38_39_40_44_98
98
39
57
36
40
65
60
62
44
72
38
36_42_70
42
38
36
70
38
31_36_46_60_62_69
36
67
31
46_69
67
43_67_70
43
62
70
67
34_36_39_40_44_65_67
65
60
39
36
65
40_67
44
34
39_42_58_62_67_67
65
42
39
36_44_51
51
36
44
42_51
51
42
36_39_40_44_51_54
54
58
67
62
54
54
39
51
36
44
40
42_45_47
45_47
42
39
39
36_43_44_55_60_64
43
36
45
44
67
42_43
45
42
43
36_39_40_44_45
36
39
40
44
55
45
41_42
64
41
60
38
42
38
36_41_44_55_60_64_72
74
72
36
41
44
39_42_43_72_85
74
43
85
39
42
55
64
60
36_38_39_40_44_70
72
39
36
40
70
44
38
41_42_72
42
73
72
73
31_36_46_55_58_62_65_72_98
41
98
36
46
31
43_70
43
43
43
70
34_36_39_40_44_98
72
98
55
58
65
62
39
36
70
40
44
72
34
70
39_42_55_58_62_65
42
70
72
36_44_55_67_98
39
39
98
39
36
55_67
44
42_51_55_67
51
42
55_67
36_37_39_39_40_44_58_70_98
37
98
39
36
44
40
42
39
62
65
58
42
58_70
39_55_67
55
55_67
39
36_41_44_57_60_62_62_65_74_98
98
41
62_74
36
44
42_62_74
62_74
42
36_39_40_40_40_40_41_44_60_72_98
40
70
98
74
36
39_60_72
40
62
44
74
42
62
39
42
57
65
62
60
41
39
36_38_44_57_60_62_65_71_72_98
71
38
98
36
44
38_39_42_85
38
85
39
42
72
36_38_39_40_44_70_98
98
39
57
36_70
40
65
60
62
44
38
36_42_70
36
42
38
38
70
31_36_46_60_62_67_69
67
36
46_69
31
43_67_67_70
43
62
70
67
34_36_39_40_44_65_65
67
65
65
60
39
36
40
44
34
39_42_58_62_65_67
42
36_44_62_65
39
39
62
39
36
44
42_51_62
51
42
36_37_39_39_40_44_58
37
62
58
67
62
58
39
36
44
40
39_39_42_60
39
62
60
42
43
62
60
43
36_44_45_55_60_64
58
60
36
43
58
45
44
60
42_45
43
42
43
45
43
36_39_40_44_45
36
39
40
44
45
55
42
64
60
43
42
43
36_44_45_55_60_64_65
36
45_65
60
44
38_39_42_62_67_85
85
62
39
42
67
55
64
60
36_39_40_41_46_51_70
38
39
41
36
40
43_67
46_51
70
67
65
65
41_67
43
41
31_36_55_57_58_62_65_98
98
36
31
57
43_70
43
70
67
34_36_39_40_44_98
98
55
58
65
62
39
36
40
44
34
39_42_55_58_62_65
42
36_39_39_44_55_67_98
39
98
36
55_67
44
42_51_55_67
51
42
55_67
36_39_39_40_44_58_70_98
98
39
36
44
40
39_42
58_70
62
65
58
42
39_55_67
55
39
55_67
36_41_44_57_60_62_62_65_74_98
98
62_74
36
41
44
42_62_74
42
62_74
36_39_40_40_41_44_62_74_98
40
98
36
39
40
44
42
62_74
39
42
57
65
41
62
60
39
36_38_44_57_60_62_65_98
38
98
36
44
38_39_42_65_85
38
85
39
42
65
36_38_39_40_44_67_98
98
39
57
36
40
65
60
62
44
67
38
36_42_70
36
42
38_70
38
31_36_46_60_62_69_74
36
46_69
31
43_67_70_75
74
43
62
43
43
70
75
74
67
34_36_39_40_44_65
65
60
39
36
40
44
34
39_42_58_62_64_65_67_67_69_71_72
74
64
65
67
69
71
42
72
55_55_57_59_60_62_62_67
62
55
57
59
60_62
55_67
36_37_39_44_62_74
37
36
62_74
44
42_51_63_75
51
63_75
42
36_39_39_40_44_62_74
58
67
62
39
36
44
40
62_74
39
39_42_58_70
39
58_70
42
43
43
36_44_45_55_60_60_64_72
36
43
45
44
43
42_45
60_72
42
43
45
43
36_39_40_44_45_60_72
74
60_72
36
39
40
62
44
45
74
55
42_60_72
64
60
62
43
42
60_72
43
36_44_45_55_60_64_77
36
45
74
77
44
38_39_42_85
85
39
42
38
55
64
60
74
36_39_40_41_44_72
39
72
36
40
70
44
41
42_43_67
70
42
67
65
65
31_36_46_55_58_62_65_67_98
43
98
36
31
46
43_70
43
70
34_36_39_40_44_98
98
55
58_67
65
62
39
36
40
44
34
39_42_55_58_62_65
42
36_44_55_67_98
39
98
36
55_67
44
42_51_55_67
51
51
51
42
55_67
36_39_39_40_44_58_70_98
98
39
36
44
40
42
39
62
65
58_70
58
42
39_55_67
55
55_67
39
36_41_44_57_60_62_62_65_74_98
98
41
62_74
36
44
42_62_74
42
62_74
36_39_40_40_41_44_60_72_98
40
98
74
60_72
36
39
40
62
39
44
39
74
42
62
39
42
57
65
41
62
60
39
36_38_39_44_57_60_62_65_65_98
39
38
98
36
65
44
38_39_42_67_85
38
85
39_67
42
36_38_39_40_44_70_98
98
39
57
36
40
65
60
62
44
38
36_42
70
36
42
38_75
75
38
31_36_46_60_62_69_74
36
46_69
43_67_70
31
43
62
70
74
74
67
34_36_39_40_44_65
65
60
39
36
40
44
34
39_42_58_62_67_69_71_72
74
42
69
72
71
55_59_60_62_64_65_67_67
59_64
62
65
60_67
55_67
36_44_55_57_62_74
55
39
57
39
39
36
62_74
44
42_51_63_75
51
63_75
42
36_37_39_39_40_44_62_74
37_58
67
62
39
36
44
40
62_74
39
39_42_58_70
39
58_70
42
43
43
36_44_45_55_60_60_64_72
36
43
45
44
43
42_45
60_72
42
43
45
43
36_39_40_44_45_60_72
74
60_72
36
39
40
62
44
45
74
55
42_60_72
64
60
62
60_72
41
42
41
36_43_44_45_55_60_64
45
43
36
41
44
41
39_42_43_85
85
43
39
42
41
41
55
64
60
36_39_40_46_46_51
39
36
40
46_51
46
48
48
31_36_55_57_58_62_65_98
98
36
57
31
43_70
43
70
34_36_39_40_44_98
98
55
58
65
62
39
36
40
44
34
39_42_55_58_62_65
42
36_44_55_67_98
39
98
36
55_67
44
42_51_55_67
51
51
51
42
55_67
36_39_39_40_44_58_67_70_98
98
39
36
44
40
67
42_70
39
58_62_70
65
58
42
39_55_67
55
70
39
36_41_44_55_57_60_62_62_65_67_74_98
98
62_74
36
70_72
41
70
44
42_62_74
62_74
42
36_39_40_41_44_60_72_98
98
74
36
39_60_72
40
62
44
72
74
42_70
62
39
42
57
70
41_65
62
60
39
36_38_44_57_60_62_65_98
38
98
36
70
44
70
38_39_42_72_85
38_85
39
42
36_38_39_40_44_98
98
39
57
36
40
65
60
62
44
38
36_42_70
72
70
36_42
38
38
31_36_46_60_62_69
36
70_72
46_69
70
31
43_67_70
43
62
70
67
34_36_39_40_44_65
65
60
39
36
40
44
34
39_42_58_62_67_70
72
70
42
67
39
36_39_44_55_62_74
39
67
55
36
62_74
70_71_72
70
44
71
42_51_63_75
51
63_75
42
36_39_39_40_44_62_74
58
67
62
37
37
39
36
44
40
62_74
39_72
39_42_58_70_70
39
58_70
70
42
43
43
36_44_45_55_60_60_64_67_72_72_74
72
36
43
45
44
74
67
45
42_43_72
60_72
72
42
43
45
43
36_39_40_44_45_60_67_72_72
74
60_72
36
39
40
62_65_73
72
67
44
74
45
65
55
42_60_62_72_72
64_73
60
62
72
62
43_60_72
42
43
36_44_45_55_60_62_64_72
45
36
72
60_73
62
44
60
38_39_42_57_58_72_85
57
58
85
73
39
42
70
72
70
55
64
60
36_38_39_40_41_44_60_67
43
39
36
40_41
67
44
60
42_58_67
42
43
41_43
43
41
58
67
31_36_46_55_55_58_62_65_70_98
98
36
31
46
43_70
55
43
70
34_36_39_40_44_98
98
55
58
65
62
39
36
40
44
34
39_42_55_58_62_65
42
36_40_44_55_67_98
39
40
39
98
39
36
55_67
44
70
42_51_55_67
51
42
55_67
36_39_39_40_44_58_70_98
98
39
36
44
40
42
39
62
65
58
42
58_70
39_55_67
55
55_67
39
36_41_44_57_60_62_62_65_74_98
98
62_74
41
36
44
42_62_74
62_74
42
36_39_40_41_44_60_72_98
98
74
36
39_60_72
40
62
44
74
42
62
39
42
57
65
62
41
60
39
36_38_44_57_60_62_65_98
98
38
36
44
38_39_42_85
38
85
39
42
36_38_39_40_44_98
98
39
57
36
40
65
60
62
44
38
36_42
36
42
38
38
31_36_46_60_62_69
36
46_69
31_43_67_70
43
62
43
43
70
67
34_36_39_40_44_65
65
60
39
36
40
44
34
39_42_58_62_67
42
67
67
36_44_62_74
39
39_51
39
51
62_74
36
44
42_51_63_75
51
63_75
42
36_39_39_40_44_62_74
58
67
62
39
36
44
40
62_74
39
42_58_70
39
39
58_70
42
43
43
36_44_45_55_60_60_64_72
36
45
43
44
43
42_45
60_72
42
43
45
43
36_39_40_44_45_60_72
74
60_72
36
39
40
62
45
44
74
55
42_60_72
64
62
60
60_72
43
42
43
36_44_45_55_60_64
36
45
44
38_39_42_85
85
39
42
55
38
64
60
36_39_40_41_44
39
36
40
44
41_42_43
42
43
31_36_55_57_58_62_65_98
98
36
31
57
43_70
43
70
34_36_39_40_44_98
98
65
55
39
58
62
36
40
44
34
39_42_55_58_62_65
42
39
36_44_55_67_98
98
36
67
55
44
42_51_55_67
51
42
67
55
36_39_39_40_44_56_58_70_98
56
98
39
36
44
40
42
39
55
58_58
62_65
42
39_40_55_67_70
67
39
40_55
36_40_41_44_48_57_60_62_62_65_74_98
48
41
62
98
74
57
62
60
65
40
36
44
40_41_42_45_57_60_62_62_65_74_85
41
57
45_60
62
65
74_85
62
40
42
36_39_40_41_43_44_57_60_62_62_65_74_98
43
98
36
39
57
40
60
62_65
62
74
41
44
