61
84
80
77
72
76
77
94
88_91
60
72
72
64
82
84
65
80
77
72
77
80
73_82
63
78
72
80
56
78
72
80
61
77
72
77
80
76
60
79
82
64
84
77_80
65
80
87
84
89
77_84
80
61
85
82
77
84
80
85
84
80_84
76
60
85
80
84
80
76
64
85
80_84
77
65
85
77
84
82
84
78
87
63
56_80
84
82
61
84
77
80
77_85
84
85
77
84
80
76
60
82
80
82
82
53
60
80
65
84
89
61
84
80
73
77
84
80
77
80
77
82
76
79_79
60
84
76
82
64
84
80
77
80
84
65
77
72
77
80
78
85
75
73_82
82
63
78
56
72
80
80
84
78
61
80
72
73
80_84
77
77
76
72
77
80
82
79
76
76_84
60
79
82
64
84
77_80
80
84
77
65
80
87
84_89
84
80
61
77
80
85
89
84
85
82
77
84
80
85
77
84
84
80
76
84_88
82
79
60
85
76
80
80
76
64
85
84
80_84
80
77
77
87
65
85
77
84
77
77
84
82
78
85
75_87
78
63
75
80_84
80
84
56
82
80_84
84
61_77
77
80
85
77
84
85
77
84
82
76
79
84
84
76
80
60
84
64
82
80
65
80
84
77
84
77
89
84
49
56
53
60
68
68
80_84
77
68
77
67
48_58
52_82
55
84
79
67
58
52
68
82
84
76
70
56
80
60
72
77
84
80
84
73
77
75
77
54
51_61
58
85
75
78
75
75
56
51_60
80
72
75
70
75
49_56
53
80
68
77
85
77
72
80_84
70
68
70
58
52
55
48
76_84
79_82
68
76
55_58
52
60
72
76_82
79
84
76
68
56
53
60
80
77
84
65
87
80
89
56
60
49
53
68
80
85
84
89
68
68
58_67
52
48_55
82
84
88
67
58
52_55
82
88
68
70
82
56_60
53
72
80_89
84
73_80
84
80
75
77
51
58
54_61
75
82_87
75
75
87
84
56
60
80
72
80
70
80
49_85
56_68
77
60
53
80
77
72
70
68
77
70
58
52_55
48
82
79
76_84
68
58_79_82
76
55
52_72
60
70
68
53
56
60
80
84
77
65
80
72
77
84
68
56_60
49
53
70
85
89
92
96
68
85
56_60
68
49
96
89_92
85
49
48_58
52_94
88
91
88_94
48_58
91
75
55
52
72
75
56_60
53_63
92
89
96
72
89
52
55_59_75_88_91
62
95
75
88
77
58
61
54
51
90
94
87
75
56_60
87
72
51
92
84
68
80
49_89
56_60_70
53
92
68
68
60
56
53
85_89
80
49
80
82
88
58
52
48_55
82
58
70
48
52
55
68
84
70
56_89_92
84
53_60
68
65
84
53
56
60
56
60
77
92
75_89
84
84
72
49
56
53_77
60_91_94
75
77
49_56
53_60
92
96
89
91
58_94_96
88
48
52_55
88
48
58
52
55
94
75
91
88_96
75
88
53_56
60
63
92
89
96
77
89
75
52
55_62
59
88
91
71_77
75
88
70
77
58
54
61
90
94
87
50
87
75
56
60
51_72
87
84_92
68
49_60
56
70
53
85
80_89
68
63_68
56_60
53
84
80
49
80
84
88
48_58
55
52
82
70_84
58
52_55
68
82
65
56
41
60_89
53
84
84
80
56
80
84
56_60
53
53
49
37
77
80
49
82
84
36
58
52_55
82
52_58
40_55
84
88
82
94
84
56
53
60
41_92
89_96
84
84
53
84
53_92
56_96
41_89
84
60
87
41
89
54
58
61
87_94
39
87
84
84
82
82
51
44_60_87
56_92
84
80
77
84
44
76
77
53_56_60
49
37_89
84
75
80
53
77
80
49
84
56
53
75
49
77
58
52
55
79
82
36
75
76
52
79
72
82_88
79
84
52_58
48_55
70
48
68
80
41_56_84
53
60
77
77
65
80
84
77
56
53
77
72
41
56
53
80
84
41
77
53
80_84
77
77
41
56
53
77
77
75
80
84
77
49
56
53_60
37
80
72
80
89
56
49
53
84
73
75
49
80
55_58
52
77
36
79_82
88
84
72
52
75_79
76
79
52_58
40
55
82
79
77
80
40
79
82
84
83
41
80_89
56
53
60_84_84
80
84
53
80
41_53
84_89
56
60_84
80
84
41
51
54_61
58
82
84
82
75_87
39
75
39
82
87
78_84
80
44_51
60
56
75
78
87
44_74
72
70
53_56
60
80
77_84
37_75
75
53
73
80
84
77
56
49
53
77
68
44
73
58
55
52
84
76_82
79
36
72
68
52
82
76_84
79
72
52
58
55
48
70
48
72
70
68
41_80
53_60
77
65
56
80
68_84
53
77
72
41
56
53
77
41
77
77
80
41
53
84
77_82
56_60
83
73_84
77_80
53
56_84
60
37
73
82
84
73_84
77
80
82
49
84
53
56_60
76
79_82_84
82
36
52_58
55
80
76
52
77
76_82
79
84
36
55
52_58
59
80
36
80_84
41_84
56_63_77
60
82
80
41
76
59
52_62
76
79
83
40
80
76
76
40
82
75
78
75
85
82
51
54
39_61
78
82
75
39
74
75
84
80
77
51
56_60
44
80
75
73
44
77
58
53
55
60
85
77
73_80
37
38
77
77
53
80
53
56
60
80
77
84
49
77
73
44
75
77
79
82
76
58
52_55
36
72
52
76
75
76_79
82
79_84
78
58
52
55
77
53
56
60
75
79
80
41
89
84
53
80
77
75
53_56
80_89
84
72
71
41
80
70
68
89
56_80
84
41
65
68
41
80
89
80
84
72
41_56
53
60
72
80
44
80
84
89
85
75
37
49_56
53
60
76
49_80
56
53
77
80
49_85
84
89
49
80
53
77
58_88
79_82_84
52
36
79
52
79
79
52
36_58
55
79_88
82
84
84
36
84
89
56_63
60
41
89
92
84
41
89
84
52_55_59
62
89
83
91
88
40
92
40_83
94
51
54_58
61
95
39
82_87_90
94
92
39_82
89
87
51
56
60
44
80
89
84
84
82
80
44
80
53_56
60
49
37
82
80
77
53
56
49
80_82
85
80
49
82
82
84
76_79
55_58
52
36
80
82
76
82
76
79
84
58
84
55
36
76
82
36
56
60
80
80_84
77
41
77
77
77
84
56
53
41
80
84
41
53
77
77
56
41_53
60
77
80
77
44
77
75
49
37
56
53
60
80_85
89
80
77
80
53_56
60
77_80
49_89
85
77
43_80
82
58
55
36_52
88
79_82
80
82
36
79
84
79_88
82
58
52
36
55
38
82
36
84_87
92
96
89
56
60
63
41
84
89
41
59
55
62
80_87
88_91
95
40
84
88
40
84
89
51_54
58_61
39_90
87_94
87
87
80
39
80_84
51
56_60
87
92
84
84
44_82
56_60
53
37_49_80_82_89
84
80
53
80
80
56
53
60
49
80
84
80
44
82
58
52_55_79
88
36
48
79
82
58_82
52
36
55_60_76_82
79
76
80
79
36
82
53_56
60
41
80_89
84
80
77
80
53_56
80
84
41
80
80
41_84
53_56
84
89
53
80
87
80
84_89
56
41
53_60
43
44
84
80
89
80
80
37_49_85
53
56
60_89
87
53_80
80
89
56
60
73
49
80
89
85
53
80
80
49
43
82_88
55_58
52
36
77
89
36
52
75_87
82_91
88
36
52
58
60
55
77
82
36
56_63
41_60_92
80_89
92
84
41
80
92
84
89
76
59
52
55_62
83_91
88
40
75
87
40
83
83
71
54
51_58_61
39
87
90
70
82
82
39
51
56_60
70
82
89
80_84
44
80
80
44
82
85
80
77
56_60
49
37_53
80
77
80
56
53
80
49
44
82
84
79
76
58
52
36
55
82
76_84
79
52
83
58
55
82
80
77
80
84
77
53_56
60
41
56
53
53
56
37
49
56
60
72
70
68
65
36_58
52
48
55
72
89_94
64
47
54_58_70
35
88
94
68
66
63
92
87
70
56
53
34
46
86
62
92
45_68
85
33
56
66
64
61
44
51
32
54
92
68
84
60
66
56
89
49
37
53
65
72
68
92
37
53
56
49
70
75
52
87
42_94
99
58
41
56
65
60
72
53_68
70
68
96
89
65
96
72
58_68_91
52
55
88_96
64
70
35
47_87_94
58
52
68
66
87
92
63
87
70
94
46
56
53
62
94
86
33
45
52_56
92
86
68
62
66
64
85
61
84
92
44_68
51_54
32
60
87
66
84
65
89
56
49
37_60
53
68
72
92
37_53
56_60
49
70_75
63
87_99
94
42
52
80
84
41
48_96
60_89
92
82
80
77
80_96
91
84
36
48
58
53
76
88
75_87
82_94
47
54
35_58
80
78
92
75
87
94
34_46_78
82
53
56
74
86
80
74
33
51_56
45
86_92
78
76
85
73
85
80
44_51
32_54
92
72
84
78
89
56
49
37
60_68
44_77
72
53
92
80
77
37
56
60
53
49
44
52
42
99
75
82
87
