46
34_41
62
65
70
74
65
70
65
34
46
41
62
65
70
74
65
56
70
62
65
34
46
41
70
65
74
65
70
77
74
70
65
34
46
41
68
74
68
77
80
74
68
77
74
68
34
46
41
70
67
70
75
67
67_79
75
75
70
34
46
41
66
69
75
78
75
75
69
34
41
46
65
70
74
70
65
70
77
65
74
70
65
34
41_46
65
62
70
65
74
65
70
62
65
70
34
46
41
62_65
70
74
62
70
65
31
43
64
62
70
62
62
74
69
70
70
62
29
41
74
62_65
70
65
74
70
62
65
29
41
63
69
72
75
72
75
70
31
43
62_67
70
62
67
62_74
70
62
67
31_43
62_67
70
62
67_74
70
67
72
27
39
63
67
63
72
75
67
72
67
74
63
72
29
41
70
65
69
72
67
75
79
72
69
69
70
34
46
41
65
70
65_74
70
65
34
46
41
62_65
70
74
65_74
62
70
65
74
46
34
66
62
70
62
66
74
70
66
72
70
69
46
34
67
70
66
74
62
74
70
76
66
33
45
74
64_67
70
64
67
74
70
67
64
73
33_45
67
64
69
64
73
69
69
69
67
72
42
30
63
69
69
72
75
69
72
70
69
69
30_42
72
69
63
74
72
75
75
79
72
72
69
69
70
31
43
62
67
67
62_74
67
70
67
43
31
64
62
70
62
62
74
74
70
72
72
33
45
65
60
69
65
60
72
69
68
69
65
67
38_50
71
65_67
74
71
77
67
71_77
74
74
71
71
72
36
48
69
72
77
72
69
48
36
67
70
64
69
70
72
70
72_76
72
70
72
69
70
67
65
48
53
41
69
72
69
69_77
72
69
41
48
53
65
69
72
65
77
65_69
72
65
65
65
69
72
41
48
53
63
69
72
69
77
72
72
63
69
72
48
41_53
63
69
71
72
72
77
69
72
74
63
69
72
41
53
70
74
74
70
70
77
65
74
70
53
48
41
70
65
74
77
70
74
70
72
41
53
63
69
72_77
72
72
69
72
41
53
48
71
63
69
72
75
77
69
74
72
72
69
70
55
43
62
67
70
62
67_74
70
62
67
43_55
62
67
70
67
62_70
55
67
62
72
41
53
48
60
65
60
69
65
60
72
69
72
65
60
74
38_50
66
62
74
62
69
74
66
74
62
72
69
68
74
66
77
36
48
63
67
75
72
75
63_67
75
72
63_67
36_48
67
63
72
75
48
67
72
67
67
74
72
39
51
46
63
60
67
72
67
72
63
70
55
43
69
64
61
70
70
73
73
64
72
70
70
67
72
41
53
48
60
65
60
69
65
60_72
69
60_65
41
53
48
65
63
69
72
69
65
34
46
41
70
65
62
70
62_65
74
70
65
31
43
62_64
70
62_74
69
70
65
70
29
41
74
65
62
70
62
62
74
65
70
62
65
29
41
65
69
72
72
69
65
34
46
41
70
62_65
70
62
74
62_65
70
62
65
34
46
41
62
65
70
62
65
74
70
65
62
70
74
77
74
74
70
34
46
41
74
77
70
34_70
46_80
41
74
77
74
34_46
70
67
75
67
67
79
75
67
34
46
41
66
69
75
78
75
75
69
34
46
41
70
65
74
70
77
65
74
70
34
46
41
65
70
74
65
62
70
65
34
46
41
70
62
70
65
74
62
65
70
65
31
43
64
62
70
62
62
74
69
70
65
70
29
41
74
65
62
70
62
65_74
70
65
41
63
69
72
75
63
69
72
72
69
70
31
43
67
62
70
62
67
62
74
70
62
67
31_43
62
67
70
62
74
70
67
29_72
41
67
63
63
72
75
67
72
63
67
63
29_74
41
72
70
65
63
69
69
63
63
65
72
67
69
69
65
70
34
46
41
65
62
70
62
74
65
62
70
65
34_46
41
62_65
70
62
62_74
65
74
70
65
62
74
46
34
66
62
70
62
66
62_74
70
72
66
70
69
46
34
66
62
67
70
62
74
66
62
74
70
76
66
62
74
45
33
43
64_67
70
64
67_74
70
74
67
73
33
45
67
64
69
73
64
67
69
69
67
72
30_42
63_69
63
69
72
75
69
63
72
70
63
69
69
30
42
72
69
63
74
72
63
75
63
69
75
72
72
69
63
69
70
31
43
62
67
70
62
67
74
70
67
62
31
43
64
62
70
62
74
62_74
70
72
65
72
33
45
65
60
69
60
65_72
69
65
69
38_50
67
71
67
65
74
71
77
71_77
67
74
74
71
71
72
48
36
69
65
72
69_77
72
69
48
36
70
64
67
72
69
70
64_76
70
72
70
69
72
70
67
41
53
65
48
65
69
72
69
77
69
72
69
65
41_53
48
65
69
72
65_77
69
72
65_69
72
53
41
48
69
63
72
69_77
72
72
63
69
72
41
53
48
63_69
71
72
72
53_77
69
72
74
63
69
72
41
48_53
70
65
74
74
65
70
70
65_77
74
70
41
53
62_70
70
74
70_77
70
74
70
72
41
53
63
69
72
69
72
77
72
69
72
69
72
41_48
53
71
63
72
72
69
75
77
72
74
72
72
69
70
55
43
67
62
70
62
62
67_74
70
62
67
55
43
62
67
70
55_62
67
70
62
72
41_53
48
65
60
69
65
60_72
69
72
65
60
38_74
50
66
62
62
69
74
74
66
74
62
72
69
74
62_66
77
75
36_48
67
63
72
75
63_67_75
72
63_67
36
48
67
63
72
75
63
67
72
67
63
67
74
39
51
46
72
60_63
67
60
72
67
72
63
60
70
43_55
69
61_64
70
70
73
61
72
70
70
64
72
41
53
48
65
60
69
68
60
72
65
69
68
60
65
41
48_53
63_65
69
72
69
65
34
46
70
41
62
65
62
74
70
65
31
43
64
62
70
62
74
69
70
70
65
74
29
41
62
65
70
65
74
62
70
62_65
29
41
63
65
63
69
72
72
69
65
70
34_46
41
65
62
70
74
65
62
70
65
62
34
46
41
62_65
70
65_74
62
70
65
34
41
46
70
65
74
70_77
74
70
65
34
41_46
68_74
68
77
80
74
68
77
68
74
39
46
51
70
67
75
79
67
75
67
46_51
39
66
70
51
78
73
70
34
46
41
70
65
74
77
65
70
74
70
65
65
70
74
70
65
34
46
41
70_82
62
65
70
62
65_74
72
70
65
31
43
64
62
70
69_81
62
74
70
65
70_82
29
41
74_86
65
70
74
65
70
65
62
41
29
63
69
72
63
75
69
72_84
72
69
70_82
31
43
62
67
70
62
62_67
74
70
62
67
31_43
62
67
62_67
74
70
67
72_84
27
39
63
67
72
75
67
72
67
74_86
72_84
70_82
29
41
65
63
69_81
63
69
67_79
72
69
69_81
70_82
34
46
41
65
62
70
70
74
70
62
65
34
46
41
65
70
74
46_65
62
74_86
70
65
46
34
74_86
66
62
70
62
66
74
70
66
62
72_84
70_82
69_81
46
34
67
62
67_79
70
62
74_86
67_74
62
70
76_88
62
67
74_86
33_45
64_67
70
64
64_67
74
70
67
64
73_85
45
33
67
64
64
69
73
64
67
69
69_81
67
72_84
42
30
63_69
63
72
75
63
69
72
70_82
63
69
69_81
42
30
72_84
69
63
74_86
63_72
75_87
63_75
69
72_84
72
69_81
69
70_82
31_43
62
67
70
62
62
67
74
70
67
31
43
64
62
70
62
74
70
74_86
72_84
65
72_84
33
45
65
60
69
65
60_72
69
69_81
65
67_79
38
50
71_83
67
65
74_86
65_71
77_89
67_77
71
74_86
74
71_83
71
72_84
36
48
69
65
72
77
69
72
69
65
48
36
67_79
64_70
69_81
72
70_82
70
64_76
72_84
70_82
69_81
72
70
67_79
29_41
65_77
69
65
65
72
69_77
72
69
65
29
41
65
69
72
69_77
65_77
65
72
65_77
69
72_84
29
41
63_69
72
72
77
72
72_84
69
29
41_72_84
69
63
71_83
72
72_84
69_72
77
72
74_86
69
72_84
29
41
62
70
74_86
74
70_82
62
77
70
62
65
29_41
70
62
74
70_82
65_77
62
70
65
72_84
41
48
53
65
60
69
77
72
72_84
69
72_84
41
53
48
71_83
69
63
72_84
72
63
75_87
72_77
74_86
72
72_84
69
70_82
43_55
62
67
70
62
62_74
67
70
62
67
55
43
62
67
50
74
76
62
70_82
70
67
72_84
53
41
48
65
60
69
65
72
60
69
72_84
65
74_86
38_50
62_66
74_86
62_69
74_86
66_74
62
72_84
69
74_86
66
77_89
75_87
36_48
67
63
72
63_75_75_87
67
72
67
48
36
67
63
72
48_75
67_79
72
67_79
67
86
72_84
39
51
46
63
60
67
72
67
72_84
63
70_82
43
55
69_81
61
64
70_82
70
73_85
73
61
72_84
70
70_82
64
72_84
41
48_53
65
60
69
60
65_72
69
65
60
53
41
48
63
65
69
72
69
65
34
46
41
70
62
65
70
65
62
31
43
62
70
62
74
43
69
70
70
62
29
41
74
62_65
70
62
74
70
62
29
41
65
63
69
72
72
69
65
46
34
41
70
62_65
70
74
62
70
65
62
65
70
74
70
65
34_46
41
74_77
70
70
74_80
77
74
70
34
46
41
74
70
77
80
77
74
39
46_51
70
67
75
67
79
67
75
67
39
46
51
69
66
75
78
68
75
75
69
34
46
41
65_70
74
77
74
70
34
46
41
65
70
70
74
70
65
34
46
41
58
62
65
65
70
65
62
46
58
53
62
65
62
58
34
46
41
50
58
62
58
58
53
50
53
34_46
50
53
58
58_62
53
58
53
22
34
58_65
53_62
