79
64
60
48
36
55
55
79
64
60
48
36
55
55
79
62
59
43
31
81
79
55
55
78
79
62
59
77
55
55
76
64
60
48
36
76
55
55
81
60_63
66
48
36
81
55
55
74
59_62
67
55
43
67
69
55
55
71
72
59_62
67
74
76
55
77
79
64
60
48
36
55
55
79
64
60
48
36
55
55
79
62
59
55
43
81
79
55
55
78
79
62
59
77
55
55
76
64
60
60
48
76
67
55
79
62
59
55
43
79
67
55
72
60
57
57
45
72
64
52
76
59
56
52
40
76
64
52
69
60
57
57
45
69
64
60
74
59
66
50
38
74
64
60
71
67_83
71
59
55
43
62_83
71
62
67_86
74
59
62_86
74
62
69
66_81
69
60
50
38
69
62
62
76
66
60
50
38
74
73
62
62
74
71
67_83
71
59
55
43
62_83
71
62
67_88
76
59
86
74
62_85
73
62
86
74
69
66_81
69
60
50
38
69
62
62
76
66
60
50
38
74
73
62
62
74
67
67_79
67
59
55
43
62_79
67
62
67_93
81
59
91
79
90
78
91
79
79
64
60
48
36
55
55
79
64
60
48
36
55
55
79
62
59
43
31
81
79
55
55
78
79
62
59
77
55
55
76
64
60
48
36
76
55
55
81
60_63
66
48
36
81
55
55
74
59_62
67
55
43
67
69
55
55
71
72
59_62
67
74
76
55
77
79
64
60
48
36
55
55
79
64
60
48
36
55
55
79
62
59
55
43
81
79
55
55
78
79
62
59
77
55
55
76
64
60
60
48
76
67
55
79
62
59
55
43
79
67
55
72
60
57
57
45
72
64
52
76
59
56
52
40
76
64
52
69
60
57
57
45
69
64
60
74
59
66
50
38
74
64
60
71
67_83
71
59
55
43
62_83
71
62
67_86
74
59
62_86
74
62
69
66_81
69
60
50
38
69
62
62
76
66
60
50
38
74
73
62
62
74
71
67_83
71
59
55
43
62_83
71
62
67_88
76
59
86
74
62_85
73
62
86
74
69
66_81
69
60
50
38
69
62
62
76
66
60
50
38
74
73
62
62
74
67
67_79
67
59
55
43
62_79
67
62
67_93
81
59
91
79
90
78
91
79
67
79
67
63
51
39
58
58
67_82
79
67
63
51
39
58
58
67_82
80
68
63
51
39
79
67
58
78
66
58
79
67
67
82
70
63
58
82
70
58
77
65_89
62
46
34
58
58
77
65_82_89
70
62
46
34
58
58
79
65_82_91
70
62
46
34
77
89
76
58_88
58
77
89
82
65_94
62
82
58_94
58
63
75
63
60
48
36
55
55
63_79
75
63
60
48
36
55
55
63_79
77
65
60
48
36
75
63
55
74
62
55
75
63
63
79
67
60
55
79
67
55
74
62_86
59
43
31
55
55
74
62_79_86
67
59
43
31
55
55
75
62_79_87
67
59
43
31
74
86
73
55_85
55
74
86
79
62_91
59
79
55_91
55
60_75_85
73
63
56
44
32
84
72
63_83
71
51
84
72
60_89
77
56
63_87
75
51
77
61
65
55
51
39
75
63
74
63
62
51
75
63
82
61_75
70
55
63
73
63
61
51
72
60_75_85
73
60
56
63
44
32
84
72
63_83
71
51
84
72
60_89
77
56
63_87
75
51
77
61
65
55
51
39
75
63
74
63
62
51
75
63
82
61_75
70
55
63
73
63
61
51
72
60_80_84
72_75
60
56
56
44
32
63_80_84
72_75
51
56
74
60
56
72
71
63
51
72
75
60_84_87
72_75
56
56
44
32
63_84_87
72_75
60
56
77
60
56
75
74
63
60
75
80
60_78_84
72_75
56
56
44
32
63_78_84
72_75
60
56
82
60
56
80
79
63
60
80
84
60_84_90
72_78
56
56
56
44
84
63_84_90
72_78
60
56
78
63
60
78
60
56
79
59_83_91
71_79
55
55
55
43
79
69
69
71_74
69
57
45
67
67
67
55
43
66
66
71_74
66
54
42
67
67
67
55
43
55
55
71_74
55
43
31
93
81
91
79
89
77
88
76
89
77
88
76
86
74
79
64_84
72
60
48
36
55
55
79
64
60
48
36
55
55
79
62
59
43
31
81
79
55
55
78
79
62
59
77
55
55
76
64
60
48
36
76
55
55
81
60_63
66
48
36
81
55
55
74
59_62
67
55
43
67
69
55
55
71
72
59_62
67
74
76
55
77
79
64
60
48
36
55
55
79
64
60
48
36
55
55
79
62
59
55
43
81
79
55
55
78
79
62
59
77
55
55
76
64
60
48
36
76
60
64
80
59
62
48
36
80
62
59
81
60
57
53
41
81
57
60
84
63
60
54
42
84
63
60
74
62
60
55
43
74
62
60
79
65
59
43
31
79
65
59
72
64_88
76
60
48
36
55_88
76
55
64_91
79
60
55_91
79
55
74
65_86
74
59
43
31
74
55
55
81
65
59
43
31
79
78
55
55
79
76
64_88
76
60
48
36
55_88
76
55
64_93
81
60
91
79
55_90
78
55
91
79
74
65_86
74
59
50
38
74
55
55
81
65
59
50
38
79
78
55
55
79
72
64
72
60
60
55
43
55
72
60
55
64
86
74
60
84
72
83
71
84
72
79
67
58
58
67_82
79
67
63
51
39
58
58
67_82
80
68
63
51
39
79
67
58
78
66
58
79
67
67
82
70
63
58
82
70
58
77
65_89
62
46
34
58
58
77
65_82_89
70
62
46
34
58
58
79
65_82_91
70
62
46
34
77
89
76
58_88
58
77
89
82
65_94
62
82
58_94
58
63
75
63
60
48
36
55
55
63_79
75
63
60
48
36
55
55
63_79
77
65
60
48
36
75
63
55
74
62
55
75
63
63
79
67
60
55
79
67
55
74
62_86
59
43
31
55
55
74
62_79_86
67
59
43
31
55
55
75
62_79_87
67
59
43
31
74
86
73
55_85
55
74
86
79
62_91
59
79
55_91
55
60_75_85
73
63
56
44
32
84
72
63_83
71
51
84
72
60_89
77
56
63_87
75
51
77
61
65
55
51
39
75
63
74
63
62
51
75
63
82
61_75
70
55
63
73
63
61
51
72
60_75_85
73
60
56
63
44
32
84
72
63_83
71
51
84
72
60_89
77
56
63_87
75
51
77
61
65
55
51
39
75
63
74
63
62
51
75
63
82
61_75
70
55
63
73
63
61
51
72
60_80_84
72_75
60
56
56
44
32
63_80_84
72_75
51
56
74
60
56
72
71
63
51
72
75
60_84_87
72_75
56
56
44
32
63_84_87
72_75
60
56
77
60
56
75
74
63
60
75
80
60_78_84
72_75
56
56
44
32
63_78_84
72_75
60
56
82
60
56
80
79
63
60
80
84
60_84_90
72_78
56
56
56
44
84
63_84_90
72_78
60
56
78
63
60
78
60
56
79
59_83_91
71_79
55
55
55
43
79
69
69
71_74
69
57
45
67
67
67
55
43
66
66
71_74
66
54
42
67
67
67
55
43
55
55
71_74
55
43
31
93
81
91
79
89
77
88
76
89
77
88
76
86
74
79
64_84
72
60
48
36
55
55
79
64
60
48
36
55
55
79
62
59
43
31
81
79
55
55
78
79
62
59
77
55
55
76
64
60
48
36
76
55
55
81
60_63
66
48
36
81
55
55
74
59_62
67
55
43
67
69
55
55
71
72
59_62
67
74
76
55
77
79
64
60
48
36
55
55
79
64
60
48
36
55
55
79
62
59
55
43
81
79
55
55
78
79
62
59
77
55
55
76
64
60
48
36
76
60
64
80
59
62
48
36
80
62
59
81
60
57
53
41
81
57
60
84
63
60
54
42
84
63
60
74
62
60
55
43
74
62
60
79
65
59
43
31
79
65
59
72
64_88
76
60
48
36
55_88
76
55
64_91
79
60
55_91
79
55
74
65_86
74
59
43
31
74
55
55
81
65
59
43
31
79
78
55
55
79
76
64_88
76
60
48
36
55_88
76
55
64_93
81
60
91
79
55_90
78
55
91
79
74
65_86
74
59
50
38
74
55
55
81
65
59
50
38
79
78
55
55
79
72
64
72
60
60
55
43
55
72
60
55
64
86
74
60
84
72
83
71
84
72
84
72_84
72_72_84
60_72
72
60
60
60
48
48
84
72_84
72_72_84
60_72
72
60
60
60
48
48
84
72_84
72_72_84
60_72
72
60
60
60
48
48
84
72_84
72_72_84
60_72
72
60
60
60
48
48
79
67_79
67_79
55_67
67
55
55
55
43
43
79
67_79
67_79
55_67
67
55
55
55
43
43
79
67_79
67_79
55_67
67
55
55
55
43
43
76
64_76
64_76
52_64
64
52
52
52
40
48
76
64_76
64_76
52_64
64
52
52
52
40
48
76
64_76
64_76
52_64
64
52
52
52
40
48
72
60_72
72_72
48_60
60
48
48
48
36
48
72
60_72
72_72
48_60
60
48
48
48
36
48
72
60_72
72_72
48_60
60
48
48
48
36
48
67
55_79
67_67
43_67
55
43
43
43
31
43
72
60_84
72_72
48_72
60
48
48
48
36
48
67
55_79
67_67
43_67
55
43
43
43
31
43
72
60_84
72_72
48_72
60
48
48
48
36
48
67
55_79
67_67
43_67
55
43
43
43
31
43
72
60_84
72_72
48_72
60
48
48
48
36
48
67
55_79
67_67
43_67
55
43
43
43
31
43
72
60_84
72_72
48_72
60
48
48
48
36
48
79
67
84
72
79
67
84
72
79
67
84
72
79
67
68
56_80
68
68_72
56
56_60
56
44
67
55
68
56
51
51
39
70
58
72
60_80_84
68_72
56
56
44
70
58
72
60_84_87
72_75
73
61
75
63_80_84
68_72
56
56
44
73
61
72
60
51
51
39
73
61
75
63_80_84
68_72
56
56
44
77
65
79
67_84_87
72_75
80
68
79
67_79_85
67_73
67_73
58
58_61
58
46
80
68
82
70
51
51
39
84
72
85
73_79_85
67_73
58
58
46
84
72
82
70_85_87
73_75
80
68
79
67_79_85
67_73
58
58
46
80
68
82
70
51
51
39
80
68
79
67_79_85
67_73
58
58
46
77
65
75
63_85_87
73_75
73
61
72
60_80_84
68_72
68_72
56
56_60
56
44
67
55
68
56
51
51
39
70
58
72
60_80_84
68_72
56
56
44
70
58
72
60_84_87
72_75
73
61
75
63_80_84
68_72
56
56
44
73
61
72
60
51
51
39
73
61
75
63_80_84
68_72
56
56
44
77
65
79
67_84_87
72_75
80
68
79
67_79_85
67_73
67_73
58
58_61
58
46
80
68
82
70
51
51
39
84
72
85
73_79_85
67_73
58
58
46
84
72
82
70_85_87
73_75
80
68
79
67_79_85
67_73
58
58
46
80
68
82
70
51
51
39
80
68
79
67_79_85
67_73
58
58
46
77
65
75
63_85_87
73_75
73
61
72
60_80_84
68_72
68_72
56
56_60
56
44
71
59
72
60_84_90
75_78
60_63_66
56
48
44
56
44
74
62_84_90
75_78
60_63_66
56
48
44
56
44
75
63_84_90
75_78
60_63_66
56
48
44
56
44
77
65
75
63_84_90
75_78
60_63_66
56
48
44
56
44
74
62
72
60_84_90
75_78
60_63_66
56
48
44
56
44
71
59
72
60_84_90
75_78
60_63_66
56
48
44
56
44
74
62
75
63_84_90
75_78
60_63_66
56
48
44
56
44
74
62
75
63_84_90
72_78
60_60_66
56
48
44
56
44
78
66
79
67_83_91
71_79
55_59_67
55
43
43
55
43
81
69
79
67
78
66
79
67_79_91
55_67_67_79
67_67_79
55_67
55
55
43
31
43
81
69
43
83
71
43
84
72
43
83
71
43
84
72
43
86
74
43
88
76
43
89
77
43
86
74
43
83
71
43
86
74
43
84
72_84
60_72_72_84
60_72
72
60
60
60
48
48
84
72_84
72_72_84
60_72
72
60
60
60
48
48
84
72_84
72_72_84
60_72
72
60
60
60
48
48
84
72_84
72_72_84
60_72
72
60
60
60
48
48
79
67_79_91
67_67_79
55_67
67
55
55
55
43
43
79
67_79_91
67_67_79
55_67
67
55
55
55
43
43
79
67_79_91
67_67_79
55_67
67
55
55
60
48
43
76
64_76_88
64_64_76
52_64
64
52
52
52
40
48
76
64_76_88
64_64_76
52_64
64
52
52
52
40
48
76
64_76_88
64_64_76
52_64
64
52
52
52
40
48
72
60_72_84
60_72
48_60
60
48
48
48
36
48
72
60_72_84
60_72
48_60
60
48
48
48
36
48
72
60_72_84
60_72
48_60
60
48
48
48
36
48
67
55_79
55_67_67
43_55
55
43
43
43
31
43
72
60_84
60_72_72
48_60
60
48
48
48
36
48
67
55_79
55_67_67
43_55
55
43
43
43
31
43
72
60_84
60_72_72
48_60
60
48
48
48
36
48
67
55_79
55_67_67
43_55
55
43
43
43
31
43
72
60_84
60_72_72
48_60
60
48
48
48
36
48
67
55_79
55_67_67
43_55
55
43
43
43
31
43
72
60_84
60_72
48_60
60
48
48
48
36
48
79
67
84
72
79
67
84
72
79
67
84
72
68
68_80
68
68
68
56
56
44
69
69_81
69
69
69
57
57
45
64
64_76
64
64
64
52
52
40
69
69_81
69
69
69
57
57
45
64
64_76
64
64
64
52
52
40
69
69_81
69
69
69
57
57
45
76
64
81
69
76
64
65
57_77
65_69
60_65
53
48
53_57
53
41
67
55
69
57
48
48
36
70
58
72
60_77_81
65_69
53
53
41
70
58
72
60_81_84
69_72
74
62
72
60_77_81
65_69
53
53
41
70
58
69
57
48
48
36
70
58
72
60_77_81
65_69
53
53
41
74
62
76
64_81_84
69_72
77
65
76
64_76_82
64_70
64_70
55
55_58
55
43
77
65
79
67
48
48
36
81
69
82
70_76_82
64_70
55
55
43
81
69
79
67_82_84
70_72
77
65
76
64_76_82
64_70
55
55
43
77
65
79
67
48
48
36
77
65
76
64_76_82
64_70
55
55
43
74
62
72
60_82_84
70_72
70
58
69
57_77_81
65_69
60_65_69
53
48
53_57
53
41
64
58
65
57
48
48
36
67
55
69
57_77_81
65_69
53
53
41
70
58
72
60_81_84
69_72
74
62
72
60_77_81
65_69
53
53
41
70
58
69
57
48
48
36
70
58
72
60_77_81
65_69
53
53
41
74
62
76
64_81_84
69_72
77
65
76
64_76_82
64_70
64_70
55
55_58
55
43
77
65
79
67
48
48
36
81
69
82
70_76_82
64_70
55
55
43
81
69
79
67_82_84
70_72
77
65
76
64_76_82
64_70
55
55
43
77
65
79
67
48
48
36
77
65
76
64_76_82
64_70
55
55
43
74
62
72
60_82_84
70_72
70
58
69
57_77
65
60_69
53_69
48_72_81
41
41
29
70
58
72
60
77_81
74
62_69_84_93
60_72
60_72
65
48
53
41
48_53
76
64_84_93
60_72_77_81
60_69_72
65
60
53
53
41
48
77
65
79
67
81
69
79
67
57
45
45
33
77
65
76
64
74
62_85_91
67_76_76_79
64_69_73
57_69
55
57
57
45
43
73
61_85_91
67_76_76_79
64_69_73
57_69
55
57
57
45
43
70
70
69
69
67
67
65
65
50
50
50
38
67
67
69
57
71
59_81_89
74_74_77
65_65_69
57_65
62
62
62
50
73
61_81_89
74_74_77
65_65_69
57_65
62
62
62
50
74
62
76
64
77
65
75
63
53
41
41
29
74
62
72
60
70
58_84_87
72_72_75
65_65_69
57_65
60
53
53
41
48
69
57_84_87
72_72_75
65_65_69
57_65
60
53
53
41
48
67
67
65
65
64
64
62
62_82_86
70_74_74
62_62_65
58_62
62
46
46
34
65
65
70
70
74
74
64
64_82_88
70_76_76
64_64_67
61_64
64
49
49
37
67
67
70
70
76
76
65
65_81_89
69_74_77
62_62_65
62_65
62
50
50
38
69
69
74
74
77
77
67
67_84_91
72_72_79
60_67_70
52_60
60
52
52
40
48
72
72
76
76
79
79
69
69_84_93
72_72_81
60_65_69
53_60
60
53
53
41
48
72
72
77
77
81
81
71
71_77_83
74_74_77
62_65_71
56_65
62
56
56
44
74
74
77
77
83
83
72
72_76_84
72_72_76
64_64_72
57_64
64
57
57
45
76
76
81
81
84
84
74
74_81_86
69_74_74
62_69_74
53_57
62
53
53
41
77
77
81
81
86
86
76
64_80_88
68_76_76
64_68_71
52_59
64
52
52
40
88
76
88
76
88
76
88
76
88
76
88
76
88
76
88
76
88
76
88
76
88
76
88
76
88
76
88
76
88
76
88
76_85_88
73_76
64
52
52
52
40
88
76
88
76
88
76
52
52
40
88
76
73_76
57
61_64
57
45
88
76
88
76
88
76
88
76
52
52
40
88
76
88
76_85_88
73_76
88
76
52
52
40
88
76_86_90
74_78
74_78
57
62_66
57
45
88
76
88
76_85_88
73_76
73_76
61_64
88
76
88
76_80_84
68_72
64
52
52
52
40
88
76
88
76
88
76
52
52
40
88
76
68_72
56
56_60
56
44
88
76
88
76
88
76
88
76_81_85
69_73
52
52
40
88
76
88
76
88
76
52
52
40
88
76
69_73
57
57_61
57
45
88
76
88
76
88
76
88
76_85_88
73_76
64
52
52
52
40
88
76
88
76
88
76
52
52
40
88
76
73_76
57
61_64
57
45
88
76
88
76
88
76
88
76
52
52
40
88
76
88
76_85_88
73_76
88
76
52
52
40
88
76_83_86
71_74
71_74
57
59_62
57
45
88
76
88
76_81_85
69_73
69_73
57_61
88
76
88
76_85_88
73_76
64_70_73
52
52
58_61
52
40
88
76
88
76
88
76
52
52
40
88
76
58
58
46
88
76
88
76
88
76
88
76_83_86
71_74
71_74
52
59_62
52
40
88
76
88
76
88
76
52
52
40
88
76
71_74
59
59_62
59
47
88
76
88
76
88
76
88
76_83_86
71_74
64
52
52
52
40
88
76
88
76
88
76
52
52
40
88
76
71_74
56
59_62
56
44
88
76
88
76
88
76
88
76
52
52
40
88
76
88
76_83_86
71_74
88
76
52
52
40
88
76_85_88
73_76
73_76
56
61_64
56
44
88
76
88
76_83_86
71_74
71_74
59_62
88
76
88
76_80_83
68_71
64
52
52
52
40
88
76
88
76
88
76
52
52
40
88
76
68_71
59
56_59
59
47
88
76
88
76
88
76
88
76_83_86
71_74
52
52
40
88
76
88
76
88
76
52
52
40
88
76
71_74
56
59_62
56
44
88
76
88
76
88
76
88
76_83_86
71_74
64
52
52
52
40
88
76
88
76
88
76
52
52
40
88
76
71_74
56
59_62
56
44
88
76
88
76
88
76
88
76
52
52
40
88
76
88
76_83_86
71_74
88
76
52
52
40
88
76_81_85
69_73
69_73
64
57_61
64
52
88
76
88
76_80_83
68_71
68_71
56_59
88
76
88
76_83_86
71_74
64_71_74
52
52
59_62
52
40
88
76
88
76
88
76
52
52
40
88
76
56
56
44
88
76
88
76
88
76
88
76_81_85
69_73
69_73
52
57_61
52
40
88
76
88
76
88
76
52
52
40
88
76
57
57
45
88
76
88
76
88
76
76
64_76_88
72_76
52
60_64
45
33
78
66
80
68_76_88
81
69
52
80
68_76_88
72_76
64
57
60
81
69
83
71_76_88
84
72
76
64_76_88
52
45
33
78
66
80
68_76_88
72_76
60_64
81
69
52
80
68_76_88
74_77
65_74_77
57
62
62_65
81
69
83
71_76_88
72_76
64_72_76
60
60_64
84
72
76
64_76_88
69_72
52
57_60
45
33
78
66
80
68_76_88
81
69
52
80
68_76_88
69_72
60
57
57
52
40
81
69
83
71_76_88
84
72
76
64_76_88
72_76
52
60_64
48
36
78
66
80
68_76_88
81
69
52
80
68_76_88
72_76
64
57
60
45
33
81
69
83
71_76_88
84
72
76
64_76_88
72_76
52
60_64
52
40
78
66
80
68_76_88
81
69
52
80
68_76_88
72_76
64
57
60
81
69
83
71_76_88
84
72
76
64_76_88
54
52
40
78
66
80
68_76_88
72_76
60_64
81
69
54
80
68_81_93
71_74
62_71_74
57
59
59_62
54
42
81
69
83
71_81_93
69_72
60_69_72
57
57_60
84
72
67
55_79_91
72_76
55
60_64
55
43
69
57
71
59_79_91
72
60
55
71
59_79_91
72_76
64
60
60
72
60
74
62_79_91
76
64
67
55_79_91
71_74
55
59_62
43
31
69
57
71
59_79_91
72
60
55
71
59_79_91
71_74
62
67
55
72
60
73
61_79_91
74
62
67
55_79_91
74_77
55
62_65
55
43
71
59
73
61_79_91
74
62
55
73
61_79_91
74_77
65
59
62
74
62
76
64_79_91
77
65
67
55_79_91
55
55
43
71
59
73
61_79_91
74_77
62_65
74
62
55
73
61_79_91
76_79
67_76_79
59
64
64_67
74
62
76
64_79_91
74_77
65_74_77
62
62_65
77
65
67
55_79_91
71_74
55
59_62
43
31
71
59
73
61_79_91
74
62
55
73
61_79_91
71_74
62
62
55
50
38
74
62
76
64_79_91
77
65
67
55_79_91
74_77
55
62_65
47
35
71
59
73
61_79_91
74
62
55
73
61_79_91
74_77
65
59
62
43
31
74
62
76
64_79_91
77
65
67
55_79_91
74_77
55
62_65
55
43
71
59
73
61_79_91
74
62
55
73
61_79_91
74_77
65
59
62
74
62
76
64_79_91
77
65
67
55_79_91
55
55
43
71
59
73
61_79_91
74_77
62_65
74
62
55
73
61_79_91
72_76
64_72_76
62
60
60_64
74
62
76
64_79_91
71_74
62_71_74
55
59_62
77
65
67
55_79_91
74_77
55
62_65
43
31
71
59
73
61_79_91
74
62
55
73
61_79_91
74_77
65
59
62
74
62
76
64_79_91
77
65
67
55_79_91
72_76
55
60_64
48
36
69
57
71
59_79_91
72
60
55
71
59_79_91
72_76
64
60
60
72
60
74
62_79_91
76
64
65_72_81
57_65_72
65
53
41
84_93
60_72_72_81
60_69_72
48
53
48
84_93
60_72_72_81
60_72
48
53
48
64_72_79
55_64_72
64
52
40
84_91
60_72_72_79
60_67_72
48
52
48
84_91
60_72_72_79
60_67_72
48
52
48
62_71_77
55_62_71
62
50
38
83_89
55_67_71_77
65_67_71
55
50
43
83_89
55_67_71_77
65_67_71
55
50
43
60_67_76
55_64_72
60
48
36
84_88
55_67_72_76
64_67_72
55
48
48
84_88
55_67_72_76
64_67_72
55
48
48
59_67_74
55_62_71_83_86
55_67_71_74
62_67_71
67
55
55
55
43
43
55_67
55_67_79_91
55_67_67_79
55_67
55
43
43
43
31
43
55_67
55_67_79_91
55_67_67_79
55_67
55
43
43
43
31
43
43
43
43
43
43
43
43
43
43
43
55_63
58
70_82
67_75
51
55_63
51
39
55_63
70_82
58
55_63
70_82
55_63
55_63
58
70_82
67_75
51
55_63
51
39
55_63
70_82
58
55_63
70_82
55_63
55_63
58_75_79
70_82
67_75
51
55_63
51
39
55_63
77_80
58
55_63_79_82
55_63_80_84
55_63
58_82_86
55_63
84_87
58
55_63_86_89
55_63_87_91
56_62
58_89_92
70_82
70_77
58
58_65
46
34
56_62
70_82
58
56_62
70_82
56_62
56_62
58
70_82
70_77
58
58_65
46
34
56_62
70_82
58
56_62
70_82
56_62
56_62
58_89_92
70_82
70_77
58
58_65
46
34
56_62
87_91
58
56_62_86_89
56_62_84_87
56_62
58_82_86
56_62
80_84
58
56_62_79_82
56_62_77_80
55_63
58_75_79
70_82
67_75
51
55_63
51
39
55_63
70_82
58
55_63
70_82
55_63
55_63
58
70_82
67_75
51
55_63
51
39
55_63
70_82
58
55_63
70_82
55_63
55_63
58_75_79
70_82
67_75
51
55_63
51
39
55_63
77_80
58
55_63_79_82
55_63_80_84
55_63
58_82_86
55_63
84_87
58
55_63_86_89
55_63_87_91
56_62
58_89_92
70_82
70_77
58
58_65
46
34
56_62
70_82
58
56_62
70_82
56_62
56_62
58
70_82
70_77
58
58_65
46
34
56_62
70_82
58
56_62
70_82
56_62
56_62
58_89_92
70_82
70_77
58
58_65
46
34
56_62
87_91
58
56_62_86_89
56_62_84_87
56_62
58_82_86
56_62
80_84
58
56_62_79_82
56_62_77_80
55_63
55_63_75_79
70_79
63_67
63
55
51
39
70_79
63_67
55
70_75
63_67
58
70_82
70_82_82_94
70_82
58_70
58
34_46
46
34
70_82
70_82_82_94
70_82
58_70
58
34_46
46
34
70_82
70_82_82_94
70_82
58_70
58
34_46
46
34
55_63
55_63
70_79
63_67
63
55
51
39
70_79
63_67
55
70_75
63_67
58
70_82
70_82_82_94
70_82
58_70
58
34_46
46
34
70_82
70_82_82_94
70_82
58_70
58
34_46
46
34
70_82
70_82_82_94
70_82
58_70
58
34_46
46
34
58
58
58
46
34
58
58
58
46
34
58
58
58
46
34
58
58
58
46
34
58
58
58
46
34
58
58
58
46
34
58
58
58
46
34
58
58
58
46
34
59
59
59
47
35
59
59
59
47
35
60
60
60
48
36
60
60
60
48
36
61
61
61
49
37
61
61
61
49
37
60_62
57
54_62
50
38
60_62
57
54
50
38
60_62
57
54
50
38
60_62
57
54
50
38
60_62
57
54
50
38
60_62
57
54
50
38
59_67
55_62_74_86
71_79
55
59_67
55
43
59_67
74_86
62
59_67_74_86
59_67
59_67
62_74_86
71_79
55
59_67
55
43
59_67
74_86
62
59_67_74_86
59_67
59_67
62_74_86
71_79
67_71
55
59_67
55
43
59_67
69_72
62
59_67
71_74
59_67
72_76
59_67
62
74_78
59_67
76_79
62
59_67
78_81
59_67
79_83
60_66
62_74_86
74_81
81_84
62
62_69
50
38
60_66
74_86
62
60_66_74_86
60_66
60_66
62_74_86
74_81
62
62_69
50
38
60_66
74_86
62
60_66_74_86
60_66
60_66
62_74_86
74_81
81_84
62
62_69
50
38
60_66
79_83
62
60_66
78_81
60_66
76_79
60_66
62
74_78
60_66
72_76
62
60_66
71_74
60_66
69_72
59_67
55_62_74_86
71_79
67_71
55
59_67
55
43
59_67
74_86
62
59_67_74_86
59_67
59_67
62_74_86
71_79
55
59_67
55
43
59_67
74_86
62
59_67_74_86
59_67
59_67
62_74_86
71_79
67_71
55
59_67
55
43
59_67
69_72
62
59_67
71_74
59_67
72_76
59_67
62
74_78
59_67
76_79
62
59_67
78_81
59_67
79_83
60_66
62_74_86
74_81
81_84
62
62_69
50
38
60_66
74_86
62
60_66_74_86
60_66
60_66
62_74_86
74_81
62
62_69
50
38
60_66
74_86
62
60_66_74_86
60_66
60_66
62_74_86
74_81
81_84
62
62_69
50
38
60_66
79_83
62
60_66
78_81
60_66
76_79
60_66
62
74_78
60_66
72_76
62
60_66
71_74
60_66
69_72
59_67
59_67_74_83
67_71
67_71
55
59
55
43
74_83
67_71
59
74_79
67_71
62
74_86
62_74_74_86
62_74
62_62_74
50_62
62
50_62
50
38
74_86
62_74_74_86
62_74
62_62_74
50_62
62
50_62
50
38
74_86
62_74_74_86
62_74
62_62_74
50_62
62
50_62
50
38
59_67
59_67_74_83
67_71
55
59
55
43
74_83
67_71
59
74_79
67_71
62
74_86
62_74_74_86
62_74
62_62_74
50_62
62
50_62
50
38
74_86
62_74_74_86
62_74
62_62_74
50_62
62
50_62
50
38
74_86
62_74_74_86
62_74
62_62_74
50_62
62
50_62
50
38
72
69
57_60
72
69
72
69
72
69
72
69
72
69
72
69
72
69
72
69
72
69
72
69
72
69
72
69
72
69
72
69
72
69
72
69
51
51
39
72
69
72
69
72
69
51
51
39
72
69
50
50
38
72
69
72
69
72
69
72
69_78_90
66_78
66_78
72
69
72
69
72
69
72
69
72
69
72
69
72
69
72
69
51
51
39
72
69
72
69
72
69
51
51
39
72
69
50
50
38
72
69
72
69
72
69
72
69_78_90
66_78
66_78
72
69
72
69
72
69
72
69
72
69
72
69
72
69
72
69
50
50
38
72
69
72
69
72
69
50
50
38
72
69
50
50
38
72
69
72
69
72
69
72
69
51
51
39
72
69
72
69
72
69
51
51
39
72
69
51
51
39
72
69
72
69
72
69
71
68_76_88
64_64_76_76
64_64_76
52
52
56_59
52
40
71
68
71
68
71
68_76_88
64_64_76_76
64_64_76
52
52
52
40
71
68_76_88
64_64_76_76
64_64_76
52
52
52
40
71
68
71
68
71
68
74
71
59_62
74
71
74
71
74
71
74
71
74
71
74
71
74
71
74
71
53
53
41
74
71
74
71
74
71
53
53
41
74
71
52
52
40
74
71
74
71
74
71
74
71_80_92
68_80
68_80
74
71
74
71
74
71
74
71
74
71
74
71
74
71
74
71
53
53
41
74
71
74
71
74
71
53
53
41
74
71
52
52
40
74
71
74
71
74
71
74
71_80_92
68_80
68_80
74
71
74
71
74
71
74
71
74
71
74
71
74
71
74
71
52
52
40
74
71
74
71
74
71
52
52
40
74
71
52
52
40
74
71
74
71
74
71
74
71
53
53
41
74
71
74
71
74
71
53
53
41
74
71
53
53
41
74
71
74
71
74
71
73
70_78_90
66_78
66_78
54
58_61
54
42
73
70
73
70
73
70_78_90
66_78
66_78
54
54
42
73
70_78_90
66_78
66_78
54
54
42
73
70
73
70
73
70
73
70
73
70
73
70
73
70
73
70
73
70
73
70
73
70
72
69_84_90
78_81
62_69_72
50
62
50
50
38
72
69
72
69
72
69_84_90
78_81
62_69_72
50
62
50
50
38
72
69_84_90
78_81
62_69_72
50
62
50
50
38
72
69
72
69
72
69
71
67_83_91
74_79
62_67_71
55
55
55
55
43
71
67
71
67
71
67_83_91
74_79
62_67_71
55
55
55
55
43
74
71_83_91
74_79
62_67_71
55
55
55
55
43
74
71
74
71
74
71
74
71_86_92
80_83
64_71_74
52
52
52
52
40
74
71
74
71
74
71_86_92
80_83
64_71_74
52
52
52
52
40
74
71_86_92
80_83
64_71_74
52
52
52
52
40
74
71
74
71
74
71
72
69_84_93
76_81
64_69_72
57
52
57
57
45
72
69
72
69
72
69_84_93
76_81
64_69_72
57
52
57
57
45
76
72_84_93
76_81
64_69_72
57
52
57
57
45
76
72
76
72
76
72
71_79
74_77_86_91
55_67_77_83
62_71_74
55
55
55
55
43
43
71_79
74_77_86_91
55_67_77_83
62_71_74
55
55
55
55
43
43
71_79
74_77_86_91
55_67_77_83
62_71_74
55
55
55
55
43
43
71_79
74_77_86_91
55_67_77_83
62_71_74
55
55
55
55
43
43
71_79
74_77_86_91
55_67_77_83
62_71_74
55
55
55
55
43
43
71_79
74_77_86_91
55_67_77_83
62_71_74
55
55
55
55
43
43
71_79
74_77_86_91
55_67_77_83
62_71_74
55
55
55
55
43
43
71_79
74_77_86_91
55_67_77_83
62_71_74
55
55
55
55
43
43
72_76
72_76_84_88
60_72_76_84
64_72_76
60
60
48
48
36
48
84_88
72_76
84_88
72_76
88_91
76_79
60
60_86_90
74_78
60
48
36
84_88
72_76
84_88
72_76
84_88
72_76
60
60_83_86
71_74
60
48
36
81_84
69_72
81_84
69_72
81_84
69_72
62
62_79_83
67_71
62
50
38
78_81
66_69
78_81
66_69
78_81
66_69
81_84
69_72
74
62
74
62
74
62
79
67_79_83
67_71
55
43
31
74_83
65_74_86_91
55_67_77_83
62_71_74
55
55
43_55
55
43
43
74_83
65_74_86_91
55_67_77_83
62_71_74
55
55
43_55
55
43
43
74_83
65_74_86_91
55_67_77_83
62_71_74
55
55
43_55
55
43
43
74_83
65_74_86_91
55_67_77_83
62_71_74
55
55
43_55
55
43
43
74_83
65_74_86_91
55_67_77_83
62_71_74
55
55
43_55
55
43
43
74_83
65_74_86_91
55_67_77_83
62_71_74
55
55
43_55
55
43
43
74_83
65_74_86_91
55_67_77_83
62_71_74
55
55
43_55
55
43
43
76_84
64_72_84_88
60_72_76_84
64_72_76
60
60
48
48
36
48
84_88
72_76
84_88
72_76
88_91
76_79
76_79
64_67
60
60_86_90
74_78
60
48
36
84_88
72_76
84_88
72_76
72_76
60_64
84_88
72_76
60
60_83_86
71_74
60
48
36
81_84
69_72
81_84
69_72
69_72
57_60
81_84
69_72
62
62_79_83
67_71
62
50
38
78_81
66_69
78_81
66_69
66_69
54_57
78_81
66_69
81_84
69_72
74
62
74
62
69_72
57_60
74
62
79
67
55
43
31
79_83
67_71
79_83
67_71
67_71
55_59
79_83
67_71
84_88
72_76
72_76
60_64
79
67
74
62_83_86
71_74
71_74
59_62
74
62
74
62
62
50
38
78_81
66_69
78_81
66_69
66_69
54_57
78_81
66_69
81_84
69_72
74
62
74
62
69_72
57_60
74
62
79
67
55
43
31
79_83
67_71
79_83
67_71
67_71
55_59
79_83
67_71
84_88
72_76
72_76
60_64
79
67
67
55_83_86
71_74
71_74
59_62
67
55
67
55
55
43
31
71_74
59_62
83_86
71_74
71_74
59_62
71_74
59_62
74_77
62_65
79
67
79
67_86_89
74_77
79
67
84
72
60
48
36
72_76
60_64
84_88
72_76
72_76
60_64
72_76
60_64
89_93
77_81
77_81
65_69
84
72
79
67_88_91
76_79
76_79
64_67
79
67
79
67
67
55
43
71_74
59_62
83_86
71_74
71_74
59_62
71_74
59_62
74_77
62_65
79
67
79
67_86_89
74_77
79
67
84
72
60
48
36
72_76
60_64
84_88
72_76
72_76
60_64
72_76
60_64
77_81
65_69
84
72
72
60_88_91
76_79
76_79
64_67
72
60
64_72_79
60_67_76
72
60
48_60
60
48
36
48
84_88
72_76
72_76
60_64
84_88
72_76
72_76
60_64
84_88
72_76
72_76
60_64
64_72_76
60_64_69_84_88
72_72_76
60_72_76
60
60
60_64
48
36
48
81_84
69_72
69_72
57_60
81_84
69_72
69_72
57_60
81_84
69_72
69_72
57_60
57_66_74
57_66_74_81_84
69_72_74
62_69_72
62
62
57_60
50
38
48
78_81
66_69
66_69
54_57
78_81
66_69
66_69
54_57
78_81
66_69
66_69
54_57
86
74
62_74
50_62
62
62
62
50
38
62
62
62
50
38
62
62
62
50
38
59_67
55_62
62
55
55
43
59_67
62
62
59_67_86
62_74
59_67
60_66
62_88
62_76
62
50
38
60_66
62
62
60_66_86
62_74
60_66
59_67
62
62
55
55
43
59_67
79_83
62
62
59_67
78_81
62
59_67
76_79
60_66
62
74_78
62
62
50
38
60_66
72_76
62
62
60_66
71_74
62
60_66
69_72
59_67
62
67_71
62
55
62
55
43
59_67
62
62
62
59_67_86
62_74
62
59_67
59_67
60_66
62_88
62_76
62
62
50
38
60_66
60_66
62
62
62
60_66_86
62_74
62
60_66
59_67
62
62
67
62
55
43
59_67
79_83
62_67_71
62
62
59_67
78_81
62_66_69
62
59_62
59_67
76_79
64_67
60_66
62
74_78
62_62_66
62
62
50
38
60_66
72_76
60_62_64
62
62
60_66
71_74
59_62_62
62
62_66
60_66
69_72
57_60
59_67
62
67_71_74
55_59_62
55
62
43
43
31
43
59_67
91
74_79_83
62_67_71
62
43
62
59_67_90_93
74_78_81
62_66_69
67
62
55
55
43
43
59_67_88_91
76_79
64_67
60_66
62_86_90
74_74_78
62_62_66
50
62
50
50
38
48
60_66
84_88
72_74_76
60_62_64
62
48
62
60_66_83_86
71_74_74
59_62_62
62
62
62
62
50
48
60_66_81_84
69_72
57_60
59_67
62_79_83
67_71_74
55_59_62
55
62
43
43
31
43
59_67
91
74_79_83
62_67_71
62
43
62
59_67_90_93
74_78_81
62_66_69
67
62
55
55
43
43
59_67_88_91
76_79
64_67
60_66
62_86_90
74_74_78
62_62_66
50
62
50
50
38
48
60_66
84_88
72_74_76
60_62_64
62
48
62
60_66_83_86
71_74_74
59_62_62
62
62
62
62
50
48
60_66_81_84
69_72
57_60
59_67
59_67_79_83
67_67_71_74
55_59_62
55
55
55
55
43
43
71_79
59_67_83_91
55_67_71_79
62_71_74
55_62
55
55
55
43
43
71_79
59_67_83_91
55_67_71_79
62_71_74
55_62
55
55
55
43
43
71_79
59_67_83_91
55_67_71_79
62_71_74
55_62
55
55
55
43
43
71_79
59_67_83_91
55_67_71_79
62_71_74
55_62
55
55
55
43
43
55_62_71_79
55_62_71_79_83_91
55_67_71_79
62_71_74
55_67
55
43_55
55
43
43
55_62_71_79
55_62_71_79_83_91
55_67_71_79
62_71_74
55_67
55
43_55
55
43
43
79
79
79
91
71
65_91
62_79
62
55
55
43
91
74_79
91
71_79
74_79
86_91
83_91
65_79
86_91
79
77_91
79
79
91
71
65_91
79
62
55
43
91
74_79
91
71_79
74_79
86_91
83_91
65_79
86_91
74_79
77_91
71_79
74_79
86_91
71
65_83_91
71_74
65_79
62
55_65
55
43
86_91
74_79
77_91
71_79
74_79
86_91
71
65_83_91
71_74
65_79
62
55_65
55
43
86_91
74_79
77_91
71_79
74_79
86_91
71
65_83_91
71_74
65_79
62
55_65
55
43
86_91
74_79
77_91
71_79
83_91
65_79
79
64_84_91
60_64_79
60
52
48
36
55
55
79
64
60
48
36
55
55
79
62
59
43
31
81
79
55
55
78
79
62
59
77
55
55
76
64
60
48
36
76
55
55
81
60_63
66
48
36
81
55
55
74
59_62
67
55
43
67
69
55
55
71
72
59_62
67
74
76
55
77
79
64
60
48
36
55
55
79
64
60
48
36
55
55
79
62
59
55
43
81
79
55
55
78
79
62
59
77
55
55
76
64
60
60
48
76
67
55
79
62
59
55
43
79
67
55
72
60
57
57
45
72
64
52
76
59
56
52
40
76
64
52
69
60
57
57
45
69
64
60
74
59
66
50
38
74
64
60
71
67_83
71
59
55
43
62_83
71
62
67_86
74
59
62_86
74
62
69
66_81
69
60
50
38
69
62
62
76
66
60
50
38
74
73
62
62
74
71
67_83
71
59
55
43
62_83
71
62
67_88
76
59
86
74
62_85
73
62
86
74
69
66_81
69
60
50
38
69
62
62
76
66
60
50
38
74
73
62
62
74
67
67_79
67
59
55
43
62_79
67
62
67_93
81
59
91
79
90
78
91
79
67
79
67
63
51
39
58
58
67_82
79
67
63
51
39
58
58
67_82
80
68
63
51
39
79
67
58
78
66
58
79
67
67
82
70
63
58
82
70
58
77
65_89
62
46
34
58
58
77
65_82_89
70
62
46
34
58
58
79
65_82_91
70
62
46
34
77
89
76
58_88
58
77
89
82
65_94
62
82
58_94
58
63
75
63
60
48
36
55
55
63_79
75
63
60
48
36
55
55
63_79
77
65
60
48
36
75
63
55
74
62
55
75
63
63
79
67
60
55
79
67
55
74
62_86
59
43
31
55
55
74
62_79_86
67
59
43
31
55
55
75
62_79_87
67
59
43
31
74
86
73
55_85
55
74
86
79
62_91
59
79
55_91
55
60_75_85
73
63
56
44
32
84
72
63_83
71
51
84
72
60_89
77
56
63_87
75
51
77
61
65
55
51
39
75
63
74
63
62
51
75
63
82
61_75
70
55
63
73
63
61
51
72
60_75_85
73
60
56
63
44
32
84
72
63_83
71
51
84
72
60_89
77
56
63_87
75
51
77
61
65
55
51
39
75
63
74
63
62
51
75
63
82
61_75
70
55
63
73
63
61
51
72
60_80_84
72_75
60
56
56
44
32
63_80_84
72_75
51
56
74
60
56
72
71
63
51
72
75
60_84_87
72_75
56
56
44
32
63_84_87
72_75
60
56
77
60
56
75
74
63
60
75
80
60_78_84
72_75
56
56
44
32
63_78_84
72_75
60
56
82
60
56
80
79
63
60
80
84
60_84_90
72_78
56
56
56
44
84
63_84_90
72_78
60
56
78
63
60
78
60
56
79
59_83_91
71_79
55
55
55
43
79
69
69
71_74
69
57
45
67
67
67
55
43
66
66
71_74
66
54
42
67
67
67
55
43
55
55
71_74
55
43
31
93
81
91
79
89
77
88
76
89
77
88
76
86
74
79
64_84
72
60
48
36
55
55
79
64
60
48
36
55
55
79
62
59
43
31
81
79
55
55
78
79
62
59
77
55
55
76
64
60
48
36
76
55
55
81
60_63
66
48
36
81
55
55
74
59_62
67
55
43
67
69
55
55
71
72
59_62
67
74
76
55
77
79
64
60
48
36
55
55
79
64
60
48
36
55
55
79
62
59
55
43
81
79
55
55
78
79
62
59
77
55
55
76
64
60
48
36
76
64
60
48
36
80
62
59
52
40
80
62
59
52
40
81
60
57
53
41
81
60
57
53
41
84
63
57
54
42
84
63
57
54
42
74
62
60
55
43
74
62
60
55
43
79
65
59
43
31
79
65
59
43
31
76
64_88
76
60
48
36
55_88
76
55
64_91
79
60
55_91
79
55
74
65_86
74
59
43
31
74
55
55
81
65
59
43
31
79
78
55
55
79
76
64_88
76
60
48
36
55_88
76
55
64_93
81
60
91
79
55_90
78
55
91
79
74
65_86
74
59
55
43
74
55
55
81
65
59
43
31
79
78
55
55
79
72
64
72
60
60
48
36
55
72
60
55
64
86
74
60
84
72
83
71
84
72
84
72_84
72_72_84
60_72
72
60
60
60
48
48
84
72_84
72_72_84
60_72
72
60
60
60
48
48
84
72_84
72_72_84
60_72
72
60
60
60
48
48
84
72_84
72_72_84
60_72
72
60
60
60
48
48
79
67_79
67_79
55_67
67
55
55
55
43
43
79
67_79
67_79
55_67
67
55
55
55
43
43
79
67_79
67_79
55_67
67
55
55
55
43
43
76
64_76
64_76
52_64
64
52
52
52
40
48
76
64_76
64_76
52_64
64
52
52
52
40
48
76
64_76
64_76
52_64
64
52
52
52
40
48
72
60_72
72_72
48_60
60
48
48
48
36
48
72
60_72
72_72
48_60
60
48
48
48
36
48
72
60_84
72_72
48_60
60
48
48
48
36
48
67
55_79
67_67
43_67
55
43
43
43
31
43
72
60_84
72_72
48_72
60
48
48
48
36
48
67
55_79
67_67
43_67
55
43
43
43
31
43
72
60_84
72_72
48_72
60
48
48
48
36
48
67
55_79
67_67
43_67
55
43
43
43
31
43
72
60_84
72_72
48_72
60
48
48
48
36
48
67
55_79
67_67
43_67
55
43
43
43
31
43
72
60_84
72_72
48_72
60
48
48
48
36
48
79
67
84
72
79
67
84
72
79
67
84
72
67
67_79
67
67
55
55
55
43
68
68_80
68
68
56
56
56
44
63
63_75
63
63
51
51
51
39
68
68_80
68
68
56
56
56
44
63
63_75
63
63
51
51
51
39
68
68_80
68
68
56
56
56
44
75
63
80
68
75
63
68
52_76_80
68_76
64_68
52
52_59
52
40
66
64
47
47
47
35
66
68
52_80_88
68_76
52
52
40
66
68
83
71
69
71
52_80_88
68_76
52
52
40
69
68
47
47
47
35
69
71
52_80_88
68_76
52
52
40
73
75
83
71
76
75
54_81_87
69_75
63_69
54
54
54
42
76
78
47
47
47
35
80
81
54_81_87
69_75
54
54
42
80
78
83
71
76
75
54_81_87
69_75
54
54
42
76
78
47
47
47
35
76
75
54_81_87
69_75
54
54
42
73
71
83
71
69
68
52_80_88
68_76
64_68
52
52_59
52
40
63
64
47
47
47
35
66
68
52_80_88
68_76
52
52
40
66
68
83
71
69
71
52_80_88
68_76
52
52
40
69
68
47
47
47
35
69
71
52_80_88
68_76
52
52
40
73
75
83
71
76
75
54_81_87
69_75
63_69
54
54
54
42
76
78
47
47
47
35
80
81
54_81_87
69_75
54
54
42
80
78
83
71
76
75
54_81_87
69_75
54
54
42
76
78
47
47
47
35
76
75
54_81_87
69_75
54
54
42
73
71
83
71
69
68
64_80_88
64_68_76_76
64_64_68
64
52
52
52
40
76
76_88
64_76_76
64_76
76
52
64
64
52
76
76_88
64_76_76
64_76
76
52
64
64
52
76
76_88
64_76_76
64_76
76
52
64
64
52
71
71_83
71
71
71
59
59
47
71
71_83
71
71
71
59
59
47
71
71_83
71
71
71
59
59
47
68
68_80
68
68
68
56
56
44
68
68_80
68
68
68
56
56
44
68
68_80
68
68
68
56
56
44
64
64_76
64_64_76
64_64
64
52
52
52
40
64
64_76
64_64_76
64_64
64
52
52
52
40
64
64_76
64_64_76
64_64
64
52
52
52
40
59
59_83
71
59
59
47
47
35
64
64_88
64_76_76
64_64
64
52
52
52
40
59
59_83
71
59
59
47
47
35
64
64_88
64_76_76
64_64
64
52
52
52
40
59
59_83
71
59
59
47
47
35
64
64_88
64_76_76
64_64
64
52
52
52
40
59
59_83
71
59
59
47
47
35
64
64_88
64_76_76
64_64
64
52
52
52
40
83
71
88
76
83
71
88
76
83
71
88
76
83
71
64
60_76_84
64_72
72_76
60
60_67
48
36
62
60
55
55
43
31
62
64
60_84_88
72_76
60
48
36
65
67
88_91
76_79
69
67
60_84_88
72_76
60
48
36
65
64
55
55
43
31
65
67
60_84_88
72_76
60
48
36
69
71
88_91
76_79
72
71
62_83_89
71_77
71_77
62
62
50
38
72
74
55
55
43
31
76
77
62_83_89
71_77
62
50
38
76
74
89_91
77_79
72
71
62_83_89
71_77
62
50
38
72
74
55
55
43
31
72
71
62_83_89
71_77
62
50
38
69
67
89_91
77_79
65
64
60_84_88
72_76
72_76
60
60_67
48
36
59
60
55
55
43
31
62
64
60_84_88
72_76
60
48
36
65
67
88_91
76_79
69
67
60_84_88
72_76
60
48
36
65
64
55
55
43
31
65
67
60_84_88
72_76
60
48
36
69
71
88_91
76_79
72
71
62_83_89
71_77
71_77
62
62
50
38
72
74
55
55
43
31
76
77
62_83_89
71_77
62
50
38
76
74
89_91
77_79
72
71
62_83_89
71_77
62
50
38
72
74
55
55
43
31
72
71
62_83_89
71_77
62
50
38
69
67
89_91
77_79
65
64
64_84
72
76
60_76
79_88
48
48
36
65
65
67
67
76
69
69_84_88
64_72_79
60_67_72
64_72
52
60
48
48_60
71
71_84_88
64_72_76_79
60_67_72
64_72
52
60
60
48
48
72
72
74
74
76
76
74
74
64
40
52
40
80
72
83
71
81
69_83_86
64_74_76_80
64_68_71
64_71
52
52
64
52
80
68_83_86
64_74_76_80
64_68_71
64_71
52
52
64
52
77
65
76
64
74
62
72
60
57
45
45
33
74
62
76
64
78
66_81_84
64_72_72_76
60_64_69
64_72
52
57
57
45
48
80
68_81_84
64_72_72_76
60_64_69
64_72
52
57
57
45
48
81
69
83
71
84
72
82
70
48
48
36
24
81
69
79
67
77
65_79_82
60_70_72_76
60_64_67
60_67
48
60
48
36
48
76
64_79_82
60_70_72_76
60_64_67
60_67
48
60
48
36
48
74
62
72
60
71
59
69
57_77_81
69_77
60_65_69
53
60
53
53
41
72
60
77
65
81
69
71
59_77_83
71_74
62_65_65
56
62
56
56
44
74
62
77
65
83
71
72
60_76_84
64_72
60_64_64
57
60
57
57
45
76
64
81
69
84
72
73
61_79_85
73_76
64_67_67
57
64
57
57
45
76
64
79
67
85
73
74
62_77_86
65_74
62_65_65
58
62
58
58
46
77
65
82
70
86
74
64
52_82_88
76_79
67_67_70
61
64
49_61
61
49
67
55
70
58
76
64
65
53_81_89
69_77
65_65_69
62
62
50_62
62
50
69
57
74
62
77
65
67
55_86_91
74_79
62_67_67
58
62
46_58
58
46
70
58
74
62
79
67
81
69_85_93
73_81
64_64_69
57
64
45_57
57
45
81
69
81
69
81
69
81
69
81
69
81
69
81
69
81
69
81
69
81
69
81
69
81
69
81
69
81
69
81
69
81
69_81_90
69_78
57
57
57
45
33
81
69
81
69
81
69
57
45
33
81
69
69_78
62
57_66
50
38
81
69
81
69
81
69
81
69
57
45
33
81
69
81
69_81_90
69_78
81
69
57
45
33
81
69_83_91
71_79
71_79
62
59_67
50
38
81
69
81
69_81_90
69_78
69_78
57_66
81
69
81
69_77_85
65_73
57
57
57
45
33
81
69
81
69
81
69
57
45
33
81
69
65_73
61
53_61
49
37
81
69
81
69
81
69
81
69_78_86
66_74
57
45
33
81
69
81
69
81
69
57
45
33
81
69
66_74
62
54_62
50
38
81
69
81
69
81
69
81
69_81_90
69_78
57
57
57
45
33
81
69
81
69
81
69
57
45
33
81
69
69_78
62
57_66
50
38
81
69
81
69
81
69
81
69
57
45
33
81
69
81
69_81_90
69_78
81
69
57
45
33
81
69_79_88
67_76
67_76
62
55_64
50
38
81
69
81
69_78_86
66_74
66_74
54_62
81
69
81
69_81_90
69_78
57_66_75
57
57
54_63
45
33
81
69
81
69
81
69
57
45
33
81
69
63
57
45
81
69
81
69
81
69
81
69_79_88
67_76
67_76
57
55_64
45
33
81
69
81
69
81
69
57
45
33
81
69
67_76
64
55_64
52
40
81
69
81
69
81
69
81
69_79_88
67_76
57
57
57
45
33
81
69
81
69
81
69
57
45
33
81
69
67_76
61
55_64
49
37
81
69
81
69
81
69
81
69
57
45
33
81
69
81
69_79_88
67_76
81
69
57
45
33
81
69_81_90
69_78
69_78
61
57_66
49
37
81
69
81
69_79_88
67_76
67_76
55_64
81
69
81
69_76_85
64_73
57
57
57
45
33
81
69
81
69
81
69
57
45
33
81
69
64_73
69
52_61
57
45
81
69
81
69
81
69
81
69_79_88
67_76
57
45
33
81
69
81
69
81
69
57
45
33
81
69
67_76
61
55_64
49
37
81
69
81
69
81
69
81
69_79_88
67_76
57
57
57
45
33
81
69
81
69
81
69
57
45
33
81
69
67_76
61
55_64
49
37
81
69
81
69
81
69
81
69
57
45
33
81
69
81
69_79_88
67_76
81
69
57
45
33
81
69_78_86
66_74
66_74
69
54_62
57
45
81
69
81
69_76_85
64_73
64_73
52_61
81
69
81
69_79_88
67_76
57_67_76
57
57
55_64
45
33
81
69
81
69
81
69
57
45
33
81
69
61
49
37
81
69
81
69
81
69
81
69_78_86
66_74
66_74
57
54_62
45
33
81
69
81
69
81
69
57
45
33
81
69
62
50
38
81
69
81
69
81
69
69
57_81_93
65_69
57
53_57
50
38
71
59
73
61_81_93
74
62
57
73
61_81_93
77_81
62
74
62
76
64_81_93
77
65
69
57_81_93
57
50
38
71
59
73
61_81_93
65_69
53_57
74
62
57
73
61_81_93
79_82
67_70
62
55_58
74
62
76
64_81_93
77_81
65_69
53_57
77
65
69
57_81_93
62_65
57
50_53
50
38
71
59
73
61_81_93
74
62
57
73
61_81_93
74_77
62
57
45
74
62
76
64_81_93
77
65
69
57_81_93
65_69
57
53_57
53
41
71
59
73
61_81_93
74
62
57
73
61_81_93
77_81
62
50
38
74
62
76
64_81_93
77
65
69
57_81_93
65_69
57
53_57
45
33
71
59
73
61_81_93
74
62
57
73
61_81_93
77_81
62
74
62
76
64_81_93
77
65
69
57_81_93
57
45
33
71
59
73
61_81_93
65_69
53_57
74
62
57
73
61_77_89
76_79
64_67
59
52_55
47
35
74
62
76
64_77_89
74_77
62_65
50_53
77
65
72
60_72_84
77_81
65_69
60
53_57
48
36
74
62
76
64_72_84
77
65
60
76
64_72_84
65
77
65
79
67_72_84
81
69
72
60_72_84
76_79
64_67
60
52_55
60
48
74
62
76
64_72_84
77
65
60
76
64_72_84
76_79
65
77
65
78
66_72_84
79
67
72
60_72_84
67_70
48
55_58
48
36
76
64
78
66_72_84
79
67
48
78
66_72_84
79_82
52
79
67
81
69_72_84
82
70
72
60_72_84
48
48
36
76
64
78
66_72_84
67_70
55_58
79
67
48
78
66_72_84
81_84
69_72
52
57_60
79
67
81
69_72_84
79_82
67_70
55_58
82
70
72
60_72_84
64_67
48
52_55
48
36
76
64
78
66_72_84
79
67
48
78
66_72_84
76_79
60
55
43
79
67
81
69_72_84
82
70
72
60_72_84
67_70
48
55_58
52
40
76
64
78
66_72_84
79
67
48
78
66_72_84
79_82
52
48
36
79
67
81
69_72_84
82
70
72
60_72_84
67_70
48
55_58
60
48
76
64
78
66_72_84
79
67
48
78
66_72_84
79_82
52
79
67
81
69_72_84
82
70
72
60_72_84
48
48
36
76
64
78
66_72_84
67_70
55_58
79
67
48
78
66_72_84
77_81
65_69
60
53_57
79
67
81
69_72_84
76_79
64_67
52_55
82
70
72
60_72_84
79_82
67_70
48
55_58
48
36
76
64
78
66_72_84
79
67
48
78
66_72_84
52
79
67
81
69_72_84
82
70
72
60_72_84
77_81
65_69
48
53_57
53
41
74
62
76
64_72_84
77
65
48
76
64_72_84
77_81
53
77
65
79
67_72_84
81
69
77_86
58_65_74
58
58
46
82_86
70_74_74_77
65_65_77
62
46_58
82_86
70_74_74_77
65_65_77
62
46_58
69_77_84
57_65_72
57
57
45
77_84
65_72_72
60_65_72
60
45_57
77_84
65_72_72
60_65_72
60
45_57
64_72_82
70_76
55
55
43
76_82
60_64_70_72
60_64_70
48
43_55
48
76_82
60_64_70_72
60_64_70
48
43_55
48
65_72_81
69_77
53
53
41
77_81
60_65_69_72
60_65_69
48
41_53
48
77_81
60_65_69_72
60_65_69
48
41_53
48
64_72_79
67_76_76_79
60_64_67_72
60_64_67
60
48
48
60
48
48
60
60_84
60_72
48_60
48
48
36_48
48
36
48
60
60_84
60_72
48_60
48
48
36_48
48
36
48
48
48
48
48
48
48
48
48
48
48
60_68
63_75_87
72_80
56
60_68
56
44
60_68
75_87
63
60_68_75_87
60_68
60_68
63_75_87
72_80
56
60_68
56
44
60_68
75_87
63
60_68_75_87
60_68
60_68
63_75_87
68_72
72_80
56
60_68
56
44
60_68
70_73
63
60_68
72_75
60_68
73_77
60_68
63
75_79
60_68
77_80
63
60_68
79_82
60_68
80_84
61_67
63_75_87
82_85
75_82
51
63_70
51
39
61_67
75_87
63
61_67_75_87
61_67
61_67
63_75_87
75_82
51
63_70
51
39
61_67
75_87
63
61_67_75_87
61_67
61_67
63_75_87
82_85
75_82
51
63_70
51
39
61_67
80_84
63
61_67
79_82
61_67
77_80
61_67
63
75_79
61_67
73_77
63
61_67
72_75
61_67
70_73
60_68
63_75_87
68_72
72_80
56
60_68
56
44
60_68
75_87
63
60_68_75_87
60_68
60_68
63_75_87
72_80
56
60_68
56
44
60_68
75_87
63
60_68_75_87
60_68
60_68
63_75_87
68_72
72_80
56
60_68
56
44
60_68
70_73
63
60_68
72_75
60_68
73_77
60_68
63
75_79
60_68
77_80
63
60_68
79_82
60_68
80_84
61_67
63_75_87
82_85
75_82
51
63_70
51
39
61_67
75_87
63
61_67_75_87
61_67
61_67
63_75_87
75_82
51
63_70
51
39
61_67
75_87
63
61_67_75_87
61_67
61_67
63_75_87
82_85
75_82
51
63_70
51
39
61_67
80_84
63
61_67
79_82
61_67
77_80
61_67
63
75_79
61_67
73_77
63
61_67
72_75
61_67
70_73
60_68
60_68_75_84
68_72
68_72
68
60
56
44
75_84
68_72
60
75_80
68_72
63
63_75
63_75_75_87
63_75
63_75
51
51
51
39
63_75
63_75_75_87
63_75
63_75
51
51
51
39
63_75
63_75_75_87
63_75
63_75
51
51
51
39
68
60_75_84
68_72
56
60
56
44
75_84
68_72
60
75_80
68_72
63
63_75
63_75_75_87
63_75
63_75
51
51
51
39
63_75
63_75_75_87
63_75
63_75
51
51
51
39
63_75
63_75_75_87
63_75
63_75
51
51
51
39
63
63
51
51
39
63
63
51
51
39
63
63
51
51
39
63
63
51
51
39
63
63
51
51
39
63
63
51
51
39
63
63
51
51
39
63
63
51
51
39
64
64
52
52
40
64
64
52
52
40
65
65
53
53
41
65
65
53
53
41
66
66
54
54
42
66
66
54
54
42
59_67
55_65
55_62
55
43
59_67
55_65
55_62
55
43
59_67
55_65
55_62
55
43
59_67
55_65
55_62
55
43
59_67
55_65
55_62
55
43
59_67
55_65
55_62
55
43
64_72
55_64
67_79
60_64_72
60
52
48
36
64_72
67_79
67
64_72
67_79
64_72
64_72
67
67_79
60_64_72
60
52
48
36
64_72
67_79
67
64_72
67_79
64_72
64_72
67_72_76
67_79
60_64_72
60
52
48
36
64_72
74_77
67
64_72_76_79
64_72_77_81
64_72
67_79_83
64_72
81_84
67
64_72_83_86
64_72_84_88
65_71
67_86_89
67_79
59_67_74
55
55
43
31
65_71
67_79
67
65_71
67_79
65_71
65_71
67
67_79
59_67_74
55
55
43
31
65_71
67_79
67
65_71
67_79
65_71
65_71
67_86_89
67_79
59_67_74
55
55
43
31
65_71
84_88
67
65_71_83_86
65_71_81_84
65_71
67_79_83
65_71
77_81
67
65_71_76_79
65_71_74_77
64_72
60_67_72_76
67_79
60_64_72
60
52
48
36
64_72
67_79
67
64_72
67_79
64_72
64_72
67
67_79
60_64_72
60
52
48
36
64_72
67_79
67
64_72
67_79
64_72
64_72
67_72_76
67_79
60_64_72
60
52
48
36
64_72
74_77
67
64_72_76_79
64_72_77_81
64_72
67_79_83
64_72
81_84
67
64_72_83_86
64_72_84_88
65_71
67_86_89
67_79
59_67_74
55
55
43
31
65_71
67_79
67
65_71
67_79
65_71
65_71
67
67_79
59_67_74
55
55
43
31
65_71
67_79
67
65_71
67_79
65_71
65_71
67_86_89
67_79
59_67_74
55
55
43
31
65_71
84_88
67
65_71_83_86
65_71_81_84
65_71
67_79_83
65_71
77_81
67
65_71_76_79
65_71_74_77
64_72
67_72_76
67_76
60_64
60
48
36
67_76
60_64
67_72
60_64
67_79
55_67_79_91
55_67_67_79
55_67
55
43
43_55
43
31
43
67_79
55_67_79_91
55_67_67_79
55_67
55
43
43_55
43
31
43
67_79
55_67_79_91
55_67_67_79
55_67
55
43
43_55
43
31
43
72
64
67_76
60_64
60
52
48
36
67_76
60_64
52
67_72
60_64
55
67_79
55_67_79_91
55_67_67_79
55_67
55
43
43_55
43
31
43
67_79
55_67_79_91
55_67_67_79
55_67
55
43
43_55
43
31
43
67_79
55_67_79_91
55_67_67_79
55_67
55
43
43_55
43
31
43
77
74
62_65
77
74
77
74
77
74
77
74
77
74
77
74
77
74
77
74
77
74
77
74
77
74
77
74
77
74
77
74
77
74
77
74
56
56
44
77
74
77
74
77
74
56
56
44
77
74
55
55
43
77
74
77
74
77
74
77
74_83
71_74_77_83
65_71
62
43
77
74
77
74
77
74
77
74
77
74
77
74
77
74
77
74
56
56
44
77
74
77
74
77
74
56
56
44
77
74
55
55
43
77
74
77
74
77
74
77
74_83
71_74_77_83
65_71
62
43
77
74
77
74
77
74
77
74
77
74
77
74
77
74
77
74
55
55
43
77
74
77
74
77
74
55
55
43
77
74
55
55
43
77
74
77
74
77
74
77
74
56
56
44
77
74
77
74
77
74
56
56
44
77
74
56
56
44
77
74
77
74
77
74
76
73_81
69_76_81
64_69
57
57
61_64
57
45
76
73
76
73
76
73_81_93
69_76_81
64_69
57
57
57
45
76
73_81_93
69_76_81
64_69
57
57
57
45
76
73
76
73
76
73
79
76
64_67
79
76
79
76
79
76
79
76
79
76
79
76
79
76
79
76
58
58
46
79
76
79
76
79
76
58
58
46
79
76
57
57
45
79
76
79
76
79
76
79
76_85
73_76_79_85
67_73
64
43
79
76
79
76
79
76
79
76
79
76
79
76
79
76
79
76
58
58
46
79
76
79
76
79
76
58
58
46
79
76
57
57
45
79
76
79
76
79
76
79
76_85
73_76_79_85
67_73
64
43
79
76
79
76
79
76
79
76
79
76
79
76
79
76
79
76
57
57
45
79
76
79
76
79
76
57
57
45
79
76
57
57
45
79
76
79
76
79
76
79
76
58
58
46
79
76
79
76
79
76
58
58
46
79
76
58
58
46
79
76
79
76
79
76
78
75_83
71_83
71
59
63_66
59
47
78
75
78
75
78
75_83
71_83
71
59
59
47
78
75_83
71_83
71
59
59
47
78
75
78
75
78
75
78
75
78
75
78
75
78
75
78
75
78
75
78
75
78
75
77
74_79_83
55_67_74_77
62_65_71
55
55
43_55
55
43
43
77
74
77
74
77
74_79_83
55_67_74_77
62_65_71
55
55
43_55
55
43
43
77
74_79_83
55_67_74_77
62_65_71
55
55
43_55
55
43
43
77
74
77
74
77
74
76
72_79_84
60_72_72_76
64_64_72
60
60
48_60
60
48
48
76
72
76
72
76
72_79_84
60_72_72_76
64_64_72
60
60
48_60
60
48
48
79
76_79_84
60_72_72_76
64_64_72
60
60
48_60
60
48
48
79
76
79
76
79
76
79
76_81_85
76_79
67_67_73
57
64
45_57
57
45
79
76
79
76
79
76_81_85
76_79
67_67_73
57
64
45_57
57
45
79
76_81_85
76_79
67_67_73
57
64
45_57
57
45
79
76
79
76
79
76
77
74_81_86
74_77
65_65_69
62
62
50_62
62
50
77
74
77
74
77
74_81_86
74_77
65_65_69
62
62
50_62
62
50
81
77_81_86
74_77
65_65_69
62
62
50_62
62
50
81
77
81
77
81
77
72_82
67_76_82_88
60_72_76_79
60_67_70
60
60
48_60
60
48
48
72_82
67_76_82_88
60_72_76_79
60_67_70
60
60
48_60
60
48
48
72_82
67_76_82_88
60_72_76_79
60_67_70
60
60
48_60
60
48
48
72_82
67_76_82_88
60_72_76_79
60_67_70
60
60
48_60
60
48
48
72_82
67_76_82_88
60_72_76_79
60_67_70
60
60
48_60
60
48
48
72_82
67_76_82_88
60_72_76_79
60_67_70
60
60
48_60
60
48
48
72_82
67_76_82_88
60_72_76_79
60_67_70
60
60
48_60
60
48
48
72_82
67_76_82_88
60_72_76_79
60_67_70
60
60
48_60
60
48
48
72_81
69_77_81_89
60_72_77_81
60_65_69
65
60
41_53
53
41
48
77_81
65_69
77_81
65_69
81_84
69_72
65
65
79_83
67_71
53
53
41
77_81
65_69
77_81
65_69
77_81
65_69
65
65
76_79
64_67
53
53
41
74_77
62_65
74_77
62_65
74_77
62_65
67
67
72_76
60_64
55
55
43
71_74
59_62
71_74
59_62
71_74
59_62
74_77
62_65
67
55
67
55
67
55
72
60
72_76
60_64
60
48
36
72_82
67_76_82_88
60_72_76_79
60_67_70
60
48
48
60
48
48
72_82
67_76_82_88
60_72_76_79
60_67_70
60
48
48
60
48
48
72_82
67_76_82_88
60_72_76_79
60_67_70
60
48
48
60
48
48
72_82
67_76_82_88
60_72_76_79
60_67_70
60
48
48
60
48
48
72_82
67_76_82_88
60_72_76_79
60_67_70
60
48
48
60
48
48
72_82
67_76_82_88
60_72_76_79
60_67_70
60
48
48
60
48
48
72_82
67_76_82_88
60_72_76_79
60_67_70
60
48
48
60
48
48
72_81
69_77_81_89
60_72_77_81
60_65_69
53
48
53
53
41
48
77_81
65_69
77_81
65_69
81_84
69_72
81_84
57_60
65
65
79_83
67_71
53
53
41
77_81
65_69
89_93
77_81
65_69
65_69
77_81
65_69
65
65
76_79
64_67
53
53
41
74_77
62_65
86_89
74_77
62_65
62_65
74_77
62_65
67
67
72_76
60_64
55
55
43
71_74
59_62
83_86
71_74
59_62
59_62
71_74
59_62
74_77
62_65
67
55
67
55_86_89
62_65
67
55
72
60
60
48
36
72_76
60_64
84_88
72_76
60_64
60_64
72_76
60_64
89_93
77_81
65_69
65_69
72
60
67
55_88_91
76_79
64_67
64_67
67
55
67
55
55
43
31
71_74
59_62
83_86
71_74
59_62
59_62
71_74
59_62
74_77
62_65
67
55
67
55_86_89
62_65
67
55
72
60
60
48
36
72_76
60_64
84_88
72_76
60_64
60_64
72_76
60_64
89_93
77_81
65_69
65_69
60
72
72
60_88_91
76_79
64_67
64_67
72
60
72
60
60
48
36
76_79
64_67
76_79
64_67
64_67
52_55
76_79
64_67
79_82
67_70
72
60
72
60
67_70
55_58
72
60
77
65
53
53
41
77_81
65_69
77_81
65_69
65_69
53_57
77_81
65_69
82_86
70_74
70_74
58_62
77
65
72
60_81_84
69_72
69_72
57_60
72
60
72
60
60
48
36
76_79
64_67
76_79
64_67
64_67
52_55
76_79
64_67
79_82
67_70
72
60
72
60
67_70
55_58
72
60
77
65
53
53
41
77_81
65_69
77_81
65_69
65_69
53_57
77_81
65_69
82_86
70_74
70_74
58_62
77
65
65
65_81_84
69_72
69_72
57_60
65
65
65_72_81
69_77_81_84
72_81_84
60_69_72
53
60
41_53
53
41
48
77_81
77_81
65_69
77_81
77_81
65_69
77_81
77_81
65_69
62_69_77
65_74_89_93
74_77_77_81
65_65_69
53
62
41_53
53
41
48
86_89
74_77
62_65
86_89
74_77
62_65
86_89
74_77
62_65
59_67_74
55_62_71_86_89
67_74_74_77
62_62_65
55
55
43_55
55
43
43
83_86
71_74
59_62
83_86
71_74
59_62
83_86
71_74
59_62
55_62_71_79
55_62_71_79_91
55_67_67_79
55_67_67
67
55
43_55
43
31
43
67
55
55
55
43
67
55
55
55
43
67
55
55
55
43
64_72
60
67
60
48
36
64_72
67
67
64_72
67_79
67
60_64
64_72
67_79
65_71
67
69_81
67
55
43
31
65_71
67
67
65_71
67_79
67
59_65
65_71
64_72
67
67
60
48
36
64_72
84_88
67
67
64_72_83_86
67
60_64
64_72_81_84
65_71
67_79_83
67
55
43
31
65_71
77_81
67
67
65_71_76_79
67
59_65
65_71_74_77
64_72
67_72_76
67
60
48
36
64_72
67
67
64_72
67_79
67
60_64
64_72
67_79
65_71
67
69_81
67
55
43
31
65_71
67
67
65_71
67_79
67
59_65
65_71
64_72
67
67
60
48
36
64_72
84_88
67
67
64_72_83_86
67
60_64
64_72_81_84
65_71
67_79_83
67
55
43
31
65_71
77_81
67
67
65_71_76_79
67
59_65
65_71_74_77
64_72
67_72_76
55_67
67
60
55
48
48
36
43
64_72
84_88
55_67
67_72_76
55
43
67
64_72_83_86
55_67_67_79
67_71_74
55
60
43
64_72_81_84
67_79
69_72
65_71
67_79_83
55_67_69_81
67_67_71
55
55
43
43
31
43
65_71
77_81
55_67
65_67_69
55
43
67
65_71_76_79
55_67_67_79
64_67_67
67
55
55
55
43
43
65_71_74_77
62_65
64_72
67_72_76
55_67
60_64_67
48
55
48
48
36
43
64_72
84_88
55_67
67_72_76
55
43
67
64_72_83_86
55_67_67_79
67_71_74
60
55
60
60
48
43
64_72_81_84
67_79
69_72
65_71
67_79_83
55_67_69_81
67_67_71
55
55
43
43
31
43
65_71
77_81
55_67
65_67_69
55
43
67
65_71_76_79
55_67_67_79
64_67_67
67
55
55
55
43
43
65_71_74_77
62_65
67_76
64_72_72_76
60_72_72_76
60_60_64
60
60
60
60
48
48
67_76
64_72_84_88
60_72_76_79
60_67_76
60
60
60
60
48
48
69_76
64_72_84_88
60_72_76_81
60_69_76
57
60
57
57
45
48
69_76
64_72_84_88
60_72_76_81
60_69_76
57
60
57
57
45
48
69_77
65_72_84_89
60_72_77_81
60_69_77
53
60
53
53
41
48
69_77
65_72_84_89
77_81
60_69_77
53
60
53
53
41
69_77
65_74_84_89
77_81
62_69_77
50
62
50
50
38
69_77
65_74_84_89
77_81
62_69_77
50
62
50
50
38
71_78
66_75_87_90
78_83
59_71_75
59
59
47
47
35
71_79
74_77_86_91
55_67_77_83
62_71_74
55_67
55
43
43
31
43
43
43
43
43
43
43
43
72_79
72_76_88_91
60_72_76_84
64_72_76
60
60
48
48
36
48
72_81
63_75_87_93
60_72_75_84
60_72_81
66
60
54
54
42
48
72_79
62_74_86_91
60_72_74_84
62_72_79
67
60
55
55
43
48
71_79
67_74_86_91
55_67_74_83
62_71_79
55
55
43
43
31
43
84_88
76_79
72_76
84_88
76_79
72_76
84_88
76_81
69_72
84_88
76_81
69_72
84_89
77_81
69_72
65_69
84_89
77_81
69_72
65_69
86_89
77_81
69_74
62_65
86_89
77_81
69_74
62_65
87_90
78_83
71_75
59_66
71_79
74_77_86_91
55_67_77_83
62_71_74
55_67
55
43_55
43
31
43
43
43
43
43
43
43
43
72_79
72_76_88_91
60_72_76_84
64_72_76
60
60
48
48
36
48
72_81
63_75_87_93
60_72_75_84
60_72_81
66
60
54
54
42
48
72_79
62_74_86_91
60_72_74_84
62_72_79
67
60
55
55
43
48
71_79
67_74_86_91
55_67_74_83
62_71_79
55
55
43
43
31
43
72_76
64_72_84_88
76_84
72_76
60
48
48
36
60
60
60
48
48
36
60
60
60
62
62
62
50
50
38
62
62
62
64
64
64
52
52
40
64
64
64
65
65
65
53
53
41
65
65
65
67
67
67
55
55
43
67
67
67
69
69
69
57
57
45
69
69
69
71
71
71
59
59
47
71
71
71
72
72
72
60
60
48
72
72
72
74
74
74
62
62
50
74
74
74
75
75
75
63
63
51
75
75
75
76
76_88
64_76_76
64_76
76
52
64
64
52
73_81
64_67
57
73_81
64_67
57
73_81
64_67
57
78_86
72_81_81_86
72_74_78
62_66_69
62
62
50
50
38
48
78_86
72_81_81_86
72_74_78
62_66_69
62
62
50
50
38
48
78_86
72_81_81_86
72_74_78
62_66_69
62
62
50
50
38
48
71_79
62_65
55
71_79
62_65
55
71_79
62_65
55
76_84
70_79_79_84
70_72_76
60_64_67
60
60
48
48
36
48
76_84
70_79_79_84
70_72_76
60_64_67
60
60
48
48
36
48
76_84
70_79_79_84
70_72_76
60_64_67
60
60
48
48
36
48
69
65
69_77
65_69
53
53
53
41
77_81
77_81
65_69
77_81
77_81
65_69
81_84
81_84
69_72
65
65_79_83
79_83
67_71
65
53
41
77_81
77_81
65_69
89_93
77_81
65_69
53
89_93
77_81
65_69
65
65_88_91
76_79
64_67
65
53
41
86_89
74_77
62_65
86_89
74_77
62_65
53
86_89
74_77
62_65
67
67_84_88
72_76
60_64
67
55
43
83_86
71_74
59_62
83_86
71_74
59_62
55
83_86
71_74
59_62
79_91
55_67_67_79
55_67_67
55
43
43
43
43
55
55
55
43
31
43
55
55
55
43
31
43
43
43
55
55
55
43
31
43
60
60_84_88
60_72_72_76
60_64_64
60
60
48
48
36
48
60
60
60
48
48
36
60
60
60
62
62
62
50
50
38
62
62
62
64
64
64
52
52
40
64
64
64
65
65
65
53
53
41
65
65
65
67
67
67
55
55
43
67
67
67
69
69
69
57
57
45
69
69
69
71
71
71
59
59
47
71
71
71
72
72
72
60
60
48
72
72
72
74
74
74
62
62
50
74
74
74
75
75
75
63
63
51
75
75
75
76
76_88
64_76_76
64_76
76
52
64
64
52
73_81
64_67
57
73_81
64_67
57
73_81
64_67
57
78_86
72_81_81_86
72_74_78
62_66_69
62
62
50
50
38
48
78_86
72_81_81_86
72_74_78
62_66_69
62
62
50
50
38
48
78_86
72_81_81_86
72_74_78
62_66_69
62
62
50
50
38
48
71_79
62_65
55
71_79
62_65
55
71_79
62_65
55
76_84
70_79_79_84
70_72_76
60_64_67
60
60
48
48
36
48
76_84
70_79_79_84
70_72_76
60_64_67
60
60
48
48
36
48
76_84
70_79_79_84
70_72_76
60_64_67
60
60
48
48
36
48
69
65
69_77
65_69
53
53
53
41
77_81
77_81
65_69
77_81
77_81
65_69
81_84
81_84
69_72
65
65_79_83
79_83
67_71
65
53
41
77_81
77_81
65_69
89_93
77_81
65_69
53
89_93
77_81
65_69
65
65_88_91
76_79
64_67
65
53
41
86_89
74_77
62_65
86_89
74_77
62_65
53
86_89
74_77
62_65
67
67_84_88
72_76
60_64
67
55
43
83_86
71_74
59_62
83_86
71_74
59_62
55
83_86
71_74
59_62
55_67
55_67_79_91
55_67_67_79
55_67_67
55_67
55
43
43
31
43
43
43
43
43
43
43
43
72
67
60_72
64
64
60
48
36
48
72
67
64
72
67
64
72
67
64
72
67_84_88
72_76
60_64
64
72
67
64
72
67
64
72
67_84_88
72_76
60_64
64
72
67_88_91
76_79
64_67
64
72
67
64
72
67
64
72
67
64
76
72
60
60
67
60
60
60
48
48
76
72
67
76
72
67
76
72
60
60
67
60
60
60
48
48
72
67
64
64
64
64
64
64
52
48
72
67
64
72
67
64
72
67
64
72
67_84_88
72_76
60_64
64
72
67
64
72
67
64
72
67_84_88
72_76
60_64
64
72
67_88_91
76_79
64_67
64
72
67
64
72
67
64
72
67
64
76
72
60
60
67
60
60
60
48
48
76
72
67
76
72
67
76
72
60
60
67
60
60
60
48
48
72
67
64
64
64
64
64
64
52
43
72
67
64
72
67
64
72
67
64
72
67_79_84
60_72_76
60_64_67
64
60
60
60
48
43
72
67
64
72
67
64
72
67_79_84
72_76
64_67
64
76
72_84_88
55_72_76
55_64_67
67
55
55
55
43
43
76
72
67
76
72
67
76
72
67
74
71_83_86
55_74_77
55_65_71
67
55
55
55
43
43
74
71
67
74
71
67
74
71
67
72
67_84
60_72_76
60_64_72
64
60
48
48
36
48
72
67
64
72
67
64
72
67
64
72
67_84_88
72_76
60_64
64
72
67
64
72
67
64
72
67_84_88
72_76
60_64
64
72
67_88_91
76_79
64_67
64
72
67
64
72
67
64
72
67
64
76
72
60
60
67
60
60
60
48
48
76
72
67
76
72
67
76
72
60
60
67
60
60
60
48
48
72
67
64
64
64
64
64
64
52
48
72
67
64
72
67
64
72
67
64
72
67_84_88
72_76
60_64
64
72
67
64
72
67
64
72
67_84_88
72_76
60_64
64
72
67_88_91
76_79
64_67
64
72
67
64
72
67
64
72
67
64
76
72
60
60
67
60
60
60
48
48
76
72
67
76
72
67
76
72
60
60
67
60
60
60
48
48
72
67
64
64
64
64
64
64
52
43
72
67
64
72
67
64
72
67
64
72
67_79_84
60_72_76
60_64_67
64
60
60
60
48
43
72
67
64
72
67
64
72
67_79_84
72_76
64_67
64
76
72_84_88
55_72_76
55_64_67
67
55
55
55
43
43
76
72
67
76
72
67
76
72
67
74
71_83_86
55_74_77
55_65_71
67
55
55
55
43
43
74
71
67
74
71
67
74
71
67
67_76
64_72_84_88
60_72_76
60_64_72
60
60
60
60
48
48
67_76
64_72_84_88
60_76_79
60_64_72
60
60
60
60
48
48
69_76
64_72_84_88
60_76_81
60_64_72
57
60
57
57
45
48
69_76
64_72_84_88
60_76_81
60_64_72
57
60
57
57
45
48
69_77
65_72_84_89
60_77_81
60_69_72
53
60
53
53
41
48
69_77
65_72_84_89
77_81
60_69_72
53
60
53
53
41
69_77
65_74_86_89
77_81
62_65_74
50
62
50
50
38
69_77
65_74_86_89
77_81
62_65_74
50
62
50
50
38
71_78
66_75_87_90
78_83
59_66_75
59
59
47
47
35
71_79
74_77_86_91
55_67_77_83
55_74_79
55
55
43
43
31
43
43
43
43
43
43
43
43
72_79
72_76_88_91
60_72_76_84
60_72_76
60
60
48
48
36
48
72_81
63_75_87_93
60_72_75_84
60_72_81
66
60
54
54
42
48
72_79
62_74_86_91
55_67_74_84
55_72_79
67
55
55
55
43
43
71_79
67_74_86_91
55_67_74_83
55_71_79
55
55
43
43
31
43
84_88
72_76
72_76
84_88
72_76
72_76
84_88
72_77
69_72
84_88
72_77
69_72
84_89
74_77
69_72
65_69
84_89
74_77
69_72
65_69
86_89
74_77
69_74
62_65
86_89
74_77
69_74
62_65
87_90
78_83
71_75
59_66
71_79
74_77_86_91
55_67_77_83
62_74_79
55_67
55
43
43
31
43
43
43
43
43
43
43
43
72_79
72_88_91
60_72_76_84
64_72_76
60
60
48
48
36
48
72_81
63_75_87_93
60_72_75_84
60_72_81
66
60
54
54
42
48
72_79
62_74_86_91
55_67_74_84
55_72_79
67
55
55
55
43
43
71_79
67_74_86_91
55_67_74_83
55_71_79
55
55
43
43
31
43
63_72
60_63_87_90
60_72_78_84
60_66_72
56
48
44_56
44
32
48
48
48
48
84
72
72
60
48
48
48
48
84
72
72
60
48
48
87
75
75
63
51
48
48
48
48
48
48
48
48
72_79
67_76_88_91
60_72_76_84
64_72_76
67
60
43_55
55
43
48
72_81
63_75_87
60_72_75_84
60_72_81
66
60
54
54
42
48
72_79
62_74_86_91
55_67_74_84
55_72_79
67
55
55
55
43
43
71_79
67_74_86_91
55_67_74_83
55_71_79
55
55
43
43
31
43
63_72
60_63_87_90
60_72_78_84
60_66_72
56
48
44_56
44
32
48
48
48
48
84
72
72
60
48
48
48
48
84
72
72
60
48
48
87
75
75
63
51
48
48
48
48
48
48
48
48
72_79
67_76_88_91
60_72_76_84
64_72_76
67
60
43_55
55
43
48
72_81
63_75_87
60_72_75_84
60_72_81
66
60
54
54
42
48
72_79
62_74_86_91
55_67_74_84
55_72_79
67
55
55
55
43
43
71_79
67_74_86_91
55_67_74_83
55_71_79
55
55
43
43
31
43
79_84
64_72
79_84
64_72
77_81
65_72
77_81
65_72
86
74_79
67_72
88
86
88
86
85
86
91
71
91
72_79
67_76_84_88
60_72_76_79
64_64_72
67
60
55
52
40
48
72_81
63_75_87_93
60_72_75_84
60_72_81
66
60
54
54
42
48
72_79
62_74_86_91
55_67_74_84
55_72_79
67
55
55
55
43
43
71_79
67_74_86_91
55_67_74_83
55_71_79
55
55
43
43
31
43
79_84
64_72
79_84
64_72
77_81
65_72
77_81
65_72
86
74_79
67_72
88
86
88
86
85
86
91
71
91
55_64_72
55_64_72_84
60_72_76
60_64_72
60
52
48
48
36
48
67
55
67
55_88_91
79_84
72_76
72
60
48
72
60_88_91
60_79_84
72_76
72
60
48
72
60
76
64
76
64
60
60
60
52
48_55
48
36
48
79
67
64
60
60
52
48_55
48
36
48
79
67
76
64
76
64_84_88
76_79
67_72
72
60
48
84
72_84_88
60_76_79
67_72
72
60
48
84
72
79
67
79
67
64
60
60
52
48_55
48
36
48
76
64
67
60
60
52
48_55
48
36
48
76
64
72
60
72
60_79_84
72_76
64_67
72
60
48
84
72_79_84
60_72_76
64_67
72
60
48
84
72
79
67
79
67
60
60
60
52
48_55
48
36
48
88
76
64
60
60
52
48_55
48
36
48
88
76
84
72
60
84
72_76_79
67_72
60_64
72
60
48
79
67_76_79
64_67_72
60_64
72
60
48
79
67
76
64
67
76
64
60
60
52
48_55
48
36
48
72
60
72
60
60
52
48_55
48
36
48
72
60
48
76
64
48
76
64_84_88
76_79
64_72
72
60
48
48
79
67_84_88
60_76_79
64_72
72
60
48
48
79
67
48
76
64
48
76
64
60
60
60
52
48_55
48
36
48
84
72
64
60
60
52
48_55
48
36
48
84
72
48
79
67
48
79
67_79_84
72_76
64_67
72
60
48
48
76
64_79_84
60_72_76
64_67
72
60
48
48
76
64
48
72
60
48
72
60
64
60
60
52
48_55
48
36
48
67
55
67
60
60
52
48_55
48
36
48
67
55
48
72
60
48
72
60_88_91
79_84
72_76
72
60
48
48
76
64_88_91
60_79_84
72_76
72
60
48
48
76
64
48
72
60
48
72
60
60
60
60
52
48_55
48
36
48
79
67
64
60
60
52
48_55
48
36
48
79
67
48
84
72
60
48
84
72_84_88
76_79
64_72
72
60
48
48
79
67_84_88
64_76_79
64_72
72
60
48
48
79
67
48
76
64
67
48
76
64
60
60
52
48_55
48
36
48
72
60_84
72_72_76
60_64_72
60
52
48_55
48
36
48
64_72
60_67_84_88
72_72_76
60_64_72
60
52
48_55
60
48
48
64_72
60_67_84_88
72_72_76
60_64_72
60
52
48_55
60
48
48
64_72
60_67_84_88
67_72_76
60_64_72
60
52
48_55
55
43
48
64_72
60_67_84_88
64_72_76
60_64_72
60
52
48_55
52
40
48
64_72
60_67_84_88
60_72_76
60_64_72
60
52
48_55
48
36
48
67_74
62_71_83_86
55_67_71_74
62_62_67
55
55
43_55
43
31
43
72_76
64_72_84
60_72_72_76
64_64_72
60
60
48_60
48
36
48
71_79
67_74_83_86
55_67_71_79
62_67_74
55
55
43_55
43
31
43
76_84
72_76_84_88
60_72_72_76
60_64_72
60
52
48_60
48
36
48
55_62_71_79
55_62_71_83_86
55_67_71_79
62_67_74
55_67
55
43_55
55
43
43
60_67_76
55_64_72_84_88
60_72_72_76
64_64_72
48_60
60
48_60
60
48
48
67_74_83
55_62_79_86_91
55_67_74_83
62_62_71
55_67
55
43_55
55
43
43
67_76_84
60_67_76_84_88
60_72_76_84
60_64_72
48_60
52
36_48
48
36
48
