38
57
62
69
62
57
54
45
62
38
57
62
69
62
57
54
45
62
66
38
57
69
62
57
64
61_69
67
57
66
50
57
69
62
57
59
69
62
57
61
38
57
67_69
64
57
62
69
59
61
57
62
64
50
57
67_69
61
57
66
60
69
74
50
67
59
38
59
74
62
59
66
58
62
67
59
50
59
74
62
59
62
55
54
55
59
38
64
55
59
71
59
55
66
60
57_62
64
72
66
67
59
62
50
59
74
62
59
68
62_65
59
60
57
61
30
66
69
57
49
61
73
66
57
68
62
65
59
74
57
61
66
42
69
57
66
73
66
57
58_62
50
67
43
66
66
54
62
62
38
57
69
62
57
64
58
61
70
55
66
57
62
38
57
69
62
57
64
61
55
46
66
62
54
59
35
54
62
59
66
54
42
57_62_69
50
74
42
61_73
28_62
40_69
47
62
69
62
55
54_59_62_67_71
52
62
64
55
59_62
33
52
59
62
66
69
67
66
64
62
59
55_57_61
54
52
47
49
45
54
62
38
66
74
45
73
54
71
69
62
71
55_64_73
71
45
73
54
38
62
66
74
45
73
54
71
69
62
66
54
59_67
66
45
67
61
55
38
69
45
67
64
55
67
61
69
62
71
54
69
45
61_71
62
38
64
55
61
73
45
71
55
69
71
61
73
60
66
74
73
50
71
74
67
62
59
76
38
74
62
71
73
59
74
66
58_74
73
62
74
67
59
62
76
38
74
62
71
67
59
69
62
55
71
69
54
63_71
55_64
59
72
38
71
67
59
69
55
71
66
57
72
73
62
74
67
62
59
76
38
74
62
71
73
59
74
68
74
58
76
62
67
68_77
45
38_54
62
69
78
57
76
66
74
73
69
74
67
61_70
76
74
58
76
54
45
38
62
69
78
57
76
66
74
73
62
71
67_73
64
66_74
58
67_76
54
59
35_62
66
74
54
73
62
71
70
66
71
64
73
67
58
71
55
73
54
35
59
62
66
74
54
73
62
71
70
59
71
63
72
57
71
42
62
63
72
31
62
50
58
55
70
50
67
62
60
67
58
70
55
50
74
43
72
60
62
28_40_69
74
50
78
55_79
81
62
79
70
67
58
74
52
62
64
33
55_58_62
74
52
70
69
55
67
64
69
62
70
67
64
62
64
62
61
55
57
54
52
45
62
33
62
54
38
45
66
54
57
59
64
61
62_66
57
59
55
61
54
52
62
50
66
47
45
69
42
62_71
38
73
64
37
74
35_62_71
54
78
59
66
59
73
64
54
74
66
54
64
61
47
54
66
62
59
73
64
66
73
64
59
74
71
54
52
62
68
59
76
64
61
69
33
73
81
52
57
64
57
62_71
52
64_73
52
62
59
45
52_61_64
62_71
64
73
64
57
74
71
52
74
52_71
45
73_76
40
72
60_69
33
52
76
57
64
57
62_71
52
64_72
52
59_62
45
64
60
52
57
71
62
64
64_72
57
71_74
52
60
76
64_67_72
52
78
66_69_72
45
67
71
28
76
47
83
55
59
64
59
66_69
55
67_71
59
57_66
40
59_67
47
52
66_69
59
66
69
52
67_71
59
69_72
64
63
74
71
62
31
59_67_71
50
50
74
55
62
55
66_69
50
67_71
50
57_60
43
50_59_62
55
66_69
62
71
67
55
66_69
50
50_67_71
43
72
69
38
31_43_62_70_74
50
66_69
55
62_67_70
55
72
69
50
70_74
62
43
76
64
38
65_70_74_77
29_41
50
58_70
53
62_65_70_74
53
65_77
50
67_74_79
41
69_81
38
28_40_70_74_79_82
50
66_78
55
79
67
74
62
58
55
81
69
50
79
70_74_82
43
84
72
40
85
73
79
82
39
27
46
86
74
55
75_87
82
58
61
90
78
82_85
67
79_85_91
70
73
93
81_85
73
79
94
82
86_91
28
40
47
95
83_91
86
55
93
90
81_86
62
64
91
79
88
83
67
90
78_86
83
69
71
83_88
76_79
67
86
66_74_78
83
64
83
71
74_79
62
81
78
59_69
74
57
79
67
71
76
55
78
66
57_74
71
55
76
64
73
45
78
38
66
74
45
86
54
62
64
66
76
73
64
58_67
55
85
46
78
66
74
38
45
86
54
57
59
61
71
66
59
62
54
79
45
73
61
67_69
38
45
81
55
61
62
64
66
62_71_74
54
83
73
45
62_71_74
61
38_67
73
76
45
85
55
61_64
66
67
78
66
74
69
60
62
86
50
67
71
38
76
79
55
59
88
64
67
69
71
78
66
75
72
63
87
57
67
38
71
76
79
55
59
88
64
63
64
66
74
62
67_71
59
83
50
38_64_67_73_76
45
85
55
64
61
66
67
78
66
74
69
60
62
86
50
79
38
67
71
76
55
88
59
67
64
69
70
80
68_71
65_77
59
89
50
61
66
69
73
30_37
81
57
90
61
69
71
72
73
80
65_68_74_77
62
89
59
42
61
66
69
49
73
81
57
90
61
66
67
68
69
79
67
74
70
62
58_88
50_78
81
79
38_66_74_78
45
86
54
62
64
65
66
76
64_73
67
58
55
85
46
78
66
74
38
45
86
54
62
64
66
76
64_73
67
58
55
85
78
46
74
62
66
35
54
83
59
62
61
66_78
59
42
81
69
74
57
52
86
74
50
42
28_73_74_81_85
40
47
93
55
62
66
69
67_83
71
74
79
62
91
55
76
62
67_71
33
45
79
52
59
62
66
67
66
64
62
59
62_74
52
73
61
57
67
54
81
52
47
45
62_74
33
74
71
62
35
47
83
53
54
59
61
62
54
47
72
69
60
28_62
40
62
74
57
55
50
40
70
58
67
50
79
58
54
33
62
69
45
78
54
57
59
62
61
59
57
59
57
54
67
55_61
57
54
73
52
45
33
66
66
54
62
38
45
74
54
57
59
64
61
66
62
57
59
55
61
54
57
62
59
66
61
62
69
64
66
74
69
76
73
59_62_66_68_71_74_78
55_64
61
45
62
62
45_54
38
