54_66
54
54_66
54_66
54_66
54_66
54_66
54_66
42_47_50_54_78_83_86_105
93_98
69_81_95
71_74
92_104
68_80
90_102
78
66
74
102
90
78
98
66_74_95
71
101
89
77
65
100
76_88
64
76_88
95_100
64_92
68_71
75_87
99
63
98
86
74
62
98
68
62_71_74_86
95
92
73_85_97
61
95
83
71
59
95
65_71_83_86_89
59
62
90
70_82
94
58
93
69_81
57
93
69_81
65_89
62_86
57
80
68_92
56
90
93
81
69
57
82_94
70
58
81_93
69
57
58_70
94
82
65_97
61_73_85
89
95
71_83
59
69_93
81
57
93
83_86
81
59_62_69
57
80_92
68
56
78_90
66
54
62
59
62_66_78_90
54
83_86
65
77_89
53
64
88
76
52
76_88
64_80_83
59
52_56_82
75
63_87
51
62_86
74
50
62_86
50_56_59
74
80_83
85
73
61
49
83
71
59
47
83
71_74
47_53_59
50_77
78
56_68_80
44
57_69_81
45
82
70
58
46
81
69
45_57
58_70_82
46
61
49
53_73_85
77
71_83
59
47
57
69
45_81
81
69_71_74
45_47_57
50
56_68_80
44
74
54_66_78
42
54
78
42_50_66
47_74
71
53_65_77
41
76
52_64
40
76
44_47_52_64_68_71
40
51_63_75
39
62_74
50
38
74
62
50
38
61_73
49
59
47_71
68
56
44
66
54
42
53_65
41
61
49
37
35_47
59
57
45
33
42
30
54
34
53
41
29
52
40
28
34
27_27_39_39_51_54_57_61_66
85
73
54_66_78
57_61
54
57
30_30_42_42_52_54_57_60_66
84
72
69_78
64
57_60
32_32_44_44_54_56_59_62_66
71_83
78
66_74
54_62
59
54
66
26_50_66
38
54
58
46
50
38
50
26_38
62
66
54
82
70
66_78
54_74
58_62
66
54
57
33
45_66
54
57_62
45
33
69_78_81
54_66
74
57_62
54_66
54_66
32_32_44_54_56_60_66
60
32
54
80
68
66
56_72_78
51_60_75
66
66
54
66
54
66
54
78
66
54
66
54
35_47
47
50
54
59
78_90
86
83
66_78
59_62
54_71_74
23
35
30
50
42
47_54
50
59
62
54
66
59
62
71
74
66
78
71
83
74
86
86
78
90
83
98
95
86
92
104
102
98
95
90
86_89
83
90
98
95
90
86
78
77
71_74
78
86
83
78
74
66
62_65
59
66
74
71
66
62
54
50_53
47
54
62
59
54
48
42
41
44
32
66_78
56_62_71_74
54
59
49
61
25_37
73_85
59_61
53_56_65_77
61
42_57_66
49
54
68
56
57
61
69
66
39
56
73
57
61
66
72
44
32
66
60
51
54
76
57_69
60
66
68
64
56
60
56
75
66
63
54
60
56
49
37
44
73
64
52
56
61
56
75
63
64
68
76
46_56
68
52
73
61
63
80
64
68
73
79
39
51
67
76
73
55
61
83
64
71
67
73
71_75
63
61
67
63
82
70
61
67
63
44_54_60
81
69_72
66
72
75
66
63
66
61
64
49
52
59
76
68
58
78
70
64
79
42
79
52
67
70
58
67
64
52
70
73
64
61
64
66
47_62
50
59
74
57
76
56
66
62
78
78
66
74
44_71
32
62_66
54
59
66
54
62
59
90
78
66
62
54_59
88
76
86
74
33_85
73
78
45
66_78
62
78
66
62
54
59
83
71
78
62_66
54
59
81
69
80
68
35
47
80
68
74
74
59
54
74
62
59
54
78
66
59_74
54_62
76
64
74
62
68
59
66
50
38
66
59
66
59
37_49_59_61_65_73
42
66
59
57
54
66
49
68
61
59
56
49
69
39
61
57
54
49
73
66
61
57
54
72
51
44
32
60
44
66
69
54
60
75
76
60_66
76
69
52
80
81
82
87
88
80
54
78
72
69
57_75
68
66
60
57
49
73
56
66
64
61
56
75
68
66
63
56
46
76
68
64
61
56
56
80
73
68
64
61
58
51
39
79
67
51
58
73
76
62
67
82
59
83
73
67
76
87
88
94
95
87
61
85
79
76
82
64
75
73
67
64
63
81
44_60
44
54
64
60
63
60
66
66
75
69
68
66
68
60
37
49
68
56_61
52
56
76
64
68
78
61
61
64
70
73
79
74
58
52
42
79
76
42
52
62
58
61
62
64
64_73
58
67
66
64
66
58
35
47
42
66
54_59
50
54
62_74
66
76
59
59
62
68
71
78
73
74_78
32
44
54_62
66
59
71
62
78_90
83
71
66
74
76_85_88
86
74_77
80
78_85
73
33_45
59
50
54
62
66
59
83
71_76
62
59
78
81
78
69
80
73
68
80
68
74
35
47
59
54
62
59
69
66_78
73
76
71
64
68
74
66
62
69
68
59
64_66
63
62
61
59
54
57
59
65
73
37
56
42_49_57_66
61
66
52_57_61_66_69
72
73
81
66
56
50_80
59
78
76
74
49
65
61
59
73
77
71
69
68
66
45_54_61
78
64_66
61
66
66
57
47_63
69
72
73
81
66
44_54
59_62
80
78
76
74
61_65_73_77
49_59
71
69
68
66
49_57
42_66_78
73
78
85
81
42
52
79
78
55
77
86
78
50_54
74
76
59_73
71
80
59
76
62
74
73
65
72
73_81
61
57
69
68
66
64
73
52
61
64
45
68
61
57
66
44_66
60
72
51
56
68
60
51
66
59
50_50_71
42
68
59
42
66
69
57
49_57
49
61
66
69
66
61
40_52_57
72
73
81
66
56
59_80
50
38
78
76
74
49
37_61_65_77
73
59
71
69
68
66
54
47
35_62
78
66
59
62
68
66
61
45
69
33
72
73
81
68
80
66
44_60
32
78
69
76
74
59_71
65
37_49
73
77
71
74
69
42
68
49
73
57_61_66
66_78
90
78
81
49
42
88
79
55
78
77
85
49_78
52
77
78
58_70
73
71
73
79
52_55_76
74
74
76
73
59
79
72
78
73
58
61
78
72
73
64
66
76
67_76
76
67_72_72_72
60_64_67
71
64_67
60
70
55
69
70
64_68
67
54
64_66
61
65
64
58
52
63
62
42
61
35
47
62
59
54
47
66
71
57_71_74
62
66
77
78
54
86
61_71_85
64
55
83
52
81
79
70
61
64
54
78_82
76
49
74
73
83
71
59_71
50_66
69
66
47
71
73
68_71
52
59_64_74
77
59_78
86
55
49
71_85
67
64
83
52
81
79
70
54_61
64
78
82
76
58
74
73
71
54_59
62
47
71_83
78
83
59
90
47_86
57
84
60_83
82
91
83
55
59
82
64
83
79
64_85
81
67
79
78
70
77
77
78_86
66
62
74
71
69
66
57
50_78
69
73
62
66
71
65
71
49
56
61
77
73
65
56
71
64
55
76
47_55
73
47
64
71
62
74
54
54_62
66
71
71
66
45_57_62
74
77
78
86
71
55_61
64
43
85
83
81
79
54_70
42_61
64
78_82
76
74
73
71
40_52_59
64_67
83
71
64
67
73
66_71
59
50
38
74
77
78
86
73
49_65
37
71
85
83
74
81
79
70
64_76
42_54
78_82
76
79
74
73
47
54
78
83
66
71_74
62_71
47
54
59
62
66
73
74
83_86
78
74
71
66
62
59
54
62
66
54_59
32_44
44
32
44
54
62
61_66
73
62
74
66
78
73
85
74
86
78
90
85
97
86
90
97_102
90
85
83
78
73
71
66
62
61
61
56
66
62
47
66
62
40
39
59
68
56
62_66
40
66
28
70
58
66
70
67
61
55
70
47
67
71
59
62
70
55_67
47
73
61
61
70
67
40
73
61
61
56
47
62
66
62_66
38
59_74
62
62
66
59
40
28
66
66
70
58
70
61
64
67
55
63_70
47
67
62_71
59
47
55_70
67
61_73
70
61_67
40
73
61
61
56
66
47_62
62_66
40
59
74
62
61
66
40
62_66
28
73
61_67
61
70_73
55
47
70_73
67
62_74
62
55
47
67
70
61
76
67
64_70
40
61
77
65
57_66
47_70
70
66
40
62
66_78
71
66
40
28_66_71
67
73
61
61
67_73
64_70
55
63_73
70
47
67
74
62
62
47_55_67
70
76
61_64_67_70
40
61
77
65
70
47_57
66
70
66
38
62
78
66
71
66
40
28
71
66
81
52
69
57_65
63
60
54_80
72
69
81
64
57
65
80
60
69_72
63
66
78
61
69_75
66_69
61
68
76
73
69
77
68
73
69
78
66
40
63_81
69
65
54
52_57_60
80
56
72
69
64
57_81
65
80
60
63_72
69
66
78
69
66_75
61
61_69
65
61
68
76
73
69
77
68
73
69
78
66
72
60_66_68
57
52
63
54
59
69
60
71
66
62
57
72
63
74
69
60
65
75
66
76
71
68
63
77
69_72
80
73
61
52
73
69
61
61_66
69
73
61_78
66
73
66_69
61
73
61_69
46
55
61
76
64_67_73
47_54_59_63_66_71_75
56_65_70_74
56
57_64_69_73
54_63_68_72
55_62_67_71
53_62_68_71
54_61_66_69
49_59_64_68
59
49
50_57_62_66
46_55_61_64
47_54_59_62
47
54
59
62
66
62
61
61
56
64
62
40_47
59
64
66
68
72
68
62
52
45
64_76
80
84
72
68_88
80
84
62
72
68
66_78
84
90
68
74
84
68
80
84
92
76
72
84
68
73_80
61
69
52
45
81_85
92
73
69
85
81
78
66
85
81
85
81
90
73
85
69
81
69
77
65
80
85
73
89
68
80_85
71
76
64
85
81
73
69
88
85
72
62
68
45
52
64_76
80
84
88
72
68
84
80
66
78
84
90
68
74
84
45_52_68_72
80
68
84
92
76
72
84
80
68
73
61
69
85
81
92
73
69
85
81
78
66
69
85
81
90
73
69
85
81
77
65
68_71
80
85
73
89
68
80
85
76
64
73
85
81
69_73
88
85
81
77
73
67
57
69_81
85
89
93
73_77
89
85
83
71
81
85
89
95
79
73
89
73
85
89
97
81
77
89
78
66_74
85
73
86_90
78
97
74
90
86
71
83
90
86
78
95
74
90
73
81
69
67
64
58
85
88
93
76
73
88
85
79
67
76
85
88
73
91
85
88
79
67
74
66
62_71
59
83_86
91
71
74
86
83
78
66
86
83
90
74
71
83
86
78
66
83
86
90
74
71
86
76
64
76
64
78
83
71
88
66
78
76_78
64_66
58_74
70
50_62
78
82
88
70
66
78_82
62_74
78
82
86
70
66
78
82
76
81
62_64_69
86
81
73
69
88
74
86
81
66
78
81
86
90
69
51_74
86
57
81
61
90
90
78
66_85
68
80
85
90
92
78
73
85
90
69
81
85
90
93
78
73
90
85
89
77
84
68
71
83
60
65
89
84
77
95
72
89
84
69_81
89
84
52
77
72
93
84
89
85_88
76
81
80
69
68
64
61
85
81
92
73
69
81_85
78
66
85
73
81
85
81
90
73
69
81
85
68
77
65
80
85
73
68_89
80
85
88
76
69
64
76
85
81
88
69
73
85
81
86
74_82
67
79
70
62
67
82
88
76
91
70
82
88
78
66
82
86
90
74
70
86
82
65_77
82
86
74
70
89
86
82
73_85
64
78
66
85
82
73
90
70
82_85
67_79
86
74_78
52
59
83
86
91
74
71
86
83
78
66
83
71
83
86
62_66
71_74
90
86
61_70_78_85
76
64
66
78
82
88
70
78
82
66
86
74
69
74
62
59
78
81
86
66
69
78
85
77
65
73
61_80
65
68
80
86
68_74_89
80
86
76
64
80
85
88
73
68
85
80
75
63
80
85
87
73
68
85
80
84
64_76
62_72
80
84
72
88
68
80
84
65
77
85
73
76
61
52
81
57
81
85
73
89
69
81
85
61
64
76
81
85
73
69
88
81
85
62
74
62
81
76
86
64
69
76_81
64
73
61
76
81
85
69
64
81
76
65
73
57_61_61
47
74
77
62_85
65
74_77
71
59
74
77
83
62
77
74
66
62
69
40
57
71
73
61
59_81
71
73
56
68
56
71
74
80
59
71_74
80
61_65
73
57_61
47
35
74
77
85
65
62
74
77
71
59
74
77
83
62
77
74
64_69
40_57_62
71
73
81
61
59
71
73
68
56_56
71
74
80
59
62
71
74
68
56
71
74
80
62
59_71
74
67
55
74
79
58
70
74
67
55
71
79
59
62
71
74
66
54
70
74
78
58
70
74
66
54
71
78
62
71
74
65
53
70
74
58
77
70
74
65
53_71_83
69
74
77
57_62
69_74
52
64
68
74
45
62
76
56
51
68
74
55
84
72_80
62
76
45
74
67
52
68
78
60
69
61
70
62
80
74
68
71
63
72
64
85
68
73
81
61
80
73
57
69
72
71
66
61
57
78
70
73
69
61
66
68
81
57_69_77
61_65
73
69
68
65
61
66
61
57_64
66_76
73
61
65
57
71_83
64
45
52
56
84
80
72
62
45_76
74
67
52
68
56
78
60
74
69
61
70
62
74
68
80
74
71
63
72
64
69_80
73
85
68_73_81
61
57
72
71
70_78
73
66_81
61_69
57
66_69
61
68
77
73
83
71
61
57_65
68
65
61
66
61_64
76
66_73
73_85
57
61
65
57
45
64
55
85_89
77
61
45
81
79
55
72
61
73
83
66_79
74
67
75
73
85
73_79
61_65
76
68
67
77
69
85_90
78
57_66_78
62
74
77
76
62
66_71_75_83
78
66_74
70
73
86
70_74
66_82
62_78
74
73
65
72
66_69
62
78_81
71
74
70
66
88
76
62
54
69
45
55
77_85_89
61
81
45
79
69
61_65
55
72
61_73
83
65_71
79
61_66
74
67
75
73
73
61
65
85
79
76
69
77
70
85
78
90
74
78
57
86
62
66
77
76
71_83
66_75
78
62
74
66
70
73
70
66
62_82
78
74
73
65
72
69
62
66_78
71_81
74
70
66
62
69
63_67
34
46
73
61
52
67
64
62_74
35
47
64
67
55
52
62
76
64
56
68_74
77
65
36
48
56_75
53_72
63_79
67
57
75
72
80
68
37
49
58_76
73
52
81
69
64
57
76
73
81
69
42
52
72
76
55
82
70
55
67
55
76
73
82
70
40
47
55
73_79
57
83
71
67
73
79
55
84
72
39
46
79
76
55
58
73_85
67
55
79
76
85
73
43
53
83
79
59
59
86
74
71
59
80_83
87
75
40
52
85
81
57
88
76
61
64
85
81
69
87
69
73_75
61
85
81
61
49
85
81
88
76
40
85
52
81
85
81
87
75
67
71
59
79_83
83
79
61
49
88
76
40
83
52_79
83
79
87
75
66
70
58
82
78
61
82
49_78
88
76
40_82
52_78
82
78
59_67_75_87
83
79
79_83
59
49
88
76
83
40_52_79
83
79
87
75
58_66
82
78
58
49
82
78
76_88
40
52
82
78
82
78
57_87
65_75
81
77
57
48
81
77
88
76
40_52
46_81
77
76
81
76
87
87
56_60_64_75_80
84
75_84
80
51
75_84
80
80
84_88
40_52_74_76
84
80
74_76
40
28
80
84
74_76
88
41_57_76
50_81
48
81
95
83
86
81
83_95
84
81
83_95
84
81
95
83
81
95
83
81
83
95
81
57_76
72
48_52
45
95
83
81
83
95
83
81
81
83_95
36
43
81_81
76
72
52
95
83
79
81
95
83
78
81
95
41_83
85
50
48
81
57
76_81
88
95
83
81
86
95
83
81
84
95
83
81
84
95
83
81
83_95
81
83_95
81
57_72_76
48
45_52_83_95
81
83
83
95
81
81
83_95
81
36
43
81
72
76
83_95
52
81
79
83_95
81
78
95
83
41
81
50
48
88
57_76
81_83_95
81
86
83
95
81
84
83
95
81
84
83
95
81
83
95
81
57
52_81
72
45_48
83
95
81
50
41
83
95
76_81_88
57
81
83_86_95
81
84
83_95
81
84
83_95
81
83_95
81
57
48_72_81
83_95
81
50
41_48
83_95
88
76
81
57
81
86
83
95
81
84
83
95
81
84_90
54
52_57
45
83_95
81
78
83_95
81
90
83_95
81_90
84
52
54
57
45
83_95
78
81
83_95
90
81
83_95
84_90
51_54_56
44
81
78
78
83_95
81
90
90
83_95
42
81
49
51
81_93
81_85
57
92
90
90
85
49_57_81
52
45
88
87
38
45
86
81
78
54
85
86
42
49
51
90
78_81
57
88
87
87
76_81
45_52_57
85
83
38
45
81
74_78
54
80
74
81
42
49
57_88
76_81
57
87
85
85
52
57
45_81
73
42
49
85
73
57
83
81
81
54_57_78
69
50
42
51
85
73_78
57
83
81
80
81
73
52
57
45_69_73
42
51
81
69
73
57
80
78
78
66
69
50_54_57
51
81
49
69_73
57
80
78
78
76
75
75
66
63
69
61_73
71
58
59
71
59
63
66
56_70
69
56
69
60_63
57
56
68
66
66
57
54_61
52_64
63
51
51_63
54
49_61
59
47
59
47_50
54
46_58
57
45
69
57_61
45
33
56_68
67
55
57_67
61
57
61
54_66
65
53
65
53
61
45
57
61
52_64
51_63
63
51
61
57
61
62
50
61
49
61
49
57
49
57
33
59
47
57
45
45_57
61
49
57
56
44
43
55
55
43
61
49
55
42
54
41
53
53
41
61
49
53
40
52
39
51
51
39
61
49
61
49
57
38_50
49
37
47
35
45
33
32_44
43
31
43
30_42
49
41
29
49_61
56
40
28
49
58
55
39
27
60
51_54
32_44
60
61
63
66
60
45
54
52
59
50
54
60
54
44
51
68
69
73
61
39
45
72
66
60_62
54
60_64
45
52
66
54
60_66
54
44_63
51
61_73
63_75
51_80
68_72
78
66
71
50
42
70
66
49
78
50
66
41
41
51
41
51
78
66_69
57
77
75
75
69
63
59
74
73
73
58_61
63
65
66
63_66
57
72
71
71
59
54
56
61
63
63
57
53
70
69
66
53
51
65
63
62
56
34_53
46
62
63
56
58_65
59
63
68
56
62
53
47
52_61
56
62
46
53
70
71
62
63_75
65
70
40
47
74
64
62_68
56
54_66
62
47
68
56
68
62
46_56_65
53
63
75
77
65
82
70_74
46_53
80
68
73
52
44
68_72
52
43
80
51
42
80
50_68
41_71
79
77
77
68
62_65
76
75
75
60
65
63
67
68
68
65
43_53_59
74
73
73
56_59_63
63
65
59_65
55
72
71
68
55
53
59
67
65
64
52_58_60
60
62
48_60
64
68
64
60
46_58
40_52
69
60_64_69
45
57
69
71
43_55
72
76
64_68_72
42_54
36_48
65_77
65_72_77
68
41
53
65
67
39_51
68
68_72
64
50
38
44
32
73
73
64_68
37_49
61_73
75
63
35_47
64_76
68_80
72_76
34_46
28_40
81
69
69_81
72_76
36_45
33_40
71_83
72_84
74_86
87
75
41
48
75_84
80
56
88
76_81_84
48_57
45_52
84
72
86
74
75_87
76_88
42
49
85
76_81
57
89
77_85
46_58_82
49_53
73_85
75
87
43
50
89
77
82_86
58
90
78
47_83_86
50_54_59
74_86
88
76
78_90
84
56
44_51
39
46
79_87_91
82
55
87
75
77_89
91
79_85
49
55
45
41
49
92
80_85
56
77_89
91
79
80_92
48_53_85
46
38
45
81_86_93
53_93
86
53_81
89
77
79_91
81_85_93
46_49_53
38
45
93
53_81_86
89
77
79_91
81_85_93
46_49_53
38
45
93
81_86
53
77
65
46_67_79
73
77
53
60
80
68
81
69
74_77
53_57_62
50
77
65
46
53
55
79
67_73
77
61
68_80
81
69
74_77
62
53_57
50
65
53
77_89
44_49_83
37
65
53
65
74_77_79
43
35_47_86
65
53
82
70
46_73
34_41
65
53
77
65_67_73
45
33
53
65
65
53
65
53
72
44_60_62_65
32
65
53
59
53_55
31_43
65
53
65
53
62
50
64
52
65
53
58_67
64
55
48
79
76
88
70
76
78
75
87
70
75
76
73
85
70
73
75
68
56
49
72
84
68
72
76
73
85
68
73
78
75
87
68
75
76
73
85
68
73
46_52
64
52
36_55
46
34
67
64
76
58
64
66
63
63
75
58
63
64
61
73
58
61
63
56
52
37
60
44
72
56
60
64
61
73
56
61
66
63
75
56
63
64
64
61
73
56
61
60
64
57
69
52
57
61
56
68
52
56
66
63
75
56
63
64
61
73
56
61
57
60
61
52
69
56
58
59
51
68
54
56
49_57
66
52
55
56
48
64
51
37
54
63
44
56
32
52
61
44
56
37
51
54
63
44
56
32
52
61
44
56
25
64
52
68
56
69
57
70
64_67
58
51
61
82
79
85
81
73
82
91
81
82
78
85
81
82
73
90
81
82
76
85
81
73_82
88
71
64
59
52
82
75
79_83
82
71
87
79
82
76
79_83
82
71
88
79
78_82
79_83
71_82
90
82
76
79
83
71
88
64
49_58
55
39
70
67
73
69
61
69_79
70
66
73
69
61
70
69_78
70
64
73
69
61
70
76
69
59
70
55
63
40_47
67
71
59_70
67_75
70
64
67_71
59
70
76
67
70
66
71
67
59
64
78
67
70
64
71
67
59
76
64
63
64
67
55
63
72
64
59
63
67
64
55
71
64
66
70
67
71
59
78
67
70
64
71
67
59
59
76
76
60
63
55
72
64
59
61
54
71
62
57
59
69
52
60
55
58
51
67
59
54
40
56
66
48
57
47
54
64
35
55
40_54
56
66
48
57
47
54
64
35
55
28
67
55
71
59
72
60
42
52
73
64_70
58
82_85
76
88
94
73
88
81_84
76
87
90
93
73
87
93
82
79
76
85
91
73
85
78_81
74
43
74
52_58
70
82
90
70
82
82
79
74
85
88
70
85
81_84
74
86
90
93
70
86
82
79
64
74
86
91
87
70
86
64
52
58
37
49
61
73
70
64
76
30
42
82
61
76
72
64
69
75
61_81
75
70
67
64
73
61
79
73
66_69
62
43_52_58_62_64
31
70
78
58
70
62_70
67
73
79
58
73
62
69
72
74
78
81
58
74
64
67_70
62
74
79
58
75
66
64
63
58
75
72
63
67
62
70
58
74
62
60
63
69
55
63
58
62
67
62
52
54
51
60
46_63
51
55
50
58
62
46
50
48
51
57
43
51
46
50
55
40
50
58_64
62
46_52
45_50
33
52
57
40
62
43
31
50
55
40
64
45
33
52
40
57
62
43
31
50
55
40
64
45
33_49
61
52
40
57
61
43
31
49
55
37
64
45
33
52
40
57
61
43
31
49
55
37
64
45
33
60
48
57
45
52
40
57
60
43
31
48
55
36
45
33
52
40
57
60
43
31
48
55
48
36
64
45
33
52
40
57
60
44
32
48
39
56
64
33_45
52
40
57
60
44
32
56
44
48
56
39
64
37
61
52
49
37_56
52
56
63
56
64
56_61
46
34
61
56
68
56
61_64
56
64
39
67
61
55_64
64
61
71
61
64
61
63
61
63
70
61_63
70
71
73
44
74
71
52
64
59
83
62
51
59
71
75
63
56
82
58
80
80
59
61
32_62
59
44
52
50
59
44
63
59
51
58
56
68
56
59_63
70
71
63_68
53
68
63
75
71
46
74
68
71
62
71
68
78
68_71
68
70
68
70
77
68
70
77
65
78
66
68
80
51
81
69
78
59
71
66
78
68
58
66
82
66
78
63
75
77
66_78
75
82
70
75
71_83
84
72
54
82
63
78
70
62
71_82
61
58
70
61
85
73
66_70_82
78
80
80
68
78
78
70_82
71
83
85
73
53
83
80
61
73_80
71
83
68_73
62
71
81_86
74_83
67
71
69
71
79
72
41
73
71
49
68
59
61_71
50
59
74
71
62
55
69
57
59
67
60
61
29
59
41
56
49
59
41
57
57
62
55
59
50
47
47
35
55
50
38
52
40
41
53
57
67
59
62
66
42
54
42
61
56
54
61
58
59
54
54
61
58
49
68
61
58
54_61
58
59
54
54
61
58
49
70
40
52
40
61
58
54_58_61
61
54
54_61
58
49
73
66
61
61
54
58
66
58
61
54
58
54
78
66
37
49
58
37_64
49
70
64
76
56
58_64
54
70_76
80
68
58
70_76
54_64
58
61
54_70
58
76
82
70
40
52
66
61_66
58
73
78
68
78
66
58_61
85
73
70
82
78
66
61
58
73
82
66
78
58
61
68
44
56
44
63
58
56
63
60
56
56_63
60
51
70
63
60
56
63
60
61
56
56
63
60
51
72
42
54
42
63
60
56_63
60
63
56
56
63
60
51
75
68
63
56
63
60
68
60
56_63
56
60
80
68
39
51
66
56
60
51
39
66_78
60_72
56
58
78
66
56_72
60
82
70
60
78
66_72
60
56
63
56_66_78
60
42_84
54_72
68
68
75_80
63
60
70
68
80
60
63
87
75
72
84
68_75_80
63
60
75
84
68
80
60
63
70
46
58
46
65
60
58
65
62
62
58
58
65
62
53
72
65
62
58_65
62
63
58
58
65
62
53
74
44
56
44
70
62
58
65
62
65
58
58
65
62
53
77
74
65
58_65
62
70
62
58_65
58_62
82
70
41
68
58
53_62
41
53
62
74
68_80
58
60
80
68
74
58
62
84
72
62
80
74
68
58
62
65
80
58_68
62
86
74
44
56
70
82
70
65
62
72
70
65
62
77_89
74
89
82_86
65_70_77
62
77
70
62
82_86
65
87
75
42_54
82
58
70
58
82
63_66
87
75
82
70
75
54
42
75
82
70
66
58
63
70
58_75
66
63_82
63
77_89
56_65_68
87
83
83
71
56_75_77
44
78_90
80_92
86
58_68_82
62
70
78
58_74
46
80
68_77
95
83
51_66
58
94
82
78
66
75
39
51
70
66
87
90
63
58
90
58_70
66_87
63
87
75
82
70_75
54
42
82
66_70_78
58
63_75
82
70
58
63_66
65
63_89
56_77
68_87
83
83
77
56_71_75
44
78_90
92
80
86
68
58_62
78_82
70
58_74
46
80
68_77
95
83
51_58_66
82_94
78
66
75
39
51
70
90
87
58_63
66
90
70_87
66
58
86
74
82
70
80
74
41_53
82
58
68_80
62
58_68_82
80
63
87
54
66_75
61
81
81
75
69
73
54
42
88
76
78_90
84
66
56
60
80
68
56_72_76
44
78
66
75
93
81
49
56
64
92
80
76
73
64_68
37_49
64_68_85_88
61
68_88
64
56_61
85
73
80
40_52_68
73
68_80
76
64
56
61
80
61_68
56
87
75
63_81
54_61_66
81
69_75
73
42
54
76_88
90
78_84
66
60
56
80
68
76
72
44
56
78
66
75
93
81
49_56
64
92
80
76
64
68_73
37_49
85_88
61_64
88
85
64_68
56
84
72
78_80
68
72
51
39
84
80
78
56_66
60
80
66
60
78
56
85
61_73
79
64
59
52
79
67
73
71
52
40
74
86
76_88
54_58_64_82
78
66
70
54_74
42
76
64_73
91
47
54
78_90
62
74
62
66_71
35
47
62
86
59_83
66
66_86
54_62
59
83
71
78
66
71
50
38
78
66_74
62
59
54
78
66
54
59
78
61
85
64_73
79
52_59
79
67_73
71
40
52
74_86
76_88
82
54
58_64
78
66
70
54_74
42
73
76
64
91
79
66
90
78
74
62
66
71
35_47
64_88
76
62_74_86
86
74
62
66
54
61
45
33
85
73
61
71_83
59
60
83
59_71
58
82
70
54_66
57_81
69
81
57_69
54_66
32_44_60
56
68_80
78
66
56
54_78
66
72
66
69
72
60_66_69_69
72
66
69
72
63
75
66
66_72
69
78
69
81
72
66
72
69
84
75
87
72
66
78
69
90
81
85
89_97
73_80
77
37_73
65_68
83
85
87
71
93
85
81
77
73
87
89
69
95
87
83
77
73
89
92
68
97
85
83
73
77
92
78
66
85
73_76
70
78
80
64
86
78
70_74
66
80
62_82
88
80
76
66_70
82
85
61
90
78
66_76
70
85
61
73
61_77
68
65
65
80
68_78
73
75
80
59
65
85
71
85
73
77
57
73
65
73
77
80
56
37
73
65
85
73
66
54
70
54_64
58
58
73
71
61
66
68
73
52
58
78
78
62
66
70
50
66
58
64
61
66
49
73
37
58_66
66_78
37_44_61
49
53
47
59
46
58
45
57
44
56
43
55
42
54
41
53
52
40
39
51
38
50
37_49
36
48
34
47
35_46
45
33
44
32
43
31
42
30
33_45
32
44
31
43
42
30
33_45
32
44
31
43
42
30
33
45
46
32
44
43
30
42
37
49
25
61
61
49
51
53
56
61
47
63
65
61
68
61
49
73
61_66
63
49
45
61
49
71
61
44_49
65
61
49
73
66
42
69
42
57
61
54
49
57_61
68
49
54
57_61
54
61
49_57
69
39
61
57_66
54
49
61
66
49_57
73
54
49_57
61
69
66
49
61
69
72
32
51
51
60
63_69
54
66
54_63_69
60
51
52_76
54
64
60_66_69
52_57
54_64
69
57
60
54
54_66_69
57_60
69
66
54_60
75
57
63
69
57_60
66
63
60
57
66
73
56
37
64
49_68
56_61
68
64
61
49_56
75
56_61
64_68
49
61
68
64
56
76
46
64
56
73
61_68
73
61
56_64
80
56
61_64
68
76
56
73
56
61
68
76
73
79
39
58
67
58_70
61
73_76
70
67
58_61
73
76
83
76
59
71_76
73
59_61_67
76
61_71
67
73
61
73
61_76
64_67
73
76
67
64
61
64
82
70
76
64
67
70
73
64_67
81
63
44_44
60
73
54
69
64
60_68_72
75
66
66
60
68
64
56_63
66
68
49
58_68
61
37
76
64
68
59
78
61
61
63
69
64
79
64
42
58
42
79
52
67_71
62
58
70
66
73
64
64
66
62
58
61_64
54
66
47
66
35_59
56
62_74
66
57
76
59
59
61
71
66
62
78
62
44
66
71
32
78
66
62
59
54
66
62
54_59
90
78
62_66_83
59
54
88
76_85
86
74_77
45
33
85
78
73
66
54_62
59
66
62
59
54
83
71_76
66
54
62
59
81
69_78
80
68_73
68_80
35
47
74
74
54_59
62
59
59
78
66
73
69
76
64
71
68
66
74
62
69
64
68
59_66
63
62
61
59
54
57
59
65
73
37
56
66
57
42
49
61
66
69
52_57_61_66
72
73
81
80
50_56_59_66
78
76
74
73
77
49_59_61_65
71
69
68
66_78
45_54_61_64_66
61
66
66
61
66
69
47_57_63_66
72
73
81
80
44_54_59_62_66
78
76
74
73_77
49_59_61_65
71
69
68
66
78
42_66
49_57
73
78
85
52
42_81
79
55
78
77
86
78
54
50
76
59
73
71
62
59_80
76
74
65
73
72
61
57
81
73
69
68
66
73
64
61_64
45_52
68
61
57
66
72
56
66
44_60
51
68
60
51
66
50_71
59
42
50
68
59
42
66
57_69
49
57
49
61
66
69
66
61
57
40_52
72
73
81
80
66
56
50_59
38
78
76
74
73_77
65
49_61
37
59
71
69
68
78
66
66
54
35_47
62
59
59
62
68
69
66
61
45
33
72
73
81
80
68
44_66
32_60
78
76
69
74
77
73
59_71
65
49
37
71
69
74
68
42
49
66_66
66_78
73
57_61
66
81
85
93
69_90
63
60
89
88
54
87
92
63_72_88
66
84
56
85
68
86
70
90
66_69_75_87
72
83
73
82
60
75
81
78
85_88
68_73
80
76
78
61
80
73
85
69_81
64
73
69
80
78
57
57_61_64
76
76
61_68
75
74
51
58_61
73
79
61
67
79
72
71
51
70
44_44
80
71
56
63
51
80
59
63
68
71
54
68
59
63
74
75
83
82
68
61
52_58
80
78
76
79
75
51_61
67
63
73
71
70
80
68
68
63
56_66
47
63
75
80
68
83
71
68
65
59
49
87
75
92
80
95
83
94
82
68
61_64
46_80_92
56
90
78
88
76
75
87
51_67
63
61
73_85
83
71
82
70
80
68
68
59
63
44
51
44
51
56
59
63
70
71
80_83
75
71
68
63
59
56
51
42
41
29
59
29_41_51_56
51
59
56
63
61_70
71
63
68
75
73
82
83
75
80
87
94
85
87
94_99
87
82
80
75
70
68
63
59
58
58
53_63
59
44
63
59
37
56
65
53
37_63
59
25
63
63
67
55
58
67
64
52
44
64
67
68
56_59
59
44_52_64_67
70
58
58
37
58
70
58
53
44
63
59
63
59
37
56
71
59
59
63
37
25_63
59
67
55
63
58_61
67
52_64
60
44_64_67
68
56_59
67
64
44_52
58
67
70
37_58
64
58
70
58
63
44_53
59
63
37
59
56
71
59
58
63
37
25
59
63
64_70
58
70
58
52
67
52
70
44
67
59
71
59
67
44
52_64
37_58
73
61
58
74
62
54
44_67
63
37_67
59
75
63
68
37
63
25
68
70
64
58
58
52_61_70
67
64
44
70
60_67
71
59
59
52
44
67
64
73
61
58_67
37_64
74
58
62
54
44
67
63
67
37_63
59
75
63
63_68
37
68
25
63
60
78
66
37
51
77
69
65_66
61
54
78
66
62
57
77
65
66_69
60
63
75
63
66
63
58
72
60
65
66
66
61
73
65
74
62
66
70
75
63
71
63
37
78
90
39
72
60
51
89
77
63
90
78
54
57_73
64
89
74
77
60
65_66
66
63
87
69_75_75
66
84
72
78
70_73
61
66
77
85
73
78
70
77
86
74
78_82
75
87
75
77
65
69_81
61_63_66
72
72
63_68
78
66_69
68_80
75
71
66
81
69
72
83
71
78
74
69
84
72
75
73_85
81
72
77
86
74
78
89
77
70_82
75
66
78
61_82
70
66
77_78_82
66
78
77
78
77
75_87
66
78
70
82
61
78_82
61
70
55
64
85
73_82
76
84
68_72_80
63_75
56
53
62
83
71_80
74
68
82
70_73
61_66_78
54
70
66
51
60
69
65
60
53
50
59
80
68
71
77
65
78
66
70_75
58_63
51
65
62
46_56
63
59
54
47
43
52
73
61
64_70
58
59_71
56
68
44_63
51
63
59
58
58
37
49
53
59
65
73
56
61
63
65
69
65
42
59
49
73
85
71
77
89
61
87
75
81
71
65_93
77_89
85
73
71_97
77_89
70
58
66
49
73_85
97
70
75_87
82
70
94
66
86
74
66
78
70
90
66
85
73
78
70
68
90
61
69
42_65
59
49
73_85
71
77
89
61
87
75
81
71
93
65
89
77
85
73
71
97
77
70
66_89
58
85
73
97
70
66
87
75
82
70
94
66
68_74
86
78
70
90
66
73
70_85
70
78
90
61
74
64_70
54
90
78
82
76
94
66
92
80
86
76
98
70
82
94
78
90
76
102
75
63
94
71_82
90
78
102
75
80
92
87
75
99
71
90
78
70
64
61
55
85
73
70
76
73
88
82
73
94
67
88
76
71
63
56
59
83
71
95
68
75
87
71
80
92
63
75
87
79
67
91
73
73
85
68
80
92
63
73
85
75
67
63
55
47
67
79
91
63
71
83
68
75
87
59
78
73
85
78
66
90
63
75_87
83
71
95
66
87
77
89
54_57
48
82
70
94
66
78
90
75
87
70
99
86
80
92
65
62
78
90
74
102
78
91
74
86
98
70
77
85
89
66_78
73
61
58
85
73
97
70
75_87
82
49
70
82
94
66
74_86
65
70
77
89
65
66_85
73
85
78
70
90
61
76
88
83
59_64_67
73
85
67
97
75
87
71
83
61
95
74
86
71
79
91
67
82
61
75_87
70_82
94
61
68
59
83
63
76_88
73
85
97
68
49
75
87
80
71
83
61_95
73
82
85
67
67_79
91
63
66
71_83
83
80
68
92
66
86
74
82
58
65
62_71
83
95
65
73
85
70
82
94
61
72
84
71
77
89
65
59
73_80
85
71
80
61
92
74
58_82
66_86
61
70_80
66
92
73
85
49
58
70_78
90
65
59_71
83
73
66
85
62
61
82
70
75
66
87
61
70
82
66
62
58
66
78
90
62
68_80
74
62
86
58
66
49
63
59_78
37
71
59
83
56
65
65
77
56
73
49
85
66
70
58_82
62
78
66
90
62
80
68
74
62
86
58
61
66_78
59
49
37
71
59
83
56
65
65
77
73
56
49
85
65
77
61
70
56_82
64
76
71
55
83
49
76
76
64
64
68
60
80
54
63
75
59
70
54
82
49
63_75
59
66
54
78
62
74
68
53
80
49
62
74
58
64
76
55
61
73_80
68
56
65
49
77
42
65
81
69
53
63
59
61
61
49
60
73
65
71
59
58
75
57_65
71
53
52
51
65_73_77
50
49
85
82
82
42
70
54_65
58
49
70
77
58
63
54_58
82
78
63
58
75
70
54
78
78
66_66_82
54
58_62
62
70
74
58
70
73_78
58_61
54
66
61
70
80
68
65
53
63
49
81
69
59_61
73
60_65
71
59
58
57_65_75
71
53
52
77
51_65
71
50
49
85
82
42
82
70
65
54
58
49
77
70
58
82
78
78
66
63_63
54_58
58
75
70
54
78
66_82
68_80
58
54_62
62
74
70
58
70
78
73
61_82
70
54_58
66
61_70
54
70
64
68
86
74
70_82
66
65_78
70
74
64
63
62_80
70
74
58
56
54_82
70
74
53
52
51
90
87
42
87
75
70
63
59
54
75_82
59
68_87
83
63
59
63
59
80
75
56
67_83
87
71
83
59_63_67
63
75_79
66
71_83
59_63_78
66
73_85
75
63
54
70
64
86
74
70
68
66
70
65_78
74
64
63
62
80
70
74
58
56
54
82
70
74
53
52
42
51
90
87_87
70
75
63
59
54
75_82
59
68
59
87
63_63
83
59
75_80
56
67
63_67
59_87
83
63
75
59
66
71
59_63
78_83
66
63
75
70
63
31_61
43
73
32_44_61_71
65
61
73
61
75
34_46_67
73
77
78
68_75
36
48
80
70_80_82
77
50
38
83
82
73_78
40_52
85
72_78_84
39_51
80
73_85
78_82
37_49
84
72
61_70_75_87
66
85
73
69
60_66
73_85
84
72
87
75
37_49
85
49_73
37
85
73
37_49
84
72
87
75
80
65_68
59
85
73
73_85
63_67
59_79
84
72
75_87
49
37
85
73
37_49
85
49_73
37
72_84
73_85
62_66_78
57
84
72
85
73
37_49
84
72
73_85
77
61_65
59
85
73
45
85
73_78
54
83
81
81
69_73
49_54
42
80
78
78
49_69_73
52
45
76
75
38
45
73_78_85
54
83
81
81
69_73
42_54
49
80
78
49_78
52_69_73
45
76
75
85
73
78
54_61
50
83
81
81
45
52
73_78
61
85
73
78
54
61
50
83
81
81
78
73
61
54
51
87
61
55_88
76
51
87
85
85
73_82
46_54
61
61_88
55_76
77
51
51
87
85
85
51_55_61_73_82
79_83_85_91
40_52
43
44_47
85
47_52_79_91
40_83
43
89
79_83_85_91
40_47_52
43
44
61_73
49
73
61
49
61_73
49
49_61_73
73
49
61
73
49_61
49_61
59
28_40
55
79
61_67_73
59_71
49
55
49_61
56
22_34_52
68_80
49_56_61_73
70
52
61
49
49_61
28_59
40_55
79
67_73
71
61
49_55
49_61
52_56
22
34
80
68
61_70_73
49_56
52
49_61
28_59
55
40
91
79
61_67_83_85
55
59
66_90
78
88
64
76
88
76_85
83
55_59_61_64
85
61_73
59_83
71
59
71_83
66_78
54
76
64
52
76
52_64
73
61
47
71
59
47
59_71
66
54
64
52
40
64
52
40
61
49
39
35
59
47
48
42
30_54
39
52
47
36
50_62
58
55
28
40
50_58_62
40
28
29
62
50
56_59
29
41
62_74
50
50
74
62
62_74
50
50_62_74
50_62_74
62
50_74
50_58_62
56
29_41
82
70
58_62
80
50_56_74
62
50_56
54
35
23
83
71_78
50_62_74
54_56
50_62
58
50_62
56_58
29
41
82
70
50_58_62_74_80
56
62
50_56
54
23
35
83
78
71_74
50_62
54_56
50_62
56_58
29
41
95
68_83_86
59_71_92
62
70
82_94
58
92
68_80
56
92
80
68_86
56_62
87
75
63
62
74_86
62
74_86
58_70_82
80
68
56
80
68
56
75
51_63
50_62_74
50_62_74
58
46_70
56_68
44
68
44_56
39_51
63
62
50
38
58
46
34
56
44
50
38
51
63
56_59
29_41
42
63
51_56
29
41_57
60
63
51_57_60
42
30
87_99
93
75
63
69
74_86_98
62
72_84_96
60
94
96
84
60_69_87_93
72
63
95
70_83_90
63
66
63_94
66_71_82_90
66
72
63_93
90
81
67_92
80
63_87
60
68_87_91
79
63
90
69_78
63_87
59_94
63_82
66_70_87_90
94
59_63_70_82
66_87_90
59_70_82_94
63_66
87_90
63
60_69
90
78
87
60_63_69
90
78_87
60_63_69
78_90
87
89
57_64_65
77_84
60
87
65_88
60
57
76_84
77
66
57_87
75
60
61_86
74_80
57
54
62_82
57_73_85
54
54_84
63_72
57
75
83_87
63_80
53
56_59
87
75
80_83
56_63
53
59
87
75_80
63_83
53_56_59
63_81
54_72_84
86
57
84
81
54_63_72
57
63
54_84
57_72_81
58
54
71_83
78
51
51_54_59_70_82
78
51
78
60_69_81
83
55
71
68_80
55
51
75
79
67
48
56
51
66_78
51
57
48_75
60_84
71
72
56_83
81
57_69
54
78
66
80
68
63_75
51
72
48
60
57_69_81
73
54
78
51
75
72
60
48_51
69
57
45
54_66
42
75
63
54
42_72
44
52
74
62
54
73
61
54
72
66
45_62
60
61
38_60
66
42
51_72
69
60
50
71
59
58_70
51
69
59
63
51
42
58
57
35
57
48_69
38
66
57
47_68
56
48
55_67
66
56
48_60
39
67
55
44
32_54
54_66
63
45
35
65
53
44
45_52_64
45_53_63
36
57
52
51
41_57
29
63
51
57
41
29
61
49
57
30_42
57
54
51
49
56
57
61
63
66
73
78
75
73
68
66
63
85
80
78
75
73
69
93
87
85
66
63
80
78
75
73
75
78
66
68
61
80
85
90
85
80
69
63
59
78
75
73
66
75
57
63
66
73
78
80
85
56
66
72
78
80
83
81
76
83
81
83
81
83
81
83
81
83
81
83
81
83
81
83
81
83
83
75
81
81
78
75
73
51
54
68
66
78
56
49_54
51
75
73
68
51
57
47
66
63
73
41
51
57
61
66
61
68
71
66
69
71
69
71
69
71
69
71
69
71
69
71
69
71
69
71
71
69
68
66
63
61
57
56
54
51
49
47
44
63
61
51_57
49
42
64
52
60
48
65
53
41_57
58
39
49_54
66
68
54
59
38
60
61
54
44
32
69
62
63
60
44_54
64
70
65
25
37
53
61
65
70
65
44
44
53
56
61
72
65
73
74
66
62
61
60
61_75
60
53
54
44
76
77
37
44
70
53
56
61
72
65
73
74
57
66
62
61
60
75
68
60
56
60_70
66
54
76
44
37
77
65
70
44
53
73
68
56
61
68
75
66
77
65
81
69_73
77
46
53
61
63
65
68
66
65
61
54
82
70
53
82
70
73
77
37
44
53
77
65
56
63
77
61_65_73
68
66_78
68_80
81
69_77
49_59
73
71
70
69
65
75
63
61
59
77
51
49
82
70
82
70
77
30_42
49
66_78
58_75
49
58
68_80
62
74
58
64
82
70
61_73
66
86
74
78_82
54
39_46
58
63
66
70
73
71
70
66
59
75_87
58
87
75
78
82
42
30
49
58
82
70
61
58
68
82
70
78
61
83
71
85
73
74_86
78_82
54
64
70
78
76
75
74
70
80
68
66
64_82
80
56
54
87
75
87
75
82
35
47
54
80
63
54
63
89
77_79
80
67
59
63
71
90
78
87
75
73
66
94
82_90
86
30_42
58
50
62
68
80_92
56_86
58
62
70_90
78_86
63
58
62
50
59
62
71
74_86
80
54
39
46
54_74_80_86
83
68
59_71
62
87
75
78_82
63
58_66_70
77_87_89
68_82
58_63
56
78_90
82_87
54_58_66
63
30
42
30_42_94
82_90
86
58_62
50
68
56
92
63_80_86
58
62
50
48
70_90
58_63_78_86
58_62
50
62
59
71
74_86
39_46
54_86
74_80
83
63
68
62_71
59
75_87
78_82
58_63
66_70
68_89
56_63_77_82_87
58
63_66
54_58_78_90
82_87
38
50
92
80
56_68
65_89
93
81_89
65_69
57
94
65_70_82
89_92
68
58
82_94
58_66_70_90
58_70
66
37_49
95
71_83
59_70_90_92
68
60
66
84_90_96
70_94
66_72
60
85_97
73_90_94
61_70
66
94
98
66_70_86_90_94
74
62
66_71_86_90_95_98
74
62
44
54
62_66_74
71
59
70
61_73_85_97
94
90
86_98
62_74
94
88_97_100
73_76_95
71
64
68
78
71_74_90_102
66_95_98
102
90
95_98
66_71_78
74
25
37_50_54_58_62
74
59_62_66_71
54
73
70
74_86
66_78_82
86_94_98
85_90
82
78
78_83_98
90_95
86
73
66_70_74_84_86
78_82
80
66_86
71_74_78_83
58
61_70
54_62_66_74
54
59
62
71_74
66
71_83
33_45
74
66_74_78
62
54
59
78
66
54
62
59
85
73
66
54_62
59
66
62_83
59_78
54
54
83
78
86
32_74
44
78
78_83
59_66
62
54
78_83
62_66
59
54
78_90
62_66
54_59
62_66
83_86
54_59
62
66
54_59_83_86
37
90
78
25_37
27
80
36
62
54
61
66
74
62_71
74
66
73
78
86
83
74
86
85
78
82
98
86_90_95
78
83
78_86
74
84_86
78
71
66
74
74
62_66
71
62
54_59
71_83
45
33_74
62_74_78
66
59
54
78
66
54_62
59
73_85
66
54_59_62
66_83
59_62_78
54
66
54
62
78_83
74_86
44
32
83
61
78
66_83
54_62
59
83
78
62_66
59
54
92
80
62_66_83_86
54_59
80
66
62
59
54_86
78_90
83_86
62_66
54_59
90
25_37_78
83_86
27
50
44
62
54
59
49
50
59
56
66_71
62
62
74
66
71
56
71
62
78
68_83
74
68
86
78
73
83
74
83
95
86
80_90
68_73_77
83
61
89
80
85_97
73
61_73
49
30_42
66_78
73
69
42_54
73
49_66
80
49_61_68
73_78
54
66
61_68
73
54_57
78
39_81
27_69_73_78
42
54
49_73_78
69
85
49_54_61_73
57_78_81
61
54_66
73
81
78
57
44
32_84
72
78_81
48_57
72_81
78
52
60
76_78_81_88
84
64
54
66
59
81
76_84
78
69
81_84
76_78
72
63_64
64
76_81_84
78
56
63
66
75_87
72_78_84
71
56_84
75_78
44
85
73
49
37_76_80
80
73
61
49
54
87
75_80
85
61
56_68
73_75
80
64
61
88
76_85
46_80
34
56_61_85
49_76_80
52
92
56_61_68_80_88
64_85
68_73
61
64
80
85
88
39
39_91
27_79_85
88
55_64
79_88
85
67
59
85_95
83_88_91
61_71
64_73
95
85_88_91
83
76
67
68
88_91
79_83_85
71_73
91
83_85
88
63
70
73
79
94
82_85_91
85_91
82
51
39
44
93
81_90
32_44_84
85
95
60_63_84_90
51_81
54
75_87
84
66_78
63
69
57
75_78
63
72
60_66
84
87
75
80_85
49
37
80_85_88
76
55_61_64_67
58
90
56_68_78_88
61_64_85
61_69
64
78
57
85
91
79
30
42_91
79_85_88
49
61
52
58_85
79
85
73
82
76
52_64
56
54
73
76
58_64_70
61
85
73_78
83
35
47
78_86
74_83
66
54_62
59
88
76_86
55_59_62_67_83
68_76
56_62
59_83_86
90
78
37
78_90
25_37_85
81
82
54_61_73
66
45
49_57
73
78_85
57
61_66
69
85_97
78_90
81
69_73
81
73_78_97
69_85
90
66_69_85
61_73
78
57
61_66_69
85
57_73
78
73
54_57_66
45_61
49
68
56_61_66
25_37
44
56
51_54_61_66
68
56_73_80
66_78
63
80_92
85_90
78
68
75
68
66
60
37
25
44_56_66
54
50
60
68_78_80
72
56_66
62
92
80
90
78
68_84
74
68
59_66
37
25
56
27
44_56_66
49_54_59
56_68_78_80
61_66_71
59
92
78_80
68_90
71_73_83
49
61
25
37
73
61
65
59
49_53
49
59
65_73_77
71
73
71_85
61
65
61
71_77_89
82_85
83
85
85_97
83
73_77
42
49
52
58_91
79
90
88
103
91
88
76
88_100
85_97
94
82
91
79
76_88
85
73
70
82
67_79
76
73
70
74
71
66
54
62
90
85
70
78
61_62
74
78
73
77
70
73_77
74
84_90
78
69_74
62
60
78
77
73_77
69_73
74
78
68
74
59_62
90
83
78
73_77_77
68_73
74
49
52
79
67_70
58
78
76
64_76_91
79
76
88
85
73
82
70
79
67
76
64
61
73
58
70
55_67
64
61
58
62
59
50
42
54
80_83
76
68
76
61_73
62
71
74
68
74
71
62
83
79
76
76
73
67
59
62
71
74_74
67
71
62
66_76
62_73
57
78_83
76
71
74
71
66
74
62
40_65
47
56
64
62
62
62
74
65
80
73
92
80
62_73
77
71_89
65
77
71
61
57_60
48
73
69
85
65
73
60_69
68
63
60
72
68_84
63
72
68
57
69
66
60_81
66
69
65
40
47
56
64
62
62
98
86
77
104
97
85
92
97
85
74
101
95
83
77
97
89
95
73_83
61
49_57
100
81_93
76
88
93
81
72
68
63
60
99
92
80
75
87
80
69
92
96
90
78
66_72
84
66
60
44
51
66_78
56
63
81
72_75
93
90
81
66
72_78
69
72
81
88_93
81
72_76_76
64_69_72
81
87_93
78
81
63
69_72_81
75
72
81
85
80
80
64
56_68_92
87
80
70
61_64
88_91
73
79
70_70_76
64
67
79
90
86
79
74
70
74
67_70
62
78
85_88
76
79
73
70
67_79
61_70
76
83
78
78
56
85_90
62_71
66
78
66_90
72_72_84
78
66
60_69
72
81
80
78
66_76
57_60
74
73
73
71
61_69
59
68
66
66
44_60
51
81
75_78
54
60_78_81
72
44_69
57
56
75
49_72
68
61_64
76
73
56_64
58_64
79
58
52_76
73
70
42_49
67
55
42
54_73
70
47
66
62_74
54_59_62
71
44_51
63
60
54_60_78
72
69
72
69
54
44_66
54
69
66
49_59_61
64
62
49
61
61
59
59
57
56
54
54
57_61
65
66
54_61
57
42_78
73
66
62
59
66
66
56
59
38_50
80
74_78
68
65
61
68
65
61
37_49_59
73_77_81
69
66
62
70
66
59
62
35_47
78_83
74
71
66
61
72
78
45_66_73
33_78_85
73
77
56
66
78
66_72
32_44
86
74_78_85
72
75
87
68
37_49_59_65
89
77
85
61_71_83
65
73
92
80
54
61
66
57_61
30_42
78
85_90
69
85_89
81
90_102
97
85
81_89
102
90
97
84
78_81
85_97
90
78_84
81
97
85
90
73_78
80
93
81
85
78_80
73
93
81_85
73_77
69
78_90
85
73_77
69
90
78
85
66_69_72
85
73
78
66_72
69
85
73_78
61_66_68
69_81
73
61_68
66
81
69_73
65
61
57
78
66
61
57_65
78
66
73
54_57_60
73
61
66
54_60
57
61_73
49_54_56
57_69
61
56
49
54
69
61
57
49_53
45
54_66
61
49_53
45
66
54
42_45_48
49_61
42
45_48
49
61
66
30_42_57
61
42_57
30_54
