64
47_56
40
52
47_56_64
40
52
34_34
46
46
34_34
46
46
35_47
47
35
35
47_47
35
40
52
40
52
40
52
40
52
59
59
59
59
58
58
58
58
59
59
59
59
56
52
64
40_56
64
47
40
52
52_56
64
40_56
64
47
40
52
34
34
34
46
34
34
34
46
34
34
35
47
47
35
35
47
47
35
40
52
40
40_52
40
59
59
59
59
59
59
59
59
59
59
59
59
58
58
58
58
59
59
59_59
40
64
52_56
64
40
56
47
40
56
52_64
40
56
47
64
47
47
54
54
54
56
52
56
54
52
49
49
49
49
47
47
47
47
44
44
44
44
40
40
40
40
56
56
52
38
52
38
64
52_52
36_60
36
64
60
64
36
60
52
52
36
60
64
42_42
30
42
42
30
31
31
43
31
43
31
36
36
48
36
36
48
55
55
55_55
57
57
57
57
55
55
55
55
36
43
64
60
52
55
36
64_64
43
36
60
60
52
55
64
36
60
30
30
30
42
30
42
42
42
30
30
30
30
31
43
31
31
43
43
31
43
48
47
36
36
48
48
36_36
47
48
36
36
55
55
55
55
55
57
55
57
55
55
55
55
57
57
57
57
55
55
55
55
60
36_52_52
36
48_64_64
60
36_36_52_52_60
48
64
43
43
43
50
50
50
43
50
52
52
48
48
48
48
64
60
45
45
45
45
43_43
43
43
40
40
40
40
52
36
36
36
36
52
34
34
34
34
68
54
44
32
68
32_54
44_60
60
54
44
54
44_60
68
32
32
38
38
50
50
38
38
38
38_60
39
51
39
39
51
39
44
32
44
32
68
44
44
32
32
68
68
68
68
68
68
68
68
68
68
68
68
70
70
67
70_70
67
67
68
67
68
68
68
65_68
41_60
72
29
65
72
41
60
48
29
48
41
60
65
60
72
41
65
68
60
60
72
65
65
60
48
36
60
36
48
46
34_64
60
64
60
64
46
60
34
46
64
34
60
46
34
65
44_60
32
60
65
44
65
60
44
32_32
65
60
44
32
67
60_64
43
31
64
60
67
31
64
31_60_67
43
64_67
31
60
68
65
41_60
29
60
65
68
65
41_60
29_68
29
41
65
41_60
29
68
30
30
65_72
60
26_38
36
65
24
60
68
26_38_72
36
65
60
38
24
38_68
65
60
37
37
43
31
79
71
67
38
67
43_62_71
67_71
31
79
38
62
43_67
71
31
43
31
43_71
67_74
31
71
67
43
74
43
31
31
67
71
43
31
67_71
72_74
38
26
26
72
74
38
62_68_72
38_65
62_72
38
65
68
67_71
43_79
31
77
38
77
67
71
67
71_79
43
31_62
38
67
71
31
43_62
31
43
43
71
31_67
74
67
74
71
43
31
67_71
31
62
62_67
71
31
72_74
66
26
38
72
66
26
62
72
38_38
65_74
62
38_72
65
71
67_79
43
38
31
34
67_67
71
62
43
31
34
71
62_79
67
43_71
31_38
43
31
82
82
43
31
74_79
86
83
43
79
74
86
43_83
31_62
71
31_67
62
43
31_71
67
24_75
36_87
79
84
36_63
72_79
67_84
24
75_87
36
63
72
36
67
83
43_79
31_74
86
71
67
62
31_43
74
43_71
79
31_62_67_83_86
31
43
74_78
38_84_86
26
63
72
36
74
26
78
63
72_86
36_38_84
43
31_83
74_79_86
62
43
31
71
67
74
43_62
31_43
79
71
67
86
31_83
72
38
78
26_84
74_86
38
72
38_78
74
38
26
84_86
31
43
31
91
83
79
34
34
91
79
83
31
43
43
31
43
50
53
56
62
59
50
63
53
62
56
59
63
64
65
64
68
65_71
68
74
71
74
77
80
77
83
80
83
86
86
87
87
88
89
88
92
89
93
95
92
95_96
93
96
102
104
101
105
102
101
105
104
98
96
93
98
96
91
93
89
91
89
88
88
87
83
87
80
77
83
80_81
79
81
74
79
77
74
71
72
72
68
71
65
68
65
64
64
63
63
59
56
53
56
59
55
50
55
53
50
48
48
44
44
40
38
40
31_38
38
43
38
43
43
45
45
43
48
55
48
50
50
43
31
55
43
50
38
50
31
43
31
43
38
50
50
38
43
50
43
54
50
54
62
55
55
50
38_62
55
50
43
55
50
43
38
38
50
55
55
43
45
45
50
55
50
60
55
67
60
62
43
55
62
67
55
62
50
50
62
55
43
43
55
62
62
50
55
62
55
66
62
66_74
67
67
62
74
67
62
50
55
67
62
55
62
67
67
55
62
55
67
62
67
67
67_74
74
79
79
68
74
68
77
74
84
80
84
77
86
89
92
86
67
80
89
69
92
74
67
77
69
83
77_83
74
79
86
90
89
90
91
79
86
89
91
56
63
58
56
58
62
63_65
62
68
72
72
74
65
77
80
74
55
77
62
68
80
55
65
71
62
65
71
67
74
77
67
79
74
77
79
68
73
67
73
67
74
77
68
74
84
80
84
77
86
89
92
86
67
89
74
92
67
80
77
83
83
77
74
79
77
77
86
89
79
91
86
89
91
56
62
56
65
72
62
68
72
65
74
77
80
55
74
77
68
62
55
80
65
71
62
65
71
67
74
67
77
79
74
77
79
68
74
77
68
74
80
86
77
89
92
86
67
89
80
92
74
67
77
83
77
79_83
86
89
74
91
79
68
86
91
89
74
77
68
84
84
80
77
74
86
89
92
67_86
80
89
74_92
67
77
83
83
77
79
74
86
89
79
91
86_89
68
91
74
68
77
83
74
77
83
80
86
89
92
86
89
92
65_80
72
65
74
74
80
72
77
80
84
77
86
84
89
86
89
79
67
79
81
67
74
81
83
77
83
74
77
84
79
84_86
79
86
88
88
89
91
89
93
29_41
48_56
60
95
96
29_41_89_93
48_56_80
60_91
77
95
89
96
80
77
29
29
48
41
48
41
29
56
29
56
65
68
56
53
77
65
68
56
53
77
68
65
77
56
53_80
48
65
77
68_80
56
48_53
80
53_68
77
60_65
49
56
29_56
41
53_68
77
65
56_60
80
29
56
49
41
60
29
60
29
49
49
29
56
29
56
80_92
77
65
68
56
60
29
80_92
77
68
65
56
29
41
60_92
65_77
80
89
68
49
80
77
89
68
41
49
65_92
80_92
89
77
65
68
50
41_60
56
29_80
89_92
77
68
60
50_56
65
29
41
29
60
56
41
29
56
60
50
41
50
56
29
60
29_56
60
50
29
41_65_68
56
53_60
77
50
56
29
65
68
56
41
53
60_77
56
68
65
53
80
77
56
65
80
68
53
56
77
68
77_80
56
53_65
51
60
56
29_41
68
77
53
80
60_65
56
51
29
56
41
60
56
41
56
60
51
41
51
29
56
60
29
56
60
56_60
29_51
41
56_60
29
51
41
68_80
77
89
68_80
77
89
80
77
92
68
89
65
80
77
89
92
68
65
60
51_57
41
29
89
65
77_81
93
69
51
60
29
57
41
81
89
93
77
65
69
57
60
41
60
57
51
41
51
29_57
60
60
29
57
57
60
29_41_51
60
57
51
41
29
69_77
65
81
53_57
69_77
65
53_57_81
65
81
53_57
77
69
53_57
77
65
81
69
51
60
29_56
41
51
60
56
29
77
41
80
68
56_65
53
77
80
68
65
53
56
60
56
41
56
60
41
51
29_60
56
51
60
29_56
29_51
41
60
56
51
60
29
41
77
56
68_80
65_92
89
77
68_80
89_92
65
80
77_92
89
65
68
77_89
80
65_92
68
50_60
41
56
80_92
29_89
65
68
77
50
92
56_89
41_80
77
29
60_65
68
60
56
56
41
60
50
41
50
29
60
56
29
60
56
60
29_41_56
60
56
29
41
65
56
56
65
68
80
56_77
68
65
80
56
65_77
50
59
31
43
65
50_53_77
31_79
55
43_67
59
65
55
53
77
67
79
31
59
50
31
59
43
55
43
55
31
59
31
59
50
55
43
31
43
50
62
55
38
31
62
50
38
48_60
36
68
75
72_92
80
84
72
80
84
75
92
77
77
68
87_91
79
72
63
79
63_72
85
84
87_91
85
87
84
84_92
68_80
72_75
87
84
80
92
75
72
77
68_75
77
75
60
87
91
79
63
72
79
72
63
84
87
91
84
87
89
65
72
87
65
80
89
84
91
79
80
72
84
91
79
84
89
80
77
77
72
80
84
89
72
65
87
79
84
72
65
79
84
87
72
77
84
80
89
48
84
36_80
77
89
75
75
84
87
79
84
79
72
87
72
60
60
84
77
77
84
89
80
74
65
72
68
72
74
73
89
80
65
68
72
73
80
87
84
72
84
67
60
80
67
87
60
79
78
79
78
89
72_80
84
65
68
65
72
73
89
73
68
72
80
84
72
87
80
67_84
60
67
84
60
80
87
79
79
78
61
61
78
86
55
79
86
55
87
62_79
65
62
87
65
67
86
79
77
67
77
68
79
86
68
67
84
75
70
79
67
75
79
68
84
70_75
86
79
68
75
86
79
67
65
84
79
75
65_67
79
75
84
60
61
61
60
62
62
79_81
64
63
79
63
67
64
72
67
72_81
72
72
79
81
79
83
81
77
67
62
62
67
77
79
79
83
77
75
84
77
60
75
84
61
60
61
62
62
81
79
63
79
67
72
67
72
81
72
63
72
79
81
79
81
62_67_83
77
67
62
77
83
79
79
77
60
75_84
77
75_84
67
60
67
72
72
79
76
63
71
73_76
71
75
63
79
73
75
76
75
80
76
75
72
80
68
72
73
73
68
72
72
76
73
67
70
73
70
67
72
72_73
76
73
72
68
65
77
65
72
68
70
70
77
69
69
74
68
65
74
68
65
67
67
65
65
75
63
75
63
65
65
63
77
68
63
72
62
68
77
72
62
63
63
62
62
79
71
67
55
71
67
63
55_79
63
62
62
67
67
70
70
71
71
67
71
67
71
73
73
74
74
71
74
71
74
78
78
79
79
74
79
74
79
82
83
82
83
84
77
86
80
84
77
86
80
79
79
77
77
75
87
80
87
80
75
77
75
77
75
74
80_89
84
74
80
84_89
75
75
91
79_83
67
79_83
67
75
74
91
74_75
83
83
87
87
86
86
95
95
92
92
91
98
91
97
98
79
96
97
79
96
78
93
78
96
93
87
96
87_95
95
86
103
86
103
96
77
95
96
77
95
91
91
96
96
95
95
96
95
96
77
94
95
77
91_94
76
76
94
91
85
93
94
85
84
93_101
101
84
94
77
77
93
94
89
93
67
67_89
94
94
93
93
94
93
94
92
93
75
92
75
89
74
92
89
74
82
91
92
82
99
75
91
92
99
67
91
75
92
91
87
67
72
87
91
81
72
90
91
81
90
98
74
98
74
91
67
90
91
67
90
71_86
91
86
79
71
79
89
91
72
96
89
72
91
67
96
89
67
91
89
84
84
89
88
89
88
89
88
89
66
88
87
84
65
66_87
84
87
65
74
86
87
74
66
86
94
87
65
66
94
65
86
87
86
55
82
55
82
87
87
86
86
87
86
87
65_85
86
85
81
65
64
64
86
81
73
85
86
73
85
93
65
93
86
65
64
85
86
64
81
85
55
81
86
55
86
85
85
86
85
86
85
84
64
84
80
63
64
86
80
63
86
84
63_92
84
86
63_92
55
84
86
55
62
84
78
86
78
62
72
72
86
84
62
84
90
62
55
90
55
84
62
86
91
79
71_84
86
91
79
62_71
64_80
70
70
74
70_80
64
70
74
71
71
70
70
71
65
74
71
79
74
65_79
71
71
72
72
71
71
71
75_80
66
71
71_75
80
66
71
72
72
71
71
72
72_75_79
67
72_75_79
72
67
73
72
73
72
75_80
68_72_72
71
75
72
72
68
71
80
73
73
72
72
79
76
69
73
73
79
76
69
73
73
74
73
74
73
80
77
69
73_73
77
73
69_80
73_74
74
79
77
74
71
74
75
71_74_74_77_79
75
74
74
65
67
79
53
52
40
79
53
52
40
79
79
63
51
39
67
65
67
51
39
67
67
67
67
50_62_67
63
38
50_67
38
67
67
67
67
60_62
55
48
36
55
48
36
55
55
55
55
60
58
46
34
55
57
67
34
46
55
57
55
55
58
55
55
56
44
43
32
44
56
32
43
55
43
31
41
43
41
31
55
38
50
62
62
50
38
48_60
36
24
26
27_32
27_32
26
80_92
84
68
72
75
80
92
84
72
77
48
68
77
24
36_75
60
79
91
77
86_89
72
63
77
86_89
79
72
63
84
91
83
83
84
87
92
68
80
84
75
72
87
84
80
72_92
75
77
68
75
77
75
87
79_91
84
63
72
79
84
72
63
84
91
87
73
84
73
84
89
72
84
72
65
72
91
80
65
89
80_91
79
79
72
84
89
80
77
72
60
72
48
72_80
60
48
77
84
72
89
65
72
65
87
84
84
72
60
84
87
84
72_72
60
77
89
84
77
89
84
75
75
84
87
79
72
72_79
60
48_84
72
87
60
48_72
60
60
84
77
77
89
80
77
65
72
77_84
68
72_73
89
65
80
68
73
72
84
80
87
72
60
80
67
84
67
60
79_87
78
79
78
80_84
89
65_72
72
89
73
84
65
80
72
73
72
87
80
84
60
67
80
84
67
60
79
87
78
79
78
79
67
86
77
55_79
67
79
77
79
86
62
55
87
79
79
65
62
87
65
67
67
55
86
77
79
67
55
67
79
77
68
86
67
68
79
67
70_84
75
79
67
75
67
68
70_84
86
79
68
67
86
79
67
84
60_72_79
48
75
60
67
72
79
60
48_75
84
67
60
61
62
61
62
81
79
63
69
63
63_79
67
72
67
81
72
67
63
72
67
72
79
81
79
83
67
62
77
55
71_81
67
69
77
55
62
79
71
79_83
77
60
63
75
72_84
60
63
77
72
60
63
75
63
84
65
60
65
66
66
67
72
75_82
67_84
67
75
70
70
72
82
70
75
70
84
82
75
72
72
84
82
67
74
68
65
58_80
86
65
70
68
65
58
84
74
70
80
65
82
86
80
82
80
75
51
67
61
79
87
63
75
51
67
61
79
70
87
63
70
75
75
77
62_70
65
82_89
74
70
75
74
74
82
75
81
77
89
74
81
82
65
82
77
75
62
89
74
75
77
88_91
82
73
70
79_89
61_74
64
75
73
88
82
73
75
91
81
76
73
82
81
64_76
70
75
61
82
91
75
79
73
92
72
80
87
80
68
63
91
80
87
60_75
73
92
75
72
68
77
60
75
80
82
70
94
82
77
58
87
70
94
82
87
70
63
75
75
58
70
82
79
75
75
56_84
68_72
96
87
84
68
56_68_72_75_79_84_84_87_96
75
68
80
55
75
80
62
55
74_86
79
83
62_71
67
74_86
79_83
71
74
67_86_98
91_96
90
74
86
91
83_98
96
90
83
67
67
67
67
67
67
67
53
59
53
59
51_60
57
60
51
57
62
59
50
62
59
50
63
60
48
63
60
48
67
47
65
74
47
65
74
75
75
77
39_79
77
46
75
51
67
46_79_82
39
51
82
79
39
51
39
51
67
46
55
51
46
55
58
51
58
63
63
46
55
46
55
58
67
67
67
70
67
75
79
70
63
75
63
67
55
70
63
63
55
67
75
70
82
59
75
58
44
75_82
77
62_65
74
80
68
83
62
68
77
44
80
59
76_77
83
59
50
74
76
75
59
65
50
74
75
77
74
82
39_77
51
79
79
39
75_77
67
82
79
39
39
55
51
46
55
46
51
58
51
58
63
63
46_67
55
58
46
55
67
70
70
76
76
63
70
55
67
75
67
55_58_63_67_70_75_79
82
75
59
62
77
65_68
74
80
44
83
82
68
59_62
77
44
80
77
76
83
59
76
50_75
59
50
65
74_75
77
74
75
79
77
39
67_82
74
39
77
79
39
39
46
51
46
79
82
67
51_74
55
55
74
75
79
58
79
46
79
75
46
78
78
63
82
55
79
55
79
63
82
79
79
80
83
71
62
65
58
71
62
65
80
76
76
83
78
51
80
51
78
80
78
78
75
80
82
70
80
79
63
61
79
63
70
82
61
75
75
76_79
51
76
51
79
76
76
69_81
77
63
60
77
63
69
81
60
74
74
77
51_75
75
77
51
76
76
80
68_77
59
77
68
62
59
80
62
73
73
53
77
74
53
74
77
75
75
79
76
76
36_36
43_64
72
76
36
79
43
36
52
43_52
55
48
43
55
48
52
60
52
60
43
52
64
52
55
64
64
43
67
72
67
72
76
52
64
67
69
52
64
69
67
64
64_72
55
76
56
72
76
59
41
72
63
65_75
77
71
80
56_59_65
77
76
41
76
75
47
56
75
74
47
56
63
75
75
74
80
75
76
79
76
36_36
76
72
64
71
79
36
52
36
43
52
76
43
55
48
55
48
60
60
72
72
64
64
52
43_55
64
52
55
67
43
67
72
72
60
67
64
52
60
72
64
67
52_72
76
72
56
76
59
41
65
80
77
75
63
71
65
77
59
76
41
56
76
75
47
56
75
56
47
74
63
75
75
74
79
64_76
75_76_80
72
36
36
71
36_43
76
43
48
36
48
76
52
72
71
79
52
71
64
55
72
76
72
52
55
43
76
52
75
43
75
74
74
60
79
52
60
79
52
76
76
80
77
68
59_62
77
68
59_62
80
73
73
48
77
48
77
75
75
79
76
67
58
60
76
67
60
58
79
71
71
76
72
48
72
48
76
72
72
73_77
65
56
58
65
56
58
73
69
77
69
49
70_73
49
73
70
72
72
73
64
76
56_58
64
73
58
56
76
69
69
73
49
70
71
49_70_73
71
75
72
44
75
44
32
60
56
72
51
59
59
63
44
51
60
60
63
56
60
51
60
64
61
55
60
64
61
61
52
55
63
51
63
64_67
61
51
52
64
55
61
67
55
67
67
60
51
72
56
68
61
44
68
72
51
59
59
60_63
51
60
44
63
51
62
60
62
63
54_63
66
60
54
63
56
66
68
51
68
60
63
72
54_63
63
72
72
32
44
72
54
44
73
77
44_65
32_53_61
73
77
69
69
53
70_73
44
32
53
65
70_73
44
72
72
53
73
55_61
76
67_73
52
76
75
61
75
67
79
64_76
61
55
64_76
79
79
79
84
80
44
51_72
44
60_80
68
84
52
71
71
44
51
72_75
72
51
72
60
75
72
72
73_76
61
73
61
67
52
73_76
68
51
75
75
76
79
67
55
76
67
79
61
55
61
73
67
80
52_84
44
83
72
60_68
51
80
83
84
71
44
60
71
44
44
72
75
51_68
72
72
51
75
74
74
75
66_78
54
72_78
60
75
51
78
60
80
44
80
44
81
84
66
54
81
66
78
54
84
54_66_72_84
84
65_77
73
53
65
61
53_89
85
61
65
53
85
89
44_77
77
44
56
44
85
77
56
44
65
85
53
83
84
84
73
83
66_78
54
72
66
54_60
90
84
60
66
44
54
84
78
90
78
44
85
66
32_44
78_86
84
85
54
86
84
32
44
72
84
44
84
77
65_85
44_53_73
61_65
89_91
53_64
62
55
61
64_91
65
62
55
85
53
53
77
44_89
65
73
77
77
85
56
44
56
44_85
85
85
79
71
50_55_74
43_53_65_67
62
86
65_67_91
55
58
55_67
79
65
53
50
62_74
71
58
55
67
65
43
79
86
91
79
66
86
43_79
31
33_34
66
43
34_79
33
31
31
65
65
31
86
24
36
72
60
92
80_87
68
56
63_84
60
80
68
84
63
92
87
60
56
87
84
79_91
60_63
67
55
79_84_91
63
87
55
67
60
68
63
80_87
56_92
60_84
63
84_87
60
56
68_80
92
87
63_67_91
79_84
60
55
55
84
67
91
63
79
87
60
65
60_84
79
56_89
60
84
79
56_89
65
56
60
84
65
79_91
60_65_72
79
56
84
24_91
56
65
60
36
60_84
89
77
65
89
77
60
56
84
75
87
63
60_84
55
75
63
84
87
55_60
89
84
55
63
60
77
84
63
60
89
55_77
55
84
63
60_87
75
75
55
63
60
84
87
29_41
65
41
29
65
66_70
34_54_58
63_90
58_87
78_82
63
58
82
87
66
54
78
90
85
58_61_82
65_77
89
53
82
65_77
89
53_61
85
58
66
54_63_82
87_90
58_78
63
82
54_66
58_90
78
87
82_85
61_77_89
58_65
53
77
53
82_85
65
61
58
89
75
58_63
82
54
87
58
63_82
54_75
87
63_82
54
89
58
77
76
63_82
54
89
58
77
76
54
63
58
82
75_87
63
75
58
82
54
87
58_61
73
82_85
53
75
73
85
82
53
75
61
58
53_75
58_61_87
53_61_75
58
34
87
53_82
58_61
73_85
70
73
61_82
53
58
85
58
27
63
27
68
56
85
80
32_61_77
53_56_65
89
58
63_80
77
89
53
61_65
85
56_58
63
75
51_56_87
60_80
84
51_56_80_87
60_63_84
75
61
65
53
80_85
77_89
57
77_80
65_89
53_61
57_85
75
87
63_80
51_60_84
56
80
84
60
56_63_75
51_87
56_61
53
75
80_85
73
56
53
61_75_80
73_85
56
53
61
56
87
32_73
56_61
53
73
68_87
73_85
80
53_61
56
61_73
80
53_56
85
72_80
56_84
60
51_86
80
72
56_84
60
86
51
51
60
73
56
80
85
56_73
80
85
51_60
51
56_60
72_80
84
83
84
60
72
56
80
51
83
53_56_61_68
41_65
53_65_73
53
41
65
65
61_68
63
73_75
56
63
56
73
61
68
75
65
73_80
68_68
61_65
56
53
61_65
56
73
61_65
56
68_80
73
72
65
68
53_56
60
68
68
44
56_65
60
72
54
56
68
44
54_65
73
68
61
65
68
53
73
56
61
68
60_72
53_56_65
61
72_77_84
56
65
62_65
72
60
61
68
77
53_56
72_84
65
62
56
62
77_83
65_71_71
55_65
62
31_43
38
77
71
83
62
43
31
65
38
71
62
65
55
63
72_75_84
60_67
72
63
24_36_60
31
59
59
60
63
72
31
24
67
36
72
60
63
75
84
29
41
29
41
87
75
79_81
51
55
51
55
79
87
81
75
79
81
57_86
74
62
86
74
79
81
62
79
81
75
86
67
86
79
67
75
63_81
81_86
77
74
65
63
63
65
86
57
77
57
63
74
65
57
81
75
84
63_72_79
65
57
63
72
57
84
75
79
81
86
74
77
53
53
41
81
86
77
74
41
79
75_84
72
29
31
31
41
29
72
41
84
75
79
86
79
74_77
51
51
55
86
77
74
55
79
79
72_84
55
74_76
58
72_74_76_79
84
79
86
74_77
65
58
58
65
86
77
74
79
63
75
79_84
72
58
58
55
63
55
84
72
75
63
79
58
63
55
82
75
70_79
62
58
62
70
75
58
55
79
55
75_79
72_84
82
41
84
72
41
75
29
75
70_82
29
41
41
70
75
75
84
72
48
79
82
48
51
84
72
75
51
57
75
81
69
57
53
57
53
60
55
60
57
69
58
82
70
58
62
81
63
62
70
82
67_79
65
63
63
65
63
58
55
58
55
70
43
55
75
79
51
67
43
51
75
58
63
58
51
63
70
58
70
65_77
75
63
58
51
58
63
70
51_58
51
45
72
53
45
65
53
60
79
67
60
77
53
67
53
79
75
63
45
45
53
53
63
77
65
45
75
72
77
45
33
33
70
74
34
46_62
34
34
46
62
65
53
65
62
58
70
65
70
58_62_65_74
70
53
58
62
53
53
34
46
34
58
62
65
59
34
63
46
34
46
53
68
63
59
70
70
65
68
53
63
59
53
46
34
59
56
63
59
56_65
53
34
34
65
46_63
46
65
63
59
58
62
53
62
53
58
53
58
62
62
61
61
53
58
53
58
61_61
62
62
53
58
62
62
58
63
62
53
46
34
58
62
63
53
46
34
65
62
22
65
34
66
62
34_56
46
58
62
65
56
62
66
63
62
56
62
56
56
58
63
46
65
34
22
34
22
34
65
62
57
46
34
54
56
62
63
54
60
65
62
63
60
54
54
60
46
54
34
62
22
34
22
34
65
58
46
60
53
34
57
54
22
34
58
50
53
53
60
53
51
58
58
50
60
60
53
51
46
60
62
50_58
53
62
58
58
62
65
60
53
53
46
58
50
34
62
61
46_60
42
30
30_42
62
61
50
60
57
57_60
50
60
57
50
60
57
50
42
42
30
57_60
50
30
50
57_60
62
57
43
31
57
50
60
31
43
50
60
55_58
50
58
50_55
62
62
50
55
58
55
31
43
58
43
43
58
55
63
55
58_62
31
55
43
50
45
33
55
33
58
45
65
58
63
60
53
63
53_60
45
33
65
45
60
62
34
46
46
62
34
33
63
53
60
53
58
58
53
53
34
53
46
58
53
58
62
58
53
62
65
62
58
53
58
62
70
53
46
53
34_58
62
65
53
58
72
62
65
62
65
53
70
62_65
58
53
53
74
50
38
62
72
38
26
38
50
50
75
60
66
66
70
60
65
74
60
66
66
70
60
74
66
26
69
60
66
60_75
38
60
50
74
39
60
39
27
51
74
66
66_69
39
51
58
62_67
58
67
62
58
27
39
40
28
62
72
40
52_74
67
58_62
40
67
52
58_67
60
70
67
58
60
58
72
67
28
40
67
70
58
60
41
29
41
65
53
65
60
62
62
58
58
29
41
53
41
58
43
62
53
55
59
31_63
43_59
67
65
62
63
63
65
58
62
63
31
55
43
53
43
62
59
48
36_62
48
36
59_62
63
60
55
63
67
60
55_62
62
36
36
48
48
53
41
41
53
55
55
65
57
65
57
53
60
60
41
53
41
63
57
57
63
65
34
34
46_58
62
53
34
53
77
65
58
74
70
74
53
65
58
65
62
70
62
77
65
62
82
70
77
74
58
65
62
53
46
77
58
62
74
34
53
58
53
46
71
75
53
82
70
46_53
56
56
80
68
59
68
80
65
59_77
63
75
63
65
59
77
75
63
56
59
71
56
63
53
53
65_77
70
34_74
75
34
53
58
65
62
62
65
53_62
65
61
74
73
62
65
61
62_65
74_77
73
58
58
62
74
70
53
58
62
74
70
53
58
62
63
75
58
53
74
46
53
63
46
75
62
74
46
62
70
34
46
56
46
34
66
70_78
46
74
34
46
56
56
66
56
65
78
77
58
56
65
58
77
75
63_68
68
58
63
56
62
74
58
75
56
56
62
70
34
56
46
65
77
74
69
54
34
54
46
54
65
56
63
75
54
77
57
63
75
57
62
74
66
54
57
66
62
74
57
60
72
54
69
54
60
54
54
53
34
74
70
77
65
72
34
54
53
58
65
62
62
65
70
65
63
74
72
65
63
62
74
72
58
65
77
58
74
53_62
58
53
70
58
53
58
46
58
58
53
34
72
60
53
46
60
53
46
73
61
72
70
46
61
42
46
57
74
73
62
72
69
50
50
42_50
50
57
60
57
60
69
57
57
50
50
50
50
58
43
70
72
67
57
74
62
43
67_70
50
70
55
58
55
58
58
58
74
62
58
67
70
58
62
60
67
60
75
58_63
74
58
50_63
55
55
60
45
77
65
72_75
58
65
53
45
53
53
75
63
72
77
53
63
46
62
62
70
74
75
60
53
53
53
62
53
58
46
58
62
63_70
74
62
63
62
70_77
65
74
74
65
70
58
77
62
58
53
70_82
77
53
62
58
70
58
77
77
84
53
72
82
53
77
72
46
84
84
46
38_50
66
38
54
78_86
74
60
38
54
54
86
74
78
84
54
87
75
78
84
60
54
66
60
60
54
75
66
87
78
50
60
86
54_78
74
84
54
60
54
86
78
74
39
54
79
74
86
51
39_58
67
55
38
66
46
39
46
55
55
58
67
60
58_86
67
74
72
84
58_60
67
58
79
84
55
51
55
55
72
58
40
58
60
55
52
82
40
72
70
39
48
40
48
70
82
48
69_81
58
81
69
58
79
67
60
40
67
60
48
58
79
72
58
82
55
70
70
82
48
48
58
58
62
53
41
52
41
70
77
65
60
74
74
50
65
70
41_77
50
70
82
53
53
70
58
58
62
82
74
77_86
82
62
58
77
82
74
58
41
53
89
77
86
62
53
53
50
53
58
89
53
50
77
58_70
42
54_64
82_90
78_88
30
42
30
42
90
78
82
82
79
91
52
58
54
64
58
42
58
91
52
79
64
52_78
90
58
88
64
52
52
58
52
70
39
90
39
78
82
63_70
58
36
78_82_90
36_87
24
48
47
36
90
47
48
82
87
24
78
82
78
72_84
53
54
53
58
72
84
78
74_86
78
54
63
58
58_86
74
63
82
78
58
75_87
78
82
54
58
58
75
78
82
48
87
54
48_70
58
63
41_69
29_63
57
87
81
77_89
29
36
41
29
77_81_89
41
87
81_87
51_79
91
57
63
57
91
57
57
69
51
81
63
79
56
68
57
56_80
77_89
87
29
68
51
63_89
41
56
51
77
80
56
55
67
43_65
31
62
79
77
89
31
33
62
33
89
43
31
43
77
50
83
71
53
83
71
79
84
77
72
62
79
53
62
55
50
84
72
79
43
86
74
53
79
55
67
31
55
65_77
53
50
50
74
86
79
36
86
79
36
67
74
55
60
24
48
36
48
86
74
79
79
75_87
84
53_55
53
60
87
79
84
75
36
67
75
84_87
79
36
67_79
55_75_87
84
67
24
55
60
86
55_60
74
79
55
36
55
86
74
55
79
66
54
60
38
26
38
78_86
74
26
38
54
54
86
74
78
78
84
72
54
54
60
72
78
84
38
54
66
78
84
72
60
54
38
66
26
72
74
86
54
26
38
60
86
78
74
86
74_79
39
27_39
27
67
55_58
34
84
66
27
39
34
47
46
46
47
55
55
58
86
58
74
58
67
72_84
58
67
58
72
58
55
67
79
84
82
70
58
55
46
82
55
27_39
70
46
40
70
82
72
58
40_52_55
60
28
82
72
48
40
48
48
62
74
55
55
58
58
62
55
48
74
55
60
28_48
72
70
48
52
40
40
60
40
58
41
58
62
53
41
29_77
74
65_72
70
60
55
46
41
46
53
74
65
53
70
58
58
75
63
66
54
77
53
41
58
58
63
54
62
29
66
74
62_70
53
75
65
58
58
53
65
62
74
70
58
74
70
53
62
65
70
53
62
65
58
56
68
77
58
65
70
74
56_58
58
56
65
68
70
58
56
66_75
54
63
58
77
66
54
58
63
75
58
53
65
74
62
70
62
70
62
65
53
58
62
58
53
53
78
29
66
70
72
74
29
41
41
51
54
58
60
58
51
54
66
60
63
66
78
57
63
66
60
63
77
69
65
72
70
72
75
77
77
69
72
75
65
60
63
57
77
55
58
63
67
70
75
79
58
63_75
46
70
55
67
82
79
75
70
82
67
63
58
55
67
63
70
58
75
55
59
58
59
59
58
58
59
56
58
58
56
56
58
68
76
58
70
64
56
70
56
68
64
58
76
55
56
56
55
58
75
56_63
70
58
67
55
63
70
67
58_75
63
55
58
67
63
71
67
70
71
70
71
71
70
68
70
68
70
68
68
76
58_70
64_70
56
68
70
58
64
76
56
68
67
68
67
46
70
68
58_63_75
70
46
67
55_63
70
67
75
58
55
70
68
70
68
68
70
68
76
64
70
56
68
76
64_70
56
67
68
68
67
58_75
63
67_70
55
70
70
63
68
67
75
58
55
67
70
70
67
74
70
75
74
78
75
79
78
70
74
79
74
75
70
78
75
78
79
46
46_70
58
62_74
67
55
70_82
67
74
62
55
58
79
82
84
84
82
82
84
84
82
82
84
84
82
82
63_84
75
60_66
54
72
63
84
66
54
72
60_82
75
82
84
84
82
82
84
84
82
82
84
84
82
82
84
84
82
82
46
84
84
82
46
58
82
74
55
70
67
84
70
67
74
84
82
82
82
63
58
55
82
62
63
63
62
62
63
60
62
60_62
63_75
54
62_66
60
72
60
54
66
72
60
63
75
58
60
60
58
58_62
67
55
70
74
62
60
58
74
70
62
67
55
67
62
70
67
75
70
74
75
75
74
74
75
72
74
74
72
63_75
60
72
54
66
72_74
63
54
66
60
72
75
70
72
63
66_75
72
54
63
66
54_72_75
72
70
58
62
70
67_74
55
74
72
58
67
62
55
70
74
72
74
72
74
75
63_66
54
72
74
72
54
66
72
75
63
70
72
72
70
58
62_74
55
74
70
67
72
58
70
67
55
62
74
67
70
74
67
73
70
46
74
73
78
74
46
34
79
78
70
73
34
73
74
70
79
78
74
79
78
58_70_74
65
62
82
53
65
74
62
79
58
53
70
82
84
84
82
82
84
84
82
82
84
84
82
82
58
70
64
62
84
74
52
62
64
74_84
70
82
52
58
82
84
84
82
82
84
84
82
82
84
84
82
82
46
84
84
82
82
84
82
46
62
58_65_70
74
53_84
82_84
84
62
65_74
70
82
82
82
53
66
58
65
82
66
66
65
65
66
63
65
65
63
63
75
58_63
66
65
54
58
54
66
63
75
62
63
63
62
58
62
74
70
65
65
53
63
74
70
62_65
65
53
70
58
74
70
78
74
77
78
78
77
77
78
75
77
77
75
75_75
66
58
63
54_70
77
66
58
54_70
63
75
74
75
63_75
66
54
70
66
63
54
70
75
75
74
77
75
70
65
62
58_74
53
58
74
62
65
53
70
75
77
77
75
75
75
63_66
58
54
77
70
58
54
70
63
66
75
74
75
75
74
44
58
53
77
62
65
70
74
75
46
70
62
65
70
53
74
73
58
74
73
77
76
74
70
77
76
82
77
74
75
74
75
63
66
58
75_82
54
70
54
70
58
78
66
63
75
81
78
82
81
70
58
62
74
65
53
82
53
58_65
62
86
74
70
86
86
86
87
87
86
86
87
87
86
87
86
87
86
86
87
87
86
86_87
66_87
75
58_70
54
63
87
54
87
58
70
66_87
63
87
86
86
87
75
87
86
86
87
87
86
86
87
87
86
86
87
87
86
86
87
87
86
86
87
87
86
86
87
87
86
86
87
74
53
65
43_62
71
87
87
44
87
86
86
74
62
65
71
53
31
57
51
48
31
57
51
48
59
50
53
44
50
44
53
59
43
43
31
51
60
48
31_43_48_51_60
62
53
50
47
50
53
47_62
46
46
31
51_63
55
31
51
55
63
56
65
53
49
56
49
53
48
65
48
43
66
54_60
60
43_54
66
47
55_62
67
47
55
62
55
43
67
55
45
43
45
53
41
53
41
63
43
69
57
41
29
60
31
43_57
29_41
60
31_69
63
56_71
44_59_62
56
44
59
62
71
55
43
53
55
43
53
63
60
72
45
33
60
72
33
63
45
74
62
65
64
59
47
57
64
47
57
59
62
65
74
58
46
58
46
75
63
67
55
43
67
63
43
75
55
65
68_77
61
49
61
49
65
77
68
60
48
60
48
66_78
72
55
43
45
72
66
78
55
45
43
74
67_79
59
47
73
73
67
79
74
59
47
68_80
40_71
74
28
30
68
28
30_71
40
74
80
79
71
41_67
29
74
41_67
29
79
71
74
68_71
80
74
30
42
68
43
80
74
30_42
71
43
75
67
79
43
31_72
71
72
67
71
79
43
31
75
68
73_80
32_44
68
44
73
32
80
73
79
67
45
33
35
67
73
79
45
33
35
68_73
46_80
34
34_46_68_73_80
43_47_74
79
35_38_67
77
40
40
67
74_79
47
35
43_77
66
38
54_78
42
66
54
42
78
79
67
55
43
67
43
79
55
57
69
81
45
43
45
57_69_81
43
70
82
58
46
70
82
58
46
71
83
59
47
71
48
47
59_83
48
72_84
48_60
72
48
60
84
73
61
85
49
61_73
49
85
74
62_86
50
50
86
74
62
83
59
59
83
84
60
72
48
74
84
72
48_60
74
74
86
62
50
74
50
62
86
75_87
63
51
75
63
51_87
77
65_89
53
77
65_89
53
79
91
67
55
89
91
89
79
55
67
62
86
62
86
72
60
84
84
84
72
84
60
48
24_36_60
32
32_48
24
60
36
68
80_92
56
87
63_84
60
63_84
60
68_80
56_92
87
87
84
63
79_91
60_67
55
55
60
79
67
63
84
91
87
72
60
48
36
60
72
48
36
80
104
92
72
99
68
75
96
72
68
80
75_96
99
92
104
96
91
72_75
67_79_103
70
105
105
75
103
79
91_96
72
70
67
70
72_79
48
36
72
70
36
79
48
67
58_91
55_79_82
55
67
82
79
58
91
53_77
65_68
41
65_68
60
80
56_65
53_77_89
58
77
53
41
58
77
53
60
80
56
65
89
68
53
65_77
41
65
53
68
41
77
68_77_101
92
72
89
91
65
92
89
72
77_91
101
65
68
75
72
48
36_67
72
48
67
75
72
75
99
36_63
87
67_96
87
96
67_99
75
72
63
24_36
60
89
77
80
65
53
60
56
24
77
53
60
89
36
65
56_80
75
60_84_87
63
51
55
75
55
63
51_60
60
84
87
72
48_60
36
48
92_101
89
77
68_72
70
65
89
77
101
70
92
60
36_65
72
68
72
87_99
75
63_72
67
72
99
75_87
67
63
75
63
48
67
36
63
67
48
75
36
63
51_87
75
63
75
87
51
65
43
31_62_74
77
65
53_62_62_74_86
74
55
50
43
31
74
50
55
53
77
62
86
65
43_74
62
31
65_74
31_62
43
98
89
86
74
72
89
86
67_98
74
72
67
63
60
72
48
36
60
72
63_84_87
67
63_72
60_96
48
84
36_87_96
72
60
67
63
55_67
43
55
67
43
67_79
55
55
67
79
75
69_72
81
61
67
63
57
60
61
69
72
67
60
57
81
75
63
43_55
31
71_77
83
67
79
65
77
71
43
67
79
65
31
83
55
65
59_67
83
79
71
72
59
65_67_83
79
71
72
78
48_60_67
24_36
72_84
75
60
63
83
79
78
48
83
36
24
60
84
60_72
67
79
63_75
58
70
46
34
32
68
32
68
58
70_82
75
70
58
75
82
75
79
84
72
60
70
63
67
67
72
70
63
60
79_84
75
58
34
46
46_58
82
34_74_80
68_70_86
62
82
74_80
68_70_86
62
46
34
58
62
86
70_80
74_82
74
70
86
62
80
82
70
63
39
27_82_87
70_75
67
63_79
63
70
39
27
75
67
79
63
82
87
70
67_79
73
39
27
67_73
70
39
27
79
67_82
85
79_91
58
55_61
82
79
55
91
85
61
67
58
68
72_80
44
32
80
68_84_92
60
56
68
72
80
44
32
68
80
84
92
60
56
70
64
76
48
36
64
76
70
36
48
76
88
82_84
52_64
60
58
52
64
60
76
82_88
58
84
68
65
77
41_53
52
84
80_89
56_77
53_65
60
68
77
52_65
53
80_84
77
65
89
41
60
53
56
68
62
74
53_72
41
62
72
68
74
53
41
60
80_84
62
56_74
50
86
62
74_76
50
86
80
60
76_84
56
63
75
68
51_72
39
68_87
80_84
72_75
60
56_63_63
51
75
51
39
75
60
56
80
63
84_87
51
68
72
65_77
50
38
64_76
68
72
65_77
50
64_76
38
80
65
56_89
84
77
60
53
60_65_77
84
80
56
53_89
74_79
71
43_67
31
83_86
79_91
55
67
59
62
86
79_83_91
67
59
62
55
67
79
71
74
43
31
83
79
77
83
79
77
84
81
75
84
81
75
86
83
74
86
83
74
87
84
84
87
89
86
71
89
86
71
68
90
87
68
87_90
74_83
67
91
74_83
91
67
70_85
85
70
83
68
86
83
86
68
85
88
67
85
88
67
89
86
65
88
86
89
65
88
88
91
63
88_91
63
89_93
62
89_93
62
91
95
55
91
95
55
96
32_87
44
56
72
60
68
96
87
32
44
56
84
72
83
72_84
56
83
56
80
72_84
80
72_84
56
44
51
72
80_84
51
44
80
72
56_84
72
63
73
85
73
85
72
63
51_56_68
86
74
56
51
74
86
60
68
75
87
72
75
72
87
72
68
59_82
71_76_88
64
70
37_67
67
67
37
82
76
88
70
75
87
64
75
87
55
74_86
55_59_64_74_86
85
73
64
73
85
56_63
72_84
80
68
72
60
71
32_72
44
80
56
67
63
84
32
44
96
92
84
63
96
92
84
63
96
68
84
92
84
96
92
68
44
92
96
84
72
44
92
72_84
96
75_85_97
85
97
56
75_80
51_86
98
56
51
86
60
98
80
84
87
99
84
72_87
99
68
37
59_71
100
94
67_76_88
79
82
37
80
81
88_100
79_94
82
80
81
76
87_99
87
99
52
55_98
86
52
55_86
98
59
76
85
97
76
85
97
92
84_96
75
72
68_68
32_71
60
44
84
67
92_96
44
75
32
68
79
79
80
84
75
72
51
44_68
84
75
72
80
51
68
44
83
83
56
87
84
56
51_56
84
51_56
87
84
84
76
85
70
88
67
65
76
67_70
65
60
85
68
81
88
81
72
85
82
56
56
82
85
83
83
87
84
75
66
68
84
68
75_87
66
79
79
80
84
56
56
80
84
81
81
83
86
74
65
68
74
68
83
65
86
79
79
56
80_84
56
80
84
81
81
85
82
73
64
73
67_82
85
64
67
78
78
58
82
79
79
58
82
79
79
29
68
41_84
80
68
56_72
65
29
65
72
41
68
65
80
84
56
80
53_68
77
80
68
77
53
68_80
60
77
68
80
60
77
56
48
53_80
68
48
56
77
68
77
80
53
60
70
82
60
70
82
53
60
65
53
83
60
68
65
83
84
69
69
84
64
65_67
55
46
63
73
79_85
76
67
76
63
64
79
85
73
79_84
72
46
79
52
55
61
52
72
83
67
71
64_84
83
61
70
71_82
67
70
82
68
68
56_65
41_80
77
65
77
68
65
64
80
92
80
89
53
92
60
80
89
60_80
53
92
89
80
92
65_89
56
65
41
92
80
53
56
48
80
68
53
92
48
56
94
82
72
68
82
72
94
53
60
77_95
68
95
53_77
60
80
96
65_96
46_80
67
64
55_76
85
97
91
88
79
88
91
97
85
96
76
84
55
84
46
52
61
95
83
52
67
96
79
95
83
82_94
82
94
61
92
89
77
80
56
68
65
41_89
92
80
77
64
76
56
76
53
48
77
80
68_72
65
77
48
53
72
68
65
80
79
41
79
53
53
60
80
84
53
53
80_84
81
60
81
85
73
82
65
64
67
73
64
82
67
85
78
68
78
53
82
79
53
79
82
79
79
80
72_84
63_65
72
80
65
84
63
76
76
53
77
80
53
77
80
78
78
78
82
70
79
63
61
78
70
79
63
82
61
75
75
53
76_79
53
76
79
76
80
76
77
68
62
60
68
77
62
60
80
72
72
53
74_77
74
53
77
72
72
62_67_71
79
55
71
79
67
62
55
80
39_68
72_75
27
68
72
39
75
80
27
67
74
71_79
41
29
75
67_74
71_79
29
75
41
68
75_80
72
42
30
75
72
68
80
42
30
67
43
71_74_79
31
39
69
72
33
67
74_79
34_71
69
39_72
33
34
31_43
31
31
87
94_99
91
63
58_67
87
94_99
91
63
67
58
87
94_99
67_91
58_63
94
67_91
58
63
87
99
90
98
94
60_69_86
66
86_94
66_90
98
69
60
99
70_87
91
61
67
91
61
67
70_87
99
90
86_93_98
62_66
69
93
90
86
98
69
66
36
24_65_69
72_77
62
72
65_69
36
77
24
38_68
64
71
26_76
38_71
26_64_76
68
65
77
72
39_69
27
65
77
72
69
39
27
68
40_64
28_71_76
64_71
76
68
40
28
88
91
84
60_64
55
96
88
84_91
60_64
55
96
88
91
64_84
55_96
60
88
84_91
64_96
55
60
87_90
83
95
57
65
84
83
95
87_90
65
57_84
88
91
58
67_84_96
64
88
91
84
67_96
64
58
90
87_95
63_66
83
59
87_95
83
90
66
63
59
75
70
34_46_63_67
63
67
70
75
46
34
66
62_69_74
47
35
64
62_69_74
47
35_66
64
94
68_82
86
89
56
65
62
82
86_89
65
62
56
68
94
85
88
61_81_93
64
69
57
88
81_93
64
85
57_69
61
61
73
49_68
65
37
37_49_61_65_68_73
68
60_65_72
38_50
60
50_65
68
72
38
68
80_92
83
65_89
56
59
80
68_83
65_89
56
92
59
84
91
79
60_67
55
84
79
91
67
55
60
71
59
67
51
39
59
51_71
67
39
58_67
52_70
40
52
58
40
67
70
70_82
66_90
78
61
82
70
66
78
61
90
60_65_69
53
41
60
69
65
53
41
68
80
65
89
61
68_80
65
89
61
53_68
41_60
65
53_68
65
41_60
83_91
62
67_79_86
55_59
91
83
79_86
67
62
59
55
59_62_67
43_55
50
59
62
55
50
67
43
63
75
70
58
51
67
63
55
70
58
75
67
55
51
62_67
70
58_74
52
55
62
70
67
58
74
52
55
31_58
62
65
43
58
31
62
43
65
61
55
45
64
33
55
33
64
45
61
61
65_68
73
56
49
61
65_68
73
56
49
68
56_60
65
72
53
60
56
72
65
53
68
60
41
29
56
29
60
41
56
56
34_62
46_53
53
46_56_62
34
62
56_71
53_68
62
68
71
56
53
52
58
62
55
40
52
55_58_62
40
70
67
62
55_58
67
70
58
55_62
45
61
33
52_55
45
33
55
61
52
61
67
69
55
52
67
69
55
61
52
53_56
50
60
38
50
53_56
60
38
68
56
60_65
53
68
56_60
65
53
43
53_55
59
31
55_59
43
68
31
56
53
67
55
56
68
67
55
39
49_58
55
49
39
64
52
55
58
51
64
63
52
51
63
57
41_48
51
48
41
51
57
60
48
48
56
53
60
38
53
38
56
60
48
48
60
60
48
60
48_60
72
55
43
43
60
72
60
55
48
48
60
31
58
59
31
58
59
65
56
60
53
50
56
60
65
53
50
55
31
59
31_55
59
66
51
54
56
60
51
54
56
60
66
43
31
55
59
43
31_55
59
67
51
57
60
55
51
57_60
55
67
55
59
43
55
59
43
56
50
65
53
60
31
56
50
31
60
65
53
43
43
31
31
67
43
59
43
59
67
56
68
60
63
56
68
60
63
58
51
61
58
61
51
68
56_60
68
60
56
58
51_63
58
63
51
65
41
65
41
58_67
48
58
48
67
65
56
65
41
56
41
63
36
63
36
56_65
48
56
48_63
55
65
36
55
36
63
56_65
53
65
56
53
63
48_55
60
63
48
55_60
56
65
53
56
65
53
63
48
63
48
53
62
31
53
31
62
55
43
63
55
43
53
31
62
53
31_63
62
60
36
60
36
62
43
43
62
60
51
36
51
36
60
51
60
48_55
51
60
48_55
58
50
43
58
50
43
60
51
48
60
51
48
58
43
50
58
50
43
56
48
38
48
38
56
58
50
43
50
56
43
48
58
38
48
38_56
31
55
47
31
47
56
55
43
43
47
56
55
31
47
55
31
51
55
34
34
51
55
56
43
53
53
43
55
34
51
56
55
34
51
53
50
35
50
35
53
55
43_51
43
50
53
51
55
35
50
53
35
48
51
36
48
36
51
53
43
50
43
51
50_53
48
36
51
48
36
50
47
31
31_47
50
51
48
43
51
47_50
48
43
31
47
50
31
68
68
68
68
67
67
67
67
68
68
68
68
67
67
67
67
65
65
65
65
67
67
67
67
65
65
65
65
63
63
63
63
65
65
65
65
63
63
63
63
60
60
75
75
55
55
57
57
74
58
74
58
59
59
75
60
75
60
55
74
55
62
74
72
72
74
62
72
74
64
64
72
70
66
70
66
72
72
70
70
67
67
65
65
72
64
72
70
70
64
60
72
60
72
62
70
62
70
64
64
65
68
65
68
63
63
62
70
70
68
68
70
62
58
70
68
58
60
68
60
62
62
67
63
67
63
65
62
65
67
67
65
65
62
63
60
63
65
60
65
60_63
63
60
62
58
62
58
60
60
58
63
58
63
56
65
56
65
58
58
56
67
56
67
59
59
56
60
60
56
62
62
63
55
63
55
64
65
56
64
65
56
60
60
67
55
55
53_55
53_55
55
55
67
53
69
53
69
51
71
67
71
51
53
53
51
51_72
72
66
54
66
54
51
39
55
67
51
39
55
67
57
69
57
69
58
50
38
70
58
50
38
70
59
71
59
71
60
72
51
39
60
51
72
39
55
67
55
67
74
50_62
38
50
38
67
48_62
36
36
48
38
38
74
62
36
76
64
36
76
64
62
34
46_62_74
78
66
66
34
46
78
36
36
34
46
46
79
34_67
62
67
79
65
77
65
74
35_46
36
77
35_46
76
36
64
76
64
34
65
67_77
65
34
77
64
76
64
76
67
60
72
72
60
72
60
74
62
34
44
74
62
34
44
76
64
76
64
77
65
32
44
44
32_65
77
63
75
63
75
74
62
46
34_74
62
46
34
63
75
63
60
75
62
74
44_62
32
74
44_58
70
60
34
70
32
58
72
60
32
72
34
60
72
60
74
62
32
74
62
63
75
63
31
43_75
70
31
43
70
56
62_68_74
41_53
62
41_53
53_62
43
41
43_56_68_74
41
53
62
39
72
67
51
60
55
67
39
41
72
41
39
39
60
55
51
38
58
70
50_65
38
53
70
50
65
53
72
58
72
70
55_67
39_51
58
67
39
58
70
55
51
41
56
68
65
41
68
56
65
58
70
58
70
55
67
67
43
55
67
43
55
55
39
63
67
39
63
67
67
67
67
58_67
34_62
46
58
62
34_46
55
63
58
39
55
67
58
39
63
55
55
55
55_62
46_58
34
62
46_58
34
51
36
60
51
60
36
55
60_60
48
55
48
62
51
62
60
43
51
60
43
59
55
31_31_43_50
59
50
55
59
43
31_31
50_59
50
60
51
51
60
50
59
31_59
43_55
43
59
31
43
55
43
68
60
31
53
60
53
31
68
50
43
59
43
51
60
31
67
31_51
67
43
43
68
31
53
31
53
68
43
43
67
51
31
60_67
51
31
43
43
32
65
60
48
60
60
65
67
44
32
48
60
65
44_67
31
60
65
60
31
43
43
63
44_72
32_32
60_60
44
32
63
65
60
32
44
63
60
65
43
31
44
31
60
31_43
63
31
60
43
72
58
67
51
43
31
51
31
67
43
43
50_65
31
50
65
31
43
43
51
67
31
51
67
31
58
43
43
50
58
65
31
50
65
58
31
43
43
58
46
31
41_58_63
29
41
29
63
43
31
65
46
43
63
30
65
58
58
63
42
30
42
70
31_58
62
58
43
31
58
43
31
62
31
43
63
43
30
30
42
62
63
42
30
42
62
30
42
29
58
49
70
65
58
29_49
41
58
41
65
29
63
48
29
48
41
63
41
29
49_65
58
50
49
29
50
58
41
65
41
29
48
63
58
48
29
41
58
41
30
46
58
63
58
62
30
30
30
42_46
62
63
42
62
29_58
41
29
63
41
29
29
62
41
58
41
70
30
58
58
42
30
62
42
30
42
30
42_63
70
58
29
63
41
29
29
41
29
41
58
41
58
29
40
28_56
60
44_62
28
29_40
58
60
41
44
62
41
28
41
29_60
62
56
58
29
41
28
40
40
58
29
68
56
40
28
40
28
29
41
41
68
28
40
28
28
40
28
40
56
60
40
56
65
50
48
56
60
41
56
48_50
56
41
60
60
53
53
65
60
49
55
58
49
55
64
55
49
58
49
55
64
52
58
52
58
56
41
48
56
65
48
41
48
56
56
48
52
41
60
52
65
60
49
55
60
49
41
60
49_49
55
52
58
52
58
51_60
55
60
51
39
60
55
51
51
60
53
65
62
39
53
62
65
62
51
60
51
62
60
51
51
60
60
53
65
53
65
50
59
50
59_59
38
65
53
50
51
60
53
50
38
65
60
51
59
60
50_59
50
59
60
59
67
59
57
67
57
63
63
60
55
63
55
48
36
60
55
48
36
65
56
63
65
60
65
63
63
56
65
55
60
63
55
55
72
63
60
72
60
67
62
55_55
34_46
46
67
69
34_55
57
69
57
67
55_61
45
62
33
45
33
55
67
61
73
55
61
73
61
66
57
54_62
38
45
66
57_67
45
62
63
63
67
63
66
38
62
62
63_66
62
74
57
57
54
74
62_67
55
43
31
55
31
43
32
67
32
31
43
31
43
67
55
67
55
59
65_65
68
56
53
53
59
65_68
65
56
53
53
55_67
55
67
51
63
63
51
67
60
55
51
63
51
60
55_67
63
50
62
50
62
63
51
43
33
63
43
33
51
65
53
53
65
55
67
31
43
33
67
31
33_43_55
56
68
56_68
67
55
51
67
55
51
56
68
56
68
65
53
53
68
65
60
65
53
53
60
63
51
68
51
63_65
65
53
43
31
53
43
65
31
67
55
67
55
68
56
31_43
31_43_68
56
70
58
70
58
68
56
56_68_72
62
56
68
68_72
62
56
70
58
58
70
67
67_70
56
55_58
62
67_67
70
58_62
55
56
70
58
58
70
68
54_56
62_68_72
56
58
70
54_56_56_58_62_68_68_72
55_70
67
55_62
67_70
55
67
62
67
55
44
60
32
48
70
44
32
60_63
34
48
51
34
31
51
63
53
65
31
53
48
65
60
60
44
50
32_48_62
46
44
32
46
34
62
65
53
50
34
65
34
46_53
67
55
46
34
55_67
58
70
58
70
74
62_65
56_68
68
56
53
74
56
62_68
65
53
68
56
58
70
58
60_63_70
72
51_55_55
67
60
51
55
55
67
65
53
65
63
72
46
34_55
67
53
46
56
68
67
34
55
46_56_68
34
58
70
46
34
58
70
60
72
60
58_63
75
67_70
70
58
72
55
63
70
67
58
55_75
58
70
60
72
60
56
56
68_74
53
62_68_72
65
56
53
68
56
67
55
62
67
68
36_56
55
65
36
68
74
68
58
38
70
56
70
58
48
36
72
60
38
36
48
60
72
75
63
63
64
75
64
65_77
72
56
77
60
77
65_72
65
60
56
65
77
79
67
79
67
75
63
55
72
60
63
75
55
63
60_72
75
77
65
75
63
79
72
60_67
56
67
79
79
72
56
65
60
67
77
67
68
80
68
79
65
72_77_80
50
60
65_77
65_72
77
60
50
79
77
67
65
50
68_80
80
60
72
56
67_68
50_72
56_60
68_79
80
82
68
70
80
70
66_82
60_72_78_78
50_57_66
72
66
60
78
57
68
79
50
68
78
67
66
50
60_81
69
72_81
69
81
69
50_60
72
67
79
69
83
81
71
71
67
71
79
55_59
79
67
83
59
55
79
76
64_67
76
61
49
77
65
61
64
77
71
67
49
79
67
65
79
68
80
60
48
79
67
48
60
68
81
69
80
69
82
61
81
70
49
61
49
82
77
65
70
77
65
80
68_72
60_84
72_84
80
48
48
60
84
58
46
80
72
68_72
49
47_48
46
58
84
49
47_48
80
84
58
82
46_72
58
72
46
84
48
48
82
44
44
80
44_56
72_84
56
44
71
59
56
71
44
59
72
60
56
44
72
60
74
62
84
55
43
62
74_75
55
43
63
80
63
75
76
72
64
56
44
64
77
65_76
56
44
65
77
72
60
72
60_75
79
67
55
43
75_79
55
63
43_67
41
67
79
41
75_79
67
43
63
43
81
69
53
41
53
41
75
69
39
39
41
40
81
40
41
82
39
70
79
39
70
38
38
39
71
39
83
77
82
38_79
38
71
83
36
77
36
38
38
36
84
72
76
84
76
72
70
73
61
64
61
73
64
70
97
85
94
88
64_85_88_94
97
63_68_72
60
68
72
60_63
84_87
92_96
84
92
87
96
73
61_70
64
70
61
73
64
97
94
85
88
88
85
97
94
48_63
60
63
68
64_72
60
87
84
92
96
68
60_63_72_84_87_92_96
68
87
84
96
92
84
87
96
92
72
68
63
68
60
72
68
63
63
60
63
67_70
58
63
67
61
63
67
61_70
58
82_87
94
91
67
63
87
82_91
94
68
68
72
60
64
60
60
64
68
72
68
84_92
87
96
36
48
84
87
92_96
67
62
58
48_70
36_58
67
61
62
82
85_94
91
82_85
94
91
70
67
58
61
82
94
85
91
67
65
85
82
94
91
70
61_67
58
58
67
61_67
70
58
65
68
56
60_65_65
56
60
60_67
60
80
84
89
92
84
80_89
92
68
65
56
60
92
80_89
84
84
80
68
89
56
65_92
60
65
68
56
60
48
65
55_60
63_67
63
36
57
57
67
65
60
89
84
79
63_67
56_91
84
79
91
89
65
91
63
60_87
79
55_57_84
45
33_67
63
60
84
57
79
63
60_67
55
91
60
63
55
67
87
63
55
60_67
79
87_91
84
79_84
60
87_91
63
55_55
33_62
67_90
78_84_87
60
63
60
60
55
63
45
63
60
66
78
54
62
84
66
63
54_60
87
90
54
62_66
63
54
60_60
38
50
63
45
66
54
45
63
60
75
72
63
66
72
63
66
75
87
90
96_99
87
60
90
99
62
96
70_74
62_66
66
62_66
70_74
90
86_94
98
90
54_86
94
98
75
63
72
71
63
75
72
71
99
87_90
96
90_96
87
99
70
66_74
65
62_65
66
74
66
94
89
86
98
89
86
98
94
62
70
65
94
70_89_98
86
98
86_89
38
65
94
74
70
65
62
70
74
65_70
62
69
60_72
69
62_65
38
65
60
65
69
72
89_93
84
96
89_93
50_84
96
69
38
66
70
70
74
62
65
62
74
70
62_66
94
86_98
89
70
86_98
89
94
63
69_72
60_69
60
38_63
26_71
63
71
72
63
84_87
92_96
93
84_87
96
92
93
60
69
87
69_93
63_84
96
67_84
60
87_96
93
63
72
63
69
60
69
72
69
67
63
60
69
70
61_67
58
63_67
58_62
63
91
82_86
94
67
70
61
58
82
94
86
67_82_86_91_91_94
86
82
91
94
70
58
67
58
70
67
66
69
57_66
61
62
61_67
66
58
91
81_86_93
26
38
81
86
91
67
93
66
62
57
38
93
26
81_86
90
69
57_66
81
57_86
66
69
62
57_93
62
62
66
69
57
66
90
26
57
69
66
62
57
66
62
69
90
81_93
86
81
38_86
90_93
69_74
62
67
60
59
69
62_64
60
59_74
91_96
64
86
38
91
96
69
86
67
69
38
79
43_67
31
65
73
67
65
91
103
73
102
102
74
67
74
79
77
91
77
103
79
82
91
82
67
43
31
94
91
103
79
94
65_101
73
103
73
65
101
77
101
77
89
101
92
89
101
92
99
63
101
70
63
99
75
79
87
70
75
79
91
87
99
91
97
61
99
97
61
68
97
72
31
77
97
85
72
55
77
68
32
31_89
85
56
34
55
97
32_58
66
34
89
56
97
48_60
66
36
24
60
96
58
48_66
60
66
67
60
70
24
76
36
96
84
72
76
88
84
72
80
96
70
58_67
88
58
80
79
60
94
96
60
94
70
73
79_82
79
72
73_79
84
82
72
79
70
94
84
92
60
77
65
62
56
94
60
79
62
60_68
65
56_92
72
71
60
71
77
77
80
77
72
72
72
84
80
77
92
68
84
77
76_92
64
60
55
60
64
60
91
66
55
76
67
60
66
72
76
91
67_79
76
72
84
79
84
91
36
91
60
89
64
62
65
29_41
53
62
55
89
64_101
65
36
55
72
65
72
77
101
77
89
92
89
101
92
53
99
63
60
101
97
97
70
29
63
41
99
75
65
79
87
70
79
75
91
87
99
91
97
61
99
61
68
97
73
77
85
77
73
68
89
85
97
89
97
59
95
61
61
59_65
68
95
65_75
83
68
75
41
87
83
54
41
42
55
95
54
42_43_87
56
57
43
55
58_58
34_46_94
95
65
56
57
58
68
94
46
74
82
58
74
34
86
68
82
65
70_94
86
70
78
58
92
94
58
76
92
56_58
65
68
75
78
75
70
65_76
80
77
77
82
80
70
70
68
92
82
70
77
56
58
90
58
92
75
63
54_58
77
66
58
63
70
54
75
90
58
75_78
75
82
70
70
78
90
66
70
82
75
90
58
89
62
53_65
58_74
75
58
62
70
77_89
74
58
65
53
74
70
82
77
74
89
82
70
89
74_87
70
74
63
99
75
63
39
27
34
70
63
34
87
75
70
99
79
75
79
87
91
87
70_99
91
70
99
62
98
70
62
74
98
86
77
70
74
77
89
86
98
89
60
96
98
67
60
72
75
27_67_96
72
84
75
75
87
84
39
96
87
58
94
96
58
94
67
68
68
70
63
67_74
82
74
70
86
82
94
86
94
45_69
57
33
57
93
33
57
63
66
67
65
66
93
65
81
72
71
67
72
57_71
84
81
63
93
84
58
70
55_91
69
46
45_90
93
60_90
55
91
63
67
69
79
60
70
63_67
69
84
79
58
91
84
46
89
53
43
67
55
91
55
60
53
67_89
77
60
67
55
79
77
43
55
79_89
67
51
87
89
69
57
45
33
51
57
87
60
33
45
57
67
57
75
67
60
79
87
75
79
87
74
86
50_62
62_66
38_74
26
62
28
50
28
74
86
74
86
74
78
81
86
78
81
75
63
75
72
67
72
63
67
72_84
72
75
79
84
75
79
74
62
74
70
66
62
66
70
82
70
70
74
78
82
74
78
72
60
72
70
60
66
70
69
69
66
81
69
69
74
78
81
74
78
70
58
70
67
62
67
58
62
67
79
26
67
79
70
74
70
74
69
57
38
69
66
57
62
66
62
66
78
66
74
69
78
69
74
67
55
67
55
63
60
60
63
75
63
63_69
67_70
75
67
70
66
54
66
62
57
62
54
57
62
74
62
74
66
69
69
66
66
62
59
47
59
47
60
56
44
48
60
56
44
48
50_62
50
62
63
55
51_71
43_65
55
43
74
51
52
64
63
52
53
44_56
65
64
65
56
44
53
65
48
60
71
63
48_72
55
60
67
43_60
55
55
43
55
60
56
68
67
63
56
57
69
68
72
57
43_58
69
70
71
67
53_74
41
58
43
59
71
53
41_70
71
59
67
55
71
67
69
67
39
51
57
55
69
39_57
59
71
51
41
74
59
40
72_79
67
71
60
51
40
72
41
51
60
72
72_79
54
66
67
66
39_51
54
51
55_67
39
55
67
68
56
68
66
56
57
50_60
38
57
50
69
38
57
69
70
58
58
51
39
70
60
72
39
51
60
57
60
72
57
69
66
67
58
55
50_69
38_57
62
74
50
38
62
63
74
76
55
63
76
64
58
37
49
37
64
49_67
65
77
77
38
65
69
38_62
66
36
78
67
36_67
62
74
78
66
64
76
62
62
74
34
76
69
66
64
78
34_36
66
78
67
34
67
79
62
74
36_67
34
79
58
70
74
70
58
72
60
32_67
44
44
72
32_60
62
73
61
73
61
74
62
58
62
43
31
43
31
62
74
75
63
58
75
63
77
65
44
32
32
44
65
77
74
62
62
74
55
58
43_63
31
62_70_82
43
31
55
81_82
69
70
81
58
70
82
69
41
63
41
82
70
43
72_84
43
65
84
72
62
41
58
41
74
86
74
86
62
70
82
82
65
39
72
70
84
39
84
41_72
74
74
86
41
39
67
63
86
39
63_75
87
75
87
58_63
65
65
38
65
89
77
89
77
67
38
65
39
67
39
63
67
38
59
65_91
79
38
67
67
79
91
67
69
69
69
36_93
81
93
36
69
81
38_71
83
95
65
71
83_95
38
36
63
59
36
60
71
84_96
71
84
96
72
72
34
60_86
98
74
86
98
74
34
36
75
36
34
87
99
87
34
99
75
77
77
32_101
65_67
63
101
32_77
77
79
79
65
55_79
103
31_67
43
91
55
103
67
91
79
43
31
43
45
43
31
31
31
31
43
45
43
47
31
47
31
43
43
31
51
48
31
43
43
31
51
31
43
53
50
43
31
31
43
31
43_50_53
31
43
55
51
43
51
31
31
48
43
55
43
56
53
48
31
31
43
43
31
58
31
55
56
43
53
43
48
31
55
31
43
58
43
31
31_56
60
43
56
43
60
31
60
57
54
43
31
43
31
54
60
59_62
43_54
31
54
57
43
31
59
43
31
62
31
43
43
60_63
31
60
63
31
43
67_72
55
43
79
75
43_72
55
67
75
79
31
75
67_72_79
43
31
72_79
54
69
67
42
81
54_69
72
72
43
81
75
31_42
80
68
72_75
42
30
42
30
72
50
38_69
81
72
80
72
50
38_68_69
81
75
72
69_78
81
38
26
26
38
69
72
81
83
71
43_55
74
78
71
74
55
83
43
74
71_77_79
43_83
31
38
34
38
34
43
31
83
74
77
75_84
72
36_48
71
72
75
84
31_36
48
79
31
75_79
24_36
72
84
83
78
31
72_83
24
78
36
31
75
79
84
46_80_87_92
84
34_44
87
80_84
92
34_44
46
87
84
39_79_91
28
40
84
79
39
87
28_91
40
85
44_92
80
87
32
46
87
32
44
85_92
46_80
39
27
87
84
79_91
84
79_81_91
39
27
87
81
45
79
43_84_87
91
39
31
33
45
87_91
79_84
43
33
31_33_33_39_43_43_45_45_79_79_84_84_87_87_91_91
33
45
91
87
79
84
39
91
79
87
33_39_84
45
85
50
78
38
84
45_85
86
50
78
38_84
86
45
78
84
38
50
90
86
84
78
86
38
50
90
90
78
84
86
38_50
78
50_84
38
86
90
84
77
89
55
53
43
77
89
55
84
53
43
84
87
36_48
47
88
84
36_48_87
47
88
53_84_89
41_79
84
53
41_79
89
88
48_79_84
36
84
36
79
88
48
84_87
80
53
52
41
40
87
84
80
53
52
41
40
80
84_87
53
41
84
80
87
80_84_87
84
80
53
87
41
80
74
86
46
76
34
80
86
46_74
76
34
80
46
74_86
34
76
74_86
80
76
46
80
46_74
86
84
34
80
46_74
86
84
79
74_82
52
50
86
40
79
46
74_82
52
50
40_86
46
79
82
74
52
86
40_50
86
52
74
40_50
79
82
74_79
82
40_86
52
86
52
74
40
79
82
82
79
45_73
33
82
79
73
33
45
73
33
79_85
45
73
45_79
85
85
79
73
45
33
45
73_79
85
50
80
72_77
38
44_84
50
77_80
72
38
44
84
50_72_77
80
38
84
77
84
80
50_72
38
72_84
77_80
38
84
72_80
38_77
77
71
43_83
31
77
71
43_83
31
43_71_77
31_83
77
71_83
43
83
71_77
43
31
43
71
77
83
75
44
32
72
80_84
72
80_84
44
75
32
73_85
77
80
41
29
28
40
73_80
77
41
85
28_29
40
75
72
30_84
42
80
80
84
30
72
42
75
43_74_79
71_83
77
31_38
35
76
33_81
38
43
71
76
74
33_81
31
35
77
83
79
75
72_79
84
36
24
27
31
31
75_84
72
79
36
27
24
32
44
32
44
75
78_84
72
51
54
72
84
78
75
75
82
70_78
54
51
60
60
70
63
75
78
82
63
78
75
72
84
66
66
84
72
63
78
75
63
82
75
70_78
61
66
61
66
63
63
61
70
82
61
78
75
68_80
75_78
60
54
60
68
78
75
80
82
70_78
75
51
54
51
44
44
82
75
70
78
68_73_78_80
32
44
32
44
80
68
73
78
78
70_82
73
51
54
82
70
78
73
78
73_80
68
58
51
54
61
58
80
68
73
78
61
78
70_73
63_82
61_63
82
70
73
61
78
60
68
80
73_77
65
60
61
65
60
61
60
73
68
77
80
66
78
73
58
58
54
54_66
73
68_73
80
44
78
44
32
73
68
66_78
72
80
44
32
66
44
80
68
51
72
80
54
68
78
56
65
77
71
54
58
56
51
58
59
59
71
59
63
59
63
70
62
62
58
77
65
58
66
78
44
44
32
32
66
70
75
63
69
54
55
78
55
56
57
56
61
69
57
61
68
60
54
63
54
60
54
65_77
44
75
44
77
32
65
68
61
68_73
32
53
52
67
53
68
44
67
52
51_66
54
44
61
73
54_70
58
61
66
58
51
61
51
72
66
60
70
51
51
60
44
51
44
73
61
72
66
25
32
25
37
32
37
61
73
61
44
65
49
37
25
61
44_56
65
25
37_61
49
53
68
65
53
65
61
61
73
65
56
56
68
61
68
68
65
73
73
73
65
56
61
61
65
56
61
61
65
61
65
56
49
37
49
37_65
65
68
68
73
61
37
49
66_71
62
62
66
73
56
59
68
71
56
62
66
59
66
62
56
66
62
59_59
66
49
37
62
59
68
56
62
49
37
62
59
66
37
68
49
66
37
49
61
65
56
56
65
56_61
61
56_61
56
65
64
65
61
64
56
61
56
61
61
64
64
56
61
65
65
61
65
61
56
65
61
68
66
65
49
37
56
65
66
69
25
37
65
49
37
65
25
37
68
59
62
62
49
59
62
69
62
66
68
49
59
59
49
65
59
61
66
59
61
49_59
61
49
37
49
37
68
49
37
59
61
65
66
57
60
57
60
68
65
66
57
60
57
60
49
49
37
63
57
60
37
65
60
57
25
37
57
37_49
68
60
57
60
63
25
37
61
56
53
61
56
53
53
53
56
56
53
63
56
54
61
63
53
54
56
61
56
54
54
56
63
65
56
63
61
65
56
61
61
61
56
68
65
63
49
56
61
61
37
63
64
45
65
33
33_45
64
63
53
60
63
60
53
53
60
63
53
63
60
45
33
33
63
53
45
60
63
53
60
60
46
34
63
53
46
34
60
63
53
61
53_58
61
58
53
65
65
53
61
58
53
34
61
58
46
66
58_61
65
61
53
58
34
46
48
36
53
68
36_65
48
66
61
58
58
61
56
63
66
56
48
63
36_48_68
56
49
37
36
63
37
49
65
66
63
56
61
56
56
61
56
61
56
61
56
61
65
68
56
61
61
56
65
68
73
61
56
65
37
49
65
61
37
75
49
68
65
73
68
65
61
53
41
65
41
53
77
75
41
53
53
66
63
69
78
69
63
73
77
66
63
69
73
63
69
65
63_69
77
63
69
72
53
41
78
63
53
77
63_65_69
54
42
42
54
77
69
72
42
54
65
61
61
70
65
61
54
42
55
75
43_61
43
55
65
77
65
43
55
70
55_63
61
58
73
43_70
55
75
58
55
63
70
61
63
44
56
44
68
56
63
73
61
65
61
65
56
56
44
61
61
46
44
56
65
62
62_66
70
66
46
65
56_68
56
56
65
66
46
70
65
62
39
51
46
65
51
39
62
66
51
66
51
54
61
65
39
39
44
32
32
44
61
68
60
66
44
32
44
32
54
60
56_65
61
37
25
37
25
25
37
56
80
77
61
68
77
68
65
25
37
80
68
85
65
73_80
77
61
56
65
77
61
68
65
56
61
56
49
78
74
80
56
56
85
73
61
65
68
59
56
49
71
83
59
71
62
62
66
68
80
83
78
62
66
68
78
66
59
74
62
80
56
59
56
66
37
49
68
80
77
73
78
37
49
56
61
65
68
65
68
65
68
64
65
76
77
68
64
76
77
65
61
68
80
61
65
56
77
73
61
56
77
73
65
56
61
65
78
66
56
61
77
49
56
66
49
78
77
65
73
65
49
49
37
77
49
81
69
71
37
25
59_74
47
37
49
59
71
69
59
59
80
68
81
61
68
47
61
78
66
71_74
80
59
71
61
59
66
61
78
59_77
65
59
59
65
49
59
80
68
72
57
77
45
57
49
57
68
57_66
78
80
60
66
45
77
65
60
69
78
57
60
69
65
57
77
75
63
60
57
72
63
57
56
37_44
77
80
68
73
75
37
56
61
68
65
65
68
68
65
44
61
65_77
75
66
73
66
68
68
77
65
75
80
65
56
61
77
61
25
56
73
37
61
61
61
61
75
63
56
49
56_63
49
76
64
75
64
49
49
73
45
76
75
77
60
65
72
53
45
53
53
60
60
63
53
60
63
60
53
53
72
75
53
53
46
61
73
70
60
77
53
65
53
46
73
70
53
73
61
61_61
58
73
77
65
61_70
58
61
65
63
70
63
61
78
66
77
61
53
58
66
58
48
63
80
68
75
78
56
68
56
48
56
66
78
80
75
63
56
66
63
49
65
77
65
73
78
56
63
56
56
65
73
56
61
49
61
65
66
65
77
66
65
68_80
77
73
73
68
77
61
65_80
61
85
56
73
80
56
61
73
80
56
87
75
85
80
61
80
49_56
49
75
69
87
53
41
57_63
41
75_89
87
81
41
57
57_75_81_89
57
65
90
78
81
63
69
63
69
57
78
63
53
57
90
69
57
63
89
77
57
57
57
81
89
77
42
54
61
42
58
70
77_89
82
41
87
63
49
42
49
58
58
61
77
70
61
63
70
89
61
75_87
63
61
82
54
58
61
87
58
75
58
58
63
61
55
43
85
43_75_82
73
42
51
43
51
70
73
85
75
75
84
72
51
82
72
61
51
61
84
70
82
63
63
61
70
55
61
51
43
85
73
75
51
58
61
82
85
51
51
73
61_65
32_56
44
44
80
68_73_77
63
53
68
77
73
80
44
53
56
85
80
73
56
73
61
80
85
56
80
77_89
85
65
61
61
65
77
85
61
32
44
80
89
80_92
56
65
53
61
56
92
53
80
45_73
33_61
67
85
33
79_91
93
81
35
81
35
81
45
33
45
93
81
79
85
91
55
82_94
91
85
61
67
61
45
91
61
94
55
82
67
33
85
85
81_93
61_91
55
55
67
55
91
55
93
81
85
66
39
27
39
90
85
81_93
93
51
39
90
85
51
81
57
87
85
75
81
61
75
81
57
61
85
89
66_77
81
85
87
61
66
27_89
77
61
85
81
57
61
85
81
78_90
57
81
78
51
85
90
51
73
66
39
92
78_87
84
32
66
44_60_72
32
44
32
78_84_92
44
94
82_84
54
87
60
60
66
94
72
84
60
54
60
82
66
60
66
59_71
59
92
80_83
66
66
59
66
71
32
54
83
66
92
54
44
80
59
92
82
80
86
34_46
68
46_58_70
34
46
92
86
46
82
34
80
46
82
74
80_86
56
58
86
74
82
80
87
80
75
58
82
68
56
75
58
68_87
46
80
82
56
34_80
89
77
70
58
56
80
56
56
58
89
77
68
39
82
77
89
70
58_63
39
27
51
39
51_89
77
82
82
78_90
87
58
63
58
90
78
87
82
63
70
78_82_87
90
70
63
70
27
70
90
78
82
63
58
82
77_89
39
58_58
70
63
87
58
58
89
82
77
69
57_63
29_41
41
89
77
81
41
57
89
57
77
81
87
81
75
59
59
63
75_81_87
81_87
75
69
57
75
69
63
57
89
77
69
29
57
87
41
89
77
81
82
30_42_77_89
42
70
30
58_61
63
30
42
49
58
49
77
89
58
61
82
70
61
87
82
75
70
70
61
61
75
87
73_85
49
42
85
30_82
73
58
43
85
73
82
49_75
63
58
51
43
31
85
51
82
43
51
73
51
77
73
65
75
58
65
77
73
58
77
61_73
65
51
61
58
65
77
73
61
51
58
31
51
75
43
63
73
51
63_73
43
43
44
56
65
44
32
61
80
77
68
63
75
73
58
73
73
53
44
53
56
56
77
73
61
68
78
66_69
57
73
61
56
44
80
61
61_69
66
73
57
32
65
77
61_68
56
73
65
78
61
56
68
65
73
77
77
56
68
61
73
65
73
65
68
56
61
77
71
80
59
68
73
73
61
73
61
59
68
61
59
71
59
61
73
78
66
73
61
57_69
73
80
69
61
66
57
78
56
68
61_77
65
73
65
73
68
65
77
56
61
65
56
61
56
32
71_75
83
77
44
32
44
53
59
63
59
59
53
63
53
59
53
83
71
46
75
53
82
70
74
82
56
77
74
46
70
53
62
58
70
62
56
58
70
39
51_61_70
73
66
39
51
70
66
54
61
73
58
77
65
73
70
61
77
65
73
70
58
78
66
70
63_73
63
58
66
78
80
68
65
58
61
65
58
70
80
58_68
54
44
78
66
72
73
51
44
54
66
51
54
60
60
72
68
68
72
72
78
80
68
75
68
80
80
75
80
80
58
61
66
80
70
61
73
49
37_46
73
78
61
78
85
85
73
70
66
61
58
62
61
62
62
61
61
62
49
46
73
59
61
61
59
50
61
59_73
47_61
50
47
61
73
58
59
59
58
61
59
49
46
61
73
66
64
46_49_61_64_66
61
66
73
70
66
74
70
73
74
74
73
73
74
71
73
73
71
50_73
61
47_64
67
73
71
50
61
47
64
73
67
70
71
37
71
70
66
49_61
63
37_46
73
73
71
61
66
63
73
46
49
73
71
73
71
71
73
50_61
47_67
64_73
64
50
61
47
67
73
70
71
71
70
49
73
61
46
73
66
63
71
66
63
61
73
66
46
73
70
49
66
73
70
77
73
78
77
82
78
73
77
73
82
78
77
78
81
37
82
81
85
73
37_61
49_65
82
70
46
61
65
73
70
49
46
87
85
87
85
85
87
87
85
85
87
87
85
85
87
87
85
87
85
61
49_63
66_87
46_73
85
70
61
85
46
49
87
63_70
66
73
87
85
85
87
87
85
85
87
87
85
85
87
87
85
85
87
87
37
87
87
85
37
49
46
61
70_85
65
73
73
61
65_85
49
46
70
66
85
65
66
65
66
66
65
63
65
65
63
49
63_66
73
61
70
46
66
61_63
63
70
73
65
46_49
61
63
63
61
61_65
73
49
70
65
46_63
65
61
73
49
46_70
70
65
73
70
78
73
77
78
78
77
77
78
75
77
77
75
63
49
75
66
61
73
46
66
61
63_73
49
77
46
73
75
63
66
61
70
49
73
46
66
61_63
73
70
49
46
75
73
37
61_77
75
73
49_70
37_65
46
73
61_70
65
49
46
75
77
77
75
75
49_66
73
61
77
46
70
66
73
61
70
46
49
73
75
75
73
61_77
73
46_49
65_70
65
75
70
49
46_61
73
70
72
70
77
73
72
77
73
81
77
82
81
73
76
82
77
76
73
77
81
82
81
37
61
37
49
73
65
44
68
85
61
65
68
73
44
82
49
85
87
87
85
85
85
85
87
87
85
85
87
87
85
85
87
49_61_66
73
87
85
46
61_66
73
46
85
49_87
87
85
85
87
87
85
85
87
87
85
85
87
87
85
85
87
87
85
85
87
87
85
85
87
61
49
65
73
44
68
87
85
68
73
65
44
49
61
57
56
57
57
56
56
85
57
54
56
56
54
68_74
66
54_62
50
56_62_66
50
68
74
53
54
54
37
53
49_73
61
37
56
65
68
44
54
65
68
61
73
61
65
61
69
65
68
69
56
69
68
68
69
44
66
49
68
68
66
74
66
62_66
50
68
44
68
68
62
66
50
44
74
65
66
74
50
66
62
44
66
50
62
74
66
44
65
37
68_73
49_61
65
68
44
37
66
61
65
68
73
44
49
66
68
66
68
66
74
66
50
68_68
62
44
68
50
66
74
62
44
65
66
37
66
65
44
73
61
65
68
68
35
66
61
63
68
61
65
65
68
73
63
61
68
65
72
68
35
73
35
34
72
34
65
66
44
73
65
68
44
66_74
62
66
44
70
68
62
66
71
74
70
74
71
68
71
74
68
73
61
44_49
68
73
65
65
49
71
68
44
61
73
77
73
80
77
43
80
74_79
31_43
65
67
62
31
43
35
43
31
31
44
44
44
44
43
31
43
31
67
65
43
74
43
62
31
31
31
44
44
44
44
31
43
43
43
43
68
65
68
65
79
63
67
63
67
68
65
65
68
31
67
43_63
31
67
63
31
67
62
65
67
62
65
31_63
60
63
60
65
62
65
63
60
62
31
60
63
31
56
53
56
53
55
51
55
51
56
53
56
53
55
51
55
51
50
53
50
53
55
51
53
50
31_50_51_55
53
48
51
48
51
53
51
53
48
48
31
51
57
55
57
55
53_59
53
59
51
60
51
60
51
48
48
51
50
53
50
31_53
43
55
51
31
51_55
48
43
48
47
50
50
47
51
48
48
39
36
39
36
51
31
31
41
41
31
31
31
55
31
55
55
43
53
53
57
55
57
55
57
53
53
52
53
52_57
53
59
52
52
51
51
53
51
53
60
59
51
48
36
48
36
48
36
48
36
62
46
34_47
60
35
46_47
34
35
36
48
48
36
36
48
36_48
63
47_47
35
35
62
47
47
35
35
46
47
46
55
47
46
46
63
34
62
55
34
46
46
65
34
34
65
45
45
46
62
46
45
33
33_61
45
67
45
33
67
33
33
33
33
33
46
45
46
45
45
33
33
45
55
33
33
46
61
46
33
45
45
33
33
70
67
70
67
69
65
69
65
70
67
70
67
69
65
69
65
67
67
69
65
67
64
69
65
67
64
65
62
65
62
67
64
45
64
65
67
62
65
62
58
55
58
55
53
57
57
53
58
55
58
55
57
53
57
53
52
55
52
55
57
53
55
57
53
52
55
52
45
53
50
53
50
55
55
50_53
33
53
50
33
57
57
57
57
53
53
55
55
57
57
57
57
55
55
55
55
54
54
54
54
55
55
55
55
61
54
54
54
45
61
54
33
53
53
53
53
55_55
55
55
53
53
62
57
53
53
38
50
38
50
49
37
64
37
49
37
62
37
38
50
38_38
50
38
37
65
49
37
37
64
49
37
36
48
36_47_48_65
36
47
48
64
36
48
35
47
47
35
36
57
36
64
35
47
63
35_57
61
57
60
61
60
59
59
60
60
63
63
59
59
57
57
59
59
57
57
35
47
55
55
63
57
57
64
55
35_36_48
36
48
64
67
67
55
66
57
66
57
57
67
67
66
48
36
66
48
64
57
66
64
64
36_49
37
58
49
37
66
58
64
49
49
37
62
64
62
37
62
59
38_50
38_50
64
59
62
38
50
38_50
74
71
71
74
40
45
49
49
40
45
73
69
55
55
69
73
55
55
74
71
71
74
73
69
40
69
45
73
49_55
71
49
67
45
55
40_67
73
71
71
55
62
67
52
69
62_73
52
55
60
69
60
67
62
71
62
69
67
67
69
62
71
62
69
61
57
55
52_61
71
69
57
61
55
52
50
66
55
50
59
50
55
50
59
55
66
52
55
52
52
64
52
64
50
66
50
55
50
55
66
50
52
61_64
52
52
61_64
52
61
45_50
59
50
45
50
59
61
61
59
59
45
50
45
57
55
49_49
45
57
55
49_49
45
54
50_57
38
38_45
50
57
54
50
38
45
50
50
54_54
45
45
45
50
38
57
38
54_59
45
50
50
54
47
59
47
50
38
38
57
54_60
50
45_48
57
45
48
50
60
54
38
38
57
59
54_62
50
50
54
47
59
62
47
50
38
38
64
26_54
60
26
38
52
54
52
60
64
48
52
48
52
60
64
60
64
38
40
38
40
66
59
62
47_59
35_62
59
62
54
59
62
66
50
54
64
60
60
64
50
47
47
54
59_62
62
59
62
59
50
52
54
50_59
52
62
47
66
62
66
62
47
35
47
64
60_60
35_35_64
45_67
33
64
60
55
60
64
45
52
67
64
67
52
55
64
33
67
45
45
66_69
60
38
66
62
26
57
60
54
54
57
69
66
62
66
50
57
50
57
66
62_71
59
62
54
54
59
71
66
50
59
50
59
69_72
66
60
66
57
54
57
69
54
60
72
54
50
54
50
71_74
66
62
66
59
71
54_74
56
59
62
54
56
26
50
54
54
50
38
72
66
76
66
64
72
64
76
64_76
60
64
72
54
64
60
64
72
54
76
50
50
74_78
71
47
35_62_71_74
62_66
71
74
74
71
78
66
62
66
76
64_72
62
66
64
59
76
72
59
74
66_71
62_69_71
74
72
62
69
71_74
72
62
66
62
54
59
71
74
51
59
66
74_78
51
66
47
74_78
47
54
35
47
79
76
72
45_76
33
64_71_72
77
64_71
77
67
72
33_45
76
72
76
79
60_64
67_79
76
64
67_76
79
57
67
60
57
78
81
72
26_38_66
74_78
69
26
38
72
69
74
78
66
81
60_69
78
69
60
66
66
57
57
78
83
74
71
59
54
62
71
59_74
74
71
62
71
59
59
54
83
74
50
78
50
72
69
60
57_84
78_81
69
72
60
57
72
60
57
54
78
72
57
54_81
60
84
54
50
54
50
83_86
78
74
66
74
62
62
78
59
54
74
62
59_74
83
54
66_86
62
50
54
54
50
72
64_76
60
88
84
78
72
76
64
60
76
78
88
84
64
56_60
54
59
54_56_59_60_64_76
85
50_54
85
54
50
85
90
84
86
85
78
90
78_81
66
69
66_84
60_62
78
69
66
60_62_81
66
78
57
60
86
60
76_79
57
77
67
64
88
84
91
76
77
64
79
67
79
88
91
67
64
84
60
79
60
67
64
57
82
82
57
92
89
86
83
80
83
80
71
68
65
59
68
62
92
80
71
62_83
80
68_68_83
86
89
57
65
59
81
69
57_71
90
86
84
93
81
81
71
69
66
69
60
69
93
62
66
69
60
62_69
66_81
60
84
86
57_69
62
90
57
62
69
60
66
91
86
93
81
67_69
62
59
69
67
62
59
59_69
62
67
93
81
86
91
69
59_67
62
91
87
81_93
63
69
60_67
63
60_67
69
60
63_81
69
67
93
87
91
67
69
60
63
88
93
81_91
61
64_69
64
61
69
61
81_93
64
88
69
91
64
69
61
90
81_86_93
66
62_69
66
62_69
81
86
62_93
66
69
90
66_69
62
91
88_93
81_89
83
83
69
64
67
89
64_69
67
64
67_81_93
69
88
91
69
67
64
90
93
81
66
69
66
69
66
69
93
81
90
66_69
91_93
81
67_69
67
69
67
69
93
81
91
67_69
93
81
92
87
87_92
81
69
93
69
69
67
67
69
105
93
105
93
81
69
81
69
69
81
81
69
81_91
93
93
81
91
69
69
69
69
81
69
57
81
69
57
57
69
69
57
93
81
75
63
67_72_79
60
87
81
87
72
79
75
69
93
69
69
60
63
67
69
81
81
69
57
69
57
57_69
69
57
69
81
74
66_72_78
57
62
60
81
69
57
66
57
62
57
60
74
57
78
72
57
69
69
57
57
57
65_67_71
43_53_57_74_77
31
38
38_57
81
69_74
77
59
62
81
62
77
74
69
59
57
53
53
59
62
65
31
53
43
62
59
31
65
77
74
67
71
43
65
50
53
50
53
59
31
62
65
71
31
59
65
62
50
71
53
59
50
57
62
59
53
62
65
71
74
77
65
53
71
74
59
62
57
59
65
57
62
57
59
65
77
71
53
31
74
43
77
71
31
74
83
71
77
71
59_83
43
60
52
43_52
48
48
52
43
55
52
60
55
64
60
67
64
67
52
55
60
55
60
52
57
60
60
67
60
72
31
31
55
67
57
55
72
60
64
60
55
64
52
55
67
72
67
79
72
55
60
64
55
31
48
52
60
67
64
67
43
48
72
79
76
31
72
38
79
76
84
38_43
72
79
64_84
72
60
55
43
48
52
48
43
52
58
60
58
60
58
64
60
70
64
70
52
58
52
64
58
64
64
62
70
64
72
70
76
58
72
60
55
76
62
64
58
55
60
55
67
60
58
70
67
55
72
70
76
72
82
76
58
60
64
31
82
58
70
64
52
43
60
70
72
55
52
76
60
33
72
82
40
76
84
33
72
82
72
40
84
61_69
55
45
33
66
45
66
52
55
52
45
55
55
61
55
67
61
52
69
61
55
67
61
52
55
61
67
57
67
55
57
67
69
67
64
57
55
69
55
57
55
67
69
57
67
69
64
62
64
64
69
76
69
33
57
33
57
67
69
67
69
45
62
76
61
69
33
57
55
69
73
73
29
81
81
41
50
57
61
62
65
73
69
65_73
69
74
74
74
69
69_74
65_69
73
73
65
69
74
69
74
69
74
69
62
74
69
61_65
73
69
73
69
57
65
50
29
61
41
74
69
74
69
74
74
68_72
65
56
50_60
41
29
38
38
41
29
72
65
68
86
74_80
74_86
50_80
68
65
65
68
77
77
80
73
85
73
80
85
65
68
65
68
77
56
77
80_84
56
72
41
80_84
72
41_68
65
56
65
60
68
77
77
41_50
57
29
81_86
93
69
65
81_86
93
41
69
41
65
62
69
65_73
74
65_73
74
69
74
69
74
69
69
73
65
65
73
69
74
69
62
74
69
74
74
61
73
69
65
57
65
50
41_73
61
29
69
74
69
69_74
56_60
41
29_50_68
65
72
56_60_70
50
70
80
80
72
65
68
80
74_86
80
74_86
68
65
65
68
77
77
73_85
80
73
80
85
65
68
68
65
29
41
77
77
72_84
29_80
41
74
72
84
80
65
41
29
74
68
65
77
68
77
42
50
30_57
93
86
81
69
66
83
93
81_86
83
66
69
62
69_73
66
50
66
73
74
74
50
69
69
74
74
69
66
73
69
66_69
73
62_74
69
74
50_69
74
50
61
74
73
66
57_69
50
42
61
66
30_73
69
74
69
69
74
43_58_60
52
31_70
72
67
67
74
86
70_82
72
74
82
86
70
67
70
67
79
79
73_85
75
73
75
85
67
70
52
70
67
79
77
82_84
67
79
70_84
77_82
43
31
70
67
79
79
42
30_57_86
50_93
81
69
83
86
93
66_81
58
83
60
66
69
73
66
62_69
69
66
73
74
69
74
69
74
69
74
69
73
66
69
69
66
73
74
69
74
69
50_62
42_74
61
66
73
69
30_57_74
66
73
61
69
74
69
69
74
56
60
41_50_68
29
65_72
65
68
80
86
74
72
80
86
74
68
65
65
68
77
77
73
85
80
73
85
80
68
65
29
65
68
50
41_77
60
77_80_84
72
56
80_84
72
68
65
68
65
77
77
91
31
79
65_72
67
91
60
79
72
65_67
31
43
60
43
50
31
50
55
60
31
43
55
60
50
64_76
74
43
76
50
31
64
50
74
67
50
31
65
53
55
65
43_67
53
55
50
43
76
64
52
50
64
31
60
31_76
60
55
43_52
67
60_65
55
50
67
60
43_65
50
31
60
53
65_77
31
60
43
50
43_53
60_65
74
50
77
62_72
31
60
62
60
72
31
60
43
79
55
50_67_74
43
31
50
60
74
72
60
31
62
60
43
67
79
50
62
43
60
72
31
50
74
81
55_62_69
60
57
31
62
43_60
50
43
74
72
60
50_62
31
60
62
72
60
74
31_60
43
50
43
31
50
55
60
60
62
74
72
69
55
81
62
31_74
43_72
60
60
50
57
43_71
55_83
59
50
60
31
55
71
83
60
31
50
43
74
59
62
60
72
74
60
62_72
43
33
54
72
60
84
60
50
83
72
83
84
72
78
74
66_72
60_74
60
78
66
50
54
45
50
60_76
64
52_54
64
45
54
60
50
76
72
66
33
45_52
66
50
60
54
72
60
60
54
45
60
33
54
78
66
50
54
66
33
50
45
54
60
54
60
62
74
72
45
78
60_62
60
54
33
72
50
33
79
67
50_54_55
74
45
60
45
54
60
67
74
50_55_60_72
33
62
79
60
33_62
50
54
60
45
72
74
81
69
57
54
45_60
50
33
50
54
60_62
60_72
74
33
69
45
62
57
81
60
72
54
74
60
50
33
59_83
71
60
45_50_54
33
45
54
60
50
78
62
45_74
66
33
54
60
50
33
66
62
45
74
78
54
60
50
45
33
60
54
50
66
58_62_78
74_83
45
33
71
58_74
54
66
59
60
50
78
45
33
72_84
60
50
60
54
62
45
54
72
50
78
60_74
66
60
62_84
45
74
66
62
33
54
78
50
86
55
35
74
62
62
86
65
74
79
77
67
62
62
55
67
47
53
35
65
53
59
55_79
62_71
83
47
77
35
55
62
71
53
79
65_77
35_47
67
83
59
53
62
67
47
65
35_79
84
60
62_72
77
53
55
35
47
62
53
77
79
55
65
67
84
72
47
60
62
35
53
65
67
55
77
79
62
86
35
47
74
53
62
84
55
84
62
47
53
35
65
67
79
77
62
74
86
62
47
67
35
65
79
77
62
47
53
37
64
76
88
58
64
68
82
68
49_79
64_88
76
67
55
37_64
58
70
37
49
67
79
58_70
64_82
55
85
61_73
49
37
64
55
73
79
67_82
37_70
49
55
64
61_85
58
70
67
49
37_64
58
86
55_62_74
82
79
49
55
64
37
58
74
82
79
70
67
86
64
62
37_49
55
58
79
64
70
67
49_55
82
37
64
58_76_88
64
55
49
58
37
64
76
82
70
79
88
67
64
49
64
58
79
67
70
82
65
89
50_59_77
38
65
55
77
89
83
79
67_71
65
55
59
65
71
67
79_83
59_65
55
62
74_86
50
38
55_74
65
71
79
62_67
83
86
71
55
67_79
59
83
52
40_60
67_91
67_79
81
79
81
91
67
55
88
84
72
76
88
77
84
67_76
67
77
55
72
76
88
64
80
67
55
76
80
67
40_84
55_64
88
67_79
60_72
48
52
67_79
72
48_84
67
53
41
48_68
62_80_92
68
82
82
80
60_68
84_92
86
74
72
62
68
48_68
62
74
60
84
72
86
41
77_89
65
68
60
53
77
68
86
60_84
72
74
62
65
89
74
68
72_84
60
54
86
42
50
48
62
69
81_93
69
60
70
84
70
84
60_69
50_93
54
86
84
48_74_81
71_72
69
69
74
71
60_72
84
62
42
86
69
90
78
60
66
62
69
78
60
62
86_90
66_84
74
72
67
69
60
74
67
86
84
72
60
43
64_67
72
60
31
88_89_92
36_72_84
60_86
91_96
67_93_98
34_62_64
86
34_36_62_86_93_98
92
86
60
43_89
64
72
67
60
31
43
96
64_67
60
72
64
43
72
67_84
31
91
60
72
64
88
60
64
31
43
88
71_83_95
65
64
60_72
59
93
60_62
59
43_93
83
95
31_88
60_62
71
72
65
67
64
60
31
43
67
60
72
64
43
72
31
67
63
93
81
60_69
57
64
60
57
93
31_69
63
81
43
72
60_64
60
72
43
31
72
76
64
88
92
43
68_84
31_64_80
56_60
61
61
43
31
68
64_80
60
88
56
84_92
31
43
93
81
69
57
90
60
67
43
90
31
60
81
57
69
93
67
64
76
43
31
72
43
31
71_89
86
65_77
79_91
67
62_81
65
55
59
81
79
67
31_43
65
91
55
62
43
59
31
89
86
77
92
80
31
68
43_56
66
66
65
68
80_92
31
43_56
31
43
71
88
79_84_91
76
55_64
67_72
64
31_60
79
84
91
88
67
64
60
55
76
79_88
76_84
64
60
55
79_84
76
88
60_72
55
64
64
31
43
83
64
31_71_76
60
59_72
64_72
60
76
60_71
71_72
59
43
60
64_83
64_72
71
31
43
31
81
69
60
57_64
60_64
43
69_81
31
57
31_43
76
52_80
68
56_64_72
60
60
64
43
31
64
68
43_56_60
80
31_72
76
81
43
69
31
57
60
69
57_64
81
52
60
43
31
60
53_60
65
43
31_77
67_74
55
79
65
59
62
65_67
55
43
31
79
62
59
77
43
31
80
68
56_65
77
74
43
77
53
60_68
80
56
43
31
64
52
60_79
64
67
60_76
55
72
64
60
55
72
76
67
79
43
48
52
43
52
48
52
43
64
52
43
48
52
43
48
52
43
55_67
60_64
60
55
64
60
67
43_52
48
43_52
48
43
52
48
43
48
52
55
60
64
67_72
60
64
67
72
60
55
52
57
60
55
52
57
52
48_52_60
55
43
48
31_55_60
52
55
55_60
52
43
31
67
64_72_76
67
64
72
76
43
31
60_64
52
55
55
43
52_52_55_60_60_64
31
31_64
52
55
60
43
52
60
55_64
60
62
50_54
43_66_72
78
31_74
38
66
50
72
54
74
66
60
62
62
54
78
66
62
54
66
54
63
62
43
60
63
31
62
38_60
66
54
66
54
62
72_78
60_69_81
31_43
38
69
38
72
31
78
54
43_81
60
69
66
62
67
66
69
66
67
66_69
57
67
57
66_69
67
78_86
74
69
66
60
78
74
50
54
57
86
66
60
66
62
72
69
69
50
57
54
66
62
72
69
62
66_72
69
72
69
62_66
93
81_84
81
84
50_60
72
54_57
71_74
93
71
60
72
66
74
57
54
54
50
54
66
66
66
86_91
62_83
59_67_79
55_65
81
83_91
43_79_86
31
38
81
79
38_91
43
83
86
91
65
31_67
79
83
86
55_62
59
32
32
38_84
26_81_93
91
84
91_93
38
26
81
83_91
79
43
41_77
31_84
29
37
84
37
29
41
77
79
43
83
91
31
81
84_93
89
26
38_40
28
81
28_93
84
26
40_89
38
83
79
91
89
43
31
88
88_89
79_91
83
43
31
81
84_93
89
38
26
36
84
36
26_81_93
38_89
83_89
79_91
41_43
29_31
37
34
32
37
34
32
29
41
43
43
43
91
79
89
31
83
83
81_89
93
38
26
30
91
38
83
26_30_93
81
89
91
43
83_89
31_79
91
79
43
91
83
89
31
84_93
81_89
26_38
83
81
84
26
83
38
93
89
31
43_83
79_89
31_91
34
83
79
34
83
43
31_31_43_89_91
83
43
50
53
57
62
50
60
57
53
60
63
62
63
64
65
64
69
65_72
69
72
74
77
76
81
76
74
84
81
84_86
77
86
87
87
88
89
88
93
91
89_96
91
93
101
104_105
96
101
104_105
96
95
93
95
96
89
93
89
88
87
88
86
87
86
84
81
84
77
81
74
77
74
72
71
71
69
72
65
69
65
64
64
63
62
63
60
62
57
53
60
50
57
53
50
48
45
48
41
45
41
40
39
40
39
38
38
31
38
43
38
43
43
43
48
55
48
31
50
43
55
50
43
50
38
43
50
38
43
50
31
50
31
38
26
24
24
31
31
26
38
43
52
50
43
52
50
50
54
50
62
54
55
55
50_62
55
50
56
56
43_55
50
55
50
56
38
43
56
50
55
38
50
43
31
55
55
31
43
50
50
55
57
55
57_60
67
60
62
62
55
67
62
55
50
62
55
50_55
43_62
43
62
50
38
38
50
55
62
55
62
62
62
65
65
74
67
74
62
67
62
67
55
67
62
67
55
62
50
67
50
43_55
43
55
75
75
62
62
67
67
67
67
74
79
74
79
75
75
81
69
74
77
81
69
77
74
93
81
83
83
89
93
81
86
86
81
93
89
91
81
93
91
79
67
69
69
77_79
67
74
77
74
79_91
79
86
89_91
86
91
79
81
89
79
81
91
69
57
62
65
69
57
81
69
65
62
69
77
74
81
74
81
69
77
69
67
81
55
62
55_65
67
65
62
67
79
69
74
77
79
67
67_69_74_79
67_77
79
81
71
69
75
75
69
75
78
71
81
75
78
93
74
93
86_89
74
86
93
81
89
81
93
79
67
79
74
77
67
77
74
79
91
79
86
91
89
91
86
79
89
79
91
69
57
62
62
62_65
69
57
81
69
65_79
62
69
79
77
74
81
74
81
69
77
69
81
67
55
62
65
55
67
65
62
67
79
69
74
67_79
69_74_77
67
79
77
67
79
69
81
79
73
79
81
73
74
77
69
81
77
93
81
74_93
84
86
93
81
86
84
81
93
79
67
74
70
70
79
67
77
79_91
77
74
79
91
86
89
86
79
91
89
79
91
69
81
81
78
74
69
77
78
93
77
81
86_89
81
74_93
86
93
81
89
81
93
79
67
74
77
79
67
77
74
79
91
89
79
89
91
83
86
84
84
74
91
74
86
79_83
79
91
69
81
74
77
81
69
77
81_93
74
91
91
81
86
89
93
86
93
81
89
81
93
79
67
74
79
77
77
79
91
74
79
86
84_91
67
79
91
86
84
79
91
79
67
74
79
77
79
77
91
81
81
79
83
91
83
91
91
91
91
95
95
91_103
79
103
91
79
74
67
24
36
24
36
79
67
24_36
72
76
31
79
67_72
76
64
60
52
76
55
67
24
31
72
79
36
72_84
64
60
52
64
67
72
60
55_76
79
79
67
72
76
64
52
60
55
64
52
60
79
55
76
55
64
55
60
48
36
24_36
76
84
67
72
36
79
79
76
24
48
36
72
55
58
61
82
70_70_73
67_73
77
77_79
61
65
53_55
58_65
82
70
55
77
79
67
55
65
55
77
73
79
53
67
67
79
70
65
55
61
58
61
65
53_77
58
73
70
67_79
77
61_73
65
53_53_55
58
65
55
61
58
53
65_79
77
70
67
67_79
31_72
24_36
35
35
77
77
65
73
53
72
43
48
53
48
43_65_72
77
31
72
76
64
43_52
48
64
52
24_43
48
72
36
76
77
65_72
53
43
48
65
43
53
72
48
77
76
52_72
64
43
48
64
43
48
52
72
76
88
76_84
79
64
60
52_77
84
76_79
55
60_64
52_77
88
55
84_88
76_79
64
55_60
79
76
79
60
88
64_84
55
67
63_84
75_79
87
51_55
60
60
55_63
79
51
75
84
87
88
76
79
64_84
55_60
52
52
60
55
79
84
64
88
60
52
79
55
84
60
76
55
72
52
79_84
84
60_76_79
55_64
52
79
60
79
72
48
84
55
48
72_79
64
52
65
77_79
53
72
48
55
76
72
55
72
43
67
79
48
67
43
65_72
77
64_76
52
53
67_72
43_48
48
67
64
36_67
52
60
43
76
36
68
56_80
44
24_36
24
36
72
60
44
68
56
80
55_67
72_79
60_70
58
48
67
79
67
65
77
53
55
48
60
58
72
70
65_77
64
76
52
70
58_60
72
48
53
48
58
64
55
67_79
52
76
72
24
36
60
24
36
67
79
65
77
53
55
65
71
56_62
48_59
70
65
77
64
76
52
53
64
62
48
71
59
76
56
65
62
74
50
52
65
62_71
56
59
48
50
59
62
56
48
62
71
79
72
65_67
36
24
31
74
31
77
48
53
72
65
43
67
67
24
53
65
36
77
48_72
43
72
76
48_64
43
53
52
64
53
52
48
43
72
76
77
65
72
48_53
43
43
65
53
48
72_77
72_76
52
64
43
48
65
43_48_52_64_65_72_76
89
53_77
65_84
60
88
77
84
60
65
88
89
53
60_84_88
64_76
52
77
53
76
52_77
84
64
60
53_88
77_84
89
65
53
60
64
77
60
64_84
89
65
53
79
72_84
60
64_88
76
52
84
52
60
64
88
84
60
55
60
76
84
55
60
48
72
84
79
60
55
67
60
55
79
79
55
48
72
84
55
48
79
72
74
62
50
55
72
79
48
72
48
60
55
48
72
72
48
43
67
79
48
43_62_72
67
63
75
72
51_67
43_48
74
50
48
43
67
67
51
60
36
43
43
72
36
63
52
64_76
40
75
32
44
60
67
32
44
71_76
64_74
62
59
52
62
52
76
64
71
74
59
40
62_74
59_76
52_71
64
62
52
59
52
45
33_76
74
64
71
33
45
76
60
72
48
60
45_64
52_57
64
57
60
52
76
64
72
48
60
52
45
64
64
45
57
52_64
72
60
69
77
65
57
45_53
52
76
52
65
67
79
55
72
47
69
35_53
77
64
60
35
47
67
79
53
50_67
43_55
62_65
53
50
43
77
65
53
55
65
77
55
76
64
52
24_36
62
53
65
67
24
36
79
67_72_76
60
55
52_64
64
52
52
79
64
67
72
76
60
55
79
55_76
67
43
76_79
67
55_60_72
64
52
43
52
67
67
64
60
55
55
79
72
76
72_84
60
48
79
72
48
60
74_86
84
62
50
43
67
55
48_60
55
43
60
48
67
62
50
74_86
88
76_80_86
40
28
28
56_62_86
80
50_74
40
88
74
86
76
62
50_80
86
80
56
77_80
86
89
62
56
52
80
60_72
84
56
50
72
60
50
56
80
84
80
74_86
62
50_56
86
50
74_80
56
62
56_80
60_84
50_72
74
74
72
80
60
84
50
89
56
84
72_80
60
50
56
77
52
62
80_86
56
84
72
50
60
56
80
80_86
76
88
56
52_62_64
83
80
71
56_59
50
64
62
56
52
71
59
50
56
83
80
84
72
60_80
50
56
88
80
76
60
72
56
84
50
80
86
76_88
81_84
41
29
72_84
77
60
48_53
29_72
77
48
60
84
41_53
71
59_77_83
53
48
48
71
59
77
53
64
53_57
83
84
72
60
77
48
53
60
72
48
77
53
84
71_83
59_77
53
48
48
59
71
83
53
77
53
88
64
57_77
53_57
69_81
48
53
76
81
69
57
48
77
81
53_57
62
74
86
81
84
77_81
69
57
53
48_57
62
69
53_77
81
57
48
53
72
53_57_65
48
65
72
74
57
48
53
86
42
30
72
84
81
30
81
69
57
74
62
42
84
62
74
69
57
81
72
57
62
69
81
74
62
83
54_74
71
60
60
69
60_74
57_62
57
50
74
69
83
71
81
74
69
69_81
57
50
74
54
74
62
60_69
62
69
57
50
62
57
50
69_81
74
62
60
54
84
72
60
62
69
57_74
62
50
54
84
57
62
69
50
69
62
42
50
74
62
42_50
69
72
43
31_72_79
67_76
31
43
67
72
76
84
72_79
60_76
55_64
52
79
64
52
52
60
72
55_84
76
79
55
84
72_76
60
79
64
55
52
60
84
72_79
64
64
60
72
79
84
55
52_76
76
72_79
67
52_60
55
48
72
67
60
52_76
55_79
48
72
79
84
84
76_79_88
72
79
67_76
55_60_79
52
84
76
48
48
67
72
60_88
52
55
76
79
52
88
64
60
88
55
72
52_79
60_67
55_76
48
91
79_84
60_64_88
55
48
52
67
72
60
55
52
79
76
64
60
52_55
88
52_55
66_72_79
76
64
67
43_62_65
74
52_55_91
43_62_65
45_74
64
66
84
74
45
64
74
64
67
72
92
80
84
44_90
32_76
32
44
34
45
34_45
32
44
32
44
92
90
80
84
68
56
84
80
92
68
90
84
80
56
92
90
84
81_90
93
66_84_90
66_81_93
69
69
57_60_60
57
69
57
93
81
84
66
60
90
90
84
66_81
69_93
60
57
81
57
93
69_84
66
60
90
90
66_69_81
84_93
60
57
57
69
93
81
66
93
60
84
90
57
69_84
80
81_92
68_90
56
60
84
66
60
56
84
68
60
80
92
92
80_84
68
66
56
60
90
92
80
84
68
66
56
60
56_56_60_60_66_66_68_68_80_92
84
66
84_90
54
78
90
66
54
84
80
92
80_92
84
38
89
26
34_38
28
26_84
90
34
28
78
26
92
89
38
84
26
80
38
86
80
74
56_84
60_62
50
80
68
56_77
65_72
60
53
68
86
50
72
53
77
60
65
56
80
74
60
62
80
76_88
64_80
52
52
64
76
88
56
80
84
92
68
65_80
77_84
72_89
80
77
84_89
65
53
56
77
65
72
68
65
53
56
77
80_84
89
84
92
89
89_91
79_83
43
31
80
43
31
31
31
43
43
91
89
79
83
79_83
91
89
65
53
57
59
65
53
57
59
79
83
91
89
69
93
59_81_83
65_89
57
89
83
81
93
69
60
57_67
67
57
81
69
93
60
83
81
89
83
93
89
81_89_93
59_83
69
57
57
81
83
69
59
93
89
83
59_93
81_89
69
57
67
65
67
57
69
69
59
81
59_93
57
83
89
91
79
55_67
83
83
55_67
79
91
82_91
79
67
58
55_82_91
79
55_65_86
67
62
58
86
86
55
67
67
91
79
65
58
62
58
65
55_58
89
77
53
65
82
58
53
91
79
86
89
45
33
82
85
79
91
77_88
33
21
33
21
91
88
45
85
33
79
73_79
61
64_67_76
55
52
61_85
73
55_79
57
64
64
73
67
73
52
76
64
79
79
55
61
61
85
74_86
79
62
55
86
57
74
79
62
85
91
73_79_88_88
61_79
55_76_82
64_67_76
64
74
76
64
74
73
67
55
79
64
76
61
88
82
57
53
64
81_88
76
85
38
79
26_88
28
91
28
26
38
64
81_93
86
69
62_76
57
62
81
57_69
81
93
86
88
81
65_77_89
86
69_93
81
62
57
69_93
86
62_81
57
50_57_62
74_81_86
57
81
74
86
62
50
57
65
77_89
53
81
65
77_81_89
86
53_57
57_81
62_74
50
50
62
74
81
57
81
57
50_74
86
57
74
81
65
50_89
77
76_88
64
81
74
50
57
81
55
64
55
57
57_74
50
53
81
50
45
74
69
50
45
88
69
76
74
40
76_88
80
28_83
35
28_40
35
28
28
40
40
88
92
80
86
56
68
62_76
62
68
80
80
86
56
92
52
56_80_86
62_74
92
86
68_80
56
62
62
68
80
86
92
56
80
74
86
62
50
52
57
74
80
52
86
50
57_62
52
62_86
74
56
80_83
62_80_86
56_80
62_74_86
74_83
52_56
50
54
50_54_74_80
86
62
56
80
56_74
50
56_74
80
50
86
74
62
52
80
68
74_80
56
50
83
52
88
76
64
84
68
56_80
84
74
80
50
64_80
56
52
44
50_75
68
75
74
50
44
74
76
88
68
29_41
41_88
29_81
76_84
29
29
41
41
69
60_65
57
49
53
41_45_48
43
49
48
57
41_53
43_45
53
64
60
60
57
88
65
69
76
64
81
84
81_86
74
62
72_81
77
60_69
65
57
53
72
53
69
60
77
60
65
81
57
74
86
81
62
72
84
60
84_89_93
77_81
65
69_72
53
77
72
57
65
69
60
84
72
76
60_72_84
48_57
93
30_42
89
84
81
84
76
72
30
42
69_76
52_72
64
48
62_74
69_72
57
60
50
48
48
52
76
64
62
64_72_76
50_52
57
69
60
60
74
76
64
74
50_62_86
74
81
84
69
62
57_60
74
81
84
52_86
57
50
72
69
62
69
62
60
57
60_64
67_79
72_76
31
43
64
74_79
76
72
55
76
60
72
67_79
55
67
31
43
67
72
64
57_76
76_79
81
72
64
55
57
72
76
69
81
55
69
59
64
64
76
83
59
55
76
71
83
55
71
64
60
64
84
79
76
60
55
72_76
79
55
84
72
62
60
60
62
86
79
55
79
74
55
86
74
64
60
67
67
64
60
88
79
84
55
79
76
84
55
88
76
65
60_62
60_62
65
84
86_89
57
86
77
89
57
84
77
66
60
62
66
45
33_62_72
60
66
45
33_62_72_84
66_90
86
60
57
86
62
78
60
57
84
90
78
62
67
65_65
74
62
35_47
65
74
62
35
47
62
86_91
65
59
79
67
86
79
59
91
75
63
67
48
36
79
67_77
48_63
36_73
75
103
77
73
79
103
67
89
91
67
91
89
70
67
76
64
49
37
67
67_76
70
64
37_61
49
61
67
91
55
91
57
79
55
79
57
71
65_77
50
38
71
57_65
77
50_55
38
51
51
79
57
43
55
67
79
79
67_72
52
40
67
72
67
40
55
79
52
46
46
81
51_79
39
69_72
79
55
69_72
43
81
51
39
81
78
50
72
38_69
72_81
50_78
38
69
77
71_83
43
79
31
77
71_83
43
31_79
79
84
72_76
36
24
32_79
84
72_76
27
24_36
32
27
63
60
54
45_63
64
52
33
52
54
66
60
54
60
66
55
55
60
57
69
60
57
69
45
55
54
57
55
33
60
64
57
57
62
69
62
57
69
59
59
43
65
31_55
67
64
59
59
65
31_55
67
43
64
62_69
57
62
57
69
59
59
64
72
60_64
60_72
36
62
64
60_72
36
62
72
60
64
56
56_68
62
52
40
56
69
62
57
62
57
69
59
59
56
64
60_62
72
64
60_68
72
40
52
59
59
64
60
72
60
72
64
62
68_72
53_60
41
62
68
60_72
62
41_53_62
68
60
72
60
68
72
62
61
62
61
68
68
52_76_76
64
40
62
64
65
76
74
62_68
64
52
65
40
74
76
64
57
68
69_73
57_64
45
69
64
57
73
45
64
57_73
67
64
61
67
73
74
69
53_62
41
61
53_69
53_62
41
55
74
55
53
74
62
69
62
69
62
74
62
72
81
69
54
42
79
54
72_81
69
60
79
54
42
81
62
72
60
54
72
62
69
81
69
79
67_72
74
55_60
55
50
43
53
62
55
60
74
72
79
62
67
74
72
67
79
43
50
53
55
71
65
67
70
70
74
71
91
65
86
84
67
74
72
84
86
79
91
79
71
67
65
62_71
55
74
77
65
79
86
83
91
77
62_67
71
55
79
86
67
71
83
91
79
53
55
57
59
57
53
71_79
65
71
65
67
79
55_59
72
67
60
64
48
36_64
60_72
60_67
72
64_64
36
48
72
60
67
56
56_68
52
40_62
56
69
57
62
57
62
69
59
59
56
64
60
72
62
64
52
60_68
72
40
59
59
64
60
72
60
72
64
62
68
53_72
41
60
62
60_62
62
68
53_60_68
72_72
41
60
68
72
62
62
67
48_76
64_67
64_76
36
35
64_67_76
36
35
48
76
64
67
60
64_66
57_72
45_60
60
66
62
74
74
66
62
63
60
64
63
72
66
76
64_66
45
66
76
64
63
57
63
66
64
76
76
64_66
66
63
75
69
59
47
57_66
69
57_63
69_76
64
59
75
47
64_69
66_76
66
67_71
79
71
67_79
50_52
40
38
71
67
50
40
52
38
79
67
71
57_64_79
57
73
45
81
69
73
45_81
69
57
67
73_79
57_64
81
67
69_73
79
81
53
53_62_74_81
41_69_69
55
74_81
41_69
53
55
53
62_65
74_77
81
65
69
74
77
69
81
54_74
42_86
62
54
60
84
74
86
84
54
42
66
86
81
54
62
66
60
81
74
86
74
50_72
60_74
43_53_67_79
55
55
62
55
60
62_74
72_79
67
72
74
69
67
69
79
67
72
43
55
72
53
74
67_72
91
86
50
89
83
67_84
79
74
74_83_84
79
77
86
91
89
77
79
67_71_71
50_74
55
43_53
67
53
55_71
67
74_77
50
43
86
83
91
67
71
77
79
86
83
79
91
74
67
77
79
79
74
103
67
95
77
95
91
103
91
72
60
24_36
76
96
72_91
26
70
60
24
26
91
70
96
72
72
36_76
84
86
77
80
76
84_86
77
80
76
88
91_96
100
88
91
96
100
84
72
76
72_84
91
76_88
100
96
91
100
88
96
66
69_76
45_64
33
72
78_81
69_74
69_74
81
78
84
88
45
96
86
84
88
33
96
78
86
81
69
81
78
69
88
84_96
76
72
69
76
66
66
64
76_84_88_96
66
81
84
93
66
81_84
93
66
76
43
66
76
66
81
84_93
43
84
93
48
36_72
60_64
67
81
76
67
72
60
70
48
72
76
64
70
67
79
84
91
36
67
79
84
91
72
67
76
72
76
72
67_91
79_84_88
88
84
79
91
72
60_66
66
60
72
79
88
76
77
79_88
76
77
72
60
60
79
76
72
88
77
88
76
77
79
71
44_64
71_76
59_74
32
62
64
74
62_71
64
71
76_83
44_59_64
88
76
32_76
83
88
63
71
59
64
62
59
64
63
62
71
76
88
83
76
88
83
61_68
56
64
61
62
56_68
64
75
71_83
62
76
75
56_71
68
76
83
68
71_76
56_83
72
76
48_83
36_72
43
71_72
64
60
67
62_67
63
55
60
48
62
63
67
43
72
64
55_84
67
36
84
72
67
72
55
57
67
84
57
55
84
64
55_60
60
55
64_76_79
76
79
55
64
60
55
64
60
79
76
79
76
67_71
76
43_55_64
31_64
59
55
64
71
76
59
67
43_65
71
76
76
31
67
65
71
55
64
59
67
64
59
55
76
67_71
64
76
67
71
32
52
55_59
60
52
55_59
60
32
71
67
62
71
67
31
59
52_55
62
60
52
60
59
71
67
55
64
67
64
31
71
24
60_64_72
36_60_62_67
52
55
57
60
64
62
55
57_60
24
64_67_67
52
36_72
72
67
64
72
60
52
55
60
52
55
67
72
64
64_67
72
30_42
57
69_76
64
54_72
52_59
48
53
50
57
69_76
64
54_72
59
52
42_53
48
60_69
50_64
30
69
60
64
48_57
52
48
52_57
69
59
60_64
62
67
59
60
64
62
67_69
67
47
35_72
48_53_64
45
52
47
67
72
47
35_64
52
45
53
47
48
64
57
60
64
57
60
45_52
48
53
45_52
53
48
64
57_60
60
57
29
41_64_76
67
50_64
43
52
47_48
67
64
52
41
47
29_48
50_76
59
43_55
64
58
59
55
64
58
43_47
50
52
50
52
64
55_59
43
47
59
55
64
48
36_67
72
64
40_43_48
38
36
39
67
36_38
48
39_72
64
40
43
55
60
55
52
60
48
52
36
45
40
33_36
37
35
45
40
37
36
33_35
52
57
48
50
52
57
48
50
57
48
52
52
48
57
40_43
31
33
40
31
33
43
48_52_55
55
48
52
52
55
52
55
38_40
43_50_52
41
52
41
43
40_50
38
55
52
62
55
52_62
62
52_55
55
62
52
84
72
76_79
36_43_48
40
48
36_43
40
38_72
79
40_76
84
48
43
36
36
38_48
43
40
55
60
55
60
55
60
55
60
52
57
45_48
64
45_48_52_57_60_69
62
64
60_69
62
69
64
60
64
60
76
79
43_72_84
40_48
36
69
52
55
43_48
79
76_84
72
43
36_40
43
52
55
64_67
60
64_67
60
64_67
64
67
50_62
55
52
50
55
52
62
67
64_74
67
64_74
64_67
74
72
64_67
74
72
31_84
36
24_72_76
28_79
55_60
52
48
72
52
48
60
24
55
76
36_84
79
67_72
31
28
67
72
67_72
67
72
69
64
57_60
61
64
57_60
61
69
72
76
74_83
81
77
72
76
74_83
81
77
81
76
72
76_88
96
36_72_84
24_31
81
84_88
96
36
24
67
64_65
55
31
57
65
55_64
67
57
72
76
79
74
77
72_76
74_79
77
79
76
77
76
79
36
84_96
24
88
31
77
89
96
84
88
31
36
89
64
24_62_74
72
67
60
64
62_74
72
60
67
79
76
86
79
76
86
86
76
79
36
24_76_88
31_32_79_84
96
28
86
29
28_36_67
72_88
24_60_64
31
32
84
29_96
64
60
72
67
79
84
79_84
79
84
79
84
81
72
69_76
73
76
72
69
73
81
88
93
84
88_93
84
93
88
88
38_93
35_43
31
83
79_91
86
79
76
67
70
79
76
83
43_67
31
38_79
70_91
35_86
91
84_88
91
84_88
91
88
84
88
84
91
79
77
74
75
75
79
77
74
91
98
89
91
98
89
89
98
91
91
89
98
88
91
84_96
24
28_31_36_76
72
79_91_94
96
88
94
91
88_91
79_96
84
88
96
76
24
72
36
28
31
52_55
60
24_36
55_60
52
60
48
36
24
36
50
24
28
31
60
36
24
48_50
28
31
55_60
36
52
24
60
36
24_48
32
55
60
52
24
48
32
36
36
60
24
36
24
60
36
48_52_60
24_55
36
55
24_48
36
52
60
24
60
60
24
36_55
52
36_60
24_48
25
32
27
52
25
48
32
27
55_60
60
24
36
36
24
