44
51
56
60
63
75
72
68
48
51
56
63
68
80
75
72
51
58
63
67
70
82
79
75
55
58
63
70
75
87
85
82
56
63
68
72
75
87
84
80
60
63
68
75
84
96
92
87
63
68
72
80
84
96
92
87
63
67
70
79
82
94
91
87
62
65
70
77
82
94
89
86
58
65
70
74
80
92
89
86
59
65
68
74
80
92
89
86
60
63
67
75
79
91
87
84
56
63
65
71
77
89
87
83
58
65
68
74
82
94
89
86
51
58
63
67
75
87
82
79
73
85
82
79
70
82
79
75
44
51
56
60
63
75
72
68
48
51
56
63
68
80
75
72
51
58
63
67
70
82
79
75
55
58
63
67
75
87
85
82
56
63
68
72
75
87
84
80
60
63
68
75
84
96
92
87
63
68
72
80
84
96
92
87
63
67
70
79
82
94
91
87
65
68
73
80
85
97
92
89
67
74
77
79
83
95
91
89
60
67
70
76
84
96
91
88
65
72
75
77
81
93
89
87
58
65
68
74
82
94
92
89
63
70
73
79
87
99
97
94
56
63
68
72
80
92
87
84
75
87
84
80
72
84
80
75
39
46
51
55
70
82
79
75
58_63_67
79
75
70
55_58_63
75
70
67
41
46
50
53
68
80
77
74
56_62_65
77
74
70
53_56_62
74
70
68
46
53
58
62
77
89
86
80
65_68_74
86
80
77
58_65_68
80
77
74
51
58
63
67
70
79
75
70
55_63_75
82
79
75
67_70_79
87
82
79
43
50
53
59
79
91
89
86
65_71_80
92
89
86
62_65_79
91
89
87
44_77
89
84
80
63_68_72_75
87
84
80
45_74
86
81
78
63_66_72
84
78
75
46_72
84
79
75
58_63_67_70
82
79
75
46_72
84
80
77
53_56_62_70
82
80
77
51_70
82
79
75
70
67
63
58
55_75
87
82
79
75_87
70
67
63
53_75
87
82
80
74_86
68
62
58
50_72
84
80
77
70_82
68
65
58
51_70
82
79
75
70
67
63
58
55_75
87
82
79
75_87
70
67
63
53_75
87
82
80
74_86
68
62
58
50_72
84
80
77
70_82
68
65
58
51_70
82
79
75
70_82
63
58
55
43_79
91
86
83
77_89
59
53
50
44_77
89
84
80
75_87
60
56
51
45_74
86
81
78
72_84
60
54
51
46_72
84
79
75
70_82
63
58
55
46_72
84
79
76
70_82
64
58
55
46_72
84
80
77
70_82
65
58
56
46_68
80
77
74
65_77
62
58
56
51_67_75
58
63
67
70
75
79
82
55_70
58
63
70
75
79
82
87
53_75
56
58
68
73
80
82
86
50_72
56
58
65
70
77
80
82
51_70
58
63
67
79
82
87
91
55_77
58
63
70
75
79
82
87
53_75
56
58
68
74
80
82
86
50_72
56
58
65
70
77
80
82
51_70
58
63
67
75
79
82
87
45_77
51
54
60
63
66
72
75
46_63
51
55
61
75
79
82
84
45_75
51
54
60
63
66
72
75
46_63
51
55
61
75
79
85
87
39_75
43
46
49
43_46_49_51
55
58
61
39_43_46_49_51_63
67
70
73
75
79
82
85
87
91
94
97
101
99
97
96
39_43_46_49_51_94
92
91
89
87
85
84
82
80
79
77
75
73
72
70
68
39_43_46_49_51_67
65
63
62
65
63
61
60
58
56
55
53
51
49
48
46
44
51
56
60
63
75
72
68
48
51
56
60
68
80
75
72
51
58
63
67
70
82
79
75
55
58
63
70
75
87
85
82
56
63
68
72
75
87
84
80
60
63
68
75
84
96
92
87
63
68
72
80
84
96
92
87
63
67
70
79
82
94
91
87
62
65
70
77
82
94
89
86
58
65
70
74
80
92
89
86
59
65
68
74
80
92
89
86
60
63
67
75
79
91
87
84
56
63
65
71
77
89
87
83
58
65
68
74
82
94
89
86
51
58
63
67
75
87
82
79
73
85
82
79
70
82
79
75
44
51
56
60
63
75
72
68
48
51
56
63
68
80
75
72
51
58
63
67
70
82
79
75
55
58
63
70
75
87
85
82
56_75
63_87
68_84
72_80
60_84
63_96
68_92
75_87
63
68
72
80
84
96
92
87
63
67
70
79
82
94
91
87
65
68
73
80
85
97
92
89
67
74
77
79
83
95
91
89
60
67
70
76
84
96
91
88
65
72
75
77
81
93
89
85
58_82
65_94
68_92
74_89
63_87
70_99
73_97
79_94
56
63
68
72
80
92
87
84
75
87
84
80
72
84
80
75
55
58
63
70
75
87
85
82
73
85
82
75
70
82
79
75
56
63
68
72
75
87
84
80
72
84
80
75
68
80
75
72
51
58
61
63
67
79
75
73
65
77
75
73
67
79
75
73
44
51
56
60
68
80
75
72
63
75
72
68
60
72
68
63
43
46
51
58
63
75
73
70
63
73
70
63
58
70
67
63
44
51
56
60
63
75
72
68
60
72
68
63
56
68
63
60
39
46
49
51
55
67
61
58
53
65
61
58
55
67
61
58
32
39
44
48
56
68
63
60
36
39
44
48
51
63
60
56
35
41
44
50
53
65
62
56
34
39
43
49
55
67
63
61
32
39
44
48
56
68
63
60
36
39
44
48
51
63
60
56
35
41
44
50
53
65
62
56
34
39
43
49
55
67
63
61
32
39
44
48
56
68
63
60
56
68
63
60
51_56
68
63
60
48_56
68
63
60
44_56
68
63
60
39_56
68
63
60
36_56
68
63
60
32_56
56_80
63_84
68_87
72_92
