65_81
84
83
84
69_72_96
84
83
84
64_79
84
83
84
67_72_96
84
83
84
62_77
81
80
81
65_69_93
81
80
81
60_76
81
80
81
64_69_93
81
80
81
58_74
77
76
77
62_65_89
77
76
77
57_72
77
76
77
60_65_89
77
76
77
48_76
79
78
79
55_58_60_64_91
79
78
79
53_77
81
80
81
57_60_65_93
81
80
81
53_53_79
83
82
83
55_59_62_95
83
82
83
52_52_79
84
83
84
55_60_96
84
83
84
50_50_79
86
85
86
53_55_59_98
86
85
86
48_48_79
88
87
88
52_55_60_100
88
87
88
41_53_81
89
88
89
53_57_62_101
89
88
89
43_55_83
86
85
86
55_59_65_98
86
85
86
48_52_55_60_84
96
95
96
98
96
94
93
91
89
88
86
84
86
82
84
53_81
84
83
84
57_60_65_96
84
83
84
52_79
84
83
84
55_60_64_96
84
83
84
50_77
81
80
81
53_57_62_93
81
80
81
48_76
81
80
81
52_57_60_93
81
80
81
46_74
77
76
77
50_53_58_89
77
76
77
45_72
77
76
77
48_53_57_89
77
76
77
36_48_76
79
78
79
48_52_58_91
79
78
79
41_53_77
81
80
81
48_53_57_93
81
80
81
35_47_77
86
85
86
47_53_56_98
86
85
86
38_50_83
89
88
89
50_56_59_101
89
88
89
36_48_84
89
88
89
53_57_60_101
89
88
89
48_81
84
83
84
53_57_60_96
84
83
84
36_48_77
81
80
81
48_53_57_93
81
80
81
36_48_76
79
78
79
48_52_57_91
79
78
79
41_53_77
81
89
84
53_60_65_81
77
72
69
41_53_65
48_91
90
91
79
55_60_64_78
79
81
79
49_91
90
91
79
55_58_64_78
79
81
79
50_91
90
91
79
55_59_65_78
79
81
79
55_59_65_89
88
89
77
55_59_65_76
77
79
77
43_86
85
86
74
55_59_65_73
74
76
74
43_83
82
83
71
55_62_65_70
71
72
71
48_84
83
84
72
55_60_64_71
72
74
72
55_60_64_79
78
79
67
55_60_64_66
67
69
67
52_52_72
71
72
84
55_60_83
84
86
84
52_52_72
71
72
84
56_60_83
84
86
84
53_53_72
71
72
84
57_60_83
84
86
84
54_54_81
80
81
93
60_63_92
93
95
93
55_55_79
78
79
91
60_64_90
91
93
91
55_55_79
78
79
83
62_65_82
83
84
83
60_64_84
72
71
72
52_55_84
72
71
72
50_86
74
73
74
48_88
76
75
76
43_47_55_89
77
76
77
55_59_65_86
74
73
74
55_60_64_84
72
71
72
55_62_65_83
71
70
71
60_64_84
72
71
72
52_55_84
72
71
72
50_86
74
73
74
48_88
76
75
76
43_47_55_89
77
76
77
55_59_65_86
74
73
74
55_60_64_84
72
71
72
55_62_65_83
71
70
71
60_64_84
72
71
72
48_52_60_84
72
71
72
53_84
74
73
74
54_84
75
74
75
48_55_60_84
76
75
76
48_55_60_84
76
75
76
57_84
77
76
77
51_84
78
77
78
48_52_60_84
79
78
79
48_52_60_84
80
79
80
53_84
81
80
81
48_54_60_84
81
80
81
48_55_60_84
82
81
82
84
88
91
96
94
93
91
89
88
86
84
82
65_81
84
83
84
69_72_96
84
83
84
64_79
84
83
84
67_72_96
84
83
84
62_77
81
80
81
65_69_93
81
80
81
60_76
81
80
81
64_69_93
81
82
81
58_74
77
76
77
62_65_89
77
76
77
57_72
77
76
77
60_65_89
77
76
77
48_76
79
78
79
55_58_60_64_91
79
78
79
53_77
81
80
81
57_60_65_93
81
80
81
53_53_79
83
82
83
55_59_62_95
83
82
83
52_52_79
84
83
84
55_60_96
84
83
84
50_50_79
86
85
86
53_55_59_98
86
85
86
48_48_79
88
87
88
52_55_60_100
88
87
88
41_53_81
89
88
89
53_57_62_101
89
88
89
43_55_83
86
85
86
55_59_65_98
86
85
86
48_52_55_60_84
96
95
96
98
96
95
93
91
89
88
86
84
86
83
84
53_81
84
83
84
57_60_65_93_96
84
83
84
52_79
84
83
84
52_60_64_91_96
84
83
84
50_77
81
80
81
53_57_62_89_93
81
80
81
48_76
81
80
81
52_57_60_88_93
81
80
81
46_74
77
76
77
50_53_58_86_89
77
76
77
45_72
77
76
77
48_53_57_84_89
77
76
77
36_48_76
79
78
79
48_52_58_84_91
79
78
79
41_53_77
81
80
81
48_53_57_84_93
81
80
81
35_47_77
86
85
86
47_53_56_98
86
85
86
38_50_83
89
88
89
50_56_59_101
89
88
89
36_48_84
89
88
89
53_57_60_101
89
88
89
48_81
84
83
84
53_57_60_96
84
83
84
36_48_77
81
80
81
48_53_57_93
81
80
81
36_48_76
79
78
79
48_52_58_91
79
78
79
41_45_48_53_77
89
88
89
53_57_77
89
88
89
55_58_77
89
88
89
57_60_77
89
88
89
53_58_62_77
89
88
89
57_61_77
89
88
89
58_62_77
89
88
89
56_59_77
89
88
89
53_57_60_77
89
88
89
33_45_77
89
88
89
34_46_76
88
87
88
46_53_58_74
86
85
86
36_48_72
84
83
84
53_57_60_69
81
80
81
36_48_70
82
81
82
52_58_60_67
79
78
79
41_45_48_53_77
89
88
89
53_57_77
89
88
89
55_58_77
89
88
89
57_60_77
89
88
89
53_58_62_77
89
88
89
57_61_77
89
88
89
58_62_77
89
88
89
56_59_77
89
88
89
53_57_60_77
89
88
89
33_45_77
89
88
89
34_46_76
88
87
88
46_53_58_74
86
85
86
36_48_72
84
83
84
53_57_60_69
81
80
81
36_48_70
82
81
82
52_58_60_67
79
78
79
41_53_65
77
76
77
53_57_60_69
81
80
81
36_48_72
84
83
84
55_58_60_76
88
87
88
41_53_77
89
88
89
53_57_60_81
93
92
93
36_48_84
96
95
96
55_58_60_88
100
99
100
53_57_60_89
101
100
101
48_55_58_60_88
100
99
100
53_57_60_89
101
100
101
48_55_58_60_88
100
99
100
53_57_60_89
101
100
101
48_55_58_60_88
100
99
100
53_57_60_89
101
100
101
48_55_58_60_88
100
99
100
41_45_48_53_89
93
101
96
93
89
84
81
77
72
69
65
60
57
53
40
29
53_57_60_65_81_84_89_93
29_41_77_81_84_89
