60
64
66
67
60_76_88
64
66
67
60_76_88
64
66
67
60_76_88
64
66
67
59_79_91
62
66
67
59
62
66
67
59_74_86
62
66
67
59
62
66
67
57
60
63
64
57_72_84
60
63
64
57_72_84
60
63
64
57_72_84
60
63
64
55_76_88
59
63
64
55
59
63
64
55_71_83
59
63
64
55
59
63
64
53
57
59
60
53_69_81
57
59
60
53_69_81
57
59
60
53_69_81
57
59
60
52_67_79
55
59
60
52
55
59
60
52_72_84
55
59
60
52_72_84
55
59
60
50_74_83_86
53
55
59
50_74_83_86
53
55
59
48_76_84_88
52
55
60
48_76_84_88
52
55
60
55_74_83_86
59
62
67
65
67
65
64
62
60
59
57
55
53
52
50
48
52
54
55
48_76_88
52
54
55
48_76_88
52
54
55
48_76_88
52
54
55
47_79_91
50
54
55
47
50
54
55
47_74_86
50
54
55
47
50
54
55
45
48
51
52
45_72_84
48
51
52
45_72_84
48
51
52
45_72_84
48
51
52
40_76_88
44
47
52
40
44
47
52
40_71_83
44
47
52
40
44
47
52
41
45
47
48
41_69_81
45
47
48
40_69_81
43
45
49
40_69_81
43
45
49
38_81_89_93
41
45
50
38
41
45
50
41
45
49
50
41_88_91
45
49_86_89
50
43_84_88
48
52
55
43_88_91
48
52
55
43_79_83
50
53
55
43_83_86
50
53
55
48_84
52
55
60
52
55
60
64
55
60
64
67
60
64
67
72
71
74
78
79
71_86
74
78
79
71_91
74
78
79
71_95
74
78
79
69_86_98
72
74
78
69
72
74_96
78
69_96
72
74
78
69
72
74
78
66
69
73
74
66_81_84
69
73
74
66_88
69
73
74
66_86
69
73
74
67_83_86
71
73
74
67
71
73
74
67_79_83
71
73
74
67
71
73
74
59
62
66
67
59_74
62
66
67
59_79
62
66
67
59_83
62
66
67
57_74_86
60
62
66
57
60
62_84
66
57_84
60
62
66
57
60
62
66
50
57
60
62
60_69_74_78
62
60
57
50_69_74_78
57
60
62
60_69_74_78
62
60
57
55_71_79
59
62
64
62
64
62
59
55_71_74
59
62
64
62_71_74
64
62
59
54_69_74
60
62
64
62
64
62_76
60
54_69_74
60
62
64
62
64
62
60
55_71_79
59
62
64
62_74
64
62
59
55_71_74
59
62
64
62_71_74
64
62
59
54_69_74
60
62
64
62
64
62_76
60
54_69_74
60
62
64
62
64
62
60
55_71_74_79
59
62
64
62
64
62_81
59
53_71_74_79
55
59
62
59
62
59_79
55
50_74_79_83
53
55
59
55
59
55_83
53
47_79_83_86
50
53
55
53
55
53_86
50
43_79_83_86_89
47
50
55
50
55
50
47
43
89
88
86
84
83
81
79
77
76
74
72
71
69
67
65
64
62
60
59
57
55
57
59
36_60
40
43
48
36_64_76
40
43
48
36
40
43
48
36_74
40
43_72
48
38_65_71
41
43
47
38_65_77
41
43
47
38
41
43
47
38_76
41
43_74
47
40_67_72
43
48
52
40_79
43
48
52
41_69_81
45
48
53
41_72_84
45
48
53
43_64_67_72
48
52
55
43
48
52
55
43_65_76
47
50
55
43
47
50_74
55
48_64_76
52
55
60
48_76_88
52
55
60
48
52
55
60
48_86
52
55_84
60
50_77_83
53
55
59
50_77_89
53
55
59
50
53
55
59
50_88
53
55_86
59
52_79_85
55
58
61
52_94
55
58
61
53_81_86_93
57
61
62
53_89
57
61
62
55_79_84_88
60
64
67
55_91
60
64
67
55_74_79
59
62
65
55_83
59
62
65
60_72_76_84
67
64
67
60
67
64_79
67
59_74_77_79
67
62
67
55_79
67
59
67
60_72_76_84
67
64
67
60
67
64_79
67
59_74_77_79
67
62
67
55_79
67
59
67
60_72_76
67
64
67
59_74_79
67
65
67
60_72_76
67
64
67
59_74_79
67
65
67
60_72_76
67
64
67
59_74_79
67
65
67
60_72_76
67
64
67
59_74_79
67
65
67
60_64_72_76
36_48_55_60_64
36_48_52_55_60
