38_57_62_65_69
50
41
50
45
50
53
50
38_62_65_74
50
41
50
45
50
53
50_69
38_62_65_69
50
41
50
45_62_65_69
50
53
50
38_62_65_69
50
41
50
45_62_65_69
50
53
50
40_57_61_67_69
52
43
52
49
52
55
52
40_64_67_76
52
43
52
49
52
55
52_69
40_61_67_69
52
43
52
49_61_67_69
52
55
52
40_61_67_69
52
43
52
49_61_67_69
52
55
52
41_62_65_69
53
45
53
50
53
57
53
41_65_69_77
53
45
53
50
53
57
53_65_69_77
43_67_70_77
55
46
55
52_76
55
58
55
43_43_64_70_76
55
46
55
44_44_65_71_74
56
47
56
45_64_69_73
57
49
57
52_69_73_76_81
57
61
57
56
57
58
57
55
57
53
57
52
57
50
57
49
57
46
57
45
57
55
57
53
57
52
57
50_69_74_77_81
62
53
62
57
62
65
62
50_74_77_86
62
53
62
57
62
65
62_81
50_74_77_81
62
53
62
57_74_77_81
62
65
62
50_74_77_81
62
53
62
57_74_77_81
62
65
62
52_69_73_79_81
64
55
64
61
64
67
64
52_76_79_88
64
55
64
61
64
67
64_81
52_73_79_81
64
55
64
61_73_79_81
64
67
64
52_73_79_81
64
55
64
61_73_79_81
64
67
64
53_81_86_93
65
57
65
62
65
69
65
55_79_82_91
67
58
67
64_76_88
67
70
67
57_74_77_86
69
62
69
65
69
70
69
57_73_76_85
69
64
69
67
69
70
69
62_74_77_86
65
62
57
53
62
57
53
50
57
53
50
45
53
50
45
41_74_77_86
50
45
41
38
41
45
50
40_73_79_82_85
52
43
52
46_72_84
52
48
52
41_72_77_81_84
53
57
60
65
60
57
53
41
53
57
60
65_82
60
57_81
53
41_71_74_81
53
59
62
65_79
62
59
53
41_71_74_79
53
59
62
65_71_74_79
62
59
53
41_70_73_79
53
58
61
64_82
61
58
53
41
53
58
61
64_70_73_76
61
58
53
41_69_72_77
53
57
60
65
60
57
53
41_69_72
53
57
60
65
60
57
53
41_72_77_81_84
53
57
60
65
60
57
53
41
53
57
60
65_82
60
57_81
53
41_71_74_81
53
59
62
65_79
62
59
53
41_71_74_79
53
59
62
65_71_74_79
62
59
53
41_70_73_79
53
58
61
64_82
61
58
53
41
53
58
61
67_70_73_76
61
58
53
41_69_72_77
53
57
60
65
60
57
53
41_69_75_81
53
57
60
65_81
60
57
53
40_71_76_81
52
59
62
64_80
62
59
52
38_68_71_77
50
56
59
62_77
59
56
50
36_64_69_77
48
52
57
60_76
57
52
48
35_64_68_74
47
52
56
59_74
56
52
47
33_64_69_74
45
48
52
57_72
52
48
45
31_61_64_70_73
43
46
52
55_61_64_70_73
52
46
43
29_62_69_74
41
45
50
53_62_69_74
50
45
41
28_64_67_73_76
40
43
49
52_64_67_73_76
49
43
40
26_65_69_74_77
38
41
45
50
45
41
38
53
50
45
41
57
53
50
45
62_65_69_74_77
57
53
50
45
41
38
50
32_53_59_62_65
44
35
44
38
44
32_65
44
33_52_61_64
45
44
45
49
52
57
52
49
45
40
37
33_69_73_76_79
37
40
45
38_69_74_79
50
49
50
53_79
57
62
57
53
50
45
41
38_74_77_81_86
41
45
50
45_76_81_86
57
56
57
61_85
64
69
64
61
57
52
49
45_81_85_88_91
49
52
57
46_81_86_91
62
61
62
65_89
69
74
69
65
62
57
53
50_86_89_93_98
53
57
62
57_85_88_93_97
69
68
69
73
76
81
76
73
76
69
73
64
69
61
64
57
61
52
57
49
52
45
49
40
45
37
40
33
45
40
37
33
34
35
36
37
36
35
34
33
37
38
39
40
39
38
37
33
40
41
42
43
42
41
40
33
45
44
45
43
45
40
45
38_78_86_90
50
49
50
54
57
62
57
54
50
45
42
38_76_85_88
42
45
50
38_76_85_88
50
49
50
55_74_83_86
59
62
59
55_73_81_85
50
47
43
38_71_79_83
43
47
50
38_69_78_81
50
49
50
54
57
62
57
54
50
45
42
38_74_78
42
45
50
33_69_76_79
45
44
45
49
52
57
52
49
45
40
37
33_81
37
40
45
38_78
50_86
49_90
50
54
57
62
57
54
50
45
42
38_76_85_88
42
45
50
38_76_85_88
50
49
50
55_74_83_86
59
62
59
55_73_81_85
50
47
43
38_71_79_83
43
47
50
38_69_78_81
50
49
50
54
57
62
57
54
50
45
42
38_74_78
42
45
50
33_69_76_79
45
44
45
49
52
57
52
49
45
40
37
33_81
37
40
45
38_66_69_74_78
50
49
50
52_54_66
50
49
50
37_54_64_66
49
48
49
35_54_62_66
47
46
47
34_54_61_66
46
45
46
33_60_63
45
44
45
31_52_59_64
43
42
43
35_59_63_66
47
46
47
40_59_64_69
52
51
52
54_67
52
51
52
43_67_71_79
55
54
55
57_76
55
54
55
45_66_69_76
57
56
57
59_74
57
56
57
45_64_67
57
56
57
59_73
57
56
57
38_66
50_69
49_74
50_78
52_54_66
50
49
50
37_54_64_66
49
48
49
35_54_62_66
47
46
47
34_54_61_66
46
45
46
33_60_63
45
44
45
31_52_59_64
43
42
43
35_59_63_66
47
46
47
40_59_64_69
52
51
52
54_67
52
51
52
43_67_71_79
55
54
55
57_76
55
54
55
45_66_69_76
57
56
57
59_74
57
56
57
45_64_67
57
56
57
59_73
57
56
57
38_62_66_74
50
49
50
54
57
62
57
54
50
45
42
38
42
45
50
31_58_62_70
43
42
43
46
50
55
50
46
43
38
34
31_67
34
38
43
38_62_66_74
50
49
50
54
57
62
57
54
50
45
42
38
42
45
50
31_58_62_70
43
42
43
46
50
55
50
46
43
38
34
31_67
34
38
43
26_62_66_74
38
26
38
26
38
26
38
26_57_66_69
38
26
38
26
38
26
38
26_57_62_66
38
26
38
26
38
26
38
26_54_57_66
38
26
38
26
38
26
38
26_54_57_62
