50_57_69
81
69
81
69
81
54_62_69_74
81
69
81
69
81
62_66_69_78
81
69
81
69
81
57_62_66_69_78
81
69
81
69
81
69
81
69
81
69
81
55_57_61_64_69_76
81
69
81
69
81
54_57_62_69_74
81
69
81
69
81
52_55_57_61_69_73
81
69
81
69
81
50_54_57_62_69_74
81
69
81
69
81
57_60_63_69_75
81
69
81
69
81
69
81
69
81
69
81
61_64_69_76
81
69
81
69
81
45_57_69
81
69
81
69
81
57_61_64_69_76
81
69
81
69
81
57_64_67_69_79
81
69
81
69
81
57_64_67_69_79
81
69
81
69
81
69
81
69
81
69
81
62_66_69_78
81
69
81
69
81
57_61_64_69_76
81
69
81
69
81
59_62_69_74
81
69
81
69
81
61_64_69_76
81
69
81
69
81
57_61_65_69_77
81
69
81
69
81
69
81
69
81
69
81
62_66_69_78
81
69
81
69
81
54_61_64_70_76
82
70
82
70
82
67_70_79
82
70
82
70
82
66_70_78
82
70
82
70
82
59_62_66_71_78
83
71
83
71
83
54_58_66_73
85
73
85
73
85
47_54_59_74
86
74
86
74
86
52_59_62_68_74
80
68
80
68
80
66_68_78
80
68
80
68
80
64_68_76
80
68
80
68
80
57_61_64_69_76
81
69
81
69
81
52_56_64_71
83
71
83
71
83
45_52_57_73
85
73
85
73
85
42_76
49
52
88
58
82
76
88
76
88
47_54_57_75_81
87
75
87
75
87
53_74
59
62
86
68
80
74
86
74
86
54_57_61_66_73_81
85
73
85
73
85
50_74
59
66_78
86
74
86
74
86
62_71
83
71
83
71
83
52_59_64_68_74_76
80
68
80
68
80
57_66
78
66
78
66
78
59_68
80
68
80
68
80
45_52_57_69_73_76
81
69
81
69
81
69
81
69
81
69
81
69
81
69
81
69
81
50_57_69
81
69
81
69
81
54_62_69_74
81
69
81
69
81
62_66_69_78
81
69
81
69
81
57_62_66_69_78
81
69
81
69
81
69
81
69
81
69
81
55_57_61_64_69_76
81
69
81
69
81
54_57_62_69_74
81
69
81
69
81
52_55_57_61_69_73
81
69
81
69
81
50_54_57_62_69_74
81
69
81
69
81
57_60_63_69_75
81
69
81
69
81
69
81
69
81
69
81
61_64_69_76
81
69
81
69
81
45_57_69
81
69
81
69
81
57_61_64_69_76
81
69
81
69
81
57_64_67_69_79
81
69
81
69
81
57_64_67_69_79
81
69
81
69
81
69
81
69
81
69
81
62_66_69_78
81
69
81
69
81
57_61_64_69_76
81
69
81
69
81
59_62_69_74
81
69
81
69
81
61_64_69_76
81
69
81
69
81
57_61_65_69_77
81
69
81
69
81
69
81
69
81
69
81
62_66_69_78
81
69
81
69
81
54_61_64_70_76
82
70
82
70
82
67_70_79
82
70
82
70
82
66_70_78
82
70
82
70
82
59_62_66_71_78
83
71
83
71
83
54_58_66_73
85
73
85
73
85
47_54_59_74
86
74
86
74
86
52_59_62_68_74
80
68
80
68
80
66_68_78
80
68
80
68
80
64_68_76
80
68
80
68
80
57_61_64_69_76
81
69
81
69
81
52_56_64_71
83
71
83
71
83
45_52_57_73
85
73
85
73
85
42_76
49
52
88
58
82
76
88
76
88
47_54_57_75_81
87
75
87
75
87
53_74
59
62
86
68
80
74
86
74
86
54_57_61_66_73_81
85
73
85
73
85
50_74
59
66_78
86
74
86
74
86
62_71
83
71
83
71
83
52_59_64_68_74_76
80
68
80
68
80
57_66
78
66
78
66
78
59_68
80
68
80
68
80
45_52_57_69_73_76
81
69
81
69
81
69
81
69
81
69
81
69
81
80
68
81
69
31_43_74_82
70
82
70
82
70
58_62_67_79_82
70
82
70
82
70
55_77_82
70
82
70
82
70
37_49_76_82
70
82
70
82
70
58_60_64_84
72
84
72
84
72
55_82
70
82
70
82
70
29_41_76_81
69
81
69
81
69
57_60_65_77_81
69
81
69
81
69
53_76_81
69
81
69
81
69
34_46_74_81
69
81
69
81
69
58_62_65_82
70
82
70
82
70
53_81
69
81
69
81
69
27_39_67_74
79
67
79
67
79
55_58_64_67_76
79
67
79
67
79
52_67_74
79
67
79
67
79
33_45_73_79
67
79
67
79
67
55_57_61_81
69
81
69
81
69
52_79
67
79
67
79
67
38_45_50_74_77
65
77
65
77
65
34_46_68_76
64
76
64
76
64
47_50_56_74
62
74
62
74
62
33_45_69_73_81_81
76
88
76
88
76
64_73_85_88
76
88
76
88
76
61_64_69_81_88
76
88
76
88
76
28_40_80_88
76
88
76
88
76
57_62_66_78_88
76
88
76
88
76
59_62_68_80_88
76
88
76
88
76
33_45_81_88
76
88
76
88
76
64_73_85_88
76
88
76
88
76
61_64_69_81_88
76
88
76
88
76
28_40_80_88
76
88
76
88
76
57_62_66_78_88
76
88
76
88
76
59_62_68_80_88
76
88
76
88
76
33_45_81
85
88
85
81
93
61_69_81
93
81
93
81
93
64_69_73_81_85
93
81
93
81
93
33_45_81_85
93
81
93
81
93
62_69_71_81_83
93
81
93
81
93
66_69_74_81_86
93
81
93
81
93
33_45_81_86
93
81
93
81
93
64_69_73_81_85
93
81
93
81
93
67_69_76_81_88
93
81
93
81
93
33_45_81_88
93
81
93
81
93
66_69_74_81_86
93
81
93
81
93
69_74_78_81_90
93
81
93
81
93
33_45_81_90
93
81
93
81
93
69_72_75_81_87
93
81
93
81
93
69_73_76_81_88
93
81
93
81
93
71_74_79_81_91
93
81
93
81
93
69_73_78_81_90
93
81
93
81
93
67_71_76_81_88
93
81
93
81
93
66_69_74_81_86
93
86
93
86
93
64_67_73_85
93
85
93
85
93
62_67_71_83
93
83
93
83
93
61_67_69_81
93
81
93
81
93
57_64_69_91
93
91
93
91
93
61_88
93
88
93
88
93
50_57_69
81
69
81
69
81
54_62_69_74
81
69
81
69
81
62_66_69_78
81
69
81
69
81
57_62_66_69_78
81
69
81
69
81
69
81
69
81
69
81
55_57_61_64_69_76
81
69
81
69
81
54_57_62_69_74
81
69
81
69
81
52_55_57_61_69_73
81
69
81
69
81
50_54_57_62_69_74
81
69
81
69
81
57_60_63_69_75
81
69
81
69
81
69
81
69
81
69
81
61_64_69_76
81
69
81
69
81
45_57_69
81
69
81
69
81
57_61_64_69_76
81
69
81
69
81
57_64_67_69_79
81
69
81
69
81
57_64_67_69_79
81
69
81
69
81
69
81
69
81
69
81
62_66_69_78
81
69
81
69
81
57_61_64_69_76
81
69
81
69
81
59_62_69_74
81
69
81
69
81
61_64_69_76
81
69
81
69
81
57_61_65_69_77
81
69
81
69
81
69
81
69
81
69
81
62_66_69_78
81
69
81
69
81
54_61_64_70_76
82
70
82
70
82
67_70_79
82
70
82
70
82
66_70_78
82
70
82
70
82
59_62_66_71_78
83
71
83
71
83
54_58_66_73
85
73
85
73
85
47_54_59_74
86
74
86
74
86
50_57_60_66_72
78
66
78
66
78
63_66_75
78
66
78
66
78
48_57_62_66_74
78
66
78
66
78
47_50_59_67_74
79
67
79
67
79
45_50_54_57_69
81
69
81
69
81
43_50_55_71_74
83
71
83
71
83
43_46_52_73_76
85
73_76
85
73_76
85
44_47_53_74_77
86
74_77
86
74_77
86
45_50_53_57_77_81
89
77_81
89
77_81
89
46_50_53_58_74_80
77_92
74_80
77_92
74_80
77_92
45_57_74_81
77_93
74_81
77_93
74_81
77_93
44_50_53_56_74_83
77_95
74_83
77_95
74_83
77_95
45_50_54_57_74_81
78_93
74_81
78_93
74_81
78_93
33_45_69_78
74_90
69_78
74_90
69_78
74_90
45_49_52_57_67_76
73_88
67_76
73_88
67_76
73_88
38_50_78_86
74
78
74
78
74
62_66_78
74
78
74
78
74
57_74_78_81
69
73_77
69
74_78
69
37_49_75_78_81
69
75_78
69
75_78
69
64_67_76_79
69
76_79
69
76_79
69
57_76_79_81
69
75_78
69
76_79
69
38_50_73_77_81
69
73_77
69
73_77
69
62_66_74_78
69
74_78
69
74_78
69
57_74_78_81
69
74_79
69
74_78
69
33_45_73_78_81
69
73_78
69
73_78
69
64_67_73_76
69
73_76
69
73_76
69
57_79_81
76
79_83
76
79_85
76
38_50_78_86
74
78
74
78
74
62_66_78
74
78
74
78
74
57_74_78_81
69
73_77
69
74_78
69
37_49_75_78_81
69
75_78
69
75_78
69
64_67_76_79
69
76_79
69
76_79
69
57_76_79_81
69
75_78
69
76_79
69
38_50_73_77_81
69
73_77
69
73_77
69
62_66_74_78
69
74_78
69
74_78
69
57_74_78_81
69
74_79
69
74_78
69
33_45_73_78_81
69
73_78
69
73_78
69
64_67_73_76
69
73_76
69
73_76
69
57_79_81
76
79_83
76
79_85
76
38_50_74_78_86
62
74
62
74
40_62_73
74
62
74
62
74
42_62_72
74
62
74
62
74
43_62_70
74
62
74
62
74
45_62_69
74
62
74
62
74
46_62_67
73
62
73
62
73
38_50_62_66
74
62
74
62
74
40_62_73
74
62
74
62
74
42_62_72
74
62
74
62
74
43_62_70
74
62
74
62
74
45_62_69
74
62
74
62
74
46_62_67
73
62
73
62
73
38_62_66_74
50
38
50
38
50
38
50
38
50
38
50
38
50
38
50
38
50
38_57_66_69
50
38
50
38
50
38
50
38
50
38
50
38
50
38
50
38
50
38_57_62_66
