44
51
56
60
63
72
75
72
63
60
56
51
44
49
55
58
63
70
75
70
63
58
55
49
44
48
51
56
63
68
75
68
63
56
51
48
44
51
60
48_56
63
51
46
51
61
39_55
63
51
44
51
56
60
63
72
75
72
63
60
56
51
44
49
55
58
63
70
75
70
63
58
55
49
44
48
51
56
63
68
75
68
63
56
51
48
44
51
60
48_56
63
51
45
53
63
41_60
65
53
46
53
58
61
65
73
77
73
65
61
58
53
46
51
57
60
65
72
77
72
65
60
57
51
46
49
53
58
65
70
77
70
65
58
53
49
46
61
65
53_70
61
65
58
62
65
46_68
62
65
51
58
63
67
70
79
82
79
70
67
63
58
46
56
62
65
70
77
82
77
70
65
62
56
51
55
58
63
67
75
87
75
67
63
58
55
51
53
51
49
53
51
48
53
51
46
53
51
44
51
60
63
72
75
87
75
72
63
60
51
44
49
58
63
70
75
87
75
70
63
58
49
44
48
56
63
68
75
87
75
68
63
56
48
44
51
60
48_56
63
51
46
51
61
39_55
63
51
44
51
60
63
72
75
87
75
72
63
60
51
44
49
58
63
70
75
87
75
70
63
58
49
44
48
56
63
68
75
87
75
68
63
56
48
36
56
66
39_63
68
56
44
56
66
48_63
68
56
49
56
65
68
77
80
92
80
77
68
65
56
49
54
63
68
75
80
92
80
75
68
63
54
49
53
61
68
73
80
92
80
73
68
61
53
41_41
61
68
44_53_73
68
61
40_40
62
68
44_52_74
68
62
39
48
56
63
68
72
75_87
72
68
63
56
48
39
46
55
61
63
70
73_79
70
63
61
55
46
44
51
56
60
63
68
72_80
68
63
60
56
51
44
60
68
48_63
68
60
43
60
70
36_64
72
60
41
48
56
60
65
68
72_80
68
60
72_80
68
60
73_82
70
60
72_80
68
60
70_79
67
60
68_77
65
60
36
43
52
60
64
67
72_76
67
64
67_79
64
60
48
55
60
64
67
72
76_79
72
67
72_84
67
64
36
43
52
60
64
67
72_82
67
60
72_82
67
60
72_84
68
60
72_82
67
60
72_80
65
60
72_79
64
60
41
48
56
60
65
68
72_80
68
65
68_84
65
60
44
53
60
65
68
72
77_84
72
68
72_89
68
65
46
56
62
65
70
77
82
77
70
65
62
56
50
58
65
68
70
80
82
80
70
68
65
58
51
58
63
67
70
75
79_82
75
70
67_91
75
70
82_89
75
70
67_87
75
70
79_86
75
70
67_87
75
70
46
56
62
65
70
77
82
77
70
65
62
56
50
58
65
68
70
80
82
80
70
68
65
58
51
58
63
67
70
75
79_82
75
70
67_91
75
70
82_89
75
70
67_87
75
70
79_86
75
70
67_87
75
70
44
51
56
60
63
68
72_75_80_84
68
63
68
63
60
48
55
60
64
67
70
76_79_82_84
70
67
70
67
64
53
60
65
68
72
77
80_84
77
72
68_89
77
72
80
77
72
41_53_77_80
72
68
43_55_76_79
70
67
44_56_72_77
68
65
34_46
55
58
63
67
70
75_79_82
70
67
63
58
55
34_46
53
56
58
62
65
68_70_74
65
62
58
56
53
39_51
55
58
63_75
67
55
58
63
70
63
58
53
62
68
70
68
62
46
65
68
74
68
65
51
63
67
75
67
63
55
58
63
70
63
58
53
62
68
70
68
62
46
65
68
74
68
65
51
63
67
75
67
63
39_51
63
67
75
67
63
51
65
68
75
68
65
39_51
66
69
75
69
66
51_63
67
70
75
70
67
39_51
67
71
75
71
67
51_63
68
72
75
72
68
39_51
69
72
75
72
69
51_63
70
73
75
73
70
87
70
73
39_51
69
72
51_63
70
73
75
73
70
87
70
73
39_51
69
72
51_63
70
73
75
73
70
87
70_73
75
39_51
69_72
75
51_63
70_73
75
39_51
69_72
75
51_63
70_73
75
39_51
69_72
75
51_63
70_73
75
87
69_72
75
87
70_73
75
87
69_72
75
87
82
85
87
80
84
87
79
82
87
77
80
87
75
79
87
73
77
87
72
75
87
71
74
87
72
75
87
70
73
87
68
72
87
63
70
44
51
56
60
63
72
75
72
63
60
56
51
44
49
55
58
63
70
75
70
63
58
55
49
44
48
51
56
63
68
75
68
63
56
51
48
44
51
60
48_56
63
51
46
51
61
39_55
63
51
44
51
56
60
63
72
75
72
63
60
56
51
44
49
55
58
63
70
75
70
63
58
55
49
44
48
51
56
63
68
75
68
63
56
51
48
44
51
60
48_56
63
51
45
53
63
41_60
65
53
46
53
58
61
65
73
77
73
65
61
58
53
46
51
57
60
65
72
77
72
65
60
57
51
46
49
53
58
65
70
77
70
65
58
53
49
37
70
77
49_53_73
82
70
38
68
77
50_53_71
80
68
39
48
56
60
63
68
72_87
68
63
60
56
48
39
46
55
58
61
63
70_79
63
61
58
55
46
32_32_80
75
72
39_44_68
63
60
36_36_56
51
56
39_48_60
63
68
34_34_67
63
67
39_46_70
75
79
37_37_84
80
84
39_49_89
92
96
36_103
101
97
44_51_94
92
94
37_96
94
91
44_53_87
85
87
39_89
87
84
48_56_80
79
80
39_84
82
79
49_55_75
74
75
32_32_80
75
72
39_44_68
63
60
36_36_56
51
56
39_48_60
63
68
34_34_67
63
67
39_46_70
75
79
37_37_82
79
82
39_49_87
91
94
36_101
99
96
44_51_92
91
92
37_94
92
89
44_53_85
84
85
39_89
87
84
48_56_80
79
80
39_84
82
79
49_55_75
74
75
44_72_80
51
60
63
68
72
75_84
72
68
63
60
51
39_87
80
75
51_56_72
75
72
39_79
75
73
51_58_67
73
67
44_72_80
51
60
63
68
72
75_84
72
68
63
60
51
39_87
80
75
51_56_72
75
72
39_79
75
73
51_58_67
73
67
32_68_72_75_80
36
39
44
48
51
56
60
63
68
72
75
80
84
87
92
96_99
39_43_46_51_67_70_73_75_79
32_36_39_44_68_72_75_80
