43_67
47
50_71
55
74
79
83
86
91
86
83
79
74
71
55_67
59
62_71
74
79
83
86
91
86
83
79
74
71
43_67
47
50_71
55
74
79
83
86
91
86
83
79
74
71
55_67
59
62_71
74
79
71
74
79
83
67
71
74
79
38_69
42
45_74
50
78
81
86
90
93
90
86
81
78
74
50_69
54
57_74
62
78
81
86
90
93
90
86
81
78
74
38_69
42
45_74
50
78
81
86
90
93
90
86
81
78
74
50_69
54
57_74
62
78
81
72
78
81
84
69
74
78
81
43_71
47
50_74
55
79
83
86
91
95
91
86
83
79
74
55_71
59
62_74
67
79
83
86
91
95
91
86
83
79
74
45_72
48
50_78
54
81
84
90
93
96
93
90
84
81
78
57_72
60
62_78
66
81
84
90
93
96
93
90
84
81
78
47_74
50
55_79
83
86
91
95
98
95
91
86
83
79
59_74
62
67_79
83
86
91
95
98
95
91
86
83
79
49_52_55_58_76
79
82
88
91
94
100
94
91
88
82
79
61_64_67_70_76
79
82
88
91
94
100
94
91
88
82
79
50_54_57_62_74
78
81
86
90
93
98
93
90
98
93
90
50_86
93
90
86
54_81
90
86
81
57_78
86
81
78
62_74
81
78
74
69
78
74
69
50_66
76
69
66
57_67
73
69
67
64
69
67
64
45_61
67
64
61
38_42_45_50_62
66
69
74
78
81
86
81
78
86
81
78
38_74
81
78
74
42_69
78
74
69
45_66
74
69
66
50_62
69
66
62
57
66
62
57
38_54
62
57
54
45_55
61
57
55
52
57
55
52
35_49
55
52
49
38_50
42
45
50
54
57
62
57
54
50
45
42
38_69
74
42_78
81
45
50
54
57
62
57
54
50
45
42
38_74
78
42_81
86
45
50
54
57
62
57
54
50
45
42
38_72
78
42_81
84
45
50
54
50
45
42
38
42
45
50
35_71
75
39_78
83
42
47
51
54
59
54
51
47
42
39
35_75
78
39_83
87
42
47
51
54
59
54
51
47
42
39
35_78
83
39_87
90
42
47
51
54
59
54
51
47
42
39
35_69
75
39_78
81
42
47
51
47
42
39
35
39
42
47
40_67
71
43_76
79
47
52
55
59
64
59
55
52
47
43
40_71
76
43_79
83
47
52
55
59
64
59
55
52
47
43
40_76
79
43_83
88
47
52
55
59
64
59
55
52
47
43
40_79
83
43_88
91
47
52
55
52
47
43
40
43
47
52
42_78
82
46_85
90
49
54
58
61
66
61
58
54
49
46
42_82
85
46_90
94
49
54
58
61
66
61
58
54
49
46
42_85
90
46_94
97
49
54
58
61
66
61
58
54
49
46
42_76
82
46_85
88
49
54
58
54
49
46
42
46
49
54
47_50_54_59_74
78
83
86
90
95
98
95
90
86
83
78
59_62_62_67
67
71
74
79
83
86
83
79
74
71
67
57_64_67_72
76
79
84
88
91
96
91
88
84
79
76
57_62_66_72
78
81
84
90
93
96
93
90
84
81
78
57_63_66_71
75
78
83
87
90
95
90
87
83
78
75
55_59_64_71
76
79
83
88
91
95
91
88
83
79
76
54_57_64_69
72
76
81
84
88
93
88
84
81
76
72
54_59_63_69
71
75
81
83
87
93
87
83
81
75
71
52_59_64_67
71
76
79
83
88
91
88
83
79
76
71
52_55_60_67
72
76
79
84
88
91
88
84
79
76
72
50_57_60_65
69
72
77
81
84
89
84
81
77
72
69
43_47_50_55_65
71
74
77
83
86
89
86
83
77
74
71
36_43_48_64
67
72
76
79
84
88
84
79
76
72
67
37_43_49_64
67
70
76
79
82
88
82
79
76
70
67
38_43_50_62
67
70
74
79
82
86
82
79
82
79
74
39_43_51_85
82
79
73
85
82
79
73
39_43_51_85
82
79
73
38_74_79_83_86
43
47
50
55
59
62
59
55
50
47
43
38_71_74_79_83
43
47
50
55
59
62
59
55
50
47
43
38_67_71_74_79
43
47
50
55
59
62
59
55
50
47
43
38_66_69_74_78
45
48
50
57
60
62
60
57
50
48
45
43_59
47_62
50_67
55_71
59_74
62_79
67_83
62_79
59_74
55_71
50_67
47_62
43_59
47_62
50_67
55_71
59_74
62_79
67_83
62_79
59_74
55_71
50_67
47_62
45_60
48_66
54_69
57_72
60_78
66_81
69_84
66_81
60_78
57_72
54_69
48_66
45_60
48_66
54_69
57_72
60_78
66_81
69_84
66_81
60_78
57_72
54_69
48_66
47_62
50_65
55_67
59_74
62_77
67_79
71_86
67_79
62_77
59_74
55_67
50_65
47_62
50_65
55_67
59_74
62_77
67_79
71_86
67_79
62_77
59_74
55_67
50_65
48_64
52_67
55_72
60_76
64_79
67_84
72_88
67_84
64_79
60_76
55_72
52_67
48_64
52_67
55_72
60_76
64_79
67_84
72_88
67_84
64_79
60_76
55_72
52_67
49_55_58_61_64
67
70
76
79
82
88
82
37_49_79
76
70
67
37_49_64
67
70
76
79
82
88
82
37_49_79
76
70
67
38_43_47_50_62
67
71
74
79
83
86
83
79
74
71
74
38_43_47_50_67
71
74
79
83
86
91
86
83
79
74
79
38_71
74
79
83
43_86
91
95
91
47_86
83
79
83
50_74
79
83
86
47_91
95
98
95
43_91
86
91
95
38_42_45_50_98
96
93
90
86
84
81
78
86
84
81
78
38_42_45_50_74
72
69
66
38_50_74
72
69
66
38_50_62
60
57
54
31_55
35
38
43
47
50
55
50
47
43
38
35
31_65_71_74_77
35
38
43
47
50
55
50
47
43
38
35
31_64_67_72_76
36
40
43
48
52
55
52
48
43
40
36
31_63_67_72_75
36
39
43
48
51
55
51
48
43
39
36
31_62_67_71_74
35
38
43
47
50
55
50
47
43
38
35
31_65_67_74
35
38
43
47
50
55
50
47
43
38
35
31_64_67_72
36
40
43
48
52
55
52
48
43
40
36
31_63_67_72
36
39
43
48
51
55
51
48
43
39
36
31_62_67_71
35
38
43
47
50
55
50
47
43
38
35
31_62_71_74
35
38
43
47
50
55
50
47
43
38
35
31_62_67_71
35
38
43
47
50
55
50
47
43
38
35
31_62_71_74
35
38
43
47
50
55
50
47
43
38
35
31_62_67_71
43_47_50_55_71_74_79_83
31_43_55_59_62_67
