42
42
42
42
42
42
42
42
42
42
42
42
42
42
36_48
36_48
36_45
36_45
36_38_42
36_38_42
36_38_45_50_50_57_62
36
36_42_49_50_57
36_42_49
42
42
50
57_62
38_42_47
38_42
47
42
42
57
50
36_42_45_50_57
36_42
50
57
42
42
45
38_42_47_50_57
38_42
57
50
50
45
38
42_50_50_57_57_62
47
42
50_57
36_42
36_42
38_42_50_57
42
38_42_47_50
38_42
62
57
50
47
42
42
36_42_45
36_42
45
42_45_45
42
50
50
57
45
38_42_47_50_50_57
38_42_45
38
50
50
57
47
38_42_45_50_50_57_62
42
36_42_50_57
36_42
42
42
50
62
50
57
38_42_47_50_52_79
38_42
45
38
50_57
50
47
52
42_50_57
42
50
57
36_38_42_45_48_53
36_42
48
42_50_50_57
53
42
50
38
45
57
50
38_42_47_52
38_42
52
38_42_45_50_50_53_57
47
42
36_42
36_42
42_48
42
53
48
57
50
38_42_50_52_57
38_42
50
50
57
45
38
42_50
42
52
50
36_42_50_50_53_57_57
36_42
50
57
57
53
38_42_45_47_50_53_57_57
42
50
57
53
57
38_42_45_50_52_55
50
38_42
47
45
38
45
50
38_42_45_50_50_57_57_62
42
52_55
45
38
50
57
57
62
50
36_42_50
36_42
79
42_48_50_57_62_79
42_48
57
62
45
50
45
79
38_42_48_79
38_42_48
42_50_57_77
79
42
77
36_42_45_62_79
36_42_45
50
57
79
41_42_77
41_42
77
62
38_42_48_50_57_74
38_42_48
74
38_42_45_62_77
38_42_45
50
57
50
62
77
36_38_38_42_45_49_50_50_50_57_69_74
36_42_49
38
50
42
42
50_57
45
50
38_42_45_47_50_50_51_57_57_62
38
38_42_51
57
45
62
50
50
57
47
38_42
42
38
33_36_42_45_50_50_51_57_57
36_42_51
50
57
42_62_62_69_69
50_57
42
62
69
69
62
45
38_42_47_50_50_51_57_57
38_42_51
50
57
50
57
47
42_45_50_50_50_57_57_62_62_69
33
42
36_38_42_51
36_42_51
62
62
50_57
42_62
42
50
62
57
69
50
50_57
45
50
57
38_42_50_51_52_57_62_62_69
38_42_51
62
62
57_69
50
42_50_52_57_62
42
50
57
62
38
33_36_42_45_50_50_51_53_57_60
36_42_51
50
33
53
60
33_42_50_50_53_57_62_69
50
42
57
62
69
57
50
69
74
50
53
45
36_38_42_50_51_52_57_60
33
38_42_51
50
57
52
33_36_42_50_50_50_57_57_64_67_72
42
60
36_38_42_45_51_62_62_69_74
33
36_42_51
69
62
74
50
57
42
42
50_57
62
50
38
38_42_47_50_50_51_57_57_60_62
38_42_51
62
50
45
57
47
60
50
57
38_42
42
33_36_42_45_50_50_51_57_57_60_62_69
36_38_42_51
69
60_62
42_60_62_69
42
50
57
60
69
62
38_42_47_50_51_57
45
38_42_51
50
57
33
57
50
47
33_42_50_50_50_57_57_62_62_69
42
33
36_38_42_51
36_42_51
62
50
72
57
62
69
42_45_50_57_60_62
42
50
57
67
50
64
60
50
57
62
38
38_42_50_50_57
45
38_42
50
57
50
38_42_47_50_50_57_57_60
42
57
50
60
50
57
38
33_36_42_45_50_57_62_62
36_42
47
45
33
62
62
33_42_45_48_50_57_60
42_48
50
57
60
33
36_38_42_45_47_50_57
38_42_45
45
50_57
47
50
57
36
33_38_42_45
38_42
45
38
33
38
33_36_42_45_45_45_49_52_52_52_57_57_73
36_42_49
42
42
57
73
45_52
38_42_45_52_54_57_71
38_42
33
52
54
45
57
71
52
45
33_42_69
42
33
69
33_36_42_45_45_52_52_57_73
36_42
57
52
45
45
52
42_45_45_52_52_57
42
73
45
52
38_42_54_71
38_42
45
52_57
71
33
54
45
33_42_50_57_74
42
74
57
33_52
36_38_42_50_57
36_42
57
50
42_50_57_62_74
42
62
50
57
74
50
38_42_59_71
57
38_42
38
71
59
38_42_50_57_62_69
42
38
69
36_38_42_50_57_74
36_42
57
50
62
57
50
38
33_42_50_50_57_57
42
57
50
74
33
57
35_38_42_59_62_71
38_42
50
62
71
42_69
42
59
69
35
33_36_42_45_45_52_52_57_73
36_42
42
73
42
57
38_42_57_64_71
38_42
33
52
45
52
45
71
33_42_45_45_52_52_69
42
64
57
33
69
52
45
33_36_42_57_64_73
36_42
64
73
57
52
45
42_45_45_52_52_57_64_73
42
64
45
52
57
73
38_42_71
45
38_42
52
71
42_50_57_74
42
33
36_38_42_50_57_62
36_42
57
50
62
42_50_57_62
42
74
57
50
62
38_42_50_57
38
38_42
57
50
50
57
38_42_50_57_62
42
38
57
36_38_42_59
50
36_42
42_50_50_57_57
62
42
59
57
38_42_50_62
38_42
62
57
50
42
42
38
33_36_42_45_45_50_52_52_57_73
36_42
50
42
42
57
52
45
73
38_42_45_52_57_71
38_42
33
52
45
57
71
52
45
33_42_45_52_69
42
33
52
69
45
33_36_42_45_45_52_57_73
36_42
45
52
57
45
42_45_45_52_52_57
42
57
52
45
38_42_71_73
38_42
45
52
71
42_50_50_57_57_74
42
33
74
57
50
57
50
36_38_42
36_42
42_50_50_57_57_74
42
74
38_42_59_62_71
38_42
57
50
38
50
57
71
59_62
38_42_50_57_69
42
38
57
50
69
36_38_42_50_57_74
36_42
57
50
33_42_50_50_57_57
38
42
50
57
74
33_57
38_38_42_59_62_71
38_42
50
62
71
33_42_69
42
59
38
69
33
36_40_40_40_42_47_52_52_52_59_76
36_42
76
42_76
42
59
52
76
52
38_42_52_59_64_76
38_42
40
76
40
52
64
59
52
40_42_52_52_76
42
40
47
52
52
76
35_36_40_42_47_52_52_59_78
36_42
40
47
40
52
59
40_42_47_64
42
52
35
78
38_40_42_52_76
38_42
40_64
47
76
52
38_42_52_64_76
38_42
52
64
33_36_42_45_45_45_52_52_52_57_64
40
36_42
52
52
45_64
57
45_45
52
33
33_42_45_45_45_48_52_52_52_57_64
42_48
52
45
52
64
45
57
38_42_45_45_45_52_52_57_57_57_61_64_64_69
38_42_45
45
52
76
52
45
52
61
64
64_69
45
57
57
33
33_41_42_45_45_45_52_52_52_57_57_61_64_64_69
41_42
57
64
52
52
57
69
45
45
64
57
61
36_42_45_45_48_52_52_57_64_69
36_42_48
33
57
64
69
45
52
33_38_42_45_52_57_57_57_61_64_69
45
52
38_42
45_52
33
38
69
57
38
45
52
61
57
64
33_38_42_45_45_52_52_57_59_71
38_42
71
33
52
45
52
45
33_38_42_57_57_64_69_69
59
38_42
57_57
64
69
38_69
38
33
36_38_42_49_50_50_50_50_57_57_57_57_62_62_62_62_74
36_42_49
42_76
42
57
62
74
62
50
50
57
38
38_42_51_57_62_62_66_74
57
38_42_51
62
57
50
50_57
76
38_42_57_62_74
42
74
62
57
62
50
74
50
66
38
62
33_36_42_50_50_51_57_57_57_74_76
36_42_51
33
50
57
57
50
57
74
33_42_50_50_57_62_62_77
42
62
77
62
50
62
35_38_42_50_51_57_57_62
33
50
57
38_42_51
62
57
50
57
33_42_50_50_57_57_57_62_62_62_71
35
42
71
62
57
33
76
36_38_42_50_51_69_74
36_42_51
50
74
50
57_62
42_50_57_57_62_74
42
57
50_62
57
57
74
38_38_42_50_50_51_57_57_62_62_69_71_74
38_42_51
50
74
71
62
50
57
69
62
50
38_42_57_57_62_74
42
57
62
57
57
33_36_42_50_50_51_57_57_62_62_69
38
36_42_51
69
62
57
50
57
62
50
74
42_50_57_57_57_62_62_69
42
62
69
62
57
38_42_50_51_52_62
38_42_51
57
33
62
57
50
50
62
69
33_42_50_50_57_57_62_62_62_66_69_74
42
52
74
57
66
50_62
62
69
57
62
50
36_38_42_50_50_50_51_57_62_62_69_74
33
36_42_51
50
42_50_69
42
74
50
50_62
50
57
69
38_42_50_50_51_57_57_57_62_62_66_69_74_74
38_42_51
38
66
62
74
57
50
69
50
62
57
57
38_42_50_62
42
74
62
50
38
33_36_42_50_50_51_57_57_57_62_62_66_69_74_78
36_42_51
57
66
33
78
62
69
62
57
33_42_57_57_62_62_66_69_69
42
57
50
74
69
62
50
38_38_42_51_71
66
33
38_42_51
57
69
57
62
35_42_57_57_62_62_69_69
71
38
42
69
62
69
57
69
62
35
62
57
33_36_42_45_45_45_51_52_52_52_57_73
36_42_51
73
52
45
42_57_57_61_64_72
42
45_52
57
52
64
61
45_57
72
52
45
38_42_51_54_57_61_64_71
45
52
38_42_51
33
71
64
54_61
57
33_42_45_52_59_64_69_73
42
73
33
57
33_36_42_45_45_51_52_52_57_61_64_73
36_42_51
57
73
64
64
61
52_57
59
57
45
52
45
69
42_45_52_57_57_57_59_61_64_64_73
42
73
52
57
59
61
64
64
57
45_57
38_42_45_51_52_54_57_61_64
52
38_42_51
33
45
52
57
45
61
54
33_38_42_45_52_52_57_57_61_64_69
38_42
64
33
61
64
57
69
52
52
33_36_42_45_45_49_52_57_57_61_64_69_73_76
36_42_49
45
57
42
42
73
64
61
57
38_42_45_51_52_57_57_61_61_64_64_73
38_42_51
52
45
57
33
61
64
52_57
45
61
64
33_42_45_52_52_71
73
57
42
45
45
52
71
52
33
36_40_42_45_51_52_57_59_62_64_64_73
69
36_42_51
57
64
59
64_73
52
45
62
42_45_52_57_57_61_61_64_64_64_76
42
61
64
76
57
61_64
64
57
38_42_45_45_51_52_52_57
40_52
45
38_42_51
45
57
52
52
45
76
40_42_45_45_52_52_57_57_61_61_64_64_64_69_69
42
61
64
57
69
33_36_42_45_51_52_73_73
40
36_42_51
52
52
45
52
73
73
42_52_57_69_71
42
61
64_71
57
57
45_52
69
45
52
45
38_42_51_52_57_59_64_64_73
64
38_42_51
52
33
57
73
64
33_42_45_45_52_52_71
52
59
42
45
52
71
52
45
36_42_45_45_51_52_52_57_57_59_64_64_73
45
36_42_51
33
57
73
64
64
59
52
40_42_48_57_61_64_64_64_76
45
42
57
64
52_64
64
76
61
57
48
33_38_42_45_47_51_52_52_69
45
38_42_51
40
52
52
45
69
33
42_45_45_45_52_57_57_64
47
42
57
64
45
33_36_42_45_51_52_69_76
36_42_51
64
52
45
76
57
42_45_52_57_74
42
45
52
74
52
45
57
38_42_45_51_52_52_57_61_64_76
38_42_51
45
33
52
45
52
61
76
64
33_42_45_52_57_64_74
57
42
74
64
57
36_40_42_45_51_52_52_57_61_64_64_76
33
36_42_51
69
52
52
45
61
64
57
45
42_57_57_61_64_64
42
76
64
40
33_38_42_45_45_51_52_69_76
38_42_51
52
57
57
69
76
64
45
69
52
45
61
42_52_57_57_76
42
64
76
52
57
57
33
36_38_42_50_50_50_51_62_62_69_74_74_77
36_42_51
77
50
50_62
38
50
38_42_50_50_62_62_77
42
77
62
74
50
50
50
36_38_42_48_60_62_62_72_77
38
38_42
62
50
72
36
60
48_77
62
62
36_42_48_50_60_77
42
50
60
48
77
36
35_36_42_50_59_62_62_69_71_76
62
36_42
74
62_69
35
59
69
50
62
76
35_42_48_50_57_59_62_69_69_72_74
42_48
50
62
69
74
71
35
33_38_42_45_50_57_62_62_69_69_74
59
69
38_42_45
57
62
72
57
33_69
62
74
69
33_38_42_50_55_57_62_69_69_71
38_42
50
50
62
69
38
71
55
38
57
69
33
36_38_42_49_50_50_50_57_62_62_66_69_74
36_42_49
42_62
42
62_66
74
69
50
50
38_42_50_51_57_62_62_66_66_69_69_74
38_62
38_42_51
66
62
50
69
66
62
69
38_42_50_62
57
42
74
50
62
38
33_36_42_50_51_57_62_62_66_69_74_74
36_42_51
66
62
33
69
50
57_62
74
74
33_42_50_57_62_62_66_69_76
42
69
57
62
50
50
50
57
66
76
50
62
33
35_38_42_51_62_66_69
38_42_51
66
62
69
33_35_42_50_50_57_57_62_62_66_66_69_74
42
66
62
69
74
36_38_42_50_51_57_81
33
36_42_51
81
50
57
42_62_66_81
62
42_66
66
62
81
38_42_50_51_57_62_66_81
38_42_51
38
57
50
50
57
66
62
38_42_50_57_62_66
42
81
66
62
50_57
50_57
50
57
57
50
36_36_42_50_51_57_60_62_66_66_77
38
36_42_51
66
66
36_62
62
60
77
50
57
33_42_50_57_60_66_69_76
42
50
57
62
76
69
38_42_50_50_51_57_57_57_62_66_74_74
38_42_51
62
60
66
50
33
66
57
62
57
50
74
33_42_50_50_57_57_62_62_66_69
42
57
50
57
33
36_38_42_50_50_51_57_57_62_62_66_74
36_42_51
74
66
50_57
62
42_74
42
62
66
74
69
62
38_42_50_51_57_62_62_62_66_66_74
38_42_51
38
57
57
66
74
50_62
57
50
50
38_42_50_50_57_57_62_74
42
66
62
62
62
74
50
50
57
57
33_36_42_50_51_57_62_62_66_79
36_42_51
38
62
79
57
50
66
62
33
40_42_50_50_57_57_62_66_79
42
79
57
57
50
74
38_42_51_62_66_79
38_42_51
50
62
66
79
62
40
66
42_42_62_62_62_79
42
62
62
62
62
42
36_42_43_43_43_43_50_50_51_55
36_42_51
50
43
43
50_79
42_43_50_55_55_59_59_62_76_79
42
59
55
43_50
79
62
59
55
76
50
43
38_42_55_59_62_74_76
38_42
43
76
43
50
42_43_43_43_50_50_55_59_62_74
59
42
55
62
74
74
36_38_42_55_59_62
43
36_42
50_59
43
55
62
38
50
43
38_42_48_50_50_55_59_62
42_48
59
55
62
43
38_50
50
38_42_43_45_48_57_62_71_74
38_42_45
55
62
59
74
71
48
43
57
38_38_42_43_55_55_59_62_74
38_42
59
55
62
74
62
55
38_55
38
38
43
33_36_42_45_45_45_49_52_52_52_57_69
36_42_49
69
45_52
57
52
45
33
36_42
52
36_42
45
38_42_48_51_73
38_42_48_51
73
36_42_45
36_42_45
42_51_73
42_51
73
36_42_76
36_42
38_41_42_51
38_41_42_51
76
36_42_69
36_42
69
33_36_42_45_45_45_49_51_52_52_52_57_57_57_73
36_42_49_51
73
45
57
52
57
52
52
36_42
45
33
57
36_42_45
38_42_48_51_73
38_42_48_51
73
36_42_45
36_42_45
36_42_51_73
36_42_51
73
36_42_76
36_42
38_41_42_51
38_41_42_51
36_42
36_42
76
33_36_42_45_45_45_52_52_57_81
36_42
81
52
45_57
38_42_45_57_81
38_42
33
81
45
45
35_36_42_48_81
45
36_42_48
81
38_42_81
38_42
81
35
36_36_42_77
36_42
52
45
45
77
38_42_45_48_57_76
57
38_42_48
57
41
41
76
36
45
37_42_45_45_52_57_74
42_45
52
45
38
38
57
74
36_38_42_45_74
36_38_42
37
74
45
38
38
36_38_38_42_45_49_50_50_50_57_69_74_74
36_42_49
38
50
42
42
50_57
45
50
38_42_45_47_50_50_51_57_57_62
38
38_42_51
57
45
62
50
50
57
47
38_42
42
38
33_36_42_45_50_50_51_57_57
36_42_51
50
57
42_62_62_69_69
50_57
42
62
69
69
62
45
38_42_47_50_50_51_57_57
38_42_51
50
57
50
57
47
42_45_50_50_50_57_57_62_62_69
33
42
74
36_38_42_51
36_42_51
62
62
50_57
42_62
42
50
62
57
69
50
50_57
45
50
57
38_42_50_51_52_57_62_62_69
38_42_51
62
62
57_69
50
42_50_52_57_62
42
50
57
62
38
33_36_42_45_50_50_51_53_57_60
36_42_51
50
33
53
60
33_42_50_50_53_57_62_69
50
42
57
62
69
57
50
69
74
50
53
45
36_38_42_50_51_52_57_60
33
38_42_51
50
57
52
33_36_42_50_50_50_57_57_64_67_72
42
60
36_38_42_45_51_62_62_69_74
33
36_42_51
69
62
74
50
57
42
42
50_57
62
50
38
38_42_47_50_50_51_57_57_60_62
38_42_51
62
50
45
57
47
60
50
57
38_42
42
33_36_42_45_50_50_51_57_57_60_62_69
36_38_42_51
69
60_62
42_60_62_69
42
50
57
60
69
62
38_42_47_50_51_57
45
38_42_51
50
57
33
57
50
47
33_42_50_50_50_57_57_62_62_69
42
33
36_38_42_51
36_42_51
62
50
72
57
62
69
42_45_50_57_60_62
42
50
57
67
50
64
60
50
57
62
38
38_42_50_50_57
45
38_42
50
57
50
38_42_47_50_50_57_57_60
42
57
50
60
50
57
38
33_36_42_45_50_57_62_62
36_42
47
45
33
62
62
33_42_45_48_50_57_60
42_48
50
57
60
33
36_38_42_45_47_50_57
38_42_45
45
50_57
47
50
57
36
33_38_42_45
38_42
45
38
33
38
33_36_42_45_45_45_49_52_52_52_57_57_73
36_42_49
42
42
57
73
45_52
38_42_45_52_54_57_71
38_42
33
52
54
45
57
71
52
45
33_42_69
42
33
69
33_36_42_45_45_52_52_57_73
36_42
57
52
45
45
52
42_45_45_52_52_57
42
73
45
52
38_42_54_71
38_42
45
52_57
71
33
54
45
33_42_50_57_74
42
74
57
33_52
36_38_42_50_57_69
36_42
57
50
42_50_57_62_74
42
62
50
57
74
50
38_42_59_71
57
38_42
38
71
59
38_42_50_57_62_69
42
38
69
36_38_42_50_57_74
36_42
57
50
62
57
50
38
33_42_50_50_57_57
42
57
50
74
33
57
35_38_42_59_62_71
38_42
50
62
71
42_69
42
59
69
35
33_36_42_45_45_52_52_57_73
36_42
42
73
42
57
38_42_57_64_71
38_42
33
52
45
52
45
71
33_42_45_45_52_52_69
42
64
57
33
69
52
45
33_36_42_57_64_73
36_42
64
73
57
52
45
42_45_45_52_52_57_64_73
42
64
45
69
52
57
73
38_42_71
45
38_42
52
71
42_50_57_74
42
33
36_38_42_50_57_62
36_42
57
50
62
42_50_57_62_77
42
74
57
50
62
38_42_50_57
38
38_42
77
57
50
50
57
38_42_50_57_62_76
42
38
76
57
36_38_42_59_74
50
36_42
42_50_50_57_57
62
42
59
74
57
38_42_50_62_71
38_42
62
71
57
50
42_74
42
38
74
33_36_42_45_45_50_52_52_57_73_81
36_42
50
42
42
57
52
45
73
38_42_45_52_57_71
38_42
33
52
45
57
71
52
45
33_42_45_52_69
42
33
52
69
45
33_36_42_45_45_52_57_73
36_42
45
52
57
45
42_45_45_52_52_57
42
57
52
45
38_42_71_73
38_42
45
52
71
42_50_50_57_57_74
42
33
74
57
50
57
50
36_38_42
36_42
42_50_50_57_57_74
42
74
38_42_59_62_71
38_42
57
50
38
50
57
71
59_62
38_42_50_57_69
42
38
57
50
69
36_38_42_50_57_74
36_42
57
50
81
33_42_50_50_57_57_76
38
42
50
76
57
74
33_57
38_38_42_59_62_71_74
38_42
50
74
62
71
33_42_69
42
59
38
69
33
36_40_40_40_42_47_52_52_52_59_76
36_42
76
42_76
42
59
52
76
52
38_42_52_59_64_76
38_42
40
76
40
52
64
59
52
40_42_52_52_76
42
40
47
52
52
76
35_36_40_42_47_52_52_59_78
36_42
40
47
40
52
59
40_42_47_64
42
52
35
78
38_40_42_52_76
38_42
40_64
47
76
52
38_42_52_64_76
38_42
52
64
33_36_42_45_45_45_52_52_52_57_64
40
36_42
52
52
45_64
57
45_45
52
33
33_42_45_45_45_48_52_52_52_57_64
42_48
52
45
52
64
45
57
38_42_45_45_45_52_52_57_57_57_61_64_64_69
38_42_45
45
52
76
52
45
52
61
64
64_69
45
57
57
33
33_41_42_45_45_45_52_52_52_57_57_61_64_64_69
41_42
57
64
52
52
57
69
45
45
64
57
61
36_42_45_45_48_52_52_57_64_69
36_42_48
33
57
64
69
45
52
33_38_42_45_52_57_57_57_61_64_69
45
52
38_42
45_52
33
38
69
57
38
45
52
61
57
64
33_38_42_45_45_52_52_57_59_71
38_42
71
33
52
45
52
45
33_38_42_57_57_64_69_69
59
38_42
57_57
64
69
38_69
38
33
36_38_42_49_50_50_50_50_57_57_57_57_62_62_62_62_74
36_42_49
42_76
42
57
62
74
62
50
50
57
38
38_42_51_57_62_62_66_74
57
38_42_51
62
57
50
50_57
76
38_42_57_62_74
42
74
62
57
62
50
74
50
66
38
62
33_36_42_50_50_51_57_57_57_74_76
36_42_51
33
50
57
57
50
57
74
33_42_50_50_57_62_62_77
42
62
77
62
50
62
35_38_42_50_51_57_57_62
33
50
57
38_42_51
62
57
50
57
33_42_50_50_57_57_57_62_62_62_71
35
42
71
62
57
33
76
36_38_42_50_51_69_74
36_42_51
50
74
50
57_62
42_50_57_57_62_74
42
57
50_62
57
57
74
38_38_42_50_50_51_57_57_62_62_69_71_74
38_42_51
50
74
71
62
50
57
69
62
50
38_42_57_57_62_74
42
57
62
57
57
33_36_42_50_50_51_57_57_62_62_69
38
36_42_51
69
62
57
50
57
62
50
74
42_50_57_57_57_62_62_69
42
62
69
62
57
38_42_50_51_52_62
38_42_51
57
33
62
57
50
50
62
69
33_42_50_50_57_57_62_62_62_66_69_74
42
52
74
57
66
50_62
62
69
57
62
50
36_38_42_50_50_50_51_57_62_62_69_74
33
36_42_51
50
42_50_69
42
74
50
50_62
50
57
69
38_42_50_50_51_57_57_57_62_62_66_69_74_74
38_42_51
38
66
62
74
57
50
69
50
62
57
57
38_42_50_62
42
74
62
50
38
33_36_42_50_50_51_57_57_57_62_62_66_69_74_78
36_42_51
57
66
33
78
62
69
62
57
33_42_57_57_62_62_66_69_69
42
57
50
74
69
62
50
38_38_42_51_71
66
33
38_42_51
57
69
57
62
35_42_57_57_62_62_69_69
71
38
42
69
62
69
57
69
62
35
62
57
33_36_42_45_45_45_51_52_52_52_57_73
36_42_51
73
52
45
42_57_57_61_64_72
42
45_52
57
52
64
61
45_57
72
52
45
38_42_51_54_57_61_64_71
45
52
38_42_51
33
71
64
54_61
57
33_42_45_52_59_64_69_73
42
73
33
57
33_36_42_45_45_51_52_52_57_61_64_73
36_42_51
57
73
64
64
61
52_57
59
57
45
52
45
69
42_45_52_57_57_57_59_61_64_64_73
42
73
52
57
59
61
64
64
57
45_57
38_42_45_51_52_54_57_61_64
52
38_42_51
33
45
52
57
45
61
54
33_38_42_45_52_52_57_57_61_64_69
38_42
64
33
61
64
57
69
52
52
33_36_42_45_45_49_52_57_57_61_64_69_73_76
36_42_49
45
57
42
42
73
64
61
57
38_42_45_51_52_57_57_61_61_64_64_73
38_42_51
52
45
57
33
61
64
52_57
45
61
64
33_42_45_52_52_71
73
57
42
45
45
52
71
52
33
36_40_42_45_51_52_57_59_62_64_64_73
69
36_42_51
57
64
59
64_73
52
45
62
42_45_52_57_57_61_61_64_64_64_76
42
61
64
76
57
61_64
64
57
38_42_45_45_51_52_52_57
40_52
45
38_42_51
45
57
52
52
45
76
40_42_45_45_52_52_57_57_61_61_64_64_64_69_69
42
61
64
57
69
33_36_42_45_51_52_73_73
40
36_42_51
52
52
45
52
73
73
42_52_57_69_71
42
61
64_71
57
57
45_52
69
45
52
45
38_42_51_52_57_59_64_64_73
64
38_42_51
52
33
57
73
64
33_42_45_45_52_52_71
52
59
42
45
52
71
52
45
36_42_45_45_51_52_52_57_57_59_64_64_73
45
36_42_51
33
57
73
64
64
59
52
40_42_48_57_61_64_64_64_76
45
42
57
64
52_64
64
76
61
57
48
33_38_42_45_47_51_52_52_69
45
38_42_51
40
52
52
45
69
33
42_45_45_45_52_57_57_64
47
42
57
64
45
33_36_42_45_51_52_69_76
36_42_51
64
52
45
76
57
42_45_52_57_74
42
45
52
74
52
45
57
38_42_45_51_52_52_57_61_64_76
38_42_51
45
33
52
45
52
61
76
64
33_42_45_52_57_64_74
57
42
74
64
57
36_40_42_45_51_52_52_57_61_64_64_76
33
36_42_51
69
52
52
45
61
64
57
45
42_57_57_61_64_64
42
76
64
40
33_38_42_45_45_51_52_69_76
38_42_51
52
57
57
69
76
64
45
69
52
45
61
42_52_57_57_76
42
64
76
52
57
57
33
36_38_42_50_50_50_51_62_62_69_74_74_77
36_42_51
77
50
50_62
38
50
38_42_50_50_62_62_77
42
77
62
74
50
50
50
36_38_42_48_60_62_62_72_77
38
38_42
62
50
72
36
60
48_77
62
62
36_42_48_50_60_77
42
50
60
48
77
36
35_36_42_50_59_62_62_69_71_76
62
36_42
74
62_69
35
59
69
50
62
76
35_42_48_50_57_59_62_69_69_72_74
42_48
50
62
69
74
71
35
33_38_42_45_50_57_62_62_69_69_74
59
69
38_42_45
57
62
72
57
33_69
62
74
69
33_38_42_50_55_57_62_69_69_71
38_42
50
50
62
69
38
71
55
38
57
69
33
36_38_42_49_50_50_50_57_62_62_66_69_74
36_42_49
42_62
42
62_66
74
69
50
50
38_42_50_51_57_62_62_66_66_69_69_74
38_62
38_42_51
66
62
50
69
66
62
69
38_42_50_62
57
42
74
50
62
38
33_36_42_50_51_57_62_62_66_69_74_74
36_42_51
66
62
33
69
50
57_62
74
74
33_42_50_57_62_62_66_69_76
42
69
57
62
50
50
50
57
66
76
50
62
33
35_38_42_51_62_66_69
38_42_51
66
62
69
33_35_42_50_50_57_57_62_62_66_66_69_74
42
66
62
69
74
36_38_42_50_51_57_81
33
36_42_51
81
50
57
42_62_66_81
62
42_66
66
62
81
38_42_50_51_57_62_66_81
38_42_51
38
57
50
50
57
66
62
38_42_50_57_62_66
42
81
66
62
50_57
50_57
50
57
57
50
36_36_42_50_51_57_60_62_66_66_77
38
36_42_51
66
66
36_62
62
60
77
50
57
33_42_50_57_60_66_69_76
42
50
57
62
76
69
38_42_50_50_51_57_57_57_62_66_74_74
38_42_51
62
60
66
50
33
66
57
62
57
50
74
33_42_50_50_57_57_62_62_66_69
42
57
50
57
33
36_38_42_50_50_51_57_57_62_62_66_74
36_42_51
74
66
50_57
62
42_74
42
62
66
74
69
62
38_42_50_51_57_62_62_62_66_66_74
38_42_51
38
57
57
66
74
50_62
57
50
50
38_42_50_50_57_57_62_74
42
66
62
62
62
74
50
50
57
57
33_36_42_50_51_57_62_62_66_79
36_42_51
38
62
79
57
50
66
62
33
40_42_50_50_57_57_62_66_79
42
79
57
57
50
74
38_42_51_62_66_79
38_42_51
50
62
66
79
62
40
66
42_42_62_62_62_79
42
62
62
62
62
42
36_42_43_43_43_43_50_50_51_55
36_42_51
50
43
43
50_79
42_43_50_55_55_59_59_62_76_79
42
59
55
43_50
79
62
59
55
76
50
43
38_42_55_59_62_74_76
38_42
43
76
43
50
42_43_43_43_50_50_55_59_62_74
59
42
55
62
74
74
36_38_42_55_59_62
43
36_42
50_59
43
55
62
38
50
43
38_42_48_50_50_55_59_62
42_48
59
55
62
43
38_50
50
38_42_43_45_48_57_62_71_74
38_42_45
55
62
59
74
71
48
43
57
38_38_42_43_55_55_59_62_74
38_42
59
55
62
74
62
55
38_55
38
38
43
33_36_42_45_45_45_49_52_52_52_57_69
36_42_49
69
45_52
57
52
45
33
36_42
52
36_42
45
38_42_48_51_73
38_42_48_51
73
36_42_45
36_42_45
42_51_73
42_51
73
36_42_76
36_42
38_41_42_51
38_41_42_51
76
36_42_69
36_42
69
33_36_42_45_45_45_49_51_52_52_52_57_57_57_73
36_42_49_51
73
45
57
52
57
52
52
36_42
45
33
57
36_42_45
38_42_48_51_73
38_42_48_51
73
36_42_45
36_42_45
36_42_51_73
36_42_51
73
36_42_76
36_42
38_41_42_51
38_41_42_51
36_42
36_42
76
33_36_42_45_45_45_52_52_57_81
36_42
81
52
45_57
38_42_45_57_81
38_42
33
81
45
45
35_36_42_48_81
45
36_42_48
81
38_42_81
38_42
81
35
36_36_42_77
36_42
52
45
45
77
38_42_45_48_57_76
57
38_42_48
57
41
41
76
36
45
37_42_45_45_52_57_74
42_45
52
45
38
38
57
74
36_38_42_45
36_38_42
37
45
38
38
36_38_38_42_45_49_50_50_50_57_69_74_74
36_42_49
38
50
42
42
50_57
45
50
38_42_45_47_50_50_51_57_57_62
38
38_42_51
57
45
62
50
50
57
47
38_42
42
38
33_36_42_45_50_50_51_57_57
36_42_51
50
57
42_62_62_69_69
50_57
42
62
69
69
62
45
38_42_47_50_50_51_57_57
38_42_51
50
57
50
57
47
42_45_50_50_50_57_57_62_62_69
33
42
74
36_38_42_51
36_42_51
62
62
50_57
38_42_62
38_42
50
62
57
69
50
50_57
45
50
57
38_42_50_51_52_57_62_62_69
38_42_51
62
62
57_69
50
42_50_52_57_62
42
50
57
62
38
33_36_42_45_50_50_51_53_57_60
36_42_51
50
33
53
60
33_42_48_50_50_53_57_62_69
50
42_48
57
62
69
57
50
69
45
45
74
50
53
45
36_38_42_48_50_51_52_57_60
33
38_42_48_51
50
57
52
33_36_38_41_42_50_50_50_57_57_62_67
38_41_42
60
31_33_36_42_43_49_50_50_50_50_55_55_57_57_59_59_62_62_67_71
67
36_42_49
62
42_58
42
55
67
62
59
71
31
58
31_38_42_51_55_57_67_71
38_42_51
43
50
55_62
59
67
71
55
57
42_43_55_67
42
67
31
55_62
55
55
62
31_36_42_51_53_57_59_62_67_71
36_42_51
62
59
31
53
71
67
31_42_53_55_55_59_62_62
42
57
43
55
62
55
53
59
62
38_42_43_51_67_71
38_42_51
67
71
31
31_42_53_55_58_59_62_67_71
42_53
67
71
36_42_50_51_55_62
36_42_51
31
55
55
50
62
58
31_42_55_55
42
59
62
55
43
38_42_43_51_53_55_55_59_62_62_67
38_42_51_55
31
67
55
62
53
55
62
59
31_42_43_55
42
43
55
36_42_43_50_51_55_55_59_62_62_67
36_42_51
67
31
59
62
55
55_62
38_42_55_55_59_62_62_67
42
43
67
55_55
59
62
62
31_38_42_50_51
38_42_51
38
43_50
31
50
31_42_43_50_53_67
42
67
31
31_36_42_50_51_55_62
36_42_51
62
55
42_67
42
67
31
31_38_42_51_55_59_62_62_67
50
38_42_51
53
50
43
62
55
67
59
42_43_48_52_67
42
62
31
67
31_36_42_51_55_59_62_62_65
36_42_51
62
59
65
62
31
55
31_42_59_62_65_67
42
48
67
52
38_42_43_47_50_50_51_67
38_42_51
31
59
43
50
67
65
62
31_42_59
43
47
42
50
59
31
36_38_41_42_50_50_51_57_57_62
36_42_51
62
40_42_62_66
42
41
57
50
50
57
62
66
40
38
38_38_42_50_57_62_69
38_42
62
50
38
38_42_50_50_57
42
57
69
38
33_36_42_50_57_62_62_66_69
36_42
57
50
62
69
33
66
33_42_48_50_57_62_69
42_48
62
57
50
62
69
33
36_38_42_45_48_50_57_64_69
38_42_45
50
50
57
36
64
50
69
48_57
33_38_42_50_62_62_69_81
38_42
81
62
62
38
69
33_38
50
31_36_42_43_43_43_49_50_50_50_55_55_59_81
36_42_49
42
42
55
55
50
81
38_42_51_55_55_55_62_81
38_42_50_51
43
59
43
31
43
55
50
62
31_42_55_62
55
42
55
62
31
55
50
81
50
31_36_42_43_50_51_55_62_79
36_42_51
50
43
31
62
55
31_42_43_50_50
42
50
62
79
38_42_51_55_55_62_62_67_77
38_42_51
43
50
62
55_62_67
31
77
31_42_43_50_55_62_67_79
42
62
55
55_79
31_62
67
31_36_42_51_55_62_67_67_81
36_42_51
67
31_67
55
62
31_42_55_62_67_67
42
67
55_62
50
43
55
62
67
38_42_43_50_51_67_79
55
62
38_42_51
81
31
50
43
67
79
31_42_55_55_62_62_67_77
42
62
55
36_42_51_67
36_42_51
31
67
77
31_42_43_50_55_62_79
42
55
67
62
62
55
43
38_42_43_51_55_55_59_62_67
50
38_42_51
31
55
62
59
67
55_79
38_38_42_43_50_55_62_67_74_77
38_42
55
62
74
67
50
77
38
38
31_36_42_43_50_51_55_59_62_67_67_74_77
36_42_51
38
74
77
42_74_77
42
62
59
55
67
67
31
74
77
31_38_42_51_55_55_59_62_62_65_67_67_74_77
38_42_51
43
50
65
67
67
62
55
59_62
42_43_50
42
55
43
50
74
77
31
36_42_43_43_50_51_55_55_59_62_62_62_65_67_72_76
36_42_51
67
55
62
62
65
72
59
55
76
62
31_42_48_55_62_65_67_74_77
42_48
43
43
50
74
77
67
31
38_41_42_43_45_50_51_55_59_59_62_72_76
38_42_45_51
55
62
65
59
72
76
55
59
62
38_38_42_48_55_62_65_74_77
41
38_42_48
43
50
62
55
38
65
38
74
77
38
33_36_42_45_45_45_49_52_52_52_57_57_73
36_42_49
42
42
57
73
45_52
38_42_45_52_54_57_71
38_42
33
52
54
45
57
71
52
45
33_42_69
42
33
69
33_36_42_45_45_52_52_57_73
36_42
57
52
45
45
52
42_45_45_52_52_57
42
73
45
52
38_42_54_71
38_42
45
52_57
71
33
54
45
33_42_50_57_74
42
74
57
33_52
36_38_42_50_57_69
36_42
57
50
42_50_57_62_74
42
62
50
57
74
50
38_42_59_71
57
38_42
38
71
59
38_42_50_57_62_69
42
38
69
36_38_42_50_57_74
36_42
57
50
62
57
50
38
33_42_50_50_57_57
42
57
50
74
33
57
35_38_42_59_62_71
38_42
50
62
71
42_69
42
59
69
35
33_36_42_45_45_52_52_57_73
36_42
42
73
42
57
38_42_57_64_71
38_42
33
52
45
52
45
71
33_42_45_45_52_52_69
42
64
57
33
69
52
45
33_36_42_57_64_73
36_42
64
73
57
52
45
42_45_45_52_52_57_64_73
42
64
45
69
52
57
73
38_42_71
45
38_42
52
71
42_50_57_74
42
33
36_38_42_50_57_62
36_42
57
50
62
42_50_57_62_77
42
74
57
50
62
38_42_50_57
38
38_42
77
57
50
50
57
38_42_50_57_62_76
42
38
76
57
36_38_42_59_74
50
36_42
42_50_50_57_57
62
42
59
74
57
38_42_50_62_71
38_42
62
71
57
50
42_74
42
38
74
33_36_42_45_45_50_52_52_57_73_81
36_42
50
42
42
57
52
45
73
38_42_45_52_57_71
38_42
33
52
45
57
71
52
45
33_42_45_52_69
42
33
52
69
45
33_36_42_45_45_52_57_73
36_42
45
52
57
45
42_45_45_52_52_57
42
57
52
45
38_42_71_73
38_42
45
52
71
42_50_50_57_57_74
42
33
74
57
50
57
50
36_38_42
36_42
42_50_50_57_57_74
42
74
38_42_59_62_71
38_42
57
50
38
50
57
71
59_62
38_42_50_57_69
42
38
57
50
69
36_38_42_50_57_74
36_42
57
50
81
33_42_50_50_57_57_76
38
42
50
76
57
74
33_57
38_38_42_59_62_71_74
38_42
50
74
62
71
33_42_69
42
59
38
69
33
36_40_40_40_42_47_52_52_52_59_76
36_42
76
42_76
42
59
52
76
52
38_42_52_59_64_76
38_42
40
76
40
52
64
59
52
40_42_52_52_76
42
40
47
52
52
76
35_36_40_42_47_52_52_59_78
36_42
40
47
40
52
59
40_42_47_64
42
52
35
78
38_40_42_52_76
38_42
40_64
47
76
52
38_42_52_64_76
38_42
52
64
33_36_42_45_45_45_52_52_52_57_64
40
36_42
52
52
45_64
57
45_45
52
33
33_42_45_45_45_48_52_52_52_57_64
42_48
52
45
52
64
45
57
38_42_45_45_45_52_52_57_57_57_61_64_64_69
38_42_45
45
52
76
52
45
52
61
64
64_69
45
57
57
33
33_41_42_45_45_45_52_52_52_57_57_61_64_64_69
41_42
57
64
52
52
57
69
45
45
64
57
61
36_42_45_45_48_52_52_57_64_69
36_42_48
33
57
64
69
45
52
33_38_42_45_52_57_57_57_61_64_69
45
52
38_42
45_52
33
38
69
57
38
45
52
61
57
64
33_38_42_45_45_52_52_57_59_71
38_42
71
33
52
45
52
45
33_38_42_57_57_64_69_69
59
38_42
57_57
64
69
38_69
38
33
36_38_42_49_50_50_50_50_57_57_57_57_62_62_62_62_74
36_42_49
42_76
42
57
62
74
62
50
50
57
38
38_42_51_57_62_62_66_74
57
38_42_51
62
57
50
50_57
76
38_42_57_62_74
42
74
62
57
62
50
74
50
66
38
62
33_36_42_50_50_51_57_57_57_74_76
36_42_51
33
50
57
57
50
57
74
33_42_50_50_57_62_62_77
42
62
77
62
50
62
35_38_42_50_51_57_57_62
33
50
57
38_42_51
62
57
50
57
33_42_50_50_57_57_57_62_62_62_71
35
42
71
62
57
33
76
36_38_42_50_51_69_74
36_42_51
50
74
50
57_62
42_50_57_57_62_74
42
57
50_62
57
57
74
38_38_42_50_50_51_57_57_62_62_69_71_74
38_42_51
50
74
71
62
50
57
69
62
50
38_42_57_57_62_74
42
57
62
57
57
33_36_42_50_50_51_57_57_62_62_69
38
36_42_51
69
62
57
50
57
62
50
74
42_50_57_57_57_62_62_69
42
62
69
62
57
38_42_50_51_52_62
38_42_51
57
33
62
57
50
50
62
69
33_42_50_50_57_57_62_62_62_66_69_74
42
52
74
57
66
50_62
62
69
57
62
50
36_38_42_50_50_50_51_57_62_62_69_74
33
36_42_51
50
42_50_69
42
74
50
50_62
50
57
69
38_42_50_50_51_57_57_57_62_62_66_69_74_74
38_42_51
38
66
62
74
57
50
69
50
62
57
57
38_42_50_62
42
74
62
50
38
33_36_42_50_50_51_57_57_57_62_62_66_69_74_78
36_42_51
57
66
33
78
62
69
62
57
33_42_57_57_62_62_66_69_69
42
57
50
74
69
62
50
38_38_42_51_71
66
33
38_42_51
57
69
57
62
35_42_57_57_62_62_69_69
71
38
42
69
62
69
57
69
62
35
62
57
33_36_42_45_45_45_51_52_52_52_57_73
36_42_51
73
52
45
42_57_57_61_64_72
42
45_52
57
52
64
61
45_57
72
52
45
38_42_51_54_57_61_64_71
45
52
38_42_51
33
71
64
54_61
57
33_42_45_52_59_64_69_73
42
73
33
57
33_36_42_45_45_51_52_52_57_61_64_73
36_42_51
57
73
64
64
61
52_57
59
57
45
52
45
69
42_45_52_57_57_57_59_61_64_64_73
42
73
52
57
59
61
64
64
57
45_57
38_42_45_51_52_54_57_61_64
52
38_42_51
33
45
52
57
45
61
54
33_38_42_45_52_52_57_57_61_64_69
38_42
64
33
61
64
57
69
52
52
33_36_42_45_45_49_52_57_57_61_64_69_73_76
36_42_49
45
57
42
42
73
64
61
57
38_42_45_51_52_57_57_61_61_64_64_73
38_42_51
52
45
57
33
61
64
52_57
45
61
64
33_42_45_52_52_71
73
57
42
45
45
52
71
52
33
36_40_42_45_51_52_57_59_62_64_64_73
69
36_42_51
57
64
59
64_73
52
45
62
42_45_52_57_57_61_61_64_64_64_76
42
61
64
76
57
61_64
64
57
38_42_45_45_51_52_52_57
40_52
45
38_42_51
45
57
52
52
45
76
40_42_45_45_52_52_57_57_61_61_64_64_64_69_69
42
61
64
57
69
33_36_42_45_51_52_73_73
40
36_42_51
52
52
45
52
73
73
42_52_57_69_71
42
61
64_71
57
57
45_52
69
45
52
45
38_42_51_52_57_59_64_64_73
64
38_42_51
52
33
57
73
64
33_42_45_45_52_52_71
52
59
42
45
52
71
52
45
36_42_45_45_51_52_52_57_57_59_64_64_73
45
36_42_51
33
57
73
64
64
59
52
40_42_48_57_61_64_64_64_76
45
42
57
64
52_64
64
76
61
57
48
33_38_42_45_47_51_52_52_69
45
38_42_51
40
52
52
45
69
33
42_45_45_45_52_57_57_64
47
42
57
64
45
33_36_42_45_51_52_69_76
36_42_51
64
52
45
76
57
42_45_52_57_74
42
45
52
74
52
45
57
38_42_45_51_52_52_57_61_64_76
38_42_51
45
33
52
45
52
61
76
64
33_42_45_52_57_64_74
57
42
74
64
57
36_40_42_45_51_52_52_57_61_64_64_76
33
36_42_51
69
52
52
45
61
64
57
45
42_57_57_61_64_64
42
76
64
40
33_38_42_45_45_51_52_69_76
38_42_51
52
57
57
69
76
64
45
69
52
45
61
42_52_57_57_76
42
64
76
52
57
57
33
36_38_42_50_50_50_51_62_62_69_74_74_77
36_42_51
77
50
50_62
38
50
38_42_50_50_62_62_77
42
77
62
74
50
50
50
36_38_42_48_60_62_62_72_77
38
38_42
62
50
72
36
60
48_77
62
62
36_42_48_50_60_77
42
50
60
48
77
36
35_36_42_50_59_62_62_69_71_76
62
36_42
74
62_69
35
59
69
50
62
76
35_42_48_50_57_59_62_69_69_72_74
42_48
50
62
69
74
71
35
33_38_42_45_50_57_62_62_69_69_74
59
69
38_42_45
57
62
72
57
33_69
62
74
69
33_38_42_50_55_57_62_69_69_71
38_42
50
50
62
69
38
71
55
38
57
69
33
36_38_42_49_50_50_50_57_62_62_66_69_74
36_42_49
42_62
42
62_66
74
69
50
50
38_42_50_51_57_62_62_66_66_69_69_74
38_62
38_42_51
66
62
50
69
66
62
69
38_42_50_62
57
42
74
50
62
38
33_36_42_50_51_57_62_62_66_69_74_74
36_42_51
66
62
33
69
50
57_62
74
74
33_42_50_57_62_62_66_69_76
42
69
57
62
50
50
50
57
66
76
50
62
33
35_38_42_51_62_66_69
38_42_51
66
62
69
33_35_42_50_50_57_57_62_62_66_66_69_74
42
66
62
69
74
36_38_42_50_51_57_81
33
36_42_51
81
50
57
42_62_66_81
62
42_66
66
62
81
38_42_50_51_57_62_66_81
38_42_51
38
57
50
50
57
66
62
38_42_50_57_62_66
42
81
66
62
50_57
50_57
50
57
57
50
36_36_42_50_51_57_60_62_66_66_77
38
36_42_51
66
66
36_62
62
60
77
50
57
33_42_50_57_60_66_69_76
42
50
57
62
76
69
38_42_50_50_51_57_57_57_62_66_74_74
38_42_51
62
60
66
50
33
66
57
62
57
50
74
33_42_50_50_57_57_62_62_66_69
42
57
50
57
33
36_38_42_50_50_51_57_57_62_62_66_74
36_42_51
74
66
50_57
62
42_74
42
62
66
74
69
62
38_42_50_51_57_62_62_62_66_66_74
38_42_51
38
57
57
66
74
50_62
57
50
50
38_42_50_50_57_57_62_74
42
66
62
62
62
74
50
50
57
57
33_36_42_50_51_57_62_62_66_79
36_42_51
38
62
79
57
50
66
62
33
40_42_50_50_57_57_62_66_79
42
79
57
57
50
74
38_42_51_62_66_79
38_42_51
50
62
66
79
62
40
66
42_42_62_62_62_79
42
62
62
62
62
42
36_42_43_43_43_43_50_50_51_55
36_42_51
50
43
43
50_79
42_43_50_55_55_59_59_62_76_79
42
59
55
43_50
79
62
59
55
76
50
43
38_42_55_59_62_74_76
38_42
43
76
43
50
42_43_43_43_50_50_55_59_62_74
59
42
55
62
74
74
36_38_42_55_59_62
43
36_42
50_59
43
55
62
38
50
43
38_42_48_50_50_55_59_62
42_48
59
55
62
43
38_50
50
38_42_43_45_48_57_62_71_74
38_42_45
55
62
59
74
71
48
43
57
38_38_42_43_55_55_59_62_74
38_42
59
55
62
74
62
55
38_55
38
38
43
36_42_45_45_45_45_51_52_52_52_57_57_57_61_61_64_69_73
36_42_51
42
42
57
64
61
57
38_42_45_51_57_57_73
38_42_51
45
52
57
52
57
73
45
42_45_52_57
42
57
52
52
52
36_40_42_51_57_57_64_73
45
36_42_51
57
40
73
64
57
40_42_45_52_57_61_76
42
45
69
52
38_42_43_45_51_52_57_61_64
40
73
38_42_51
57
61
61
57
57
64
52
45
76
40_42_45_52_57_57_69
43
42
52
45
52
69
57
40
36_42_45_45_45_51_52_52_52_73_73_76
36_42_51
73
57
42
42
38_42_51_57_57_61_61_64_69_73
38_42_51
45
45
45_52
52
69
61
52
73
57
45
73
76
64
61
57
42_45_45_45_52_52_61_69
42
52
45
69
52
61
45
36_40_42_45_51_52_55_61_64_73
45
36_42_51
40
52_64
45
61
55
73
61
40_42_45_52_55_61_61_64_69_76
42
61
69
55
61
64
38_42_45_45_51_52_52_57_76_81
38_42_51
45
52
40
52_52
45
45
57
40_42_45_52_57_61_61_64_69
42
76
45
52
69
61
40
36_42_45_45_45_45_51_52_52_52_69_81
36_42_51
81
57
45
52_61
64
42_81
42
81
52
52
45
52
38_42_57_61_61_64_69_81
38_42
45
81
69
61
64
61
57
42_45_45_45_52_52_81
42
45
81
76
52_52_81
45
36_40_42_57_61_61_64_69_77
45
36_42
64
61
57_61
69
40
77
45
40_42_48_52_57_57_61_61_64_69_76
42_48
57
76
61
40
69
38_42_45_45_45_45_48_52_52_52_74
38_42_45
64
61
57
52
45
45
52
74
48
52
45
38_42_45_57_57_61_61_64_69
38_42
61
61
69
57_69
64
57
38
38
45
36_38_42_50_51_57_62_66_69_74
36_42_51
66
69
62
42_62_69
42
62
69
38_42_51_62_69_74_74
38_42_51
38
74
69
62
38_42_48_50_69
42_48
74
69
45
50
45
38
33_36_42_48_51_62_74_74_81
36_42_48_51
74
81
33_62
74
33_42_62_62_69_72_74_81
57
42
50
62
74
81
50
69
33
50
72
35_38_42_48_50_51_57_62_69_71_71
38_42_48_51
62
69
62
71
71
35
33_41_42_50_62_69_69_74_81
41_42
57
50
74
74
81
50
62
69
69
33
33_36_42_45_45_45_49_52_52_52_57_69
36_42_49
69
45_52
57
52
45
33
36_42
52
36_42
45
38_42_48_51_73
38_42_48_51
73
36_42_45
36_42_45
42_51_73
42_51
73
36_42_76
36_42
38_41_42_51
38_41_42_51
76
36_42_69
36_42
69
33_36_42_45_45_45_49_51_52_52_52_57_57_57_73
36_42_49_51
73
45
57
52
57
52
52
36_42
45
33
57
36_42_45
38_42_48_51_73
38_42_48_51
73
36_42_45
36_42_45
36_42_51_73
36_42_51
73
36_42_76
36_42
38_41_42_51
38_41_42_51
36_42
36_42
76
33_36_42_45_45_45_52_52_57_81
36_42
81
52
45_57
38_42_45_57_81
38_42
33
81
45
45
35_36_42_48_81
45
36_42_48
81
38_42_81
38_42
81
35
36_36_42_77
36_42
52
45
45
77
38_42_45_48_57_76
57
38_42_48
57
41
41
76
36
45
37_42_45_45_52_57_74
42_45
96
52
95
45
38
93
38
96
91_95
57
74
89_93
88
91
36_38_42_45
36_38_42
89
37_86
84
88
83_86
45
38
81
84
38
79
83
77
81
79
76
77
36_38_42_49_50_57_67_73_74_76_77
72
76
74
36_42_49_69
62
50
57
74
57
50
69
62
77
73
42_74_78
42
50
57
74
78
38_42_51_69_73_77
62
38_42_51
38
57
50
62
62
69
57
50
77
73
62
38_42_50_57_74_78
42
62
69
57
50
57_69
50
62
57
50
50
57
50
33_36_42_51_73_77
38_62_74
36_42_51
57
78
62
62
62
77
73
42_50_78
57
42_62_76
57
50
67
62
33
72
62
36_38_42_50_51_57
38_42_51
57
50
76
62
50
57
50
57
36
33_42
50
72
62
42
57
74
76
78
57
50
62
33
62
66
50
36_38_42_51_57_60_74
69
36_42_51
50
67
62
57_72
57
69
62
50
66
62
57
50
38
60
36_38_42_48_59_72
74
69
62
38_42_48_66
60
57
72
50
67
50
57_66
69
62
60
36
59
72
62
33_38_42_45_51_55_69_72
38_42_45_51
62
66
69
57
50
66
50
62
69
57
62
69
33
36_38_49_62_72
55
57
36_49_50
62
62
69
66
50
57
38
46
46
62
50
51
57
51
46
38
46
57
50
51
50
50_51
57
62
57
38
46
46_62
62
62
50
57
66
51
50
51
62
50
57
46
57
46
69
50
57
50
57
51
62
51
57_62
50
50
62
46
46
50
50
62
62
62
50
50
46
51
62
46
36_62
51
49
36
50
49_67
57
62
50
62
50
57
50
57
51
62
51
62
50
46
62
50
46
67
57
57
51
62
51
50
62
67
46
46
57_72
62
50
51
65_69
62
51
67
50
46
57
46
65
49
50
36
49
36
67
51
57
51
62
57
50
46
46
62
50
62
51
57_67
51
65
46
36
57
46
49_50
36
49
62
51
51
50
62
57
46
62
46
50
65
51
49_51
36_65
49
36
57
50
50
62
51
57
51
62
62
46
65
46_50
57
50
51
51
57
62
51
62
51
50
46
46
62
51
51
50
62
69
62
38
38
38
38
36
36
