66
38
62
66
38_66
62
79
77
66
78
38
66
62
66
66
38
62
79
66
78
38
66
62
66
38
66
62
79
66
78
66
38
62
66
66
38
62
79
62
66
78
62_66_69
66
38
54
54
62
66
54
69
62_66
54
38
66
50
62
54
66
54
53_62_65
77
71
31
65
66
59
65
65
77
71
62
31
65
59
79
65
69
62
66
78
38
66
54
62
54
66
54
54
62
66
69
38
66
50
62
54
78
66
54
77
53
65_71
62
65
31
59
65
65
62_71
65
31
59
65
69
62
81
66
38
66
57
57
66
57
57
69
81
62
66
38
66
66
66
71
80
64_68
62
56
40
68
56
56
64
68
52
71
80
62
68
64
56
68
40
64
68
79
69
55
67
33
64
67
55
69_71
55
61
55
67
55
67_69
64
33
67
55
79
54
61
67
52
78
69
62
66
50
66
38
62
76
66
74
69
62
66
38_66
62
66
79
69
67
78
66_69
62
66
38
54
62
54
66
54
62_69
54
66
66
38
62
45
54
66
78
54
77
62
71
53
65
31
65
59
65
62_65
71
31
65
59
79
65
78
62
69
66
66
38
54
62
54
66
54
69
62
54
66
66
38
62
45
54
78
66
54
77
62
71
65
53
65
31
59
65
62
65
71
31
65
59
65
79
79
62_69
78
66
38
69
57
57_66
69
57
69
62_66
57
38
69
66
69
40
64
56
68
67
80
56
56
64
71
68
52
71
64
68
56
68
40
64
80
68
79
69
64_67
67
33
55
55
61
67
55
69
55_64_67
33
67
55
61
54
79
67
35
52
69
62
50
66
37
78
66
38
66
76
64
74
62
38
62
67
71
38
67
62
71
59
59
59
31
71
62
59
59
59
67_71
59
64
57
33
66_69
69
73
57
65
57
63
64
52
63
57
69
64_73
33
64_65
69
72
35
67
72
64
67_72
36
60
79
83_86
60
60
64_67
72
60
72
67
36
74
60
60
72
60
67
59
71
62
31
68_71
74
67
67
71
38
67
62_71
71
43
43
45
43
40
74
71
67
71
62_67
67_71
31
59
67
71_74
59
67_71_74
59
71_74
67
59
74
71
67_71
31
59
67_71_74
59
59
64_69
73
73_76
69
57
32_67
33
57
66
57
69
52
76
57
73
69_73
67_69
64
66
33
69
65
64
33
69
35
79
76
72
72
67
60
72
35_36
67
69
60
60
67
72
64
60
72
64
60
67
72
64_67
36
72
67
60
72
64
67
31
38
36
35
59
60
33
59
62_62
65
71
67
31
67
64
67
71
38
71
43
38
31
38
43
64
38
31
64_67
71
67
71
64
67_71
33
31
28
74
67
74
70
33
69
64
67
73
69
68
73
76
76
35
69
37
69
78
62
66
38
64
54
54
66
54
69
62
54
66
66
38
62
43
45
78
54
66
54
77
65
62
53
71
65
31
59
65
65
71
62
31
65
77
59
81
65
79
36
38
78
66_67
38
66
62
66
54
69
62
54
66
54
62
54
69
66
38
78
66
45
38
62
54
78
66
54
62_65
77
71
53
31
65
59
65
65
62
71
77
31
65
59
79
65
62_69
78
66
69
36
38
57
66
57
69
57
69
66
62
69
57
38
57
66
57
81
69
57
80
56
64
68
38
71
40
68
56
64
56
68
52
71
56
64
62
68
68
40
64
80
68
79
55
67
33
61
64
55
68
61
55
67
69
67
55
55
67
61_64
67
33
55
81
66
57
35
79
64
37
55
69
78
62_66
62
54
38
66
62
76
74
66
38
62_66
62_66_69
79
67_67_71
62
38
71
59
31
59
59
62
71
59
31
59
31
59
31
59
32
69
73
64
57
69
33
64
64
57
62
57
52
69
73
57_64
33
35
72
67
72
67
62
36
60
64
62
60
60
60
67
43
72
64
60
36
60
67
64
84_88_91
36
40
84_88_91
59
36
60
59_62
67
71
31
65
67
71
72
79_83_86
71
83_86_88
79
79_83_86
38
71
43_67
41_62
83
79_86
38
31
79_83_86
86
83
71
62_67
79
31
71
67
86
79_83
31
67
62_71
86
79_83
31
67_71
59
59
59
67
62
71
31
59
59
59
83_86
79
31
79_83_86
86
83
79
59
32
86
83
79
64
81_85_88
57
33
35
71
69
69
57
57
73
64
52
81
57
85
73
64
88
64_69
81
85
33
88
81
85
88
81_85
40
88
85
81
88
45
81
40
33
72
84_88
57
67_72
55
67_72
91
60
38
36
64
84
91
88
84
91
88
60
91
84
60
91
84
91
84
91
84_88
60
91
84
88
43
60
91
67
88
84
64_72
91
48
88
84
91
88
84
91
60
88
84
88
91
36
84_88
91
48
84
91
43
88
84
59
91
84
36
60
59
62
79
71
65
86
84
67_71_83
79
83
86
83
79
31
86
83
79
67
86
79_83
86
83
79
83
86
83
79
86
79
86
79
86
71
31
79
86
83
79
86
79
86
79
83
79
86
64_67_71
76
64_67_71
79
83
28
79
76
83
79
76
79_81_83
79
76
83
76
83
79
76
84
83
76_79
83
79
76
33
69
64
69
61
73_76
68
69
73
76
72
74
73
69
74
68
76
73
69_73
35
76
73
69
73_76
69
73_76
37
76
69_73
73
76
75
62
66
38
71
78
66
69
62
66
69
66
62
78
66
38
78
62
78
66
77
65
71
62
65
31
77
59
77
65
77
62_65
65_77
31
71
77
77
59
79
65
78
69
62
66
36
66
38
78
78
78
62
78
66
78
78
69
62
66
78
38
66
78
78
62
78
66
78
78
62_65_71
77
31
65
77
77
59
77
65
77
77
65
62
71
77
31
65
77
77
59
77
65
77
77
69
62
66
79
36
66
38
78
78
69
66
78
69
78
78
69
62_66_69
81
38
81
81
66
81
81
69
81
38
71
64_68_68
40
80
80
64
80
68
80
80
64
71
68
68
80
40
80
80
64
40
80
38
68
80
36
80
35
79
33
67
61
64
79
67
79
61
79
67
79
79
61
64
67
79
33
67
79
79
61
33
79
35
81
67
37
79
69
62
78
66
66
38
78
66
62
69
78
64
76
74
62
33
74
38
78
69
62_66
78
38
78
38
79
69
62
66
81
38_69
67
81
81
66
81
81
69
81
69
81
62
66
38
69
81
81
66
81
81
69
81
64_71
68
79
68
40
80
80
64
80
68
80
80
71
45
64
62
80
68
68
50
52
80
45
40
80
64
80
80
68
80
61
64
67
31_79
67
33
79
53_79
61
79
79
67
79
61
64
79
67
33
67
79
79
61
64
61
79
35
79
67
37
79
69
62
66
81
38
66
81
81
69
62_66
81
66
81
79
64
33
78
62
62
66
38
78
79
81
62
66_69
62
66
38
69
33
62_66_69
26
62
66
69
