50
50
50
50
50
50
50
50
36_48_50
50
50
50
50
50
50
50
33_45_50_54_60
50
50
50
50
50
50
50
50
34_46_50
50
50
50
50
50
50
50
31_43_50_55_58
39_51_55_58
60
34_46_53_58_62
31_43_55_58_62
64
38_54
45_57
50_62
66
62
31_43_71
71
71
71
71
71
71
71
50_55_59_71
71
71
71
69
69
69
69
50_55_59_67
67
67
67
62
62
62
62
31_43_64
64
64
64
64
64
64
64
49_55_58_64
64
64
64
64
64
64
64
49_55_58_66
66
66
66
67
67
67
67
31_43_69
69
69
69
69
69
69
69
50_54_60_69
69
69
69
71
71
71
71
50_54_60_72
72
72
72
76
76
76
76
31_43_76
76
76
76
76
76
76
76
50_55_59_76
76
76
76
74
74
74
74
50_55_59_72
72
72
72
71
71
71
71
40_52_79
79
79
79
79
79
79
79
55_59_64_79
79
79
79
79
79
79
79
55_59_64_81
81
81
81
83
83
83
83
33_45_86
86
86
86
86
86
86
86
52_57_60_86
86
86
86
84
84
84
84
51_55_57_60_79
79
79
79
81
81
81
81
38_50_84
84
84
84
84
84
84
84
50_55_59_84
84
84
84
83
83
83
83
50_54_60_83
83
83
83
81
81
81
81
43_79
79
79
79
76
76
76
76
50_55_59_74
74
74
74
71
71
71
71
50_55_59_67
67
67
67
69
69
69
69
31_43_71
71
71
71
71
71
71
71
50_55_59_71
71
71
71
69
69
69
69
50_55_59_67
67
67
67
62
62
62
62
31_43_64
64
64
64
64
64
64
64
49_55_58_64
64
64
64
64
64
64
64
49_55_58_66
66
66
66
67
67
67
67
31_43_69
69
69
69
69
69
69
69
50_54_60_69
69
69
69
71
71
71
71
50_54_60_72
72
72
72
76
76
76
76
31_43_76
76
76
76
76
76
76
76
50_55_59_76
76
76
76
74
74
74
74
50_55_59_72
72
72
72
71
71
71
71
40_52_79
79
79
79
79
79
79
79
55_59_64_79
79
79
79
79
79
79
79
55_59_64_81
81
81
81
83
83
83
83
33_45_86
86
86
86
86
86
86
86
52_57_60_86
86
86
86
84
84
84
84
51_55_57_60_79
79
79
79
81
81
81
81
38_50_84
84
84
84
84
84
84
84
50_55_59_84
84
84
84
83
83
83
83
50_54_60_83
83
83
83
81
81
81
81
43_79
79
79
79
76
76
76
76
50_55_59_74
74
74
74
71
71
71
71
50_55_59_67
67
67
67
69
69
69
69
43_79
79
79
79
83
83
83
83
50_55_59_88
88
88
88
86
86
86
86
52_55_59_95
38_50_74
78
81
78
74
69
66
62
57
50_54_57_72
50_54_57_78
50_54_57_76
38_50_74
78
81
78
74
69
66
62
57
50_54_57_74
50_53_56
50_53_57_73
71
37_49_69
76
81
76
73
69
64
61
57
49_52_57_69
49_52_57_64
49_52_57_66
33_45_67
76
81
76
73
69
64
61
57
49_52_57_67
49_52_57_66_69
67
67
49_52_57_71
69
38_50_66
78
81
78
74
69
66
62
57
50_54_57_69
50_54_57_71
50_54_57_73
35_47_74
83
86
83
78
74
71
66
62
54_59_62_74
54_59_62_76
54_59_62_78
40_52_79
88
91
88
83
79
76
71
67
55_59_64_79
55_59_64
55_58_64_74
76
33_45_73
88
93
88
85
81
76
73
69
57_61_67_76
57_61_67
57_61_67_71
73
38_62_74
50
39
50
40
50
41
50
42
50
43
50
44
50
45
50
46_62_74
50
45
50
46
50
43
50_62_74
38_62_74
50
39
50
40
50
41
50
42
50
43
50
44
50
45
50
46_62_74
50
45
50
46
50
43
50_62_74
41_65_77
53
42
53
43
53
44
53
45
53
46
53
47
53
48
53
49_65_70_73_77
53
48
53
49
53
46
53_65_70_73_77
41_65_69_72
53
42
53
43
53
44
53
45
53
46
53
47
53
48
53
49_65_70_73_77
53
48
53
49
53
46
53_65_70_73_77
42_66
54_78
42_66
54_78
42_66
54_78
42_66
54_78
42_66
54_78
42_66
54_78
42_66
54_78
42_66
54_78
42_66
54_78
42_66
54_78
42_66
54_78
42_66
54_78
37_61
49_73
37_61
49_73
37_61
49_73
37_61
49_73
37_61
49_73
37_61
49_73
37_61
49_73
37_61
49_73
39_63
51_75
39_63
51_75
39_63
51_75
39_63
51_75
41_65_77
53
41
53
41
53
41
53
41
53
41
53
41
53
41
53
41_67_70_77
53
41
53
41
53
41
53
41_68_71_77
53
41
53
41
53
41
53
41_69_72_77
53
41
53
41
53
41
53
41_72_75_77
53
41
53
41
53
41
53
46_74
74
74
74
74
74
74
74
53_58_62_74
74
74
74
72
72
72
72
53_58_62_70
70
70
70
65
65
65
65
34_46_67
67
67
67
67
67
67
67
52_58_61_67
67
67
67
67
67
67
67
52_58_61_69
69
69
69
70
70
70
70
34_46_72
72
72
72
72
72
72
72
53_57_63_72
72
72
72
74
74
74
74
53_57_63_75
75
75
75
79
79
79
79
34_46_79
79
79
79
79
79
79
79
53_58_62_79
79
79
79
77
77
77
77
53_58_62_75
75
75
75
74
74
74
74
31_43_82
82
82
82
82
82
82
82
50_55_58_82
82
82
82
82
82
82
82
50_55_58_74
74
74
74
76
76
76
76
33_45_78
78
78
78
78
78
78
78
54_57_62_78
78
78
78
78
78
78
78
54_57_62_83
83
83
83
81
81
81
81
33_45_81
81
81
81
76
76
76
76
57_61_67_75
75
75
75
76
76
76
76
57_61_67_79
79
79
79
78
78
78
78
38_50_74
78
81
78
74
69
66
62
57
50_54_57_74
50_54_57_73
50_54_57_71
38_50_73
76
81
76
73
69
64
61
57
50_55_57_61_76
50_55_57_61_71
50_55_57_61_73
38_50_74
78
81
78
74
69
66
62
57
50_54_57_66_78
50_54_57_71_83
50_54_57_69_81
38_50_69_81
76
81
76
73
69
64
61
57
50_55_57_64_76
50_55_58_67_79
50_55_58_61_73
38_62_74
50
39
50
40
50
41
50
42
50
43
50
44
50
45
50
46_62_74
50
45
50
46
50
43
50_62_74
38_62_74
50
39
50
40
50
41
50
42
50
43
50
44
50
45
50
46_62_74
50
45
50
46
50
43
50_62_74
38_62_74
50
38
50
38
50
38
50
38
50
38
50
38
50
38
50
38_64_67_73
50
38
50
38
50
38
50
38_66_69_72
50
38
50
38
50
38
50
38
50
38
50
38
50
38
50
38_60_66_69
50
38
50
38
50
38
50
43_71
71
71
71
71
71
71
71
50_55_59_71
71
71
71
69
69
69
69
50_55_59_67
67
67
67
62
62
62
62
31_43_64
64
64
64
64
64
64
64
49_55_58_64
64
64
64
64
64
64
64
49_55_58_66
66
66
66
67
67
67
67
31_43_69
69
69
69
69
69
69
69
50_54_60_69
69
69
69
71
71
71
71
50_54_60_72
72
72
72
76
76
76
76
31_43_76
76
76
76
76
76
76
76
50_55_59_76
76
76
76
74
74
74
74
50_55_59_72
72
72
72
71
71
71
71
40_52_79
79
79
79
79
79
79
79
55_59_64_79
79
79
79
79
79
79
79
55_59_64_81
81
81
81
83
83
83
83
33_45_86
86
86
86
86
86
86
86
52_57_60_86
86
86
86
84
84
84
84
51_55_57_60_79
79
79
79
81
81
81
81
38_50_84
84
84
84
84
84
84
84
50_55_59_84
84
84
84
83
83
83
83
50_54_60_83
83
83
83
81
81
81
81
31_43_79
83
86
83
79
74
71
67
62
50_55_59_62_67_71
50_55_59_67
71
76
50_55_59_67_71_74
31_43_74
81
86
81
78
74
69
66
62
50_57_60_62_66_69
50_57_60_66
69
76
50_57_60_66_69_74
31_43_74
83
86
83
79
74
71
67
62
50_55_59_62_67_71
50_55_59_62_67
50_55_59_62
31_43_61
64
67
70
73
76
79
81
52_55_58_82
79
76
73
70
67
64
61
54_57_60
59
60
59
60
60
64
62
31_43_59
62
62
62
62
50_55_59_69
69
69
69
67
67
67
67
50_55_59_72
72
72
72
71
71
71
71
31_43_76
76
76
76
74
74
74
74
50_55_59_81
81
81
81
79
79
79
79
50_55_59_83
83
83
83
86
86
86
86
43_91
50
59
36_43_48_64_67_72_76
31_38_43_67_71_74_79
31_38_43_67_71_74_79
