76
45_76
64
69
72
52
57
60_76
44_76
64
71
74
52
59
62_76
45_76
64
69
72
52
57
60_81
38_81
69
74
77
57
62
65_74
40_72
60
64
71
52
57
60_69
40_68
59
62
66
52
59
62_68
45_69
64
69
74
52
57
60_72
40_71
59
64
70
56
59
64_76
45_76
64
69
72
52
57
60_76
46_76
64
67
73
52
55
61_76
47_83
71
76
79
59
64
67_76
47_71
71
74
72
59
64
67_71
47_71
71
74
72
59
64
66_71
47_71
71
75
79
59
63
69_78
52_76
64
67
71
59
64
67
52_64
64
76
45_76
64
69
72
52
57
60_76
44_76
64
71
74
52
59
62_76
45_76
64
69
72
52
57
60_81
38_81
69
74
77
57
62
65_74
40_72
60
64
71
52
57
60_69
40_68
59
62
66
52
59
62_68
45_69
64
69
74
52
57
60_72
40_71
59
64
70
56
59
64_76
45_76
64
69
72
52
57
60_76
46_76
64
67
73
52
55
61_76
47_83
71
76
79
59
64
67_76
47_71
71
74
72
59
64
67_71
47_71
71
74
72
59
64
66_71
47_71
71
75
79
59
63
69_78
52_76
64
67
71
59
64
67
52_64
64
76
36_48_76
64
67
74
55
60
64_72
48_72
60
64
71
55
59
64_69
47_69
62
65
67
55
62
65_69
43_72
62
65
71
55
59
65_67
48_76
64
67
74
55
60
64_72
48_72
60
63
71
54
60
63_69
47_69
62
65
67
55
62
65_69
43_72
62
65
71
55
59
65_67
45_76
64
69
72
52
57
60_76
44_76
64
71
74
52
59
62_76
45_76
64
69
72
52
57
60_81
38_81
69
74
77
57
62
65_74
40_72
60
64
71
52
57
60_69
40_68
62
68
72
52
56
62_71
45_69
57
60
64
52
57
60
45_57
64_69_72
43_55_67_71_74
36_48_67_72_76
64
67
74
55
60
64_72
48_72
60
64
71
55
59
64_69
47_69
62
65
67
55
62
65_69
43_72
62
65
71
55
59
65_67
48_76
64
67
74
55
60
64_72
48_72
60
63
71
54
60
63_69
47_69
62
65
67
55
62
65_69
43_72
62
65
71
55
59
65_67
48_76
64
67
72
52
60
64_76
47_76
64
68
74
55
59
65_76
45_76
64
69
72
52
57
60_81
38_81
69
74
77
57
62
65_74
40_72
60
64
71
52
57
60_69
40_68
62
68
72
52
56
62_71
45_69
57
60
64
52
57
60_69
45_69
57
62
65
53
57
62_69
45_69
57
60
64
52
57
60_72
74
45_76
62
68
71_71
52
56
62_72
45_69
57
60
64
52
57
60_69
45_69
57
62
65
53
57
62_69
45_69
57
60
64
52
57
60_72
74
45_76
62
68
71_71
52
56
62_72
45_69
57
60
64
52
57
60_69
45_69
57
60
64
52
57
60_69
45_69
57
60
64
52
57
60_69
45_69
57
60
64
52_69
57_72
60_69_76
81
84
88
33_45_93
