76
77
76
76
65_69
65_69_74
65_69
65_69
74
77
76
74
74
64_69
64_69_72
64_69
76
75
76
52_56_59_62_86
84
83
81
80
77
76
74
72
71
70
71
76
74
57_72
69
72
65_74
76
74
64_72
74
72
62_71
72
74
60_76
72
69
65_74
76
74
64_72
74
72
62_71
72
74
60_76
72
69
62_77
74
69
64_76
72
69
65_75
72
69
64_76
69
71
72
71
69
52_56_62_76
71
72
74
72
71
57_60_72
69
72
65_74
76
74
64_72
74
72
62_71
72
74
60_76
72
69
65_74
76
74
64_72
74
72
62_71
72
74
60_76
72
69
61_79
76
69
62_77
74
69
63_81
78
72
64_81
76
72
76
75
76
81
80
81
84
83
84
52_88
57
60
52_64
57
60
52_72
56
62
52_71
56
62
57_60_69
57_62_65_77
76
74
74
72
71
57_62_65_71
69
68
57_60_64_69
57_62_65_77
76
74
74
72
71
57_62_65_71
69
68
57_60_64_69
72
71
69
72
76
45_81
60_79
64
67
60_76
64
67
60_84
64
67
60_81
64
67
60_79
64
67
60_88
64
67
60_84
64
67
60_79
64
67
59_79
62
67
59_77
62
67
60_77
64
67
60_76
64
67
55_74
59
62
55_79
59
62
55_77
59
62
55_74
59
62
60_79
64
67
60_76
64
67
60_84
64
67
60_81
64
67
60_79
64
67
60_91
64
67
60_88
64
67
60_84
64
67
60_83
65
68
60_80
65
68
60_77
65
68
60_74
65
68
60_72
64
67
60_76
64
67
59_76
64
68
59_74
64
68
57_72
69
72
65_74
76
74
64_72
74
72
62_71
72
74
60_76
72
69
65_74
76
74
64_72
74
72
62_71
72
74
60_76
72
69
62_77
74
69
64_76
72
69
65_75
72
69
64_76
69
71
72
71
69
52_56_62_76
71
72
74
72
71
57_60_72
69
72
65_74
76
74
64_72
74
72
62_71
72
74
60_76
72
69
65_74
76
74
64_72
74
72
62_71
72
74
60_76
72
69
61_79
76
69
62_77
74
69
63_81
78
72
64_81
76
72
76
75
76
81
80
81
84
83
84
52_88
57
60
52_64
57
60
52_72
56
62
52_71
56
62
57_60_69
57_62_65_77
76
74
74
72
71
57_62_65_71
69
68
57_60_64_69
57_62_65_77
76
74
74
72
71
57_62_65_71
69
68
57_60_64_69
72
71
69
72
76
81
62_65
60_64_81
84
83
81
84
88
93
59_62
57_60_69
72
71
69
72
76
81
62_65
60_64_81
84
83
81
84
88
93
59_62
57_60_69
57_64_72_81
45_52_60_69
