75
64
71
64
75
80
71
80
68
76
87
68
76
87
90
90
83
76
87
83
76
87
80
80
73
69
76
73
80
69_76
85
80
88
85
88
71_75
64
64
71
75
80
87
68_80
76
68
76
87
90
90
83
87
76
83
76
87
80
80
73
76
69
76
69
80
73
85
80
85_88
71
64
75_88
64
71
80
75
76
68
87
80
68
76
87
90
90
71_80
76
71
76
80
87
92
83
76
87
76
83
92
95
95
76
69
80
69_76_80
85
92
85
73
81
73
81
92
97
97
92
88
81
88
81
92
85
85
62
78
66
62
66_78
84
72
88
72
84
92
88
69_92
80
76
69
76
80
85
73_92
81
85
73
81
92
97
92
97
88
81
88
81
92
85
85
62
66
78
62
66
78_84
72
88
72
84
92
88
92
69
76
80
69
76
80
85
81
73_92
85
81
73
92
97
97
72
66
78
72
66
78
84
88
84
62
69
69
62
88
92
92
58_68
74
80
74
68
80
84
88
58
84
85
55
65
88
65
81
85
81
77
77
71
71
52_55
62
68
62
68
74
52
78
74
82
78
49
59
79
82
59
74_79
49
74
71
71
65
65
46
56
62
46
56
62
68
68
68
58
72
72
76
68
76
58
72
72
68
68
49
59_67
65
71
67
65
74
49_59_71
79
74
79
46
56
62
46
56
62
68
68
68
58
72
72
76
76
68
58
72
72
68
68
67
59
49_65
59
65
71
67
49
74
71
79
74
79
46
56
62
62
68
68
68
58_72
46_56
72
76
76
58_68
72
72
68
68
68
58
62
62
68
62
62
60
60
62
62
58
64
64
66
56
60
68
66
70
68
60
72
70
72
64
58
54
56
74
64
74
76
78
54_58
76
80
78
80
83
79
79_83
71
53
63
57
73
71
63_75
57
73
75_77
53
77
79
79
81
83
81
83
85
85
87
56
40
47
75_87
40
47
56
80
75
80
87
71
64
71
64
87
90
90
63
75
68
87
68_75
63
87
80
80
73
57
64
64
57
80
73
85
80
85
88
88
75
68
52
59
52
59
75
80
68
80
64_71_87
71
64
87
90
75
63
90
68
87
75
63
68
87
80
80
73
57
64
64
80
57
73
85
80
85_88
88
68
75
59
52
52
59
68
75
80
71
87
80
64
71
64
87
90
90
75
80
68
68
75
80
87
71
92
83
76
87
71
83
76
95
92
95
73
80_88
80
88
73
83
83
85
80
76
85
80
76
71
71
66_81
66
81
76
76
78
73
73
78
64
64
69
69
76
76
73
88
80
80_88
73
83
83
85
80
76
85
80
76
71
71
66
81
73
79
73
79
66
81
76
76
78
73
69
73
78
69
64
64
69
69
76
76
73
88
80
80
88
73
83
83
85
80
76
85
80
76
71
71
66
81
73
73
66
81
76
76
78
73
69
78
73
69
64
64
63
57
66
63
66
68
68
63_73
69
73
78
78
69
63
68
57
68
73
73
75
78
63
66
75
66
63
78
85
85
49_56
49
73
80
73
80
56
92
68
85
61
85
61
92
68
73
80
73
80
61
68
61
87
87
92
92
97
97
68
104
73
80
104
73
80
97
97
92
92
85
85
74
69
74
78
78
80
69
80
74
85
81
74
81
85
90
90
85
85
81
80
74
81
80
85
74_85
80
80
85
85
78_90
90
97
78
97
90
97
90
97
68
61
68
73
80
73
80
61
85
73_92
68
68
73_92
85
73
80
80
73
73
80
74
76
76
74
81
86
81
80
73
78
93
86
71
78
71
93
86
81
86
81
74
74
68
61
68
80
85
80
85
61
68_73
97
93
68
73
93
97
85
80
80
85
80
85
81
86
81
93
86
85
98
93
80
83
78
83
98
93
78
86
93
81
86
81
73
80
80
85
92
85
92
73_80
85_104
97
80_85
104
97
85
92
85
92
85_92
86
93
86
98
93
92
90
105
98
83
85
90
83
98
105
93
98
93
86
86
85
80
81
81
86
93
86
98
93
83
85
78
80
83
78
93_98
95
95
86
93
86
81
81
80
73
74
74_81
86
81
93
86
78
71_80
73
71_78
86
93
81
86
81
74
74
68_69_73
74
69
81
74
68
86
81
71
73
66
71
66
81
86
74
81
74
69
69
37
44
37
44
68
73
68
80
73
80
71
71
68
73
68
80
73
80
68
68
68
73
68
73_80
80
66
66
68
73
68
80
73
80
68
68
68
73
68
80
73
80
71
71
68
73
68
73
80
80
68
68
68
73
68
73
80
80
66
66
68
73
68
73
80
80
61
61
61
61_68
68
73
73
59
80
64
80
64
59
73
73
61
61
56
64
61
64
56
61
68
68
73
73
54
64
80
64_80
73
73
54
56
64
61
64
56
61
68
68
73
73
64
80
59
80
73
64
59
73
68
68
61
61
56
64
61
64
56
61
68
68
73
73
54_64
80
64
80
54
73
73
68
68
61
61
49
49
49
49
56
56
61
61
56
56
56
56
61
61
68
68
61
61
61
61
68
73
68
73
68
68
68
73
68
80
73
80
73
73
73
80
73
85
80
85
73
73
73
80
73
80
73
73
73
80
73
85
80
85
73
73
73
80
73
85
80
85
73
73
73
73
80
80
85
85
73
73
73
80
73
80
85
85
73
73
73
80
73
80
85
85
73
73
73
73
80
80
85
85
59
59
61
61_64
66
64
66
71
69
78
76
69
76
71
78
73
83_85
85
73
83
71
71
87
75
75
87
71
71
78
78
73
85
83
73
85
83
71
69
69
71
90
78
90
78
71
78
87
75
71
75
87
78
85
73
83
85
83
78
73
78
69
71
69
71
80
68_69
71
80
68
71
69
78
83
78
83
68_80
83
81
81
80
83
78
68
78
69
71
69
71
66
78
78
69
66_71
78
69
71
59
78
61
73
83
81
81
83
78
73
78
61
75
63
69
71
75
63
78
69
71
59
78
61
83
73
81
81
73
61
83
78
78
78
66
69
71
78
69
66_71
78
63
75
75
83
78
83
63
83
61_73
81
73
78
83
61
81
78
71
69
69
71
56
68
71
69
68
78
69
71
56
83
78
83
56
68
83
81
78
83
68
81
56
78
69_71
69
71
54
66
69
71
54
66_69_71
78
83
81
78
81
83
47_73_78_85
47
49
73
85
52
49
52
57
57
87
75
78
80
59
87
75
59
61
64
61
64
69
69
73
85
78
59
80
73_78
85
61
64
61
64
69
69
90
78
76
83
59
76_78
83
90
69
87
75
80
69
80
75
87
64
64
61
85
73
61
78
59
85
73
78
59
61
64
61
64
69
69
68
80
73
59
68
73
59
80
61
64
61
64
69
80
69
68_73
59
68
61
59
80
64
61
64
78
66
59
71
71
66
73
61
59
78
64
61
69
64
69
56
76
69
64
64
69
76
57
56
61
57
64
61
66
78
54
64
66
78
54
57
61
76
64
69
57
64
69
76
61
64
64
61
73
52
66
52_54
61
66
57
54
73
61
57
61
64
64
61
61
57
57
54
54
76
49
69
64
64
76
69
52
49
54
52
57
54
66
78
61
66
78
57
57
61
54
76
64
57
69
52
69
64
76
54
52
47
73
61
66
47
49
52
71
59
61_64_66_73
49
59
64
71
54
52
54
57
73
61
54
61
73
57
54
49
49
45
76
64_69
64
45_49
76
69
52
49
52
54
66
54_73
78
57
73
66
78
54
57
54
52
49
52
76
44
64
49
69
69
64
76
49
44
49
52
52
54
73
61
66
57
54_66
61
73
54_57
54
52
49
52
49
42
71
59
64
42_45
49
45
49
52
52
54
59
54
52
64_71
49
52
45
49
40
73
61_66
45
40
45
48
45
48
52
52
54
54
52
66
61
49
52
73
49
45
45
39
73
61
67
39
67
51
61
51
73
53
53
55
55
75
70
63
70
61
63
75
61
55
55
51
51
43
64
76
71
50
43
64
71
76
50
53
53
57
57
81
69
65_81
69
65
59
59
57
52
57
52
61
39
73
46
67
39
61
67
73
46
51
51
75
70
53
75
53
70
55
73
67
55
67
61
73
61
70
55_63
75
55
51
70
63
51
75
43
71
64
76
50
64
43
71
76
50
53
53
57
57
59
59
81
74
69
65
74
69
65
81
59
57
59
57
51
51
51
85
73
79
58
79
51_58
73
63
63
85
65
65
67
67
82
75
87
73
82
75_87
73
67
67
63
63
55
62_88
76
83
76
83
55
88
62_65
65
69
69
71
71
86_93
81
77
81_86
93
77
71
71
69
69
85
97
91
91
85
97
73
73
94
99
77
99
94
77
97
91
81
81
91
97
85
87
99
94
85
87
94
99
95
95
67_74_88_100
88
67
100
74
77
77
81
81
83
98
93
105
83
89
98
88
93
105
89
88
83
83
81
77
81
77
79
75
86
63
70
70
75
63
79
91
86
87
87
91
79
86
79
91
87
86
87
91
94
79
86
94
79
91
87
86
91
87
79
86
79
91
87
86
87_91
79
86
79
91
87
86
91
87
79
86
79
87_91
86
87
91
79
86
79
86
87_91
91
86_87
79
79
87_91
86
87_91
75
79
82_86
75
82
79
91
86
87
91
79
86_87
79
87
91
86
87
91
79
86
94
94
91
79
87
86
91
87
79
86
79
87
91
86
87
91
79_86
79_91
87
86
91
79
87
86
79
87
91
86
91
87
79
86
91
87
79
86
91
87
79
86
87
79
91
86
87
75
82
91
82
75
79
86
79
91
86
91
94
87
94
87
91
86
91
86
79
79
75_82
82
75
79
74
79
74
67
67
70
63
70
63
67
69
69
67
62
62
55
55
51
58
51
58
55
62
67
62
67
70
63
63
70
55
67
74
67
79
74
79
75
82
75
82
79
86
79
91
86
91
94
94
91
91
79
79
75
82
75
82
79
86
79
91
86
91
94
87
94
87
91
86
91
86
79
79
82
82
79
86
79
91
86
91
94
87
94
87
86
86
74
82
74
82
79
86
86
79
91
94
86
91
86
94
86
79
86
79
80
73
87
83
80
73
83
87
82
82
82
85
77
89
82
77
89
85
73
80
80
73
85
81
78
85
75
80
78_81
80
75
92
80
87
75
87
75
80
92
81
78
85
81
78
85
83_87
80
73
80
83
87
73
77
77
82
89
85
82_89
85
73
80
80
73
85
81
78
71
71
78
81
85
75
80
75_80
80_92
75
87
87
75
80
92
85
78
81
71
81
71
78
85
83
87
80
73
82
73_80_87
77
83
77
82
82
89
85
77
85
89
82
77
73_80
73_80
81
85
78
71
78
71
81
85
75
80
75
80
80
83
87
75
83
80
75
87
78
78
79
83
76
69
79
69_73_76
83
78
73
78
78
73
85
81
73
78_85
81
78
82
68
75
68
82
75
72
78
72
72
77_80_84
84
80
72
77
68
75
75
68
82
56
66
78
63
72
63
56
66
78
82
72
70
70
84
78
80
84
80
78
68
68
80
61
54
70
64
61
54_64
70
68
80
68
87
82
80
68
82
87
68
80
66
78
66
78
63
56_66
82
78
72
63
66
56
72
82
78
70
70
78
80
84
84
80
78
68
68
61
54
80
70
61
54
70
80
68
68
80
82
68
87
82
87
68
80
66
78
66
78
63
82
66
56_78
72
63
66
56
82
72_78
70
70
78
80
84
84
80
78
68
68
61
54_80
70
64
61
76
54
64
76
80
70
68
68
82
78
76
82
78
76
66
66
52_78
59_62
68
74
59
52
62
74
68
78
66
66
80
74
76
68
80
76
68
74
64
64
77
46
58_74
53_70
53
46
58
74
77
70
65
65
70
62
70
62
65
65
52
78
59
62
68_74
52
59
62
68
74
78
66
66
80
74_76
80
76
74
64
64
77
46
58
53
74
70
53
46
74
77
58
70
65
65
62
70
70
62
52
78
59_62
68
74
52
59
62
68
74
78
66
66
80
76
68
80
68
76
64
64
77
46
58
53
74
70
53
46
58
74
77
70
65
65
70
70
62
62
65
65
62
47
52
56
66
59
47
52_62
56
66
68
68
61
66
71
62
66
71
62
59
74
61
74
59
64
71
68
78
74
59
64
68
74
78
80
71
80
73
78
83
78
83
80
80
73
71
85
80
71
80
85
83_90
90
92
92
83
85
95
90
95
90
86
86
85
98
83
98
83
70
101
70
98
101
94
98
94
89
82
77_86
89
86
82
77
86
82_86
77
82
82
77
82
86
86
82
89
77
86
86
82
94
77
89
94
102
68
68
102
98
95
74
78
83
98
95
78
83
74
90
90
104
98_104
74
98
95
74
95
92
92
101
58
101
98
94
98
94
89
89
70_74
65
70
74
86
65
82
58
86
82
77
77
74
74
70
58
70
58
65
70
65
74
70
74
78
56
78
74
74
71
61
62
71
66
62
61
66
80
80
74
74
56
59
59
68
68
46
77
46
77
74
70
74
62
62
70
65
65
62
58
58
53
53
46
62
46
44
59
54
50
44
50
54
59
61
61
58
59
59
54
62
54
62
66
66
56
71
62
58
66
56
66
62
71
73
73
70
74
71
71
66
66
74
78
68
83
78
74
78
70
68
74
83
78
85
85
82
70
86
70
82
86
78
78
90
68
90
80
68_80
67
98
67
98
95
91
95
91
74_86
86
74
83
83
79
79
74
74
79
83
79
83
83
74
83
86
74
91
86
95
91
95
99
60
60
99
94
94
75
90
75
90
87
87
101
101
94
94
65
65
90
89
90
89
98
55
55
95
98
95
86
86
62
62
83
79
83
79
74
74
71
71
67
55
55
67
62
62
67
71
67
48
75
71
48
70
75
58
70
66
53
54
66
63
63
53_54_58
77
77
70
51
66
70
51
66
65
65
43
74
43
71
74
67_71
67
55
50
62
55
62
50
59
59
55
55
50
55
50
59
55
59
62
62
58
58
59
59
61
61
66
67
66
67
69
69
71
71
73
73
78
79
78
79
82
82_83
83
85
85
86
63
63
86
79
79
77
65
77
74
74
85
85
79
71
79
77
71
77
73
73
65
73
79
73
77
79
77
67
67
80
77
80
77
71
71
68
68
61
83
79
83
79
76
61
76
71
64
71
75
64
67
75
71
76
76
78
71
67
76_78
79
76
80
79
81
80
82
81
71
82
83
71
83
88
88
87
86
87
86
61
86
86
79
79
77
77
65
74
85
74
79
85
77
71
79
61
71
77
73
73
65
73
79
73
77
79
77
67
67
80
65
65
77
80
71
77
71
68
68
61
83
79
83
76
79
76
61
64_71
71
75
67
64
75
76
71
76_77
78
77
78
67
71
76
79
76
80
79
81
80
82
81
82
71
83
71
83
88
87
88
87
86
86
49
86
86
83
83
77
77
74
74
85
49
85
61
61
73
73
64
65
71
71
64
65
88
88
83
83
86
71
62_65
71
65
62
83
86
83
77
77
49
86
49
83
86
83
74
74
85
71
61
65
71
65
61
83
85
83
73
73
62
86
71
65
71
65
62
83
86
77
83
77
74
74
71
64_65
88
71
64_65
88
83
83
76
76
54
91
91
61
54
82
61
82
64
79
79
90
64
90
84
84
82
70
82
78
70
78
76
84
76
82
84
82
72
72
70
85
70
82
85
76
82
76
73
73
54
88
60
84
88
54_84
81
64
81
60
76
64
69
80
76
69
72_81
80
82
81
72
82
76_83
76
83
84
81
81
85
84
76
85
76
86
86
87
87
69
88
69
88
93
64
92
93
64
60
92
60
54
91
54_88
91
88
82
82
79
79
90
88
70
90
66
82
76
66
70
76
82
78_88
78
70
69
93
76
76
69
70
88
93
88
81
81
70
76
67
76
70
67
91
88
91
88
82
79
82
79
54
91
88
91
88
82
82
79
79
90
54
66
70
88
90
70
82
66
82
78_88
78
67
70_91
67
70
88
91
82
88
82
79
79
93
69_70
76
69
70
76
93
88
88
81
81
55
96
96
89
55
61
85
89
84
85
84
61
65_94
89
94
65
70
85
89
85
70
82
82
58_87
58_85
87
80
85
80
75
75
73
68
88
68
73
85
88
80
85
76
80
76
61
91
88
91
67
61_83
88
83
79
71
67_80
79
71
81
80
82
81
82
83
84
83
67_70
64
67
85
70
84
64
85
86
86
87
87
58_64_68_88
64
68
58
89
88
90
89
91
90
91
55
96
89_96
61
55
61_89
85
85
84
65
84
94
65
67
67
89
94
73
85
89
73
85
77_82
77
82
97
70
92
70
97
88
92
76
88
85
85
80
96
76
92
80_96
85
88
85
92
84
88
84
67_96
89
96
67
73
85
89
85
84
84
94
73
77
89
77_94
85
89
82
85
82
70
96
88
96
70
85
88
76
85
84
84
97
76
80
92
97
80
88
82_92
88
85
82
85
69
98
91
69_98
87
75
91
86
87
86
96
75
79
91
96
87
79
91
84
87
84
72
99
94
72
99
78
90_94
87
90
87
78
82_94_98_100
98_100
87
82
94
87
86
86
98
96
71
91
98
96
71
87
75
91
87
86
86
96
75
79
91
96
87
91
79_84
87
84
72
98
94
98
90
78
94
72
91
78_90
86
91
86
82
99
94
99
82
90
84
94
84_87
90
87
72
101
94
72_101
78
95
90
95
94
90
78
89
82
89
73
99
82
101
101
79
99
73
79
83_87
87
102
74
83
96
80
74
92
96_102
90
92
84
80
90
84
75
103
101
81_97
75
103
101
81
93
85
97
89
93
85
89
72
101
94
78
101
72
90
94
78
82
90
89
89
82
73
99
79
73_99
87
83
79
87
74
102
83
96
80
92
74
102
96
90
92
84
80
90
75
84
101
97
81
75
81
101
93
85
97
93
89
85
89
72
101
94
101
78
72
90
94
82
78
90
89
89
82
73_99
90
79
90
73
99
87
83
79
87
102
74
83_96
80
74
92
96
102
90
80
92
84
90
75
84
101
75_97_101
81
93
81
85
97
89
93
85
89
72
101
94
101
78
72
94
82
89
78
89
73
82
99
79
73
87_99
83
79
87
74
83_97
101
80
74
92
101
97
89
84
80
92
84_89
75_102
81
98
93
75
98
102
93
81
90
85
90
85
94_99_106
56
54
54
94_106
99
58
61
56
63
66
61
63
68
66
70
73
68
70
78
58_75
73
75
78
68
70
73
75
68
70
78
73_80
75
82
78
85
80
82
87
90
85
87
90
80
85
82
85
82
80
87
94
90
92
87
90
92
94
85
80_82
85
82
80
87
94
92
90
90
87
92
94
85
82
80
82
80_85
87
94
92
90
90
87
92
94
85
82
80
82_85
80
87
92_94
90
90
87
92
94
85
82
80
80
85
82
87_90_92_94
90
87
92
94
85
82
80
82
85
80_92
94
87_90
87_90
92
94
85
80
82
82
85
80_94
87_92
90
90
87
92_94
85
80_82
82
85
80
94
87
92
90
87
90
92
85
82
80_94
82
94
85_87
92
80
90
87
90_92
85
94
80_82
82
94
85
80_87_92
90
87
92
85_90
94
82
80
82
85
80_92_94
87
90
87
85
90
92
82_94
80
82
80_94
85_92
87
90
87
92
85_90
80_82_94
80_82_85
87_94
92
90
85
80
82_87
90
92
94
82
85
80
94
87_92
90
87
90
92
94
106
106
104
102
104
99
102
97
99
94
97
92
94
90
92
90
85_87
87
82
85
80
82
78
80
75_78
73
75
70
73
68
70
66
68
63
66
61
63
61
58
56
58
54
56
54
51
49
51
49
44
49
51
49
54
51
44
54
58
32
54
32_58
51
54
49
51
49
21
49
49
51
21
54
51
58
54
54
58
51
54
51
49
49
44
49
44
51
49
54
51
54
58
58
54
54
51
51
49
49
44
44
49
49
51
51
54
54
58
58
54
54
51
51
49
49
44
44
51
51
54
54
58
58
54
54
51
51
49
49
44
44
49
49_51
51
54
54
58
58
54
54
51
51
49
49
44
63
58
44
58
49
49
54
54
63
60
65
60
54
54
44
62
57
65
44
62
57
54
54
57
69
66
57
66
69
62
57
57
62
63
58
44
58
44
49
49
54
54
63
58
65
60
58
54
60
54
44
62
65
57
44
50
50
57
54
62
54
57
57
60
60
57
57
54
54
50
50
44
75
63
70
44
49
49
54
54
58
58
75
63_70
77
72
77
72
54
54
50
50
62
74
69
44
62
69
74
44
54
54
57
57
78
81
81
78
60
60
57_74
69
74
69
57
54
51
54
51
75
63
70
44
44
49
49
54
54
63_70_75
58
58
77
72
65
60
65
77
60
57
57
54
54
72
50
50
44
74
62
69
44
62
50_69
50
54
54
57
57
60
74
62
69
60
62
69
50
50
44
44
54
54
57
57
60
60
57
57
54
54
50
50
44
48
44
50
50
54
54
48
57
57
45
60
45
60
57
57
54
54
50
50
44
44
50
50
54
54
57
57
60
60
57
57
54
54
50
60
44
50
44
50
54
50
57
60
62
60
54
60
62
66
69
66
69
74
74
57
60
72
68
72
75
68
78
75
80
78
80
57
60
69
57
74
72
69
78
72
74
78
81
81
86
86
72
73_84
80
73
84
80_87
90
87
92
90
92
72
69
86
81_84
69
84
81
90
86
93
90
98
93
98
85
78
85
78
86
84
86
84
81
86
81
84
86
84
73
66
73
66
74
72
81
74
72
81
71
72
74
74
72
71
56
56
62
69
66
69
62
61
66
60
61
60
44
59
44
58
59
57
58
57
56
56
44
44
54
49
54
48
49
32_48
47
32
46
47
45
46
44
45
44
44
65
60
44
53
60
56
53
60
60
67
62
56
65
56
56
52
62
52
44
67
44
59_64
64
59
52
52_56
56
59
68
71
59
68
71
59
64
64
59
56
56
44
77
65
72
44
65
53
53
56
56
60
72
77
60
79
67
74
62
74
67
79
62
59
59
56
52
56
52
44
76
64
71
44
64
71
56
56
59
59
71
62
64
76
62
64
71
59
59
56
56
52
52
44
44
56
56
59
59
62
62
59
59
56
52
56
52
50
44
44
50
52
52
56
56
47
64
62
47
68
62
64
68
71
71
76
76
62
74
68
70
68
75
74
70
80
75
80
83
83
59
62
71_76
59_74
71
74
76
80
80
83
83
88
88
74
86
80
86
87
80
87
92
94
92
94
71
74
83
88
86
83
71
92
86
88
95
92
100
95
100
80
87
87
80
95
88
86_89
89
95
88
86
83
86
88
83
86
88
75
68
75
68
77
76
74
83
74
76_77
83
72
74
76
72
76
74
56
56
71
68
64
71
63
64
68
63
62
62
44
61
44
60
61
59
60
59
58
58
44
52
44
56
51
52
56
50
51
32
49
50
32
48
49
47
48
46
47
46
44
66
61
44
49
61
49
54
54
58
58
68
63
66
60
60
56
51_63
56
68
65
44
60
51
44
60
65
53
58
53
58
72
65
51
56
56
65_72
51
60
60
65
60
53
60
58
65
53
62
58
84
55
62_64
60
60
64
55
79
84
44
76
32
32
44
79
76
72
72
86
81
86
78
57
66
62
81
74
78
66
62
83
74
78
83
68
57
59_64
74
78
64
68
74
59
71
57
66
78
71
62
62
66
57
75
74
75_78
68
73
59
64_74
59
64
71
73
68
71
56
85
78
61
66
61
66
70
56_70
78
80
87
85
80
87
72
68
72
63
68
63
56_79_80_84
80
56
79
65
70
65
70
74
74
77
63
68
84
68
63
77
72
72
72
65
72
70
65
74
70
74
90
70
61
66
66
70
61
85
90
82
44
32
32
85
44
82
78
78
92
87
92
87
63_68_72_84
84
80
72
63
68_80
93
88
93
85
73
64
69
88
85
81
79
64
73
69
79
81
95
90
90_95
66
83
81
75
71
75
66
83
81
71
44
75
44
75
80
80
87
64
71
64
71
87
90
90
83
87
76
83
76
87
80
80
73
69
69
80
73
85
80
88
85
88
44
44
75
75
80
64
80
87
71
64
71
87
90
90
83
76
87
83
76
87
80
80
69
73
69
73_80
85
80
88
85
44
88
75
44
75
80
80
64
87
71
64
71
87_90
90
80
80
87
83
76_92
83
87
76
95
92
95
32_44
80
32
44
80
85
92
76
69
85
76
69
92
97
92
88
97
81
88
81
92
85
85
78
62
72
66
72
66
84
78
62
88
84
92
88
92
32
44
32
44
80
80
85
85
69_92
76
69
76
92
97
97
88
81
92
88
81
92
85
85
78
62
84
78
62
88
84
92
88
92
32_44
32
44
80
80
85
85
92
92
88
81
97
88
81
92
97
85
92
85
80
80
69
76
76
69
73
73
80
85
80
85_92
76
81
76
81
85
92
80
85
80
73
73
69
64
69
64
68
73
68
80
73
80
85
76
69
76
69
80
85
73
80
68_73
68
57
64
57
64
61
61
68
73
68
73
80
69
64
69
64
80
73
73
68
68
61
61
56
56
61
61
68
68
52
73
57
57
52
73
68
68
56
56
52
57
52
57
56
61
56_61
68
68
52
57
73
52
57
68_73
56
56
44
57
52
56
57
52
68
56
61
61
68
68
52
73
57
57
73
52
68
68
56
56
57
52
52_56
57
56
61
61
68
68
52_73
52
73
68
44
56
56
42
56
51
68
51
42
56
52
52
57
57
64
64
54
68
63
68
54_63
62
64
62_64
69
69
76
76
66
75
80
75
66
80
76
76
81_84
81
84
88
88
78
92
78
92
88
93
88
96
93
100
96
100
90
92
90
92
99
99
93
96
93
100
96
100_105
90
105
94
90
94
95
95
100
100
88
88
90
90
97
97
89
94
89
98
94
103
98
88
103
88
92
96
92
96
93
97
93
100
105
97
100
105
86
86
88
88
89
92
89
96
92
96_101
86
101
86
90
90
94
91
94
95
91
98
103
95
98
84
103
86
84
93
86
87
93
90
94
87
99
90
94
84
99
84
88
88
92
89
92
93
89
96
93
101
96
81
101
81
83
83
84
87
84
91
96
91
87
96
78
80
78
80
81
84
81
93
88
75
84
88_93
77
75
83
77
78
83
81
78
85
90
81
72
85
90
74
72
74
79
75
79
78
75
82
87
78
82
69
87
71
69
71
78
78
72
75
72
79
84
66
79
75
84
68
66
75
68
75
69
72
69
76
63
81
76
72
81
65
63
71
65
66
71
69
66
73
60
78
69
73
78
60
62
67
62
63
67
66
63
70
75
66
70
75
54
54
72
67
70
72
67
70
66
66
67
62
67
60
62
60
58
58
54
64
54
60
55
64
60
58
55
58
66
66
52
60
55
58
55
52
58
42
60
52
60
55
42
58
52
60
55
58
54
54
55
52
48
55
52
48
46
46
42
52
43
42
48
52
48
46
43
46
54
54
48
40
43
46
40_43_48
46
30
48
40
43
30
40
46
48
43
46
42
42
43
40
43
36
40
36
34
34
30
43
36
40
30
34
36
43
40
34
42
42
43
40
36
34
43
36
40
34
30
40
43
30
36
43
34
36
40
34
42
42
43
40
36
43
34
36
40
34
30
30
43
40
36
40
34
36_43
34
42
43
42
40
36
43
34
36
40
34
30
34
30
37
34
37
36
40
36
40
48
42
48
46
42
49
46
49
48
48
52_55
60
52
55
54
60
58
54
61
58
60
61
64
60
67
64
72
66
67
72
70
66
70
72
73
73
76
72_79
76_84
79
78
84
82
78
85
82
84
85
88
91
84
96
88
91
96
97
90
94
94
97
90
96
91
93
96
93
91
88
78_85
88
82
85
82
84
78
84
84
84
76
73
76
73
72
76
72
79
76
84
79
84
78
85
82
84
78_82
85
84
88_91
88
91
90
97
94
94_97
90
96
91
96
88
91
88
85
84
79
84
85
79
84
79
84
76
79
76
73
66
70
73
66
70_72
76
72
79
84
76
84
79
85
82
85
82
84
79
84
76
76
79
73
66_70
66
70
73
72
76
79
72
84
76
79
84
78_85
82
85
82
78
84
79
76_84
79
76
73
66
73
66
72_76
72
79
84
76
79
84
85
78
82
82
85
78
84
79
84
76
79
76
66
73
70
70
72
66
73
76
72
79
84
76
79
84
78
85
82
78_85
82
84
79
84
76
79
76
72_73
66
70
66
72
70
73
67
72
76
67
72
76
82
78
78
82
79
76
79
72
76
72
73
66
73
66
67
72
67
76
72
79
76
79
82
78
78
82
79
79
76
76
72
72
73
70
66
73
70
66
67
72
67
76
72
79
76
79
82
78
82
78
79
76
79
72
76
72
73
70
66
70
73
66
67
72
67
76
79
72
76
79
82
78
82
78
79
79
72
72
66
70
66
67
70
72
67
76
72
79
76
79
78
73
73
78
79
76
79
72
76
72
66
70
67
70
66
67
72
76
72
79
76
79
78
73
73
78
79
76
79
72
76
72
66
70
66
67
70
72
67
76
72
76
79
78
79
73
73
78
79
79
72
72
66
70
66_67
70
72
67
76
72
79
76
79
73
78
73
78
79
76
79
72
76
72
67
67
66_67
66
72
67
76
72
76
78
73
73
78
76
76
72
72
67
67
66
70
66
70
67
72
67
76
72
76
78
73
73
78
72
72
67
67
66
66
67
67
72
76
72
76
78
73
78
73
76
72
76
72
67
67
66
70
66
70
67
67
72
76
72
76
78
73
78
76
73
72
67
72
76
67
79
75
69
75
74
79
74
69
74
69
81
77
74
81
69
77
72
72
77
73
70
70
77
73
67_72
72
67
72
79
67
84
72
67
84
79
73
63
70
63
70
73
72_75
65
79
72
65
69
74
79
74
69
75
69_74_81
77
74
81
69
77
73
77
70
63
72
67
63_70_73_77
67
72
79
67
72_84
72
84
67
79
63_73
70
77
63
70
77
73
65_72_75_79
72
74
69
65
79
74
75
69
77_81
74
69
74
77
81
69
72
65
72
65
77
73
63
70
63
67
70
72
73
72
67
77
75_79
72
72
79
75
70
63
70
63
71
75
61_68
68
71
70
65
75
61
70
65
70
77
65_73
77
70_73
65
61
68
61
68
69_73
66
66
68
63
69
63
73
68
68
63
75
71
68
63
66
59
71
75
59
66
73
54_61
57
47
66
61
57
54
73
68
47_63_66
68
63
75
52
63_68
59
63
59
68
52
75
61
61
71
52
45_55
59
64
71
59
45
52
55
64
66
66
78
61
66
50
57
57
61
74
69
66
50
69_78
74
73
47
54
57
61
66
61
57
47
54
66
63
68
73
63
68
75
52
59_68
63
63_68_75
66
61
66
61
52_59
71
55
52
45
59
64
59
45
55
64
52
71
66
66
78
57
66
73
61
50
73
57
61
74
78
66
69
74
69
50
73
57
47
61
54
66
61
66
73
68
63
63
68
47_54_57
75
68
52
59_63
63
68
75
61_66
66
61
52_59
71
55
52
45
59
64
59
45
55
52
64
66
61
71
66
61
61
73
66
50
57
61_66_73
50
64
64
57
53
69
50
43
57_62
57
43
50
53
69
62
64
59
59
64
48_55_59_64_71
59
55
60
71
48
64
58
68
42
64
49
58
42
68
49
64
60
35_47
35
47
59
57
57
59
66
66
71
71
61
69
71
71
69
78
78
81
83
81
83
73
61
73
88
90
88
90
93
93
95
95
73_95
85
93
95
93
90
90
85
73
83
83
78
78
69
71
87
75
69_71_75_87
78
83
78
83
83
90
83
90
95
95
73
85
95
93
95
93
90
90
85
73
83
83
83
81
83
81
78
78
71
71
69
71
90
78
90
69
71
78
75_87
83
81
75
87
81
90
83
93
90
95
93
95
95
85
73
93
95
90
93
88
90
85
88
83
73
83
83
81
83
78
81
78
69
71
68
80
78
69
71
78
68
80
81
83
83
81
90
88
88
93
90_95
93
95
68
80
95
93
95
90
93
90
83
83
80
68
83
81
83
81
78
78
71
69
69
71
78
66
69_71
69
71
83
83
78
66
83
81
81
83
90
90
95
95
95
61
73
93
90
95
93
88_90
88
83
83
83
61
81
73
78
83
81
78
71
69
69
71
63_75
71
69
69
71
78
83
78
83
75
63
83
81
81
90
83
90
95
95
73
95
61
93
93_95
90
90
88
88
83
83
61
73
83
81
78
83
81
78
69_71
69
71
66
69
71
78
69
71
78
66
83
83
63
75
83
81
75
63
81_83
90
95
90
93
95
93
61
73
93
95
95
90
93
90
83
83
73
83
61
81
78
83
81
78
69
71
69_71
56_68_69_71
69
71
78
78
68
83
56
81
81
83
90
90
95
95
68
56
95
93
90
95
93
88
90
88
83
83
68
81_83
56
83
78
81
78
69
71
71
69
71
69
66
54
78
69
71
83
78
66
83
83
54
83
90
93
95
90_95
93
45
45
52
52
64
93
56
61
57
61
93
57
90
88
90
88
64
81
56_81
78
78
73
73
69
66
69
73
66
76
73
78
76
78
81
64
81
85
88
85
88
90
64
90
61
54
93
57
93
90
90
57
61
54
81
81
78
78
45
69
52
45
73
69
76
73
76
78
78
81
81
85
52
88
85
88
90
64
90
56
93
61
57
93
90
57
90
85
64
85
81
81
78
61
78
73
66
73
66
73
73
78
78
81
56
64
81
85
85
88
88
64
61
54
57
93
93
90
90
85
85
59_81
61
81
78
78
61_69
57
54
61
69
73
59
73
78
78
45
52
45
52
81
81
85
85
88
90
88
90
64
61
57
93
56
90
93
90
85
85
64
81
81
78
78
73
73
57_66
73
73
66
56
61
85
85
88
88
90
54
64
57
88
90
88
85
85
81
81
78
78
73
73
69
69
61_66
64
66
69
61
69
73
54_57
76
73
76
78
78
81
81
85
44
52
59
57_85
88
88
85
85
81
81
78
76
78
76
73
73
69
52_69
57_59
66
66
44
69
73
69
42
73
52
42
52
57
81
61
81
57
78
76
78
76
61
71
71
66
66
61
61
64
64
66
66
69
69
73
76
73
76
78
78
81
81
40_47
40
47
73
61
83
83
80
73
76
61
80
73
76
73
71
71
68
68
61
61
75
63
59
61
59
75
63
61
71
73
71
73
76
80
76
68
80
56
83
68
83
73
73
71
71
68
56
68
59
71
59
71
63
63
68
68
71
71
73
73
80
80
83
83
61_73
61
73_80
80
73
73
71
71
68
68
59
63_75
59
75
63
68
68
71
73
71
73
76
76
80
80
68
83
56
83
56
68
73
73
68
59
68
71
59
71
68
68
71
71
73
73
80
80
73
83
61
83
73_80
61
80
68
68
59
75
63
59
61_63
75
61
68
68
71
73
71
73
80
68
56
80
83
56
68
83
80
76
80
76
73
73
68
68
61
61
59
71
71
59
61
61
68
68
71
71
73
73
76
80
76
80
73
61_83
73
61
83
80
76
80
73_76
73
75
63
59
63
75
59
68
68
71
73
71
73
76
76
80
68
80
56
83
56
68
83
80
80
76
76
73
73
71
71
68
68
61
61
59
71
71
61
59
61
64
64
68
68
71
73
71
76
73
76
80
80
40_47
83
80
83
76
80
73
76
73
71
71
68
40_47
68
61
61
47
59
59
47
49
52
49
56
52
56
59
61
59
64
61
68
64
68
59
61
59
64
61
68
64
68
71
73
71
76
73
76
80
80
71
73
71
76
76
80
73
80
88
92
88
92_95
97
95
97
47
92
99
40
87
92
87
47
99
40
