67
59
62
59
43
62
36
59
69
64
66
52
59
64
62
54
38
59
64
54
47
66
59
66
55
40
59_64
64
55
50
59
71
60
64
55_60
64
60
45
72
64
69
55_60
67
64
66
50_60
62
67
60
69
62
59
43
71
62
67
54
59
66
62
59_64
48
60
66
59
67
60
57
42
69
60
66
52_57
64
60
66
54
47
59
62
59
42
69
64
60
66
43_59
62
64
54
60
45
66
59
50
62
71
35
71
59
60
64
67
33
71
76
64
67
59
64
60
69
64
57
74
67
62
71
59
64
71
60
59
54
64
45
38
69
54
64
67
60
59
64
69
57
64
64
55
59
64
71
40_52_64
62
72
74
38_50
67
55
43
66
74
54
42
72
64
71
76
40_52
59
62
71
64
66
56
62
40_47
64
60
54
45
38
59
57
35
42
50
66
54
59
59
54
59_62
66
62
71
66
78
47
35_69_74
71
74
69
71
79
67
74
71
74
67
71
74
67
71
35_47
78
74
71
69
79
67_74
71
81
66
71
74
74
64
67_71
35
47
64
71
67
73
64
71
67
64
67
71
64
67_71
67
64_71
71
67
59
71
67
64
74
66
71
67
35_47
66
67
76
64
67
71
71
64
67
71
64_67
35
47
74
66
67_71
76
71
64_67
78
67
62
61_71
67
64
35_47
61
64_67
61_69
64
67
67
61
64
66
61
62
66
61_62
66
62
66
62
61
66_69
61
62
45
33
66
61
62
71
59_66
62
66
59_62
59
66
33
62
69
66
61
62
71
66
62
59
73
66
62
57
66
62
55
40
47
64
55_59
52
45
57_62
54
50
64
52
55_59
45
66
55_62
40
47
64
59
55
52
45
62
57
54
50
78
69_74
71
35_47
74
69_71
79
67
71
74
74
67
71
67_74
78
74
69_71
79
67
71_74
66
81
71
74
74
64
67
71
40
52
71
64
67
73
64
67
71
64
67_71
71
64
67
64
71
67
71
59_67
71
67
64
74
66
67_71
45_57
66
71
67
76
64_71
67
64_67_71
71
64
67
74
66_67_71
76
71
67
64
78
67
62
71
61
67
64
61
67
64
61_69
67
64
45
33
67
61_64
66
61_62
50
38
66
61
62
66
61
62
66
61
62
69
61_66
62
43
31
66
61
62
71
66
59_62
66
59
62
66
62
59
61_69
62_66
71
59
66
62
47
35
57
62
66
73
66
56_62
61
47
40
64
61
59
55
45
52
62
54
59
57
50
64
61
52
55
45
66
56_61
62
40_47
64
61
55
52_59
45
62
57
54
50
66
56_62
47
40
64
54
60
45
38
62
52
58
36
43
64
54
60
45
38
66
62
56
40
47
64
53_59
55
50
43
54_56
62
54
60
45
57
38
43
50
59_62
71
79
74
71
62
59
67
74
36
43
71
52
81
69
64
59
71
78
67
76
38
59
66
47
74
54
71
59
76
66
78
71
40
64
47
71
55
78
76
71
64_67_76
59
71
48
55
83
71
72
64
76
64
76
71
72
76
45
52
71
72
60
84
76
72
64
81
72
67
69
79
72
47
54
78
66
62
74
71
79
67
62
66
71
69_81
74
43
50
66
59
71
83
71
79
67
62_71
66
78
74
45
52
76
64
71
60
72
60
64
69
78
66
79
72
67
42
48
69
64
57
81
69
60
64
78
69
66
72
76
72
47
54
71_78
66
62
74
62_66
71
74
72
69
42
64
69
64
60
66
62
59
47
64
54
60
50
66
62
59
47
83
71
35
83
71
59
60
64
67
71
72
76
52
45
83
59
76
72
64_71
60
76
72
71
59
81
69
72
76
64
57
67
86
74
62
83
71
76
72
67
64
59
83
71
59_76
67
64
72
54_64
38
60
45
81
69
54
72
76
64
60
79
67
59
76
60_64
72
81
69
57
72_76
64
60
76
55
71
64
59
71_76
64
64
40
52
74
62
72
38
48
50
79
67
55
43
78
66
42
54
74
48_72
50
76
64
71
40_52
47
59
62
71
64
40
47
56
52
62
66
74
38
54
45
60
64
72
71
69
31
43
71
47_59_66
54
64
52
40
62
50
38
79
82
84
82
79
86
82
89
82
79
74
82
79
88
74
86
82
79
88
72
67
84
79_82
72
86
77
62_81
55
65
57
60
62
69
65
60
62
55
65
60
57
62
57
53
55
65
57_60
60_69
65
60
55
74
65
69
76
65
69
59
50
43
65
57
60
69
65
60
62
55
74
60_69
55_65
76
69
65
59
50
43
76
69
59
65
55
72
48
67
65
79
77
72
64
67
75
63
77
75
74
79
72_75
82
75
72
70
67
75
72
70
81
69
79
67
75
72
81
65
60
77
75
72
65
79
55
70
74
43
36
70
62
65
58
74
65_69
62
58_70
62
65
55_67
58_62
36
43
70
62
58
74
62_65
77
69_74
65
58
81
70_74
64
55
36_43
58
70
55
50_65
62
70
62_74
58
53
65
77
65_69_74
58
62
57
81
70
69_74
64
55_58
43
36
81
69_76
72
58
64
60
77
72
65_70
58
60
53
69
57
56_68
75
63
71
67
53_59
55
72
60
55_65
48_67
53
53
64
52
51
63
70
58
54_66
62
48
50
67
55_62
50
60
38
64
52
66
54
62
50
67
58
55_62
43
31
79
82
84
82
79
86
79
82
89
79
82
74
79
82
89
82_91
79
74_88
86_89_91
82
79
74
88
72
67
84
82
79
72
86
62
69
74
77
81
86
93
55
62
65
57
69
60
65
62
55
65
60
57
57_62
53
55
65
57_60
60
69
65
74
65_69
76
69
65
59
50
43
65
57_60
69
60_65
62
55
74
69
60_65
55
76
59_69
65
50
43
76
69
65
59
55
72
48
55
67
65
79
77
72
64
67
75
63
72
77
74
79
75
72
82
70
75
72
67
70
72
75
82
63_75
48_81
72
48
79
75
62_63_67
72
81
65
60
77
69
75
65
79
55
62
67
70
74
79
86
36_43
70
62_65
74
65
62
70
58
65
62
67
58
62
55
36
43
70
62
58
74
62_70
77
65
74
58_69
81
70
74
64
55
36_43
58
70
65
62
55
50
70
62_74
53_65
58
77
65_74
69
57_62
58
81
69_70_74
64
58
55
43
36
81
69
72
76
64
58
60
77
58_65_70
72
60
53
69
57
56_68
75
63
67
71
59
55
53
72
60
65_67
53
55
48
64
52
51
63
70
58
54_62_66
50
48
67
55
62
60
50
38
64
52
66
54
50
60_62
67
58
55
62
43
31
62
43
79
59
71
74
71
62_67
59
71
74
71
36
43
64
52
71
76
81
71
64
78
67
64
59
71
76
71
38
59
47
54
74
66
71
66
76
66
59
66
78
71
64
40
47
64
55
78
71
76
71
67_76
64
59
71
76
71
48
55
83
71
64
72
76
72
71
64
72
76
72
45
52
71
60
72
84
76
72
72_81
64_67
69
72
79
76
72
47
78
54
66
74
62
71
74
71
79
67
66
62
71
81
69
74
71
43
50
66
59
71
83
74
74
71
79
67_71
62
66
74
78
74
45
64_76
52
60
71
72
71
78
64_66
60_69
71
79
67_72
71
42
48
64
57
69
81
72
69
66_78
64
60
72
76
66
47
54
78
62
71
71
74
71
62
66
59
71
74
71
42
72
69
64
69
64
60
66
62
47
59
64
60
50
54
66
62
47_59
83
71
35
83
71
59
60
64
67
71
72
76
45_83
52
59
76
72
64
60
76
71
59
81
69
76
64
67
57
86
74
62
83
71
59
76
60_64_72
83
71
59
64
54
45_60
38
81
69
54
72
76
64
60
79
67
59
76
64
72
60
81
69
57
60_64
72_76
64_76
55
64
76
59
71
76
71
64
59
64
52
40
74
48_62_72
50
38
79
67
43_55
78
66
54
74
42_50_72
48
76
64
71
52
40
47
59
47
71
62
50
64
52
40
47
56
54
62
66
74
78
86
38
45
54
60_64
76
69
81
72_86
71
59
57_69
31
43
54
59
66
71
78
83
86
64
52
40
62
50
38
31_43
86
50
74_79
55_62
