36_70
70
70
70
37_70
36
70
37
36_70
70
36
36_70
70
36
37_70
70
37
70
70
70
70
36_37_70
70
37
36
70
70
70
70
36_37_70
70
36
37
36_70
70
36
70
70
37_70
70
37
70
70
36_70
70
36
70
70
37_70
70
37
36_70
70
36
36_70
70
36
37_70
70
37
70
70
70
70
36_37_70
70
37
36
70
70
70
70
36_37_70
70
36
37
36_51_51_63_67_70_70_75
70
36
70
70
37_70
70
37
70
63
67
70
51
70
75
51
36_46_46_58_62_65_70_70
70
70
70
37_70
36
70
37
36_70
70
36
36_70
70
36
37_70
70
37
70
70
70
70
36_37_70
70
37
36
70
70
70
70
46
36_37_70
70
36
37
36_70
70
36
70
70
37_70
70
37
70
65_70
58
62
36_70
70
36
70
70
37_70
70
37
36_70
70
36
36_70
70
36
37_70
70
37
70
70
70
70
36_37_70
70
37
36
70
70
70
70
36_37_70
70
36
37
36_51_51_63_67_70_70_70
46
70
75
36
70
70
37_70
70
37
67
63
70
70
70
51
51
75
36_46_46_58_62_65_70_70
70
70
70
37_70
36
70
37
36_70
70
36
36_70
70
36
37_70
70
37
70
70
70
70
36_37_70
70
37
36
70
70
70
70
46
36_37_70
70
36
37
36_70
70
36
70
70
37_70
70
37
70
70
65
58
62
36_70
70
36
70
70
37_70
70
37
36_70
70
36
36_70
70
36
37_70
70
37
70
70
70
70
36_37_70
70
37
36
70
70
70
70
36_37_70
70
36
37
36_51_51_63_67_70_70_75
70
46
70
36
70
70
37_70
70
63
37
67
70
51
51
70
70_75
36_46_46_58_62_65_70_70
70
70_74
70
74
37_70_74
36
74
70
37
36_70_74
70
36
36_70
70
36
74
37_70_72
70
72
37
70_72
70
72
70_72
70_72
36_37_70_72
70
37_62
36_58
65_70
70
70_77
72
70
36_37_70
46
70
36
46
37_70
77
36_51_51_63_67_70_70_74
70
75
36
70
70
74
37_70_72
70
67
70
63
37
70_70_72
70
51
51
36_46_46_58_62_65_70_70_75
70
70
36
70_74
70
74
37_70_74
74
70
37
36_70_74
70
74
36
36_70_74
70
36
74
37_70_72
72
70
37
70_72
70
72
70_72
70
72
36_37_70_72
70
37
36
62_65_70_74
72
58
70
74
70_74
70
36_37_70_74_77
70
36
37
46
46_70
36_51_51_63_67_70_70_74
77
70
74
75
36
70_74
70_74
37_70_74
70
37
70
63
67
70_73
74
70
51
51
75
36_49_49_61_65_68_70_73
70
70
70
37_70
36
70
37
73
36_68_70
70
68
36
36_68_70
70
36
37_70
70
37
70
70
61
65_68
70
70
73
68
36_37_42_54_66_66_70_70_73_73
49
49
70
37
36
70
70
70
70
73
36_37_70_73
73
70
36
37
36_70_73
70
36
70
70
73
37_70_73
66
70_70_73_73
37
70_73
70
42
54_66
36_52_52_64_68_70_71_74_76
70
36
70_74
73
70
74
37_70_74
70
37
36_70
74
70
36
36_70_74
70
36
37_70
70
37
70
68
71
74
70
64
70
70
74
52
76
36_37_50_50_62_66_69_70_74_74
52
70
74
37
36
70_74
70
74
70_74
70
74
36_37_70_74
70
36
37
36_70
70
74
36
70_74
70
62
37_70_74_76
69
66
70
37
70_74
76
70
50_74
50
36_43_43_55_59_62_67_70
70
70
70
37_70_71_74
36
70
71
37
36_70_71
70
36
36_70
70
36
71
37_69_70
70
37
69
67_70
70
70
70
36_37_70
70
37
36
70
67
70
70_74
55_59
74
70
62
36_37_70_74
70
36
67
37
43
36_41_53_65_65_69_70_72
43
70
36
74
70_74
70
74
37_70_74
70
74
37
70_74
72
69
70
65
41
53
36_46_46_58_62_65_65_70_70_72
74
70
36
70
70
72
37_70_77
70
37
36_70_74
77
70
36
36_70
70
36
37_70_72_74
70
37
70_70
72
70
70
70
36_37_70
70
37
36
70
67_70
70
62
58
65
65_70
67
70
36_37_70
70
36
37
70
46
36_51_51_63_67_70_70_72_75
46
65
70
36
70
70
37_70
70
67_70
63
37
70
70
51
75
51
36_43_43_55_59_62_67_70
70
72
73
36
70
70
37_70
70
37
36_70
70
36
36_70
70
36
37_70
70
37
70
70
70
70
36_37_70
70
73
37
36
70
70
70
70
36_37_70
70
36
37
36_70
70
36
70
70
37_70
70
37
70
70
36_70
70
59
62
55
70
70
43
37_70
36
70
37
36_70
70
36
36_70
70
36
37_70
70
37
70
70
70
70
36_37_70
70
37
36
70
70
41_70
70
36_37_70
70
36
37
41
36_43_51_63_67_70_70_75
70
67
36
70
70
43
37_45_70
70
51
37
70
67
70
63
70
43
75
36_45_46_46_46_58_62_65_70_70
70
70_74
70
74
37_70_74
36
70
74
46
37
36_70_74
70
36
36_70
70
36
74
37_70_72
70_72
37
70_72
72
70
70_72
72
70
36_37_41_70_72
70
37_62
36_58
65_70
70
41
43_70_77
72
70
36_37_70
46
70
36
46
37_70
77
36_45_51_51_63_67_70_70_74
43
70
75
36
70
70
74
45
37_46_70_72
70
67
70
63
37
70_70
72
70
51
51
34_36_46_46_46_58_62_65_70_70_75
70
70
36
70_74
70
74
37_70_74
74
70
37
36_70_74
70
74
36
36_70_74
70
36
74
37_70_72
70
72
37
34
41_70_72
70_72
70_72
72
70
36_37_43_70_72
41
70
37
36
62_65_70_74
72
58
70
74
45_70_74
43
70
36_37_70_77
74
70
36
37
46
46_70
36_46_51_51_63_67_70_70_74
45
77
70
74
75
36
70_74
70
74
46
37_48_70_74
70
37
70
63
67
70_73
74
70
51
51
75
36_49_49_49_61_65_68_70_73
48
70
70
70
37_70
36
70
37
73
36_68_70
70
36_68
36_68_70
70
36
37_70
70
37
70
70
61
65_68
70
70
73
49
68
36_37_42_42_54_66_66_70_70_73_73
49
49
70
37
36
70
70
70
73
70
36_37_70_73
70
36_73
37
36_70_73
70
36
70
70
73
37_70_73
66
70_70_73
73
37
70_73
70
42
42
54_66
36_40_52_52_64_68_70_71_74_76
70
36
70_74
73
70
74
37_70_74
70
37
36_70
74
70
36
36_70_74
70
36
37_70
70
37
70
68
71
74
70
64
70
70
74
40
52
76
36_37_38_50_50_62_66_69_70_74_74
52
70_74
37
36
70_74
70
74
70_74
70
74
36_37_70_74
70
36
37
36_70
70
36_74
70_74
70
62
37_70_76
69
74
66
70
37
70_74
76
70
50_74
38
50
31_36_43_43_55_59_62_67_70
70
70
70
31
74
33_37_70_71
36
70
71
37
36_70_71
70
36
33
35_36_70
70
36
37_69_70
71
70
37
36_67_70
35
69
70
70
70
36_37_38_70
36
70
37
36
70
70
67
70_74
55_59
70_74
62
36_37_70_74
70
36
38
67
37
43
36_41_53_65_65_69_70_72
43
70
74
36
70_74
70
74
37_70_74
70
74
37
70_74
72
69
70
65
41
53
34_36_46_46_58_62_65_65_70_70_72_74
70
36
70
70
37_70_77
72
70
37
36_70_74
77
70
36
36_70
70
36
74
37_70_72
70
34
37
29_70_70
72
70
70
70
29
31_36_37_70
70
37
36
70
67_70
70
62
58
65
33_65_70
67
31
70
36_37_70
70
36
37
70
46
33
34_36_51_51_63_67_70_70_72_75
46
65
70
36
70
70
34
36_37_70
70
67_70
63
37
70
70
51
75
51
72
36_37_43_43_55_70_73
36_67
70
36
70
70
37_70
70
37
36_70
70
36
36_70
70
36
37_70
70
37
70
70
70
70
43_55
73
36_37_70
70
37
36
70
70
70
70
36_37_70
70
36
37
36_70
70
36
70
70
37_70
70
37
70
67
70
37
43
33_36_57_69_69_69_70_73_73_76_76_81
69
70
45_69_70_81_93
33
69_81_93
70
45
37_69_70_81_93
36
81
70_93
69
37
33_36_70
70
33
36
33_36_69_70_76_81_93
81
69
93
70
37_69_70_81_93
81
69_70
93
37
69_70_81_93
81
70
69
93
73
76
69
70
73
36
33
70
76
76
69
81
57
33_36_37_55_67_67_69_70_71_71_74_74_76_76_79
69_70
37
69_70_81_93
81
69
93
70
33
69_70_81_93
81
36
93
69
70
76
33_36_37_70_74
33
70
36
37
33_36_69_70_73_81_93
74
81
69_93
70
69_70_81_93
69
81
93
70
37_69_70_71_81_93
73
70
69
71_81
93
67
74
37
71
74
70
67
33_36
70
55
76
71
33_36_57_69_69_69_69_70_73_73_76_76_81
79
69
70
45_69_70_81_93
33
81
69
70_93
45
37_69_70_81_93
81_93
69_70
36
37
33_36_70
70
33
36
33_36_69_70_81_81_93
69
81_93
69_70
37_69_70_81_93
69_70
81
93
73
37
76
69
76
69_69_70_81_93
73
70
69_81
93
81
70_81
33
70
36_81
57_81
33_36_37_48_60_64_67_69_70_71_72_72_76_79_81
70
69
37
69_70_76_81_93
81
70
69_81
93
69_70_81_93
70
93
81
36
69
36_37_70
70
36
33_37
36_36_69_70_81_93
81
70_93
69
76
69_70_74_81_93
70
93
69_81
37_69_70_72_81_93
74
60
70
79_93
72_81
64
76
67_69
37
70
36
70
36
71
48
31_36_55_67_67_70_71_71_74_79
72
70
74
72
43_67_70_79
31
67_70
79
43
37_67_70_79
70
79
67
36
37
31_36_70
70
31_36
31_36_67_70_74_79
70
67_79
37_67_70_79
67_70
79
37
67_70_76_79
74
70
79
67
71
74
67
70
36
71
70
67
74
31
55
79
31_36_37_53_65_65_69_69_70_72_72_74_77
76
70
37
67_70_79_91
70
67_91
79
31_67_70_72_79_91
74
70
36_79
67_91
31_36_37_70
70
31
36
37
72
31_36_67_70_71_79_91
70_91
67
79
67_70_79_91
91
70
79
67
71
37_67_69_70_79_91
69
70_91
65
69
72
67_79
65
72
37
70
36
70
31
53
77
31_36_48_70_72_72_72_76_76_79_79_84
70
69
43_67_70_79_91
31
70
67_79_91
43
37_67_70_79_91
70
36
79
67
91
37_72
79
76
79
72
76
31_36_70
70
36
31
48
31_36_55_67_67_67_70_71_71_74_74_79_79_91
84
70
91
79
67
71
37_67_70_79_91
72
70
91
67_79
37
67_70_79_91
71
67
70
74
91
67_67_79
71
74
70
70
36
31
55
79
28_36_37_52_64_64_68_68_70_71_71_74_76
70
37
71
64_70_88
70
88
64
76
76
64_70_76_88
36_70
76
88
64
36_37_70
70
36
37
36_64_70_76_88
70
76_88
64
64_70_76_88
70
76
88
64
37_64_70_76_88
70
88
76
64
37
52
36
64_71
70
68
70
68_71
74
64
28
33_36_57_69_69_69_70_73_73_76_76_81
69_76
70
45_69_70_81_93
33
69_81_93
70
45
37_69_70_81_93
36
81
70_93
69
37
33_36_70
70
33
36
33_36_69_70_76_81_93
81
69
93
70
37_69_70_81_93
81
69_70
93
37
69_70_81_93
81
70
69
93
73
76
69
70
73
36
33
70
76
76
69
81
57
33_36_37_55_67_67_69_70_71_71_74_74_76_76_79
69_70
37
69_70_81_93
81
69
93
70
33
69_70_81_93
81
36
93
69
70
76
33_36_37_70_74
33
70
36
37
33_36_69_70_73_81_93
74
81
69_93
70
69_70_81_93
69
81
93
70
37_69_70_71_81_93
73
70
69
71_81
93
67
37_74
71
74
70
67
33_36
70
55
76
71
33_36_57_69_69_69_69_70_73_73_76_76_81
79
69
70
45_69_70_81_93
33
81
69
70_93
45
37_69_70_81_93
81_93
69_70
36
37
33_36_70
70
33
36
33_36_69_70_81_81_93
69
81_93
69_70
37_69_70_81_93
69_70
81
93
73
37
76
69
76
69_69_70_81_93
73
70
69_81
93
81
70_81
33
70
36
81
57_81
33_36_37_48_60_64_67_69_70_71_72_72_76_79_81
70
69
37
69_70_76_81_81_93
70
69_81
93
69_70_81_93
70
93
81
36
69
36_37_70
70
36
33
37
36_36_69_70_81_93
81
70_93
69
76
69_70_74_81_93
70
93
69_81
37_69_70_72_81_93
74
60
70
79_93
72_81
64
76
67_69
37
70
36
70
36
71
48
31_36_55_67_67_70_71_71_74_79
72
70
72
74
43_67_70_79
31
67_70
79
43
37_67_70_79
70
79
67
36
37
31_36_70
70
31_36
31_36_67_70_74_79
70
67_79
37_67_70_79
67_70
79
37
74
67_70_76_79
70
79
67
71
74
67
70
36
71
70
67
74
31
55
79
31_36_37_53_65_65_69_69_70_72_72_74_77
76
70
37
67_70_79_91
67_70
91
79
31_67_70_72_79_91
74
70
79
36
91
67
31_36_37_70
70
31
36
37
31_36_67_70_71_79_91
72
70_91
67_79
67_70_79_91
67_70
79
91
71
37_67_69_70_79_91
69
70
65_91
69
67_72
65
79
72
37
70
36
70
31
53
77
36_36_48_48_60_64_67_70_72_72_72_76_79
69
55
55_70
57
57
55
70
55
57
70
57
55
55
57
37_70
57
55
70
36_55
57
37
57
55
36_70
55
57
70
36
57
55
55
57
36_70
57
55
70
55
57
55
57
37_55_70
57
70
57
55
37
55
57
70
57
55
70
55
57
57
55
70
55
57
70
36
57
55
55
57
72
36_37_70_74
57
55
70
55
37
57
57
55
70
55
70
57
57
55
55
70
57
36_70
57
55
55
57
57
36_37_55_70
70
55
36_57
37
57
55
55
36_70
57
70
57
55
55
57
57_70
55
70
55
57
57
55
37_70
55
57
70
57
37_55
55
36
57
70
72_79
76
57_70
55
55
57
48_57
55
36_69_70
74
55
70
57
60
64
67
57
55
55
70
57
70
57
55
36
55
57
57
37_70
55
70
55
36
57
37
57
55
36_70
55
57
70
36
57
55
55
57
36_70
57
55_70
55
57
57
55
37_70
55
70
57
57
37
55
55
70
57
57
70
55
55
57
57
70
55
70
55
36
57
57
55
36_37_70
55
57
70
57
55
37
55
57
69
70
57
55
70
55
57
57
55
53_65_70
29
55
36_70
36_37_70
70
36
53
65
37
29
31_51_70
36_55_67_70
63
67
70
70
70
55
67
31
33_37_57_69_70
70
37
36
51
70
70
63
67
70
69
57
33
48
36_46_46_58_58_62_65_70_70_70
72
34
70
65_70_70_74
70
70_74
65
37_65_70_70_74
36
70
70
65_74
37
36_65_70_70_74
70
36
36_70
70
65
70
36
37_65_70_70_72
74
70
72
65_70
37
65_70_70_72
72
70
70
65
58
65_70_70_72
70
72
70
70
65
34
36_37_53_65_65_70_70_72
29
70
37_62
36_58
65_70
70
65
53
70
72
65
29
31
55_65_67_70_70_77
70
36_37_70
46
70
36
55
67
70
65
46
37_70
77
33_36_51_51_57_63_65_67_69_70_70_70_74
31
70
75
36
70
70
70
57
65
69
74
37_58_70_70_72
34
33
70
67
70
63
37
70_70
72
70
58
70
51
34_51
36_46_46_58_58_62_65_70_70_70_75
34
70
70
36
70
70
37_70_74
74
70
37
36_70_74
70
36
36_70
70
36
37_70_72_74
70_72
37
70_72
70
70_70
72
70
70
36_37_70_70
70
37
58
36
62_65_70
58
70
70
34
53_65_65_70
70
29
70
36_37_70
70
36
65
53
37
46
29
46_70
36_51_51_55_63_67_67_70_70_72
31
65
70
75
36
70
70
55
67
31
37_57_69_70
33
70
37
70
63
67
70
70
57
69
72
51
33
51
75
36_46_46_58_58_62_65_70_70_70
34
70
65_70_70_74
70
70_74
65
37_65_70_70_74
36
74
65_70_70
37
36_65_70_70_74
70
36
36_70
70
70
65
36
74
37_65_70_70_72
72
70
65_70
37
65_70_70_72
72
70
65
70
58
65_70_70_72
70
72
65
70
70
34
36_37_53_65_65_70_70_72
29
70
37_62
36_58
65_70
70
53
70
65
65
72
29_31_55_65_67_70_70_77
70
36_37_70
46
70
65
36
70
55
67
46
37_70
36_51_51_57_63_65_67_69_70_70_70_74
77
31_33
70
75
36
70
70
65
69_70
57
74
33_34_37_58_70_70_72
70
67
70
63
37
72
70_70
70
70
58
34
51
51
36_46_46_58_58_62_65_70_70_70_75
34
70
70
36
70
70
37_70_74
74
70
37
36_70_74
70
36
36_70
70
36
37_70_72
74
72
70
37
70_72
70
70_70
72
70_70
36_37_70_70
70
58
37
36
70
62_65_70
58
70
34
65_70
29
70
70
36_37_70
70
36
37
46
46_65_70
29
31
36_51_51_63_67_70_70_72
70
75
36
70
70
31
37_70
33
70
37
70
63
67
70
72
70
33
51
51
75
36_46_46_46_58_62_65_70_70
70
70_74
70
74
37_70_74
36
70
74
46
37
36_70_74
70
74
36
36_70_74
70
36
74
37_70_72
70
72
37
70_72
72
70
70_72
72
70
36_37_41_70_72
70
37_62
36_58
65_70
70
41
72
43_70_77
70
36_37_70
46
70
36
46
37_70
77
36_45_51_51_63_67_70_70_74
43
70
75
36
70
70
74
45
37_46_70_72
70
67
70
63
37
70_70
72
70
51
51
34_36_46_46_46_58_62_65_70_70_75
70
70
36
70_74
70
74
37_70_74
74
70
37
36_70_74
70_74
36
36_70_74
70
36
74
37_70_72
70
72
37
34
41_70_72
70
72
70_72
70_72
36_37_43_70_72
41
70
37
36
62_65_70_74
72
58
70
74
45_70_74
43
70
36_37_70_77
74
70
36
37
46
46_70
36_46_51_51_63_67_70_70_74
45
77
70_74
75
36
70_74
70_74
46
37_48_70_74
70
37
70
63
67
70_73
74
70
51
51
75
36_49_49_49_61_65_68_70_73
48
70
70
70
37_70
36
70
37
36_68_70_73
70
68
36
36_68_70
70
36
37_70
70
37
70
70
61
65_68
70
70
73
49
36_37_42_42_54_66_66_70_70_73_73
68
49
49
70
37
36
70
70
70
70
73
36_37_70_73
73
70
36
37
36_70_73
70
36
70
70
73
37_70_73
66
70_70_73
73
37
70_73
70
42
42
54_66
36_40_52_52_64_68_70_71_74_76
70
36
70_74
73
70
74
37_70_74
70
37
36_70
70
36
74
36_70_74
70
36
37_70
70
37
70
68
71
74
70
64
70
70
74
40
52
76
36_37_38_50_50_62_66_69_70_74_74
52
70
74
37
36
70_74
70
74
70_74
70
74
36_37_70_74
70
36
37
36_70
70
74
36
70_74
70
62
37_70_76
69
74
66
70
37
70_74
76
70
50_74
38
50
31_36_43_43_55_59_62_67_70
70
70
70
31
33_37_70_71
74
36
70
71
37
36_70_71
70
36
33
35_36_70
70
36
37_69_70
71
70
37
36_67_69_70
35
70
70
70
36_37_38_70
36
70
37
36
70
70
67
70_74
55_59
74
70
62
36_37_70_74
70
36
38
67
37
43
36_41_53_65_65_69_70_72
43
70
36
74
70_74
70
74
37_70_74
70
74
37
70_74
72
69
70
65
41
53
34_36_46_46_58_62_65_65_70_70_72
74
70
36
70
70
72
37_70_77
70
37
36_70_74
77
70
36
36_70
70
36
37_70_72_74
70
34
37
72
29_70_70
70
70
70
29
31_36_37_70
70
37
36
70
67_70
70
62
58
65
33_65_70
67
31
70
36_37_70
70
36
37
70
46
33
34_36_51_51_63_67_70_70_72_75
46
65
70
36
70
70
34
36_37_70
70
67_70
63
37
70
70
51
75
51
72
36_37_43_43_55_70_73
36_67
70
36
70
70
37_70
70
37
36_70
70
36
36_70
70
36
37_70
70
37
70
70
70
70
43_55
36_37_70
70
37
36
70
70
73
70
70
36_37_70
70
36
37
36_70
70
36
70
70
37_70
70
37
70
67
70
37
43
33_36_57_69_69_69_70_73_73_76_76_81
69
70
45_69_70_81_93
33
69_81_93
70
45
37_69_70_81_93
36
81
70_93
69
37
33_36_70
70
33
36
33_36_69_70_76_81_93
81
69
93
70
37_69_70_81_93
81
69_70
93
37
69_70_81_93
81
70
69
93
73
76
69
70
73
36
33
70
76
76
69
81
57
33_36_37_55_67_67_69_70_71_71_74_74_76_76_79
69_70
37
69_70_81_93
81
69
93
70
33
69_70_81_93
81
36
93
69
70
76
33_36_37_70_74
33
70
36
37
33_36_69_70_73_81_93
74
81
69_93
70
69_70_81_93
69
81
93
70
37_69_70_71_81_93
73
70
69
71_81
93
67
74
37
71
74
70
67
33_36
70
55
76
33_36_57_69_69_69_69_70_73_73_76_76_81
71
79
69
70
45_69_70_81_93
33
81
69
70_93
45
37_69_70_81_93
81_93
69_70
36
37
33_36_70
70
33
36
69
33_36_69_70_81_81_93
81_93
69_70
37_69_70_81_93
69_70
81
93
73
37
76
69
76
69_69_70_81_93
73
70
69_81
93
81
70_81
33
70
36_81
57_81
33_36_37_48_60_64_67_69_70_71_72_72_76_79_81
70
69
37
69_70_76_81_93
81
70
69_81
93
69_70_81_93
70
93
81
36
69
36_37_70
70
36
33_37
36_36_69_70_81_93
81
70_93
69
69_70_74_76_81_93
70
93
69_81
37_69_70_72_81_93
74
60
70
79_93
72_81
64
76
67_69
37
70
36
70
36
71
48
31_36_55_67_67_70_71_71_74_79
72
70
72
74
43_67_70_79
31
67_70
79
43
37_67_70_79
70
79
67
36
37
31_36_70
70
31_36
31_36_67_70_74_79
70
67_79
37_67_70_79
67_70
79
37
74
67_70_76_79
70
79
67
71
74
67
70
36
71
70
67
74
31
55
79
31_36_37_53_65_65_69_69_70_72_72_74_77
76
70
37
67_70_79_91
70
67_91
79
31_67_70_72_79_91
74
70
36_79
67_91
31_36_37_70
70
31
36
37
72
31_36_67_70_71_79_91
70_91
67
79
67_70_79_91
91
70
79
67
37_67_69_70_79_91
71
69
70_91
65
69
72
67_79
65
72
37
70
36
70
31
53
77
31_36_48_70_72_72_72_76_76_79_79_84
69
70
43_67_70_79_91
31
70
67_79_91
43
37_67_70_79_91
70
36
79
67
91
37_72
79
76
79
72
76
31_36_70
70
36
31
48
31_36_55_67_67_67_70_71_71_71_74_74_79_79_91
84
72
70
91
79
67
37_67_70_79_91
70
91
67_79
37
67_70_79_91
71
67
70
74
91
67_67_79
71
74
70
70
36
31
55
79
71
28_36_37_52_64_64_68_68_70_71_71_74_76
70
37
64_70_88
70
88
64
76
76
64_70_76_88
36_70
76
88
64
36_37_70
70
36
37
36_64_70_76_88
70
76_88
64
64_70_76_88
70
76
88
64
37_64_70_76_88
70
88
76
64
37
52
36
64_71
70
68
70
68_71
74
64
28
33_36_57_69_69_69_70_73_73_76_76_81
69_76
70
45_69_70_81_93
33
69_81_93
70
45
37_69_70_81_93
36
81
70_93
69
37
33_36_70
70
33
36
33_36_69_70_76_81_93
81
69
93
70
37_69_70_81_93
81
69_70
93
37
69_70_81_93
81
70
69
93
73
76
69
70
73
36
33
70
76
76
69
81
57
33_36_37_55_67_67_69_70_71_71_74_74_76_76_79
69_70
37
69_70_81_93
81
69
93
70
33
69_70_81_93
81
36
93
69
70
76
33_36_37_70_74
33
70
36
37
33_36_69_70_73_81_93
74
81
69_93
70
69_70_81_93
69
81
93
70
37_69_70_71_81_93
73
70
69
71_81
93
67
37_74
71
74
70
67
33_36
70
55
76
33_36_57_69_69_69_69_70_73_73_76_76_81
71
79
69
70
45_69_70_81_93
33
81
69
70_93
45
37_69_70_81_93
81_93
69_70
36
37
33_36_70
70
33
36
69
33_36_69_70_81_81_93
81_93
69_70
37_69_70_81_93
69_70
81
93
73
37
76
69
76
69_69_70_81_93
73
70
69_81
93
81
70_81
33
70
36_81
57_81
33_36_37_48_60_64_67_69_70_71_72_72_76_79_81
70
69
37
69_70_76_81_93
81
70
69_81
93
69_70_81_93
70
93
81
36
69
36_37_70
70
36
33
37
36_36_69_70_81_93
81
70_93
69
76
69_70_74_81_93
70
93
69_81
37_69_70_72_81_93
74
60
70
79_93
72_81
64
76
67_69
37
70
36
70
36
71
48
31_36_55_67_67_70_71_71_74_79
72
70
72
74
43_67_70_79
31
67_70
79
43
37_67_70_79
70
79
67
36
37
31_36_70
70
31_36
31_36_67_70_74_79
70
67_79
37_67_70_79
67_70
79
37
67_70_76_79
74
70
79
67
71
74
67
70
36
71
70
67
74
31
55
79
31_36_37_53_65_65_69_69_70_72_72_74_77
76
70
37
67_70_79_91
67_70
91
79
74
31_67_70_72_79_91
70
79
36
91
67
31_36_37_70
70
31
36
37
31_36_67_70_71_79_91
72
70_91
67_79
67_70_79_91
67_70
79
91
71
37_67_69_70_79_91
69
70
65_91
69
67_72
65
79
72
37
70
36
70
31
53
77
36_36_48_48_60_64_67_70_72_72_72_76_79
69
55
55_70
57
57
55
70
55
57
70
57
55
55
57
37_70
57
55
70
36_55
57
37
57
55
36_70
55
57
70
36
57
55
55
57
36_70
57
55
70
55
57
55
57
37_55_70
57
70
57
55
37
55
57
70
57
55
70
55
57
57
55
70
55
57
70
36
57
55
55
57
36_37_70_72_74
57
55
70
55
37
57
57
55
70
55
70
57
57
55
55
70
57
36_70
57
55
55
57
57
36_37_55_70
70
55
36_57
37
57
55
55
36_70
57
70
57
55
55
57
57_70
55
70
55
57
57
55
37_70
55
57
70
57
37_55
55
36
57
70
72_79
76
57_70
55
55
57
74
48_57
55
36_69_70
55
70
57
60
64
67
57
55
55
70
57
70
57
55
36
55
57
57
37_70
55
70
55
36
57
37
57
55
36_70
55
57
70
36
57
55
55
57
36_70
57
55_70
55
57
57
55
37_70
55
70
57
57
37
55
55
70
57
57
70
55
55
57
57
70
55
70
55
36
57
57
55
36_37_69_70
55
70
37
36
70
70
70_77
77
70
36_37_70_77
70
36
37
36_41_53_65_65_69_70_72
70
77
36
70_77
77
70
37_70_77
77
70
37
70_77
72
69
70
65
41
53
77
48
36_46_46_58_62_65_65_70_70_77
72
70
36
70
70
37_70_74
77
74
70
37
36_70_74
70
36
36_70
70
36
37_70_72_74
70
37
72
70_70
70
70
70
36_37_70
70
37
36
67_70
70
70
62
58
65
65_67_70
70
36_37_70
70
36
37
70
46
36_51_51_63_67_70_70_72_75
46
65
70
36
70
70
37_70
70
67_70
63
37
70
70
51
75
51
36_43_43_55_59_62_67_70_73
72
70
36
70
70
37_70
70
37
36_70
70
36
36_70
70
36
37_70
70
37
70
70
70
70
36_37_70
70
37
36
73
70
70
70
70
36_37_70
70
36
37
36_70
70
36
70
70
37_70
70
37
70
70
36_70
70
59
62
55
70
70
43
37_70
36
70
37
36_70
70
36
36_70
70
36
37_70
70
37
70
70
70
70
36_37_70
70
37
36
70
70
41_70
70
36_37_70
70
36
37
41
36_43_51_63_67_70_70_75
70
67
36
70
70
43
37_45_70
70
51
37
70
67
70
63
70
43
75
36_45_46_46_58_58_62_65_70_70_70
34
70
65_70_70_74
70
70
74
65
37_65_70_70_74
36
70
70_74
65
37
36_65_70_70_74
70
36
36_70
70
65
70
36
74
37_65_70_70_72
70
72
65_70
37
65_70_70_72
70_72
70
65
58
65_70_70_72
70
72
70
70
65
34
36_37_53_65_65_70_70_72
29
70
37_62
36_58
65_70
70
65
53
70
72
65
29
31
55_65_67_70_70_77
70
36_37_70
46
70
36
55
67
70
65
46
37_70
77
33_36_51_51_57_63_65_67_69_70_70_70_74
31
70
75
36
70
70
70
57
65
69
74
37_58_70_70_72
34
33
70
67
70
63
37
72
70_70
70
58
70
51
34_51
36_46_46_58_58_62_65_70_70_70_75
34
70
70
36
70
70
37_70_74
74
70
37
36_70_74
70
36
36_70
70
36
74
37_70_72
72
70
37
70_72
70
70_70
72
70_70
36_37_70_70
70
37
58
36
62_65_70
58
70
70
34
53_65_65_70_70
29
70
36_37_70
70
36
65
53
37
46
29
46_70
36_51_51_55_63_67_67_70_70_72
31
65
70
75
36
70
70
55
67
31
37_57_69_70
33
70
37
70
63
67
70
70
57
69
51
33
51
72_75
36_46_46_58_58_62_65_70_70_70
34
70
65_70_70_74
70
70
74
65
37_65_70_70_74
36
74
65_70_70
37
36_65_70_70_74
70
36
36_70
70
70
65
36
74
37_65_70_70_72
70
72
65_70
37
65_70_70_72
70
65_72
70
58
65_70_70_72
70
65_72
70
70
34
36_37_53_65_65_70_70_72
29
70
37_62
36_58
65_70
70
53
70
65
65
72
29_31_55_65_67_70_70_77
70
36_37_70
46
70
65
36
70
55
67
46
37_70
36_51_51_57_63_65_67_69_70_70_70_74_77
31_33
70
75
36
70
70
65
69_70
57
74
33_34_37_58_70_70_72
70
67
70
63
37
72
70_70
70
70
58
34
51
51
36_46_46_58_58_62_65_70_70_70_75
34
70
70
36
70
70
37_70_74
74
70
37
36_70_74
70
36
36_70
70
36
74
37_70_72
72
70
37
70_72
70
70_70
72
70
70
36_37_70_70
70
58
37
36
70
62_65_70
58
70
34
65_70
29
70
70
36_37_70
70
36
37
46
46_70
29
31
36_51_51_63_67_70_70_72
65
70
75
36
70
70
31
37_70
33
70
37
70
63
67
70
70
33
51
72
51
75
36_46_46_58_58_62_65_70_70_70
34
70
65_70_70_74
70_74
70
65
37_65_70_70_74
36
74
70
70
65
37
36_65_70_70_74
70
36
36_70
70
65
70
36
74
37_65_70_70_72
70
72
65_70
37
65_70_70_72
72
70
70
65
58
65_70_70_72
70
72
70
70
65
34
36_37_53_65_65_70_70_72
29
70
37_62
36_58
65_70
70
65
53
70
65
29
31
72
55_65_67_70_70_77
70
36_37_70
46
70
36
55
67
70
65
46
37_70
33_36_51_51_57_63_65_67_69_70_70_70_74
31
77
70
75
36
70
70
70
57
65
69
74
37_58_70_70_72
34
33
70
67
70
63
37
70_70_72
70
58
70
51
34_51
36_46_46_58_58_62_65_70_70_70_75
34
70
36
70
70
70
37_70_74
74
70
37
36_70_74
70
36
36_70
70
36
37_70_72
74
72
70
37
70_72
70
70_70
72
70
70
36_37_70_70
70
37
58
36
62_65_70
58
70
70
34
70
53_65_65_70
29
70
36_37_70
70
36
65
53
37
46
29
46_70
65
36_51_51_55_63_67_67_70_70_72
31
70
75
36
70
70
55
67
31
37_57_69_70
33
70
37
70
63
67
70
70
57
69
72
51
33
51
75
36_46_46_58_58_62_65_70_70_70
34
70
65_70_70_74
70
70_74
65
37_65_70_70_74
36
74
65_70_70
37
36_65_70_70_74
70
36
36_70
70
70
65
36
37_65_70_70_72_74
70
72
65_70
37
65_70_70_72
72
70
65
70
58
65_70_70_72
70
72
65
70
70
34
36_37_53_65_65_70_70_72
29
70
37_62
36_58
65_70
70
53
70
65
65
72
29_31_55_65_67_70_70_77
70
36_37_70
46
70
65
36
70
55
67
46
37_70
36_51_51_57_63_65_67_69_70_70_70_74_77
31_33
70
75
36
70
70
65
69_70
57
33_34_37_58_70_70_72
74
70
67
70
63
37
70_70_72
70
70
58
34
51
51
36_46_46_58_58_62_65_70_70_70_75
34
70
70
36
70
70
37_70_74
74
70
37
36_70_74
70
36
36_70
70
36
37_70_72_74
72
70
37
70_72
70
70_70
72
70
70
36_37_70_70
70
58
37
36
70
62_65_70
58
70
34
70
65_70
29
70
36_37_70
70
36
37
46
46_70
29
31
36_51_51_63_67_70_70_72
65
70
75
36
70
70
31
37_70
33
70
37
70
63
67
70
70
33
51
51
75
46_58_59_70
53_82
62_65_70
34
58
72
58
58
58
58
58
58
58
58
58
58
58
58
58
58
58
58
58
58
58
58
58
58
58
58
58
58
58
58
58
58
58
58
58
58
58
58
58
58
58
58
58
58
58
58
58
58
58
58
59
58
58
58
58
58
58
58
58
58
58
58
58
58
58
58
58
58
58
58
70
58
58
58
58
58
58
58
58
34
34_58_65
62
70_82
46
53
34
70
70
70_82
70
82
82
82
82
82
