42
42
74
78
42
42
66
62
66
59
62
59
55_59_59
55_59
59
40
59
42_52
40
42
61
42_62
64
42
42
42
50
50
54
54
57
57
42
54
62
42
66
42
62
42
43
50
43
50
55
55
59
59
55
42
62_62
42
42
71
42
45
69
50
45
50_55
55_59
59
62
42_57
62
62
86
86
42
52
57
61
81
64_81
57
61
42
64
64
74
76
42
59
76
78
50_66
50_59
62
78
42
57
42
57
64
42_62
64
62
42
57
42
81
64
62
42
62
42
86
57
57
57
62
42
50
42_50
50
57
42
57
62
42
62
64
62
42
64
57
42
50
57
62
42
42
64
57
42
42
50
62
66
66
42
69
36_50_50_50_59
66
71
57
57
42
66
62
42
62
62_66
42
66
50
42
62
66
69
66
50
42
71
42
62
62_66
37
42
50_57
42
62
42
43
43
36_55
67
69
50
55
42
71
55
59
42
62
59_62
62
42
62
42
43
59_62
64
43
42
42
62
42_59
62
37
43
57_64
42
66
62
59
42_45
45_67
36_57
66
69
52
57
42
62
57_62
42
64
64
42
66
57_62
67
61
45
42
69
57
42_52
42
71
52
42
57_61
37_69
42
57
52
66
50_69
42_50
36_50
66
54_57
42
57
62
42
62_64
57_57
42
81
45_81
45_62_62
42
55
55
76
42
76
59
42
69
69
52_55_61
37_52_61
42
64
42
78
69
42
50
36_50_50
66
69
42
54
57
71
42
66
57
42_62
66
62
42
50_66
62_66
69
66
42
50
42
71
42
62
57_62_66
37
57
42
62
67
42
43_43
36_55
69
50
42
50
71
42
55
55
59
59_62
42_62
62
42
43
59_62
64
42
55
42
79
79
42_62
62
59
37
76
42
57_76
55
62
81
42
81
45_67
45
36_57
66
69
42
52
57
42
57_62
62
64
42
57_62
45_61_66
45
42
69
57
52
42
71
69
42
52
72
61
37_57
42
71
69
42_57
52
42
50
50
36_50
69
42_57
69
54
66
64
62
62
42
57
74
78
64
57_62
36_42_45
42
66
36_50
86
57_62_66
62
42
50
45
62
57_57
54
42
42_54_57_62
62
42_45_54
57
42
42_69
54
71
74
67
59_59_71
55
62_62
55
43
43
49_62_63
55_59
36_42_43_43_43
50
42_43
59
55_74
55
42
37
50
42
59_62
36_43
73
69_76
42
64
45_57
45_45_61_61
36_45_64
57_73
45
52
52
42
57
61
57
42
57_61
37
52
42
69
52_57_61
71
74_78
69
50
57
62
38
42_54_62
54
50_57
38
36_50
72
71
69
42
54
54
62
57
42
57
37
45
54
62_66
36_42_50
50
62
57
57
52
50
36_50
42
62
66
52_57
50
42
54
57
52
62_66
37
42_62
57
54
58
42
54
66
66
74
71
67
55
62
45_59_74
59_79
42_55_62_71
45_59
45_62
45_55_55_59
36_45_67
50
42
50
71
55
59
42
37_55_59
50
42
36_45
59
55
61
57_61_76
64_64_69_69_73
45_45_57_73
45_81
61_76
36_45_57
64
45
42
52
52
57
42
61_67
57
57_61
37_42
52
42
57
42_61
78
74
69
69
62
38_50_74
57_62
54_66_78
50_57
50
36_42_50_66
57
62
54
67
54
42
66
62
57
69
42
37_57_62
54_64
76
42
36_45
78
57_62
66
42
66
62
79
50_67
42
50
36_50
78
42
54
66
57
62
42
74
62
62
57
62_66
37_54
54
69
42_57
57
42
69
40_71
67
64
71
62
40_59
55_59
55_62
40
49_60_67
40_42_61_71
36_52
73
52
42
55
59
62_74
55
42_59
59_62
66
37
76
52
55
36_42_52
66_74
69
62
54_69
57_62_73
42_54
57
42
42
36_42_54
42
54
54
42
62
78
57
57_62
37
42
71
42
54
54
71
67_74
42_71
59
55_59_62_74
43_55_62
43
36_43_55
43
55
42
55
59
62
55_59
62
37_42
59
76
78
55
42
36_50
45_79
55
52
45
57
52
57
62
74_76
69
64_76
69
57_62
45
45
64
36_57_57
42_62
62
42_78
42
52
52_61_73
57
76
61
57
73
57_61
37
61
42
74
73
59
73
59
78
74
57_66
62
57_78
62
50_73
66
50
36_50
74
59
50
50
74
74
42
57
57
42
42_62_66
81
62
62
66
42
54
57
59
47_66
62_71
62
66
54_59
47_62
42_59
47
59
74
42
73
69
52
57
61
45_61
57
64
42
45_45_52_57_57_61
81
42
42
43
50
55
71
42_67
59
43
55
59
62
59
55
43
42
50
50
55
55
62
42_59
59
55
42_55
52
42
55
45
45
50
55
55
59_86
62
59
43
57
42_59
57
62
62
81
76
74
74
69
66
81
76
90
59
69
36_50_50_50_62
78
66
71
57
57
42
66
37_62
42
66
62
62_66
42
67
36_50_50
69
42
62
66
66
66
50
42_71
42
62
62_66
37
42
62
66
50_57
42
67
55
59
62
91
67
42
43
43
36_55
50
69
55
42
55_71
59
37
42
59_62
62
42
62
67
42_62
43
36_55
64
59_62
64
43
42
66
42
62
42_59
62
37
43
57_62
42
62
59
62
62
42_45
45_67
36_57
93
64
66
69
52
57
42
37_62
57_62
42
64
42
57_62
61
45
36_42_57_66
69
57
42_52
42
71
52
42
57_61
37
69
42
57
52
86
50
50
42_50
36_50
69
54
57
42
64
66
57_62
37
42
64
62
36_50_57
42
62
45
45
36_45
67
42
67
55
55
42
59
42
66
66
52
61
52_55_61
37_57
42
62
57
64
69
57
42_57
59
59
90
69
42
50_62_62
36_50_50
66
71
42
54
57
42
66
57
37
42_62
66
62
62
66
42
36_50_50
69
62_66
66
42
50
42_71
42
62
57_62_66
37
57
42
55
62
59
62
91
42
67_67
43_43
36_55
69
50_69
42
50
69
42
71
55
55
37
64
67
62
79
76
59_62
42_62
69_78
66
81
62
67
71_79
42
83
43
36_55
59_62
64
42
55
42_81
78
69
66
42_62
62
59
37
66
62
74
78
42
57
55
62
66
62
76
79
42
93
64
45
45_67
36_57
67
66
42_69
52
57
42
57_62
37_62
64
42
66
57_62
67
45_61
36_57
42
66
69
57
52
42
67
42
66
52
61
37_57
42
66
42_57
52
67
66
90
42
50
50
36_50_59
66
64
42
54
57
62
42
62
37_57
66
64_69
78
57_62
36_42_45
67
71
79
42
66
69
36_50_66
78
86
57_62_66
62
42
50
45
47
66
62
62
57
54
42
42_54_57_62
62_74
42_54_57
57
42
45
43
42_69
54
41
55
59
62
42
59_59_71
55
62_62
55
43
43_67
62_63
49_55_59_67
43
36_43_43_71
74
71
50
42_43
59
55_74
55
42
38
50
42
59_62
36_43
57
61
64_73
69
76
45
69
42_73
64
45_57
45_61_61
36_45_64
57_73
45
52
52
42
57
61
57
42
57_61
38
52
42
69
52_57_61
71
78
74
69
50
57
62
38_62
42_54_62_69
54_66
50_57
38
36_50
72
71
69
42
54
54
62
57
42
57
38
45
54
62_66
36_42_50
50
62
57
57
52
50
36_50
42
62
66
52_57
50
42
54
57
52
62_66
38_47
42_62
57
54
58
42
54
66
66
55
59
62
74
45_59_62_74
55_59_71_79
42_55_62_67_71
45_59_67
45_62
45_55_55_59
36_45_67
50
42
50
71
55
59
42
38_55_59
50
42
36_45
59
55
57
61
57_73
61_64_76
64
69
61
64_69_69_73
45_57
45_81
61_76
36_45_45_57
64
45
42
52
52
57
42
61_67
57
57_61
38_42
52
42
57
42_61
57
62
66
74
78
66_69
62
57_69
62
38_50_74
57_62
54_66_78
50_57
50
36_42_50
69
54
67
54
42
66
62
57
69
42
38_57_62
54_64
76
42
36_45
78
57_62
66
42
66
62
79
50_67
42
50
36_50
78
42
54
66
47_57
62
38
38
38
42
74
62
62
57
62_66
38
45
45
54
69
42_57
41_43_57
42
69
40
71
67
64
62
40_59
49_55_59
55_62_71
40
60_67
40_42_55_61_71
52
36_40_59
73
52
42
55
59
62_74
55
42_59
59_62
66
38
52
76
55
36_40_42
74
66_69
62
62
54_69
54_57_57_62_73
42_54
57
42_42
42
36_42
42
54
54
42
62
78
57
57_62
38
42
71
42
54
54
71
67
74
59
62
42_55_71
59
55_59_62_74
43_55_62
43
36_43_43
43
55
42
55
59
62
55_59
62
38_42
59
76
78
55
42
36_43
45_79
52
45
57
52
57
62
76
74
64_69_76
69
57_62_62_64
45_57
45
64
36_45_57
42_62
62
42_78
42
52
52_61
57
73_76
61
57
73
57_61
38_45
64
57_61
61
42
74
73
73
69
74
78
66
62
57_66
57_62
57_78
62_62
50_66_73
50_57_66
50_54
62
36_49_50_57
42_50_74
74
50
42
50
54
38
62
66
42
50
57
36_45
42
62
66
47_62
57
47
62
50
36_50
50
57
50
62
45
48
54
50
57
62
45_55_66
43
54
41_57
76
64
71
55_55_59_67
45_59
49_64
64_76
36_45_55_59
42_45
64
55
59
45
57
42
45
42
64
38_45_59
64
42_55
59
45_45_73
76
69
61_73
36_57_64
57
42
57_61
64
42
55
64
59
45
52_57_61
45
36_42_45_45
64
57
61
45_57
42
42
64
42
61
38_45_45_64
57
61
61
69
57
57
42
57
52
69
42
62
62
54_54_57_74
57_69
49_62_66
42
54_57_62
36_42_54_57
42
42_42
69
74
42
42_54
42
42
62
38_42_42_57
54
71
62_62
59
55_59
43_46_55
74
62
59_62_71
36_43_55_59
43_55_67
43
42
69
43
59_62
67
42
43
43_55
59
62_62
42_59
38_47
59
55
50
42
36
76
71
67
64_64
42_49_55_59
55_59_76
45_64
36_45_59_64
55_59
55
45
42
49
45
45
45
64
42
59
38_52_59
55
64
73
73_76
69
71
61
64
57
61
57_61
57
36_45_52_57_64
46_61
57_64
45
73
71
69
42
45_61
64
57
42_45
52
57
61
64
57_61
42
38_57
69
57
52
46
45
74
62_71
59_67
55_71
43_62
43_59
55
62
55_59
62
36_55_55
49_59
43
42
73
42
43
43
59_62_74
38_42_55_62
55_59
76
52
55
42
62_76
57_64
62_64_74
45_49_57
45_52_69
57_62
36_38_45_57
64
44_57_62
57
62
64
45
52
57_62_64
57_62_62
57_64
57
62
64
57
44
81
57
64
38_62
52
57
45
73
52
57
61
45
64
45_47_57_59_64
45_57_61
57_61
61_64
47
44
47_57
57
61_64
36_47_54
57_61_62
57
54_61_64
42_52
57_64
61
45_50_57
64
61
43_47
69
57
41_45
44
52
41_42
64
57_61
55
43
59_59_71_74
62_67_71
55_62
43
62_67
55_63
59
36_42_43_43_49
43
50
55
42
59
55
62
59
55_74
59
62
42
38
50
42
36_43
59_62
57
61
64
73
69_76
69
42
57_61
64
45_45_64
57
45_45_61
36_45
73
57
52
61
42
42
64
61
45
38_57_61
52
42
69
57
64
61
71
78
57_74
57_62
38_50_54
42_50_54_62_69
62
38_66_69
36_50
72
71
69
57
42
54
62
57_66
62
42
38
45
50
54
36_42_50
50
66
62_62
57
57
57
52
50
50
36_50
42
57
52_57
62
42
54
57
52
38_47
66
62
42_62
57
54
58
42
54
66
55
62
66
66
59
62
67
67
74
71
45_55_62_74
59_79
42_71
59
45_62_62
55_59
36_45_45_55
67
45
50_55
42
71
55
59
42_62
59
38
42
50
36_45
62
59
57
61
64
69
45
73_76
61
57
64
61
45_64_69_73
57
81
61_76
36_57_57
64
45
42
69
61_64
52
45
42
61_67
57
64
38_42_61
52
42
57
61
64
42
62
66
78
74
69
50
69
62
38_50_74
57_62
54_78
57
54_66
36_42_50_62
57
38
69_71
57
54
67
42
66
62
57
62
66
69
42
38
54_64
76
42
36_45
78
57_62
66
66
42
62
47
79
50_67
42
36_50
50
66
62
50
78
42
54
66
50
38
38
38
62_66_74
62
62
57
38
47
45
54
69
43
45_57
57
36_69
69
41
67
71
64
59
55
62
40_40_49
60_67_71_71
55_59_71
62_62
36_40_40_59_59
55
52
40
61
73
52
42_73
55
62_62_74
74
55_64
42_59
59
38
64
76
52
55
76
36_40_42
54
57_62
42_62
54
57_69
62_73
42_54
69
57_74
42
66
36_42_42
42
54_54
42
62_66
78
78
57
38
42
62
57
71
42
59
71
60
54
42
62
54
57
74
67
71
55
59
62
42_59_71
59_62
43_55_55_62_74
43_43
36_43_43
55
42
55
59_62
62
38_42
59
76
78
55
55
42
36_43
45_79
45
52
52
57
57
62
62
62
74
64_76
57_62_69_76
64_69
57
45
45
64
36_45_57
42_62_74
52
42_78
42
52_61
57
61
76
73
73
57_61
38_57_61
61
42_73
74
73
73
57
62
78
74
66
57_62_69
42_57_62_62_66
50_50_59_73
38_66_74
50
36_50
66
74
57
57
42
66
62
38_66
62
42
57
42
36_45
57_59
62
66
62
50
66
50
36_42_50
62_66
69
47
42_57
71
62
57
66
62_62_74
66
45_45
43
78
57
41_42
81
69
69
57
52
55
59
59
62
40_55_64
40_67_71
40_71
55_67_71
42_59_59_83
62
40_49
71
36_40
61
73
52
42
52
73
62
55
59
59
55
74
62
74
38
42
76
64
76
36
52
42
74
69
66
69
73
42_42
54
42_57
57_62
54_62
42
54
57
36_42_62
42
54
54
42
62_78
57_66
62
57
38_42
78
54
59_71
42
78
76
74
74
67
71
43
62_71
59_62
55_59
55_59_74
43_62
55
43
42_61
43
36_43
55
55
42
43
59_62
43
62
59
55_78
57
45
62
79
78
45
55
55
64
59
59
62
69_74
76
69
62
62_62_64_76
45_57_57_64_69
67
45
45_62
74
78
52
57
52
45
61
57
45
61
76
57_64
73
61
73
61_61_69
57
73
64
57
61
74
73
59
59
73
57
62
78
66
74
74
62
62_66
38
57
66_74
73
42
50
62
36_50
49
50_69
50
74
57
57
42
62
62
42
62
57_66
50
66
62
57
42
42
57
66
62
42
62
59
71
52
61
73
54
59
55
74
57_62
59
45_51_59_62
45
55
73
61
57
61
57
61
57
52
59_62
59_71
55
59
55
52
64
61
69
52
57
52
49
57
59
59
59
59
38
50
50
50
45
59
57
50_54
38_50
62
50
54
62
50
54
57
66
66
54
57
62
57
69
57_69
62
62
62
74
