61_65_70
65
70
61
61_65_70
61
65
70
61_65_70
61
65
70
61_65_70
61
65
70
61_65_70
61
65
70
32_36_61_67_74
36
74
61
67
32
34_46_74
74
61_67
46
40_74
61
34
67
40
74
32_36_61_67_74
74
36
32
61
67
32_36_61_67_74
36
74
36
67
61
36
32
34_36_46_74
36
74
61_67
46
34
40
61
67
40
32_36_61_67_74
36
74
61
67
32
34_46_74
74
61_67
46
40_74
61
34
67
40
74
32_36_61_67_74
74
36
32
61
67
32_36_61_67_74
36
74
67
61
32
34_36_46_74
36
74
61_67
46
34
40_40
61
67
40
40
40
40
40
40
34_36_36_42_49_54_61_67_74_82_85
42
82
36
49
74
36_54_54_80
34
61
67
80
34_46_46_54_54_74_82
82
74
54_54_61_67_79
85
34
46
46
32_39_40_40_54_54_74_80_82
61
67
80
79
82
40
39
40
74
54_54
32
32_36_36_42_54_54_58_61_61_67_74_82_85
85
58
61
42
36
82
74
36
40_54_54_58_61
61
67
32
58
61
40
31_36_36_42_54_54_58_61_61_67_74
42
36
36
74
40_54_54_79
58_61
79
67
40
61
31_36_42_46_54_54_58_61_74
58_61
42
36
74
31_54_54_58_61_61_67
58
61
46
31
39_40_40_54_54_58_61_84
61
67
58
61
84
39
40
40
30_54_54_58_61
58
61
30
31_36_46_54_54_60
46
36
40_42_54_54
60
31
42
40
34_36_36_42_54_54_61_67_74
42
36
36
74
54_54
61
34
67
34_46_46_54_54_74
74
54_54_61_67
34
46
32_39_40_40_54_54_74_82
46
61
67
39
40
82
40
74
54_54_80
32
80
32_36_36_42_54_54_58_61_65_67_74
58_65
36
42
74
36
54_54_58_65_79
61
67
32
65
58
79
36_36_37_42_54_54_58_61_61_65_67_74
61
58
65
36
36
74
42
36_54_54_61_65
65
61_67
61
36
37
36_42_46_54_54_61_65_74
61_65
42
36
74
37_54_54_61_61_65_67
61
46_65
37_39_40_40_54_54_61_65_75
61
67
39
40
61
65
75
40
29_54_54_60_63_73
60
63
73
29
32_36_46_54_54_60
46
36
60
40_42_54_54
42
32
40
34_36_36_42_54_54_61_67_74_82
42
82
36
74
36_54_54_80
34
61
67
80
34_46_46_54_54_74_82
82
74
54_54_61_67
34
46
46
32_39_40_40_54_54_74_80_82
61
67
80
82
40
39
40
74
54_54
32
32_36_36_42_54_54_58_61_61_67_74_82
61
58
42
36
82
74
36
40_54_54_58_61
61
67
32
58
61
40
31_36_36_42_54_54_58_61_61_67_74
42
36
36
74
40_54_54
61
58
67
40
61
31_36_42_46_54_54_58_61_74
58_61
42
36
74
31_54_54_58_61_61_67
58
61
46
31
39_40_40_54_54_58_61
61
67
58
61
39
40
40
30_54_54_58_61
58
61
30
31_36_46_54_54_60_67_72_73
46
67_72
36
40_42_54_54_73
60
31
42
40
34_36_36_42_54_54_61_67_69_74
69
70
42
36
36
74
54_54_69
70
61
34
67
70
69
34_46_46_54_54_74
70
69
74
69
54_54_61_67_70
34
69
70
46
32_39_40_40_54_54_70_74
46
69
61
67
70
39_69
40
40
74
54_54_70
69
32
70
69
32_36_36_42_54_54_58_61_65_67_70_74
69
65
58
69
70
36
42
74
36
69
54_54_58_65_70
61
67
32
65
58_69
70
36_36_37_42_54_54_61_61_65_67_69_70_74
70
61
65
69
36
36
74
42
69
36_54_54_61_65_70
61
65
67
70
61
36
37
36_42_46_54_54_61_65_69_70_74
61
65
69
69
70
42
36
74
37_54_54_61_61_65_67
69
61
65
46
70
37_39_40_40_54_54_61_65_69
61
70
67
39
69
70
40
61_65
40
29_54_54_60_63_69
70
70
60_69
63
29
32_36_46_54_54_60_69
70
70
69
46
36
60
40_42_54_54_69
69
70
42
32
40
34_36_36_42_54_54_61_67_74_82_85
42
82
36
74
36_54_54_80
34
61
67
80
34_46_46_54_54_74_82
82
74
54_54_61_67_79
85
34
46
46
32_39_40_40_54_54_74_80_82
61
67
80
79
82
40
39
40
74
54_54
32
32_36_36_42_54_54_58_61_61_67_74_82_85
85
58
61
42
36
82
74
36
40_54_54_58_61
61
67
32
58
61
40
31_36_36_42_54_54_58_61_61_67_74
42
36
36
74
40_54_54_79
58_61
79
67
40
61
31_36_42_46_54_54_58_61_74
58_61
42
36
74
31_54_54_58_61_61_67
58
61
46
31
39_40_40_54_54_58_61_84
61
67
58
61
84
39
40
40
30_54_54_58_61
58
61
30
31_36_46_54_54_60
46
36
40_42_54_54
60
31
42
40
34_36_36_42_54_54_61_67_74
42
36
36
74
54_54
61
34
67
34_46_46_54_54_74
74
54_54_61_67
34
46
32_39_40_40_54_54_74_82
46
61
67
39
40
82
40
74
54_54_80
32
80
32_36_36_42_54_54_58_61_65_67_74
58_65
36
42
74
36
54_54_58_65_79
61
67
32
65
58
79
36_36_37_42_54_54_58_61_61_65_67_74
61
58
65
36
36
74
42
36_54_54_61_65
65
61_67
61
36
37
36_42_46_54_54_61_65_74
61_65
42
36
74
37_54_54_61_61_65_67
61
46_65
37_39_40_40_54_54_61_65_75
61
67
39
40
61
65
75
40
29_54_54_60_63_73
60
63
73
29
32_36_46_54_54_60
46
36
60
40_42_54_54
42
32
40
34_36_36_42_54_54_61_67_74_82
42
82
36
74
36_54_54_80
34
61
67
80
34_46_46_54_54_74_82
82
74
54_54_61_67
34
46
46
32_39_40_40_54_54_74_80_82
61
67
80
82
40
39
40
74
54_54
32
32_36_36_42_54_54_58_61_61_67_74_82
61
58
42
36
82
74
36
40_54_54_58_61
61
67
32
58
61
40
31_36_36_42_54_54_58_61_61_67_74
42
36
36
74
40_54_54
61
58
67
40
61
31_36_42_46_54_54_58_61_74
58_61
42
36
74
31_54_54_58_61_61_67
58
61
46
31
39_40_40_54_54_58_61
61
67
58
61
39
40
40
30_54_54_58_61
58
61
30
31_36_46_54_54_60_67_72_73
46
67_72
36
40_42_54_54_73
60
31
42
40
34_36_36_42_54_54_61_67_69_74
69
70
42
36
36
74
54_54_69
70
61
34
67
70
69
34_46_46_54_54_74
70
69
74
69
54_54_61_67_70
34
69
70
46
32_39_40_40_54_54_70_74
46
69
61
67
70
39_69
40
40
74
54_54_70
69
32
70
69
32_36_36_42_54_54_58_61_65_67_70_74
69
65
58
69
70
36
42
74
36
69
54_54_58_65_70
61
67
32
65
58_69
70
36_36_37_42_54_54_61_61_65_67_69_70_74
70
61
65
69
36
36
74
42
69
36_54_54_61_65_70
61
65
67
70
61
36
37
36_42_46_54_54_61_65_69_70_74
61
65
69
69
70
42
36
74
37_54_54_61_61_65_67
69
61
65
46
70
37_39_40_40_54_54_61_65_69
61
70
67
39
69
70
40
61_65
40
29_54_54_60_63_69
70
70
60_69
63
29
32_36_46_54_54_60_69
70
70
69
46
36
60
40_42_54_54_69
69
70
42
32
40
34_36_36_42_54_54_61_61_65_67_70_74_85
42
36
74
36_54_54
34
61
67
34_46_46_54_54_74
74
54_54_61_67_79
85
34
46
46
32_39_40_40_54_54_74
61
67
79
40
39
40
74
54_54
32
32_36_36_42_54_54_61_67_74_85
85
42
36
74
36
40_54_54
61
67
32
40
31_36_36_42_54_54_61_67_74
42
36
36
74
40_54_54_79
79
67
40
61
31_36_42_46_54_54_74
42
36
74
31_54_54_61_67
65
70
46_61
31
39_40_40_54_54_61_65_70_84
61
67
84
39
40
61
65
70
40
30_54_54
30
31_36_46_54_54_60
46
36
40_42_54_54
60
68
31
70
68
42
40
34_36_36_42_54_54_61_67_74
70
42
36
36
74
54_54
61
34
67
64
65
64
34_46_46_54_54_74
65
74
54_54_61_67
63
34
46
32_39_40_40_54_54_74
46
61_63
67
39
40
40
74
54_54
32
61
32_36_36_42_54_54_61_67_74
61
36
42
74
36
54_54
61
67
32
63
36_36_37_42_54_54_61_67_74
63
36
36
74
42
36_54_54
61
67
61
36
37
61
36_42_46_54_54_74
42
36
74
37_54_54_61_67
63
46
63
37_39_40_40_54_54_75
61
67
39
40
75
40
29_54_54_73
61
73
29
61
32_36_46_54_54_60
46
36
60
40_42_54_54
63
42
32
40
34_36_36_42_54_54_61_67_74_82
65
63
42
82
36
74
36_54_54_80
34
63_65
61
67
80
63
34_46_46_54_54_74_82
65
82
74
54_54_61_67
34
65
46
46
32_39_40_40_54_54_74_80_82
61
67
80
82
40
39
40
74
54_54
32
32_36_36_42_54_54_61_67_74_82
42
36
82
74
36
40_54_54
61
67
32
40
31_36_36_42_54_54_61_67_74
42
36
36
74
40_54_54
67
40
61
31_36_42_46_54_54_74
42
36
74
31_54_54_61_67
46
31
39_40_40_54_54
61
67
39
40
40
30_54_54
30
31_36_46_54_54_60
46
36
40_42_54_54
58
60
31
58
42
40
34_36_36_42_54_54_61_67_74
58
42
58
36
36
74
54_54
61
34_61
67
34_46_46_54_54_74
61
74
54_54_61_67
63
34
46
32_39_40_40_54_54_74
46
61
63
67
39
40
40
74
54_54
32
61
32_36_36_42_54_54_61_67_74
61
36
42
74
36_63
54_54
61
67
32
65
63_64
64
36_36_37_42_54_54_61_67_74
63
65
36
36
74
42
36_54_54
67
61
36
63
37
36_42_46_54_54_74
61
61
42
36
74
37_54_54_61_67
61
46
37_39_40_40_54_54
61
61
63
67
39
40
40
29_54_54
29
32_36_46_54_54_60
61_63
61
46
36
60
40_42_54_54
61
42
32
40
34_36_36_42_54_54_61_61_65_67_70_74
42
36
74
36_54_54
34
61
67
34_46_46_54_54_74
74
54_54_61_67
34
46
46
32_39_40_40_54_54_74
61
67
40
39
40
74
54_54
32
32_36_36_42_54_54_61_67_74
42
36
74
36
40_54_54
61
67
32
40
31_36_36_42_54_54_61_67_74
42
36
36
74
40_54_54
61
67
40
61
31_36_42_46_54_54_74
42
36
74
31_54_54_61_67
65
70
46_61
31
39_40_40_54_54_61_65_70
61
67
39
40
61
65
70
40
30_54_54
30
31_36_46_54_54_60
46
36
40_42_54_54
70
60
31
42
40
34_36_36_42_54_54_61_67_74
70
42
36
36
74
54_54
64
61
34
65
67
64
34_46_46_54_54_74
65
74
54_54_61_67
63
34
46
63
32_39_40_40_54_54_74_82
46
61
67
39
40
82
40
74
54_54_80
61
32
80
61
32_36_36_42_54_54_61_67_74
36
42
74
36
54_54_79
61
67
32
63
79
63
36_36_37_42_54_54_61_67_74
36
36
74
42
36_54_54
61
67
61
36
37
61
36_42_46_54_54_74
42
36
74
37_54_54_61_67
63
46
37_39_40_40_54_54_75
61
63
67
39
40
75
40
29_54_54_73
61
73
61
29
32_36_46_54_54_60
46
36
63
60
40_42_54_54
65
63
42
32
40
34_36_36_42_54_54_61_63_67_74_82
65
42
82
36
74
36_54_54_61_80
34
61
63
67
80
61
58
34_46_46_54_54_74_82
82
74
54_54_61_67
34
46
46
32_39_40_40_54_54_74_80_82
61
67
80
82
40
39
40
74
54_54
32
32_36_36_42_54_54_61_67_74_82
42
36
82
74
36
40_54_54
61
67
32
58
40
31_36_36_42_54_54_61_67_74
42
36
36
74
40_54_54
67
40
61
31_36_42_46_54_54_74
42
36
74
31_54_54_61_67
46
31
39_40_40_54_54
61
67
39
40
40
30_54_54
30
31_36_46_54_54_60
46
36
40_42_54_54
58
60
31
58
42
40
34_36_36_42_54_54_61_67_74
58
42
36
58
36
74
54_54
61
34
61
67
34_46_46_54_54_74
61
74
54_54_61_67
63
34
46
32_39_40_40_54_54_74
46
63
61
67
39
40
40
74
54_54
32
61
32_36_36_42_54_54_61_61_67_74
36
42
74
36
54_54
61
67
32
65
36_36_37_42_54_54_61_67_74
65
36
36
74
42
36_54_54
68
67
61
36
37
36_42_46_54_54_74
68
42
36
74
37_54_54_61_67
63
63
46
65
37_39_40_40_54_54
61
63
67
65
39
40
40
29_54_54
29
63
32_36_46_54_54_60
61
61
46
36
60
40_42_54_54
61
42
32
40
36_36_39_42_54_54_58_61_61_65_67_74
42
36
74
36_54_54
61
67
46_46_54_54_74
74
54_54_61_67
46
46
39_40_40_54_54_61_65_68_74
58
65
61_61
67
40
39
40
74
54_54
61
36_36_37_42_54_54_61_67_74
39
42
36
74
36
40_54_54
61
67
40
68
61
36_36_36_37_42_54_54_61_63_66_67_70_74
65
42
36
36
74
40_54_54
68
67
40
61
36_42_46_54_54_74
68
42
36
74
54_54_61_67
70
46
63
70
36_70
39_40_40_41_54_54_65_68_73
61
66
67
39
40
40
54_54
70
70
36_46_54_54_60
68
73
46
36_73
40_42_54_54
65
75
60
73
42
40
32_36_36_42_54_54_61_67_74
75
41
42
36
36
74
54_54
61
73
67
32
34_46_46_54_54_74
73
74
54_54_61_67
70
46
39_40_40_54_54_74_82
46
70
61
34
67
39
40
82
40
74
54_54_80
68
80
68
32_36_36_42_54_54_61_67_74
36
42
74
36
54_54_79
32
61
67
75
79
32_36_36_42_54_54_61_67_74
75
36
36
74
42
36_54_54
73
67
61
36
32
34_36_42_46_54_54_74
73
42
36
74
54_54_61_67
70
46
34
39_40_40_54_54_75
61
70
67
39
40
75
40
54_54_73
68
73
68
36_46_54_54_60
70
46
36
60
40_42_54_54
70
42
40
36_36_39_42_54_54_61_67_68_72_74_75
68
42
36
75
70
74
36_54_54_70_73_77
68
68
61
72
67
73
46_46_54_54_68_72_74_75
68
70
77
70
68
74
68
65
54_54_61_65_67_68_73
72
75
46
46
65
65
39_40_40_54_54_63_66_70_74
73
68
61
67
40
39
40
74
54_54
70
66
39
63
36_36_37_42_54_54_61_61_65_67_68_74
42
36
74
36
40_54_54
61
67
65
61
40
68
36_36_36_42_54_54_61_61_65_67_68_74
37
42
36
36
61
65_74
40_54_54_63_66_70
68
67
40
61
63
70
66
36_42_46_54_54_61_65_68_74
61
42
61
68
36
74
65
54_54_58_61_61_65_67
61
46
65
58_61
36
39_40_40_41_54_54_58_61_65
61
63
67
39
40
40
54_54
63
36_46_54_54_60
61
61
65
46_58
61
36
40_42_54_54
60
42
40
32_36_36_42_54_54_61_67_74
63
41
42
36
36
74
54_54
63
65
61
67
32
34_46_46_54_54_74
65
68
74
54_54_61_67
68
46
39_40_40_54_54_74
70
46
61
34
67
39
40
40_70
74
54_54
32_36_36_42_54_54_61_67_74
65
36
42
63
74
36
54_54
32
61
65_67
61
63
32_36_36_42_54_54_61_67_74
61
58
36
36
74
42
36_54_54
67
61
36
32
34_36_42_46_54_54_74
42
36
74
54_54_61_67
58
46
34
39_40_40_54_54
61
61
67
39
40
63
61
40
54_54
36_46_54_54_60
61_63
46
36
60
40_42_54_54
42
40
36_36_39_42_54_54_58_61_61_65_67_74
42
36
74
36_54_54
61
67
46_46_54_54_74
74
54_54_61_67
46
46
65
58
39_40_40_54_54_61_65_68_74
61
61
67
40
39
40
74
54_54
39
36_36_37_42_54_54_61_67_74
42
36
74
36
40_54_54
61
67
61
40
65
36_36_36_42_54_54_61_63_66_67_70_74
37
61
68
42
36
36
74
40_54_54
70
67
40
61
36_42_46_54_54_74
70
42
36
74
54_54_61_67
70
46
66
70
63
70
39_40_40_41_54_54_65_68_73
61
36
67
39
40
40
54_54
70
36_46_54_54_60
70
68
65
73
46
36
40_42_54_54
60
75
73
73
42
40
32_36_36_42_54_54_61_67_74
75
41
42
36
36
74
54_54
73
61
67
32
73
34_46_46_54_54_74
74
54_54_61_67
70
46
70
39_40_40_54_54_74_82
46
61
34
67
39
40
82
40
74
54_54_80
68
80
68
32_36_36_42_54_54_61_67_74
36
42
74
36
54_54_79
32
61
67
75
79
32_36_36_42_54_54_61_67_74
75
36
36
74
42
36_54_54
73
67
61
36
32
34_36_42_46_54_54_74
73
42
36
74
54_54_61_67
70
46
34
39_40_40_54_54_75
61
67
39
40
75
70
40
54_54_73
68
73
68
36_46_54_54_60
70
46
36
60
40_42_54_54
70
42
40
36_36_39_42_54_54_61_67_68_72_74_75
68
42
68
36
70
74_75
36_54_54_70_73_77
68
72
61
67
73
46_46_54_54_68_72_74_75
68
70
70
77
68
74
65
54_54_61_65_67_68_70_73
68
72
70
75
46
46
65
39_40_40_54_54_63_66_70_74
73
68
61
65
67
40
39
40
74
54_54
66
70
36_36_37_42_54_54_61_61_65_67_68_74
39
63
42
36
74
36
40_54_54
61
67
40
37
36_36_36_42_54_54_61_67_74
42
36
36
74
40_54_54
67
40
61
36_42_46_54_54_74
58
42
36
74
54_54_61_67
58
68
46
36
39_40_40_41_54_54
61
61
61
65
67
39
40
40
54_54
61
36_46_54_54_60
63
46
63
36
40_42_54_54
60
42
40
36_36_42_54_54_61_65_67_74_75
42
36
36
74
54_54_65
61
67
75
46_46_54_54_70_74
68
74
68
54_54_61_67
46
70
39_40_40_54_54_67_74
46
70
61
67
39
40
40
74
54_54
70
67
36_36_42_54_54_61_63_67_74
68
36
42
74
36
54_54
70
61
67
68
70
73
36_36_42_54_54_61_67_73_74
63
36
36
74
42
36_54_54
67
61
36_73
36_42_46_54_54_68_74
42
41
36
74
54_54_61_67
73
46
68
76
39_40_40_41_54_54_65
61
77
76
67
39
40
40
54_54
65
77
36_46_54_54_60_61
75
46
36
60
40_42_54_54
41
42
40
61
34_36_36_42_49_54_54_61_67_74_82_85
58
42
82
36
49
74
36_54_54_80
34
75
61
67_73
80
34_46_46_54_54_74_82
73
70
82
74
54_54_61_67_79
85
58
34
46
46
70
32_39_40_40_54_54_74_80_82
61
67
80
79
82
40
39
40
74
54_54
32
32_36_36_42_54_54_58_61_61_67_74_82_85
85
58
61
42
36
82
74
36
40_54_54_58_61
61
67
32
58
61
40
31_36_36_42_54_54_58_61_61_67_74
42
36
36
74
40_54_54_79
58_61
79
67
40
61
31_36_42_46_54_54_58_61_74
58_61
42
36
74
31_54_54_58_61_61_67
58
61
46
31
39_40_40_54_54_58_61_84
61
67
58
61
84
39
40
40
30_54_54_58_61
58
61
30
31_36_46_54_54_60
46
36
40_42_54_54
60
70
31
42
40
70
34_36_36_42_54_54_61_67_74
42
36
36
74
54_54
61
65
34
67
34_46_46_54_54_74
65
74
54_54_61_67
63
34
46
32_39_40_40_54_54_74_82
46
61
67
39
40
82
40
74
54_54_80
63
61
32
80
32_36_36_42_54_54_58_61_65_67_74
58_65
36
42
74
36
54_54_58_65_79
61
67
32
65
58
79
36_36_37_42_54_54_58_61_61_65_67_74
61
58
65
36
36
74
42
36_54_54_61_65
65
61_67
61
36
37
36_42_46_54_54_61_65_74
61_65
42
36
74
37_54_54_61_61_65_67
61
46_65
37_39_40_40_54_54_61_65_75
61
67
39
40
61
65
75
40
29_54_54_60_63_73
61
60
63
73
29
32_36_46_54_54_60
63
46
36_63
60
40_42_54_54
42
32
40
34_36_36_42_54_54_61_61_67_74_82
63
42
61
82
36
74
36_54_54_80
34
61
67
80
34_46_46_54_54_74_82
82
74
54_54_61_67
34
46
46
32_39_40_40_54_54_74_80_82
61
61_63
67
80
82
40
39
40
74
54_54
32
32_36_36_42_54_54_58_61_61_67_74_82
61
58
42
36
82
74
36
40_54_54_58_61
61
67
32
58
61_61
40
31_36_36_42_54_54_58_61_61_67_74
58
42
36
36
74
40_54_54
58
56
61
58
67
40
61
56
31_36_42_46_54_54_58_61_74
53
58_61
42
36
74
31_54_54_58_61_61_67
58
61
53
46
31
39_40_40_54_54_58_61
61
67
58
61
39
40
40
30_54_54_58_61
58
61
30
31_36_46_54_54_60_67_72_73
46
67_72
36
40_42_54_54_73
60
31
42
40
58
34_36_36_42_54_54_61_67_69_74
69
70
58
42
36
36
74
54_54_69
70
58
61
34
67
70
69
34_46_46_54_54_74
70
58
69
74
69
54_54_61_67_70
61
34
69
70
46
32_39_40_40_54_54_70_74
46
69
61
61
67
70
39_69
40
40
74
54_54_70
69
32
63
70
69
32_36_36_42_54_54_58_61_65_67_70_74
69
63
65
58
69
70
36
42
74
36
69
54_54_58_65_70
61
67
32
65
65
58_69
70
36_36_37_42_54_54_61_61_65_67_69_70_74
65
70
61
65
69
36
36
74
42
69
36_54_54_61_65_70
68
61
65
67
70
61
36
37
68
36_42_46_54_54_61_65_69_70_74
61
65
69
69
70
42
36
74
65
37_54_54_61_61_65_67
69
61
65
46
70
37_39_40_40_54_54_61_65_65_69
61
70
63
67
39
69
70
40
61_65
40
29_54_54_60_63_69
70
61
63
70
60_69
63
29
61
32_36_46_54_54_60_69
70
58
70
69
46
36
60
40_42_54_54_69
69
70
42
32
40
34_36_36_42_54_54_61_67_74_85
42
36
74
36_54_54
34
61
67
34_46_46_54_54_74
74
54_54_61_67_79
85
34
46
46
32_39_40_40_54_54_74
61
67
58
79
40
39
40
74
54_54
32
32_36_36_42_54_54_58_61_61_67_74_85
85
58
61
42
36
74
36
40_54_54_58_61
61
67
32
58
61
40
31_36_36_42_54_54_58_61_61_67_74
42
36
36
74
40_54_54_79
58_61
79
67
40
61
31_36_42_46_54_54_58_61_74
58_61
42
36
74
31_54_54_58_61_61_67
58
61
46
31
39_40_40_54_54_58_61_84
61
67
58
61
84
39
40
40
30_54_54_58_61
58
61
30
31_36_46_54_54_60
46
36
40_42_54_54
60
70
31
42
40
70
34_36_36_42_54_54_61_67_74
42
36
36
74
54_54
63
61
34
65
67
63
34_46_46_54_54_74
65
74
54_54_61_67
63
34
46
32_39_40_40_54_54_74_82
46
61
67
39
40
82
40
74
54_54_80
63
32
61
80
32_36_36_42_54_54_58_61_65_67_74
58_65
36
42
74
36
54_54_58_65_79
61
67
32
65
58
79
36_36_37_42_54_54_58_61_61_65_67_74
61
58
65
36
36
74
42
36_54_54_61_65
65
61_67
61
36
37
36_42_46_54_54_61_65_74
61_65
42
36
74
37_54_54_61_61_65_67
61
46_65
37_39_40_40_54_54_61_65_75
61
67
39
40
61
65
61
75
40
29_54_54_60_63_73
60
63
73
29
32_36_46_54_54_60
63
46
36
60
40_42_54_54
63
42
32
40
34_36_36_42_54_54_61_67_74_82
63
42
82
36
74
36_54_54_80
34
61
67
80
34_46_46_54_54_74_82
82
74
54_54_61_67
63
34
46
46
32_39_40_40_54_54_63_74_80_82
61
67
65
80
63
82
40
39
40
74
54_54
32
63
65
32_36_36_42_54_54_58_61_61_67_74_82
61_63
61
58
63
63
42
36
82
74
36
58_61
40_54_54_58_61
61
67
32
58
61
40
58
31_36_36_42_54_54_58_61_61_67_74
42
36
36
74
40_54_54
61
58
67
40
61
31_36_42_46_54_54_58_61_74
58_61
42
36
74
31_54_54_58_61_61_67
58
61
46
31
39_40_40_54_54_58_61
61
67
58
61
39
40
40
30_54_54_58_61
58
61
30
31_36_46_54_54_60_67_72_73
46
67_72
36
40_42_54_54_73
60
70
31
42
40
34_36_36_42_54_54_61_67_69_74
70
69
70
42
36
36
74
54_54_69
70
64
61
34
65
67
64
70
69
34_46_46_54_54_74
70
65
69
74
69
54_54_61_67_70
63
34
69
70
46
32_39_40_40_54_54_70_74
46
69
61
63
67
70
39_69
40
40
74
54_54_70
69
32
61
70
69
32_36_36_42_54_54_58_61_65_67_70_74
69
61
65
58
69
70
36
42
74
36
69
54_54_58_65_70
61
67
32
68
65
58_69
70
36_36_37_42_54_54_61_61_65_67_69_70_74
68
70
61
65
69
36
36
74
42
69
36_54_54_61_65_70
70
61
65
67
70
61
36
37
36_42_46_54_54_61_65_69_70_74
70
61
65
69
69
70
42
36
74
37_54_54_61_61_65_67
69
63
61
65
46
70
37_39_40_40_54_54_61_65_69
61
70
67
39
69
70
40
61_65
40
29_54_54_60_63_69
70
63
61
70
60_69
63
29
32_36_46_54_54_60_69
70
70
69
46
36
60
40_42_54_54_69
69
70
42
32
40
34_36_36_42_54_54_61_61_65_67_70_74_85
42
36
74
36_54_54
34
61
67
34_46_46_54_54_74
74
54_54_61_67_79
85
34
46
46
32_39_40_40_54_54_74
61
67
79
40
39
40
74
54_54
32
32_36_36_42_54_54_61_67_74_85
85
42
36
74
36
40_54_54
61
67
32
40
61
31_36_36_42_54_54_61_67_74
42
36
36
74
40_54_54_79
79
67
40
61
31_36_42_46_54_54_74
42
36
74
31_54_54_61_67
65
70
46_61
31
39_40_40_54_54_61_65_70_84
61
67
84
39
40
61
65
70
40
30_54_54
30
31_36_46_54_54_60
46
36
40_42_54_54
60
70
31
42
40
34_36_36_42_54_54_61_67_74
70
42
36
36
74
54_54
61
34
67
64
65
64
34_46_46_54_54_74
65
74
54_54_61_67
63
34
46
32_39_40_40_54_54_74_82
46
61
67
63
39
40
82
40
74
54_54_80
32
61
80
32_36_36_42_54_54_61_67_74
61
36
42
74
36
54_54_79
61
67
32
63
79
36_36_37_42_54_54_61_67_74
36
36
63
74
42
36_54_54
61
67
61
36
37
36_42_46_54_54_74
61
42
36
74
37_54_54_61_67
63
46
37_39_40_40_54_54_75
61
63
67
39
40
75
40
29_54_54_73
61
73
29
61
32_36_46_54_54_60
46
36
60
40_42_54_54
63
42
32
40
34_36_36_42_54_54_61_67_74_82
42
82
36
74
36_54_54_80
34
61
63
67
61
80
34_46_46_54_54_74_82
61
58
82
74
54_54_61_67
34
58
46
46
32_39_40_40_54_54_74_80_82
61
67
80
82
40
39
40
74
54_54
32
32_36_36_42_54_54_61_67_74_82
42
36
82
74
36
40_54_54
61
67
32
40
31_36_36_42_54_54_61_67_74
42
36
36
74
40_54_54
67
40
61
31_36_42_46_54_54_74
42
36
74
31_54_54_61_67
46
31
39_40_40_54_54
61
67
39
40
40
30_54_54
30
31_36_46_54_54_60
46
36
40_42_54_54
60
31
42
40
34_36_36_42_54_54_58_61_67_74
58
42
36
36
74
54_54
58
61
34
67
34_46_46_54_54_74
58
74
54_54_61_67
61
34
46
32_39_40_40_54_54_74
46
61
61
67
39
40
40
74
54_54
32
63
32_36_36_42_54_54_61_67_74
63
36
42
74
36
54_54
61
67
32
65
36_36_37_42_54_54_61_67_74
65
36
36
74
42
36_54_54
68
67
61
36
37
36_42_46_54_54_74
68
42
36
74
37_54_54_61_67
63
65
46
63
63
37_39_40_40_54_54
61
65
67
39
40
40
29_54_54
29
63
32_36_46_54_54_60_61
61
46
36
60
40_42_54_54
61
42
32
40
34_36_36_42_54_54_61_61_65_67_70_74
42
36
74
36_54_54
34
61
67
34_46_46_54_54_74
74
54_54_61_67
34
46
46
32_39_40_40_54_54_74
61
67
40
39
40
74
54_54
32
32_36_36_42_54_54_61_67_74
42
36
74
36
40_54_54
61
67
32
40
31_36_36_42_54_54_61_67_74
42
36
36
74
40_54_54
67
40
61
31_36_42_46_54_54_74
42
36
74
61
31_54_54_61_67
65
70
46_61
31
39_40_40_54_54_61_65_70
61
67
39
40
61
65
70
40
30_54_54
30
31_36_46_54_54_60
46
36
40_42_54_54
60_70
31
42
40
34_36_36_42_54_54_61_67_74
70
42
36
36
74
54_54
64
61
34
67
65
64
34_46_46_54_54_74
65
74
54_54_61_67
63
34
46
32_39_40_40_54_54_74_82
46
61
63
67
39
40
82
40
74
54_54_80
32
61
80
32_36_36_42_54_54_61_67_74
61
36
42
74
36
54_54_79
61
67
32
63
79
36_36_37_42_54_54_61_67_74
63
36
36
74
42
36_54_54
61
67
61
36
37
36_42_46_54_54_74
61
42
36
74
37_54_54_61_67
63
46
37_39_40_40_54_54_75
61
63
67
39
40
75
40
29_54_54_73
61
73
29
32_36_46_54_54_60_61
46
36
60
40_42_54_54
61
42
32
40
34_36_36_42_54_54_61_67_74_82
63
61
42
63
82
36
65
74
36_54_54_80
34
61
67
80
65
68
34_46_46_54_54_74_82
82
74
54_54_61_67
34
46
46
32_39_40_40_54_54_74_80_82
61
67
80
82
40
39
40
74
54_54
32
32_36_36_42_54_54_61_67_74_82
68_70
42
36
82
74
36
40_54_54
61
67
32
40
70
31_36_36_42_54_54_61_67_74
42
36
36
74
40_54_54
67
40
61
31_36_42_46_54_54_74
42
36
74
31_54_54_61_67
46
31
39_40_40_54_54
61
67
39
40
40
30_54_54
30
31_36_46_54_54_60
46
36
40_42_54_54
58
60
31
58
42
40
34_36_36_42_54_54_61_67_74
58
58
42
36
36
74
54_54
58
61
34
67
58
34_46_46_54_54_74
74
54_54_61_67
61
34
46
32_39_40_40_54_54_74
46
61
67
61
39
40
40
74
54_54
32
63
32_36_36_42_54_54_61_67_74
63
36
42
74
36
54_54
61
67
64
32
65
64
36_36_37_42_54_54_61_67_74
65
36
36
74
42
36_54_54
68
67
61
36
37
36_42_46_54_54_74
68
42
36
74
37_54_54_61_67
63
65
63
46
63
37_39_40_40_54_54
61
65
67
39
40
40
29_54_54
29
63
32_36_46_54_54_60
61
61
46
36
60
40_42_54_54
61
42
32
40
36_36_39_42_54_54_58_61_61_65_67_74
42
36
74
36_54_54
61
67
46_46_54_54_74
74
54_54_61_67
46
46
39_40_40_54_54_61_65_68_74
58
65
61_61
67
40
39
40
74
54_54
36_36_37_42_54_54_61_67_74
39
42
36
74
36
40_54_54
61
67
61
40
68
61
36_36_36_37_42_54_54_61_63_66_67_70_74
65
42
36
36
74
40_54_54
70
67
40
61
70
36_42_46_54_54_74
42
36
74
54_54_61_67
70
46
63
70
36_70
39_40_40_41_54_54_65_68_73
61
66
67
39
40
40
54_54
70
70
36_46_54_54_60
68
73
46
36
73
40_42_54_54
65
60
75
73
42
40_73
73
32_36_36_42_54_54_61_67_74
41
75
42
36
36
74
54_54
73
61
67
32
34_46_46_54_54_74
73
74
54_54_61_67
70
46
39_40_40_54_54_74_82
46
61
70
34
67
39
40
82
40
74
54_54_80
68
80
32_36_36_42_54_54_61_67_74
68
36
42
74
36
54_54_79
32
61
67
73_75
73
73
73
79
32_36_36_42_54_54_61_67_74
36
75
36
74
42
36_54_54
73
67
61
36
32
34_36_42_46_54_54_74
73
42
36
74
54_54_61_67
70
46
34
70
39_40_40_54_54_75
61
67
39
40
75
40
54_54_73
70
73
36_46_54_54_60
70
46
36
60
40_42_54_54
68
42
40
36_36_39_42_54_54_61_67_68_72_74_75
68_70
42
36
75
74
36_54_54_70_73_77
68
68
61
72
67
70
68
73
46_46_54_54_68_72_74_75
65
77
70
74
68
54_54_61_65_67_68_73
72
75
65
46
46
65
39_40_40_54_54_63_66_70_74
73
68
61
67
40
39
40
74
54_54
70
66
39
63
36_36_37_42_54_54_61_61_65_67_68_74
42
36
74
36
40_54_54
61
67
65
61
40
68
36_36_36_42_54_54_61_61_65_67_68_74
37
42
36
36
61
65_74
40_54_54_63_66_70
68
67
40
61
63
70
65_66
36_42_46_54_54_61_65_68_74
42
61
68
36
74
65
54_54_58_61_61_65_67
65
46
65
58_61
36
39_40_40_41_54_54_58_61_65
61_65
63
63
67
39
40
40
54_54
36_46_54_54_60_63
65
61
65
46_58
36
40_42_54_54
60
42_63
40
32_36_36_42_54_54_61_67_74
61
63
41
42
61
36
36
74
54_54
61
67
32
34_46_46_54_54_74
65
63
74
54_54_61_67
63
65
46
63
39_40_40_54_54_74
46
61
61
34
67
39
40
40
74
54_54
32_36_36_42_54_54_61_67_74
36
42
74
36
54_54
32
61
67
32_36_36_42_54_54_61_67_74
36
36
74
42
36_54_54
61
67
61
36
32_68
34_36_42_46_54_54_74
70
68
42
36
74
54_54_61_67
46
34
39_40_40_54_54
61
67
39
40
40
54_54
70
36_46_54_54_60
63
46
61
36
60
40_42_54_54
63
42
61
40
36_36_39_42_54_54_58_58_61_61_65_67_74
42
36
74
36_54_54
61
67
46_46_54_54_74
74
54_54_61_67
46
46
65
58
39_40_40_54_54_61_65_68_74
61
61
67
40
39
40
74
54_54
39
36_36_37_42_54_54_61_67_74
42
36
74
36
40_54_54
61
67
40
58_65
36_36_36_42_54_54_61_63_66_67_70_74
37
61
68
42
36
36
74
40_54_54
67
40
61
36_42_46_54_54_74
42
36
74
70
54_54_61_67
46
66
70
63
39_40_40_41_54_54_65_68_73
61
36
70
67
39
40
40
54_54
70
36_46_54_54_60
70
68
65
73
46
36
73
40_42_54_54
75
60
73
42
40
32_36_36_42_54_54_61_67_74
75
41
42
36
36
74
54_54
73
61
67
32
34_46_46_54_54_74
73
74
70
54_54_61_67
70
46
39_40_40_54_54_74_82
46
70
61
34
67
39
40
82
40
74
54_54_80
70
80
32_36_36_42_54_54_61_67_74
70
70
36
42
74
36
54_54_79
32
61
67
73_75
73
79
32_36_36_42_54_54_61_67_74
75
36
36
74
42
36_54_54
73
67
61
36
32
34_36_42_46_54_54_74
42
73
36
74
54_54_61_67
70
46
70
34
39_40_40_54_54_75
61
70
67
39
40
75
70
40
54_54_73
68
73
68
36_46_54_54_60
70
46
36
60
40_42_54_54
70
42
40
36_36_39_42_54_54_61_67_68_72_74_75
68
42
70
68
68
36
74_75
36_54_54_70_73_77
72
61
67
73
46_46_54_54_68_72_74_75
68
70
70
77
74
68
54_54_61_65_67_68_70_73
65
68
72
70
75
46
46
39_40_40_54_54_63_66_70_74
73
65
68
61
65
67
40
39
40
74
54_54
66
70
36_36_37_42_54_54_61_61_65_67_68_74
39
63
42
36
74
36
40_54_54
61
67
40
37
36_36_36_42_54_54_61_67_74
42
36
36
74
40_54_54
67
40
61
58
36_42_46_54_54_74
58
42
36
58
74
54_54_61_67
68
46
58
61
36
39_40_40_41_54_54
61
61
65
67
39
40
40
54_54
61
36_46_54_54_60
63
46
36
63
40_42_54_54
60
42
40
63
36_36_42_54_54_61_67_74_75
65
63
42
36
36
74
54_54
61
67
75
65
46_46_54_54_70_74
68
74
54_54_61_67
46_68
70
39_40_40_54_54_67_74
46
70
61
67
39
40
40
74
54_54
70
67
36_36_42_54_54_61_63_67_74
68
36
42
74
36
70
54_54
68
61
67
70
73
36_36_42_54_54_61_67_73_74
63
36
36
74
42
36_54_54
67
61
36_73
36_42_46_54_54_68_74
42
41
36
74
54_54_61_67
73
46
68
39_40_40_41_54_54_65
61
80
67
39
40
40
54_54
80
73
65
36_46_54_54_60_61
75
73
46
36
60
40_42_54_54
41
73
42
75
40
61
34_36_36_42_49_54_54_58_61_67_74_82_85
73
70
42
82
36
49
74
36_54_54_80
34
61
67
80
34_46_46_54_54_74_82
58
82
74
54_54_61_67_79
85
34
46
46
32_39_40_40_54_54_74_80_82
61
67
80
79
82
40
39
40
74
54_54
32
70
32_36_36_42_54_54_58_61_61_67_74_82_85
85
61
58
42
36
82
74
36
40_54_54_58_61
61
67
32
61
58
40
31_36_36_42_54_54_58_61_61_67_74
42
36
36
74
40_54_54_79
58
61
79
67
40
61
31_36_42_46_54_54_58_61_74
58
61
42
36
74
31_54_54_58_61_61_67
61
46
58
31
39_40_40_54_54_58_61_84
61
67
58
84
61
39
40
40
30_54_54_58_61
58
61
30
31_36_46_54_54_60
46
36
40_42_54_54
60
70
31
42
40
70
34_36_36_42_54_54_61_67_74
42
36
36
74
54_54
61
65
34
67
34_46_46_54_54_74
65
74
54_54_61_67
63
34
46
32_39_40_40_54_54_74_82
46
61
67
39
40
82
40
74
54_54_80
63
61
32
80
32_36_36_42_54_54_58_61_65_67_74
65
58
36
42
74
36
54_54_58_65_79
61
67
32
65
58
79
36_36_37_42_54_54_61_61_65_67_74
65
61
36
36
74
42
36_54_54_61_65
65
61_67
61
36
37
36_42_46_54_54_61_65_74
65
61
42
36
74
37_54_54_61_61_65_67
61_65
46
37_39_40_40_54_54_61_65_75
61
67
39
40
61
65
75
40
29_54_54_60_63_73
61
60
63
73
29
32_36_46_54_54_60
63
46
36_63
60
40_42_54_54
42
32
40
34_36_36_42_54_54_61_61_67_74_82
63
42
61
82
36
74
36_54_54_80
34
61
67
80
34_46_46_54_54_74_82
82
74
54_54_61_67
34
46
46
32_39_40_40_54_54_74_80_82
61
61_63
67
80
82
40
39
40
74
54_54
32
32_36_36_42_54_54_58_61_61_67_74_82
61
58
42
36
82
74
36
40_54_54_58_61
61
67
32
61_61
58
40
31_36_36_42_54_54_58_61_61_67_74
58
42
36
36
74
40_54_54
58
56
58
61
67
40
61
56
31_36_42_46_54_54_58_61_74
53
58
61
42
36
74
31_54_54_58_61_61_67
53_61
46
58
31
39_40_40_54_54_58_61
61
67
58
61
39
40
40
30_54_54_58_61
58
61
30
31_36_46_54_54_60_67_72_73
46
67_72
36
40_42_54_54_73
60
31
42
40
58
34_36_36_42_54_54_61_67_69_74
69
70
58
42
36
36
74
54_54_69
70
58
61
34
67
70
69
34_46_46_54_54_74
70
58
69
74
69
54_54_61_67_70
61
34
69
70
46
32_39_40_40_54_54_70_74
46
69
61
61
67
70
39_69
40
40
74
54_54_70
69
32
63
70
69
32_36_36_42_54_54_58_61_65_67_70_74
69
63
65
69
58
70
36
42
74
36
69
54_54_58_65_70
61
67
32
65
65_69
58
70
36_36_37_42_54_54_61_61_65_67_69_70_74
65
70
69
65
61
36
36
74
42
69
36_54_54_61_65_70
68
65
61_67
70
61
36
37
68
36_42_46_54_54_61_65_69_70_74
65
61
69
69
70
42
36
74
65
37_54_54_61_61_65_67
69
61_65
46
70
37_39_40_40_54_54_61_65_65_69
61
70
63
67
39
69
70
40
61
65
40
29_54_54_60_63_69
70
61
63
60
70
69
63
29
61
32_36_46_54_54_60_69
70
58
70
69
46
36
60
40_42_54_54_69
69
70
42
32
40
34_36_36_42_54_54_61_67_74_85
42
36
74
36_54_54
34
61
67
34_46_46_54_54_74
74
54_54_61_67_79
85
34
46
46
32_39_40_40_54_54_74
61
67
58
79
40
39
40
74
54_54
32
32_36_36_42_54_54_58_61_61_67_74_85
85
61
58
42
36
74
36
40_54_54_58_61
61
67
32
61
58
40
31_36_36_42_54_54_58_61_61_67_74
42
36
36
74
40_54_54_79
58
61
79
67
40
61
31_36_42_46_54_54_58_61_74
58
61
42
36
74
31_54_54_58_61_61_67
61
46
58
31
39_40_40_54_54_58_61_84
61
67
58
84
61
39
40
40
30_54_54_58_61
58
61
30
31_36_46_54_54_60
46
36
40_42_54_54
60
70
31
42
40
70
34_36_36_42_54_54_61_67_74
42
36
36
74
54_54
63
61
34
65
67
63
34_46_46_54_54_74
65
74
54_54_61_67
63
34
46
32_39_40_40_54_54_74_82
46
61
67
39
40
82
40
74
54_54_80
63
32
61
80
32_36_36_42_54_54_58_61_65_67_74
65
58
36
42
74
36
54_54_58_65_79
61
67
32
65
58
79
36_36_37_42_54_54_61_61_65_67_74
65
61
36
36
74
42
36_54_54_61_65
65
61_67
61
36
37
36_42_46_54_54_61_65_74
65
61
42
36
74
37_54_54_61_61_65_67
61_65
46
37_39_40_40_54_54_61_65_75
61
67
39
40
61
65
61
75
40
29_54_54_60_63_73
60
63
73
29
32_36_46_54_54_60
63
46
36
60
40_42_54_54
63
42
32
40
34_36_36_42_54_54_61_67_74_82
63
42
82
36
74
36_54_54_80
34
61
67
80
34_46_46_54_54_74_82
82
74
54_54_61_67
63
34
46
46
32_39_40_40_54_54_63_74_80_82
61
67
65
80
63
82
40
39
40
74
54_54
32
63
65
32_36_36_42_54_54_58_61_61_67_74_82
61_63
61
58
63
63
42
36
82
74
36
58_61
40_54_54_58_61
61
67
32
61
58
40
58
31_36_36_42_54_54_58_61_61_67_74
42
36
36
74
40_54_54
58
61
67
40
61
31_36_42_46_54_54_58_61_74
58
61
42
36
74
31_54_54_58_61_61_67
61
46
58
31
39_40_40_54_54_58_61
61
67
58
61
39
40
40
30_54_54_58_61
58
61
30
31_36_46_54_54_60_67_72_73
46
67_72
36
40_42_54_54_73
70
60
31
42
40
70
34_36_36_42_54_54_61_67_69_74
69
70
42
36
36
74
54_54_69
70
70
61
34
67
70
69
70
34_46_46_54_54_74
70
69
74
69
54_54_61_67_70
70
34
69
70
46
32_39_40_40_54_54_70_74
46
69
61
70
67
70
39_69
40
40
74
54_54_70
69
32
70
70
69
32_36_36_42_54_54_58_61_65_67_70_74
69
70
65
69
58
70
36
42
74
36
69
54_54_58_65_70
68
61
67
32
70
65_69
58
70
68
36_36_37_42_54_54_61_61_65_67_69_70_74
70
70
69
65
61
36
36
74
42
69
36_54_54_61_65_70
70
65
61_67
70
61
36
37
36_42_46_54_54_61_65_69_70_74
70
65
61
69
69
70
42
36
74
37_54_54_61_61_65_67
69
68
61_65
46
70
37_39_40_40_54_54_61_65_69
61
70
68_70
67
39
69
70
40
61
65
70
40
29_54_54_60_63_69
70
73
60
70
69
63
29
32_36_46_54_54_60_69
70
70
69
46
36
60
40_42_54_54_69
69
70
42
32
40
34_36_36_42_54_54_61_67_74_85
73
42
36
74
36_54_54
68
34
61
67
70
68
34_46_46_54_54_74
68
70
74
54_54_61_67_79
85
68
65
34
46
46
32_39_40_40_54_54_74
61
67
65
79
40
39
40
74
54_54
32
32_36_36_42_54_54_58_61_61_67_74_85
85
61
58
42
36
74
36
40_54_54_58_61
61
67
32
61
58
40
31_36_36_42_54_54_58_61_61_67_74
42
36
36
74
40_54_54_79
58
61
79
67
40
61
31_36_42_46_54_54_58_61_74
58
61
42
36
74
31_54_54_58_61_61_67
61
46
58
31
39_40_40_54_54_58_61_84
61
67
58
84
61
39
40
40
30_54_54_58_61
58
61
30
31_36_46_54_54_60
46
36
40_42_54_54
70
60
31
42
40
34_36_36_42_54_54_61_67_74
70
42
36
36
70
74
54_54
61
34
67
34_46_46_54_54_74
70
74
54_54_61_67
68
34
46
32_39_40_40_54_54_74_82
68
46
61
70
67
39
40
82
40
74
54_54_80
68
32
80
70
32_36_36_42_54_54_58_61_65_67_74
65_68
65
58
36
42
74
36
54_54_58_63_65_79
61
67
32
65
65
58
79
36_36_37_42_54_54_61_61_65_67_74
61_63
65
61
36
36
74
42
36_54_54_61_65
65
61_67
61
36
37
36_42_46_54_54_61_65_74
65
61
42
36
74
37_54_54_61_61_65_67
61_65
46
37_39_40_40_54_54_61_65_75
61
67
39
40
61
65
61
75
40
29_54_54_60_63_73
60
63
73
29
32_36_46_54_54_60
63
46
36
60
40_42_54_54
63
42
32
40
34_36_36_42_54_54_61_67_74_82
63
42
82
36
74
36_54_54_80
34
61
67
80
34_46_46_54_54_74_82
82
74
54_54_61_67
63
34
46
46
63
32_39_40_40_54_54_74_80_82
61
65
67
80
82
63
40
39
40
74
54_54
63
32
65
61
32_36_36_42_54_54_58_61_61_67_74_82
63
61
58
42
36_61
58
82
74
36
40_54_54_58_61
61
67
32
61
58
40
31_36_36_42_54_54_58_61_61_67_74
58
42
36
36
74
40_54_54
58
61
67
40
61
31_36_42_46_54_54_58_61_74
58
61
42
36
74
31_54_54_58_61_61_67
61
46
58
31
39_40_40_54_54_58_61
61
67
58
61
39
40
40
30_54_54_58_61
58
61
30
31_36_46_54_54_60_67_72_73
46
67_72
36
40_42_54_54_58_73
60
31
42
40
34_36_36_42_54_54_61_67_69_74
58
69
70
42
36
36
74
54_54_69
70
58
61
34
67
70
69
34_46_46_54_54_74
70
58
69
74
69
54_54_61_67_70
61
34
69
70
46
32_39_40_40_54_54_70_74
46
69
61
61
67
70
39_69
40
40
74
54_54_70
69
32_63
70
69
32_36_36_42_54_54_58_61_65_67_70_74
63
69
65
69
58
70
36
42
74
36
63
69
54_54_58_65_70
61
67
32
63_64_65
64
65_69
58
70
36_36_37_42_54_54_61_61_65_67_69_70_74
65
70
69
65
61
36
36
74
42
69
36_54_54_61_65_70
68
65
61_67
70
61
36
37
36_42_46_54_54_61_65_69_70_74
68
65
61
69
69
70
42
36
74
37_54_54_61_61_65_67
64
69
65
61_65
46
70
64
37_39_40_40_54_54_61_65_69
61
70
67
39
69
70
40
61
63
65
40
29_54_54_60_63_69
70
65
60
70
69
63
61
29
63
32_36_46_54_54_60_69
70
70
61
69
46
58
36
60
40_42_54_54_69
69
70
42
32
40
58
34_36_36_42_54_54_61_67_74_85
42
36
74
36_54_54
34
61
67
34_46_46_54_54_74
74
54_54_61_67_79
85
34
46
46
32_39_40_40_54_54_74
61
67
79
40
39
40
74
54_54
32
32_36_36_42_54_54_58_61_61_67_74_85
85
61
58
42
36
74
36
40_54_54_58_61
61
67
32
61
58
40
31_36_36_42_54_54_58_61_61_67_74
42
36
36
74
40_54_54_79
58
61
79
67
40
61
31_36_42_46_54_54_58_61_74
58
61
42
36
74
31_54_54_58_61_61_67
61
46
58
31
39_40_40_54_54_58_61_84
61
67
58
84
61
39
40
40
30_54_54_58_61
58
61
30
31_36_46_54_54_60
46
36
40_42_54_54
70
60
31
42
40
70
34_36_36_42_54_54_61_67_74
42
36
36
74
54_54
63
61
34
67
34_46_46_54_54_74
63
74
54_54_61_67
63
34
46
32_39_40_40_54_54_74_82
46
61
67
39
40
82
40
74
54_54_80
32
61_63
80
32_36_36_42_54_54_58_61_65_67_74
65
58
36
42
74
36
54_54_58_65_79
61
67
32
65
58
79
36_36_37_42_54_54_61_61_65_67_74
65
61
36
36
74
42
36_54_54_61_65
65
61_67
61
36
37
36_42_46_54_54_61_65_74
65
61
42
36
74
37_54_54_61_61_65_67
61_65
46
37_39_40_40_54_54_61_65_75
61
61
67
39
40
61
65
75
40
29_54_54_60_63_73
60
63
73
29
32_36_46_54_54_60
63
46
36
60
40_42_54_54
63
42
32
40
34_36_36_42_54_54_61_67_74_82
61
63
42
61
82
36
74
36_54_54_80
34
61
67
80
34_46_46_54_54_74_82
82
74
54_54_61_67
34
46
46
63
32_39_40_40_54_54_74_80_82
61
61
67
80
82
40
39
40
74
54_54
32
32_36_36_42_54_54_58_61_61_67_74_82
61
58
42
36
82
74
36
40_54_54_58_61
61
67
32
61
61
58
40
31_36_36_42_54_54_58_61_61_67_74
58
42
36
36
74
40_54_54
56_58
58
61
67
40
61
31_36_42_46_54_54_56_58_61_74
53
58
61
42
36
74
31_54_54_58_61_61_67
61
46
53_58
31
39_40_40_54_54_58_61
61
67
58
61
39
40
40
30_54_54_58_61
58
61
30
31_36_46_54_54_60_67_72_73
46
67_72
36
40_42_54_54_73
70
60
31
42
40
70
34_36_36_42_54_54_61_67_69_74
69
70
42
36
36
63
74
54_54_69
70
62_65
61
34
62
67
63
70
69
34_46_46_54_54_74
70
69
65
74
69
54_54_61_67_70
63
34
69
70
46
32_39_40_40_54_54_70_74
46
69
61
67
63
70
39_69
40
40
74
54_54_70
69
32
61
70
69
32_36_36_42_54_54_58_61_65_67_70_74
69
61
65
69
58
70
36
42
74
36
69
54_54_58_65_70
61
67
32
68
65_69
58
70
36_36_37_42_54_54_61_61_65_67_69_70_74
70
68
69
65
61
36
36
74
42
69
36_54_54_61_65_70
70
65
61_67
70
61
36
37
36_42_46_54_54_61_65_69_70_74
70
65
61
69
69
70
42
36
74
37_54_54_61_61_65_67
61
69
63
61_65
46
70
61
37_39_40_40_54_54_61_65_69
61
70
67
39
69
70
40
61
65
40_61
29_54_54_60_63_69
63
70
60
70
69
63
29
32_36_46_54_54_60_69
70
70
69
46
36
60
40_42_54_54_69
69
70
42
32
40
34_36_36_42_54_54_61_61_65_67_70_74_85
42
36
74
36_54_54
34
61
67
34_46_46_54_54_74
74
54_54_61_67_79
85
34
46
46
32_39_40_40_54_54_74
61
67
79
40
39
40
74
54_54
32
32_36_36_42_54_54_61_67_74_85
85
42
36
74
36
40_54_54
61
67
32
40
31_36_36_42_54_54_61_67_74
61
42
36
36
74
40_54_54_79
79
67
40
61
31_36_42_46_54_54_74
42
36
74
31_54_54_61_67
65
70
46_61
31
39_40_40_54_54_61_65_70_84
61
67
84
39
40
61
65
70
40
30_54_54
30
31_36_46_54_54_60
46
36
40_42_54_54
60
31
42
40
34_36_36_42_54_54_61_67_74
42
36
36
74
54_54
61
34
67
34_46_46_54_54_74
74
54_54_61_67
34
46
32_39_40_40_54_54_74_82
46
61
67
39
40
82
40
74
54_54_80
32
80
32_36_36_42_54_54_61_67_74
36
42
74
36
54_54_79
61
67
32
79
36_36_37_42_54_54_61_67_74
36
36
74
42
36_54_54
67
61
36
37
36_42_46_54_54_74
42
36
74
37_54_54_61_67
46
37_39_40_40_54_54_75
61
67
39
40
75
40
29_54_54_73
73
29
32_36_46_54_54_60
46
36
60
40_42_54_54
42
32
40
34_36_36_42_54_54_61_67_74_82
42
82
36
74
36_54_54_80
34
61
67
80
34_46_46_54_54_74_82
82
74
54_54_61_67
34
46
46
32_39_40_40_54_54_74_80_82
61
67
80
82
40
39
40
74
54_54
32
32_36_36_42_54_54_61_67_74_82
42
36
82
74
36
40_54_54
61
67
32
40
31_36_36_42_54_54_61_67_74
42
36
36
74
40_54_54
67
40
61
31_36_42_46_54_54_74
42
36
74
31_54_54_61_67
46
31
39_40_40_54_54
61
67
39
40
40
30_54_54
30
31_36_46_54_54_60_67_72_73
46
67_72
36
40_42_54_54_73
60
31
42
40
34_36_36_42_54_54_61_67_74
42
36
36
74
54_54
61
34
67
34_46_46_54_54_74
74
54_54_61_67
34
46
32_39_40_40_54_54_74
46
61
67
39
40
40
74
54_54
32
32_36_36_42_54_54_61_67_74
36
42
74
36
54_54
61
67
32
36_36_37_42_54_54_61_67_74
36
36
74
42
36_54_54
67
61
36
37
36_42_46_54_54_74
42
36
74
37_54_54_61_67
46
37_39_40_40_54_54
61
67
39
40
40
29_54_54
29
32_36_46_54_54_60
46
36
60
40_42_54_54
42
32
40
34_36_36_42_54_54_61_61_65_67_70_74_85
42
36
74
36_54_54
34
61
67
34_46_46_54_54_74
74
54_54_61_67_79
85
34
46
46
32_39_40_40_54_54_74
61
67
79
40
39
40
74
54_54
32
32_36_36_42_54_54_61_67_74_85
85
42
36
74
36
40_54_54
61
67
32
40
31_36_36_42_54_54_61_67_74
42
36
36
74
40_54_54_79
79
67
40
61
31_36_42_46_54_54_74
42
36
74
31_54_54_61_67
65
70
46_61
31
39_40_40_54_54_61_65_70_84
61
67
84
39
40
61
65
70
40
30_54_54
30
31_36_46_54_54_60
46
36
40_42_54_54
60
31
42
40
34_36_36_42_54_54_61_67_74
42
36
36
74
54_54
61
34
67
34_46_46_54_54_74
74
54_54_61_67
34
46
32_39_40_40_54_54_74_82
46
61
67
39
40
82
40
74
54_54_80
32
80
32_36_36_42_54_54_61_67_74
36
42
74
36
54_54_79
61
67
32
79
36_36_37_42_54_54_61_67_74
36
36
74
42
36_54_54
67
61
36
37
36_42_46_54_54_74
42
36
74
37_54_54_61_67
46
37_39_40_40_54_54_75
61
67
39
40
75
40
29_54_54_73
73
29
32_36_46_54_54_60
46
36
60
40_42_54_54
42
32
40
34_36_36_42_54_54_61_67_74_82
42
82
36
74
36_54_54_80
34
61
67
80
34_46_46_54_54_74_82
82
74
54_54_61_67
34
46
46
32_39_40_40_54_54_74_80_82
61
67
80
82
40
39
40
74
54_54
32
32_36_36_42_54_54_61_67_74_82
42
36
82
74
36
40_54_54
61
67
32
40
31_36_36_42_54_54_61_67_74
42
36
36
74
40_54_54
67
40
61
31_36_42_46_54_54_74
42
36
74
31_54_54_61_67
46
31
39_40_40_54_54
61
67
39
40
40
30_54_54
30
31_36_46_54_54_60_67_72_73
46
67_72
36
40_42_54_54_73
60
31
42
40
34_36_36_42_54_54_61_67_74
42
36
36
74
54_54
61
34
67
34_46_46_54_54_74
74
54_54_61_67
34
46
32_39_40_40_54_54_74
46
61
67
39
40
40
74
54_54
32
32_36_36_42_54_54_61_67_74
36
42
74
36
54_54
61
67
32
36_36_37_42_54_54_61_67_74
36
36
74
42
36_54_54
67
61
36
37
36_42_46_54_54_74
42
36
74
37_54_54_61_67
46
37_39_40_40_54_54
61
67
39
40
40
29_54_54
29
32_36_46_54_54_60
46
36
60
40_42_54_54
42
32
40
36_36_39_42_54_54_58_61_61_65_67_74
42
36
74
36_54_54
61
67
46_46_54_54_74
74
54_54_61_67
46
46
39_40_40_54_54_61_65_68_74
58
65
61_61
67
40
39
40
74
54_54
36_36_37_42_54_54_61_67_74
39
42
36
74
36
40_54_54
61
67
40
68
61
36_36_36_37_42_54_54_61_63_66_67_70_74
65
42
36
36
74
40_54_54
67
40
61
36_42_46_54_54_74
42
36
74
54_54_61_67
70
46
63
36_70
70
39_40_40_41_54_54_65_68_73
61
66
67
39
40
70
40
54_54
70
36_46_54_54_60
68
73
46
73
36
40_42_54_54
65
75
60
73
42
40
32_36_36_42_54_54_61_67_74
41
42
36
36
74
54_54_75
61
73
67
32
34_46_46_54_54_74
73
74
75
54_54_61_67_76
75
46
39_40_40_54_54_74_82
46_76
61
34
67
39
40
82
40
74
54_54_80
75
80
75
32_36_36_42_54_54_61_67_74
36
42
74
36
54_54_79
32
61
67
73
75
73_79
32_36_36_42_54_54_61_67_74
36
36
74
42
36_54_54
75
73
67
61
36
32
34_36_42_46_54_54_74
73
42
36
74
54_54_61_67
70
46
34
39_40_40_54_54_75
61
70
67
39
40
75
40
54_54_73
70
73
36_46_54_54_60
70
46
36
60
40_42_54_54
68
42
40
68
36_36_39_42_54_54_61_67_68_72_74_75
70
42
36
75
74
36_54_54_70_73_77
68
61
68_70
72
67
68
73
46_46_54_54_68_72_74_75
77
65
70
74
68
54_54_61_65_67_68_73
72
75
46
46
65
39_40_40_54_54_63_66_70_74
65
73
68
61
67
40
39
40
74
54_54
70
66
39
63
36_36_37_42_54_54_61_61_65_67_68_74
42
36
74
36
40_54_54
61
67
65
61
40
68
36_36_36_42_54_54_61_61_65_67_68_74
37
42
36
36
61
65_74
40_54_54_63_66_70
68
67
40
61
63
70
66
36_42_46_54_54_61_65_68_74
42
61
68
36
74
65
54_54_58_61_61_65_67
68
70
46
68
65
58_61
36
39_40_40_41_54_54_58_61_65
61
70
67
39
40
40
54_54
63
36_46_54_54_60
61
65
63
46_58
36
40_42_54_54
60
63
42
40
63
32_36_36_42_54_54_61_67_74
41
42
36
36
74
54_54
61_63
67
32
63
34_46_46_54_54_74
61
74
54_54_61_67
46
39_40_40_54_54_74
46
61
34
67
39
40
40
74
54_54
32_36_36_42_54_54_61_67_74
36
42
74
36
54_54
32
61
67
32_36_36_42_54_54_61_67_74
36
36
74
42
61
36_54_54
67
61
36
32
34_36_42_46_54_54_74
70
42
36
74
54_54_61_67
70
46
34
39_40_40_54_54
61
68
67
70
39
40
68
40
54_54
36_46_54_54_60
70
68
46
36
60
40_42_54_54
68
65
42
40
36_36_39_42_54_54_58_61_61_65_67_74
65
42
36
74
36_54_54
61
67
46_46_54_54_74
74
54_54_61_67
46
46
65
58
39_40_40_54_54_61_65_68_74
61
61
67
40
39
40
74
54_54
39
36_36_37_42_54_54_61_67_74
42
36
74
36
40_54_54
61
67
40
65
36_36_36_42_54_54_61_63_66_67_70_74
37
61
68
42
36
36
74
40_54_54
67
40
61
36_42_46_54_54_74
42
36
74
70
54_54_61_67
46
66
70
63
39_40_40_41_54_54_65_68_73
61
36
70
67
39
40
40
54_54
70
36_46_54_54_60
70
68
65
73
46
36
73
40_42_54_54
75
60
73
42
40
32_36_36_42_54_54_61_67_74
75
41
42
36
36
74
54_54
73
61
67
32
34_46_46_54_54_74
73
74
70
54_54_61_67
70
46
39_40_40_54_54_74_82
46
70
61
34
67
39
40
82
40
74
54_54_80
70
80
32_36_36_42_54_54_61_67_74
70
70
36
42
74
36
54_54_79
32
61
67
73_75
73
79
32_36_36_42_54_54_61_67_74
75
36
36
74
42
36_54_54
73
67
61
36
32
34_36_42_46_54_54_74
42
73
36
74
54_54_61_67
70
46
70
34
39_40_40_54_54_75
61
70
67
39
40
75
70
40
54_54_73
68
73
68
36_46_54_54_60
70
46
36
60
40_42_54_54
70
42
40
36_36_39_42_54_54_61_67_68_72_74_75
68
42
70
68
68
36
74_75
36_54_54_70_73_77
72
61
67
73
46_46_54_54_68_72_74_75
68
70
70
77
74
68
54_54_61_65_67_68_70_73
65
68
72
70
75
46
46
39_40_40_54_54_63_66_70_74
73
65
68
61
65
67
40
39
40
74
54_54
66
70
36_36_37_42_54_54_61_61_65_67_68_74
39
63
42
36
74
36
40_54_54
61
67
40
37
36_36_36_42_54_54_61_67_74
42
36
36
74
40_54_54
67
40
61
58
36_42_46_54_54_74
58
42
36
58
74
54_54_61_67
68
46
58
61
36
39_40_40_41_54_54
61
61
65
67
39
40
40
54_54
61
36_46_54_54_60
63
46
36
63
40_42_54_54
60
42
40
63
36_36_42_54_54_61_67_74_75
65
63
42
36
36
74
54_54
61
67
75
65
46_46_54_54_70_74
68
74
54_54_61_67
46_68
70
39_40_40_54_54_67_74
46
70
61
67
39
40
40
74
54_54
70
67
36_36_42_54_54_61_63_67_74
68
36
42
74
36
70
54_54
68
61
67
70
73
36_36_42_54_54_61_67_73_74
63
36
36
74
42
36_54_54
67
61
36_73
36_42_46_54_54_68_74
42
41
36
74
54_54_61_67
73
46
68
39_40_40_41_54_54_65
61
80
67
39
40
40
54_54
80
73
65
36_46_54_54_60_61
75
73
46
36
60
40_42_54_54
41
73
42
75
40
61
36_36_42_49_54_54_74_82
73
70
42
82
36
49
74
36_54_80
80
82
82
80_82
80
82
70
82
82
82
82
82
82
80_82
80
82
82
82
65_70_73
73
70
65_70
63
73
70
73
63
70
73
65
73
70
65
70
73
63
70
73
63
65_69
72
72
69
65
69
72
63
69
72
63
69
65
72
72
69
65
69
72
63
69
72
63
68
65
73
68_73
65
63
68
73
68
63_73
68
65
73
65
68
73
65
70
74
65
70
74
67
70
75
67
75
70
67
75
70
67
75
70
75
70
67
67
75
70
75
70
67
75
70
67
73
70
67
67
73
70
70
67_73
73
70
67
73
70
67
73
67
67
73
70
73
67
63
68
72
63
72
68
68
63
72
68
72
63
68
72
63
72
63
68
68
63
71
68
63
71
65_70
61
70
65
61
63
60_70
70
63
70
60
65
61
70
65
61
63
70
60
70
63
65
60
69
61
69
61_65
63
60
69
69
63
65
60
69
61
65
69
61
69
63
60
69
63
68
60_65
61
65
68
61
63
68
60
68
63
68
65
60
61
65
68
61
65
67
61
65
67
61
65
63_72
69
63
72
65
69
72
63
63
63
72
69
63
72
65
63
69
69
63
72
65
63_69
72
69
63
72
63
63
69
72
65
63
69
72
63
65
69
65_72
63
69
63
65
72
69
70
70
73
73
75
75
75_77
75
77
75
70_73
65
73
75
70
73
36_36_42_54_74
42
36
65_70_73
74
36_54_54
70
63
73
70
73
63
70
73
65
46_46_54_54_74
73
70
65
74
70
54_54
73
63
70
73
46
63
46
65_69
72
39_40_40_54_54_74
72
69
40
39
65
69
40
74
54_54_72
63
69
72
63
69
65
72
36_36_42_54_54_74
72
69
42
65
36
69
74
36
40_54_54
72
63
69
72
63
40
68
65
73
36_36_42_54_54_74
68_73
42
36
36
65
74
63
68
40_54_54
73
68
63_73
40
68
65
73
36_42_46_54_54_74
65
68
73
42
65
36
74
70
54_54
74
46
65
70
74
39_40_40_54_54
39
40
40
54_54
70
67
36_46_54_54_60
70
75
46
36
40_42_54_54
60
42
40
36_36_42_54_54_74
67
75
42
36
36_70
74
54_54
67
75
70
67
75
70
75
70
67
46_46_54_54_74
67
75
70
74
54_54
75
70
67
75
70
46
67
73
70
67
39_40_40_54_54_74
46
39_67
73
40
70
40
74
54_54
70
67_73
73
70
67
73
70
36_36_42_54_54_74
67
73
67
36
42
74
36
54_54
67
73
70
73
67
63
68
72
36_36_42_54_54_74
63
72
68
36
36
68_74
42
63
36_54_54
72
68
72
63
36_68
72
63
36_42_46_54_54_74
72
63
68
42
36
74
68
54_54
63
71
46
68
63
71
39_40_40_54_54
39
40
40
54_54
36_46_54_54_60
65_70
61
46
36
60
40_42_54_54
42
40
36_36_42_54_54_74
42
70
65
36
61
74
36_54_54
63
60_70
70
63
70
60
65
46_46_54_54_74
61
70
65
74
54_54
61
63
70
60
70
46
63
46
65
60
69
61
39_40_40_54_54_74
40
69
39
40
74
54_54_61_65
63
60
69
69
63
65
60
69
61
36_36_42_54_54_74
65
69
42
36
74
36
40_54_54
61
69
63
60
69
40
63
68
60_65
61
36_36_42_54_54_74
42
65
68
36
36
74
40_54_54
61
63
68
60
68
40
63
68
65
60
36_42_46_54_54_74
61
65
68
61
42
36
74
65
54_54
67
61
46
65
67
39_40_40_54_54
61
39
40
40
54_54
65
36_46_54_54_60_63_72
69
46
36
40_42_54_54
60
42
40
36_36_42_54_54_74
63
72
42
65
69
36
36
72
74
54_54
63
63
63
72
69
63
72
65
63
46_46_54_54_74
69
69
63
72
65
74
54_54_63_69
72
69
63
72
63
63
46
69
72
65
63
39_40_40_54_54_74
46
69
72
63
65
39
40
69
40
74
65_72
54_54
63
69
63
65
72
69
36_36_42_54_54_74
36
42
74
36
54_54
36_36_42_54_54_74
36
36
74
42
36_54_54
36
69
65
72
36_42_46_54_54_63_74
63_65
69
42
72
36
74
54_54
65
63
69
72
65
69
63
46
69
72
65_72
63
39_40_40_54_54
65
39_69
63
40_72
69
40
54_54
65
72
63
69
65
63
72
36_46_54_54_60
46
36
60
40_42_54_54
42
40
36_36_42_49_54_54_61_67_74_82
42
82
36
49
74
36_54_54_80
61
67
80
46_46_54_54_74_82
82
74
54_54_61_67
46
46
39_40_40_54_54_74_80_82
61
67
80
82
40
39
40
74
54_54
36_36_42_54_54_61_67_74_82
42
36
82
74
36
40_54_54
61
67
40
36_36_42_54_54_61_67_74
42
36
36
74
40_54_54
67
40
61
36_42_46_54_54_74
42
36
74
54_54_61_67
46
39_40_40_54_54
61
67
39
40
40
54_54
36_46_54_54_60
46
36
40_42_54_54
60
42
40
36_36_42_54_54_61_67_74
42
36
36
74
54_54
61
67
46_46_54_54_74
74
54_54_61_67
46
39_40_40_54_54_74
46
61
67
39
40
40
74
54_54
36_36_42_54_54_61_67_74
36
42
74
36
54_54
61
67
36_36_42_54_54_61_67_74
36
36
74
42
36_54_54
67
61
36
36_42_46_54_54_74
42
36
74
54_54_61_67
46
39_40_40_54_54_61_65_70
61
67
39
40
61
65
70
40
54_54
36_46_54_54_60
46
36
60
40_42_54_54
42
40
36_36_42_54_54_61_67_74
42
36
74
36_54_54
61
67
46_46_54_54_74
74
54_54_61_67
46
46
39_40_40_54_54_74
61
67
40
39
40
74
54_54
36_36_42_54_54_61_67_74
42
36
74
36
40_54_54
61
67
40
36_36_42_54_54_61_67_74
42
36
36
74
40_54_54
67
40
61
36_42_46_54_54_74
42
36
74
54_54_61_67
46
39_40_40_54_54
61
67
39
40
40
54_54
36_46_54_54_60
46
36
40_42_54_54
60
42
40
36_36_42_54_54_61_67_74
42
36
36
74
54_54
61
67
46_46_54_54_74
74
54_54_61_67
46
39_40_40_54_54_74
46
61
67
39
40
40
74
54_54
36_36_42_54_54_61_67_74
36
42
74
36
54_54
61
67
36_36_42_54_54_61_67_74
36
36
74
42
36_54_54
67
61
36
36_42_46_54_54_74
42
36
74
54_54_61_67
46
39_40_40_54_54_61_65_70
61
67
39
40
61
65
70
40
54_54
36_46_54_54_60
46
36
60
40_42_54_54
42
40
36_36_42_54_54_61_67_74_82
42
82
36
74
36_54_54_80
61
67
80
46_46_54_54_74_82
82
74
54_54_61_67
46
46
39_40_40_54_54_74_80_82
61
67
80
82
40
39
40
74
54_54
36_36_42_54_54_61_67_74_82
42
36
82
74
36
40_54_54
61
67
40
36_36_42_54_54_61_67_74
42
36
36
74
40_54_54
67
40
61
36_42_46_54_54_74
42
36
74
54_54_61_67
46
39_40_40_54_54
61
67
39
40
40
54_54
36_46_54_54_60
46
36
40_42_54_54
60
42
40
36_36_42_54_54_61_67_74
42
36
36
74
54_54
61
67
46_46_54_54_74
74
54_54_61_67
46
39_40_40_54_54_74
46
61
67
39
40
40
74
54_54
36_36_42_54_54_61_67_74
36
42
74
36
54_54
61
67
36_36_42_54_54_61_67_74
36
36
74
42
36_54_54
67
61
36
36_42_46_54_54_74
42
36
74
54_54_61_67
46
39_40_40_54_54_61_65_70
61
67
39
40
61
65
70
40
54_54
36_46_54_54_60
46
36
60
40_42_54_54
42
40
36_36_42_54_54_61_67_74
42
36
74
36_54_54
61
67
46_46_54_54_74
74
54_54_61_67
46
46
39_40_40_54_54_74
61
67
40
39
40
74
54_54
36_36_42_54_54_61_67_74
42
36
74
36
40_54_54
61
67
40
36_36_42_54_54_61_67_74
42
36
36
74
40_54_54
67
40
61
36_42_46_54_54_74
42
36
74
54_54_61_67
46
39_40_40_54_54
61
67
39
40
40
54_54
36_46_54_54_60
46
36
40_42_54_54
60
42
40
36_36_42_54_54_61_67_74
42
36
36
74
54_54
61
67
46_46_54_54_74
74
54_54_61_67
46
39_40_40_54_54_74
46
61
67
39
40
40
74
54_54
36_36_42_54_54_61_67_74
36
42
74
36
54_54
61
67
36_36_42_54_54_61_67_74
36
36
74
42
36_54_54
67
61
36
36_42_46_54_54_74
42
36
74
54_54_61_67
46
39_40_40_54_54_61_65_70
61
67
39
40
61
65
70
40
54_54
36_46_54_54_60
46
36
60
40_42_54_54
42
40
34_36_36_42_49_54_54_61_67_74_82_85
42
82
36
49
74
36_54_54_80
34
61
67
80
34_46_46_54_54_74_82
82
74
54_54_61_67_79
85
34
46
46
32_39_40_40_54_54_74_80_82
61
67
80
79
82
40
39
40
74
54_54
32
32_36_36_42_54_54_58_61_61_67_74_82
58
61
42
36
82
74
36
40_54_54_58_61
61
67
32
58
61
40
31_36_36_42_54_54_58_61_61_67_74
42
36
36
74
40_54_54
58_61
67
40
61
31_36_42_46_54_54_58_61_74
58_61
42
36
74
31_54_54_58_61_61_67
58
61
46
31
39_40_40_54_54_58_61
61
67
58
61
39
40
40
30_54_54_58_61
58
61
30
31_36_46_54_54_60_67_72_73
63
46
63
67_72
36
40_42_54_54_73
60
31
42
40
34_36_36_42_54_54_61_67_69_74
61
69
63
70
61
42
36
36
74
54_54_69
70
61
34
67
70
69
34_46_46_54_54_74
70
69
74
69
54_54_61_67_70
34
69
70
46
32_39_40_40_54_54_70_74
63
46
69
61
61
67
70
39_69
40
40
74
54_54_70
69
32
70
69
32_36_36_42_54_54_58_61_65_67_70_74
69
58_65
69
70
36
42
74
36
69
54_54_58_65_70
61
67
32
65
58
69
70
36_36_37_42_54_54_58_61_61_65_67_69_70_74
61
58
70
69
65
36
36
74
42
69
36_54_54_61_65_70
65
61_67
70
61
36
37
36_42_46_54_54_61_65_69_70_74
61_65
69
69
70
42
36
74
37_54_54_61_61_65_67
69
61
46_65
70
37_39_40_40_54_54_61_65_69
61
70
67
39
69
70
40
61
65
40
29_54_54_60_63_69
70
61
70
60
69
63
29
32_36_46_54_54_60_69
70
63
70
69
46
36
60_63
40_42_54_54_69
69
70
42
32
40
34_36_36_42_54_54_61_67_74_85
61
63
61
42
36
74
36_54_54
34
61
67
34_46_46_54_54_74
74
54_54_61_67_79
63
85
34
46
46
63
32_39_40_40_54_54_74
61
65
67
63
79
40
39
40
74
54_54
32
63
65
32_36_36_42_54_54_58_61_61_67_74_85
61
58_85
61_63
42
36
61
74
36
40_54_54_58_61
61
58
67
32
58
61
40
31_36_36_42_54_54_58_61_61_67_74
42
58
36
36
74
40_54_54_79
61
79
58
67
40
61
31_36_42_46_54_54_58_61_74
58_61
42
36
74
31_54_54_58_61_61_67
58
61
46
31
39_40_40_54_54_58_61_84
61
67
58
61
84
39
40
40
30_54_54_58_61
58
61
30
31_36_46_54_54_60
63
46
36
63
40_42_54_54
60
31
42
40
34_36_36_42_54_54_61_67_74
61
63
42
61
36
36
74
54_54
61
34
67
34_46_46_54_54_74
74
54_54_61_67
63
34
46
32_39_40_40_54_54_74_82
46
61
63
67
39
61
40
63
82
40
74
54_54_80
32
80
32_36_36_42_54_54_58_61_65_67_74
65
58
36
42
74
36
54_54_58_65_79
61
67
32
65
58
79
36_36_37_42_54_54_61_61_65_67_74
61
65
36
36
74
42
36_54_54_61_65
61
65
67
61
36
37
36_42_46_54_54_61_65_74
61
65
42
36
74
37_54_54_61_61_65_67
61
65
46
37_39_40_40_54_54_61_65_75
61
67
39
40
61_65
61
75
40
29_54_54_60_63_73
60
63
73
29
32_36_46_54_54_60
46
36
60
40_42_54_54
42
32
40
34_36_36_42_54_54_61_67_74_82
42
82
36
74
36_54_54_80
34
61
67
80
34_46_46_54_54_74_82
82
74
54_54_61_67
34
46
46
32_39_40_40_54_54_74_80_82
61
67
80
82
40
39
40
74
54_54
32
32_36_36_42_54_54_58_61_61_67_74_82
58
61
42
36
82
74
36
40_54_54_58_61
61
67
32
58
61
40
31_36_36_42_54_54_58_61_61_67_74
42
36
36
74
40_54_54
58_61
67
40
61
31_36_42_46_54_54_58_61_74
58_61
42
36
74
31_54_54_58_61_61_67
58
61
46
31
39_40_40_54_54_58_61
61
67
58
61
39
40
40
30_54_54_58_61
58
61
30
31_36_46_54_54_60_67_72_73
63
46
67_72
63
36
40_42_54_54_73
60
31
42
40
34_36_36_42_54_54_61_67_69_74
61
69
70
42
36
36
74
54_54_69
70
61
34
67
70
69
34_46_46_54_54_74
70
69
61
74
69
54_54_61_67_70
34
69
70
46
32_39_40_40_54_54_70_74
46
69
61
61
67
70
39_69
40
40
74
54_54_70
69
32
70
69
32_36_36_42_54_54_58_61_65_67_70_74
69
58_65
69
70
36
42
74
36
69
54_54_58_65_70
61
67
32
65
58
69
70
36_36_37_42_54_54_58_61_61_65_67_69_70_74
61
58
70
69
65
36
36
74
42
69
36_54_54_61_65_70
65
61_67
70
61
36
37
36_42_46_54_54_61_65_69_70_74
61_65
69
69
70
42
36
74
37_54_54_61_61_65_67
69
61
46_65
70
37_39_40_40_54_54_61_65_69
61
70
61
67
39
69
70
40
61
65
40
29_54_54_60_63_69
70
70
60
69
63
29
32_36_46_54_54_60_69
70
63
70
69
46
36
63
60
40_42_54_54_69
69
70
42
32
40
61
34_36_36_42_54_54_61_67_74_85
63
61
42
36
74
36_54_54
34
61
67
34_46_46_54_54_74
74
54_54_61_67_79
63
85
34
46
46
63
61
32_39_40_40_54_54_74
61
61
65
67
63
79
40
39
40
74
54_54
63
32
65
61
32_36_36_42_54_54_58_61_61_67_74_85
63
85
58
61
42
36
61
74
36
58
40_54_54_58_61
61
67
32
58
61
40
31_36_36_42_54_54_58_61_61_67_74
42
36
36
74
40_54_54_79
58_61
79
67
40
61
31_36_42_46_54_54_58_61_74
58_61
42
36
74
31_54_54_58_61_61_67
58
61
46
31
39_40_40_54_54_58_61_84
61
58
67
58
61
84
39
40
40
30_54_54_58_61
58
61
30
31_36_46_54_54_60
63
46
36
63
40_42_54_54
60
31
42
40
34_36_36_42_54_54_61_67_74
61
63
61
42
36
36
74
54_54
61
34
67
34_46_46_54_54_74
74
54_54_61_67
34
46
63
32_39_40_40_54_54_74_82
46
61
61
67
39
40
82
40
74
54_54_80
32
80
32_36_36_42_54_54_58_61_65_67_74
58_65
36
42
74
36
54_54_58_65_79
61
67
32
65
58
79
36_36_37_42_54_54_58_61_61_65_67_74
61
58
65
36
36
74
42
36_54_54_61_65
65
61_67
61
36
37
36_42_46_54_54_61_65_74
61_65
42
61
36
74
37_54_54_61_61_65_67
58
61
46_65
58
61
37_39_40_40_54_54_61_65_75
61
67
39
40
61
65
75
61
40
29_54_54_60_63_73
63
60
63
73
29
63
32_36_46_54_54_60
65
46
36
60
40_42_54_54
65
42
32
40
34_36_36_42_54_54_61_67_74_82
42
82
36
74
36_54_54_80
34
61
67
80
34_46_46_54_54_74_82
82
74
54_54_61_67
34
46
46
32_39_40_40_54_54_74_80_82
61
67
80
82
40
39
40
74
54_54
32
32_36_36_42_54_54_58_61_61_67_74_82
58
61
42
36
82
74
36
40_54_54_58_61
61
67
32
58
61
40
31_36_36_42_54_54_58_61_61_67_74
42
36
36
74
40_54_54
58_61
67
40
61
31_36_42_46_54_54_58_61_74
70
58_61
42
36
74
31_54_54_58_61_61_67
70
58
61
46
31
39_40_40_54_54_58_61
61
67
58
61
39
40
40
30_54_54_58_61
58
61
30
31_36_46_54_54_60_67_72_73
63
46
67_72
36
63
40_42_54_54_73
60
31
42
40
34_36_36_42_54_54_61_67_69_74
61
69
70
63
42
61
36
36
74
54_54_69
70
61
34
67
70
69
34_46_46_54_54_74
70
69
74
69
54_54_61_67_70
34
69
70
46
32_39_40_40_54_54_70_74
63
46
69
61
61
67
70
39_69
40
40
74
54_54_70
69
32
70
69
32_36_36_42_54_54_58_61_65_67_70_74
69
58_65
69
70
36
42
74
36
69
54_54_58_65_70
61
67
32
65
58
69
70
36_36_37_42_54_54_58_61_61_65_67_69_70_74
61
58
70
69
65
36
36
74
42
69
36_54_54_61_65_70
65
61_67
70
61
36
37
36_42_46_54_54_61_65_69_70_74
61_65
69
69
70
42
36
74
37_54_54_61_61_65_67
69
61
46_65
70
37_39_40_40_54_54_61_65_69
61
70
67
39
69
70
40
61
65
61
40
29_54_54_60_63_69
70
70
60
69
63
29
32_36_46_54_54_60_69
70
63
70
69
46
36
63
60
40_42_54_54_69
69
70
42
32
40
34_36_36_42_54_54_61_67_74_85
61
42
63
61
36
74
36_54_54
34
61
67
34_46_46_54_54_74
74
63
54_54_61_67_79
85
34
46
46
32_39_40_40_54_54_74
63
61
67
79
40
39
40
74
54_54
32
32_36_36_42_54_54_58_61_61_67_74_85
61
58_85
61
63
42
36
74
36
40_54_54_58_61
61
67
32
58
61
58_61
40
31_36_36_42_54_54_58_61_61_67_74
42
36
36
74
40_54_54_79
61
79
58
67
40
61
31_36_42_46_54_54_58_61_74
58_61
42
36
74
31_54_54_58_61_61_67
58
61
46
31
39_40_40_54_54_58_61_84
61
67
58
58
61
84
39
40
40
30_54_54_58_61
58
61
30
31_36_46_54_54_60
63
46
36
40_42_54_54
63
60
31
42
40
34_36_36_42_54_54_61_67_74
61
42
63
61
36
36
74
54_54
61
34
67
34_46_46_54_54_74
74
54_54_61_67
63
34
46
63
32_39_40_40_54_54_74_82
46
61
65
67
39
63
40
82
40
74
54_54_80
63
32
65
80
61
63
32_36_36_42_54_54_58_61_65_67_74
65
58
36
61
42
74
36
54_54_58_58_65_79
61
67
32
65
58
58
79
61
36_36_37_42_54_54_61_61_65_67_74
61
65
36
61
36
74
42
36_54_54_61_65
63
61
65
67
61
63
36
37
65
36_42_46_54_54_61_65_74
61
65
42
65
36
74
37_54_54_61_61_65_67
61
65
46
37_39_40_40_54_54_61_65_75
61
68
67
39
40
61_65
75
40
29_54_54_60_63_73
60
63
73
29
68
32_36_46_54_54_60
70
46
70
36
60
40_42_54_54
68
42
32
40
34_36_36_42_54_54_61_67_74_82
68
70
42
82
36
74
36_54_54_80
34
61
67
80
34_46_46_54_54_74_82
82
74
54_54_61_67
34
46
46
32_39_40_40_54_54_74_80_82
61
67
80
82
40
39
40
74
54_54
32
32_36_36_42_54_54_58_61_61_67_74_82
58
61
42
36
82
74
36
40_54_54_58_61
61
67
32
58
61
40
31_36_36_42_54_54_58_61_61_67_74
42
36
36
74
40_54_54
58_61
67
40
61
31_36_42_46_54_54_58_61_74
58_61
42
36
74
31_54_54_58_61_61_67
58
61
46
31
39_40_40_54_54_58_61
61
70
67
58
61
39
40
40
30_54_54_58_61
58
61
30
31_36_46_54_54_60_67_72_73
63
46
67_72
36
40_42_54_54_73
63
60
31
42
40
34_36_36_42_54_54_61_67_69_74
61
69
70
42
63
61
36
36
74
54_54_69
70
61
34
67
70
69
34_46_46_54_54_74
70
69
74
69
54_54_61_67_70
34
63
69
70
46
32_39_40_40_54_54_70_74
46
63
69
61
67
61
70
39_69
63
40
40
74
54_54_70
69
32
70
69
32_36_36_42_54_54_58_61_65_67_70_74
69
58_65
69
70
36
42
74
36
69
54_54_58_65_70
61
67
32
65
58
69
70
36_36_37_42_54_54_58_61_61_65_67_69_70_74
61
58
70
69
65
36
36
74
42
69
36_54_54_61_65_70
65
61_67
70
61
36
37
36_42_46_54_54_61_65_69_70_74
61_65
69
69
70
42
36
74
37_54_54_61_61_65_67
69
61
46_65
70
37_39_40_40_54_54_61_65_69
61
70
67
39
69
70
40
61
65
61
40
29_54_54_60_63_69
70
70
60
69
63
29
32_36_46_54_54_60_69
70
63
70
69
46
36
60
40_42_54_54_69
63
69
70
42
32
40
34_36_36_42_54_54_61_67_74_85
61
42
63
61
36
74
36_54_54
34
61
67
34_46_46_54_54_74
74
54_54_61_67_79
85
63
34
46
46
32_39_40_40_54_54_74
61
63
67
79
40
39
40
74
54_54
32
32_36_36_42_54_54_58_61_61_67_74_85
63_85
61
58
61
42
36
74
36
40_54_54_58_61
61
67
32
61
58
58
61
40
31_36_36_42_54_54_58_61_61_67_74
42
36
36
74
40_54_54_79
58_61
79
67
40
61
31_36_42_46_54_54_58_61_74
58_61
42
36
74
31_54_54_58_61_61_67
58
61
46
31
39_40_40_54_54_58_61_84
61
58
67
58
61
84
39
40
40
30_54_54_58_61
58
61
30
31_36_46_54_54_60
68
46
36
40_42_54_54
68
60
31
42
40
34_36_36_42_54_54_61_67_74
65
42
65
36
36
74
54_54
68
61
34
67
68
34_46_46_54_54_74
70
70
74
54_54_61_67
34
46
68
32_39_40_40_54_54_74_82
46
61
70
67
68
39
40
82
40
74
54_54_80
32
80
32_36_36_42_54_54_58_61_65_67_74
68
70
58_65
36
68
42
74
36
54_54_58_65_79
61
67
32
65
58
79
36_36_37_42_54_54_58_61_61_65_67_74
61
64
65
58
65
64
36
36
74
42
36_54_54_61_65
63
65
61_67
65
61
36
37
36_42_46_54_54_61_65_74
61
63
61_65
42
36
74
61
58
37_54_54_61_61_65_67
61
46_65
58
37_39_40_40_54_54_61_65_75
61
61
67
39
40
61
65
75
61_63
40
29_54_54_60_63_73
60
63
73
29
32_36_46_54_54_60
61
63
46
36
61
60
58
40_42_54_54
58
42
32
40
34_36_36_42_49_54_54_61_67_74_82
58
66
66
42
82
36
49
74
36_54_80
34
61
67
80
34_82
82
61_67
34
32_80_82
61
67
80
82
32
32_61_67_82
82
61
67
32
31_61_67_82
82
67
61
31_82
82
31_61_67
31
80_82
61
67
80
58
82
82
82
