43_50_67
55
58
62
50
55
58
50
62
55
58
62
50
55
58
62
50
55
58
62
50
50
55
55
58
58
62
62
50
50_67_70
55
55
58
58
62
62
67_70
50
50
55
55
58
58
62
62
43
50
50_50
55
55
58
58
62
62
50
50
55
55
58
58
62
62
50
50
48_48_67_72
55
51
58
55
62
60
48
51
55
48
60
51
55
60
48
53
48
51
55
60
48
51
55
60
53
55_72_79
48
48
55
55
60
60
55
48
48_60
51
51
55
55
60
60
60
60_74_79
48
48
55
55
60
60
60
48
48_53
51
51
55
55
60
60
48
48
51
51
55
55
60
60
53
48
50_55_74_75
51
55
55
58
60
62
50
55
58
50_74_75
62
55
58
62
50
55
58
62
50
55
58
62
50
50
55
55
58
58
62
62
55
50
50_55_74_79
55
55
58
58
62
62
55
55
55
53_74_79
50
50
55
55
58
58
62
62
53
50
50_50
55
55
58
58
62
62
50
50
55
55
58
58
62
62
50
50
48_48_74_75
55
51
58
55
62
60
74_75
72_74
46_70_72
70_72
46
35_36_46
48
35_36_46
36_38
38
38
36
38
38_38
38
38
38
38
29_36_38_45
36_38_45
36_38_43_48
51
55
60
29
36_38_43
31_35_36_44_49_50_72_74
55
58
62
35_36_44_49
44
31_74
44
50
55
58
31_38_40_44_50_74
62
55
58
62
38_40_44
44
50
55
58
62
44
44_50
55
31_58_74
62
44
31_35_36_44_74
50
50
55
55
58
58
62
62
31_35_36_44_74
50
31_35_36_44_50_70
55
55
58
58
62
62
31_35_36_44_70
31_38_40_44_72
50
50
55
55
58
58
62
62
31_38_40_44_72
50
33_35_36_44_50_74
55
55
58
58
62
62
35_36_44
50
44_50
55
55
58
58
62
62
33_74
44
50
35_36_36_44_48_77
55
51
58
55
62
60
35_36_44_77
44_75
36
44
48
51
55
36_38_40_44_48
60
51
55
60
38_40_44
44
36_48
51
55
60
44_75
36_38_40_44_48
51
55
60
38_40_44
44
48
48
55
55
60
60
36_44
48
35_36_36_44_48_75
51
51
55
55
60
60
35_36_44_75
44_75
44
48
38_48
55
36_55
60
60
75
38
48
29_38_44_48_72
51
51
55
55
60
60
38_44
48
38_44_48
51
51
55
55
60
60
29_72
38_44
48
31_35_36_44_50_75
51
55
55
58
60
62
35_36_44_75
44_74
31
44
50
55
58
31_38_40_44_50
62
55
58
62
38_40_44
44
50
55
58
62
44_74
44_50
55
31_58
62
44
31_35_36_44
50
50
55
55
58
58
62
62
31_35_36_44
50
31_35_36_44_50_67
55
55
58
58
62
62
67
67
31_35_36_44
67
31_38_40_44_67
50
50
55
55
58
58
62
62
31_38_40_44_67
50
33_35_36_44_50_67
55
55
58
58
62
62
35_36_44
50
44_50
55
55
58
58
62
62
33_67
44
50
35_36_36_44_48_74
55
51
58
55
62
60
35_36_44_74
44
72
36
44
48
72
51
55
36_38_40_44_48_70
60
51
55
60
70
72
38_40_44
44
36_48
51
55_72
60
44
36_38_40_44_48_67
51
55
60
38_40_44
44
67
48
48_70
55
55
60
60
36_44
48
35_36_36_44_48
51
51
55
55
60
60
70
35_36_44
44
44
48
38_48
55
36_55
60
60
38
48
29_36_44_45_47_48
51
51
55
55
60
60
36_44_45_47
48
36_44_45_47_48
51
51
55
55
60
60
29
36_44_45_47
48
31_35_36_44_49_50_74
51
55
55
58
60
62
35_36_44_49
44
31_74
44
50
55
58
31_38_40_44_50_74
62
55
58
62
38_40_44
44
50
55
58
62
44
44_50
55
31_58_74
62
44
31_35_36_44_74
50
50
55
55
58
58
62
62
31_35_36_44_74
50
31_35_36_44_50_70
55
55
58
58
62
62
31_35_36_44_70
31_38_40_44_72
50
50
55
55
58
58
62
62
31_38_40_44_72
50
33_35_36_44_50_74
55
55
58
58
62
62
35_36_44
50
44_50
55
55
58
58
62
62
33_74
44
50
35_36_36_44_48_77
55
51
58
55
62
60
35_36_44_77
44_75
36
44_75
48
51
55
36_38_40_44_48_75
60
51
55
60
38_40_44
44
36_48
51
55
60
44
36_38_40_44_48
51
55
60
38_40_44
44
48
48
55
55
60
60
36_44
75
48
35_36_36_44_48
51
51
55
55
60
60
35_36_44
44
44
48
38_48
55
36_55
60
60
38
48
29_38_44_48_72_84
51
51
55
55
60
60
38_44
48
38_44_48
51
51
55
55
60
60
29_72_84
38_44
48
31_35_36_44_50_75_87
51
55
55
58
60
62
35_36_44_75_87
44_74_86
31
44_74_86
50
55
58
31_38_40_44_50_74_86
62
55
58
62
38_40_44
44
50
55
58
62
44
44_50
55
31_58
62
44
31_35_36_44
50
50
55
55
58
58
62
62
31_35_36_44
74_86
50
31_35_36_44_50
55
55
58
58
62
62
31_35_36_44
31_38_40_44
50
50
55
55
58
58
62
62
31_38_40_44
50
33_35_36_44_50_67_79
55
55
58
58
62
62
35_36_44
50
44_50
55
55
58
58
62
62
33_67_79
44
50
35_36_36_44_48_74_86
55
51
58
55
62
60
35_36_44
44
74_86
72_84
36
44
48
72_84
51
55
36_38_40_44_48_70_82
60
51
55
60
70_82
72_84
38_40_44
44
36_48
51
55_72_84
60
44
36_38_38_44_48_67_79
51
55
60
38_38_44
44
67_79
48
48_70_82
55
55
60
60
36_44
48
35_36_36_44_48
51
51
55
55
60
60
70_82
35_36_44
38_44
38_44
48
40_45_48_48
55
36_55
60
60
40_45_48
40_44_47
40_44_47
48
29_40_45_48
51
51
55
55
60
60
40_45
48
38_48
51
51
55
55
60
60
29
38
48
31_35_36_44_49_50_74_79
51
55
55
58
60
62
35_36_44_49
44
31_79
44
50
55
58
31_38_40_44_46_50_50_55_58_81
62
55
58
62
38_40_44
44
46_50_50_55_58
55
58
62
44
44_46_50_50_55_58
55
31_58_81
62
44_46_50_55_58
31_35_36_44_74
50
50
55
55
58
58
62
62
31_35_36_44
50
31_35_36_44_46_50_50_55_58
55
55
58
58
62
62
74
31_35_36_44_46_50_55_58
31_38_40_44_77
50
46_50_50_55_58
55
55
58
58
62
62
31_38_40_44
46_50_50_55_58
33_35_36_44_50
55
55
58
58
62
62
35_36_44
50
44_50
55
55
58
58_77
62
62
33
44
50
35_36_36_44_48_48_51_55_74_75_77
55
51
58
55
62
60
35_36_44_48_51_55_77
44_75
36
44
48
51
55
36_38_40_44_48_48_51_55_60
60
51
55
60
38_40_44
75
44_75_79
36_48_48_51_55_60
51
55
60
44
36_38_40_44_48_48_51_55_60
51
55
60
75_79
38_40_44_48_51_55_60
44_75_79
48
48
55
55
60
60
36_44_75_79
48
35_36_36_44_48_48_51_55_60_75_79
51
51
55
55
60
60
35_36_44_75_79
44_75_79
44
48
38_48
55
36_55
60
60
75_79
38
48
29_38_44_48_75_79
51
51
55
55
60
60
38_44_48_51_55_60
48
38_44_48
51
51
55
55
60
60
29_75_79
38_44
48
31_35_36_44_50_74_75_75_82
51
55
55
58
60
62
35_36_44_75_82
44_74_81
74_81
72_79
31
44
50
72
55
58
31_38_40_44_46_50_50_55_58_74
62
55
58
62
38_40_44
44
46_50_50_55_58
55
58
62
44
44_46_50_50_55_58
55
31_58
62
74_79
44_46_50_55_58
31_35_36_44
50
50
55
55
58
58
62
62
31_35_36_44
50
31_35_36_44_46_50_50_55_58
55
55
58
58
62
62
31_35_36_44_46_50_55_58
31_38_40_44
50
46_50_50_55_58
55
55
58
58
62
62
31_38_40_44
46_50_50_55_58
33_35_36_44_50_67_79
55
55
58
58
62
62
35_36_44
50
44_50
55
55
58
58
62
62
33_67_79
44
50
35_36_36_44_48_48_51_55_74_74_75_82
55
51
58
55
62
60
35_36_44_48_51_55_74_82
44_72_81
72_81
70_79
36
44
48
70
51
55
36_38_40_44_48_48_51_55_60_72
60
51
55
60
38_40_44
44
36_48_48_51_55_60
51
55
60
44
36_38_40_44_48_48_51_55_60
51
55
60
72_79
38_40_44_48_51_55_60
44
48
48
55
55
60
60
36_44
48
35_36_36_44_48_48_51_55_60
51
51
55
55
60
60
35_36_44
44
44
48
38_48
55
36_55
60
60
38
48
29_36_44_45_47_48
51
51
55
55
60
60
36_44_45_47_48_51_55_60
48
36_44_45_47_48
51
51
55
55
60
60
29
36_44_45_47
48
31_35_36_44_49_50_74_75_79
51
55
55
58
60
62
35_36_44_49
44
31_79
44
50
55
58
31_38_40_44_46_50_50_55_58_81
62
55
58
62
38_40_44
44
46_50_50_55_58
55
58
62
44
44_46_50_50_55_58
55
31_58_81
62
44_46_50_55_58
31_35_36_44_74
50
50
55
55
58
58
62
62
31_35_36_44
74
50
31_35_36_44_46_50_50_55_58_67
55
55
58
58
62
62
31_35_36_44_46_50_55_58_67
31_38_40_44_77
50
46_50_50_55_58
55
55
58
58
62
62
31_38_40_44_77
46_50_50_55_58
33_35_36_44_50_77
55
55
58
58
62
62
35_36_44
50
44_50
55
55
58
58
62
62
33_77
44
50
35_36_36_44_48_48_51_55_74_75_77
55
51
58
55
62
60
35_36_44_48_51_55_77
44_75
36
44_75
48
51
55
36_38_40_44_48_48_51_55_60_75
60
51
55
60
38_40_44
75
44_75_79
36_48_48_51_55_60
51
55
60
44
36_38_40_44_48_48_51_55_60
51
55
60
75_79
38_40_44_48_51_55_60
44_75_79
48
48
55
55
60
60
36_44_75_79
48
35_36_36_44_48_48_51_55_60_75_79
51
51
55
55
60
60
35_36_44_75_79
44_75_79
44
48
38_48
55
36_55
60
60
75_79
38
48
29_38_44_48_75_79
51
51
55
55
60
60
38_44_48_51_55_60
48
38_44_48
51
51
55
55
60
60
29_75_79
38_44
48
31_35_36_44_50_74_75_75_79_82
51
55
55
58
60
62
35_36_44_75_82
44_74_81
74_81
72_79
31
44
50
72
55
58
31_38_40_44_46_50_50_55_58_74
62
55
58
62
38_40_44
44
46_50_50_55_58
55
58
62
44
44_46_50_50_55_58
55
31_58
62
74_79
44_46_50_55_58
31_35_36_44
50
50
55
55
58
58
62
62
31_35_36_44
50
31_35_36_44_46_50_50_55_58
55
55
58
58
62
62
31_35_36_44_46_50_55_58
31_38_40_44
50
46_50_50_55_58
55
55
58
58
62
62
31_38_40_44
46_50_50_55_58
33_35_36_44_50_67_79
55
55
58
58
62
62
35_36_44
50
44_50
55
55
58
58
62
62
33_67_79
44
50
35_36_36_44_48_48_51_55_74_74_75_79_82
55
51
58
55
62
60
35_36_44_48_51_55_74_82
44_72_81
72_81
70_79
36
44
48
70
51
55
36_38_40_44_48_48_51_55_60_72
60
51
55
60
38_40_44
44
36_48_48_51_55_60
51
55
60
44
36_38_38_44_48_48_51_55_60
51
55
60
72_79
38_38_44_48_51_55_60
44_55_69_81
48
48
55
55
60
60
36_44_55
48
35_36_36_44_48_48_51_51_55_59_60
51
51
55
55
60
60
69_81
35_36_36_44_51_59
48_51_55_60
33_38_44_50_55_62
38_44
48
38_48
55
55
60
60
38
38
38
48
38_44_48
51
51
55
55
60
60
38_44
48
38_48
51
51
55
33_55
60
60
38
48
34_35_36_44_46_49_50_50_53_55_58_59_62_75
51
53
55
58
60
62
35_36_44_49_59
44_59
34
44_59
50
53
58
34_38_40_44_50_59
62
53
58
62
38_40_44_59
44_59_70
50
53
58
62
44_59
44_50
53
34_58
62
70
44
34_35_36_44_59_70
50
50
53
53
58
58
62
62
34_35_36_44_59_70
50
34_35_36_44_50_59_72
53
53
58
58
62
62
34_35_36_44_59_72
36_38_40_44_55_59_74
50
50
53
53
58
58
62
62
36_38_40_44_55_59_74
50
35_36_41_41_44_46_46_50_53_53_58_59_77
53
53
58
58
62
62
35_36_44_59
50
44_50
53
53
58
58
62
62
41_77
44
50
35_36_39_39_41_44_46_46_46_51_53_57_59_75
53
51
58
55
62
58
35_36_44_57_59
44_59
39_75
44_59
46
51
55
38_39_40_44_46_59
58
51
55
58
38_40_44_59
35_36_44_59
46
51
55
58
35_36_44_59
44_46
51
39_55
58
44
35_36_39_44_59_82
46
46
51
51
55
55
58
58
35_36_44_59_82
46
36_40_45_46_48_59_82
51
51
55
55
58
58
36_40_45_48_59_82
36_40_45_48_84
39
36_40_45_48
36_39_39_43_46_46_47_51_51_58_59
36_43_47_59
46
35_36_43_46_47
51
51
55
55
58
58
39_84
35_36_43_47
46
35_36_39_40_41_45_46_59_82
51
51
55
55
58
58
35_36_40_41_45_59
46_82
35_36_40_41_45_46_82
51
51
55
55
58
58
39
35_36_40_41_45_82
46
35_36_41_41_44_46_48_48_51_53_57_58_59_81
51
53
55
57
58
60
35_36_44_57_59_81
44_59_77
41
44_59_77
48
53
57
38_40_41_44_48_59_77
60
53
57
60
38_40_44_59_77
44_59_75
48
53
57
60
44_59
44_48
53
41_57
60
75
44
35_36_41_44_59_77
48
48
53
53
57
57
60
60
35_36_41_44_59_77
48
35_36_41_44_48_59_75
53
53
57
57
60
60
35_36_41_44_59_75
38_40_41_41_41_44_48_48_53_53_55_59_74
48
48
53
53
57
57
60
60
38_40_41_44_55_59_74
48
35_36_41_44_48_59_77
53
53
57
57
60
60
35_36_44_59
48
44_48
53
53
57
57
60
60
41_77
44
48
35_36_39_39_41_44_46_48_49_51_51_53_57_58_61
53
57
60
35_36_39_44_57
35_36_39_39_44_46_51_57_70_77
49_51_58_61_70_77
35_36_39_44_57
39_44_59_73_79
39_46_49_51_51_58_61
73_79
39_44_59
49_51_58_61
35_36_39_39_39_44_46_46_49_51_51_51_57_58_61_73_79
35_36_44_57
44
73_79
39_49_51_58_61
44
35_36_39_39_39_44_46_46_49_51_51_51_57_58_61_73_79
73_79
35_36_39_44_49_51_57_58_61
39_39_44_46_51_57_59_67_73_79
39_46_49_51_51_58_61
73_79
39_44_57_59
39_46_49_51_51_58_61
36_39_39_43_46_47_48_49_51_51_58_59_61_67_70_73_79
36_43_47_48_59
36_43_47_48
73_79
39
36_43_47_48
36_39_40_43_45_47_69_70_73_79
36_40_43_45_47
36_40_43_45_47
39_46_49_51_51_58_61_73_79
39
36_40_43_45_47
34_35_36_44_46_49_50_53_58_59_65_69
53
58
62
35_36_44_49_59
44_59
34
44_59
50
53
58
34_38_40_44_50_59_65
62
53
58
62
38_40_44_59
44_59_75
50
53
58
62
44_59
44_50
53
34_58
62
75
44
34_35_36_44_59_77
50
50
53
53
58
58
62
62
34_35_36_44_59_77
50
34_35_36_44_50_59_75
53
53
58
58
62
62
34_35_36_44_59_75
36_38_40_44_55_59_70_77
50
50
53
53
58
58
62
62
36_38_40_44_55_59_77
50
35_36_41_41_44_46_46_50_53_53_58_59_69_70_79
53
53
58
58
62
62
35_36_44_59
50
44_50
53
53
58
58
62
62
41
44
50
35_36_39_39_41_44_46_46_46_51_53_57_59_67_69
53
51
58
55
62
58
35_36_44_57_59_79
44_59_75
39
44_59
46
51
55
38_39_40_44_46_59
58
51
55
58
75
38_40_44_59
35_36_44_59
46
51
55
58
35_36_44_59
44_46
51
39_55
58
44
35_36_39_44_59_67_82
46
46
51
51
55
55
58
58
35_36_44_59_82
46
36_40_45_46_48_59_82
51
51
55
55
58
58
36_40_45_48_59_82
36_40_45_48_84
39
36_40_45_48
36_39_39_43_46_46_47_51_51_58_59
36_43_47_59
46
35_36_43_46_47
51
51
55
55
58
58
39_84
35_36_43_47
46
35_36_39_40_41_45_46_59_82
51
51
55
55
58
58
35_36_40_41_45_59
46_82
35_36_40_41_45_46_82
51
51
55
55
58
58
39
35_36_40_41_45_82
46
35_36_41_41_44_46_48_48_51_53_57_58_59_81
51
53
55
57
58
60
35_36_44_57_59_81
44_59_77
41
44_59_77
48
53
57
38_40_41_44_48_59_77
60
53
57
60
38_40_44_59_77
44_59_75
48
53
57
60
44_59
44_48
53
41_57
60
75
44
35_36_41_44_59_77
48
48
53
53
57
57
60
60
35_36_41_44_59_77
48
35_36_41_44_48_59_75
53
53
57
57
60
60
35_36_41_44_59_75
38_40_41_41_41_44_48_48_53_53_55_59_74
48
48
53
53
57
57
60
60
38_40_41_44_55_59_74
48
35_36_41_44_48_59_77
53
53
57
57
60
60
35_36_44_59
48
44_48
53
53
57
57
60
60
41_77
44
48
35_36_39_39_41_44_46_48_49_51_51_53_57_58_61
53
57
60
35_36_39_44_57
35_36_39_39_44_46_51_70_77
49_51_58_61_70_77
35_36_39_44
39_44_59_73_79
39_46_49_51_51_58_61
73_79
39_44_59
49_51_58_61
35_36_39_39_39_44_46_46_49_51_51_51_57_58_61_73_79
35_36_44_57
44
73_79
39_49_51_58_61
44
35_36_39_39_39_44_46_46_49_51_51_51_58_61_74_79
74_79
35_36_39_44_49_51_58_61
39_39_44_46_51_57_59_75
39_46_49_51_51_58_61
75
39_44_57_59
39_46_49_51_51_58_61
36_39_39_43_46_47_48_49_51_51_58_59_61_77
36_43_47_48_59
36_43_47_48
77
39
36_43_47_48
36_39_40_43_45_47_79
36_40_43_45_47
36_40_43_45_47
39_46_49_51_51_58_61_79
39
36_40_43_45_47
31_35_36_44_46_49_50_50_55_58_59_62_67_67
55
58
62
35_36_44_49_59
44_58_62_67_74
44
50
55
58
38_40_44_50_57_58_59_72_74
62
55
58
62
38_40_44_59
44_57_60_67_72
50
55
58
62
44
44_50
55
58
62
44
35_36_44_58_59_60_67_67_70_74
50
50
55
55
58
58
62
62
31_35_36_44_59
50
35_36_44_50_57_58_70_72
55
55
58
58
62
62
35_36_44
31_38_40_44_59
46_50_55_58
50
50
55
55
58
58
62
62
31_38_40_44_59
50
34_35_36_44_50
55
55
58
58
62
62
35_36_44
50
44_50
55
55
58
58
62
62
34
44
50
35_36_36_44_48_55_57_59_62_67_72_72_74
55
51
58
55
62
60
35_36_44_55_59
44_58_62_67_74
44
48
51
55
38_40_44_48_57_58_59_72_74
60
51
55
60
36
38_40_44_59
41_44_57_60_67_72
48
51
55
60
44
38_40_44_48
51
55
60
38_40_44
41
43_44_58_59_60_67_70_72_79
48
48
55
55
60
60
44_59
43
48
35_36_44_48_48_57_57_58_69_70
51
51
55
55
60
60
35_36_44_48_57
44_48_59_75_79
44_59
48
38_47_48_50
55
55
60
60
38_47_50
48
48
38_41_44_45_48_48
51
51
55
55
60
60
38_44_45_48
48
38_43_47_48
51
51
55
55
60
60
41
38_43_47
48
35_36_43_44_50_55_57_59_62_67_69_74_75
51
55
55
58
60
62
35_36_44_55_59
44_58_62_67_74
44
50
55
58
38_40_44_50_57_58_59_72_74
62
55
58
62
38_40_44_59
44_57_60_67_72
50
55
58
62
44
44_50
55
58
62
44
35_36_44_58_59_60_67_70
50
50
55
55
58
58
62
62
35_36_43_44_59
50
35_36_43_44_50_57_58_70_72
55
55
58
58
62
62
43
43
35_36_44
43
38_40_41_44_59
50
50
55
55
58
58
62
62
38_40_41_44_59
50
35_36_38_44_50
55
55
58
58
62
62
35_36_44
50
44_50
55
55
58
58
62
62
38
44
50
35_36_36_43_47_48_49_57_59_62_67_72_74_75
55
51
58
55
62
60
58_62_67_74
35_36_43_47_49_59
46_57_58_72_74
72_75
46
35_36_46_57_72
36
35_36_46
36_38_66
38
38
36
38
38_38
38
38
38
38
34_36_38_45
36_38_45
36_38_43_48
51
55
60
34
36_38_43
31_35_36_44_49_50_66_72_74
55
58
62
35_36_44_49
44
31_74
44
50
55
58
31_38_40_44_50_74
62
55
58
62
38_40_44
44
50
55
58
62
44
44_50
55
31_58_74
62
44
31_35_36_44_74
50
50
55
55
58
58
62
62
31_35_36_44_74
50
31_35_36_44_50_70
55
55
58
58
62
62
31_35_36_44_70
31_38_40_44_72
50
50
55
55
58
58
62
62
31_38_40_44_72
50
33_35_36_44_50_74
55
55
58
58
62
62
35_36_44
50
44_50
55
55
58
58
62
62
33_74
44
50
35_36_36_44_48_77
55
51
58
55
62
60
35_36_44_77
44_75
36
44
48
51
55
36_38_40_44_48
60
51
55
60
38_40_44
44
36_48
51
55
60
44_75
36_38_40_44_48
51
55
60
38_40_44
44
48
48
55
55
60
60
36_44
48
35_36_36_44_48
51
51
55
55
60
60
35_36_44
44_75_82
44
48
38_48
55
36_55
60
60
75_82
38
48
29_38_44_48_72_79
51
51
55
55
60
60
38_44
48
38_44_48
51
51
55
55
60
60
29_72_79
38_44
48
31_35_36_44_50_75_81
51
55
55
58
60
62
35_36_44_75_81
44_74_79
31
44
50
55
58
31_38_40_44_50
62
55
58
62
38_40_44
44
50
55
58
62
44_74_79
44_50
55
31_58
62
44
31_35_36_44
50
50
55
55
58
58
62
62
31_35_36_44
50
31_35_36_44_50_67
55
55
58
58
62
62
31_35_36_44_67
31_38_40_44_67
50
50
55
55
58
58
62
62
31_38_40_44_67
50
33_35_36_44_50_67_79
55
55
58
58
62
62
35_36_44
50
44_50
55
55
58
58
62
62
33_67_79
44
50
35_36_36_44_48_74_75_79_86
55
51
58
55
62
60
35_36_44_74_86
44_72_84
36
44_72_84
48
51
55
36_38_40_44_48_70_82
60
51
55
60
70_82
72_84
38_40_44
72_84
44_67_79
36_48
51
55
60
44
36_38_40_44_48
51
55
60
67_79
38_40_44
44_70_82
48
48
55
55
60
60
36_44
48
35_36_36_44_48
51
51
55
55
60
60
70_82
35_36_44
44
44
48
38_48
55
36_55
60
60
38
48
29_36_44_45_47_48
51
51
55
55
60
60
36_44_45_47
48
36_44_45_47_48
51
51
55
55
60
60
29
36_44_45_47
48
31_35_36_44_49_50_74_75_79
51
55
55
58
60
62
35_36_44_49
44
31_74
44
50
55
58
31_38_40_44_50_74
62
55
58
62
38_40_44
44
50
55
58
62
44
44_50
55
31_58_74
62
44
31_35_36_44_74
50
50
55
55
58
58
62
62
31_35_36_44_74
50
31_35_36_44_50_70
55
55
58
58
62
62
31_35_36_44_70
31_38_40_44_72
50
50
55
55
58
58
62
62
31_38_40_44_72
50
33_35_36_44_50_74
55
55
58
58
62
62
35_36_44
50
44_50
55
55
58
58
62
62
33_74
44
50
35_36_36_44_48_77
55
51
58
55
62
60
35_36_44_77
44_75
36
44_75
48
51
55
36_38_40_44_48_75
60
51
55
60
38_40_44
44
36_48
51
55
60
44
36_38_40_44_48
51
55_75
60
38_40_44
44
48
48
55
55
60
60
36_44
48
35_36_36_44_48_75
51
51
55
55
60
60
35_36_44_75
44_75
44
48
38_48
55
36_55
60
60
75
38
48
29_38_44_48_72_79
51
51
55
55
60
60
38_44
48
38_44_48
51
51
55
55
60
60
29_72_79
38_44
48
31_35_36_44_50_75_82
51
55
55
58
60
62
35_36_44_75_82
44_74_79
31
44_74_79
50
55
58
31_38_40_44_50_74_79
62
55
58
62
38_40_44
44
50
55
58
62
44
44_50
55
31_58_74_79
62
44
31_35_36_44
50
50
55
55
58
58
62
62
31_35_36_44
50
31_35_36_44_50_67_79
55
55
58
58
62
62
67_79
67_79
31_35_36_44
67_79
31_38_40_44_67_79
50
50
55
55
58
58
62
62
31_38_40_44_67_79
50
33_35_36_44_50_67_79
55
55
58
58
62
62
35_36_44
50
44_50
55
55
58
58
62
62
33_67_79
44
50
35_36_36_44_48_74_75_79_86
55
51
58
55
62
60
35_36_44_74_86
44_72_84
36
44_72_84
48
51
55
36_38_40_44_48_70_82
60
51
55
60
70_82
72_84
38_40_44
72_84
44_67_79
36_48
51
55
60
44
36_38_38_44_48
51
55
60
67_79
38_38_44
44_70_82
48
48
55
55
60
60
36_44
48
35_36_36_44_48
51
51
55
55
60
60
70_82
35_36_44
38_44
38_44
48
40_45_48_48
55
36_55
60
60
40_45_48
40_44_47
40_44_47
48
29_40_45_48
51
51
55
55
60
60
40_45
48
38_48
51
51
55
55
60
60
29
38
48
31_35_36_44_49_50_74_75_79_79
51
55
55
58
60
62
35_36_44_49
44
31_79
44
50
55
58
31_38_40_44_46_50_50_55_58_81
62
55
58
62
38_40_44
44
46_50_50_55_58
55
58
62
44
44_46_50_50_55_58
55
31_58_81
62
44_46_50_55_58
31_35_36_44_74
50
50
55
55
58
58
62
62
31_35_36_44
50
31_35_36_44_46_50_50_55_58
55
55
58
58
62
62
74
31_35_36_44_46_50_55_58
31_38_40_44_77
50
46_50_50_55_58
55
55
58
58
62
62
31_38_40_44
46_50_50_55_58
33_35_36_44_50
55
55
58
58
62
62
35_36_44
50
44_50
55
55
58
58_77
62
62
33
44
50
35_36_36_44_48_48_51_55_74_75_77
55
51
58
55
62
60
35_36_44_48_51_55_77
44_75
36
44
48
51
55
36_38_40_44_48_48_51_55_60
60
51
55
60
38_40_44
75
44_75_79
36_48_48_51_55_60
51
55
60
44
36_38_40_44_48_48_51_55_60
51
55
60
75_79
38_40_44_48_51_55_60
44_75_79
48
48
55
55
60
60
36_44_75_79
48
35_36_36_44_48_48_51_55_60_75_79
51
51
55
55
60
60
35_36_44_75_79
44_75_79
44
48
38_48
55
36_55
60
60
75_79
38
48
29_38_44_48_75_79
51
51
55
55
60
60
38_44_48_51_55_60
48
38_44_48
51
51
55
55
60
60
29_75_79
38_44
48
31_35_36_44_50_74_75_75_82
51
55
55
58
60
62
35_36_44_75_82
44_74_81
74_81
72_79
31
44
50
72
55
58
31_38_40_44_46_50_50_55_58_74
62
55
58
62
38_40_44
44
46_50_50_55_58
55
58
62
44
44_46_50_50_55_58
55
31_58
62
74_79
44_46_50_55_58
31_35_36_44
50
50
55
55
58
58
62
62
31_35_36_44
50
31_35_36_44_46_50_50_55_58
55
55
58
58
62
62
31_35_36_44_46_50_55_58
31_38_40_44
50
46_50_50_55_58
55
55
58
58
62
62
31_38_40_44
46_50_50_55_58
33_35_36_44_50_67_79
55
55
58
58
62
62
35_36_44
50
44_50
55
55
58
58
62
62
33_67_79
44
50
35_36_36_44_48_48_51_55_74_74_75_82
55
51
58
55
62
60
35_36_44_48_51_55_74_82
44_72_81
72_81
70_79
36
44
48
70
51
55
36_38_40_44_48_48_51_55_60_72
60
51
55
60
38_40_44
44
36_48_48_51_55_60
51
55
60
44
36_38_40_44_48_48_51_55_60
51
55
60
72_79
38_40_44_48_51_55_60
44
48
48
55
55
60
60
36_44
48
35_36_36_40_44_48_48_51_55_55_60
51
51
55
55
60
60
35_36_40_44_55
44
44
48
38_48
55
36_55
60
60
38
48
29_36_44_45_47_48
51
51
55
55
60
60
36_44_45_47_48_51_55_60
48
36_44_45_47_48
51
51
55
55
60
60
29
36_44_45_47
48
31_35_36_44_49_50_74_75_79
51
55
55
58
60
62
35_36_44_49
44
31_79
44
50
55
58
31_38_40_44_46_50_50_55_58_81
62
55
58
62
38_40_44
44
46_50_50_55_58
55
58
62
44
44_46_50_50_55_58
55
31_58_81
62
44_46_50_55_58
31_35_36_44_74
50
50
55
55
58
58
62
62
31_35_36_44
74
50
31_35_36_44_46_50_50_55_58_67
55
55
58
58
62
62
31_35_36_44_46_50_55_58_67
31_38_40_44_77
50
46_50_50_55_58
55
55
58
58
62
62
31_38_40_44_77
46_50_50_55_58
33_35_36_44_50_77
55
55
58
58
62
62
35_36_44
50
44_50
55
55
58
58
62
62
33_77
44
50
35_36_36_44_48_48_51_55_74_75_77
55
51
58
55
62
60
35_36_44_48_51_55_77
44_75
36
44_75
48
51
55
36_38_40_44_48_48_51_55_60_75
60
51
55
60
38_40_44
75
44_75_79
36_48_48_51_55_60
51
55
60
44
36_38_40_44_48_48_51_55_60
51
55
60
75_79
38_40_44_48_51_55_60
44_75_79
48
48
55
55
60
60
36_44_75_79
48
35_36_36_44_48_48_51_55_60_75_79
51
51
55
55
60
60
35_36_44_75_79
44_75_79
44
48
38_48
55
36_55
60
60
75_79
38
48
29_38_44_48_75_79
51
51
55
55
60
60
38_44_48_51_55_60
48
38_44_48
51
51
55
55
60
60
29_75_79
38_44
48
31_35_36_44_50_74_75_75_79_82
51
55
55
58
60
62
35_36_44_75_82
44_74_81
74_81
72_79
31
44
50
72
55
58
31_38_40_44_46_50_50_55_58_74
62
55
58
62
38_40_44
44
46_50_50_55_58
55
58
62
44
44_46_50_50_55_58
55
31_58
62
74_79
44_46_50_55_58
31_35_36_44
50
50
55
55
58
58
62
62
31_35_36_44
50
31_35_36_44_46_50_50_55_58
55
55
58
58
62
62
31_35_36_44_46_50_55_58
31_38_40_44
50
46_50_50_55_58
55
55
58
58
62
62
31_38_40_44
46_50_50_55_58
33_35_36_44_50_67_79
55
55
58
58
62
62
35_36_44
50
44_50
55
55
58
58
62
62
33_67_79
44
50
35_36_36_44_48_48_51_55_74_74_75_82
55
51
58
55
62
60
35_36_44_48_51_55_74_82
44_72_81
72_81
70_79
36
44
48
70
51
55
36_38_40_44_48_48_51_55_60_72
60
51
55
60
38_40_44
44
36_48_48_51_55_60
51
55
60
44
36_38_38_44_48_48_51_55_60
51
55
60
72_79
38_38_44_48_51_55_60
44_55_69_81
48
48
55
55
60
60
36_44_55
48
35_36_36_44_48_48_51_51_55_59_60
51
51
55
55
60
60
69_81
35_36_36_44_51_59
48_51_55_60
33_38_50_55_62
38
48
38_47_48_50
55
55
60
60
38_47_50
38_45_48
38_45_48
48
38_43_47_48
51
51
55
55
60
60
38_43_47
38_41_45
38_41_45
48
38_41_47_48
51
51
55
33_55
60
60
38_41_47
38_41_45
38_41_45
48
34_35_36_44_46_49_50_50_53_55_58_59_62_75_79
51
53
55
58
60
62
35_36_44_49_59
44_59
34
44_59
50
53
58
34_38_40_44_50_59
62
53
58
62
38_40_44_59
44_59_70
50
53
58
62
44_59
44_50
53
34_58
62
70
44
34_35_36_44_59_70
50
50
53
53
58
58
62
62
34_35_36_44_59_70
50
34_35_36_44_50_59_72
53
53
58
58
62
62
34_35_36_44_59_72
36_38_40_44_55_59_74
50
50
53
53
58
58
62
62
36_38_40_44_55_59_74
50
35_36_41_41_44_46_46_50_53_53_58_59_77
53
53
58
58
62
62
35_36_44_59
50
44_50
53
53
58
58
62
62
41_77
44
50
35_36_39_39_41_44_46_46_46_51_53_57_59_75
53
51
58
55
62
58
35_36_44_57_59
44_59
39_75
44_59
46
51
55
38_39_40_44_46_59
58
51
55
58
38_40_44_59
35_36_44_59
46
51
55
58
35_36_44_59
44_46
51
39_55
58
44
35_36_39_44_59_82
46
46
51
51
55
55
58
58
35_36_44_59_82
46
36_40_45_46_48_59_82
51
51
55
55
58
58
36_40_45_48_59_82
36_40_45_48_84
39
36_40_45_48
36_39_39_43_46_46_47_51_51_58_59
36_43_47_59
46
35_36_43_46_47
51
51
55
55
58
58
39_84
35_36_43_47
46
35_36_39_40_41_45_46_59_82
51
51
55
55
58
58
35_36_40_41_45_59
46_82
35_36_40_41_45_46_82
51
51
55
55
58
58
39
35_36_40_41_45_82
46
35_36_41_41_44_46_48_48_51_53_57_58_59_81
51
53
55
57
58
60
35_36_44_57_59_81
44_59_77
41
44_59_77
48
53
57
38_40_41_44_48_59_77_81
60
53
57
60
38_40_44_59_77_81
44_59_75_79
48
53
57
60
44_59
44_48
53
41_57
60
75_79
44
35_36_41_44_59_77_81
48
48
53
53
57
57
60
60
35_36_41_44_59_77_81
48
35_36_41_44_48_59_75_79
53
53
57
57
60
60
35_36_41_44_59_75_79
38_40_41_41_41_44_48_48_53_53_55_59_74_77
48
48
53
53
57
57
60
60
38_40_41_44_55_59_74_77
48
35_36_41_44_48_59_77_81
53
53
57
57
60
60
35_36_44_59
48
44_48
53
53
57
57
60
60
41_77_81
44
48
35_36_39_39_41_44_46_48_49_51_51_53_57_58_61
53
57
60
35_36_39_44_57
35_36_39_39_44_46_51_57_70_77
49_51_58_61_70_77
35_36_39_44_57
39_44_59_73_79
39_46_49_51_51_58_61
73_79
39_44_59
49_51_58_61
35_36_39_39_39_44_46_46_49_51_51_51_57_58_61_73_79
35_36_44_57
44
73_79
39_49_51_58_61
44
35_36_39_39_39_44_46_46_49_51_51_51_57_58_61_73_79
73_79
35_36_39_44_49_51_57_58_61
39_39_44_46_51_57_59_67_73_79
39_46_49_51_51_58_61
73_79
39_44_57_59
39_46_49_51_51_58_61
36_39_39_43_46_47_48_49_51_51_58_59_61_67_70_73_79
36_43_47_48_59
36_43_47_48
73_79
39
36_43_47_48
36_39_40_43_45_47_69_70_77_79
36_40_43_45_47
36_40_43_45_47
39_46_49_51_51_58_61_77_79
39
36_40_43_45_47
34_35_36_44_46_49_50_53_58_59_65_69
53
58
62
35_36_44_49_59
44_59_77
34
44_59_77
50
53
58
34_38_40_44_50_59_65_77
62
53
58
62
38_40_44_59_77
44_59_75
50
53
58
62
44_59
44_50
53
34_58
62
75
44
34_35_36_44_59_77
50
50
53
53
58
58
62
62
34_35_36_44_59_77
50
34_35_36_44_50_59_75
53
53
58
58
62
62
34_35_36_44_59_75
36_38_40_44_55_59_70_77
50
50
53
53
58
58
62
62
36_38_40_44_55_59_77
50
35_36_41_41_44_46_46_50_53_53_58_59_69_70_79
53
53
58
58
62
62
35_36_44_59
50
44_50
53
53
58
58
62
62
41
44
50
35_36_39_39_41_44_46_46_46_51_53_57_59_67_69
53
51
58
55
62
58
35_36_44_57_59_79
44_59_75
39
44_59
46
51
55
38_39_40_44_46_59
58
51
55
58
75
38_40_44_59
35_36_44_59
46
51
55
58
35_36_44_59
44_46
51
39_55
58
44
35_36_39_44_59_67_82
46
46
51
51
55
55
58
58
35_36_44_59_82
46
36_40_45_46_48_59_82
51
51
55
55
58
58
36_40_45_48_59_82
36_40_45_48_84
39
36_40_45_48
36_39_39_43_46_46_47_51_51_58_59
36_43_47_59
46
35_36_43_46_47
51
51
55
55
58
58
39_84
35_36_43_47
46
35_36_39_40_41_45_46_59_82
51
51
55
55
58
58
35_36_40_41_45_59
46_82
35_36_40_41_45_46_82
51
51
55
55
58
58
39
35_36_40_41_45_82
46
35_36_41_41_44_46_48_48_51_53_57_58_59_81
51
53
55
57
58
60
35_36_44_57_59
44_59
41
44_59
48_81
53
57
38_40_41_44_48_59
60
53
57
60
38_40_44_59
44_59_77_81
48
53
57
60
44_59
44_48
53
41_57
60
77_81
44
35_36_41_44_59_77_81
48
48
53
53
57
57
60
60
35_36_41_44_59_77_81
48
35_36_41_44_48_59_75_79
53
53
57
57
60
60
35_36_41_44_59_75_79
38_40_41_41_41_44_48_48_53_53_55_59_74_77
48
48
53
53
57
57
60
60
38_40_41_44_55_59_74_77
48
35_36_41_44_48_59_77_81
53
53
57
57
60
60
35_36_44_59
48
44_48
53
53
57
57
60
60
41_77_81
44
48
35_36_39_39_41_44_46_48_49_51_51_53_57_58_61
53
57
60
35_36_39_44_57
35_36_39_39_44_46_51_57_70_77
49_51_58_61_70_77
35_36_39_44_57
39_44_59_73_79
39_46_49_51_51_58_61
73_79
39_44_59
49_51_58_61
35_36_39_39_39_44_46_46_49_51_51_51_57_58_61_73_79
35_36_44_57
44
73_79
39_49_51_58_61
44
35_36_39_39_39_44_46_46_49_51_51_51_58_61_73_79
73_79
35_36_39_44_49_51_58_61
39_39_44_46_51_57_59_67_73_79
39_46_49_51_51_58_61
73_79
39_44_57_59
39_46_49_51_51_58_61
36_39_39_43_46_47_48_49_51_51_58_59_61_67_70_73_79
36_43_47_48_59
36_43_47_48
73_79
39
36_43_47_48
36_39_40_43_45_47_69_70_73_79
36_40_43_45_47
36_40_43_45_47
39_46_49_51_51_58_61_73_79
39
36_40_43_45_47
34_35_36_44_46_49_50_53_58_59_65_69
53
58
62
35_36_44_49_59
44_59
34
44_59
50
53
58
34_38_40_44_50_59_65
62
53
58
62
38_40_44_59
44_59_70
50
53
58
62
44_59
44_50
53
34_58
62
70
44
34_35_36_44_59_70
50
50
53
53
58
58
62
62
34_35_36_44_59_70
50
34_35_36_44_50_59_72
53
53
58
58
62
62
34_35_36_44_59_72
36_38_40_44_55_59_70_74
50
50
53
53
58
58
62
62
36_38_40_44_55_59_74
50
35_36_41_41_44_46_46_50_53_53_58_59_69_70_77
53
53
58
58
62
62
35_36_44_59
50
44_50
53
53
58
58
62
62
41_77
44
50
35_36_39_39_41_44_46_46_46_51_53_57_59_67_69_75
53
51
58
55
62
58
35_36_44_57_59
44_59
39_75
44_59
46
51
55
38_39_40_44_46_59
58
51
55
58
38_40_44_59
35_36_44_59
46
51
55
58
35_36_44_59
44_46
51
39_55
58
44
35_36_39_44_59_67_82
46
46
51
51
55
55
58
58
35_36_44_59_82
46
36_40_45_46_48_59_82
51
51
55
55
58
58
36_40_45_48_59_82
36_40_45_48_84
39
36_40_45_48
36_39_39_43_46_46_47_51_51_58_59
36_43_47_59
46
35_36_43_46_47
51
51
55
55
58
58
39_84
35_36_43_47
46
35_36_39_40_41_45_46_59_82
51
51
55
55
58
58
35_36_40_41_45_59
46_82
35_36_40_41_45_46_82
51
51
55
55
58
58
39
35_36_40_41_45_82
46
35_36_41_41_44_46_48_48_51_53_57_58_59_81
51
53
55
57
58
60
35_36_44_57_59_81
44_59_77
41
44_59_77
48
53
57
38_40_41_44_48_59_77_81
60
53
57
60
38_40_44_59_77_81
44_59_75_79
48
53
57
60
44_59
44_48
53
41_57
60
75_79
44
35_36_41_44_59_77_81
48
48
53
53
57
57
60
60
35_36_41_44_59_77_81
48
35_36_41_44_48_59_75_79
53
53
57
57
60
60
35_36_41_44_59_75_79
38_40_41_41_41_44_48_48_53_53_55_59_74_77
48
48
53
53
57
57
60
60
38_40_41_44_55_59_74_77
48
35_36_41_44_48_59_77_81
53
53
57
57
60
60
35_36_44_59
48
44_48
53
53
57
57
60
60
41_77_81
44
48
35_36_39_39_41_44_46_48_49_51_51_53_57_58_61
53
57
60
35_36_39_44_57
35_36_39_39_44_46_51_57_70_77
49_51_58_61_70_77
35_36_39_44_57
39_44_59_73_79
39_46_49_51_51_58_61
73_79
39_44_59
49_51_58_61
35_36_39_39_39_44_46_46_49_51_51_51_57_58_61_73_79
35_36_44_57
44
73_79
39_49_51_58_61
44
35_36_39_39_39_44_46_46_49_51_51_51_57_58_61_73_79
73_79
35_36_39_44_49_51_57_58_61
39_39_44_46_51_57_59_67_73_79
39_46_49_51_51_58_61
73_79
39_44_57_59
39_46_49_51_51_58_61
36_39_39_43_46_47_48_49_51_51_57_58_59_61_67_70_73_79
36_43_47_48_57_59
36_43_47_48
73_79
39
36_43_47_48
36_39_40_43_45_47_69_70_73_79
36_40_43_45_47
36_40_43_45_47
39_46_49_51_51_58_61_73_79
39
36_40_43_45_47
34_35_36_44_46_49_50_53_58_59_65_69
53
58
62
35_36_44_49_59
44_59_77
34
44_59_77
50
53
58
34_38_40_44_50_59_65_77
62
53
58
62
38_40_44_59_77
44_59_75
50
53
58
62
44_59
44_50
53
34_58
62
75
44
34_35_36_44_59_77
50
50
53
53
58
58
62
62
34_35_36_44_59_77
50
34_35_36_44_50_59_75
53
53
58
58
62
62
34_35_36_44_59_75
36_38_40_44_55_59_70_77
50
50
53
53
58
58
62
62
36_38_40_44_55_59_77
50
35_36_41_41_44_46_46_50_53_53_58_59_69_70_79
53
53
58
58
62
62
35_36_44_59
50
44_50
53
53
58
58
62
62
41
44
50
35_36_39_39_41_44_46_46_46_51_53_57_59_67_69
53
51
58
55
62
58
35_36_44_57_59_79
44_59_75
39
44_59
46
51
55
38_39_40_44_46_59
58
51
55
58
75
38_40_44_59
35_36_44_59
46
51
55
58
35_36_44_59
44_46
51
39_55
58
44
35_36_39_44_59_67_82
46
46
51
51
55
55
58
58
35_36_44_59_82
46
36_40_45_46_48_59_82
51
51
55
55
58
58
36_40_45_48_59_82
36_40_45_48_84
39
36_40_45_48
36_39_39_43_46_46_47_51_51_58_59
36_43_47_59
46
35_36_43_46_47
51
51
55
55
58
58
39_84
35_36_43_47
46
35_36_39_40_41_45_46_59_82
51
51
55
55
58
58
35_36_40_41_45_59
46_82
35_36_40_41_45_46_82
51
51
55
55
58
58
39
35_36_40_41_45_82
46
35_36_41_41_44_46_48_48_51_53_57_58_59_81
51
53
55
57
58
60
35_36_44_57_59
44_59
41
44_59
48_81
53
57
38_40_41_44_48_59
60
53
57
60
38_40_44_59
44_59_77_81
48
53
57
60
44_59
44_48
53
41_57
60
77_81
44
35_36_41_44_59_77_81
48
48
53
53
57
57
60
60
35_36_41_44_59_77_81
48
35_36_41_44_48_59_75_79
53
53
57
57
60
60
35_36_41_44_59_75_79
38_40_41_41_41_44_48_48_53_53_55_59_74_77
48
48
53
53
57
57
60
60
38_40_41_44_55_59_74_77
48
35_36_41_44_48_59_77_81
53
53
57
57
60
60
35_36_44_59
48
44_48
53
53
57
57
60
60
41_77_81
44
48
35_36_39_39_41_44_46_48_49_51_51_53_57_58_61
53
57
60
35_36_39_44_57
35_36_39_39_44_46_51_70_77
49_51_58_61_70_77
35_36_39_44
39_44_59_73_79
39_46_49_51_51_58_61
73_79
39_44_59
49_51_58_61
35_36_39_39_39_44_46_46_49_51_51_51_57_58_61_67_74_79
35_36_44_57
44
74_79
39_49_51_58_61
44
35_36_39_39_39_44_46_46_49_51_51_51_58_61_67_69_75_79
75_79
35_36_39_44_49_51_58_61
39_39_44_46_51_57_59_69_70_79
39_46_49_51_51_58_61
79
39_44_57_59
39_46_49_51_51_58_61
36_39_39_43_46_47_48_49_51_51_58_59_61_70_73_81
36_43_47_48_59
36_43_47_48
81
39
36_43_47_48
36_39_40_43_45_47_73_74_85
36_40_43_45_47
36_40_43_45_47
39_46_49_51_51_58_61_85
39
36_40_43_45_47
31_35_36_44_49_50_59_62_67_67_74
55
58
62
35_36_44_49_59
44_58_62_67_74
31
44
50
55
58
31_38_40_44_46_50_50_55_55_57_58_58_59_72_74
62
55
58
62
38_40_44_55_59
44_57_60_67_72
46_50_50_55_58
55
58
62
44
44_46_50_50_55_58
55
31_58
62
44_46_50_55_58
31_35_36_44_58_59_60_67_67_70_74
50
50
55
55
58
58
62
62
31_35_36_44_59
50
31_35_36_44_46_50_50_55_57_58_58_70_72
55
55
58
58
62
62
31_35_36_44_46_50_55_58
31_38_40_44_55_59
50
46_50_50_55_58
55
55
58
58
62
62
31_38_40_44_55_59
46_50_50_55_58
33_35_36_44_50
55
55
58
58
62
62
35_36_44
50
44_50
55
55
58
58
62
62
33
44
50
35_36_36_44_48_48_51_55_57_59_62_67_72_72_74
55
51
58
55
62
60
35_36_44_48_51_55_59
44_58_62_67_74
36
44
48
51
55
36_38_40_44_48_48_51_55_55_57_58_59_60_72_74
60
51
55
60
38_40_44_55_59
44_57_60_67_72
36_48_48_51_55_60
51
55
60
44
36_38_40_44_48_48_51_55_55_60
51
55
60
38_40_44_48_51_55_55_60
44_58_59_60_67_70_72_79
48
48
55
55
60
60
36_44_59
48
35_36_36_44_48_48_51_55_57_58_60_69_70
51
51
55
55
60
60
35_36_44
44_59_74_75_79
44_59
48
38_48_55
55
36_55
60
60
38_55
48
29_38_44_48_74_75
51
51
55
55
60
60
38_44_48_51_55_60
48
38_44_48
51
51
55
55
60
60
29
38_44
48
31_35_36_44_50_57_59_62_67_69_74_74_75_75
51
55
55
58
60
62
35_36_44_59
44_58_62_67_74
31
44
50
55
58
31_38_40_44_46_50_50_55_55_57_58_58_59_72_74_74
62
55
58
62
38_40_44_55_59
44_57_60_67_72
46_50_50_55_58
55
58
62
44
44_46_50_50_55_58
55
31_58
62
44_46_50_55_58
31_35_36_44_58_59_60_67_70
50
50
55
55
58
58
62
62
31_35_36_44_59
50
31_35_36_44_46_50_50_55_57_58_58_70_72_74
55
55
58
58
62
62
31_35_36_44_46_50_55_58
31_38_40_44_55_59_74_75
50
46_50_50_55_58
55
55
58
58
62
62
31_38_40_44_55_59
46_50_50_55_58
33_35_36_44_50_74_75
55
55
58
58
62
62
35_36_44
50
44_50
55
55
58
58
62
62
33
44
50
35_36_36_44_48_48_51_55_57_59_62_67_72_74_74_75_75
55
51
58
55
62
60
35_36_44_48_51_55_59
44_58_62_67_74
36
44
48
51
55
36_38_40_44_48_48_51_55_55_57_58_59_60_72_74
60
51
55
60
38_40_44_55_59
44_57_60_67_72_72_74_75_75
36_48_48_51_55_60
51
55
60
44
36_38_40_44_48_48_51_55_55_60
51
55
60
38_40_44_48_51_55_55_60
44_58_59_60_67_70_74_75
48
48
55
55
60
60
36_44_59
48
35_36_36_44_48_48_51_55_57_58_60_69_70
51
51
55
55
60
60
35_36_44
44_59_75
44_59
48
38_48_55
55
36_55
60
60
38_55
48
29_38_44_48
51
51
55
55
60
60
38_44_48_51_55_60
48
38_44_48
51
51
55
55
60
60
29
38_44
48
31_35_36_44_49_50_57_59_62_67_67_69_72_74
51
55
55
58
60
62
35_36_44_49_59
44_58_62_67_74
31_74
44
50
55
58
31_38_40_44_46_50_50_55_55_57_58_58_59_72_74_74
62
55
58
62
38_40_44_55_59
44_57_60_67_72
46_50_50_55_58
55
58
62
44
44_46_50_50_55_58
55
31_58_74
62
44_46_50_55_58
31_35_36_44_58_59_60_67_67_70_74_74
50
50
55
55
58
58
62
62
31_35_36_44_59
50
31_35_36_44_46_50_50_55_57_58_58_70_72
55
55
58
58
62
62
74
31_35_36_44_46_50_55_58
31_38_40_44_55_59
50
46_50_50_55_58
55
55
58
58
62
62
31_38_40_44_55_59
46_50_50_55_58
33_35_36_44_50
55
55
58
58
62
62
35_36_44
50
44_50
55
55
58
58
62
62
33
44
50
35_36_36_44_48_48_51_55_57_59_62_67_72_72_74_75
55
51
58
55
62
60
35_36_44_48_51_55_59
44_58_62_67_74
36_75
44
48
51
55
36_38_40_44_48_48_51_55_55_57_58_59_60_72_74_74
60
51
55
60
38_40_44_55_59
44_57_60_67_72
36_48_48_51_55_60
51
55
60
44
36_38_40_44_48_48_51_55_55_60
51
55_74
60
38_40_44_48_51_55_55_60
44_58_59_60_67_70_72_75_79
48
48
55
55
60
60
36_44_59
48
35_36_36_44_48_48_51_55_57_58_60_69_70
51
51
55
55
60
60
75
35_36_44
44_59_75_79
44_59
48
38_48_55
55
36_55
60
60
38_55
48
29_38_44_48
51
51
55
55
60
60
38_44_48_51_55_60
48
38_44_48
51
51
55
55
60
60
29
38_44
48
31_35_36_44_50_57_59_62_67_69_74_75
51
55
55
58
60
62
35_36_44_59
44_58_62_67_74
31
44
50
55
58
31_38_40_44_46_50_50_55_55_57_58_58_59_72_74
62
55
58
62
38_40_44_55_59
44_57_60_67_72
46_50_50_55_58
55
58
62
44
44_46_50_50_55_58
55
31_58
62
44_46_50_55_58
31_35_36_44_58_59_60_67_70
50
50
55
55
58
58
62
62
31_35_36_44_59
50
31_35_36_44_46_50_50_55_57_58_58_70_72
55
55
58
58
62
62
31_35_36_44_46_50_55_58
31_38_40_44_55_59
50
46_50_50_55_58
55
55
58
58
62
62
31_38_40_44_55_59
46_50_50_55_58
33_35_36_44_50
55
55
58
58
62
62
35_36_44
50
44_50
55
55
58
58
62
62
33
44
50
35_36_36_44_48_48_51_55_57_59_62_67_72_74_75
55
51
58
55
62
60
35_36_44_48_51_55_59
44_58_62_67_74
36
44
48
51
55
36_38_40_44_48_48_51_55_55_57_58_59_60_72_74
60
51
55
60
38_40_44_55_59
44_72_75_78
36_48_48_51_55_60
51
55
60
44
36_38_40_44_48_48_51_55_55_60
51
55
60
38_40_44_48_51_55_55_60
44_57_59_72
48
48
55
55
60
60
36_44_59
48
35_36_36_44_48_48_51_55_60_66
51
51
55
55
60
60
35_36_44
44_59
44_59
36_40_48_50
36_40_48_50
36_44_47_48
36_44_47_48
36_44_47_48
48
36_44_47_48
55
31_35_36_36_44_45_48_49_50_51_55_57_59_60_62_66_67_67_72_74_78
60
55
58
62
35_36_44_49_59
44_58_62_67_74
31_74
44
50
55
58
31_38_40_44_50_55_57_58_59_72_74_74
62
55
58
62
38_40_44_55_59
43_44_45_55_57_57_60_67_72
50
55
58
62
44
44_50
55
31_58_74
62
44
31_35_36_44_58_59_60_67_67_70_74_74
50
50
55
55
58
58
62
62
31_35_36_44_59
50
31_35_36_44_50_57_58_70_72
55
55
58
58
62
62
74
31_35_36_44
31_38_38_40_43_44_50_55_55_59
50
50
55
55
58
58
62
62
31_38_40_44_55_59
50
33_35_36_44_50
55
55
58
58
62
62
35_36_44
50
44_50
55
55
58
58
62
62
33
44
50
35_36_36_38_41_44_48_50_53_57_59_62_67_72_72_74_75
55
51
58
55
62
60
35_36_44_59
44_58_62_67_74
36_75
44
48
51
55
36_38_40_44_48_55_57_58_59_72_74_74
60
55
60
38_40_44_55_59
39_41_44_51_53_57_60_67_72
36_48
51
55
60
44
36_38_40_44_48_55
51
55_74
60
38_40_44_55
44_58_59_60_67_70_72_75_79
48
48
55
55
60
60
36_44_59
48
35_36_36_44_48_57_57_58_69_70
51
51
55
55
60
60
75
35_36_44_57
44_59_75_79
44_59
48
38_48_55
55
36_55
60
60
38_55
48
29_38_44_48
51
51
55
55
60
60
38_44
48
38_44_48
51
51
55
55
60
60
29
38_44
48
31_35_36_38_39_44_50_50_51_57_59_62_62_67_69_74_75
51
55
55
58
60
62
35_36_44_59
44_58_62_67_74
31
44
50
55
58
31_38_40_44_50_55_57_58_59_72_74
62
55
58
62
38_40_44_55_59
44_57_60_67_72
50
55
58
62
44
44_50
55
31_58
62
44
31_35_36_44_58_59_60_67_70
50
50
55
55
58
58
62
62
31_35_36_44_59
50
31_35_36_44_50_57_58_70_72
55
55
58
58
62
62
31_35_36_44
31_38_40_44_55_59
50
50
55
55
58
58
62
62
31_38_40_44_55_59
50
33_35_36_44_50
55
55
58
58
62
62
35_36_44
50
44_50
55
55
58
58
62
62
33
44
50
35_36_36_44_48_57_59_62_67_72_74_75
55
51
58
55
62
60
35_36_44_59
44_58_62_67_74
36
44
48
51
55
36_38_38_40_44_48_50_55_57_58_59_62_72_74
60
51
55
60
38_40_44_55_59
44_57_60_67_72_72_75
36_48
51
55
60
44
36_38_40_44_48_55
51
55
60
38_40_44_55
44_58_59_60_67_70
48
48
55
55
60
60
36_44_59
48
35_36_36_44_48_57_58_69_70
51
51
55
55
60
60
35_36_44
44_59
44_59
48
36_40_48_48
55
55
60
60
36
36_40_48
48
29_36_44_47_48
51
51
55
55
60
60
36_44_47
48
35_36_44_45_47_48
51
51
55
55
60
60
29
35_36_44_45_47
48
31_35_36_44_45_49_50_57_57_59_62_67_67_69_72
51
55
55
58
60
62
35_36_44_49_59
44_58_62_67_74
31
44
50
55
58
31_38_40_44_50_55_57_58_59_72_74
62
55
58
62
38_40_44_55_59
43_44_45_55_57_57_60_67_72
50
55
58
62
44
44_50
55
31_58
62
44
31_35_36_44_58_59_60_67_67_70_74
50
50
55
55
58
58
62
62
31_35_36_44_59
50
31_35_36_44_50_57_58_70_72
55
55
58
58
62
62
31_35_36_44
31_38_38_40_43_44_50_55_55_59
50
50
55
55
58
58
62
62
31_38_40_44_55_59
50
33_35_36_44_50
55
55
58
58
62
62
35_36_44
50
44_50
55
55
58
58
62
62
33
44
50
35_36_36_38_41_44_48_50_53_57_59_62_67_72_72_74
55
51
58
55
62
60
35_36_44_59
44_58_62_67_74
36
44
48
51
55
36_38_40_44_48_55_57_58_59_72_74
60
51
55
60
38_40_44_55_59
39_41_44_51_53_57_60_67_72
36_48
51
55
60
44
36_38_40_44_48_55
51
55
60
38_40_44_55
44_58_59_60_67_70_72_79
48
48
55
55
60
60
36_44_59
48
35_36_36_44_48_57_58_69_70
51
51
55
55
60
60
35_36_44
44_59_75_79
44_59
48
38_48_55
55
36_55
60
60
38_55
48
29_38_44_48
51
51
55
55
60
60
38_44
48
38_44_48
51
51
55
55
60
60
29
38_44
48
31_35_36_38_39_44_50_50_51_57_59_62_62_67_69_74_75
51
55
55
58
60
62
35_36_44_59
44_58_62_67_74
31
44
50
55
58
31_38_40_44_50_55_57_58_59_72_74
62
55
58
62
38_40_44_55_59
44_57_60_67_72
50
55
58
62
44
44_50
55
31_58
62
44
31_35_36_44_58_59_60_67_70
50
50
55
55
58
58
62
62
31_35_36_44_59
50
31_35_36_44_50_57_58_70_72
55
55
58
58
62
62
31_35_36_44
31_38_40_44_55_59
50
50
55
55
58
58
62
62
31_38_40_44_55_59
50
33_35_36_44_50
55
55
58
58
62
62
35_36_44
50
44_50
55
55
58
58
62
62
33
44
50
35_36_36_38_44_48_57_59_62_67_72_74_75
55
51
58
55
62
60
35_36_44_59
44_58_62_67_74
36
44
48
51
55
36_38_40_44_48_55_57_58_59_72_74
60
51
55
60
38_40_44_55_59
44_66_72_75
36_48
51
55
60
44
36_38_40_44_48_55
51
55
60
38_40_44_55
44_57_59_72
48
48
55
55
60
60
36_44_59
48
35_36_36_44_48_66
51
55
55
60
60
35_36_44
44_59
44_59
36_40_48
36
36_40_48
29_36_44_47
36_44_47
35_36_44_45_47
29
48
35_36_44_45_47
55
31_35_36_38_44_49_50_59_66_66_72_74
60
55
58
62
35_36_38_44_49_59
74
50
55
58
62
31
50_62
