59
71
74
62
71
59
71
74
62
59
59
71
55
31
67
55
43
38
35_38
59
38
55
67
67
55
38_38_39
31
62
43
35_38
55
67
55
67
50
38
35_38
38
38
38_38
39
38
55
67
50
55
38
67
43
38
35_38
31
55
67
62
38_55
67
55
38_38
39
31
55
67
43
35_38
67
55
55
67
50_62
33
35_38_38_55
71
59
38
74
33_35
38_38_39
62
71
59
62
38_55
74
35
72
35_38
38
48
36_60
62
38
60
72
60
60
72
55
38_38_39
36
48
35_38
72
60
43
72
35_38_38
43
60
55_60
38
38_38_39
43
60
72
43
72
38
60
48_55
60
35_38_38
36
72
60
72
60
38
72
60
76
38
38_39_64
36
55_60
48
35_38
76
64
74
52
62
35_38_38
43
38
62
74
60
43
72
38_38_39
43
52
38
60
62
59
43_67
59
72
35_38_38
43
71
38
74
62
59
38_38_39
43
71
43
38
62
50
35_38_38
64
43
60
74
62
38
55
64
59_60
62
38_38_39
43
59
57
50
38
62
60
50_57
35_38_38_62
38
38
38_38_39
38
60
57_62
50
35_38
57
62
59
45
35_38
38
38
57
60
38
59
62
60
57
54
57
62
38_38_39
38
57
62
38_57
54
57
55
59
43
35_38
38
43
62
38_55
38_38_39
43
55
59
43
35_38
55
50_62
43
35_38_38_55
38
59
47
39
43
55
50
62
38_38_39
59
38
47
64
52
50_62
38_55
50
62
52
64
59
55
59
67
43
35
43
59
59
57
67
55
59
59
57
55
43_43_62_67
38
35
62
67
38
43
62_67
37_38
62
67
43
38
43
43
35
38
43_62_67
38
43
55
62
67
37_38
38
43
62_67
38
62
43
67
35_38
59
43
62_67
38
43
59
62
67
59
37
38
59
59
43
59
35
38
59
43
59
47
59_62_67
35_38
38
59
60
43
47
37_37
38
62
67
47
38
60
50
62
62_66
35_38
62
66
38
50
50
62_66
37_38
62
66
50
38
62
62
50
50
35_38
50_62_66
38
50
62
66
50
38
37_38
62
50
50
62_66
38
62
50
66
35
38
50
62_66
38
50
62
66
60
37_38
50
60
50
57
60
35_38
60
50
45
57_62_66
60
35_38
38
50
60
62
50
37_37_38
62
66
38
62
50
62
50_62_66
35_38
62
50_66
38
50
50
62_66
37_38
62
66
50
38
35_38
50
62_66
38
50
62
62
66
37_38_38
50
50
62_66
38
62
66
50
35_38
50
50
62_66
38
62
66
62
50
37_38
62
62
50
50
35_38
62
50
64
42
62_66
35_38
50
38
50
64
62
37_38
37
62
66
62
38
43
62_67
59
35_38
38
43
43
37_38
43
38
62
67
43
62_67
35_38
62
67
60_64
38
43
37_38_38
59
60
64
43
43
38
43
35_38
43
43
43
38
59
43
37_38_43_59
59
59
59
43
62_67
35_38
59
43
57
43
35_38
38
43
43
37_37
38
62
67
43
38
57
43
43
43
62_67
55
35_38
62
38
67
43
43
62_67
37_38
62
67
43
38
43
43
35_38
43
62_67
38
43
62
67
37_38_38
55
43
62_67
38
62
67
43
35_38
43
43
59
62_67
38
62
59
67
59
37_38
59
59
43
43
35_38
59
59
43
47
62_67
35_38
43
59
59
38
43
59
62
60_67
47
40
37_37_38
47
38
43
60
62
38
50
62_66
35_38
40
62
38
66
50
50
62_66
37_38
62
66
50
38
62
62
50
50
35_38
50
62_66
50
38
62
66
50
38
37_38
62
50
62_66
38
50
62
66
50
35_38
50
62
50
62_66
38
62
62
66
62
50
37_38
62
50
50_62
35_38
62
50
62
45
62_66
38
35_38
50
62
62
38
50
62
62
47
50_64
66
50
37_37_38
38
64
64
47
50
45
57_61
35_38
45
57
61
38
45
45
57_61
37_38
57
61
45
38
64
64
45
45
35_38
45_57_61
38
45
57
61
37_38_38
45
57_61
38
45
57
61
35_38
45
64
64
45
57_61
38
45
64
57
64
61
37_38
45
64
64
45
52
35_38
64
66
45
49
52_57_61
35_38
45
38
66
64
52
37_38
37
57
61
45
38
52
50
50
64
35_38
62
38
47
59
59
59
37_38
50
38
47
59
59
45
59
57
57
35_38
57
57
45
55_55
43
57
38
55
57
55
55
43
55
52
40
37_38_38
52
52
50
38
52
40
52
50
57
62
52
38
35_38
50
38
50
62
39
62
35_38
59
35_38
39_39
59
57
39_39_39
57
50
38
39
43
57
55
43
55
35_38
59
38
55
38
39
55
43
43_62
35_38
55
38
50
35_38
55
38
55
55
38
39
50
38
38
55
43
43
55
35_38
55
55
62
55
38
55
55
38
39
43
43
38
35
55
43
43
47
59
50_62
38
55
35_38
38
59
62
47
38
39
50
62
55
38
38
62
48
60
48
50
35_38
36
38
60
60
60
55
38
39
48
35_38
60
36
60
43
43
35_38
55_60
38
60
60
38_39
60
60
43
38
60
43
60
48_55_60
35_38
36
48
60
60
38
48
38_39
60
55
60
48
35_38
64
36
48
52
52
35_38
40
38
64
40
43
62
52
55
43
38
39
52
38
62
43
55
59
43
62
59
67
43
35_38
43
38
59
38_39_59
43
38
59
43
38
50
59
35_38
62
38
55
59
59
38_39
50
38
59
38
62
43_55
62
35_38
43
43
62
62
38
38
39
55_62
43
35_38
62
43_60
50
38
35_38
60
38
59
55
62
38
39
62
55
38
59
38
50
57
38
35_38
50
62
57
38
50
50
38
39
50
35_38
50
38
33
50
57
45_62
57
35_38
38
50
50
38_39
33
50
45_62
57
38
33
33
38
55
50
35_38
55
50
39
38
50
50
38
38
39
50_62
57
38
35
50
38
59
28
45
35_38
62
57
38
55
28_59
30
45
38
39
55
50
38
30
50
55
31
55
55
43
35_38
59
38
55
55
38_39
55
55
43_62
38
35
55
31
38
55
50
38
35
38
55
38
39
55
50
38
55
55
38
59
31
43
35_38
62
59
55
38
62
43
38_39
62
43
35_38
43
31
62
47
50_62
38
55
35_38
38
47
50
38
39
62
62_62
55
38
38
62
50
60
48
36
48
35_38
60
60
38
60
55
38
39
48
35_38
60
36
60
43
43
35_38
60
60
55_60
38
38
39
43
38
60
48
43
62
36
48_55_60
35_38
62
62
38
62
62
48
38
39
62
64
55_60
48
35_38
48
36
52
52
35_38
40
38
64
40
43
62
52
55
43
38
39
62
62
52
38
62
43
55
43
62
59
67
43_67
35_38
43
38
67
67
38
39
43
38
67
43
43_64
50
35_38
62
38
55
64
62
38_39
43
62
60
50
38
60
43
62
57
50
35_38_62
38
38
62
62
38
39
62
64
57_62
50
35_38
38
45
38
35_38
64
38
57
57
62
38_39
62
57
38
57
55
38
38
35
43
43
62
55
38
38
39
55
43
35_38
43
55
62
50_62
38
55
38
35
38
59
62
38_39
50_62
55
38
59
38
62
55
55
55
43
43
38
35
38
59
38_39
39
62
59
39
59
62
39
55
39
59
31
43
38
35_38
55
55
43
59
38
55
55
38_38_39
31
62
43
35_38
55
50
55
38
35_38
38
38
38_38
39
38
55
50
38
55
43
38
35_38
31
55
62
38_55
55
38_38
39
31
55
43
55
35_38
55
59
50_62
33
35_38_38_55
38
59
33_35
62
38_38_39
62
38_55
62
35
60
35_38
38
48
36
38
60
60
60
55
38_38_39
36
48
35_38
60
43
35_38_38
43
60
55_60
38
38_38_39
43
60
60
43
38
48_55
60
35_38_38
36
60
60
38
60
64
38
38_39
36
55_60
48
35_38
64
62
52
35_38_38
43
38
62
43
38_38_39
60
43
52
38
60
59
62
43_67
59
35_38_38
43
38
59
62
38_38_39
43
43
38
62
50
60
35_38_38
43
62
38
55
59
60
38_38_39
43
59
57
50
38
50_57
35_38_38_62
38
38
38_38_39
38
57
57_62
50
35_38
45
35_38
38
59
38
57
38
59
54
57
57
62
38_38_39
38
62
38_57
43
55
35_38
38
43
54
62
38_55
59
38_38_39
43
43
35_38
55
59
55
62
50_62
35_38_38_55
38
59
59
39
55
62
62
38_38_39
59
38
64
50_62
38_55
62
59
64
55
59
67
43
35
43
43
59
59
59
59
57
67
59
55
43_55_59_62_62_67
38
35
43
55
57
62
67
38
62_67
37_38
62
67
38
43
43
35
38
43_62_67
38
43
62
67
37_38
38
55
62_67
38
62
43
67
35_38
59
62_67
38
43
59
62
67
59
57_62
37
38
55_59_62
59
59
59_59
35
38
57
59
43
59
59_62_67
35_38
59
59
57
38
59
43_60
37_37
38
55_59
62
57_67
38
55
62
60
50
62
54_57_62_62_66
35_38
66
62
38
50
59
62_66
37_38
66
62
38
62
62
50
62
59
35_38
59
50
38
62
50
50_57_59
38
71
37_38
57
50
62_66
38
69
71
50
62
62_66
35
38
62_66
38
50
62
66
60
37_38
50
60
60
35_38
60
50
60
54_62
35_38
38
50
60
62
37_37_38
69
62
54_57_62
38
54
62
50
62
57_62_62_66_66
35_38
62
66
38
50
62_66
37_38
62
66
38
50
35_38
50
62
57_62_66
57_62_66
38
50_57
50
57_62_66
62
37_38_38
57
62
50
62_66
38
62
50
57_62_66_66
35_38
64
64
50
62_66
38
62
62
62
66
50
37_38
62
62
62
57
35_38
62
50
57
64
62_66
35_38
64
38
55
50
37_38
37
62
66
38
57_62_66
55
43
59
59
35_38
55_59_62
38
43
59
57
62_67
37_38
67
38
62
43
55_55_59_59_62_62_62_67
35_38
55
57
55_59_62
62
67
52
55_59_60_60_64_64
38_55
43
50
37_38_38
52
60
64
43
38
47
50
55_60_64
47
55_59_62
43
35_38
55
43
59
62_67
38
59
62
67
52
59
43
37_38
55
59
55
59
52
43
35_38
59
43
59
43
62_67
35_38
55_59_62
55_59_62
38
43
59
55_59_62
57
37_37
38
55
38
57
62
62
67
55
67
59
43
55
55_59_62_62_67
43
35_38
62
38
67
43
62_67
37_38
62
67
38
43
43
35_38
55_59_62
43
55_59_62_62_67
38
43
62
67
55_59_62
37_38_38
55
62_67
38
62
43
67
43
55_59_62
43
35_38
43
62_67
38
59
62
67
59
37_38
59
59
43_59
35_38
59
43
59
62_67
35_38
43
59
59
38
59
43
62
60
67
37_37_38
38
55_59_62
60
43
38
50
57
62
62
57_62_62_66_66
54_66
35_38
55
62_67
59
62
66
38
50
59
62_66
37_38
62
66
38
62
62
50
62
59
57
35_38
59
62_66
50
38
62
57
66
62
59
71
38
37_38
62_66
38
69
50
38
71
62
38
50
66
35_38
62
50
62_66
38
62
62
62
66
62
50
37_38
62
62
57
35_38
62
57
50
62
62_66
35_38
38
50
62
62
50
37_37_38
69
62
57_62_66
66
57
38
62
38
57
64
52
57_64_69
50
57_61_64
35_38
45
45
54
62
66
57
64
57
61
45
38
64
45
64
57_61_64_64
37_38
64
57
61_69_73
38
64
64
45
35_38
64
64
45
38
45
64
45_52
37_38_38
52
66
57_61_64
38
45
45
57
61
64
73
45
35_38
45
57_61_64
38
45
66
57_61_64
66
37_38
45
64
69
73
45_64
35_38
66
45
64
45
57_61_71_76
35_38
71
73
45
38
73
71
37_38
37
57
61
71
69
38
45
45_64_69_76
64
54_57
62
69
66
57
52
50_69
64
35_38
62
73
38
45
57
57
69
37_38
57
45
47
59
71
59
38
57
69
59
57
57
45
57
59
35_38
57
69
47
57
71
59
59
43
55
45
67
55
38
57
55
69
57
57
43
55
52
52
40
64
55
37_38_38_55
67
52
38
50_62
38
52
38
50
52
38
64
50
50_52
40
62
35_38
54_66
62
69
57
38
62
39
62
35_38
59
35_38
39_39
59
57
39_39_39
50
38
50
38
39
62
50
38
43
57
55
43
55
35_38
59
38
55
38
39
55
43
43_62
35_38
55
38
50
35_38
55
38
55
55
38
39
50
38
38
55
43
43
55
35_38
55
55
62
55
38
55
55
38
39
43
43
38
35
55
43
43
47
59
50_62
38
55
35_38
38
59
62
47
38
39
50
62
55
38
38
62
48
60
48
50
35_38
36
38
60
60
60
55
38
39
48
35_38
60
36
60
43
43
35_38
55_60
38
60
60
38_39
60
60
43
38
60
43
60
48_55_60
35_38
36
48
60
60
38
48
38_39
60
55
60
48
35_38
64
36
48
52
52
35_38
40
38
64
40
43
62
52
55
43
38
39
52
38
62
43
55
59
43
62
59
67
43
35_38
43
38
59
38_39_59
43
38
59
43
38
50
35_38
59
62
38
55
59
59
38_39
50
38
59
38
62
43_55
62
35_38
43
43
62
62
38
38
39
55_62
43
35_38
62
43_60
50
38
35_38
60
38
59
55
62
38
39
62
55
38
59
38
50
57
38
35_38
50
62
57
38
50
50
38
39
50
35_38
50
38
33
50
57
45_62
57
35_38
38
50
50
38_39
33
50
45_62
57
38
33
33
38
55
50
35_38
55
50
39
38
50
50
38
38
39
50_62
57
38
35
50
38
59
28
45
35_38
62
57
38
55
28_59
30
45
38
39
55
50
38
30
50
55
31
55
55
43
35_38
59
38
55
55
38_39
55
55
43_62
38
35
55
31
38
55
50
38
35
38
55
38
39
55
50
38
55
55
38
59
31
43
35_38
62
59
55
38
62
43
38_39
62
43
35_38
43
31
62
47
50_62
38
55
35_38
38
47
50
38
39
62
62_62
55
38
38
62
50
60
48
36
48
35_38
60
60
38
60
55
38
39
48
35_38
60
36
60
43
43
35_38
60
60
55_60
38
38
39
43
38
60
48
43
62
36
48_55_60
35_38
62
62
38
62
62
48
38
39
62
64
55_60
48
35_38
48
36
52
52
35_38
40
38
64
40
43
62
52
55
43
38
39
62
62
52
38
62
43
55
43
62
59
67
43_67
35_38
43
38
67
67
38
39
43
38
67
43
43_64
50
35_38
62
38
55
64
62
38_39
43
62
60
50
38
60
43
62
57
50
35_38_62
38
38
62
62
38
39
62
64
57_62
50
35_38
38
45
38
35_38
64
38
57
57
62
38_39
62
57
38
57
55
38
38
35
43
43
62
55
38
38
39
43
35_38
43
50_62
38
55
38
35
38
38_39
50_62
55
38
38
62
55
55
43
43
38
35
38
59_62
38_39
39
59_62
62_67
59_62
62_67
39
39
39
59_62
31
43
55_59
55
43
55_59_62_62_67
35_38
62
67
38
55_59
55_59
62_67
38
39
62
67
35_38
55_59
43
55_59
35_38_38
43_62_67
38
62
67
38
39
55_59
62_67
55_59
38
62
43
38
67
35_38
55_59
55_59
62_67
38
62
67
57_62
38
39
55_59_62
55_59
55_59
59_59
38
35
57
55_59
43
59_62
33
59_62_67
35_38
57
38
59_62
60_64
36
55_59
33_38
39
62
57_67
38
55
62
60_64
36
38
54_57_62_62_66
62_66
35_38
66
62
38
62_66
62_66
62_66
38
39
66
62
35_38
38
62_66
33
62_66
35_38
50
38
50_57
38_39
57
62_66
62_66
62_66
38
62_66
38
35_38
33
62_66
38
62
66
38_39
35_38
38
54_62
33
35_38
62_66
62_66
38
64_67
38
39
62_66
65_68
62
54_57_62
64_67
54
38
33
66_69
65_68
38
57_62_62_66_66
35_38
62
66_69
62_69
66
38
62_69
66_69
62_66
38_39
62
66_69
66
38
38
66_69
50
35_38
33
57_62_66
57_62_66
38
50_57
66_69
57_62_66
62
38_39
62_66
57
62
62_66
62_66
38
62
33
57_62_66_66
64_67
38
35_38
62_66
38
64_67
62
66
38_59_62
39
59_62
62_66
57
35_38
62_66
57_59_62
38
62_66
35_38
33
59_62
57_60
38
55_59
38_57_60
33
38
39
62
66
52_55
55_59
38
57_62_66
52_55
38
43
55_59
35_38
55_59_62
38
62_67
38
39
67
35_38
62
43
38
55_55_59_59_62_62_62_67
35_38
55_59_62
62
67
55_60_60_64_64
38
38_39
60
64
38
55_59
38
43
55_60_64
55_59_62
35_38
62_67
39
62
67
59_62
38
39
43
38
35
43
38
43
62_67
59_62
62_67
35_38
55_59_62
59_62_62_67
55_59_62
38
55_59_62
57_60
59_62
40
38
38
39
57_60
55_59
38
62
67
40_43
55_59_62_62_67
35_38
62
38
67
55_59
55_59
62_67
38_39
62
67
38
35
55_59
43
38
55_59
43
38
35
55_59_62
43
55_59_62_62_67
38
62
67
55_59_62
38
39
55_59
62_67
55_59
38
62
67
38
43
55_59_62
35_38
55_59
55_59
62_67
38
62
67
38_39
55_59
55_59
43
35_38
55_59
59_62
43
62_67
35_38
33
43
38
62
59_62
36_67
62_67
38
39
33
62_67
59_62
38
55_59_62
36
59_62
62
57_62_62_66_66
38
35_38
62
66
62
64_67
38
62_66
64_67
62_66
38
39
62
66
35_38
38
57
33
35_38
62_66
59_62
62_66
38
57
66
62
64_67
59_62
38
39
64_67
62_66
62_66
38
33
62
38
66
35_38
62_66
38
62
66
38
39
57
35_38
38
57
38
62_66
35_38
38
38
62_66
37
38
39
62
57_62_66
66
57
38
57
37
33
57_61_64
61_64
35_38
64
57
61
45
38
57_61_64_64
38
39
61_64
64
57
61_69_73
61_64
38
33
40
35_38
61_64
45
61_64
38
61_64
62_66
45_52
38_39
52
57_61_64
38
62_66
57
61
64
40
33
64_67
35_38
57_61_64
38
57_61_64
64_67
67
71
38
39
64
69
67
71
73
67_71
45_64
35_38
71
67
45
33_40
57_61_71_76
64_69
35_38
71
73
38
64_69
73
69
62
71
38_39
57
61
69
62
71
69
62
69
38
62_69
45_64_69_76
69
74
62
40
38
35_38
38
69
74
62
62_69_74
38
39
62
69
74
62_69_74
35_38
38
43
38
35
74
69
62
59
71
38_64
59
71
64
59
71
64
38_39
38
71
64
59
43
57
38
62_69
38
35
62
62
59
39
59
39
57
38
57
69
62
33
45
64
52
57_61
57
35_38
57
38
57
38
39
57
35_38
57
35_38
57
38
57
57
38
39
38
57
35_38
57
57
57
38
57
57
38
39
38
35
57
61
35_38
38
33
61
64
38
39
61
57
64
52
45
38
64
50_57_62_66
62
69
35_38
38
38
62
62
38
39
35_38
62
62
35_38
38
62
62
38_39
62
62
38
62
62
35_38
62
38_62
38_39
62
35_38
66
35_38
38
66
38
64
38
39
50
69
66
62
57
38
64
45
64
52_61
57_61
35_38
33
38
61
38_39
61
38
61
35_38
61
38
61
61
38_39
38
61
64
35_38
64
38
64
38
39
35_38
64
62
35_38
62
38
61
38
39
61
57
64
52
45
38
61
33
52_64_68_71
59
59
35_38
40
38
38
39
40
35_38
40
44
59
35_38
38
44
47
38_39
38
47
47
35_38
40
59
68
64
52
71
47
49
38
39
52_64_68_71
59
40
49
52
38
35
40
52
71
38_52
39_64_68
40
47
59
35
38
47
68_71
45
59_64
38
39
45
42
38
39
59
68
68
64
52_68
59
42_64
59
33
61_64_71
52_57_64
57_71
45
40
71
35_38
45
38
57
52
57
38_39
57
57
57
38
35
57
33
40
57
38
35
45
38
57
52
38
39
57
45
38
57
40
33
45
61
35_38
61
38
52
64
38_39_45
33
57
64
35_38
33
33
45
49
37
64
35_38
38
40
37
49
38
39
52
64
64
38
64
52
62
40_50
50
57
62
38
35_38
62
62
38
66
50
38
39
62
62
35_38
62
62
38
45
35_38
62
50
62
38
38
39
57
38
62
45
64
57
38
35_38
64
64
50
38_50
64
64
57
50
38
39
64
38
66
62
38
35_38
50
38
54
42
35_38
62
38
66
54
42
45
57
57
64
38
39
64
50
64
38
64
45
57
45
33
64
45
57
52
69
35_38
45
38
69
57
38
39_69
73
52
38
69
33
33
66
35_38
45
38
66
52
45
64
38_39
64
62
38
62
52
47
33
40
64
40
35_38
52_59
38
64
47
64
38
39
64
52
66
35_38
40
52_59
40
35_38
66
38
59
52
59
38_39
52_59
38
40
59
57
45
57
52
52
57
38
35
33
57
57
61
38
61
52
64
38
39
64
45
35_38
64
33
64
38
35
35
64
57
61
38
35
38_39
37
52
38
61
37
62
50
57
69
38
57
35_38
50
66
69
38
57
38_39
62
38
35
66
38
62
38
38
35
50
39
38
57
39
38
39
64
62
38
64
62
38
57
33
64
61
57
69
35_38
45
38
69
52
69
38_39
57
38
35
69
33
33
67
38
35
45
38
67
52
66
38
39
38
66
33
52
40
47
40
40
64
35_38
38
64
47
64
38_39
64
52
35_38
66
40
35_38_40
66
69
38
66
69
38
39
38
66
62
50
57
40
69
38
35_38
38
66
50
38
39
62
62
35_38
38
45
35_38
50
38
38
39
57
38
57
45
35_38
38
50
38
57
38
39
62
35_38
38
45
35_38
62
38
39
57
38
39
50
38
45
57
57
45
69
35_38
69
49_49_61
38
54_54_66
38
39
49_49_61
38
45
40_54_54_66
35_38
38
48_48_60
38_39
49_49_61
38
40
45
52_52_64
35_38
47_47_59
40
38
39
45
38
39
45_45_57
49
33
49
35_38
40
33
