43
50
43
59
74
67
71
62
64
69
59
50
67
62
64
69
74
71
43
36
36
43
52
52
58
55
62
74
62_70
72
64
67
65
58
55
67
74
65
64
72
70
39
46
39
46
55
55
65
61
58
65
61
58
63
74
73
67
70
67
74
63
70
73
43
50
43
59
74
67
71
64
62
69
50
62_67
69
64
71
59
74
55
86
55
76
79
74
83
62
81
86
62
74
76
71
71
74
74
79
81
83
36
86
36
82
84
86
76
79
43
43
52
52
58
58
62
76
79
68
62
68
84
82
39
86
85
82
39
46
86
76
86
46
55
85
55
58
85
86
65
65
58
55
86
85
82
55
61
61
62
76
86
70
62
70
71
72
71
43
74
72
43
50
59
71
74
59
50
72
71
40
74
72
40
47
56
47
76
74
56
45
72
76
45
52
60
52
60
38
38
74
45
72
45
54
54
43
74
71
43
50
71
50
59
74
67
71
62_64
69
59
67
74
62
71
64
69
43
36
36
43
52
52
58
55
62
74
62_72
67
70
65
64
55
58
64
65_67
72
70
74
39
46
39
46
55
55
61
65
65
61
63
74
70
72
72
74
70
63
43
43
50
50
59
59
62
62
71
72
71
48
74
72
48
55
55
58
58
68
68
74
76
41
72
76
41
48
48
57
57
63
67
72
69
67
63
70
69
46
72
70
53
46
53
56
56
66
74
72
66
55
86
74
86
81
79_83
62
76
74
55
62
74
76
71
71
74
74
79
83
81
36
86
36
82
84_86
43
79
74
76
43
52
52
58
79
58
62
74
76
68
62
68
84
82
39
86
85
82
46
76_79
39
86
79
86
46
85
55
55
85
58
86
58
65
65
55
86
85
61
55
62
61
86
62
76
82
68
68
71
72
71
74
65
72
65
71
74
64
64
72
71
59
74
72
59
74
71
52
52
72
71
74
72
76
64_67
57
60
74
67
64
60
57
66
63
50
57
60
72
76
71
72
50
60
72
57
71
51
63
74
72
66
51
58
63
66
72
66
74
58
63
53
74
72
53
60
63
60
63
67
69
67
73
69
74
43_50
73
43
50
74
59
74
59
86
65
83
81
79
69
74
76
76
74
74
79
69
65
81
83
86
74
43
36
36
43
52
52
58
74
72
70
64
67
62
64
62
58
62
67
72
74
70
62
39
46
39
46
55
55
58
61
61
58
86
84
82
65
74
76
79
74
76
65
67
79
67
69
69
84
86
82
43
31
31
43
54
48
54
58
51
48
58
51
62
57
62
57
66
60
66
60
70
63
70
63
74
69
74
69
78
72
78
72
82
75
82
75
67
67
74
82
86
91
93
91
98
93
82
86
74
98
