53
60
60
56
53
56
60
60
48
53
48
60
60
56
53
56
60
60
48
48
55
60
60
58
55
60
58
60
48
48
52
60
58
60
52
58
60
60
72
48
72
72
48
73
53
72
72
60
73
56
60
53
60
56
72
48
73
60
72
73
73
48
55
72
72
60
73
60
58
55
58
60
72
60
48
48
52
72
72
72
60
72
72
60
58
73
60
52_58
72
73
73
60
48
72
73
48
73
53
72
72
60
73
56_60
53
60
56
72
60
48
72
72
72
48
77
53
72
60
72
56
60
77
72
53
56
60_72
60
48
68
72
48
70
55
68
67
60
70
67
60
58
67
67
55
67
60
58
68
67
70
60
48
68
48
70
36
69
69
70
70
36
70
52
70
70
52
69
70
70
53
69
68
60
70
60
56
53
60
56
60
48
53
48
68
60
56
60
53
60
56
48
60
55
48
60_70_73
80
58_60
60
55
58
79
80
60
48
73
78
79
70
48
78
79
68
53_72
77
72
79
60
60
56
72
60
56
53
77
73
72
48
60
72
68
73
48
73
72
67
52
60
72
73
60
58
60
72
58
52
72
60
48
75
67
72
48
73
68
53
75
72
73
60
56
60
53
56_60
72
68
60
48
48
64
55
70
60
60
58
70
60
55
58
70
48
69
48
64
70
70
65
53
60
69
68
70
60
67
56
60
68
60
70
56
53
67
68
48
60
70
48
65
68
52
67
60
60
58
60
58
52
66
67
48
67
66
48
60
53
65
67
60
65
56
60
53
60
56
60
48
72
72
72
48
53_73
72
60
72
60
56
73
53
73
56
60
72
48
60
71
73
48
72
55
71
60
60
58
72
60
55
58
48
72
60
72
72
48
73
52
72
72
60
73
60
58
58
52
60
72
48
73
60
72
48
73
73
53
72
72
73
60
60
56
53
60
56
72
60
48
72
72
48
72
53
77
72
60
77
60
72
56
72
56
72
60
53
60
48
68
72
48
70
55
68
67
60_70
67
60
67
58
67
67
55
60
58
68
67
60
68
48_70
48
36
70
69
70
69
70
36
70
52
70
70
52
69
70
70
53
69
69
60
70
60
57
57
53
60
60
48
48
53
60
60
57
53
57
60
60
48
69
55
48
70
60_73
81
60
58
58
60
55
60
48
80
81
73
80
70
48
53
60_69_74_79
60
57
57
53
60
60
48
74
79
69
48
52
60_70_73_81
60
58
58
60
52
80
81
48
48
81
60
73
70
80
81
79
53_69
74
77
74
60
79
60
57
74
77
57
60
53
72
74
48
73
72
60
48
69
74
55
73
70
60
67
60
58
70
60
55
64
67
58
72
74
48
73
72
48
60
74
73
53
64
69
60
65
60
57
69
65
60
62
57
53
74
72
62
48
73
72
60
73
48
74
67
52
70
73
74
60
70
74
60
67
73
74
58
58
60
79
68
72
52
78
79
48
72
48
79
60
78
68
79
67
69
53
72
74
77
60
57
60
60
53
57
74
72
77
69
67
60
48
48
53_72
72
67
60
67
60
72
57
57
74
60
72
74
53
79
84
84
79
48
74
74
48
73
73
60
55
74
74
55
86
76
81
59
86
81
76
59
60
64
74
69
48
64
74
72
69
72
48
60
52
79
52
76
65
65
77
76
59
79
59
60
76
77
76
89
83
77
83
89
77
75
48
48
76
75
60
53
74
76
74
89
84
79
60
84
89
79
60
57
57
60
53
77
67
72
48
60
72
48
77
67
34_46_73
73
73
34
46
73
75
75
53
58
69
62
72
64
77
69
72
77
77
67
72
64
62
72
53
58
76
77
77
36_48
76
36
72
48
68
77
72
56
53
61
77
72
65
72
70
72
70
77
65
53
61
56
68
67
72
24_36
24
67
36
67
69
69
52
74
70
58_62
67
70
74
70
70
67
76
70
70
70
76
62
52
70
58
53
69
76
62
60
60
57
53
57
60
60
48
48_53
76
62
60
60
57
57_74
64
60
53
60
48
64
69
74
53
48
88
60_74_81
60
57
53
57
60
60
48
88
48
74
53
60
60
57
57
76
81
86
60
53
60
48
48
86
76
41
41
84
73
65
79
62
72
84
79
72
73
65
62
