36_38
56
38_57
42_50_62
38_57
50_62
36_38
42
56
36
38_50
50
58
50
62
58
50
62
42
56
50
50
58
53
38_62
36
58
53
62
31_42_56
33
36
38
38_42
57
50_56_62
38
57
50_62
36
38
42
56
36
38
58_62
53
58_62
53
42
56
50
50
58
53_62
36
38
58
53_62
42
31
56
33
36
38
57
38_50_62
42
56
57
38_50_62
38
36
42
56
36
38
58
53_62
58
53_62
56
42
69
50
50
72
58
53
62
36
38
58
53
62
31
42_56
33
69
38
36
67
38_50
56
42_57_62_69
50
38
57_62
50
36
38
42
56
36
38
42
56
36
38
31_42
56
33
38
36
65
64
50
57
62
56
42
38
36_62
50
42_50_56
57_59_62
62
36
43
31
59
42_50
56
55
36
31
42
50_56
55
36_65
36_48
64
42
56
55
60
62
36
36
48
60
56
60
42_55
62
38
43
36
31
62
62
42_56
50
55
57
65
45
31_36
64
57
47
43
42
52
56
62
38
36
50
62
57
50_62
42_56
38
36
42
56
50
36
50
38
58
58
62
53
42
56
50
50
58
53_62
36_58
38
56
42
50
36
38
56
50_57
42_57_62
36
38
42_50
56
36_38
50
58
58
62
53
42
56
50
38
58
50
36
58
62
53
42
56
65
36
38
57
42_50_62
56
62
65
36
38
50
64
42
57
56_62
50
64
36
31
43
62
42
50_56
55
36
31
55
42_50
56
36
48
36
65
64
48
55
42
60
56
62
36
36
48
60
60
55
62
42
56
38
36_62
31
43
62
62
50
42_55
56
57
36
31
55
42_43
56
62
57
57
50
54
62
50
57
69
50
36_38
38
42
57_62
50
62
56
38
36
42
50
56
36
38
50
58
53_62
42
56
50
58
36_50
62
38_53
42_56
50
36_38
42_57_62
50
56
62
36
38
42
50
56
38
36
50
58
62
53
42
56
50
58
53_62
36_38
62
42
56
65
38
36
64
50_57
62
42
56
36_38
62
50
42
50_57
56_62
59
62
43
36
31
59
56
42
50
55
36
31
56
42
50
55
36_36_48
65
60
64
48
56
42_55
60
62
36
36
48
60
55
48_60
36
42
56
38
65
31_36
43
64
57
62
42_50
55
56
62
57
62
47
36
31
60
45
43
43_62
42_56
50_62
74
36_52
38
60_72
62
50
57
42_56_62
36_38
42
50_56
36
38
50
58
53_62
56
42
74
72
50
58_62
38_50_74
36_53
75
56
42
50
36
38_74
62
56
42_50_57
62
36
38
42
56
72
38
74
36
50
58
62
53
42
56
50
50
58_62
38_48
53
36
47
42
56
45
52
38
36
57
42_50_56
62
36_38
65
64
42_50
56
62
31_36
64
43
62
50
55
42
56
36
31
43
50
42_55
56
43
48
36_65
36
64
55
60
42_56
62
36_36
59
48
55
48
42_62
56_60
65
36
31
43
64
62_62
42
43_56
50
55
57
57
62
36
31
62
45
48
50
42
56
62
50
36_38
50
43
57
57
50_62
62
42_51
56_62
45
38
36
42
50
56
36
38
50
58
53_62
42
56
50
50
58
38_62
53
36
65
64
42
56
62
36
38
50_57
51_62
42
57
62
56
36
38
42
57
56
62
50
36_38
50
57
62
42
56
48
43
50
36
41_47_57_62
65
40
65
38_65
42
40
56
65
65
36
58
62_65
65
36
46
34
46
64
64
62_62
62
53
51_58_62
42_56
62
62
34_36
62
58
53
62
56
42
65
53
65
35
59
36
47
64
64
62
51_55_62_62
59_62
42_56
62
35
62
36
62
59_62
42
55
51_56
55
55
60_60
36_48
36_62
60
60
60
60
55_60
64
42_51
62
56
60
60
60
60
36
36
60_60
62
60_62
55_60
42_64
51_56
62
62
62
38_57
36
38
57
62
56
42_51
62
38
36
65
65
65
42_51_57_62
56
65
65
58
65
65
36
46
34_62
64
64
62_62
53_62
58
51_62
42_56
62
62
36
34
62
42_58_62
56
53
51
65
65
53
35
36_47_59
62
62
64
62
62
55
42_51_56_59
62
62
35
36_62
62
62
55_62
42_59
51_56
55
60
55
60_60
36_48
62
36
60
60
60_60_62
55_60_64
42
51_56
60
60
60
36_36_60
60
60
62
60
64
55_62
42
51
56_60
55
62
50
36_38
38
62
57
62
62
42_51_56
57_57
57_62
36
38
42
56
36
38
58
58
53
50
42
56
50
58
36_38
50
58
53
42
56
50
38
38
36
62
57
50_57
42
51
56
38
36
56
42
36_38
62_74
58
53_57
50
42
56
50
38
58
36_50
53_62
57
74
56
42
50
38
36
38
62
74
62
62
57
42_51
56
38
36
42
56
38
36
42_62
56
57
38
36
42_57_62
56
69
65
36
41
40
64
57
62
62
42
38
56
36
60
69
36
35_59
60
36
62
42
56
38
57
62
67
36
38
42
56
62
57
67
38
36
42
57
56_62
36_36_38
65
64
50_57
62
42_42
56
36_36_38
62
50
60
42_42
50_57
56_62
62
43
36_36
31
59
56
42_42
50
55
36_36
31
56
42_42
50
55
36_36_36_48
65
60
64
48
56
42_42_55
60
62
36
36_36
60
48
55
48_60
36
42_42
56
38
65
31_36_36
43
64
57_62
62
42_42_50
55
56
62
57
60
47
36_36
31
62
45
43
43
42_42_56
50
74
36_36_52
65
38
72
64
62
62
50
57
42_42_56_62
36_36_38
42_42
50_56
36_36
38
50
58
53_62
56
42_42
74
72
50
58_62
38_50_74
36_36_53
75
56
42_42
50
36_36
38_74
62
56
42_42_50_57
62
36_36
38
42_42
56
72
38
74
36_36
50
58
62
53
42_42
56
50
50
58_62
38_48
53
36_36
47
42_42
56
45
52
38
36_36
65
64
57
42_42_50_56
62
36_36_38
62
42_42_50_59
56
62
31_36_36
43
59
50
55
42_42
56
36_36
31
43
50
42_42_55
56
43
64
65
48
36_36
36
64
55
60
42_42_56
36_36_36_62
48_60
55
48
42_42
56_60
36_36
31
43
65
59
62_62
42_42
43_56
50
55
57
57
59
36_36
31
45
48
59
50
42_42
56
62
50
36_36_38
50
43
57
57
50_62
62
42_42_51
56_62
45
38
36_36
81
42_42
50
56
86
86
36_36
38
50
58
53_62
42_42
56
50
60
50
58
38_62
53
36_36
81
60
42_42
56
79
62
62
36_36
38_81
74
50_57
51_62
42_42
57
62
56
74
36_36
38
69
42_42
57
56
62
74
50
36_36_38
50
57
62
42_42
56
48
43
50
36_36
41_47_57_62
64
40
38_65
42_42_65
40
56
65
65
36
58
62
65_65
36_36
46_51
34
46
64_64
62
62
62
53
51_58_62
42
42_56
62
62
51
51
34_36_36
62
58
53
62
42_56
42
65
65
53
59
35
36_36
51
47
64
64
62_62
51_55_62_62
59
42_42_56
35_62
62
36_36
51
62
59_62
42_42
55
51_56
55
55_60
51_60
36_36_48
36_62
60
60
60
55_60
64
42_42_51
60
62
56
60
51
60
51
60
36_36_60
36
60
60
62
55_60_60_60
42_42_64
51_56
62
62
62
38_57
36_36
38
51
62
57
62
56
42_42_51
62
48
51
38
36_36
47
65
65
65
45
42_42_51_57_62
56
65
65
51
65
49_58_65
36
46
34
46
64
64
62
62
62
53
51_58_62
42_56
62
62
34_36
62
58
53
62
56
42
65
53_65
59
35
36_51
47
64
62
62
51_55_62_62
59_62
42_56
35
62
36
62
62
59_62
42
55
51_56
55
60
60
55
51
36_48_60
36_62
60
60
60
60
55_60
64
42_51
62
56
60_60
60
60
36
36
60
60
62
60
55_60_62
42_64
51_56
62
62
38_51
36
57
38
62
57
62
56
42_51
62
62
38
36
43_48
65
65
65
42_51_57_62
43_48_56
65
65
65
65
36_58
46_49
34
46
64
64
62_62
62
53
51_58_62
42_56
62
62
34_36
62
58
53
62
56
42
65
65
53
35
36
59
47
64
64
62
62
51_55_62_62
59
42_56
35
62
62
36
62
59_62
42
55
51_56
55
60
60
55
36_48
36_62
60
60
55_60_60_60
64
42_51
62
56
60
60
60
51
36
36_60
60
60
62
60
55_60
42_64
60
51_56
62
62
51
62
38_51
36_57
38
69
57
62
56
42_51_62
69
62
51
48_69
38
36
67
47
65_65
42_51_57_62
45_56
65
65
58_65
36_36_65
46_49
34_62
64
64
62
53_62
58
51_62_62
42_42_56
62
62
51
36_36
34
62
42_42_58_62
56
53
51
69
65
53
35
36_36_47
59
51
62
67
64
62
55
42_42_51_56_59_62
65
62
35
67
36_36
51
62
65
62
62
55_62
42_42_59
51_56
55
60
55
36_36_48
51_60_60_62
36
60
60
60
60_62
55_64
42_42
51_56
60
60
60
60
36_36_36
51_60
60
60
62
62
60
64
55
42_42
60
51
56
55
62
50
62
36_36_38_57
38
62
62
42_42_51_56
49_51_57
57_62
36_36
38
42_42
56
36_36
38
58
58
53
50
42_42
56
50
58
36_36_38
50
58
53
42_42
56
50
38
38
36_36
62
57
49_50_57
42_42
51
56
38
36_36
56
42_42
36_36_38
62_74
58
48_53_57
50
42_42
56
43
50
38
45
58
36_36_50
53_62
57
74
65
56
67
42_42
50
38
69
36_36
38
62
74
62
62
49_57
57
50
42_42_51
56
49
38
36_36
42_42
56
38
36_36
48_58
53
50
42_42_62_62
56_57
57
50
45
38
36_36_57_62
58
50_67
53
57_62
57
62
42_42_57_62
56
57_62
65
67
36_36_57
62
38
65
62
57_62
49
57_62
42_42_50
57
56
57
62
57_62
36_36
38
57_62
58
42_42_57_62
56
57_62
60
58
36_36_38_57_62
62
57
57_62
42_42
56
57_62
50
57
38
36_36
57
62
62
57
62
57
50_57
49
42_42_57_62
51
56
57_62
38
62
36_36_57_62
57_62
56
42_42_57_62
57_62
36_36_38_62
57
62
57
62_74
48_57_58
45_50
53
42_42_57_62
56
62
57
50
48
45
38
45
48
58
36_36_50_62
53_57_62
57
74
62
57
56
62
42_42
57_62
62
57
50
36_36_57_62
38
57_62
62
74
49
62
49_50_57
42_42_51_57_62
67
56
62
57
38_62
57_62
62
57
57
62
57
62
65
57
57_62
67
65
62
57_62
57_62
57
42
57_62
62
57_62
57
62
57
62
57_62
57
42
57_62
62
57_62
57
67
57_62
26
57
62
62
57
26
42_57_62
26
62
57
55
57_62
26
55_62
64
36_57_62
26_67
62
57
26
42_57_62
26
62
26_57
57_62
26
62
57
26
42_57
62
26
65
62
26_57
64
65
64
36_62
26_57_62
57
65
26_57_62
54
42_57_62
26
67
26
62
57
55
62
26_62
62_67
57_62
62
57
26
64
57_62
42
38
65
26
57_62
36_57_62_64
26
67
26
57_62
62
38
42_57_62
26
57_62
69
26_62
36_57
26
57_62
42_54_57_62
38
64
26
62
57
26_65
62
36_57_57_62
64
26
57_62
62
65
42
57_62
38
26
57
62
26_36
57_62
62
26_62
57
57
62
57_62
42_57_62
38
62
62
26
57_62
67
57
65
67
36_57_62
26_55_60
60
55
65
62
57_62
26
57_62
42
38_57_62
26_57_62
36_57_62
26
64
57_62
26
57
62
42
57
62
38
57_62
26
57
62
36
62
26_57
57_62
26
57
42_62
57
62
54
38
50
26
57_62
57
57_62
36
62
38
62
57
62
26
42_57_62
26
57
62
26_57_62
69
57
36_62
26
57_62
26
69
42
54_57_62
57
26_62
52
74
57_62
26
57
62
69
36
57
62
26
62
26
57_62
42
38_57_62
54
26
57_62
72
62
67
36_57
26_62
64
26_57_62
42_57_62
38
57_62
26
57_62
67
57_62
36
26
26_57_62
69
38_42_57_62
62
57
67
74
26
57_62
65
65
60_64
36_57_62
26
67
57_62
26
62
57_62
42
26_62
55
57_62
26
57_62
26_36
26
57_62
57
42_62
54_62
57
26
64
67
26_57_62
57
62
65
67
57_62
36
65
26
67
57
26_62
42_57_62
26
57_62
54
26
57_62
26_36
57_62
55
60
65
26
57_62
65
42_57_62
54_62
26_57
67
62
57
26
62
36
62_64
57
64
26
62
57
26
42_57_62
26
26
62
57
62
62
36_57_65
62
57
26
57_62
26
42_57
62_69
26
62
57_62
26
57
62
36_57
62
26
57_62
26
42_57_62
26_62
57
69
57_62
26
36_57_62
26
62
57_62
26
62
42_57_57_62_62
26
69
55
26_62
57_62_62
62
26_36_57
69
26
57_62
62
69
42_57_62
26
62_67
26
62_64
57
65
64
65
36_57_62
26
64_69
65
57_62
26
64
57_62
42
26
69
54
57_62
26
57
62
64
57_62
36
64_69
26
62
57
26
65
57_62
42
26
69
26_62
57
65
55
60_62
26_57
36
69
26
57_62
64
42_57_62
69
26
26
67
57_62
62
65
67
36_57_62
26
64
69
62
57
26
62
62
42_57_62
26
69
57
62
64
26_57_62
64
26_36_57_62
69
26_57_62
64
42_57_62_69
26_54
62
26
57_62_65
62
57_64
69
62
36_57_62
26
60
62
57
26_67
62
69
54
26_42
57_62
26_65
57_62
69
69
26
36_62
57
62
57_64
26
62_69
42_57
54
38
26
57
57_62_62
65
65
36
57_62_69
26
64
57
26_62
42_57_62
69
38
62
26
62
57_65
69
36_62_67
26_57
57_62
26_67
42
57_69
57_62
38_62
52
26
65
57
62_64
69
36
69
57_62
26
64
57_62
26
42
69
26
55_57_62
62
65
62
26
57_62
64
62_67
65
36
26_62
57
69
26_62
57
64
42
57
26_62
69
26
57
62
65
62
57
26
69
64_64
57_62
26
67
57_62
26_42
57_69
62
62
26_65
64
57_62
62
26
69
57_62
26
57_62
64
42
57_62
26
69
26_55
57_62
62
36
57_62
26_69
64
62
57
26
64
62
42_57_62
69
38
52
26
57_62
65
69
69
62
57
26
57
62
26_67
42
57_62
69
38
57
26
57
62_65
36
57_62
69
26
57_62_64
26
42_57_62_69
26
57_62_62
26
57_62
69
26
57_62
26_64
57
42_62
69
26
67
57_62
26
65
69
67
57_62
36_69
26
57_62
64
26
42_57
62
69
26
65
57_62
62
26
67
65
67
62
57
69
26
57_62
64
26
42
57
62
69
26
64
57_62
65
26
65
64
65
62
57
69
26
57_62
64
26
69
42
57_62
26
67
62
57
62
26
62
57
26_69
64
57_62
26
69
42
26_57
62
26
65
57_62
69
26
57_62_65
64
57
62
69
42
57
62
62
62
57
57_62
62
57_69
67
64
57_62
69
42_57
62
65
57_62
52
57_62
69
62
57
64
42_57_62
69
62
57
62
69
62
64
42
69
65
69
