35_40
40
38
40
38
35
36
38
40
38
52_52_57_57
35
36
52_52
33_45_45_52_52_57_57_57
57
57
57
57
52_52
57
55_55
57_57
60_60
62_62_65_65
60_60
62_62
64_64
64_64_69_69
67_67
64_64
59_59
63_63
64_64
67_67
64_64
59_59
63_63
64_64
67_67
64_64
59_59
63_63
64_64
67_67
64_64
59_59
63_63
64_64
67_67
64_64
59_59
62_62
64_64
69_69
67_67
64_64
62_62
64_64
62_62
62_62
60_60
56_56
59_59_59_66_66_66
60_60_60_67_67_67
62_62_62_69_69_69
60_60_67_67
62_62
60_60
59_59
57_57
59_59
62_62
60_60
59_59
57_57
60_60
62_62
60_60
59_59
62_62
59_59
62_62
60_60
59_59
57_57
59_59
57_57
56_56
55_55
54_54
52_52
51_51
50_50
48_48
60_60
38_38
44_44
33_40_45_45_45_52_52_57_57
33_33_36_40_45_45_45_52_52_57_57
41
35_40
31_31_36_38_43_43_43_50_50_50_55_55_62_62
41
35_40
38
26_36_38_45_50_50_50_54_57_57_62_62
41
40
57
57
57
57_64_64
57
77_77
49_79_79
81_81
79_79
81_81
79_79
81_81
79_79
81_81
79_79
55_55
50_50
79_79
81_81
84_84
85_85
78_78
84_84
81_81
79_79
79_79
81_81
79_79
81_81
84_84
81_81
79_79
81_81
79_79
79_79
76_76
74_74
79_79
79_79
79_79
76_76
79_79
76_76
74_74
79_79
67_67
73_73
75_75
77_77
79_79
80_80
81_81
84_84
72_72
76_76
79_79
78_78
81_81
84_84
81_81
84_84
81_81
78_78
79_79
78_78
76_76
73_73
72_72
73_73
72_72
72_72
69_69
71_71
69_69
69_69
42_42_47_47
74_74
76_76
74_74
76_76
76_76
76_76
80_80
80_80
80_80
80_80
83_83
83_83
83_83
83_83
81_81
81_81
81_81
79_79
79_79
79_79
81_81
81_81
81_81
78_78
78_78
78_78
80_80
80_80
80_80
76_76
76_76
76_76
80_80
80_80
80_80
83_83
83_83
83_83
81_81
81_81
81_81
80_80
80_80
80_80
81_81
81_81
81_81
78_78
78_78
78_78
80_80
80_80
80_80
76_76
76_76
76_76
77_77
74_74
74_74
74_74
76_76
73_73
73_73
73_73
74_74
73_73
71_71
71_71
71_71
72_72
71_71
69_69
69_69
69_69
71_71
69_69
67_67
67_67
67_67
69_69
67_67
65_65
65_65
65_65
65_65
65_65
65_65
65_65
65_65
65_65
67_67
65_65
64_64
64_64
62_62
60_60
59_59
59_59
57_57
56_56
38_38_45_45
38_38
34_34
32_32
34_34
38_38
50_53_59_62
50_53_59_62
52
52
55
55
57
57
57
57
57
57
57
57
57
57
60
60
55
55
57
57
57
57
57
57
60
60
55
55
58
58
65
65
58
58
64
64
62
62
55
55
60
60
67
67
60
60
66
66
64
64
45_50
45_50
47
47
50
50
52
52
52
52
52
52
52
52
52
55
55
50
50
52
52
52_57
52_57
52
52
52_57
52_57
55
55
50
50
52
52
60
60
55
55
59
59
57
57
54
54
54
54
62
62
55
55
61
61
59
59
50_55
50_55
50_55_60
50_55_60
52
52
55
55
57
57
57
57
57
57
57
57
57
57
60
60
55
55
57
57
57
57
57
57
60
60
55
55
58
58
65
65
55_58
55_58
64
64
62
62
55
55
60
60
67
67
60
60
66
66
64
64
66
66
64
64
66
66
64
64
66
66
64
64
64
64
62
62
64
64
62
62
60
60
62
62
60
60
62
62
60
60
59
59
61
61
59
59
61
61
59
59
61
61
73
73
61
61
64
64
68
68
61
61
64
64
68
68
61
61
64
64
68
68
61
61
64
64
73
73
61
61
64
64
68
68
61
61
64
64
68
68
61
61
64
64
68
68
61
61
64
64
69
69
61
61
64
64
69
69
61
61
64
64
69
69
61
61
64
64
69
69
61
61
64
64
69
69
61
61
64
64
69
69
61
61
64
64
69
69
61
61
64
64
69
69
61
61
64
64
63
63
69
69
63
63
66
66
69
69
63
63
66
66
69
69
63
63
66
66
69
69
63
63
66
66
69
69
63
63
66
66
69
69
63
63
66
66
71
71
63
63
66
66
71
71
63
63
66
66
71
71
64
64
68
68
71
71
64
64
68
68
71
71
64
64
68
68
71
71
64
64
68
68
71
71
64
64
68
68
71
71
64
64
68
68
71
71
64
64
68
68
71
71
64
64
68
68
72
72
64
64
67
67
71
71
64
64
67
67
71
71
64
64
67
67
71
71
64
64
67
67
71
71
64
64
67
67
71
71
64
64
67
67
74
74
64
64
67
67
74
74
64
64
67
67
66
66
74
74
66
66
69
69
74
74
66
66
69
69
74
74
66
66
69
69
74
74
66
66
69
69
74
74
66
66
69
69
74
74
66
66
69
69
76
76
66
66
69
69
76
76
66
66
69
69
76
76
71
71
68
68
76
76
71
71
68
68
76
76
71
71
68
68
76
76
71
71
68
68
76
76
71
71
68
68
76
76
71
71
68
68
76
76
71
71
68
68
76
76
71
71
68
68
76
76
68
68
71
71
76
76
68
68
71
71
76
76
71
71
76
76
71
71
74
74
76
76
70
70
73
73
76
76
70
70
73
73
76
76
69
69
72
72
76
76
69
69
72
72
76
76
68
68
71
71
76
76
68
68
71
71
74
74
76
76
71
71
74
74
76
76
71
71
74
74
76
76
70
70
73
73
76
76
70
70
73
73
76
76
69
69
72
72
76
76
69
69
72
72
76
76
68
68
71
71
76
76
68
68
71
71
74
74
69
69
72
72
74
74
69
69
72
72
74
74
68
68
71
71
74
74
68
68
71
71
74
74
67
67
70
70
74
74
67
67
70
70
74
74
66
66
69
69
74
74
66
66
69
69
72
72
73
73
67
67
70
70
72
72
67
67
70
70
72
72
66
66
69
69
72
72
66
66
69
69
72
72
65
65
68
68
72
72
65
65
68
68
72
72
64
64
67
67
72
72
64
64
67
67
71
71
63
63
66
66
71
71
63
63
66
66
71
71
63
63
66
66
71
71
63
63
66
66
71
71
63
63
66
66
71
71
63
63
66
66
71
71
63
63
66
66
71
71
63
63
66
66
71
71
64
64
67
67
71
71
64
64
67
67
71
71
64
64
67
67
71
71
64
64
67
67
71
71
64
64
67
67
71
71
64
64
67
67
71
71
64
64
67
67
71
71
64
64
67
67
71
71
63
63
66
66
71
71
63
63
66
66
71
71
63
63
66
66
71
71
63
63
66
66
71
71
63
63
66
66
71
71
63
63
66
66
71
71
63
63
66
66
71
71
63
63
66
66
71
71
64
64
67
67
71
71
63
63
66
66
71
71
64
64
67
67
71
71
63
63
66
66
71
71
64
64
67
67
71
71
63
63
66
66
71
71
64
64
67
67
71
71
63
63
66
66
71
71
64
64
67
67
71
71
63
63
66
66
71
71
64
64
67
67
71
71
63
63
66
66
71
71
64
64
67
67
71
71
63
63
66
66
71
71
64
64
67
67
71
71
63
63
66
66
71
71
52_52_64
64
32_32_44
44
46_46_58
58
47_47_59
59
28_28_40
40
38_38_50
50
38_38_50
50
50_57_57
50_50_50_57_57_57
