54
54
66
66
38_66
45
50
38
45_50
41
48
50
41
48_50
38
45
50
38
45_50
41
48
50
41
48
48
55
50
50
48
38_66
55
45
50
50
38
45_50
41
48
50
41
48_50
38
45
50
38
45_50_66
41
48
50
41
48
48
55
50
50
48
38_66
55
45
50
50
38
45_50
41
48
50
41
48_50
38
45
50
38
45_50_66
41
48
50
41
48
48
55
50
50
48
38
55
45
50
50
38
45_50
41
48
50
41
48_50
38
45
50
38
45_50_66
41_60_72
48
50
41_60_72
48_59_71
48
55
50
50
48_59_71
38_57_69
55
45
50
50
38
45_50_57_69
41_60_72
48
50
41_60_72
48_59_71
48
55
50
50
48_59_71
38_54_66
55
45
50
50
38
45_50_54_66
41_60_72
48
50
41_60_72
48_59_71
48
55
50
50
48_59_71
38_57_69
55
45
50
50
38
45_50_57_69
41_60_72
48
50
41_60_72
48_59_71
48
55
50
50
48_59_71
38_54
55
45
50
50
38_54
66
45_50
41
48
50
41
48_50
38
45
50
38
45_50
41
48
50
41
48
48
55
50
50
48
38
55
45
50
50
38
45_50
41
48
50
41
48_50
38
45
50
38
45_50
41
48
50
41
48
48
55
50
50
48
38
55
45
50
50
38
45_50
41
48
50
41
48_50
38
45
50
38
45
57
50_57_66
41_60_72
48
50
41_60_72
48_59_71
48
55
50
50
48_59_71
38_57_69
55
45
50
50
38
45_50_57_69
41_60_72
48
50
41_60_72
48_59_71
48
55
50
50
48_59_71
38_54_66
55
45
50
50
38
45
57
50_54_57_66
41_60_72
48
50
41_60_72
48_59_71
48
55
50
50
48_59_71
38_57_69
55
45
50
50
38
55
45_55
57
50
62
57_69
41_60_72
57
48
50
62
41_60_72
48_59_71
48
55
50
50
48_59_71
38_54_66
55
45
50
50
38
45_50_54_66
41_60_72
48
50
60_72
59_71
41
48_50_59_71
38_60_72
45
50
60_72
57_69
38
45
57
50_57_57_69
41_60_72
48
50
41_60_72
48_59_71
48
55
50
50
48_59_71
38_54_66
55
45
50
50
38
66
54
45_50
41_54
48
50
41_54
66
48_50
38
45
50
38
55
45_55
57
50
57
55
41
48
50
55
41
48
48
55
50
50
48
38
55
45
50
50
38
45_50
41
48
50
41
48_50
38
45
50
38
45
50
41
48
50
41
48
48
55
50
50
48
38
55
45
50
50
46_70_72_77
38_45_46_50_66_70_72_77
