36
48
55
60
62
64
55
60
64
62
53
60
62
65
57
59
65
64
55
60
64
67
59
60
67
65
57
60
65
69
59
65
69
67
60
64
67
60_72
64
67
72
74
59
64
67
74
72
57
64
67
72
71
59
64
67
71
69
60
64
67
69
59_67
60
64
67
65
57
60
64
65
64
55
59
60
64
62
53
57
60
62
67
52
59
64
67
69
57
60
64
69
64
55
57
60
64
62
53
57
60
62
60
52
55
57
60
59
50
53
55
59
41
48
50
52
53
57
60
62
64
62
60
57
53
52
50
48
41
48
50
52
53
57
60
62
64
62
60
59
57
52
50
48
41
48
50
52
53
56
60
62
64
62
60
56
53
52
50
48
41
48
50
52
53
56
60
62
64
62
60
58
56
52
50
48
40
47
52
56
47
52
56
59
52
56
59
64
56
59
64
68
64
69
65
62
64
65
62
59
64
69
65
62
64
65
62
59
67
72
69
65
64
69
65
62
60
65
62
59
57
62
59
55
64
69
65
62
64
65
62
59
64
69
65
62
64
65
62
59
67
72
69
65
64
69
65
62
60
65
62
59
57
62
59
55
53
59
56
52
55
61
58
54
53
59
56
52
55
61
58
54
53
59
56
52
53
59
56
52
53
59
56
52
53
59
56
52
52
57
53
50
55
60
56
53
52
57
53
50
55
60
56
53
52
57
53
50
52
57
53
50
52
57
53
50
52
57
53
50
52
59
56
50
52
59
56
50
52
59
56
50
52
59
56
50
36
48
55
60
62
64
55
60
64
62
53
60
62
65
57
59
65
64
55
60
64
67
45
59
64
67
66
50
57
62
66
47
69
60
66
69
52
67
62
67
71
76
71
67
62
61
64
67
69
78
69
67
64
52
62
67
71
76
71
67
62
61
64
67
70
78
70
67
64
59
64
67
74
78
74
67
64
58
64
67
73
78
73
67
64
57
64
67
72
79
72
67
64
78
72
67
64
76
72
67
64
58
64
67
72
74
72
67
76
64
78
72
67
64
72
67
64
59
64
67
71
74
71
76
67
64
78
71
67
64
71
67
64
60
64
67
70
74
70
67
64
76
70
67
64
72
70
67
64
55
74
70
69
67
65
64
62
60
62
58
57
55
53
52
50
48
46
45
43
41
62
40
58
55
58
38
64
58
55
58
60
36
58
55
58
34
53
58
60
62
65
70
72
74
53
58
62
60
54
58
60
34
54
63
58
39
34
39
34
32
51
56
58
60
51
56
60
58
51
70
66
54
58
61
51
68
54
65
61
32
51
56
58
66
63
60
51
56
60
58
51
70
66
54
58
61
51
68
54
65
61
32
54
60
61
63
54
60
63
61
54
58
61
65
54
58
65
68
54
60
61
63
54
60
63
51
61
54
58
61
44
65
54
58
65
43
31
55
60
62
64
55
60
64
62
53
60
62
65
57
59
65
64
55
60
64
67
59
60
67
65
57
60
65
69
59
65
69
36
67
60
64
67
60
72
64
67
72
74
59
64
67
74
57
72
64
67
72
71
59
64
67
71
69
60
64
67
69
59
67
60
64
67
65
57
60
64
65
64
55
57
60
64
62
53
57
60
62
67
52
59
64
67
69
57
60
64
69
64
55
57
60
64
62
53
57
60
62
60
52
55
57
60
59
50
53
55
59
41
48
50
52
53
57
60
62
64
62
60
57
53
52
50
48
41
48
50
52
53
57
60
62
64
62
60
59
57
52
50
48
41
48
50
52
53
56
60
62
64
62
60
56
53
52
50
48
41
48
50
52
53
56
60
62
64
62
60
58
56
52
50
48
40
48
52
56
48
52
56
60
52
56
60
64
56
60
64
68
56
60
64
68
60
64
68
72
64
68
72
76
68
72
76
80
72
76
79
84
72
76
79
84
74
76
79
86
72
76
79
84
77
80
84
89
75
80
84
87
74
75
80
86
72
75
80
84
74
76
79
86
72
76
79
84
71
72
76
83
69
72
76
81
67
69
72
79
65
69
72
77
64
65
68
76
62
65
68
74
62
64
67
74
60
64
67
72
62
64
67
74
60
64
67
72
65
68
72
77
63
68
72
75
62
63
68
74
60
63
68
72
62
64
67
74
60
64
67
72
59
60
64
71
57
60
64
69
55
57
60
67
53
57
60
65
52
53
56
64
50
53
56
62
50
52
55
62
48
52
55
60
50
41
53
57
62
48
53
57
60
62
64
67
74
60
64
67
72
53_62
65
69
74
60
65
69
72
67
60
76
72
64
69
76
71
64
67
60
76
72
64
69
76
71
64
67
60
76
72
64
70
63
79
75
67
73
66
82
78
70
67
74
83
79
71
67
60
76
72
64
69
76
71
64
67
60
76
72
64
69
76
71
64
67
60
76
72
64
70
63
79
75
67
73
66
82
78
70
67
74
83
79
71
79
88
84
76
72
88
84
76
67
76
72
64
60
76
72
64
55
64
60
52
48
64
60
52
43
64
60
52
36
64
60
52
52
45
48
41
50
47
36_43_52
48
36
24
