60_67
60
67
60_67
60_67
60_67
60_67
60_67
67
60
60_67
60_67
60_67
60_67
60_67
60_67
60_67
60
67
60_67
60
67
60_67
60_67
60_67
60_67
60_67
60_67
60_67
60
67
60_67
60
67
60_67
60
67
60_67
60
67
60
62_67
62
64
60_67
65
64
60_62_65_67
62
64
60_67
64
65
60_62_65_67
62
64
67
60
64
65
65
60_62_67
62
64
60
67
64_65
60_62_67
65
62
64
67
60
65
64
60_62_65_67
64
62
60
67
64_65
60_65
62_67
64
62
60
67
65
64
60_63_65_67
63_66
60
67_69
66
60_62_67
69
62_64
60
67
64
65
60_62_65_67
62
64
60
67
64
65
65
60_62_67
62
64
60
67
65
64
65
60_62_67
62
64
60_67
65
64
65
60_62_67
62_64
60
67
64
65
60_62_65_67
64
62
60
67
65
64
67
60_62
65
64
62
60
67
64_65
65
60_63_67
63
66
60
69
66
67
60_62
69
65_67_69
60
65_67
67_69
62
67_74
62_69
67
74
65_67
69
62
60_62_65_69
65
60_65
62_67
69
64_71_74
67
67
74
67
65
71
64
60_62_65_69
65
65
60
67
62_69
62_69_74
67
67_74
65_67
62
69
65
60_62_69
65
65
67
62
69
60
64_67_71_74
74
67
67
65
71
64
65
60_62_69
65
65_69
67_69
62
62_74
67
60
67_74
69
65
67
62
65
59_60_67
64
64
65
60_67
60_65_67_72
59_65
72
64
60_65_67
58_67
60
64
60
63
67
63
60_66_67
66
66_72
60
58
66_67
72
57_60_63_67
63
63
63
60
67
66
60_67_72
66
66_72
60
67
63
57_66
63
58_60_67
63
60
67
63_66
60_67_72
66
66_72
67
60
63
66
63
55_60_67
58
63
60_67
63
66
60_67_72
66
66
72
60
67
63_66
63
58_60_67
55
63
60
67
63_66
60_66_67_72
66
72
60_67
66
63
63
57_60_67
58
63
67
60
63_66
66
72
60_67
66
72
67
60
66
63
63
57
58_60_67
63
60
67
63
66
60_66_67_72
66
72
60_67
63_66
63
55_60_67
58
63
60_67
63
66
60_72
67
66
66
72
60
67
55
63
66
63
58_60_65
60_62
65
58
63
62
58_60_63_65
62
60
63
58_62_65
58_60_65
63
60_62
63_65
58_62
58_60_63_65
60_62
58_62_63_65
58_60_63_65
62
60
65
58_63
62
58_60_63_65
60_62
65
58
63
62
58
60_65
63
62
60
65
58
63
62
58_61_65
63
61
63_64
65
63
58_67
64
58_60_65
67
58
65
62
60
62_63
63
58_60_65
60
62
65
58
63
62
63
58_60_65
60
62
58
65
62_63
58_60_63_65
60_62
58
65
62
63
58_65
60
63
60_62
62
58_65
63
63
58_60_65
62
60
62_63_65
58
58_60_65
63
62
60
62_63
58_65
58_61_65
63
64
61
58
67
64
65
67
58_60_67
63
63
65
60_67
60_67_72
65
65_72
63_65
60_67
63
57_58_60_67
63
63
65
60
67
62_65_69_72
72
65
63_65
69
62
63
58_67
60
57
63
63
65
60
67
60_65
67_72
72
65
63_65
60_67
63
55_60_67
58
63
63_65
60
67
62_65_72
69
72
65
65
63
69
62
63
58_60_67
55
63
63
65
60_67
60_67_72
65
72
65
65
63
60
67
63
57_60_67
58
63
63
65
60
67
62_65_69_72
72
65
65
63
69
62
63
58_60_67
57
63
63
65
67
60
65
60_67_72
72
65
65
63
60
67
55_60_63_67
58
63
63
65
60
67
65
62_69_72
72
65
65
63
69
62
63
58
60_67
55
63
63
65
60
67
62_65_69_72
72
65
63_65
69
57_62_63
60_67
58
63
63_65
60
69_72
62
67
65
65
72
63
65
69
62
58_60_63_67
57
63
63_65
60_62_69_72
65
67
65
72
65
63
69
62
58
55_60_67
63
63
63
65
60
62_69_72
65
67
63_65
72
55
63
65
62
69
24_60_67
60_67
62_72_79
64
62
64
65
72_79
65
60_62_67
64
62
64_65
62
72_79
65
60_67
64
62
64_65
79
72
60_62_67
65
64
62
65
64
60_67
62
72_79
65
64
62
64_65
79
72
62
60_67
65
64
62
64_65
60_67
63_65_72_79
66
63
66_69
60_62_79
67
72
69
64
62
64_65
62_72
79
60_67
65
64
62
64
65
79
72
60_62_67
65
64
62
64_65
60_67
62_72_79
65
64
62
64
65
72_79
60_62_67
65
64
62
64
65
62_72_79
60_67
65
64
62
64_65
60_62_67
65
79
72
64
62
64
65
65
63_72_79
60_67
66
69
66
63
69_72
79
60_62_67
64
62
64
65
65
62_79_86_91
62
64
64_65_91
79_86
62_65_79_86_91
91
64
62
79
86
65_77_84
89
64
65
62
89
77_84
62_64_76_83_88
64
65
76
83_88
65
62
74_81_86
62_64
65
64
86
81
74
62_72_79_84
65
64
62
65
64_84
72_79
62_79_84
72
65
62_64_79_84
72
65
64
62_74_79
67
65
64
24
74_79
67
62
65
64_67
60_62_65_67
60
62_64
64_65
43_50_55_62
65
62_64
65
64
55
43
50
43_50_55_62
65
64
62
43_55
41_48_50_53_65
64
62
65
48
53
40_47_52
64
41
62
64_65
52
47
50
38_45_62
40_65
64
62
64_65
45
36_38_43_48_50
62
65
62
64
65
64
36_43
48
36_43_48
62
65
64
62
65
36
64
31_62
65
48
43
64
62
65
67
60_64
24_60_67
31
65
67
60
62_72_79
62
64
65
64
72_79
62_65
60_67
64
62
64
65
60_62_65_67_72_79
64
62
64_65
79
60_62_67_72
65
64
62
65
64
62_72_79
65
60_67
64
62
65
64
79
72
62
60_67
65
64
62
64
65
65
63_72_79
67
60
66
63
69
66
72_79
60_62_67
69
64
62
65
64
62_65
72_79
67
60
64
62
64
65
62
60_67
65_79
72
64
62
64
65
62_72_79
65_67
60
64
62
64
65
62_65_67
60
72_79
64
62
64
65
62_79
72
65
60_67
64
62
64_65
60_62_67_79
72
65
64
62
64_65
63_65_72_79
66
63
69
66
60
67
72
69_79
60_61_65_67
61
65
62
62
62_79_86_91
62_64
64_65
91
79_86
62_65_79_86_91
62_64
91
79
86
64_65
77_84_89
62_65
89
77_84
64_76_83_88
62
65
64
83_88
76
65
62_86
74_81
64
62
65
64_86
81
74
62_65
72_79_84
64
62
64_65
72_84
79
62_65_79_84
72
84
72_79
64
62
65
64
65
62_67_74_79
24
64
74_79
62
67
65
64
60
62_67
67
65
60
62_64
65
64
43_50_55_62
65
64
62
64_65
55
43_50
43_50_55_62
65
64
62
55
43_50
41_48_53_64_65
62_65
48
53
41
40_47_52_64
62
64_65
52
47
38_40_45_50_62_65
64
62
65
64
45
36_43_48_50_62_65
38
64
62
64
65
36_43
48
36_43_48_62
65
64
62
64_65
43
65
31_43_62
36
48
64
62
65
64
46
34_62
31_43
65
64
62
65
64
62
65
64
62
65
64
46
34_58
46_62
65
64
62
65
64
62_65
64
62
64_65
62
65
64
46_62
64
65
58
43_55_62
65
64
62
64
65
62
65
64
62
65
43_64
55
31_43_62
65
64
62
60_65
64
67
34_46_60_62
31_43
65
64
62
64
65
62
65
64
62
64_65
65
46
46_58_62
34
64
62_65
64
65
62
64
62
65
64
62_65
64
62
65
64
46_58
43_55_62_65
64
62
64_65
62_65
64
62
64_65
31_43_43_62_65
55
64
62
60
65
64
31
29_41_60_62
43
65
64
62
65
41
64
65
29_31_32_43
41_62
41
64
62
65
32
64
31
43
65
31_43_62
64
62
64_65
65
62
64
62
65
64
65
62
64
62
64
43_65
31
65
29_41_62
62_64
64
65
65
62
64
62
29_64
65
41
65
31_43_62
64
62
31
64
31_65
60
43
43
65
60_62
50
64
62
64
65
65
62
59
55
64
62
64
65
65
62
53_57_59
55
64
62
64
65
65
62
64
62
65
64
65
60
31_43
62
62_64
64_65
31_50_65
53
57
43
60_64_65_67
69
67
69_71
71
59_62_67
64
60
69
67
71
69
65
71
55_62_64
65
67
65
59_67
31
69
64
55
69
43_50_60_62
62_64
31
65
43_64
65
55_59_62
64
62
64
65
59_65
53_55_57_62
64
62
65
64
65
62
64
62
65
60_64
65
60_62
64
62
65
64
62_65
50
57_64
53
62
64
65
60
60_62_65
64
62
60
65
64
65
65_67
69
67
71
65_69
71
72_74
76
74
72
76_77
77
77_79
81
79
81_83
77
83
86
84
88
86
89
84_88
89
89_91
93
91
89_95
93
95
24_36_96
31
43
91
96
91
84
55_67
62_96
84
91
96
91
84
55_67
62
84
55_62_67_96
91
67_96
62
55
53_59_60_65_84
91
59
84
96
65
53_60
52_59_64
91
96
91
84
59_64
52
50_57_62_96
84
91
96
57
62
50_84
91
48_55_60_96
84
91
96
84_91
48
60
55
60
48_55_96
84
91
96
91
84
96
84
91
96
84
91
96
84
91
96
84
91
96
84
24
36
91
96
91
84
26_38_84_91
48
55_60
86
91
79_86
91
79
86
91
26
38
79
86
79
28_40_84
79
84
79
72
84
72
79
84
28
79
40_72
29_41_79
72
74
79
74
67
79
67
74
41
79
29
67_74
67
28_40_84
79
84
72
79
55_67
62_65_84
65
72
79
84
72
79
67
55
62
55_62_67_84
72
67
79
84
55_62
60_79
53_65_72
84
65
60
53_72
52_64
59_79
84
72
79
59_64
52
50_57_62_84
72
79
84
57_62
50_72
79
48_55_60_84
72
79
84
72
48_60_79
55
48_55_60_84
72
79_84
72
79
84
72
79
84
72
79
72_84
79
84
72
79
84
28
40
72
79
84
79
72
72
29_41_48
79
55
60
74
79
67
74
79
67
74
79
29
74
41
67
67
31_43_72
67
72
67
60
72
60
43
31_67
72
60_67
60
29_41_79
74
79
67_74
79
67
74
41
29_79
67
74
67
28_40_84
79
84
79
72
84
72
79
28_84
40
79
72
29_41_79
72
74
79
67_74
79
67
41
74_79
29
74
67
28_40_67_72_74
72
74
67
60
67
72
60
72
67
28
40
67
60
29_41_65_67
65
60
62
67
62
55
55
67
62_67
29
41
55
62
30_42_67
55
62_67
62
55
52_67
55
67
58_62
52
58
62
55_61
58
67
61
55
67
62
55
62
67
55
67
62
55
62
67
55
67
62
55_62
67
55
67
62
55_62
67
55
67
62
55
62
67
55
67
62
62
55
67
55
62_67
55
62
67
55
62_67
55_62
67
55
67
62
62
55
67
55
62_67
55
62
67
55
67
62
55
62
67
55
67
62
55_62
67
55
67
62
55
62
67
55
62_67
55_62
55
52
67
58
58_62
42_52
30
58
55_61_67
55_62
54_61_69
54
60_64
69
60
64
57_63
57
57_63_72
63_67
57
72
67
60_66
63
66
57_72
60_72
57_63_67
60_66_67
63
66
57_72
60
57_72
63_67
60_63_66
67
57_72
66
60_72
63_67
57
63
66_67
60
60
59_66_74
59_65_69
65_74
68
62
69
68
59_74
59_74
65_69
62
62_65_68_69
62
68
62_76_77
76
68_72
62
65_68_71_72
77
65
64_71_79
70_74
64
79
74
70
67_73
67
61_73_76
61_67_71
76
71
64_67_70
70
61_76
64
61_67_71_76
64_70
67_71
70
61_76
64
76
67
71
61
67
64_70
71
70
61_76
64
76
61_67_71
71
64_67_70
64_70
59_74
65_69
59
65
69_74
62_68
68
59_74
74
62
65
69
59
69
65
62_68
57_68_72
62
63_67
72
57
66
60
63
60_67
66
59_74
65_69
59
74
69
65
62_68
56_71
68
62
56_62
66
62_66_71
59_65
65
56_59_71
62_66_71
56
66
59_62_65
65
56_71
59
62_66_71
56
62
65_66
59
65
56_71
59_62_71
66
56_62_66
59_65
65
54_59_69
54
60_64
69
60
57_63
64
57
63
54_71
60
66
71
60
54_63_65_66
59
65
59
30_42_63_67
62
67
62
55
52_55
67
67
58
52
55_61
58
55_58_61_67
67
62
62
67
62_67
62
55
67
55
67
62
62
55
67
55
62_67
62
55
67
55
67
55
58
55_67
67
62
62
55
42_52_67
30
55
58_62_67
52
58_62
55_61
55
61
54_69
54_60_64
69
64
57_60_63
57
63
57_72
63_67
57
72
63_67
60_66
66
57_72
60
63_67
72
57
67
60_63_66
66
57_72
60
72
63_67
57
63
60_66_67
66
57_72
60_72
63_67
57
60_63_66
67
60
66
59_74
65_69
59
74
65
62_68
69
59_68_74
62
65_69_74
59
69
65
62_68
62
62_68_77
62
68_72
77
65_71
68_72
65
71
64_79
70_74
64
79
67_73_74
67_70
73
68_83
68_73_78_83
78
71_76
73
68_76_83
71
68_73_83
78
78
71_76
73
76
68_83
71
83
68_73_78
78
71_76
73
76
68_83
71
68
73_78
83
78
71_76
73
68_83
71_76
83
68_73_78
71_76_78
73
76
68_71
83
68_83
73_78
71_73_76_78
68_68_76_83
71
83
68_73_78
68_73_76_78
71
66_71_76_83
83
78
64_71_78
66
64
63_83
71
83
78
78
71
68_71
83
83
73_78
68
73
71_76_78
76
68_71_83
83
68_73_78
73
71_76_78
76
61_63_71_83
83
78
78
71
71
63_83
61
83
78
71
78
66_71_83
63
83
73_78
73_78
71_76
68_76_83
71
66_83
73_78
73
71_76_78
68
68_71_83
76
83
78
68
71_73_76_78
71_73
76
68_83
83
73_78
68
78
71_73_76
68_71_76_83
73_78_83
68
78
71_73_76
71_76
68_84
84
79
70
68
79
70
72_77
77
72
68_84
68_84
70_79
79
70
72_77
72_77
68_84
84
68
70_79
70_79
72_77
77
72
68_84
84
68_79
70
79
70
72_77
77
72
68
83
73_78
83
71_76
68
73
76
66_78_83
71_78
83
64
66
71
78
63_84
64
71
67_79
63
84
67_73
72
79
73
63_84
67_79
72
63
84
67
79
72_73
72
73
62_77
67_72
77
62
65_70
72
67
70
60_77
65
72
60
58
77
65
58
57_78
72
65
61_71
57_78
66_67
71
61
57_78
67
66
61_71
78
71
57
61_66_67
66
55_67_70
60_65
55
58_63
65
70
60
53_63_70
58_65
70
51
53
58_65
58
51
50_71
54_66
50
59_60_66_71
54
50_71
60
59
54_66
50
71
66
54_59_60
59
60
49_64
54_59
59_64
52_57
54
49
47_57_64
52
59
64
45
47
52
59
52
45
44_65
51_60
60_65
53_58
44
44
53_65
51_58
51_60
65
60
53_58
44
51
44_65
58
53
51_60
65
60
44_53_58
51
44_58
53_65
51_60
65
60
44_53_58
51
44_58_65
53
51_60
65
60
44_53_58
58
44_51_65
53
51
60
65
44_53_58
51
53
44_58_60_66
51_60
54_58_66
44
51
60
44_66
58
54
51_60
66
44_54_58_60
51
44_54_58_66
51_66
60
44
60
54_58
51
58
44_54_66
66
44_51_60
51_60
54
54
58
30_42
65_67
67
65
59_62
59
58_62
65_67
67
49_52_55_57_65
61_64
67_69
61_64_67
49_69
55_57
52
52_55_57_61
64_67_71_73
30_42
64
67
71
73
66
66
78
78
30_78
55_61
52_57
78_90
90
78
78
42
78
78
66
66
54
66
66
54
54
54
30
42_55_58_64
61_67_70_73_76
67
76
70
73
66
66
78
78
78
55_58_61
64
78_90
78_90
78
67
59_62_64_71_74_77_79
74_77_79
71
62_67
59
64
58_61_64_69_81
70_73_76
73_81
76
70
61_69
64
58
57_60_62_66_78
69_72_74
69
72
66
74_78
66
78
78
30_78
57_60
62
66
78
90
78_90
78
42
78
78
66
66
54
66
66
54
54
54
30
42
58_61_64
55_67_70_73_76
67_70
76
73
66
66
78
78
78
58_61
64
55
78
90
90
78
78
54_57_60_62_66_69_72_74
72
66_69_74
57_60
54_62
53_56_64
59_65_68_71_76
71
65_68_76
59
64
56
53
52_55_57_61
64_67_69_73
64_67_69
73
66
66
78
78
30_78
52_78
90
55_61
57
78_90
78
42
78
78
66
66
54
66
66
54
54
51_59
57_63_66_69_71
66
63_69
71
54_57_59
51
50_53_56_61_65_73
62_68
30_42
68
62
65_73
56
53
50_61
49_52_55_57_64_67
61_69
61
64
54
67_69
54
66
66
30
90
49
90
78
52
78
55
57
42
78
78
66
66
54
66
66
54
54
50_59_71
62_66
62
54_66
71
30
54
66
66
42
30
90
90
78
78
42
78
78
66
66
54
54
59
66
54_66
50
54
54
47_51_56_63_68
59
42
30
59
63
68
47
51
56
52
49_58_61_64_70
61
64
70
49
52_58
52_56_61_68_73
64
64
68_73
66
66
78
78
30_78
78
90
78_90
78
42
78
78
66
66
61
52_54_56
54
66
66
54
54
56_59_64_68_71_76
68
76
66
71
66
78
78
78
56_59
64
78_90
90
78
78
59_63_68_71
75_80
71_75
80
59_63
68
61_64_70_73_76_82
82
73_76
64
61_70
58_61_66_73
70_78
70
78
66_73
66
30
78
42
78
30_78
78
90
90
78
78
58_61
66
42
78
78
66
66
54
66
66
54
54_54
56_59_64_71_76
68
68
76
66
71
66
78
78
78
78_90
59_64
78_90
56_78
54_58_63_66_75
70
70
75
66
58
54
56_59_63_64_65_76
68_71
65
59
56
68_71_76
64
56_61
52_64_68_73
64
68
73
66
66
78
78
30
42
30_78
78_90
52
78_90
61
78
56
42
78
78
66
66
54
54
66
66
54
54
50_54_58_66_70
62
42
30
47_59
58
47
50
59_62_66_70
48
54
52_56_60_64_68
60
64
54_68
66
54_66
30
90
90
78
78
42
48
56
78
78
52_66
66
54
66
66
54_54
54
66
66
78
78
66
66
52_56_61_64_68_73
73
56_61_68
64
52
50_54_58
62_65_70
58_62
47_59
50
54
47
65
59_70
48_52_56
59_64_68
59
30
42
54
64_68
66
66
30_54
90
48_56
52
90
78
78
42
78
78
66
66
54
66
54
66
54_66
54
66
66
66
61
52_56_64_68_73
68_73
64
52_61
50_53_56_58_70
62_66
53
50
58
47_59_62
47
59_66
70
48
52_56_60_64_68
48_52
56
60_64
68
52_56_60
64_68_72
56
52
60
64_68
72
56_60_64_68_72_76
68
72
66
76
66
78
30
78
42
30_78
78
90
90
78
78
42
60
64
56
78
78
66
66
52_56_60_64_68_72
64
68_72
66
66
78
78
42
42_78
52
56
60
78
90
90
78
78
62_66_70_78
74_82
78_82
74
62_70
66
64
60_68_72_76_80
72
76
80
66
66
78
78
78
78_90
90
78
78
66
66
78
78
66
66
66
66
78
78
60_64_68
66
66
64_68
60_66_72_76_80
66
78
78
66
66
66
66
78
78
66
66
66
66
78
78
66
66
66
66
78
78
66
66
66
72
76
78
80
78
66
66
66
78
78
66
66
66
66
78
78
66
66
66
66
60
64
42_68_78
30
78
66
66
66
66
78
78
66
66
66
66
78
78
66
66
66
66
78
78
66
66
66
66
78
78
66
66
66
62
60
67
66
64
62
64
60_67
65
65
60_62
67
64
62
60_67
64
65
60_67
62_65
64
62
67
60_64
65
60_67
62
65
64
62
60_65_67
64
60_62_67
65
64
62
60_65_67
64
60_62_67
65
64
62
65
60_64_67
60
62_67
65
64
62
60_65
67
64
60_67
63_65
66
63
60
67
66_69
62
69
60
64
62
60
65
64
62
65
60_67
64
62
60
67
64_65
62
60_65_67
62_64
60
67
64_65
60_62_67
65
62_64
60
67
65
64
60_67
62
65
64
62
60
64_65_67
60_62_67
65
64
62
60_67
65
64
60_62_67
65
64
62
65_67
60
64
60_63_67
65
66
63
60_67
66_69
62
60_69
62
65_67_69
60
65_67
62_67_69
62
62_67_69_74
67
74
65_67
69
62
60_62_65_69
65
60_65
62
67
69
64_71_74
67
67
74
65_67
71
64
60_62_65_69
65
60_65
67
62_69
74
62_69
67
67_74
65_67
62
69
60_62_65_69
65
65
67
62
69
60
67
64_71_74
74
67
65_67
71
64
65
60_69
62
65
65_69
67_69
62
62_74
67
60
74
67
69
65
67
62
65
59_67
60
64
64
65
60_67
65_72
60_67
59_65
72
64
60_65_67
58_60_67
64
60
63
67
63
60_66_67
66_66_72
60
58
66_67
72
57_63_67
60
63
63
63
60
66_67
60_67_72
66
66_72
60
67
63
57_66
63
58_60_67
63
60
67
63_66
60_67_72
66
66_72
60_67
63
66
63
55_60_67
58
63
60_67
63
66
67_72
60
66
66
72
60
67
63_66
63
58_60_67
55
63
60
67
63_66
66
60_67_72
66
72
60_67
66
63
63
57_60
67
58
63
60_67
63_66
66
60_67_72
66
72
67
60
66
63
57_63
58_60_67
63
60_67
63
66
60_66_72
67
66
72
60_67
63_66
63
55_60_67
58
63
67
60
63
66
60_67_72
66
66
72
60
67
55
63
66
63
58_60_65
60_62
65
58
63
62
63
58_60_65
62
60
63
58_62_65
58
60_65
63
60_62
63_65
58_62
58_60_63_65
60_62
58_62_65
63
63
58_60_65
62
60
65
58_63
62
58_63
60_65
60_62
58_65
63
62
58_60_65
63
62
60
65
58
63
62
58_61_65
63
61_63_64
65
63
58_67
64
58_60_65
67
58
62_65
60
62_63
63
58_60_65
60
62
65
58
63
62
63
58_60_65
60_62
58
65
62
63
58_60_63_65
60_62
58
65
62
63
58_60_65
63
60_62
62
58_65
63
63
60
58_65
62
60
62_65
63
58
58_60_65
63
62
60
62_63
65
58
65
58_61
63
64
61
58_67
64
65
67
58
60_67
63
63
65
60_67
60_67_72
65
72
65
63_65
60
67
63
57_58_60_67
63
63
65
60
67
65_72
62_69
72
65
63_65
69
62
63
58_60_67
57
63
63
65
60
67
60_65_67_72
72
65
65
63
60_67
63
55_60_67
58
63
63_65
60_67
62_65_69_72
72
65
65
63
69
62
63
58_60_67
55
63
63
65
60_67
60_67_72
65
72
65
65
63
60
67
63
57_60_67
58
63
63
65
60
67
65
62_69_72
72
65
65
63
69
62
63
58_60_67
57
63
63
65
67
60
65
67_72
60
72
65
65
63
60
67
63
55_60_67
58
63
63
65
60
67
62_65_69_72
72
65
65
63
69
62
63
58_60_67
55
63
63
65
60
67
62_65_72
69
65_72
63_65
69
57_60_62_63_67
58
63
63_65
60
62_69_72
67
65
65
72
63
65
69
62
58_60_63_67
57
63
63
65
60_62_69_72
65
67
65
72
63_65
69
62
58
55_60_67
63
63
63
65
60
62_69_72
65_67
63_65
72
55
63
65
62
69
24
60_67
60_67
62
72_79
64
62
64
65
72_79
60_62_65_67
64
62
64_65
62_72_79
65
60_67
64
62
64_65
79
72
60_62_67
65
64
62
65
64
60_67
62_72_79
65
64
62
64_65
79
72
60_62_67
65
64
62
64
65
60_67
63_65_72_79
66
63
66
69
60_62_67_79
72
69
64
62
64_65
62_72_79
67
60_65
64
62
64
65
79
72
60_62_67
65
64
62
64_65
60_67
62_72_79
65
64
62
64
65
79
72
60_62_67
65
64
62
64
65
62_72_79
60_67
65
64
62
64_65
60_62_67
65
72_79
64
62
64_65
65
63
72_79
67
60
66
69
66
63
69_72
60_62_67_79
64
62
64
65
62_65_79_86_91
62
64
64_65_91
86
79
62_65_91
79_86
64_91
62
79
86
65_77_84_89
64
62_65
89
77_84
62_64
76_83_88
64
65
76_83
88
65
62_74_81_86
62_64
65
64
86
81
74
62_72_79_84
65
64
62
65
64_84
72_79
62_72_79_84
65
62_79_84
64
72
65
64
62_67_74_79
65
64
24
74_79
67
62
65
64_67
60_62_65_67
60
62_64
64_65
43_50_55_62
65
62_64
65
64
55
43
50
50_55
43_62
65
64
62
43_55
41_50_53
48_65
64
62
65
48
53
40_47_52_64
41
62
64_65
52
47
38_45_50_62
40_65
64
62
64_65
45
36_38_50
43_48_62
65
62_64
65
64
36_43
48
36_43_48_62
65
64
62
65
36_64
31_62
65
48
43
64
62
65
67
60_64
24_60_67
31
65
67
60
62_72_79
62
64
65
64
72_79
60_62_65_67
64
62
64
65
60_65_67
62_72_79
64
62
64_65
79
60_62_67_72
65
64
62
65
64
62
72_79
65
60_67
64
62
65
64
79
72
60_62_67
65
64
62
64_65
65
63_72_79
67
60
66
63
69
66
72
79
60_62_67
69
64
62
65
64
62_65_72_79
67
60
64
62
64
65
60_62_67
65_79
72
64
62
64
65
62_72_79
65_67
60
64
62
64
65
60_62_65_67
79
72
64
62
64_65
62_72_79
65
60_67
64
62
64
65
60_62_67_79
72
65
64
62
64
65
63_65_72_79
66
63
69
66
60
67
72
69_79
60
61_65_67
61
65
62
62
62_79_86_91
62_64
64_65
91
79_86
65
62_79_86_91
62_64
91
79
86
64_65_77_84_89
62_65
89
77_84
64_76_83_88
62
65
64
83_88
76
65
62_74_81_86
64
62
65
64_86
81
74
62_65_79_84
72
64
62
64
65
72_84
79
62_65
72_79_84
84
72_79
64
62
65
64
62_65_74_79
67
24
64
74_79
62
67
65
64
60_62_67
67
65
60
62_64
65
64
43_50_55
62
65
64
62
64_65
55
43
50
43_50_55_62
65
64
62
55
41_43_48_50_53_64
65
62_65
48
53
41
40_47_52
64
62
64
65
52
47
38_40_45_50_65
62
64
62
65
64
45
36_43_48_50_62_65
38
64
62
64_65
36_43
48
48
36_43_62
65
64
62
64_65
43
31_43_62_65
36_48
64
62
65
64
34_46_62
31_43
65
64
62
65
64
62
65
64
62
65
64
46
34_46_58_62
65
64
62
65
64
62_65
64
62
64
65
62
65
64
46_62
64
65
58
43_55_62
65
64
62
64_65
62
65
64
62
65
43_64
55
31_43_62
65
64
62
60
65
64
67
34_46_60_62
31
43
65
64
62
64_65
62
65
64
62
64_65
65
46_46_58_62
34
64
62_65
64
62_65
64
62
65
64
62_65
64
62
65
64
46_58
43_55_62_65
64
62
64_65
62_65
64
62
64_65
43_65
31_43_62
55
64
62
60
65
64
31
30_42
43_60_62
65
64
62
60
66
64
60_62_66
60
64
62
64
66
66
62
60
60
64
62
64
66
66
62_64
62_66
64
66
68
68
64_66
64_68
66
68
70
70
66_68
66
68
70
70
72
72
68_70
70
68
72
72
74
74
70_72
70
72_74
74
76
76
28
40_72_74
30
42
72
74_76
76
78
78
76
74
74
76_78
78
80
80
76_78
76
78_80
80
82
82
78_80
80
78
82
82
84
84
26_38
80_82
28_40
80
82_84
84_86
86
82_84
82
84
86
86
88
88
84_86
84
88
86
88
90
90
86_88
86
90
88
90
92
92
25_37_88_90
26_38
88
90_92
92_94
94
88_90
88
90_92
92
94
94
88_90
88
90
92
92
94
94
88_90
88_90
92
92
94
94
88_90
88
90_92
92
94
94
88_90
88
90
92
94
92
94
88_90
88
90
92
92
94
94
88_90
88
90_92
94
92
94
52_88_90
88_90_92
92_94
54_88_90_94
52
88_90_92
92_94
94
54
58_88_90
88
90_92
92_94
94
88_90
88
90_92
92_94
94
88_90
88_92
90
92_94
94
88_90
88_90_92
92
94
94
62_88_90
58
88_90_92
92_94
94
88_90
88
90_92
92
94
94
62_66_88_90
90_92
88
94
92
66_94
68_88_90
88_90_92
92_94
68_94
64
88_90
88
90_92
94
92
94
88_90
90
88_92
92_94
94
88_90
88
90_92
92
94
94
88_90
88_90_92
92_94
94
88_90
90
88_92
92_94
94
88_90
88
90_92
92_94
90_92_94
90
94
92
94
96
90_92
96
94
92
90
94
96
96
92_94
94
92_96
96
98
92_94_98
96
92_94
64
96_98
24_98
36_92_94
25
37
92_94
96
96
98
98
94
92
94
92
96
96_98
52_92_94_98
94
92_96
96
98
52_98
54_92_94
92
94_96
96_98
98
54_58
92_94
92
94_96
96_98
98
92_94
92_94
96
96
98
98
92_94
92
94
96
96_98
98
92_94
92
94_96
96
98
98
58_62_92_94
92
94_96
96
98
98
92_94
92
94
96
96
98
98
62_66_92_94
92
94
96
96
98
98
66
68_92_94
92_94
96
96
98
98
68
64_70_92_94
92
94_96
96
98
70
98
72_92_94
92
94_96
96
98
98
76_92_94
72
92
94
96
96
98
98
92_94
92
96
94
96_98
98
92_94
92
94
96
96
98
98
92_94
92_94
96
96
98
98
76
92_94
80
92
94_96
96
98
98
92_94
92
94_96
96_98
80
98
84_92_94
92
94_96
96
98
98
84_92_94
86
92
94_96
96_98
98
82_86_92_94
92
94_96
96
98
98
92_94
92
94
96
96
98
98
92_94
92
94
96
96
98
98
92_94
92
94
96
96
98
98
94
92
92_94
96
96_98
98
92_94
92
94
96
96
98
98
82
70_92_94
92
94
96
96
98
98
92_94
92
94
96
96
98
64
98
92_94
92
94
96
96
98
98
92_94
92
94
96
96
98
98
92_94
58
70
92
94_96
96
98
98
92_94
92
94
96
96
98
98
92_94
92
94
96
96
98
98
92_94
92
94_96
96
98
98
46_58_92_94
92
94_96
96
98
36
24_98
92_94
92
94
96
96_98
98
92_94
92
94_96
96
98
98
92_94
92_96
94
96
98
46
24
98
24
